4.7	    0.213	0.053
4.693	0.213	0.055
4.66	0.215	0.053
4.66	0.215	0.053
4.643	0.215	0.052
4.635	0.216	0.05
4.633	0.216	0.054
4.598	0.217	0.048
4.564	0.219	0.049
4.558	0.219	0.051
4.539	0.22	0.05
4.53	0.221	0.049
4.53	0.221	0.049
4.53	0.221	0.049
4.53	0.221	0.049
4.525	0.221	0.058
4.504	0.222	0.043
4.424	0.226	0.042
4.415	0.227	0.049
4.405	0.227	0.043
4.404	0.227	0.045
4.395	0.228	0.047
4.377	0.228	0.057
4.327	0.231	0.043
4.318	0.232	0.042
4.193	0.238	0.041
4.138	0.242	0.041
3.667	0.273	0.052
3.046	0.328	0.062