0.44248712
0.43195385
0.4240469
0.41808772
0.4136335
0.41033912
0.4079218
0.40614069
0.404835
0.40388623
0.4031978
0.40270144
0.40234613
0.4020941
0.40191722
0.40179485
0.40171203
0.40165797
0.40162483
0.4016067
0.4015991
0.40159857
0.40160263
0.40160918
0.40161732
0.40162602
0.40163466
0.4016424
0.40164816
0.40165097
0.40164974
0.40164384
0.40163282
0.40161687
0.40159678
0.4015737
0.40154925
0.4015251
0.40150264
0.40148324
0.40146777
0.40145674
0.40145043
0.40144876
0.40145138
0.40145788
0.40146747
0.4014792
0.401492
0.4015046
0.40151563
0.40152374
0.40152773
0.4015269
0.4015213
0.40151152
0.4014988
0.40148467
0.4014704
0.4014572
0.40144625
0.40143842
0.4014344
0.40143457
0.40143907
0.4014477
0.40146026
0.40147632
0.4014954
0.4015168
0.40153953
0.40156224
0.4015834
0.40160125
0.4016144
0.40162194
0.4016234
0.401619
0.40160972
0.40159678
0.40158185
0.4015666
0.40155226
0.40154004
0.40153047
0.40152413
0.40152085
0.40152046
0.4015226
0.40152687
0.40153292
0.4015404
0.4015489
0.40155798
0.40156704
0.40157562
0.40158346
0.40159068
0.40159747
0.4016039
0.40160996
0.40161505
0.40161857
0.4016197
0.4016179
0.40161276
0.40160456
0.4015938
0.40158144
0.40156853
0.4015561
0.40154475
0.40153515
0.40152764
0.40152198
0.4015181
0.40151542
0.40151358
0.40151232
0.40151143
0.4015105
0.40150928
0.40150738
0.4015046
0.401501
0.40149713
0.40149346
0.40149045
0.40148824
0.40148672
0.40148565
0.40148452
0.40148297
0.40148112
0.40147927
0.40147784
0.4014772
0.40147752
0.4014789
0.40148127
0.40148464
0.40148908
0.40149462
0.40150177
0.40151104
0.40152255
0.40153626
0.40155205
0.40156934
0.40158707
0.4016044
0.40162036
0.4016342
0.4016454
0.40165383
0.40165955
0.4016629
0.40166408
0.40166384
0.40166262
0.40166086
0.4016588
0.40165675
0.40165463
0.40165263
0.40165058
0.4016482
0.4016453
0.40164164
0.40163752
0.4016334
0.40163043
0.40162948
0.40163156
0.40163743
0.4016471
0.40166032
0.4016761
0.40169287
0.40170932
0.40172392
0.40173575
0.40174413
0.40174884
0.40175018
0.40174866
0.40174526
0.40174088
0.40173626
0.4017316
0.40172675
0.4017215
0.40171582
0.40171015
0.40170527
0.40170223
0.40170208
0.40170535
0.4017125
0.4017233
0.40173683
0.4017517
0.40176606
0.40177822
0.40178686
0.40179113
0.4017908
0.40178603
0.4017774
0.4017657
0.40175188
0.40173662
0.40172035
0.40170333
0.40168568
0.40166762
0.40164965
0.40163267
0.4016175
0.40160504
0.40159586
0.40159017
0.40158767
0.40158793
0.40159008
0.40159297
0.4015954
0.40159625
0.40159467
0.40159035
0.4015835
0.4015748
0.40156487
0.40155455
0.4015444
0.4015349
0.40152654
0.40151978
0.4015147
0.40151125
0.40150914
0.40150794
0.40150702
0.40150613
0.40150496
0.4015036
0.40150237
0.4015017
0.40150213
0.40150416
0.4015079
0.40151328
0.40151986
0.4015271
0.40153444
0.4015412
0.40154737
0.40155286
0.40155786
0.40156275
0.4015678
0.4015733
0.40157974
0.40158728
0.40159628
0.40160704
0.40161943
0.40163326
0.40164784
0.40166196
0.4016742
0.4016832
0.4016877
0.40168694
0.40168074
0.4016695
0.4016542
0.40163627
0.40161714
0.4015985
0.4015818
0.40156844
0.4015594
0.40155533
0.40155643
0.4015623
0.40157205
0.40158463
0.4015986
0.40161246
0.40162504
0.4016358
0.40164435
0.40165085
0.4016558
0.40165967
0.4016629
0.40166593
0.40166903
0.40167215
0.40167484
0.40167665
0.40167686
0.40167525
0.40167168
0.40166664
0.40166074
0.40165478
0.4016493
0.4016447
0.40164137
0.4016396
0.40163967
0.40164185
0.40164584
0.40165117
0.40165716
0.4016629
0.40166777
0.4016715
0.4016743
0.40167686
0.40167987
0.40168387
0.4016891
0.40169555
0.4017028
0.40171033
0.40171775
0.40172434
0.40172938
0.40173212
0.40173197
0.40172896
0.4017233
0.4017157
0.40170708
0.40169838
0.40169036
0.40168366
0.4016785
0.40167472
0.40167168
0.40166852
0.4016642
0.40165782
0.40164894
0.4016376
0.40162444
0.40161026
0.4015959
0.40158212
0.4015696
0.40155873
0.40154994
0.40154353
0.40153974
0.40153906
0.40154162
0.4015476
0.4015571
0.40157008
0.40158647
0.4016062
0.40162882
0.40165356
0.40167946
0.40170515
0.4017292
0.40175024
0.40176725
0.40177965
0.40178722
0.40179002
0.4017884
0.4017831
0.40177506
0.40176547
0.40175554
0.4017465
0.40173915
0.4017337
0.40173006
0.4017276
0.40172547
0.40172234
0.40171686
0.40170804
0.40169522
0.4016785
0.40165854
0.40163627
0.40161285
0.40158954
0.40156737
0.4015475
0.40153062
0.40151763
0.40150902
0.4015052
0.40150642
0.4015129
0.40152448
0.40154085
0.40156123
0.40158445
0.40160927
0.4016341
0.40165755
0.40167847
0.4016963
0.4017112
0.40172356
0.40173423
0.40174374
0.4017523
0.40175983
0.40176618
0.401771
0.401774
0.40177512
0.40177467
0.40177307
0.4017712
0.40176964
0.4017694
0.4017707
0.40177324
0.4017761
0.40177834
0.4017788
0.4017768
0.4017722
0.4017652
0.4017565
0.40174696
0.40173757
0.40172902
0.40172195
0.4017165
0.40171266
0.40171042
0.40170962
0.40171006
0.40171173
0.4017146
0.40171862
0.4017237
0.4017296
0.4017356
0.40174082
0.40174454
0.40174618
0.40174565
0.40174323
0.40173948
0.4017351
0.40173066
0.40172642
0.4017227
0.40171954
0.40171722
0.401716
0.40171605
0.40171725
0.4017195
0.40172216
0.40172443
0.4017251
0.4017233
0.40171805
0.4017088
0.40169552
0.4016785
0.40165868
0.40163732
0.40161645
0.40159813
0.4015849
0.4015794
0.4015845
0.4016036
0.40164125
0.40170336
0.40179798
0.401936
0.40213376
0.40241265
0.40280172
0.4033422
0.40409094
0.40512523
0.40655026
0.40850687
0.41121548
0.41489843
0.4198649
0.426589
0.43571198
0.4478467
