0.44255975
0.43204987
0.4241643
0.41822457
0.41378707
0.4105064
0.40809822
0.40632278
0.40502003
0.40407214
0.40338343
0.40288615
0.40252942
0.40227506
0.40209427
0.40196547
0.4018731
0.4018061
0.4017567
0.40172002
0.40169305
0.40167397
0.4016617
0.4016552
0.40165362
0.4016557
0.40166014
0.40166542
0.40166995
0.40167248
0.4016721
0.40166834
0.40166134
0.4016516
0.40164
0.4016277
0.40161574
0.40160507
0.40159622
0.40158916
0.40158343
0.40157828
0.40157294
0.40156692
0.4015602
0.4015531
0.4015462
0.4015402
0.4015355
0.40153235
0.4015308
0.4015309
0.40153253
0.40153608
0.40154177
0.40154982
0.4015602
0.40157261
0.4015864
0.4016008
0.40161487
0.4016274
0.40163717
0.40164334
0.40164518
0.40164274
0.40163645
0.40162712
0.40161586
0.40160376
0.40159193
0.40158123
0.4015725
0.40156645
0.40156358
0.4015644
0.4015689
0.40157732
0.40158954
0.40160525
0.40162387
0.40164462
0.40166664
0.40168872
0.40170977
0.40172833
0.40174347
0.40175444
0.40176105
0.4017636
0.40176275
0.40175948
0.40175515
0.40175092
0.40174773
0.40174603
0.40174592
0.40174696
0.40174818
0.40174833
0.4017459
0.4017399
0.40172943
0.4017144
0.40169513
0.40167224
0.40164706
0.40162092
0.40159553
0.40157247
0.4015528
0.40153757
0.40152708
0.40152133
0.40151963
0.40152103
0.40152448
0.40152916
0.4015342
0.4015396
0.40154573
0.40155324
0.40156317
0.40157616
0.40159312
0.4016144
0.40163988
0.40166903
0.40170076
0.40173373
0.40176624
0.40179652
0.40182322
0.40184498
0.4018607
0.40186974
0.4018715
0.40186596
0.40185332
0.40183422
0.4018097
0.40178105
0.40174967
0.40171725
0.4016855
0.4016559
0.4016295
0.40160695
0.40158868
0.40157416
0.401563
0.40155426
0.40154698
0.40154073
0.40153527
0.4015309
0.40152827
0.40152824
0.40153182
0.40153942
0.40155146
0.4015678
0.4015879
0.40161088
0.40163553
0.40166032
0.40168372
0.40170413
0.40172023
0.40173098
0.4017354
0.40173277
0.401723
0.4017064
0.40168396
0.40165716
0.4016279
0.40159836
0.40157026
0.4015454
0.40152475
0.40150905
0.40149862
0.40149358
0.4014936
0.40149832
0.40150696
0.40151876
0.40153295
0.40154874
0.40156558
0.40158293
0.4016002
0.4016165
0.40163103
0.40164262
0.40165007
0.40165225
0.40164855
0.40163887
0.40162396
0.40160483
0.40158305
0.40156028
0.40153787
0.40151706
0.40149868
0.40148327
0.4014711
0.40146223
0.40145645
0.40145352
0.40145314
0.40145478
0.40145823
0.40146288
0.40146843
0.40147457
0.40148094
0.40148735
0.4014939
0.401501
0.4015089
0.4015181
0.4015287
0.40154064
0.40155363
0.40156755
0.40158194
0.4015963
0.40161017
0.40162334
0.40163592
0.40164843
0.4016611
0.40167412
0.40168715
0.40169948
0.40171006
0.40171784
0.40172213
0.40172246
0.401719
0.40171215
0.40170255
0.40169147
0.40167996
0.40166903
0.4016594
0.4016514
0.40164512
0.40164044
0.40163723
0.40163574
0.40163648
0.40164024
0.40164763
0.40165913
0.40167475
0.4016943
0.40171683
0.4017412
0.40176588
0.40178925
0.40180966
0.40182573
0.40183634
0.4018408
0.40183857
0.4018297
0.4018145
0.40179345
0.4017676
0.40173823
0.40170684
0.40167516
0.40164503
0.40161777
0.40159443
0.40157565
0.40156162
0.40155223
0.40154704
0.40154558
0.40154722
0.40155104
0.40155652
0.40156272
0.40156934
0.40157583
0.40158218
0.40158826
0.4015939
0.40159866
0.4016022
0.401604
0.40160382
0.40160164
0.40159792
0.40159297
0.40158722
0.4015808
0.4015737
0.40156588
0.40155718
0.40154764
0.40153736
0.40152645
0.40151507
0.40150347
0.401492
0.40148094
0.4014706
0.40146136
0.4014533
0.40144655
0.40144125
0.40143746
0.4014353
0.4014349
0.40143627
0.40143925
0.40144384
0.40144977
0.40145692
0.40146503
0.4014741
0.40148383
0.4014941
0.40150476
0.40151578
0.40152708
0.40153852
0.40155008
0.40156174
0.40157342
0.4015847
0.4015951
0.40160373
0.4016097
0.40161234
0.40161148
0.4016073
0.40160024
0.40159118
0.40158102
0.4015704
0.40156013
0.4015507
0.4015428
0.40153715
0.40153417
0.4015345
0.4015384
0.401546
0.4015571
0.40157107
0.40158707
0.40160415
0.4016208
0.40163565
0.4016471
0.40165403
0.40165582
0.40165263
0.4016453
0.4016353
0.40162426
0.40161404
0.4016061
0.40160158
0.40160114
0.401605
0.4016131
0.40162483
0.40163943
0.40165576
0.4016727
0.40168875
0.40170282
0.40171376
0.401721
0.40172443
0.40172425
0.40172127
0.4017164
0.40171096
0.4017062
0.40170377
0.4017047
0.40170977
0.40171924
0.40173268
0.40174907
0.40176702
0.40178514
0.401802
0.40181664
0.40182832
0.40183648
0.4018409
0.4018413
0.4018377
0.40183023
0.4018191
0.40180477
0.40178803
0.40176955
0.40175027
0.40173146
0.40171424
0.40169984
0.40168917
0.4016826
0.40168005
0.4016812
0.40168542
0.40169132
0.40169764
0.40170288
0.40170604
0.4017064
0.4017037
0.4016982
0.40169054
0.40168124
0.40167058
0.40165886
0.40164608
0.40163246
0.40161797
0.40160295
0.40158796
0.4015737
0.40156126
0.40155163
0.4015454
0.40154296
0.4015442
0.40154877
0.40155575
0.40156403
0.40157276
0.40158126
0.4015894
0.40159726
0.40160564
0.40161532
0.4016271
0.4016414
0.4016586
0.4016783
0.40169975
0.40172175
0.40174285
0.40176165
0.40177697
0.40178776
0.4017935
0.40179384
0.40178874
0.40177843
0.40176335
0.4017441
0.40172157
0.40169668
0.40167072
0.40164497
0.4016208
0.40159953
0.40158185
0.40156823
0.40155882
0.4015533
0.40155146
0.40155312
0.40155804
0.40156606
0.40157664
0.40158904
0.40160218
0.40161508
0.40162706
0.4016378
0.40164766
0.40165716
0.4016669
0.40167734
0.40168858
0.40170026
0.40171188
0.40172252
0.40173152
0.401738
0.4017417
0.40174225
0.40173978
0.40173456
0.40172732
0.40171885
0.40171024
0.40170258
0.40169686
0.40169343
0.40169227
0.40169287
0.40169424
0.40169495
0.40169394
0.4016904
0.40168396
0.40167475
0.40166372
0.40165222
0.4016417
0.4016336
0.40162867
0.40162754
0.40163028
0.40163666
0.40164617
0.40165797
0.40167126
0.4016852
0.4016994
0.40171382
0.40172896
0.40174523
0.40176308
0.40178227
0.40180215
0.40182152
0.401839
0.40185335
0.40186366
0.40186918
0.40186962
0.40186492
0.40185547
0.40184173
0.40182483
0.40180594
0.40178645
0.40176803
0.4017521
0.40174028
0.40173426
0.40173647
0.40175
0.40177944
0.40183088
0.4019127
0.4020364
0.40221766
0.40248024
0.40285245
0.40337574
0.40410724
0.40512466
0.4065337
0.40847585
0.41117236
0.41484722
0.4198103
0.42653546
0.43566537
0.4478113
