0.44257337
0.4320687
0.42418882
0.41825643
0.41382843
0.4105606
0.40816742
0.406408
0.40512076
0.40418547
0.40350524
0.4030118
0.40265486
0.40239757
0.4022131
0.40208223
0.40199116
0.40192986
0.4018907
0.40186766
0.4018559
0.40185162
0.40185162
0.40185344
0.40185523
0.40185574
0.4018541
0.40185016
0.4018441
0.40183654
0.4018282
0.40181988
0.40181214
0.4018053
0.40179935
0.40179417
0.40178967
0.40178585
0.40178296
0.40178108
0.40177992
0.4017788
0.40177646
0.40177187
0.4017641
0.4017529
0.40173823
0.40172055
0.40170062
0.40167922
0.4016572
0.40163553
0.40161502
0.4015966
0.4015813
0.4015698
0.40156275
0.40156
0.4015612
0.4015659
0.40157312
0.40158197
0.40159136
0.4016003
0.4016079
0.40161347
0.40161693
0.4016185
0.40161878
0.40161827
0.40161744
0.4016166
0.40161607
0.401616
0.40161648
0.4016174
0.40161857
0.4016196
0.40162003
0.40161923
0.40161678
0.40161246
0.40160647
0.40159938
0.40159187
0.40158442
0.40157738
0.4015707
0.4015641
0.40155712
0.4015491
0.40153974
0.4015292
0.40151775
0.40150604
0.40149468
0.40148434
0.40147552
0.4014685
0.4014632
0.40145966
0.4014577
0.40145737
0.40145868
0.40146172
0.40146637
0.40147263
0.4014805
0.40148997
0.4015015
0.4015155
0.40153217
0.4015513
0.40157256
0.4015951
0.4016184
0.4016416
0.40166426
0.40168545
0.40170428
0.40171954
0.40173024
0.4017356
0.40173522
0.40172932
0.40171856
0.401704
0.40168738
0.40167028
0.40165463
0.40164188
0.40163308
0.40162882
0.4016289
0.40163252
0.4016384
0.4016447
0.40164983
0.40165228
0.4016512
0.4016463
0.40163785
0.40162668
0.40161386
0.40160075
0.40158838
0.40157768
0.40156922
0.4015633
0.40155986
0.40155873
0.40155974
0.40156248
0.4015665
0.4015714
0.4015767
0.4015823
0.4015881
0.40159428
0.40160093
0.40160817
0.40161613
0.40162444
0.4016328
0.40164042
0.4016464
0.40165004
0.40165105
0.40164962
0.40164617
0.40164143
0.40163618
0.4016308
0.40162542
0.40161997
0.40161404
0.4016069
0.40159783
0.4015863
0.40157238
0.40155658
0.40153986
0.40152338
0.4015088
0.40149736
0.40149033
0.40148887
0.4014936
0.401505
0.40152323
0.40154827
0.40157998
0.40161824
0.40166324
0.4017159
0.40177828
0.40185478
0.4019526
0.40208277
0.4022618
0.40251428
0.40287077
0.40337473
0.40408525
0.40508193
0.4064723
0.40839934
0.41108534
0.41475555
0.4197198
0.4264516
0.4355948
0.44775847
