0.44250602
0.43197888
0.42407757
0.4181235
0.4136734
0.41038206
0.4079662
0.40618515
0.4048782
0.40392715
0.40323558
0.40273547
0.40237612
0.40211976
0.4019386
0.40181196
0.40172493
0.40166643
0.40162838
0.4016049
0.40159187
0.4015862
0.40158558
0.4015881
0.40159228
0.401597
0.40160152
0.40160567
0.40160987
0.4016148
0.40162107
0.4016295
0.40164036
0.40165365
0.40166888
0.40168518
0.40170148
0.40171638
0.40172878
0.40173775
0.40174264
0.40174314
0.40173927
0.40173128
0.4017198
0.40170556
0.40168917
0.401671
0.40165114
0.40162998
0.40160793
0.4015858
0.4015644
0.4015448
0.40152797
0.40151474
0.40150568
0.4015012
0.40150133
0.40150583
0.40151432
0.4015263
0.4015411
0.40155822
0.40157703
0.4015966
0.40161628
0.40163505
0.40165192
0.40166578
0.40167594
0.40168166
0.40168282
0.4016791
0.40167093
0.40165868
0.40164334
0.40162587
0.40160748
0.4015894
0.40157247
0.4015577
0.401546
0.40153804
0.40153417
0.40153483
0.40153986
0.40154904
0.40156162
0.40157658
0.40159252
0.40160817
0.4016221
0.4016335
0.401642
0.40164763
0.40165055
0.401651
0.40164915
0.40164563
0.40164125
0.40163702
0.40163416
0.40163356
0.4016358
0.40164092
0.4016486
0.40165836
0.40166932
0.40168062
0.4016913
0.40170038
0.40170717
0.40171137
0.4017129
0.40171203
0.4017095
0.40170616
0.401703
0.40170094
0.40170062
0.40170255
0.40170762
0.40171716
0.40173352
0.40176016
0.40180174
0.4018644
0.40195665
0.40208986
0.40227994
0.40255046
0.40293005
0.40346044
0.40419862
0.4052221
0.40663618
0.4085818
0.4112791
0.41495147
0.4199081
0.4266222
0.4357368
0.44786423
