0.44253692
0.43202186
0.42413378
0.41819444
0.41375995
0.41048476
0.40808374
0.40631607
0.40502056
0.40407822
0.40339223
0.4028945
0.40253413
0.40227306
0.40208372
0.40194568
0.40184453
0.40176988
0.40171418
0.40167186
0.40163893
0.4016126
0.40159136
0.40157452
0.4015617
0.40155306
0.40154856
0.40154815
0.40155163
0.4015585
0.4015679
0.4015788
0.4015897
0.40159914
0.40160584
0.40160877
0.4016075
0.401602
0.4015928
0.40158075
0.401567
0.40155292
0.40153974
0.40152848
0.40151983
0.40151444
0.40151277
0.40151525
0.4015221
0.4015332
0.40154815
0.40156633
0.4015865
0.401607
0.40162617
0.40164223
0.4016536
0.40165907
0.40165836
0.40165153
0.40163943
0.40162316
0.40160444
0.40158486
0.40156606
0.4015494
0.40153593
0.4015266
0.40152165
0.40152138
0.40152547
0.40153337
0.40154433
0.40155753
0.40157232
0.40158802
0.4016043
0.40162116
0.40163872
0.40165716
0.4016764
0.40169612
0.4017157
0.4017342
0.4017507
0.4017647
0.40177557
0.4017831
0.4017871
0.4017876
0.40178466
0.4017788
0.4017707
0.40176138
0.401752
0.40174353
0.4017369
0.40173244
0.4017303
0.40173027
0.40173185
0.40173465
0.40173844
0.40174294
0.4017481
0.401754
0.40176058
0.40176776
0.40177518
0.40178245
0.40178937
0.40179577
0.40180188
0.40180805
0.40181437
0.40182066
0.40182665
0.40183172
0.40183526
0.40183672
0.4018356
0.40183154
0.4018243
0.40181378
0.40180013
0.40178373
0.40176535
0.4017459
0.4017264
0.40170795
0.40169138
0.4016769
0.40166426
0.4016526
0.40164086
0.4016282
0.40161404
0.40159842
0.40158188
0.40156522
0.40154943
0.40153515
0.4015228
0.40151262
0.40150452
0.40149817
0.40149352
0.40149033
0.40148863
0.4014886
0.40149066
0.40149522
0.40150255
0.4015127
0.4015255
0.4015403
0.40155628
0.40157226
0.40158707
0.4015999
0.4016106
0.40161943
0.40162703
0.4016343
0.40164194
0.4016506
0.40166038
0.4016709
0.4016814
0.4016908
0.40169817
0.40170297
0.4017052
0.4017056
0.40170515
0.40170488
0.40170565
0.40170777
0.4017111
0.40171504
0.40171894
0.4017221
0.40172407
0.40172467
0.4017239
0.40172204
0.40171957
0.4017169
0.40171406
0.40171105
0.4017078
0.40170413
0.40170044
0.40169722
0.4016953
0.40169546
0.40169832
0.40170386
0.40171197
0.40172178
0.40173227
0.40174234
0.40175104
0.40175793
0.40176284
0.40176588
0.4017676
0.40176865
0.40177
0.4017724
0.40177652
0.40178236
0.40178958
0.40179712
0.40180385
0.40180865
0.40181047
0.40180865
0.40180284
0.4017929
0.40177938
0.40176332
0.40174627
0.40172976
0.40171587
0.40170616
0.40170172
0.4017033
0.40171096
0.40172443
0.4017428
0.4017647
0.40178892
0.40181404
0.40183893
0.40186265
0.40188465
0.4019045
0.401922
0.40193713
0.40194988
0.40196043
0.4019689
0.40197542
0.4019801
0.40198287
0.40198374
0.40198252
0.40197948
0.40197444
0.40196753
0.40195885
0.40194815
0.40193537
0.40192023
0.40190256
0.40188226
0.40185928
0.40183395
0.40180674
0.40177846
0.40175
0.40172255
0.40169686
0.40167373
0.40165374
0.4016373
0.4016243
0.40161452
0.40160748
0.40160277
0.4015999
0.40159854
0.4015984
0.4015992
0.40160105
0.40160438
0.40160963
0.40161714
0.40162694
0.4016388
0.4016523
0.4016666
0.40168086
0.4016941
0.40170565
0.4017152
0.40172276
0.40172848
0.4017326
0.40173528
0.4017362
0.40173504
0.40173146
0.40172544
0.4017171
0.4017068
0.40169504
0.40168256
0.4016698
0.40165746
0.40164623
0.40163693
0.40163025
0.40162683
0.40162674
0.40162998
0.40163642
0.4016457
0.40165725
0.40167028
0.4016842
0.40169805
0.40171108
0.4017222
0.40173033
0.40173438
0.40173352
0.40172726
0.40171564
0.40169922
0.4016791
0.4016567
0.4016335
0.40161085
0.40158987
0.40157133
0.40155587
0.40154395
0.4015357
0.40153107
0.4015298
0.4015311
0.4015343
0.40153864
0.40154344
0.40154862
0.40155464
0.40156218
0.401572
0.40158468
0.4016007
0.40161958
0.40164065
0.4016623
0.40168285
0.40170065
0.40171453
0.40172365
0.4017279
0.40172774
0.40172365
0.40171656
0.4017069
0.4016952
0.40168157
0.4016663
0.40164998
0.40163344
0.40161762
0.40160364
0.4015925
0.40158483
0.40158084
0.40158048
0.4015835
0.40158916
0.40159672
0.401605
0.4016126
0.40161848
0.4016218
0.40162215
0.4016199
0.40161562
0.40161046
0.4016057
0.40160254
0.4016019
0.40160456
0.40161076
0.40162024
0.40163243
0.40164623
0.40166044
0.40167397
0.40168616
0.40169677
0.40170595
0.4017141
0.40172175
0.40172893
0.40173563
0.40174192
0.40174785
0.40175316
0.40175763
0.4017606
0.4017614
0.40175924
0.40175363
0.40174434
0.40173158
0.40171605
0.4016988
0.4016814
0.4016654
0.40165228
0.40164334
0.40163943
0.40164065
0.40164694
0.4016576
0.4016716
0.40168747
0.4017035
0.40171802
0.40172943
0.4017368
0.40173945
0.4017373
0.40173048
0.4017198
0.4017063
0.40169132
0.40167654
0.40166333
0.4016528
0.4016457
0.40164194
0.40164104
0.40164205
0.4016435
0.40164387
0.40164182
0.40163666
0.40162838
0.40161765
0.40160587
0.4015947
0.40158564
0.40158
0.4015785
0.40158117
0.40158778
0.4015974
0.40160894
0.4016208
0.40163147
0.4016396
0.40164444
0.40164554
0.40164307
0.40163782
0.40163076
0.4016232
0.40161633
0.40161133
0.40160885
0.40160918
0.40161207
0.40161684
0.40162244
0.40162772
0.40163216
0.40163532
0.40163735
0.40163884
0.40164033
0.4016423
0.40164497
0.40164834
0.40165228
0.4016564
0.40166008
0.40166262
0.40166318
0.40166122
0.40165642
0.4016486
0.40163824
0.401626
0.40161258
0.40159878
0.40158555
0.40157372
0.4015641
0.40155718
0.40155312
0.40155172
0.40155235
0.40155426
0.4015566
0.40155876
0.40156
0.40156022
0.40155947
0.4015585
0.40155795
0.4015586
0.4015611
0.401566
0.40157396
0.40158528
0.40159997
0.40161777
0.40163794
0.4016593
0.40168044
0.40169957
0.4017151
0.40172583
0.40173087
0.4017298
0.40172255
0.40170965
0.40169168
0.40166962
0.4016448
0.40161866
0.40159264
0.40156803
0.40154564
0.40152618
0.40150988
0.40149686
0.40148702
0.4014804
0.40147698
0.40147653
0.40147868
0.4014828
0.4014883
0.40149444
0.40150085
0.40150732
0.40151384
0.4015203
0.40152663
0.4015327
0.4015385
0.40154433
0.40155056
0.4015578
0.40156648
0.40157676
0.40158898
0.40160295
0.40161812
0.40163362
0.40164813
0.40166017
0.40166858
0.40167275
0.40167236
0.40166792
0.4016604
0.40165094
0.40164077
0.4016312
0.401623
0.4016169
0.40161303
0.40161115
0.40161097
0.40161192
0.40161374
0.40161628
0.40161943
0.4016229
0.40162608
0.40162814
0.40162814
0.40162542
0.40161967
0.40161088
0.4015994
0.40158576
0.40157035
0.40155387
0.40153715
0.4015212
0.4015069
0.40149486
0.40148562
0.40147963
0.40147686
0.40147698
0.40147945
0.40148357
0.40148863
0.40149382
0.40149868
0.40150312
0.40150735
0.40151185
0.40151688
0.4015227
0.40152928
0.4015366
0.4015445
0.401553
0.401562
0.4015716
0.40158194
0.40159306
0.40160477
0.40161654
0.4016276
0.4016372
0.4016447
0.40165007
0.40165392
0.40165696
0.40166003
0.40166357
0.4016674
0.40167096
0.40167326
0.40167347
0.4016709
0.40166527
0.40165678
0.401646
0.40163392
0.4016217
0.40161043
0.40160105
0.40159422
0.40159047
0.40158978
0.40159187
0.4015962
0.4016019
0.4016083
0.4016146
0.40162063
0.4016266
0.40163288
0.4016399
0.401648
0.4016571
0.40166682
0.40167665
0.40168568
0.40169337
0.4016994
0.40170413
0.40170813
0.40171236
0.40171784
0.40172538
0.40173542
0.40174788
0.40176207
0.4017771
0.4017917
0.4018045
0.4018145
0.4018205
0.40182185
0.40181825
0.40180957
0.40179607
0.40177852
0.40175745
0.40173393
0.40170896
0.40168342
0.40165842
0.4016348
0.40161338
0.40159458
0.4015788
0.40156633
0.40155706
0.4015507
0.4015465
0.40154362
0.40154117
0.40153813
0.4015343
0.4015297
0.40152493
0.40152064
0.40151757
0.40151638
0.40151715
0.40151998
0.40152448
0.40153047
0.40153754
0.4015454
0.40155363
0.40156144
0.401568
0.40157235
0.4015739
0.4015725
0.40156832
0.40156215
0.40155476
0.40154704
0.4015398
0.4015333
0.40152782
0.40152317
0.40151912
0.4015155
0.4015119
0.4015081
0.40150374
0.40149868
0.40149245
0.40148512
0.40147686
0.40146822
0.40145987
0.40145266
0.40144685
0.4014427
0.40144008
0.40143874
0.4014386
0.40143946
0.40144154
0.40144497
0.40144992
0.40145597
0.40146282
0.40146974
0.40147614
0.40148154
0.4014858
0.4014893
0.40149245
0.40149575
0.40149936
0.40150356
0.40150824
0.40151373
0.40151992
0.40152696
0.4015348
0.40154353
0.40155354
0.40156522
0.4015796
0.4015974
0.40161926
0.40164518
0.40167496
0.40170768
0.4017421
0.40177676
0.40181017
0.40184096
0.40186808
0.40189078
0.4019088
0.401922
0.40193054
0.40193447
0.40193403
0.40192905
0.40191966
0.4019056
0.4018868
0.4018631
0.40183476
0.40180218
0.40176615
0.40172794
0.40168908
0.4016511
0.4016157
0.40158406
0.40155694
0.40153474
0.40151727
0.401504
0.40149418
0.40148732
0.4014829
0.40148053
0.40148
0.40148115
0.4014842
0.4014896
0.4014981
0.40151033
0.4015266
0.40154678
0.40157014
0.40159556
0.40162134
0.40164545
0.4016662
0.40168202
0.40169215
0.4016966
0.4016961
0.40169197
0.401686
0.40168017
0.40167612
0.40167502
0.4016774
0.40168303
0.40169087
0.40169957
0.40170774
0.4017141
0.40171787
0.40171877
0.4017171
0.40171352
0.40170914
0.40170506
0.4017024
0.40170172
0.40170348
0.40170744
0.4017128
0.4017184
0.40172282
0.40172473
0.40172297
0.40171683
0.40170598
0.40169078
0.40167165
0.4016497
0.401626
0.40160167
0.40157768
0.40155488
0.40153378
0.40151465
0.4014977
0.40148282
0.40146998
0.40145898
0.40144977
0.401442
0.40143523
0.40142915
0.4014233
0.40141755
0.4014118
0.40140626
0.4014015
0.40139794
0.40139613
0.40139657
0.40139943
0.40140498
0.4014133
0.40142417
0.40143734
0.4014523
0.4014681
0.40148374
0.40149802
0.40150976
0.40151823
0.4015231
0.40152457
0.40152353
0.40152124
0.40151894
0.4015178
0.4015185
0.40152144
0.40152636
0.40153277
0.4015399
0.40154666
0.40155193
0.40155488
0.40155482
0.40155172
0.4015461
0.4015384
0.4015296
0.4015206
0.4015123
0.40150553
0.40150094
0.40149894
0.40149957
0.40150288
0.4015085
0.40151632
0.40152577
0.40153626
0.40154704
0.4015573
0.40156618
0.4015728
0.40157685
0.40157837
0.40157762
0.40157503
0.40157133
0.40156683
0.40156177
0.40155634
0.40155098
0.401546
0.40154198
0.40153936
0.4015385
0.40153968
0.40154302
0.4015487
0.4015568
0.40156713
0.40157938
0.4015928
0.4016068
0.40162048
0.40163267
0.40164247
0.40164888
0.40165126
0.40164977
0.4016448
0.4016371
0.4016276
0.40161705
0.40160614
0.40159544
0.40158528
0.40157565
0.4015662
0.40155658
0.40154657
0.4015362
0.40152588
0.4015163
0.401508
0.40150163
0.40149745
0.40149552
0.4014957
0.40149775
0.40150118
0.4015055
0.4015101
0.40151447
0.40151802
0.40152034
0.4015213
0.40152073
0.40151876
0.40151533
0.40151048
0.40150428
0.40149668
0.40148777
0.40147755
0.4014665
0.401455
0.40144375
0.40143326
0.40142405
0.4014164
0.40141064
0.40140682
0.4014048
0.4014045
0.40140578
0.40140823
0.40141177
0.4014159
0.40142062
0.4014259
0.40143225
0.4014402
0.40145054
0.40146378
0.40148032
0.4015003
0.40152374
0.40155017
0.401579
0.40160918
0.4016393
0.4016679
0.4016934
0.4017146
0.40173048
0.4017403
0.40174398
0.40174153
0.4017335
0.40172085
0.4017049
0.4016872
0.40166974
0.40165418
0.4016419
0.4016342
0.40163162
0.40163445
0.40164262
0.40165552
0.40167227
0.40169168
0.40171206
0.40173164
0.4017488
0.40176216
0.40177083
0.4017745
0.40177304
0.40176713
0.40175778
0.40174636
0.40173423
0.40172264
0.40171257
0.40170446
0.40169808
0.40169293
0.40168798
0.40168235
0.40167537
0.40166658
0.40165606
0.40164426
0.40163195
0.40162003
0.40160903
0.40159956
0.40159184
0.4015858
0.40158126
0.40157795
0.40157554
0.40157393
0.4015729
0.40157247
0.40157223
0.40157172
0.4015704
0.40156758
0.4015627
0.40155542
0.40154606
0.40153533
0.4015244
0.40151435
0.4015063
0.4015009
0.40149876
0.40150025
0.4015051
0.4015133
0.40152466
0.40153912
0.4015566
0.40157694
0.40159962
0.401624
0.4016493
0.40167442
0.40169805
0.40171862
0.40173483
0.40174535
0.40174952
0.4017469
0.40173766
0.4017223
0.4017022
0.40167898
0.40165454
0.40163085
0.40160924
0.4015909
0.40157634
0.40156585
0.40155923
0.4015566
0.40155777
0.40156302
0.40157205
0.40158477
0.40160075
0.4016191
0.40163884
0.4016588
0.40167773
0.40169457
0.4017084
0.40171865
0.40172493
0.40172714
0.40172553
0.4017205
0.40171304
0.401704
0.40169457
0.40168506
0.40167564
0.40166605
0.4016557
0.40164447
0.40163225
0.40161988
0.4016081
0.40159824
0.40159148
0.40158874
0.4015906
0.40159684
0.4016068
0.40161917
0.40163213
0.4016438
0.40165266
0.40165773
0.40165862
0.40165564
0.40164965
0.40164155
0.401632
0.40162167
0.40161088
0.4015998
0.4015886
0.4015775
0.40156695
0.40155733
0.40154892
0.40154213
0.401537
0.40153372
0.4015326
0.40153363
0.401537
0.4015426
0.40155035
0.40156
0.40157145
0.40158442
0.40159863
0.40161356
0.40162832
0.4016419
0.40165305
0.40166065
0.401664
0.4016628
0.40165728
0.40164828
0.401637
0.4016249
0.40161332
0.40160352
0.40159622
0.4015919
0.4015905
0.40159175
0.40159503
0.4015998
0.40160528
0.40161097
0.4016162
0.40162072
0.40162456
0.40162826
0.4016325
0.40163848
0.4016469
0.40165845
0.40167284
0.4016894
0.40170676
0.40172324
0.40173724
0.4017476
0.4017536
0.401755
0.40175226
0.4017461
0.40173763
0.40172806
0.4017188
0.40171096
0.4017055
0.40170252
0.401702
0.4017033
0.40170565
0.40170836
0.40171126
0.40171444
0.40171856
0.40172416
0.40173188
0.4017416
0.40175283
0.4017647
0.40177587
0.40178517
0.40179157
0.40179428
0.40179273
0.40178686
0.40177703
0.40176404
0.40174904
0.4017333
0.401718
0.401704
0.401692
0.401682
0.40167382
0.40166682
0.40166047
0.40165427
0.401648
0.40164185
0.40163606
0.4016313
0.40162826
0.40162745
0.401629
0.40163267
0.40163788
0.4016443
0.40165153
0.40165928
0.40166706
0.40167397
0.40167898
0.4016809
0.4016791
0.4016732
0.40166366
0.40165117
0.40163702
0.40162244
0.4016086
0.40159658
0.40158704
0.40158015
0.4015758
0.40157342
0.40157264
0.40157306
0.40157434
0.40157634
0.40157872
0.40158108
0.40158308
0.40158436
0.40158492
0.4015852
0.40158603
0.40158826
0.40159255
0.4015996
0.40160918
0.40162113
0.4016345
0.40164828
0.4016612
0.40167174
0.40167883
0.40168133
0.40167877
0.401671
0.4016583
0.40164137
0.4016212
0.4015987
0.40157518
0.4015518
0.4015298
0.40151033
0.4014941
0.40148175
0.40147352
0.4014695
0.4014695
0.40147346
0.40148112
0.4014923
0.4015068
0.40152422
0.40154406
0.40156546
0.40158772
0.4016101
0.40163183
0.40165225
0.401671
0.40168795
0.4017036
0.40171874
0.40173408
0.40175003
0.40176678
0.40178406
0.40180114
0.401817
0.40183055
0.40184113
0.4018482
0.4018517
0.40185207
0.40184993
0.40184605
0.4018413
0.4018366
0.4018327
0.4018298
0.4018278
0.40182585
0.40182295
0.40181813
0.4018106
0.40179992
0.4017861
0.4017695
0.4017509
0.40173134
0.4017122
0.40169448
0.4016788
0.4016656
0.40165493
0.40164644
0.4016394
0.4016331
0.40162647
0.4016187
0.40160936
0.40159836
0.40158617
0.40157342
0.4015606
0.40154842
0.4015372
0.40152705
0.401518
0.4015095
0.40150118
0.4014927
0.40148398
0.4014754
0.4014675
0.4014611
0.4014568
0.4014552
0.40145656
0.40146095
0.40146822
0.40147796
0.40148965
0.40150273
0.4015167
0.40153098
0.40154535
0.40155974
0.40157396
0.4015877
0.4016004
0.40161172
0.40162122
0.40162864
0.40163383
0.4016365
0.4016367
0.4016342
0.40162942
0.40162274
0.40161508
0.4016071
0.40159956
0.40159306
0.40158847
0.40158683
0.4015893
0.4015975
0.40161303
0.40163788
0.40167493
0.40172762
0.40180132
0.40190342
0.40204486
0.4022419
0.40251666
0.40289846
0.4034287
0.4041649
0.4051845
0.40659332
0.40853313
0.41122487
0.4148933
0.4198488
0.42656523
0.4356873
0.44782653
