0.44267482
0.43220097
0.42434692
0.41843534
0.41402206
0.4107622
0.40836936
0.40660387
0.40530542
0.4043553
0.40365764
0.40314478
0.40276638
0.40248516
0.402274
0.4021133
0.40198928
0.40189236
0.40181625
0.4017567
0.4017107
0.4016761
0.4016506
0.40163222
0.40161887
0.40160832
0.4015987
0.40158862
0.40157726
0.40156472
0.40155134
0.4015381
0.40152588
0.40151545
0.40150747
0.4015022
0.4015
0.40150064
0.40150398
0.4015096
0.40151715
0.4015262
0.40153655
0.40154797
0.40156
0.4015723
0.40158418
0.40159503
0.40160397
0.40161067
0.4016149
0.40161702
0.40161797
0.4016186
0.40161976
0.40162215
0.4016259
0.4016307
0.40163565
0.40164
0.40164274
0.40164304
0.40164068
0.40163586
0.40162906
0.40162134
0.40161362
0.40160695
0.40160233
0.4016003
0.40160114
0.40160468
0.40161029
0.40161714
0.4016241
0.40162995
0.4016335
0.40163442
0.40163267
0.40162882
0.4016237
0.4016184
0.40161386
0.4016107
0.4016091
0.4016089
0.40160966
0.40161073
0.4016117
0.40161237
0.40161294
0.40161383
0.40161526
0.40161762
0.40162075
0.40162414
0.4016272
0.40162906
0.40162894
0.40162632
0.40162113
0.4016138
0.40160516
0.40159607
0.4015873
0.40157953
0.4015731
0.40156794
0.40156394
0.4015607
0.4015577
0.4015549
0.4015526
0.40155113
0.4015514
0.4015541
0.4015595
0.4015677
0.40157804
0.4015896
0.40160125
0.40161175
0.40161985
0.4016246
0.40162534
0.401622
0.40161514
0.40160578
0.40159523
0.40158466
0.4015752
0.40156797
0.40156353
0.40156245
0.4015648
0.40157095
0.40158117
0.40159568
0.40161464
0.40163767
0.40166408
0.40169284
0.40172255
0.40175205
0.4017799
0.40180507
0.40182653
0.4018436
0.40185568
0.40186226
0.40186307
0.40185788
0.40184692
0.4018303
0.40180856
0.40178242
0.4017526
0.40172014
0.4016861
0.4016516
0.40161777
0.4015858
0.40155673
0.40153128
0.4015098
0.40149236
0.40147874
0.40146855
0.40146172
0.40145805
0.40145728
0.40145922
0.40146348
0.40146968
0.40147737
0.4014858
0.40149423
0.40150198
0.40150845
0.40151322
0.40151605
0.40151685
0.40151587
0.4015133
0.40150928
0.40150404
0.4014978
0.40149102
0.40148416
0.4014776
0.4014716
0.40146643
0.40146223
0.401459
0.4014572
0.40145686
0.4014585
0.40146267
0.40147
0.40148085
0.4014955
0.40151373
0.40153515
0.40155908
0.4015843
0.40160945
0.40163293
0.401653
0.4016683
0.4016779
0.4016814
0.40167898
0.40167126
0.4016593
0.4016444
0.40162784
0.401611
0.4015951
0.4015811
0.40156966
0.40156108
0.4015552
0.40155178
0.4015501
0.40154934
0.40154892
0.40154874
0.40154874
0.4015489
0.40154937
0.40155026
0.40155146
0.40155286
0.40155414
0.40155497
0.40155515
0.4015547
0.40155396
0.40155327
0.401553
0.40155345
0.40155452
0.40155593
0.4015572
0.40155792
0.4015577
0.4015564
0.40155372
0.4015496
0.40154403
0.40153733
0.4015298
0.40152165
0.4015133
0.40150532
0.40149847
0.40149364
0.40149167
0.40149292
0.40149757
0.40150547
0.40151602
0.4015285
0.40154198
0.4015554
0.40156767
0.40157804
0.40158588
0.40159085
0.40159285
0.4015922
0.4015891
0.40158418
0.40157786
0.40157095
0.4015644
0.40155923
0.4015564
0.40155637
0.40155923
0.40156496
0.40157264
0.40158126
0.40158954
0.40159613
0.40159982
0.40160006
0.4015966
0.40158984
0.40158045
0.40156934
0.40155745
0.40154576
0.40153524
0.4015262
0.4015191
0.4015141
0.40151122
0.40151057
0.40151218
0.40151623
0.4015228
0.401532
0.401544
0.40155858
0.40157562
0.40159458
0.40161458
0.40163445
0.40165278
0.40166828
0.40167987
0.40168685
0.40168902
0.40168655
0.4016803
0.40167126
0.40166044
0.4016488
0.40163696
0.4016253
0.4016143
0.40160424
0.40159535
0.40158787
0.40158197
0.40157786
0.40157577
0.4015758
0.40157795
0.40158197
0.40158743
0.40159366
0.40159988
0.40160504
0.40160835
0.40160924
0.40160772
0.40160438
0.4016002
0.40159664
0.40159467
0.40159506
0.40159786
0.4016026
0.40160844
0.40161383
0.40161723
0.40161735
0.4016134
0.4016053
0.40159354
0.40157917
0.40156353
0.40154785
0.40153313
0.40152022
0.40150958
0.40150157
0.4014964
0.40149423
0.4014953
0.40149957
0.40150696
0.40151715
0.4015296
0.40154353
0.4015578
0.40157107
0.40158206
0.40158963
0.40159297
0.40159178
0.40158617
0.40157667
0.4015639
0.40154856
0.40153137
0.40151295
0.40149415
0.4014757
0.4014583
0.40144253
0.40142882
0.4014174
0.40140834
0.40140176
0.40139762
0.401396
0.40139714
0.40140095
0.40140736
0.40141636
0.40142748
0.4014402
0.40145382
0.40146726
0.40147966
0.4014901
0.40149826
0.40150416
0.40150824
0.40151128
0.40151381
0.40151635
0.40151903
0.40152186
0.4015247
0.40152737
0.40152988
0.40153235
0.40153506
0.40153864
0.40154365
0.4015508
0.40156028
0.40157217
0.40158615
0.4016019
0.401619
0.40163675
0.401654
0.40166962
0.4016824
0.40169156
0.4016963
0.40169668
0.40169287
0.40168548
0.40167516
0.40166256
0.40164822
0.40163288
0.40161732
0.40160212
0.401588
0.40157542
0.4015647
0.40155593
0.40154916
0.40154466
0.4015427
0.40154362
0.40154782
0.4015552
0.40156546
0.40157777
0.40159124
0.4016047
0.4016169
0.40162668
0.40163326
0.40163645
0.40163657
0.40163445
0.40163097
0.40162683
0.40162277
0.4016191
0.40161592
0.40161285
0.40160936
0.4016045
0.40159768
0.40158844
0.40157658
0.40156257
0.40154725
0.4015315
0.4015163
0.40150246
0.40149084
0.40148196
0.4014763
0.40147394
0.40147457
0.40147763
0.40148216
0.40148732
0.40149245
0.40149692
0.40150073
0.40150374
0.40150598
0.4015073
0.40150765
0.40150693
0.40150493
0.40150166
0.40149742
0.4014926
0.40148783
0.40148365
0.40148035
0.40147832
0.40147778
0.40147915
0.40148288
0.40148923
0.40149814
0.4015094
0.40152216
0.4015357
0.4015492
0.401562
0.40157372
0.4015839
0.40159222
0.401598
0.40160093
0.40160075
0.40159777
0.40159237
0.4015852
0.40157676
0.40156773
0.40155882
0.40155053
0.4015435
0.40153816
0.40153491
0.40153393
0.40153533
0.40153927
0.40154532
0.40155324
0.4015625
0.40157256
0.40158272
0.40159237
0.401601
0.4016082
0.40161404
0.40161854
0.40162155
0.40162316
0.4016231
0.40162134
0.40161768
0.40161246
0.40160602
0.40159914
0.4015925
0.40158653
0.40158197
0.40157914
0.40157855
0.40158084
0.40158665
0.40159664
0.40161106
0.40162978
0.4016522
0.40167716
0.4017033
0.40172896
0.4017526
0.40177315
0.40178978
0.4018019
0.40180898
0.401811
0.4018079
0.40179983
0.40178716
0.40177053
0.40175098
0.4017296
0.40170774
0.40168643
0.40166664
0.40164882
0.40163326
0.4016199
0.40160885
0.4016002
0.4015938
0.40158963
0.40158767
0.40158758
0.40158874
0.40159032
0.40159127
0.4015905
0.40158728
0.4015813
0.40157276
0.40156215
0.4015501
0.40153736
0.40152484
0.40151343
0.4015035
0.40149534
0.40148884
0.4014835
0.40147886
0.40147454
0.4014706
0.40146717
0.40146458
0.40146306
0.4014631
0.40146467
0.401468
0.40147305
0.40148
0.40148887
0.4014998
0.4015127
0.40152737
0.40154317
0.4015595
0.40157548
0.40158993
0.40160185
0.40161037
0.40161508
0.4016161
0.40161416
0.4016099
0.4016043
0.40159824
0.4015927
0.4015883
0.40158555
0.40158468
0.4015856
0.4015883
0.40159255
0.40159816
0.4016051
0.4016133
0.40162244
0.4016321
0.4016417
0.4016505
0.4016575
0.4016621
0.40166378
0.40166238
0.40165806
0.40165135
0.401643
0.40163395
0.40162516
0.4016173
0.40161106
0.4016068
0.40160477
0.40160516
0.40160787
0.40161207
0.40161693
0.40162107
0.40162292
0.40162164
0.4016166
0.401608
0.4015964
0.40158308
0.40156934
0.4015564
0.40154555
0.40153727
0.40153185
0.40152928
0.40152928
0.40153128
0.40153465
0.4015386
0.40154248
0.40154582
0.40154815
0.401549
0.40154815
0.40154573
0.40154243
0.40153903
0.40153652
0.40153566
0.401537
0.40154096
0.40154758
0.40155676
0.4015683
0.40158197
0.4015975
0.40161422
0.40163133
0.40164766
0.40166178
0.4016725
0.4016789
0.40168074
0.40167826
0.40167233
0.40166378
0.40165362
0.4016424
0.40163043
0.40161768
0.4016041
0.40158945
0.40157396
0.40155795
0.4015419
0.40152663
0.40151277
0.401501
0.4014917
0.40148515
0.40148148
0.401481
0.40148383
0.40148985
0.40149876
0.40151012
0.4015232
0.4015373
0.40155172
0.401566
0.40157962
0.40159252
0.40160516
0.40161824
0.40163293
0.4016498
0.4016692
0.40169054
0.40171272
0.40173435
0.40175378
0.4017696
0.40178108
0.40178752
0.40178913
0.40178618
0.4017797
0.40177086
0.40176067
0.40175045
0.40174085
0.4017323
0.40172473
0.40171775
0.40171084
0.4017036
0.40169576
0.40168723
0.40167817
0.40166858
0.4016588
0.40164888
0.40163922
0.40162995
0.40162086
0.40161207
0.40160364
0.4015954
0.4015878
0.4015812
0.4015764
0.40157446
0.40157598
0.4015817
0.40159163
0.4016053
0.40162182
0.40163985
0.40165788
0.4016743
0.40168813
0.40169874
0.40170598
0.40171018
0.40171185
0.40171182
0.4017107
0.4017089
0.40170693
0.40170524
0.401704
0.4017036
0.40170407
0.40170538
0.40170717
0.4017091
0.40171033
0.40170994
0.40170735
0.40170187
0.40169325
0.4016815
0.40166697
0.40165007
0.40163162
0.40161252
0.4015934
0.4015749
0.40155742
0.40154117
0.40152648
0.40151387
0.40150374
0.40149638
0.4014918
0.40148968
0.4014896
0.401491
0.40149343
0.4014968
0.40150127
0.4015069
0.40151387
0.4015223
0.40153232
0.4015438
0.40155652
0.40157002
0.40158364
0.40159658
0.4016079
0.40161696
0.40162337
0.40162653
0.4016261
0.40162206
0.40161473
0.40160465
0.4015928
0.4015802
0.40156803
0.40155703
0.40154815
0.4015421
0.40153936
0.40154037
0.40154487
0.40155268
0.40156308
0.4015752
0.4015881
0.40160078
0.40161276
0.4016238
0.40163368
0.4016424
0.4016497
0.4016555
0.40165958
0.4016618
0.40166223
0.4016608
0.40165776
0.40165305
0.4016466
0.4016384
0.40162846
0.40161735
0.40160576
0.40159488
0.40158564
0.40157947
0.40157723
0.40157956
0.40158665
0.40159824
0.40161386
0.40163267
0.40165377
0.401676
0.40169832
0.40171954
0.40173858
0.4017545
0.4017665
0.40177396
0.40177652
0.40177414
0.401767
0.40175566
0.40174094
0.4017238
0.40170544
0.40168688
0.40166903
0.4016523
0.40163693
0.4016225
0.4016085
0.40159446
0.4015801
0.40156528
0.4015501
0.40153447
0.40151867
0.40150315
0.40148854
0.40147567
0.40146503
0.40145725
0.40145236
0.4014504
0.4014511
0.40145403
0.40145856
0.40146393
0.40146923
0.4014736
0.40147632
0.40147674
0.40147468
0.4014705
0.40146488
0.40145886
0.4014535
0.40145
0.4014495
0.40145284
0.40146038
0.40147236
0.4014887
0.40150902
0.40153274
0.40155864
0.4015853
0.401611
0.4016337
0.40165177
0.40166393
0.4016692
0.40166754
0.40165922
0.4016453
0.40162718
0.40160632
0.4015845
0.40156302
0.40154296
0.40152508
0.40150976
0.40149698
0.40148672
0.40147874
0.40147296
0.40146923
0.4014675
0.4014675
0.40146923
0.40147245
0.40147692
0.40148216
0.4014876
0.4014927
0.4014968
0.40149945
0.40150043
0.40150005
0.4014986
0.40149665
0.40149468
0.40149325
0.4014927
0.4014935
0.40149584
0.40149996
0.40150586
0.40151337
0.40152213
0.4015315
0.4015407
0.40154904
0.40155607
0.4015616
0.40156546
0.4015677
0.4015683
0.40156734
0.4015648
0.40156105
0.40155625
0.4015507
0.40154454
0.4015379
0.40153104
0.40152416
0.40151775
0.4015123
0.401508
0.40150508
0.40150374
0.40150374
0.4015052
0.40150833
0.40151316
0.40151945
0.40152696
0.40153527
0.4015441
0.4015531
0.40156198
0.40157065
0.40157914
0.40158758
0.40159562
0.40160295
0.40160877
0.40161243
0.40161312
0.40161073
0.4016051
0.4015969
0.40158692
0.40157613
0.40156522
0.4015547
0.40154463
0.4015349
0.4015251
0.401515
0.40150443
0.40149388
0.40148383
0.40147486
0.40146738
0.4014618
0.4014585
0.4014577
0.40145952
0.40146402
0.40147117
0.40148053
0.40149146
0.4015031
0.40151417
0.40152362
0.40153044
0.40153393
0.40153405
0.40153113
0.40152606
0.40151978
0.40151346
0.40150824
0.4015052
0.40150467
0.4015069
0.4015117
0.40151873
0.40152737
0.40153703
0.40154678
0.40155587
0.40156376
0.40157008
0.40157476
0.40157786
0.4015799
0.40158147
0.40158325
0.4015858
0.4015893
0.40159357
0.40159822
0.40160263
0.40160647
0.40160975
0.40161267
0.40161586
0.40161943
0.40162364
0.40162814
0.40163258
0.40163612
0.40163812
0.40163812
0.40163592
0.40163147
0.40162498
0.4016166
0.40160683
0.4015963
0.40158555
0.4015752
0.40156588
0.401558
0.40155214
0.40154874
0.40154812
0.4015504
0.40155575
0.4015641
0.40157548
0.4015898
0.40160728
0.40162805
0.4016522
0.40167943
0.40170938
0.40174118
0.40177372
0.40180585
0.40183645
0.4018645
0.40188944
0.40191087
0.40192878
0.40194333
0.40195468
0.40196332
0.4019694
0.401973
0.40197423
0.40197295
0.4019693
0.4019638
0.4019569
0.4019497
0.40194383
0.4019417
0.40194684
0.40196422
0.4020006
0.40206495
0.4021691
0.40232906
0.4025683
0.40291795
0.40341905
0.40412974
0.40512875
0.40652287
0.40845424
0.41114417
0.4148165
0.41978025
0.4265083
0.43564332
0.4477951
