0.44256586
0.43206012
0.42418057
0.4182494
0.41382265
0.41055527
0.40816167
0.40640125
0.40511274
0.4041765
0.40349555
0.40300155
0.40264362
0.40238455
0.40219706
0.40206173
0.40196446
0.40189534
0.40184692
0.40181336
0.40179026
0.40177435
0.40176293
0.40175453
0.40174815
0.40174308
0.40173867
0.4017343
0.40172926
0.40172267
0.40171397
0.40170255
0.40168837
0.40167132
0.4016519
0.4016308
0.4016091
0.40158787
0.4015681
0.40155062
0.4015357
0.4015235
0.40151402
0.40150738
0.4015037
0.40150312
0.40150577
0.40151176
0.40152106
0.40153354
0.40154883
0.40156624
0.40158492
0.40160385
0.40162215
0.40163904
0.40165386
0.4016662
0.40167645
0.40168515
0.40169337
0.4017018
0.40171137
0.40172246
0.40173534
0.40174967
0.40176487
0.40178013
0.40179464
0.40180746
0.40181798
0.40182555
0.40182963
0.40183008
0.40182674
0.40182
0.40181032
0.40179867
0.40178612
0.40177375
0.40176272
0.40175378
0.40174714
0.4017425
0.4017394
0.4017366
0.40173277
0.40172663
0.40171725
0.4017042
0.4016874
0.40166724
0.4016443
0.40161917
0.40159264
0.4015654
0.40153813
0.40151134
0.40148553
0.40146106
0.4014385
0.40141848
0.4014018
0.40138903
0.40138075
0.40137717
0.40137848
0.40138447
0.4013948
0.4014092
0.40142727
0.40144846
0.401472
0.40149674
0.40152133
0.40154412
0.40156367
0.40157855
0.40158796
0.40159166
0.4015902
0.4015846
0.40157622
0.4015663
0.40155575
0.4015454
0.4015356
0.4015266
0.4015186
0.40151194
0.40150705
0.40150452
0.40150478
0.4015084
0.40151587
0.40152755
0.40154362
0.40156394
0.40158793
0.40161484
0.4016434
0.40167204
0.4016988
0.40172195
0.40173966
0.40175083
0.40175468
0.40175104
0.40174028
0.40172338
0.40170172
0.40167686
0.4016505
0.40162405
0.40159878
0.4015754
0.40155435
0.40153593
0.40152025
0.401507
0.40149605
0.40148702
0.40147963
0.40147382
0.40146968
0.40146726
0.4014668
0.40146795
0.4014704
0.4014736
0.40147692
0.4014799
0.40148205
0.4014834
0.40148428
0.4014854
0.4014875
0.40149134
0.40149787
0.40150774
0.4015213
0.40153882
0.4015602
0.40158492
0.4016121
0.40164033
0.40166828
0.40169403
0.40171608
0.4017333
0.40174475
0.40175015
0.4017495
0.40174338
0.4017326
0.40171835
0.40170184
0.40168408
0.40166593
0.4016479
0.40163034
0.40161344
0.4015976
0.40158308
0.40157026
0.40155897
0.40154928
0.40154082
0.4015334
0.40152723
0.4015227
0.40152004
0.40151936
0.4015205
0.40152267
0.4015251
0.40152678
0.4015273
0.40152645
0.40152448
0.40152192
0.4015192
0.4015168
0.40151542
0.40151545
0.4015173
0.40152118
0.40152723
0.4015356
0.40154633
0.4015597
0.40157592
0.40159518
0.40161765
0.40164307
0.401671
0.40170047
0.40173075
0.40176067
0.4017892
0.40181512
0.4018374
0.4018552
0.40186796
0.40187535
0.40187737
0.40187415
0.4018661
0.40185362
0.4018374
0.40181834
0.40179712
0.4017745
0.40175134
0.40172845
0.40170658
0.40168616
0.40166748
0.40165058
0.40163562
0.4016225
0.40161115
0.4016016
0.40159392
0.40158817
0.4015845
0.40158305
0.40158403
0.40158707
0.40159184
0.4015976
0.40160355
0.40160912
0.40161404
0.40161806
0.40162095
0.4016227
0.40162337
0.40162316
0.4016226
0.40162215
0.4016223
0.40162313
0.40162447
0.40162587
0.40162656
0.40162605
0.4016241
0.40162095
0.4016172
0.40161335
0.40160996
0.40160713
0.40160483
0.4016028
0.4016008
0.4015985
0.4015956
0.40159175
0.40158674
0.40158045
0.40157297
0.40156466
0.40155602
0.4015477
0.40154046
0.40153474
0.40153083
0.40152892
0.40152875
0.40152982
0.4015313
0.40153235
0.40153214
0.40152994
0.40152553
0.4015186
0.4015092
0.40149757
0.40148428
0.40147
0.40145546
0.40144125
0.40142795
0.4014162
0.40140626
0.40139863
0.40139335
0.40139046
0.40138987
0.40139148
0.40139493
0.40140012
0.40140665
0.4014143
0.40142292
0.40143242
0.40144268
0.40145358
0.40146503
0.40147704
0.40148926
0.4015016
0.40151387
0.40152586
0.4015374
0.4015485
0.40155926
0.4015695
0.4015793
0.40158865
0.40159762
0.40160623
0.4016145
0.4016221
0.40162835
0.40163237
0.40163323
0.4016302
0.4016232
0.40161252
0.40159908
0.40158406
0.4015688
0.40155447
0.40154183
0.40153158
0.40152362
0.40151784
0.40151367
0.40151036
0.40150738
0.40150416
0.40150025
0.40149525
0.40148956
0.40148383
0.40147913
0.4014763
0.40147617
0.40147904
0.4014852
0.40149432
0.40150595
0.40151963
0.40153494
0.40155163
0.4015694
0.40158767
0.401606
0.40162334
0.40163884
0.4016514
0.40166044
0.40166584
0.40166813
0.4016682
0.401667
0.4016654
0.40166384
0.40166256
0.40166137
0.40165973
0.40165728
0.40165368
0.401649
0.40164366
0.40163854
0.40163428
0.40163156
0.40163055
0.40163103
0.4016324
0.40163374
0.40163407
0.4016327
0.40162918
0.40162334
0.4016157
0.40160686
0.40159774
0.4015893
0.40158203
0.40157652
0.40157276
0.40157077
0.4015706
0.40157247
0.40157658
0.40158302
0.40159148
0.4016013
0.40161145
0.40162075
0.40162787
0.40163207
0.40163332
0.40163213
0.40162954
0.40162706
0.40162602
0.40162772
0.401633
0.40164214
0.40165493
0.40167084
0.40168926
0.40170932
0.40173
0.40175012
0.40176812
0.40178272
0.40179288
0.40179816
0.4017985
0.4017944
0.40178663
0.40177643
0.4017651
0.40175417
0.40174487
0.40173814
0.40173456
0.4017339
0.4017355
0.40173855
0.4017421
0.40174553
0.40174833
0.40175012
0.4017506
0.40174964
0.40174696
0.40174252
0.40173638
0.40172887
0.4017204
0.40171155
0.40170294
0.4016955
0.40168995
0.40168694
0.40168694
0.40169
0.4016956
0.40170282
0.40171033
0.40171665
0.40172055
0.40172103
0.40171787
0.4017112
0.4017015
0.40168983
0.40167722
0.40166464
0.4016528
0.40164217
0.40163317
0.40162593
0.4016203
0.4016161
0.40161327
0.40161192
0.40161252
0.40161568
0.401622
0.40163198
0.4016456
0.40166262
0.4016822
0.4017031
0.40172407
0.40174398
0.40176216
0.40177822
0.40179232
0.40180486
0.401816
0.40182596
0.40183437
0.40184072
0.40184408
0.40184364
0.40183866
0.40182868
0.4018136
0.40179363
0.4017693
0.40174153
0.4017116
0.40168092
0.40165102
0.40162304
0.40159777
0.40157565
0.40155703
0.40154192
0.4015302
0.4015214
0.40151522
0.4015114
0.4015096
0.4015098
0.40151185
0.40151608
0.4015227
0.40153214
0.4015447
0.40156052
0.40157947
0.40160105
0.40162432
0.40164825
0.40167162
0.40169314
0.40171182
0.40172702
0.40173832
0.40174583
0.40174985
0.40175092
0.4017499
0.40174758
0.40174463
0.401742
0.4017405
0.40174085
0.40174365
0.40174884
0.40175626
0.40176514
0.40177444
0.40178308
0.4017901
0.40179467
0.40179634
0.401795
0.40179095
0.40178484
0.40177748
0.40176988
0.4017628
0.40175673
0.40175164
0.40174708
0.4017425
0.4017374
0.40173143
0.4017248
0.40171793
0.40171117
0.4017046
0.40169805
0.40169084
0.40168226
0.4016718
0.40165922
0.40164444
0.4016276
0.40160912
0.40158966
0.40156972
0.40155038
0.40153217
0.40151572
0.40150163
0.40149006
0.40148127
0.40147528
0.40147182
0.4014706
0.40147123
0.4014735
0.40147743
0.4014831
0.4014906
0.4015001
0.40151176
0.40152574
0.40154225
0.40156123
0.40158206
0.401604
0.40162575
0.40164578
0.4016629
0.40167594
0.40168482
0.40168968
0.40169138
0.40169114
0.4016902
0.40168953
0.40168962
0.4016902
0.40169057
0.40169
0.40168777
0.40168372
0.40167814
0.40167168
0.4016653
0.40165973
0.4016551
0.40165126
0.40164733
0.4016424
0.40163583
0.4016271
0.40161636
0.4016043
0.40159193
0.40158093
0.40157264
0.40156853
0.40156963
0.4015764
0.40158904
0.40160707
0.4016295
0.40165505
0.40168214
0.401709
0.40173367
0.4017546
0.4017704
0.40178037
0.40178415
0.40178207
0.4017748
0.40176347
0.40174922
0.40173313
0.40171614
0.401699
0.40168235
0.40166703
0.40165386
0.4016435
0.4016367
0.4016337
0.4016345
0.4016388
0.40164563
0.40165392
0.40166238
0.4016698
0.40167528
0.4016784
0.40167922
0.4016779
0.4016751
0.40167132
0.40166676
0.40166155
0.40165544
0.40164816
0.4016396
0.40163004
0.40161994
0.40161005
0.4016009
0.40159297
0.40158638
0.40158135
0.40157786
0.4015763
0.40157706
0.4015806
0.40158707
0.40159672
0.4016092
0.40162405
0.4016406
0.40165818
0.40167636
0.4016943
0.40171155
0.4017272
0.40174055
0.4017507
0.40175718
0.40175965
0.40175807
0.40175283
0.4017444
0.4017337
0.40172166
0.40170914
0.40169683
0.40168515
0.4016741
0.4016635
0.40165323
0.4016435
0.40163472
0.40162805
0.40162462
0.40162578
0.40163305
0.40164787
0.40167204
0.40170774
0.40175807
0.40182775
0.4019238
0.40205687
0.40224293
0.4025052
0.40287334
0.40338963
0.4041126
0.40512118
0.4065226
0.40845922
0.41115257
0.41482648
0.4197905
0.4265178
0.43565112
0.44780084
