0.44261947
0.4321243
0.42424706
0.41830897
0.41386613
0.41057312
0.4081465
0.40634724
0.4050159
0.4040368
0.40331495
0.40278405
0.40239474
0.40211052
0.4019043
0.40175608
0.40165144
0.40157953
0.4015326
0.40150493
0.40149206
0.40149048
0.40149742
0.4015104
0.4015275
0.40154696
0.40156728
0.40158758
0.40160713
0.40162557
0.4016426
0.4016578
0.4016708
0.40168107
0.40168798
0.40169123
0.40169087
0.40168706
0.40168014
0.40167066
0.40165898
0.4016453
0.4016297
0.40161225
0.4015934
0.40157387
0.4015546
0.4015368
0.4015215
0.40150923
0.40150017
0.40149397
0.40148982
0.4014868
0.4014842
0.40148136
0.4014778
0.40147382
0.40146986
0.4014668
0.4014653
0.40146625
0.40147012
0.40147737
0.40148804
0.40150192
0.40151852
0.4015367
0.401555
0.4015716
0.40158468
0.40159276
0.40159494
0.4015911
0.40158176
0.40156803
0.40155146
0.40153408
0.40151772
0.40150407
0.40149444
0.40148982
0.40149045
0.4014963
0.40150675
0.4015211
0.40153822
0.40155676
0.40157533
0.40159243
0.401607
0.4016181
0.40162525
0.40162846
0.40162814
0.40162498
0.40161982
0.40161362
0.40160713
0.40160072
0.40159443
0.40158814
0.40158173
0.4015753
0.40156925
0.401564
0.40155998
0.40155742
0.40155643
0.40155685
0.4015585
0.40156105
0.4015641
0.4015671
0.40156916
0.40157
0.40156925
0.40156725
0.40156463
0.40156215
0.40156046
0.4015601
0.4015616
0.40156516
0.40157118
0.40157962
0.40159038
0.40160286
0.40161622
0.4016291
0.40164012
0.4016479
0.4016518
0.4016517
0.40164828
0.40164262
0.40163624
0.40163043
0.4016262
0.40162438
0.40162557
0.4016301
0.40163803
0.40164933
0.40166393
0.40168115
0.40170076
0.40172225
0.4017455
0.40177009
0.40179563
0.40182143
0.40184683
0.40187111
0.40189376
0.40191424
0.4019322
0.40194732
0.40195924
0.40196782
0.40197295
0.40197453
0.40197265
0.4019671
0.40195808
0.40194556
0.40192991
0.40191138
0.4018905
0.40186772
0.40184358
0.4018187
0.40179387
0.40176985
0.40174735
0.40172684
0.40170848
0.4016919
0.40167642
0.4016612
0.40164545
0.4016289
0.40161142
0.4015931
0.40157425
0.40155512
0.401536
0.40151718
0.4014989
0.4014814
0.40146503
0.4014505
0.4014383
0.40142873
0.40142208
0.4014184
0.40141755
0.4014193
0.4014234
0.40142927
0.4014368
0.40144575
0.40145627
0.4014688
0.40148383
0.40150174
0.4015227
0.4015466
0.40157297
0.40160093
0.4016291
0.401656
0.4016804
0.40170118
0.40171745
0.40172902
0.40173593
0.40173885
0.40173888
0.40173736
0.40173584
0.40173584
0.40173858
0.4017443
0.40175268
0.40176266
0.40177256
0.40178052
0.4017849
0.4017844
0.40177837
0.4017665
0.4017494
0.4017279
0.40170318
0.40167642
0.40164915
0.40162265
0.401598
0.40157613
0.40155774
0.40154308
0.40153244
0.40152565
0.4015222
0.40152156
0.40152296
0.40152583
0.40152952
0.40153357
0.4015378
0.40154216
0.4015467
0.4015511
0.40155497
0.4015578
0.4015594
0.4015596
0.4015585
0.40155637
0.40155342
0.40155023
0.40154725
0.4015449
0.4015437
0.40154412
0.4015465
0.4015512
0.40155807
0.40156692
0.401577
0.4015874
0.40159735
0.40160584
0.40161222
0.40161613
0.4016173
0.40161628
0.40161362
0.40161005
0.40160683
0.40160498
0.40160528
0.40160832
0.40161452
0.40162396
0.4016367
0.4016525
0.4016709
0.40169156
0.40171385
0.4017372
0.40176082
0.40178373
0.4018053
0.40182492
0.40184197
0.40185606
0.40186673
0.4018735
0.40187603
0.4018738
0.40186653
0.401854
0.40183628
0.40181366
0.4017868
0.40175685
0.4017248
0.40169218
0.40166017
0.40163046
0.4016041
0.4015816
0.40156317
0.40154853
0.40153724
0.40152878
0.40152285
0.40151912
0.40151778
0.4015189
0.40152252
0.40152887
0.4015379
0.4015496
0.40156367
0.4015794
0.4015961
0.40161252
0.40162745
0.4016395
0.40164754
0.40165082
0.40164915
0.40164274
0.40163207
0.4016178
0.40160102
0.401583
0.4015652
0.4015492
0.40153617
0.40152732
0.40152317
0.4015239
0.40152922
0.40153882
0.40155208
0.40156847
0.4015868
0.4016062
0.40162516
0.4016423
0.40165624
0.40166578
0.40167034
0.40166974
0.40166444
0.40165532
0.40164357
0.40163052
0.40161714
0.40160415
0.40159184
0.40158027
0.40156952
0.40155983
0.40155163
0.40154544
0.40154153
0.4015398
0.40153986
0.4015412
0.40154302
0.40154496
0.4015467
0.40154856
0.40155113
0.40155497
0.40156043
0.40156752
0.40157598
0.401585
0.40159383
0.40160164
0.4016077
0.4016114
0.4016124
0.40161088
0.40160722
0.401602
0.4015963
0.40159085
0.40158638
0.40158355
0.40158248
0.40158305
0.40158492
0.40158755
0.4015906
0.40159377
0.40159708
0.40160048
0.401604
0.40160748
0.4016107
0.40161306
0.40161416
0.40161338
0.40161052
0.40160537
0.4015981
0.40158904
0.40157863
0.40156728
0.40155542
0.40154323
0.401531
0.4015192
0.4015086
0.40149996
0.40149415
0.4014916
0.4014929
0.4014981
0.40150732
0.40152058
0.4015375
0.4015578
0.40158066
0.40160513
0.40163
0.40165392
0.4016757
0.40169436
0.40170914
0.40171954
0.40172526
0.40172607
0.4017219
0.401713
0.40169975
0.4016827
0.4016627
0.4016411
0.4016191
0.4015981
0.4015793
0.40156367
0.4015519
0.4015443
0.40154096
0.40154156
0.4015455
0.401552
0.40156028
0.4015696
0.4015794
0.40158954
0.4016002
0.40161175
0.40162465
0.40163907
0.40165514
0.4016725
0.40169066
0.40170905
0.4017269
0.40174314
0.40175673
0.4017665
0.40177184
0.4017722
0.40176785
0.40175942
0.40174788
0.40173483
0.40172157
0.4017094
0.4016992
0.40169147
0.4016861
0.4016826
0.40167993
0.40167716
0.4016735
0.40166798
0.40166023
0.4016499
0.40163717
0.40162265
0.401607
0.40159082
0.4015747
0.4015589
0.40154412
0.4015307
0.40151903
0.40150928
0.40150145
0.4014955
0.40149114
0.4014882
0.40148637
0.40148538
0.40148494
0.40148488
0.40148476
0.40148455
0.40148407
0.40148357
0.4014835
0.4014846
0.40148753
0.40149295
0.40150133
0.40151307
0.4015281
0.40154576
0.40156513
0.40158486
0.4016034
0.40161902
0.40163046
0.40163657
0.40163714
0.40163207
0.4016221
0.4016081
0.40159118
0.4015726
0.40155366
0.4015356
0.40151954
0.4015062
0.40149623
0.40148982
0.40148717
0.40148804
0.4014924
0.40150028
0.40151152
0.4015258
0.40154257
0.40156126
0.40158108
0.40160134
0.4016212
0.40163967
0.4016559
0.40166885
0.4016779
0.40168294
0.4016843
0.4016826
0.40167853
0.4016731
0.40166733
0.4016622
0.40165886
0.4016582
0.40166065
0.40166652
0.4016754
0.40168646
0.40169844
0.40171
0.4017198
0.4017268
0.4017304
0.40173048
0.40172786
0.40172347
0.40171885
0.4017155
0.40171483
0.40171775
0.40172493
0.40173653
0.4017524
0.40177214
0.40179482
0.40181914
0.40184364
0.40186697
0.40188828
0.4019067
0.401922
0.40193415
0.40194324
0.40194955
0.4019533
0.40195477
0.40195426
0.40195194
0.40194786
0.40194196
0.40193394
0.4019236
0.4019104
0.40189382
0.40187374
0.40185025
0.4018238
0.401795
0.4017649
0.40173438
0.4017045
0.4016756
0.4016479
0.40162137
0.4015958
0.40157127
0.4015482
0.4015272
0.40150887
0.40149376
0.40148237
0.40147492
0.40147135
0.40147153
0.40147492
0.40148094
0.40148887
0.40149784
0.4015074
0.40151682
0.4015255
0.4015331
0.40153968
0.40154576
0.40155226
0.40156007
0.40157008
0.40158272
0.4015982
0.40161636
0.40163702
0.40165988
0.40168422
0.40170905
0.40173304
0.401755
0.40177366
0.401788
0.4017971
0.40180054
0.40179816
0.40179005
0.40177682
0.40175915
0.401738
0.40171438
0.40168932
0.40166387
0.40163854
0.40161395
0.40159047
0.40156862
0.40154898
0.40153182
0.40151742
0.40150577
0.4014967
0.40148988
0.40148494
0.40148127
0.40147853
0.40147644
0.40147483
0.40147346
0.40147224
0.40147123
0.4014707
0.4014708
0.40147176
0.40147388
0.40147758
0.40148315
0.4014909
0.40150094
0.40151325
0.40152758
0.40154356
0.40156087
0.40157896
0.40159717
0.40161443
0.40162972
0.4016421
0.40165085
0.40165564
0.40165678
0.40165493
0.40165135
0.4016475
0.4016448
0.40164462
0.40164778
0.40165463
0.40166503
0.40167832
0.40169364
0.4017096
0.40172464
0.4017372
0.40174592
0.4017501
0.40174943
0.40174434
0.40173584
0.4017252
0.4017137
0.40170252
0.40169263
0.4016849
0.4016799
0.40167785
0.40167832
0.40168044
0.40168276
0.4016839
0.40168247
0.40167776
0.40166953
0.40165803
0.4016442
0.40162918
0.40161428
0.4016007
0.4015894
0.40158126
0.40157667
0.40157604
0.4015796
0.40158734
0.401599
0.401614
0.40163136
0.40164965
0.40166733
0.40168267
0.40169457
0.4017019
0.4017045
0.40170252
0.40169677
0.40168837
0.40167862
0.40166903
0.40166065
0.40165454
0.40165135
0.4016513
0.401654
0.401659
0.40166545
0.40167245
0.4016796
0.4016866
0.40169352
0.40170053
0.40170786
0.40171546
0.40172306
0.40173018
0.40173593
0.4017395
0.40174028
0.40173796
0.40173247
0.4017245
0.40171495
0.4017051
0.40169606
0.40168893
0.40168455
0.4016832
0.4016849
0.4016894
0.40169623
0.4017046
0.4017135
0.40172157
0.40172735
0.40172976
0.40172815
0.40172222
0.4017123
0.4016992
0.401684
0.40166765
0.40165108
0.40163487
0.4016196
0.40160605
0.4015951
0.40158772
0.40158454
0.40158597
0.40159205
0.40160248
0.40161633
0.40163225
0.4016483
0.40166274
0.40167373
0.40167978
0.40168014
0.40167433
0.40166298
0.40164682
0.40162745
0.40160638
0.4015854
0.40156603
0.4015495
0.40153655
0.4015277
0.4015231
0.40152287
0.4015269
0.40153515
0.40154782
0.40156457
0.40158513
0.40160885
0.4016349
0.40166223
0.4016898
0.40171692
0.40174317
0.40176857
0.40179318
0.40181687
0.40183917
0.40185925
0.40187627
0.40188926
0.4018977
0.4019011
0.40189907
0.4018916
0.40187868
0.4018605
0.4018376
0.40181062
0.4017809
0.40175
0.40171972
0.40169173
0.40166727
0.40164706
0.40163103
0.40161842
0.4016082
0.40159896
0.40158963
0.40157947
0.40156806
0.40155524
0.40154123
0.40152618
0.4015107
0.4014955
0.40148145
0.40146968
0.40146083
0.40145564
0.40145427
0.40145677
0.40146258
0.4014712
0.40148178
0.40149376
0.40150666
0.40152043
0.40153506
0.4015505
0.4015665
0.4015827
0.4015985
0.40161338
0.40162706
0.4016393
0.40165073
0.40166178
0.40167338
0.4016861
0.40170026
0.4017156
0.40173146
0.40174675
0.40176007
0.40177023
0.40177625
0.40177765
0.40177456
0.40176752
0.4017575
0.40174595
0.40173352
0.40172112
0.40170866
0.40169564
0.4016815
0.40166527
0.4016468
0.4016262
0.4016041
0.4015817
0.40156054
0.40154174
0.40152645
0.40151533
0.40150905
0.40150803
0.40151277
0.40152407
0.4015428
0.40157074
0.40161046
0.40166572
0.40174192
0.40184683
0.40199167
0.40219313
0.4024729
0.40286088
0.40339875
0.4041439
0.40517393
0.4065943
0.40854603
0.41124943
0.41492733
0.4198891
0.42660818
0.4357266
0.4478572
