0.44258857
0.43208674
0.42420706
0.41827178
0.4138376
0.41056007
0.40815476
0.40638137
0.40507907
0.4041291
0.40343508
0.4029295
0.40256217
0.4022962
0.4021043
0.4019662
0.40186688
0.40179515
0.4017426
0.40170306
0.40167195
0.40164626
0.4016241
0.40160474
0.40158784
0.4015737
0.4015623
0.40155396
0.4015483
0.401545
0.4015435
0.40154296
0.40154243
0.40154096
0.40153775
0.40153226
0.40152466
0.40151533
0.40150514
0.40149486
0.40148535
0.40147743
0.40147153
0.40146804
0.40146717
0.4014689
0.40147325
0.4014801
0.40148923
0.40150008
0.40151203
0.40152422
0.40153578
0.40154606
0.401555
0.40156272
0.40156975
0.40157625
0.4015823
0.40158752
0.40159148
0.40159371
0.40159371
0.40159166
0.40158767
0.40158212
0.40157557
0.40156826
0.40156046
0.4015526
0.4015453
0.4015392
0.40153491
0.4015329
0.40153322
0.40153578
0.4015402
0.40154585
0.4015519
0.40155774
0.40156275
0.40156648
0.4015685
0.40156853
0.40156648
0.40156257
0.40155756
0.40155205
0.40154684
0.40154222
0.40153855
0.40153605
0.40153465
0.4015344
0.4015353
0.4015373
0.40154037
0.4015442
0.4015484
0.40155235
0.40155584
0.4015583
0.40155932
0.40155867
0.40155593
0.40155128
0.40154484
0.40153697
0.40152812
0.4015188
0.40150946
0.40150043
0.40149185
0.4014837
0.40147611
0.40146893
0.40146202
0.40145516
0.40144825
0.40144122
0.4014344
0.40142798
0.4014224
0.401418
0.401415
0.40141335
0.40141317
0.40141413
0.4014161
0.40141892
0.4014225
0.40142712
0.4014332
0.4014415
0.4014528
0.40146768
0.40148675
0.40151045
0.4015387
0.40157112
0.4016069
0.40164468
0.40168282
0.4017193
0.40175232
0.4017805
0.4018024
0.4018174
0.4018252
0.4018256
0.40181914
0.4018064
0.4017883
0.40176594
0.4017408
0.4017141
0.40168726
0.40166152
0.4016379
0.40161732
0.4016002
0.40158704
0.40157795
0.40157276
0.40157115
0.40157261
0.40157652
0.40158212
0.4015889
0.4015965
0.40160468
0.4016132
0.4016218
0.4016301
0.40163806
0.40164563
0.4016531
0.40166083
0.4016689
0.40167713
0.40168512
0.40169206
0.4016975
0.40170118
0.40170318
0.401704
0.40170407
0.40170375
0.40170345
0.40170312
0.4017027
0.40170223
0.40170178
0.40170154
0.40170148
0.40170136
0.40170062
0.40169865
0.40169507
0.40168977
0.40168285
0.40167487
0.4016665
0.4016583
0.40165076
0.4016442
0.40163872
0.40163442
0.4016314
0.4016297
0.40162936
0.40163055
0.40163305
0.4016369
0.40164196
0.4016484
0.40165597
0.40166447
0.4016732
0.40168115
0.40168738
0.40169078
0.40169054
0.40168658
0.40167898
0.40166843
0.40165606
0.40164307
0.40163088
0.40162063
0.40161335
0.4016095
0.40160933
0.40161222
0.40161744
0.40162396
0.40163064
0.40163633
0.40164012
0.4016416
0.4016407
0.4016378
0.4016332
0.40162712
0.40161973
0.40161136
0.4016026
0.4015942
0.4015865
0.40157983
0.40157393
0.40156838
0.40156287
0.40155718
0.40155146
0.4015465
0.40154287
0.40154156
0.4015432
0.4015484
0.4015576
0.40157086
0.40158808
0.40160877
0.40163207
0.40165693
0.40168193
0.4017057
0.4017272
0.40174565
0.40176076
0.4017722
0.4017799
0.40178347
0.4017826
0.4017769
0.40176615
0.40175036
0.40172988
0.4017055
0.40167826
0.40164977
0.40162167
0.40159562
0.40157294
0.40155485
0.40154207
0.40153474
0.40153265
0.40153533
0.40154195
0.40155172
0.40156397
0.40157786
0.4015924
0.40160647
0.40161863
0.40162772
0.40163264
0.40163282
0.40162846
0.4016202
0.40160933
0.40159762
0.40158674
0.4015782
0.40157288
0.4015716
0.4015745
0.4015811
0.4015905
0.40160158
0.40161267
0.40162238
0.40162927
0.4016326
0.40163234
0.401629
0.4016236
0.4016171
0.4016108
0.40160564
0.4016022
0.4016009
0.40160167
0.40160468
0.40160987
0.40161702
0.4016262
0.40163654
0.4016476
0.40165827
0.4016674
0.40167397
0.40167737
0.40167713
0.40167338
0.4016664
0.40165666
0.4016447
0.4016312
0.4016169
0.40160248
0.4015885
0.40157545
0.40156367
0.40155336
0.401545
0.40153885
0.4015356
0.40153566
0.4015394
0.4015468
0.4015578
0.40157187
0.4015886
0.40160713
0.40162688
0.4016473
0.40166804
0.40168858
0.40170825
0.40172604
0.40174103
0.40175268
0.40176055
0.40176472
0.40176547
0.40176314
0.4017584
0.40175164
0.4017431
0.4017328
0.40172035
0.40170524
0.40168712
0.40166605
0.40164247
0.4016172
0.40159133
0.401566
0.40154245
0.40152165
0.4015046
0.40149173
0.40148342
0.4014797
0.40148053
0.4014853
0.4014934
0.40150386
0.40151566
0.40152782
0.40153933
0.4015496
0.4015585
0.40156633
0.40157372
0.40158135
0.40158978
0.40159902
0.40160885
0.40161884
0.401628
0.40163532
0.40164027
0.40164286
0.40164366
0.40164405
0.40164566
0.40165067
0.40166143
0.4016805
0.40171093
0.40175644
0.40182194
0.40191463
0.40204522
0.40222943
0.4024911
0.4028598
0.40337813
0.40410456
0.405118
0.40652502
0.40846753
0.41116658
0.41484487
0.41981137
0.42653912
0.43567008
0.4478154
