0.44267285
0.43219832
0.4243437
0.4184314
0.41401744
0.41075704
0.4083635
0.40659717
0.40529722
0.40434527
0.4036452
0.40312955
0.40274817
0.4024645
0.40225193
0.40209165
0.4019706
0.40187988
0.40181342
0.40176705
0.40173757
0.40172234
0.40171906
0.40172535
0.4017386
0.40175614
0.40177506
0.40179282
0.40180734
0.40181726
0.40182143
0.4018197
0.40181226
0.40179986
0.4017835
0.4017647
0.40174472
0.40172452
0.40170452
0.40168464
0.40166435
0.4016433
0.4016214
0.40159896
0.40157658
0.40155533
0.4015361
0.40151954
0.40150627
0.4014965
0.40149033
0.4014881
0.40148973
0.401495
0.40150368
0.40151504
0.4015286
0.40154344
0.4015589
0.40157416
0.40158865
0.401602
0.40161476
0.4016274
0.40164104
0.40165633
0.40167353
0.40169215
0.4017113
0.4017293
0.40174478
0.40175658
0.4017637
0.4017659
0.40176308
0.40175572
0.40174446
0.4017304
0.4017148
0.40169898
0.40168408
0.40167078
0.401659
0.40164828
0.40163758
0.40162575
0.40161195
0.4015959
0.4015778
0.40155855
0.40153915
0.40152064
0.4015038
0.40148914
0.40147665
0.40146634
0.4014578
0.40145078
0.40144497
0.40144035
0.40143713
0.40143552
0.40143582
0.40143806
0.40144238
0.40144902
0.4014583
0.4014704
0.40148538
0.40150297
0.4015227
0.40154386
0.40156558
0.4015866
0.40160578
0.40162173
0.40163377
0.40164155
0.40164554
0.40164676
0.4016469
0.40164787
0.4016512
0.40165827
0.40166953
0.40168485
0.40170357
0.40172428
0.40174532
0.40176523
0.4017824
0.4017956
0.40180376
0.40180624
0.40180242
0.4017923
0.40177596
0.40175405
0.40172768
0.40169817
0.40166715
0.4016361
0.40160638
0.40157914
0.40155533
0.40153584
0.4015213
0.4015121
0.40150824
0.40150955
0.40151533
0.40152466
0.40153638
0.40154913
0.40156153
0.40157253
0.40158135
0.4015878
0.4015925
0.40159625
0.40160033
0.40160578
0.4016138
0.40162498
0.4016395
0.40165702
0.40167665
0.40169737
0.40171775
0.40173632
0.40175197
0.4017638
0.40177137
0.40177476
0.40177467
0.40177187
0.4017676
0.4017632
0.40175965
0.40175796
0.40175846
0.40176123
0.4017658
0.4017711
0.40177608
0.4017795
0.4017804
0.401778
0.40177187
0.401762
0.40174875
0.40173298
0.40171582
0.40169862
0.40168276
0.4016693
0.4016588
0.40165144
0.40164682
0.4016443
0.401643
0.40164223
0.4016416
0.40164077
0.40163925
0.4016367
0.4016325
0.4016266
0.4016189
0.40160978
0.40159968
0.40158904
0.4015782
0.4015672
0.40155593
0.40154436
0.4015326
0.401521
0.40151003
0.40150005
0.4014914
0.40148443
0.40147957
0.40147737
0.4014782
0.4014828
0.40149152
0.40150467
0.40152222
0.4015436
0.40156776
0.40159348
0.401619
0.40164274
0.40166283
0.40167806
0.40168765
0.401691
0.40168834
0.40168035
0.40166816
0.40165308
0.4016367
0.40162027
0.401605
0.40159157
0.4015802
0.40157124
0.40156454
0.4015603
0.40155888
0.4015606
0.4015659
0.40157494
0.4015879
0.40160468
0.4016249
0.40164796
0.4016729
0.40169844
0.40172327
0.40174603
0.40176556
0.40178072
0.40179068
0.4017949
0.4017932
0.4017855
0.40177223
0.4017542
0.40173227
0.40170762
0.40168166
0.4016558
0.4016313
0.40160927
0.4015903
0.4015747
0.40156266
0.4015543
0.40154946
0.401548
0.4015497
0.40155426
0.40156123
0.4015702
0.40158084
0.40159297
0.4016063
0.40162063
0.40163583
0.40165147
0.40166703
0.40168148
0.40169403
0.40170363
0.40170985
0.4017124
0.40171155
0.4017077
0.40170163
0.40169397
0.401685
0.40167475
0.40166298
0.40164933
0.40163335
0.4016152
0.4015951
0.40157387
0.40155235
0.4015316
0.40151268
0.4014964
0.40148345
0.40147427
0.40146914
0.40146807
0.4014712
0.40147853
0.40148968
0.40150428
0.40152168
0.40154135
0.40156224
0.40158328
0.4016031
0.40162036
0.40163383
0.40164286
0.40164727
0.40164727
0.40164354
0.40163678
0.40162772
0.40161687
0.40160468
0.40159166
0.40157837
0.4015654
0.4015531
0.40154165
0.40153098
0.40152073
0.40151075
0.40150094
0.40149158
0.4014829
0.40147528
0.40146893
0.4014641
0.40146106
0.40145993
0.4014612
0.40146503
0.40147176
0.40148118
0.40149316
0.40150732
0.4015232
0.40153995
0.40155667
0.40157208
0.4015852
0.40159506
0.40160134
0.40160412
0.4016038
0.40160108
0.40159678
0.40159166
0.4015861
0.40158042
0.40157503
0.40156993
0.40156516
0.4015606
0.40155587
0.40155044
0.40154406
0.4015367
0.40152854
0.40151998
0.40151146
0.40150368
0.40149716
0.40149266
0.4014908
0.40149212
0.4014971
0.40150577
0.40151823
0.40153432
0.4015534
0.40157485
0.40159765
0.40162048
0.4016417
0.40166005
0.4016743
0.40168405
0.40168926
0.40169048
0.40168858
0.40168473
0.40167996
0.4016751
0.4016705
0.4016661
0.40166178
0.40165722
0.40165192
0.40164548
0.4016378
0.40162894
0.40161926
0.40160936
0.40159962
0.4015905
0.40158245
0.40157592
0.40157145
0.40156984
0.40157193
0.40157828
0.4015893
0.40160477
0.40162405
0.4016459
0.4016689
0.40169114
0.40171096
0.401727
0.40173814
0.40174413
0.40174478
0.40174073
0.40173277
0.4017221
0.40171
0.40169805
0.40168738
0.40167904
0.40167373
0.40167165
0.40167272
0.4016764
0.40168166
0.40168756
0.40169308
0.40169755
0.40170082
0.4017033
0.4017059
0.40170977
0.40171602
0.40172526
0.40173754
0.40175226
0.40176803
0.40178338
0.40179655
0.40180624
0.4018112
0.40181103
0.40180573
0.40179574
0.40178177
0.4017647
0.40174562
0.4017255
0.40170515
0.40168512
0.40166572
0.40164676
0.40162817
0.4016098
0.4015916
0.40157416
0.4015583
0.40154478
0.40153432
0.40152717
0.40152347
0.40152305
0.40152553
0.40153044
0.40153736
0.40154576
0.40155494
0.40156406
0.4015721
0.4015784
0.40158257
0.40158457
0.40158468
0.4015834
0.40158123
0.4015788
0.40157643
0.40157467
0.40157375
0.40157402
0.4015758
0.40157947
0.40158513
0.4015925
0.401601
0.40160975
0.40161803
0.40162534
0.40163183
0.4016378
0.40164408
0.40165135
0.40166038
0.4016714
0.40168437
0.40169853
0.40171272
0.40172553
0.40173566
0.40174198
0.40174353
0.4017398
0.40173075
0.4017166
0.40169805
0.401676
0.40165135
0.40162516
0.40159836
0.40157187
0.40154684
0.4015242
0.40150484
0.40148947
0.40147838
0.4014718
0.40146974
0.4014719
0.40147784
0.40148693
0.40149805
0.40151
0.40152135
0.401531
0.40153778
0.4015408
0.40153977
0.40153474
0.4015262
0.401515
0.40150192
0.40148795
0.40147376
0.40145993
0.4014472
0.4014362
0.40142748
0.40142143
0.40141818
0.40141767
0.40141943
0.4014232
0.4014285
0.40143505
0.4014426
0.40145087
0.4014596
0.4014689
0.40147856
0.40148842
0.40149826
0.40150756
0.40151596
0.40152302
0.40152878
0.4015338
0.40153882
0.4015448
0.40155253
0.40156257
0.40157506
0.40158954
0.40160543
0.40162155
0.40163642
0.4016486
0.40165713
0.40166137
0.4016611
0.40165696
0.40164965
0.4016404
0.4016302
0.40162006
0.40161076
0.40160298
0.401597
0.40159297
0.4015906
0.40158907
0.40158758
0.401585
0.40158075
0.40157455
0.4015665
0.4015572
0.40154743
0.40153787
0.40152895
0.40152106
0.40151432
0.4015087
0.4015039
0.40149993
0.4014964
0.40149322
0.40149015
0.4014872
0.40148452
0.40148228
0.40148094
0.40148073
0.40148196
0.4014846
0.40148908
0.4014953
0.40150398
0.40151536
0.40152988
0.40154758
0.4015683
0.40159133
0.40161577
0.40164018
0.40166304
0.401683
0.40169924
0.4017112
0.40171888
0.40172267
0.40172327
0.40172163
0.40171862
0.40171462
0.4017099
0.40170425
0.4016976
0.40169004
0.40168193
0.40167403
0.40166733
0.40166262
0.40166062
0.4016617
0.40166554
0.40167135
0.40167788
0.4016836
0.4016873
0.40168816
0.4016859
0.40168053
0.40167263
0.4016629
0.40165207
0.40164077
0.40162942
0.4016179
0.40160602
0.40159374
0.4015809
0.40156773
0.4015548
0.40154248
0.4015315
0.40152228
0.40151507
0.40151006
0.4015073
0.40150663
0.40150806
0.40151158
0.40151724
0.401525
0.40153474
0.40154615
0.40155876
0.40157205
0.40158564
0.40159926
0.40161234
0.40162444
0.40163463
0.4016419
0.40164548
0.4016451
0.4016406
0.40163252
0.4016214
0.40160832
0.40159434
0.40158033
0.40156725
0.40155593
0.40154693
0.4015408
0.4015374
0.4015367
0.40153843
0.40154225
0.40154782
0.40155506
0.40156367
0.4015734
0.4015837
0.40159398
0.40160343
0.401611
0.40161586
0.40161765
0.40161628
0.40161252
0.40160736
0.40160224
0.40159836
0.40159643
0.40159678
0.4015991
0.40160277
0.4016068
0.40161
0.40161175
0.40161145
0.4016092
0.40160528
0.4016002
0.40159452
0.4015885
0.40158212
0.4015754
0.40156773
0.40155888
0.40154853
0.40153688
0.40152445
0.4015117
0.4014992
0.40148762
0.40147728
0.40146825
0.4014604
0.40145382
0.4014483
0.401444
0.40144062
0.4014384
0.40143746
0.40143833
0.40144163
0.4014479
0.40145785
0.40147182
0.40149006
0.40151244
0.40153867
0.40156803
0.40159962
0.40163192
0.4016633
0.40169188
0.40171605
0.4017345
0.40174663
0.40175253
0.40175286
0.40174904
0.4017428
0.40173593
0.40173033
0.40172705
0.40172657
0.40172875
0.4017327
0.40173718
0.40174097
0.401743
0.4017425
0.4017391
0.40173277
0.40172365
0.40171242
0.40169975
0.4016866
0.40167403
0.40166268
0.4016527
0.40164402
0.4016362
0.40162873
0.4016214
0.4016145
0.4016085
0.40160412
0.40160194
0.40160242
0.4016055
0.40161118
0.40161937
0.40162995
0.40164283
0.40165776
0.40167424
0.40169147
0.40170822
0.40172288
0.40173408
0.40174055
0.4017416
0.40173706
0.40172723
0.4017129
0.40169516
0.40167534
0.40165505
0.4016357
0.4016186
0.40160456
0.40159422
0.40158784
0.4015854
0.40158665
0.40159124
0.4015984
0.4016073
0.40161714
0.4016274
0.4016378
0.40164846
0.4016595
0.4016708
0.40168214
0.40169275
0.4017019
0.4017089
0.40171334
0.4017151
0.40171444
0.4017119
0.40170765
0.40170172
0.40169394
0.40168378
0.4016708
0.40165493
0.40163642
0.40161592
0.40159467
0.40157384
0.40155473
0.40153822
0.40152484
0.40151483
0.4015081
0.40150434
0.40150297
0.4015033
0.4015044
0.40150526
0.40150502
0.40150297
0.40149876
0.4014927
0.40148523
0.40147692
0.4014685
0.40146038
0.40145314
0.40144706
0.4014421
0.4014385
0.40143606
0.4014348
0.40143463
0.4014355
0.4014373
0.40143988
0.401443
0.40144655
0.40145043
0.4014548
0.40145984
0.40146604
0.40147394
0.40148395
0.4014964
0.40151134
0.40152872
0.40154827
0.40156966
0.40159228
0.4016155
0.40163827
0.40165928
0.40167713
0.40169054
0.40169868
0.40170118
0.40169814
0.4016903
0.40167874
0.40166482
0.40164992
0.4016352
0.40162143
0.4016092
0.4015988
0.4015906
0.4015845
0.40158072
0.40157908
0.40157965
0.40158257
0.4015884
0.4015982
0.40161353
0.40163696
0.4016715
0.40172148
0.40179276
0.40189338
0.4020343
0.4022315
0.40250713
0.4028905
0.4034233
0.40416318
0.40518802
0.40660352
0.40855077
0.4112502
0.41492495
0.41988438
0.426602
0.43572044
0.44785213
