0.4424878
0.43195707
0.4240549
0.41810307
0.41365832
0.41037527
0.40796998
0.4062012
0.4049076
0.40396968
0.40329027
0.40280005
0.40244716
0.40219274
0.4020078
0.40187117
0.401768
0.40168798
0.4016247
0.40157416
0.40153414
0.40150294
0.40147978
0.40146396
0.4014548
0.40145168
0.40145397
0.40146098
0.40147203
0.40148628
0.40150294
0.40152103
0.40153977
0.4015581
0.4015753
0.40159056
0.40160367
0.40161443
0.40162274
0.40162918
0.40163428
0.40163866
0.40164298
0.40164784
0.40165368
0.40166074
0.40166906
0.4016783
0.40168768
0.40169632
0.40170354
0.40170884
0.40171197
0.40171298
0.4017119
0.40170866
0.4017028
0.40169427
0.40168312
0.40166995
0.4016557
0.4016417
0.4016295
0.40162048
0.40161562
0.40161562
0.40162045
0.40162995
0.4016432
0.40165922
0.4016774
0.40169686
0.40171665
0.40173575
0.40175298
0.40176725
0.40177798
0.40178484
0.40178773
0.40178707
0.40178332
0.40177718
0.40176928
0.40176
0.40174958
0.4017378
0.4017246
0.40170994
0.40169403
0.4016773
0.40166047
0.4016445
0.40163016
0.40161806
0.40160868
0.401602
0.40159822
0.40159723
0.40159908
0.40160364
0.40161052
0.40161926
0.40162903
0.40163893
0.40164796
0.4016556
0.40166146
0.40166524
0.40166646
0.40166458
0.40165898
0.40164945
0.40163624
0.40162033
0.40160313
0.40158638
0.40157163
0.40156
0.4015523
0.40154842
0.40154797
0.40155
0.40155318
0.40155622
0.40155756
0.40155628
0.4015519
0.4015444
0.4015344
0.4015228
0.40151066
0.40149906
0.40148893
0.40148127
0.40147683
0.40147623
0.40148008
0.40148884
0.40150258
0.4015211
0.4015439
0.40157
0.40159816
0.40162694
0.4016545
0.40167904
0.40169883
0.40171283
0.40172046
0.40172186
0.40171772
0.40170914
0.4016977
0.40168524
0.40167361
0.40166438
0.40165883
0.4016577
0.4016611
0.4016685
0.40167895
0.40169096
0.401703
0.40171334
0.40172058
0.40172386
0.4017231
0.40171877
0.4017121
0.40170464
0.40169814
0.4016943
0.401694
0.40169775
0.40170538
0.40171653
0.40173042
0.40174633
0.40176326
0.40177992
0.4017946
0.40180594
0.40181255
0.40181375
0.40180942
0.40179947
0.40178457
0.40176556
0.40174338
0.40171906
0.4016936
0.40166822
0.40164366
0.4016209
0.40160075
0.40158424
0.40157193
0.40156436
0.40156168
0.40156353
0.40156966
0.4015794
0.40159193
0.40160638
0.4016218
0.40163717
0.40165204
0.40166593
0.40167865
0.40168998
0.40169924
0.40170583
0.4017087
0.40170735
0.40170148
0.40169114
0.40167713
0.4016604
0.40164214
0.40162364
0.40160605
0.40159073
0.4015787
0.40157092
0.4015681
0.40157062
0.40157822
0.40159014
0.4016056
0.40162334
0.40164217
0.40166062
0.40167734
0.40169096
0.40170035
0.40170476
0.40170395
0.40169814
0.40168786
0.4016739
0.40165702
0.4016382
0.4016184
0.40159887
0.40158033
0.40156373
0.4015495
0.40153793
0.40152913
0.401523
0.4015195
0.40151846
0.40151972
0.40152285
0.40152767
0.40153354
0.4015397
0.4015454
0.40154985
0.40155265
0.40155372
0.40155277
0.4015496
0.40154406
0.40153593
0.40152586
0.40151447
0.40150294
0.4014923
0.4014834
0.40147686
0.4014732
0.40147266
0.40147522
0.40148085
0.40148917
0.40149987
0.40151235
0.40152603
0.40154013
0.401554
0.4015671
0.40157887
0.401589
0.4015972
0.40160364
0.4016089
0.40161404
0.40161985
0.40162697
0.4016355
0.40164503
0.4016548
0.40166372
0.4016708
0.4016756
0.401678
0.40167832
0.40167716
0.401675
0.4016722
0.40166903
0.40166554
0.40166157
0.40165713
0.4016524
0.40164787
0.40164414
0.40164182
0.4016413
0.40164274
0.40164578
0.40164998
0.40165427
0.40165734
0.40165776
0.4016547
0.4016478
0.40163732
0.4016243
0.40160975
0.40159503
0.40158123
0.4015692
0.40155953
0.40155232
0.4015475
0.40154442
0.4015425
0.4015409
0.40153867
0.40153533
0.40153068
0.40152493
0.40151843
0.40151185
0.40150577
0.40150085
0.40149757
0.4014964
0.4014975
0.4015009
0.4015064
0.40151373
0.40152222
0.40153125
0.40154004
0.40154815
0.40155515
0.4015611
0.40156606
0.40157
0.4015725
0.40157324
0.401572
0.4015687
0.40156367
0.4015572
0.40154994
0.40154243
0.40153533
0.40152952
0.40152574
0.40152448
0.40152618
0.40153056
0.40153736
0.40154573
0.4015548
0.4015635
0.40157115
0.401577
0.40158042
0.4015811
0.4015791
0.40157476
0.40156895
0.4015625
0.40155658
0.40155235
0.4015507
0.40155232
0.4015574
0.40156546
0.40157583
0.40158758
0.40159947
0.40161076
0.4016209
0.40163
0.40163854
0.4016471
0.40165627
0.4016661
0.40167627
0.40168598
0.401694
0.40169898
0.40170002
0.4016965
0.401689
0.40167838
0.4016663
0.4016546
0.40164527
0.40163976
0.40163898
0.40164334
0.40165237
0.4016648
0.4016789
0.40169278
0.40170434
0.40171233
0.4017155
0.4017133
0.40170583
0.40169367
0.401678
0.40166023
0.4016419
0.4016246
0.40160978
0.40159863
0.40159187
0.40158993
0.4015928
0.40160036
0.40161198
0.40162706
0.40164477
0.40166438
0.40168482
0.40170497
0.40172356
0.40173966
0.40175268
0.4017623
0.40176857
0.40177193
0.4017733
0.4017736
0.40177357
0.4017737
0.40177444
0.40177613
0.40177912
0.40178385
0.40179047
0.4017988
0.40180847
0.40181896
0.40182996
0.40184116
0.40185213
0.40186226
0.40187126
0.4018789
0.40188506
0.40188956
0.40189216
0.40189233
0.4018896
0.40188354
0.40187398
0.40186116
0.40184557
0.4018282
0.40181014
0.40179268
0.40177727
0.4017648
0.4017558
0.40174997
0.40174672
0.40174532
0.40174505
0.401746
0.4017482
0.4017523
0.40175876
0.40176803
0.40178013
0.401795
0.401812
0.40183046
0.40184915
0.40186727
0.40188423
0.40190026
0.4019163
0.40193427
0.4019572
0.40198952
0.4020373
0.4021091
0.40221664
0.40237597
0.40261054
0.40295228
0.40344286
0.40414113
0.4051268
0.40650788
0.40842742
0.41110724
0.41477278
0.41973323
0.42646143
0.43560195
0.44776347
