0.44267133
0.43219528
0.42433804
0.41842186
0.41400266
0.41073564
0.40833503
0.4065617
0.40525565
0.40429905
0.40359643
0.4030808
0.40270227
0.40242407
0.40221918
0.40206778
0.40195557
0.40187228
0.40181017
0.4017635
0.40172765
0.40169927
0.401676
0.4016562
0.40163898
0.40162364
0.40160942
0.4015957
0.40158224
0.40156886
0.40155602
0.40154466
0.4015356
0.40153003
0.40152842
0.40153137
0.40153894
0.40155053
0.40156543
0.40158215
0.4015991
0.4016146
0.40162712
0.40163565
0.40163994
0.40164027
0.4016376
0.40163308
0.40162814
0.40162387
0.4016215
0.40162158
0.40162474
0.40163103
0.40164018
0.40165162
0.40166453
0.4016779
0.40169123
0.40170434
0.40171754
0.40173116
0.40174568
0.40176138
0.40177792
0.40179485
0.40181103
0.40182525
0.40183634
0.40184313
0.40184465
0.40184036
0.4018302
0.40181425
0.40179312
0.40176785
0.4017397
0.4017104
0.401682
0.4016564
0.40163538
0.4016203
0.40161172
0.4016097
0.4016137
0.40162274
0.4016355
0.40165007
0.40166497
0.40167877
0.40169072
0.4017006
0.401709
0.4017165
0.40172416
0.40173274
0.40174255
0.40175354
0.40176505
0.40177637
0.40178642
0.40179473
0.401801
0.40180495
0.40180677
0.40180686
0.40180558
0.40180352
0.4018007
0.40179694
0.40179142
0.40178338
0.4017717
0.40175617
0.40173665
0.40171367
0.4016883
0.40166178
0.4016355
0.4016105
0.40158784
0.4015681
0.40155166
0.40153852
0.4015285
0.40152144
0.40151685
0.4015146
0.40151417
0.4015152
0.40151724
0.4015199
0.4015232
0.40152758
0.40153348
0.40154132
0.40155146
0.401564
0.4015788
0.40159518
0.4016122
0.4016284
0.4016423
0.40165263
0.40165854
0.40165988
0.40165734
0.4016519
0.40164497
0.40163827
0.40163332
0.40163115
0.40163252
0.4016379
0.40164727
0.40166014
0.4016758
0.40169308
0.40171093
0.4017281
0.40174344
0.40175605
0.40176523
0.4017704
0.4017714
0.4017681
0.4017608
0.4017498
0.40173584
0.40171984
0.40170288
0.4016861
0.40167084
0.40165812
0.40164852
0.40164223
0.40163922
0.4016389
0.40164065
0.4016436
0.4016468
0.40164933
0.40165055
0.40165043
0.4016493
0.4016477
0.40164617
0.40164497
0.40164423
0.4016441
0.4016444
0.40164495
0.4016454
0.4016454
0.40164435
0.40164182
0.4016376
0.40163165
0.40162438
0.40161613
0.40160763
0.40159956
0.4015923
0.40158615
0.40158087
0.4015758
0.4015702
0.40156314
0.401554
0.4015427
0.40152934
0.40151453
0.40149844
0.40148172
0.40146497
0.40144902
0.401435
0.40142384
0.4014165
0.40141365
0.40141553
0.40142244
0.4014343
0.40145054
0.4014705
0.40149307
0.40151715
0.40154132
0.4015645
0.40158546
0.4016035
0.4016184
0.4016306
0.40164086
0.40165022
0.40165955
0.40166962
0.4016808
0.40169284
0.40170538
0.40171757
0.40172827
0.40173617
0.40173995
0.4017386
0.40173185
0.4017195
0.40170214
0.40168077
0.4016569
0.40163222
0.40160862
0.40158775
0.40157086
0.401559
0.4015525
0.40155149
0.40155566
0.40156454
0.4015775
0.401594
0.40161362
0.40163606
0.401661
0.4016877
0.40171504
0.40174174
0.40176636
0.40178755
0.4018043
0.40181562
0.40182108
0.40182066
0.40181473
0.40180418
0.40179014
0.40177363
0.4017558
0.40173733
0.40171856
0.4016995
0.4016797
0.40165886
0.40163693
0.40161416
0.40159118
0.4015691
0.40154877
0.40153104
0.40151653
0.4015058
0.40149906
0.40149662
0.40149838
0.401504
0.4015127
0.40152356
0.40153548
0.40154728
0.40155804
0.4015672
0.40157452
0.40158007
0.4015839
0.40158653
0.40158832
0.4015896
0.40159044
0.40159085
0.40159038
0.40158874
0.40158573
0.40158135
0.40157607
0.40157026
0.40156448
0.40155882
0.40155336
0.401548
0.4015426
0.40153703
0.40153125
0.40152523
0.40151894
0.40151238
0.40150562
0.40149865
0.40149125
0.40148345
0.40147555
0.40146822
0.40146217
0.40145823
0.4014571
0.40145946
0.40146548
0.40147516
0.40148848
0.40150484
0.40152374
0.4015443
0.40156585
0.40158752
0.40160844
0.4016275
0.40164354
0.40165555
0.40166304
0.40166602
0.40166494
0.40166095
0.40165538
0.40164953
0.40164474
0.40164155
0.40164012
0.40163997
0.40164027
0.40163988
0.40163785
0.4016336
0.40162703
0.40161866
0.40160927
0.4015994
0.40158993
0.4015812
0.40157327
0.40156603
0.40155914
0.4015524
0.40154567
0.4015391
0.40153295
0.40152735
0.40152293
0.40151995
0.40151894
0.40152007
0.4015239
0.40153098
0.4015416
0.40155593
0.4015733
0.40159312
0.40161404
0.40163478
0.4016539
0.40167007
0.4016824
0.40169054
0.401694
0.40169287
0.4016877
0.4016792
0.40166846
0.40165657
0.4016447
0.40163344
0.4016232
0.40161416
0.4016055
0.40159667
0.40158665
0.40157506
0.4015617
0.4015471
0.40153217
0.40151787
0.4015049
0.4014935
0.40148368
0.401475
0.40146697
0.40145898
0.40145046
0.40144148
0.40143228
0.4014234
0.40141547
0.40140936
0.4014057
0.40140516
0.40140793
0.40141416
0.4014236
0.4014361
0.40145105
0.40146813
0.40148696
0.4015073
0.4015289
0.40155143
0.40157455
0.40159777
0.40162012
0.40164068
0.40165803
0.4016709
0.40167832
0.40167996
0.40167594
0.40166706
0.40165436
0.40163922
0.40162322
0.4016081
0.40159535
0.401586
0.40158033
0.4015781
0.40157852
0.40158054
0.40158325
0.4015858
0.40158793
0.40158978
0.40159178
0.4015945
0.40159854
0.4016048
0.40161425
0.40162742
0.40164447
0.4016651
0.40168825
0.4017126
0.40173623
0.40175736
0.40177444
0.40178618
0.4017923
0.4017926
0.4017879
0.40177915
0.40176767
0.40175495
0.40174216
0.40173018
0.40171948
0.40170985
0.40170068
0.40169123
0.40168044
0.40166736
0.4016514
0.40163225
0.4016105
0.40158692
0.40156287
0.40153953
0.40151817
0.40149978
0.40148512
0.40147477
0.40146884
0.40146738
0.4014701
0.40147674
0.40148667
0.40149918
0.40151334
0.40152806
0.40154222
0.40155485
0.40156546
0.40157402
0.40158084
0.40158623
0.40159082
0.40159467
0.401598
0.40160143
0.4016055
0.401611
0.4016185
0.4016282
0.40163985
0.4016525
0.40166494
0.4016756
0.40168312
0.40168622
0.4016843
0.40167728
0.4016656
0.40165052
0.40163356
0.40161648
0.401601
0.4015883
0.40157902
0.40157357
0.401572
0.40157375
0.40157837
0.401585
0.40159315
0.4016023
0.40161207
0.4016219
0.40163115
0.40163913
0.4016459
0.40165162
0.40165702
0.40166304
0.40167058
0.40168002
0.40169114
0.40170318
0.4017148
0.40172473
0.40173167
0.40173507
0.4017347
0.40173095
0.4017247
0.4017171
0.40170932
0.40170208
0.40169552
0.40168965
0.40168345
0.40167603
0.40166637
0.401654
0.40163916
0.4016226
0.4016057
0.40159005
0.40157685
0.40156716
0.40156147
0.40156
0.40156257
0.40156874
0.40157786
0.40158933
0.40160272
0.4016171
0.40163147
0.40164435
0.40165415
0.4016599
0.40166038
0.40165555
0.4016456
0.40163133
0.4016138
0.40159443
0.40157452
0.40155533
0.4015379
0.40152293
0.40151083
0.40150204
0.4014971
0.40149644
0.40150037
0.40150896
0.40152195
0.40153882
0.40155852
0.40157977
0.401601
0.4016203
0.401636
0.40164667
0.40165135
0.40164998
0.40164307
0.40163174
0.40161765
0.40160245
0.40158772
0.40157485
0.40156493
0.40155867
0.40155625
0.40155762
0.40156224
0.40156907
0.4015773
0.40158573
0.40159312
0.40159857
0.4016014
0.4016014
0.40159896
0.40159497
0.40159056
0.40158686
0.40158504
0.40158564
0.40158898
0.40159464
0.40160194
0.4016097
0.40161666
0.40162167
0.40162423
0.40162435
0.40162244
0.40161937
0.40161613
0.40161353
0.40161276
0.40161425
0.4016185
0.40162563
0.40163538
0.40164754
0.4016614
0.40167654
0.4016922
0.40170777
0.40172237
0.4017351
0.40174508
0.40175164
0.40175444
0.4017536
0.40174985
0.40174413
0.40173757
0.4017315
0.40172672
0.40172377
0.40172282
0.40172353
0.40172568
0.40172917
0.40173396
0.40174028
0.4017482
0.4017576
0.40176785
0.40177804
0.40178698
0.4017937
0.4017973
0.4017971
0.40179262
0.40178347
0.40176964
0.40175128
0.4017286
0.40170228
0.4016733
0.40164304
0.40161327
0.40158558
0.40156147
0.40154192
0.40152723
0.4015174
0.40151176
0.40150973
0.4015104
0.40151277
0.40151593
0.40151927
0.4015223
0.40152526
0.4015287
0.40153334
0.40153983
0.40154856
0.4015599
0.40157384
0.40159023
0.4016086
0.40162805
0.40164757
0.40166593
0.401682
0.40169457
0.40170282
0.40170658
0.40170604
0.40170193
0.40169507
0.40168643
0.40167707
0.40166762
0.40165865
0.40165037
0.4016428
0.4016359
0.4016295
0.40162367
0.40161842
0.4016136
0.40160877
0.4016035
0.4015975
0.4015909
0.40158397
0.40157738
0.4015714
0.40156633
0.40156215
0.40155882
0.40155587
0.40155306
0.40155014
0.40154696
0.40154344
0.40153974
0.4015361
0.4015329
0.40153039
0.40152875
0.4015279
0.4015275
0.40152705
0.40152618
0.40152478
0.40152317
0.4015221
0.40152237
0.40152475
0.4015297
0.40153766
0.40154848
0.4015618
0.401577
0.40159303
0.40160853
0.4016221
0.40163216
0.4016376
0.40163773
0.40163252
0.40162283
0.40160993
0.40159532
0.40158063
0.40156713
0.4015557
0.40154687
0.4015407
0.40153706
0.40153557
0.40153578
0.40153703
0.40153894
0.40154058
0.40154138
0.40154105
0.4015396
0.4015372
0.4015346
0.40153226
0.40153107
0.40153152
0.4015341
0.40153906
0.4015464
0.4015558
0.40156704
0.40157923
0.4015916
0.40160322
0.40161327
0.40162095
0.40162608
0.40162873
0.4016292
0.401628
0.40162557
0.40162233
0.40161827
0.40161356
0.40160817
0.40160212
0.40159535
0.4015874
0.40157828
0.4015677
0.40155587
0.4015431
0.4015298
0.4015164
0.40150332
0.40149102
0.40148
0.40147057
0.40146324
0.4014583
0.401456
0.40145642
0.40145946
0.4014647
0.4014717
0.40147957
0.40148735
0.4014941
0.40149865
0.40150023
0.4014985
0.40149346
0.40148556
0.40147558
0.40146443
0.401453
0.40144214
0.40143272
0.40142548
0.40142083
0.40141907
0.40142035
0.40142462
0.40143168
0.40144143
0.4014536
0.40146783
0.40148368
0.40150037
0.40151742
0.40153393
0.40154952
0.4015635
0.40157562
0.40158546
0.4015932
0.40159914
0.40160385
0.4016078
0.40161127
0.4016143
0.40161675
0.4016183
0.40161893
0.40161863
0.4016173
0.4016149
0.40161106
0.40160543
0.40159783
0.4015883
0.40157712
0.40156454
0.40155113
0.4015374
0.4015239
0.40151116
0.4014997
0.40148988
0.40148205
0.4014764
0.40147302
0.4014718
0.40147245
0.40147486
0.40147853
0.4014829
0.40148756
0.4014921
0.40149623
0.40149996
0.40150374
0.4015077
0.40151227
0.40151766
0.40152422
0.4015321
0.40154147
0.4015525
0.40156543
0.40158024
0.40159678
0.40161464
0.40163308
0.4016512
0.40166765
0.4016814
0.40169156
0.4016975
0.40169913
0.40169668
0.40169087
0.4016827
0.40167338
0.4016639
0.4016552
0.40164787
0.40164214
0.4016382
0.40163565
0.4016342
0.40163377
0.40163437
0.40163633
0.40164003
0.40164518
0.40165156
0.40165794
0.4016634
0.40166646
0.40166643
0.4016627
0.40165564
0.4016459
0.40163445
0.4016226
0.40161148
0.4016018
0.40159371
0.4015873
0.40158197
0.40157717
0.40157285
0.40156898
0.40156606
0.4015644
0.40156445
0.40156603
0.40156916
0.4015735
0.40157846
0.40158355
0.4015883
0.40159264
0.40159693
0.40160164
0.40160722
0.40161398
0.40162173
0.4016301
0.40163836
0.40164566
0.40165126
0.40165478
0.401656
0.4016555
0.40165374
0.40165117
0.40164822
0.401645
0.4016415
0.40163773
0.40163377
0.40162995
0.40162668
0.4016246
0.4016241
0.40162563
0.40162918
0.4016342
0.40163994
0.4016456
0.40165043
0.40165403
0.40165657
0.40165833
0.4016596
0.40166095
0.40166247
0.40166453
0.4016671
0.4016704
0.40167397
0.40167767
0.4016812
0.4016849
0.40168914
0.40169466
0.40170193
0.4017112
0.4017223
0.40173504
0.40174899
0.40176347
0.40177765
0.40179068
0.4018019
0.40181082
0.40181726
0.40182137
0.4018233
0.40182367
0.40182304
0.40182215
0.4018216
0.4018219
0.40182382
0.40182737
0.40183252
0.40183854
0.40184468
0.40184993
0.40185335
0.40185404
0.40185118
0.40184438
0.40183356
0.4018188
0.40180078
0.40178022
0.40175807
0.40173554
0.4017138
0.40169385
0.4016764
0.4016617
0.4016498
0.4016405
0.4016337
0.4016295
0.40162867
0.40163195
0.4016402
0.40165392
0.40167314
0.40169755
0.40172604
0.40175718
0.40178934
0.4018206
0.40184936
0.4018742
0.40189412
0.40190825
0.40191618
0.401918
0.40191388
0.4019043
0.40189022
0.40187255
0.4018525
0.40183115
0.40181002
0.40179026
0.4017729
0.40175837
0.40174702
0.4017387
0.40173292
0.401729
0.40172595
0.40172315
0.40171996
0.40171668
0.4017135
0.40171102
0.40170968
0.40170988
0.4017115
0.40171424
0.40171757
0.40172076
0.40172297
0.40172347
0.40172163
0.40171725
0.4017103
0.40170118
0.40169045
0.4016791
0.40166807
0.4016584
0.40165094
0.4016465
0.4016453
0.4016473
0.4016519
0.40165812
0.40166482
0.4016708
0.40167513
0.4016775
0.40167823
0.40167844
0.4016794
0.4016826
0.40168908
0.40169975
0.4017147
0.40173352
0.40175545
0.40177897
0.40180293
0.40182573
0.40184626
0.40186366
0.4018773
0.401887
0.40189275
0.40189463
0.4018929
0.40188813
0.40188098
0.4018723
0.4018631
0.40185428
0.40184653
0.40184015
0.40183452
0.40182868
0.4018215
0.40181214
0.40180013
0.4017854
0.40176818
0.40174916
0.40172878
0.40170744
0.40168542
0.4016633
0.4016417
0.40162155
0.40160364
0.40158877
0.4015778
0.40157112
0.401569
0.4015715
0.40157855
0.40158963
0.40160406
0.4016209
0.40163875
0.40165615
0.40167192
0.401685
0.4016949
0.40170145
0.4017048
0.40170538
0.40170354
0.40169966
0.40169412
0.4016872
0.40167928
0.40167084
0.40166235
0.40165424
0.40164655
0.4016393
0.4016322
0.4016251
0.40161797
0.4016114
0.40160578
0.40160227
0.40160167
0.40160477
0.4016118
0.40162298
0.40163782
0.4016558
0.401676
0.4016976
0.4017193
0.4017396
0.4017571
0.4017704
0.40177852
0.40178072
0.40177673
0.40176663
0.4017509
0.40173003
0.40170538
0.40167806
0.4016495
0.40162107
0.40159366
0.40156832
0.40154576
0.40152666
0.4015115
0.4015007
0.4014947
0.40149394
0.40149844
0.40150845
0.40152377
0.40154383
0.4015677
0.40159395
0.40162107
0.40164727
0.40167105
0.40169117
0.40170676
0.4017171
0.40172195
0.40172142
0.40171614
0.4017069
0.40169504
0.40168208
0.40166977
0.40165973
0.40165323
0.40165102
0.40165305
0.4016588
0.40166733
0.40167725
0.40168735
0.40169638
0.4017037
0.4017088
0.4017117
0.40171263
0.40171203
0.40171093
0.40171024
0.40171105
0.40171432
0.401721
0.4017318
0.40174675
0.4017656
0.40178755
0.4018111
0.40183464
0.4018567
0.40187585
0.40189096
0.40190107
0.40190575
0.40190488
0.40189853
0.40188727
0.40187177
0.4018529
0.40183195
0.40181044
0.40179002
0.4017722
0.4017584
0.40174913
0.40174487
0.40174517
0.40174913
0.40175536
0.4017619
0.4017672
0.40176988
0.40176937
0.40176547
0.40175858
0.4017494
0.4017391
0.4017284
0.40171805
0.4017084
0.4016996
0.4016918
0.40168515
0.40168002
0.40167665
0.4016753
0.40167642
0.40168026
0.40168682
0.40169594
0.40170693
0.4017194
0.40173241
0.40174532
0.40175736
0.4017678
0.40177587
0.4017809
0.40178245
0.40177995
0.40177324
0.40176216
0.4017471
0.40172872
0.40170795
0.40168598
0.40166432
0.40164438
0.4016273
0.4016142
0.40160578
0.40160218
0.40160352
0.4016095
0.40161973
0.40163362
0.40165016
0.401668
0.40168574
0.40170184
0.40171492
0.40172416
0.40172902
0.40172935
0.40172556
0.40171817
0.4017081
0.40169647
0.4016842
0.40167207
0.4016607
0.4016502
0.40164033
0.4016309
0.4016218
0.4016133
0.40160593
0.40160072
0.40159845
0.40159997
0.40160593
0.40161648
0.40163174
0.40165126
0.40167418
0.40169922
0.4017247
0.4017489
0.4017702
0.40178722
0.4017989
0.40180445
0.4018038
0.40179703
0.40178484
0.40176803
0.40174773
0.40172505
0.4017013
0.40167758
0.40165493
0.4016343
0.40161613
0.4016009
0.4015888
0.40157992
0.40157422
0.40157154
0.4015718
0.40157503
0.40158102
0.4015899
0.40160125
0.4016144
0.40162873
0.40164334
0.40165728
0.40166962
0.40167996
0.40168822
0.40169472
0.40170026
0.40170556
0.4017113
0.40171772
0.40172508
0.40173316
0.40174133
0.4017488
0.40175477
0.4017585
0.40175942
0.401757
0.4017513
0.40174252
0.401731
0.40171757
0.40170318
0.40168884
0.40167534
0.40166363
0.40165442
0.40164816
0.40164497
0.40164483
0.4016477
0.40165323
0.4016611
0.4016708
0.401682
0.40169373
0.40170535
0.40171582
0.40172428
0.40172997
0.40173253
0.40173182
0.40172783
0.40172067
0.40171033
0.401697
0.4016809
0.40166226
0.40164164
0.4016199
0.4015981
0.40157717
0.40155792
0.40154085
0.40152636
0.4015146
0.4015056
0.4014995
0.40149614
0.40149537
0.4014968
0.40150008
0.40150476
0.40151045
0.40151653
0.40152243
0.40152732
0.4015304
0.4015313
0.40152973
0.40152568
0.4015194
0.40151125
0.4015018
0.40149194
0.40148225
0.4014737
0.40146685
0.40146208
0.40145957
0.40145922
0.40146083
0.40146393
0.40146807
0.4014729
0.4014781
0.40148374
0.40148962
0.40149587
0.4015023
0.40150896
0.40151593
0.40152377
0.40153295
0.4015441
0.40155756
0.40157366
0.40159193
0.401612
0.40163276
0.40165287
0.40167114
0.40168634
0.40169778
0.40170524
0.4017084
0.4017075
0.40170288
0.40169507
0.4016849
0.40167338
0.40166152
0.40165013
0.40163985
0.4016313
0.40162474
0.40162048
0.40161833
0.40161866
0.4016217
0.40162778
0.40163702
0.40164933
0.40166444
0.40168208
0.40170208
0.40172398
0.40174752
0.40177214
0.40179697
0.401821
0.40184328
0.40186298
0.40187937
0.40189183
0.4019
0.4019035
0.40190232
0.40189624
0.40188524
0.4018694
0.4018489
0.4018244
0.4017965
0.40176603
0.40173408
0.40170208
0.40167108
0.40164268
0.4016178
0.40159705
0.40158066
0.4015682
0.40155873
0.4015514
0.4015453
0.40154
0.40153584
0.4015331
0.40153274
0.40153542
0.4015421
0.40155292
0.40156826
0.4015876
0.4016103
0.40163535
0.40166155
0.40168762
0.4017122
0.401734
0.40175188
0.401765
0.40177304
0.401776
0.4017745
0.40176922
0.40176153
0.4017528
0.40174437
0.40173736
0.40173227
0.4017293
0.4017279
0.40172789
0.40172878
0.40173048
0.40173286
0.40173534
0.40173733
0.40173784
0.40173593
0.40173084
0.40172225
0.40171048
0.40169618
0.4016805
0.4016649
0.40165085
0.40163958
0.4016318
0.401628
0.4016276
0.40163025
0.40163493
0.40164047
0.40164608
0.40165144
0.40165675
0.4016623
0.40166888
0.40167698
0.40168703
0.40169913
0.4017134
0.40172926
0.40174595
0.4017627
0.40177867
0.40179357
0.40180734
0.4018202
0.4018327
0.4018449
0.4018567
0.40186822
0.40187943
0.4018907
0.40190235
0.40191448
0.40192688
0.40193915
0.40195075
0.4019612
0.4019698
0.40197617
0.4019801
0.4019815
0.4019804
0.4019769
0.40197092
0.40196222
0.40195066
0.4019358
0.4019174
0.40189543
0.4018699
0.40184116
0.40180978
0.40177673
0.40174302
0.4017099
0.40167847
0.40164983
0.4016247
0.40160397
0.4015878
0.40157613
0.40156844
0.40156412
0.40156198
0.4015607
0.40155903
0.40155607
0.40155143
0.401545
0.40153712
0.40152848
0.40151963
0.40151092
0.40150288
0.40149584
0.40148988
0.40148523
0.40148205
0.40148056
0.40148103
0.4014837
0.40148842
0.4014951
0.40150338
0.40151277
0.40152317
0.40153462
0.40154696
0.40155977
0.40157276
0.401585
0.40159562
0.40160382
0.40160906
0.4016116
0.40161192
0.40161127
0.40161046
0.40161052
0.40161192
0.40161481
0.4016194
0.4016256
0.40163317
0.40164205
0.4016519
0.4016623
0.4016728
0.4016832
0.40169328
0.40170267
0.40171066
0.40171668
0.4017199
0.4017198
0.40171605
0.4017084
0.40169692
0.40168226
0.40166518
0.4016473
0.40162987
0.40161416
0.40160102
0.40159112
0.4015845
0.4015815
0.4015817
0.40158483
0.4015903
0.40159738
0.40160516
0.40161252
0.40161836
0.401622
0.401623
0.40162182
0.40161884
0.40161493
0.40161076
0.40160677
0.40160295
0.4015991
0.40159518
0.40159085
0.4015862
0.4015817
0.4015775
0.40157372
0.40157068
0.4015687
0.4015683
0.40157008
0.40157443
0.40158165
0.40159136
0.40160316
0.40161675
0.4016318
0.4016484
0.40166697
0.40168786
0.40171137
0.40173733
0.40176496
0.4017932
0.40182084
0.40184674
0.40187004
0.40189007
0.4019062
0.40191814
0.4019256
0.40192837
0.40192634
0.40191945
0.401908
0.40189233
0.4018728
0.40185
0.40182456
0.4017973
0.40176877
0.4017401
0.40171197
0.40168512
0.4016601
0.40163732
0.40161678
0.40159842
0.40158233
0.40156853
0.40155688
0.40154734
0.40153977
0.40153396
0.40153006
0.40152782
0.40152758
0.4015292
0.40153244
0.40153715
0.40154272
0.40154868
0.40155464
0.4015603
0.40156513
0.40156865
0.40157053
0.40157053
0.40156856
0.40156475
0.40155953
0.40155315
0.40154597
0.40153813
0.40152982
0.4015215
0.40151364
0.401507
0.40150177
0.4014982
0.4014962
0.40149546
0.4014956
0.40149665
0.40149817
0.40150005
0.40150213
0.40150452
0.4015075
0.40151104
0.4015155
0.40152073
0.40152645
0.40153196
0.4015368
0.40154055
0.40154332
0.40154552
0.40154758
0.4015501
0.40155315
0.401557
0.4015614
0.401566
0.40157068
0.40157542
0.40158048
0.40158632
0.4015931
0.401601
0.40160978
0.4016191
0.40162858
0.4016379
0.40164724
0.40165707
0.40166757
0.4016789
0.40169093
0.40170306
0.40171453
0.40172416
0.40173107
0.4017345
0.4017342
0.40173006
0.40172264
0.40171263
0.40170112
0.40168917
0.40167755
0.4016669
0.4016574
0.40164924
0.40164244
0.4016365
0.4016312
0.40162584
0.4016201
0.40161362
0.40160653
0.40159908
0.4015916
0.40158454
0.40157834
0.40157327
0.40156984
0.40156874
0.40157035
0.40157512
0.40158287
0.40159288
0.4016041
0.40161502
0.40162432
0.40163103
0.40163466
0.40163556
0.40163422
0.40163156
0.4016284
0.4016253
0.40162304
0.40162155
0.40162113
0.40162158
0.40162292
0.40162522
0.40162873
0.40163386
0.40164074
0.40164945
0.40165976
0.40167108
0.40168226
0.40169218
0.4016999
0.40170467
0.4017064
0.4017055
0.40170276
0.40169966
0.40169755
0.4016977
0.40170065
0.40170676
0.40171537
0.40172547
0.40173548
0.40174398
0.4017492
0.4017502
0.40174624
0.4017374
0.40172416
0.40170774
0.4016897
0.4016718
0.4016556
0.40164226
0.40163267
0.40162703
0.40162557
0.401628
0.4016337
0.40164158
0.4016504
0.40165868
0.40166476
0.40166762
0.40166655
0.40166134
0.40165251
0.4016409
0.40162754
0.4016139
0.4016009
0.40158948
0.4015802
0.40157342
0.40156898
0.40156665
0.40156588
0.4015659
0.40156627
0.4015665
0.40156683
0.40156746
0.40156904
0.4015719
0.40157616
0.40158212
0.40158954
0.40159795
0.4016069
0.40161535
0.40162235
0.40162736
0.40162995
0.4016303
0.4016289
0.40162647
0.40162355
0.4016208
0.4016187
0.4016179
0.4016191
0.40162316
0.4016308
0.40164262
0.4016588
0.401679
0.40170228
0.4017276
0.40175343
0.40177816
0.40180027
0.40181854
0.40183198
0.40184003
0.40184233
0.40183917
0.401831
0.40181887
0.401804
0.40178794
0.40177247
0.40175924
0.40174988
0.40174565
0.40174726
0.40175453
0.40176672
0.40178257
0.40180027
0.40181807
0.40183446
0.40184805
0.40185812
0.401864
0.40186542
0.40186203
0.40185374
0.40184104
0.4018246
0.40180543
0.4017849
0.40176442
0.40174544
0.40172893
0.40171537
0.40170488
0.40169737
0.40169257
0.40169019
0.40169054
0.40169328
0.40169838
0.40170497
0.40171215
0.40171877
0.4017245
0.40172955
0.4017356
0.40174577
0.40176526
0.40180132
0.40186366
0.40196556
0.40212414
0.40236494
0.40271834
0.40322652
0.40394768
0.4049602
0.40637004
0.4083191
0.4110274
0.41471758
0.4196985
0.42644405
0.43559438
0.44776025
