0.44260642
0.43210816
0.42422906
0.4182908
0.41384965
0.41056094
0.40814123
0.40635172
0.40503287
0.40406802
0.4033615
0.40284595
0.40247104
0.40219903
0.40200198
0.40185902
0.40175518
0.4016798
0.40162516
0.4015858
0.40155777
0.4015384
0.4015254
0.4015177
0.40151408
0.40151426
0.40151805
0.40152565
0.40153697
0.4015519
0.4015698
0.4015898
0.4016106
0.40163046
0.40164745
0.40166005
0.40166706
0.40166798
0.40166306
0.40165278
0.4016384
0.40162134
0.40160295
0.40158424
0.4015662
0.4015492
0.4015337
0.40152028
0.4015093
0.4015015
0.4014972
0.4014968
0.40150055
0.40150842
0.40152022
0.40153542
0.40155318
0.40157276
0.40159312
0.40161362
0.40163332
0.4016513
0.40166637
0.4016774
0.40168345
0.40168372
0.4016779
0.4016662
0.4016492
0.40162814
0.40160424
0.40157923
0.4015546
0.4015316
0.40151116
0.40149367
0.40147936
0.40146822
0.40146005
0.40145472
0.40145203
0.4014518
0.40145388
0.40145814
0.40146428
0.4014718
0.40148026
0.40148905
0.4014977
0.40150586
0.40151367
0.4015215
0.4015298
0.4015386
0.40154785
0.40155718
0.40156606
0.40157375
0.40157968
0.40158322
0.40158382
0.4015812
0.40157527
0.40156624
0.4015546
0.40154135
0.40152737
0.40151358
0.40150064
0.4014893
0.40148
0.401473
0.4014685
0.40146613
0.40146562
0.40146664
0.40146855
0.40147114
0.40147454
0.40147913
0.40148547
0.40149418
0.40150574
0.40152034
0.40153795
0.40155807
0.4015799
0.40160227
0.40162405
0.40164444
0.4016629
0.40167928
0.40169346
0.40170527
0.40171427
0.40172002
0.40172222
0.401721
0.40171674
0.40171006
0.40170172
0.40169227
0.40168226
0.40167236
0.40166327
0.4016558
0.40165055
0.40164796
0.40164804
0.40165058
0.40165514
0.40166122
0.40166834
0.40167585
0.40168303
0.4016888
0.40169218
0.4016923
0.40168852
0.40168074
0.40166935
0.40165538
0.4016399
0.4016244
0.40161014
0.40159792
0.40158856
0.40158224
0.4015789
0.40157828
0.4015794
0.40158153
0.40158334
0.40158364
0.40158153
0.40157634
0.40156823
0.4015575
0.40154514
0.40153208
0.4015192
0.40150738
0.40149724
0.40148938
0.4014841
0.40148187
0.40148294
0.40148756
0.4014959
0.401508
0.4015237
0.4015427
0.40156406
0.40158683
0.4016094
0.4016302
0.40164763
0.4016606
0.40166843
0.401671
0.4016688
0.40166256
0.40165296
0.40164092
0.4016268
0.401611
0.401594
0.40157637
0.40155894
0.40154266
0.40152842
0.40151718
0.40150988
0.40150723
0.40150973
0.40151754
0.40153039
0.40154755
0.4015683
0.4015913
0.40161508
0.40163788
0.40165818
0.40167457
0.40168604
0.401692
0.40169215
0.40168682
0.40167665
0.40166256
0.40164563
0.40162706
0.40160757
0.40158802
0.40156925
0.40155202
0.401537
0.40152466
0.40151483
0.4015075
0.40150192
0.4014975
0.40149358
0.40148965
0.4014857
0.4014822
0.40148
0.40147957
0.4014817
0.40148667
0.40149468
0.40150556
0.4015191
0.40153474
0.4015519
0.40156993
0.40158805
0.40160596
0.4016234
0.40164044
0.40165716
0.40167356
0.40168917
0.40170345
0.40171555
0.40172428
0.40172866
0.40172797
0.40172207
0.40171117
0.40169603
0.40167788
0.4016581
0.40163812
0.4016193
0.40160254
0.40158877
0.40157852
0.40157196
0.40156922
0.40157017
0.40157416
0.40158048
0.40158817
0.40159583
0.40160212
0.40160564
0.40160516
0.4016002
0.40159073
0.40157732
0.4015612
0.40154386
0.40152663
0.40151066
0.40149695
0.40148598
0.40147808
0.40147334
0.40147176
0.40147316
0.40147725
0.40148368
0.4014918
0.40150088
0.40150988
0.40151766
0.40152314
0.4015257
0.40152535
0.40152287
0.40151945
0.40151653
0.40151548
0.40151724
0.40152243
0.4015313
0.40154383
0.4015596
0.4015776
0.40159675
0.4016155
0.40163216
0.40164545
0.4016543
0.40165818
0.40165725
0.40165198
0.40164348
0.40163332
0.40162295
0.40161392
0.4016077
0.40160537
0.40160772
0.40161508
0.40162727
0.40164346
0.40166238
0.40168235
0.40170163
0.40171853
0.40173167
0.40174025
0.40174356
0.40174156
0.40173438
0.40172297
0.4017086
0.401693
0.40167844
0.40166774
0.40166408
0.40167123
0.4016938
0.401738
0.40181223
0.40192816
0.40210217
0.40235814
0.40272513
0.4032447
0.40397447
0.4049924
0.40640473
0.40835336
0.4110592
0.41474572
0.41972244
0.42646328
0.43560916
0.4477709
