0.44262007
0.4321287
0.42425898
0.41833344
0.41390884
0.41064125
0.408246
0.4064839
0.40519446
0.4042584
0.4035791
0.40308776
0.402733
0.40247637
0.4022895
0.40215173
0.4020481
0.40196812
0.4019047
0.4018528
0.40180907
0.40177128
0.40173775
0.40170744
0.40167955
0.40165356
0.40162972
0.40160835
0.40159023
0.401576
0.4015659
0.4015599
0.40155753
0.40155834
0.40156177
0.40156713
0.40157366
0.4015804
0.4015865
0.40159103
0.40159383
0.40159494
0.4015946
0.40159327
0.40159163
0.40159032
0.4015897
0.40158993
0.4015906
0.4015909
0.40159008
0.40158746
0.40158296
0.4015769
0.40157008
0.40156347
0.40155786
0.40155405
0.40155295
0.4015551
0.4015611
0.40157104
0.40158445
0.40160057
0.40161812
0.4016356
0.40165144
0.4016648
0.40167508
0.40168276
0.4016886
0.401694
0.40170017
0.4017083
0.40171888
0.40173182
0.40174654
0.40176153
0.40177545
0.40178704
0.4017952
0.40179944
0.4017995
0.40179574
0.40178874
0.4017795
0.4017691
0.4017587
0.40174934
0.4017416
0.40173563
0.40173104
0.4017271
0.40172294
0.40171757
0.40171048
0.40170103
0.40168947
0.4016762
0.4016621
0.40164828
0.40163583
0.4016256
0.40161797
0.4016132
0.4016111
0.4016113
0.40161318
0.401616
0.40161893
0.40162104
0.40162137
0.40161917
0.40161377
0.40160498
0.40159294
0.40157846
0.40156272
0.40154707
0.4015325
0.40151998
0.40151006
0.40150303
0.40149894
0.4014975
0.4014983
0.40150073
0.4015044
0.40150884
0.40151346
0.40151772
0.401521
0.40152285
0.401523
0.4015209
0.40151647
0.40150994
0.40150228
0.40149468
0.40148854
0.40148482
0.40148437
0.40148747
0.401494
0.40150353
0.40151528
0.40152827
0.40154147
0.401554
0.40156537
0.40157565
0.40158528
0.40159535
0.40160683
0.4016204
0.40163627
0.40165403
0.40167284
0.4016913
0.4017077
0.4017207
0.40172932
0.4017331
0.4017324
0.4017279
0.40172118
0.4017139
0.40170774
0.401704
0.40170377
0.40170702
0.40171337
0.40172166
0.4017304
0.40173772
0.40174204
0.40174216
0.4017374
0.40172747
0.40171298
0.4016949
0.40167448
0.40165335
0.40163323
0.40161562
0.40160173
0.4015922
0.40158707
0.40158588
0.40158808
0.40159288
0.40159982
0.40160832
0.40161774
0.40162712
0.4016357
0.40164304
0.40164888
0.40165353
0.40165767
0.40166226
0.401668
0.40167508
0.40168318
0.40169138
0.40169832
0.40170276
0.4017036
0.40170002
0.40169165
0.4016785
0.40166134
0.40164104
0.40161917
0.40159717
0.40157616
0.40155718
0.4015408
0.40152723
0.40151653
0.4015086
0.4015032
0.40150025
0.40149972
0.40150174
0.40150636
0.4015136
0.4015233
0.40153524
0.40154952
0.40156618
0.4015856
0.40160817
0.40163383
0.4016623
0.4016929
0.4017246
0.401756
0.40178558
0.40181196
0.40183398
0.40185085
0.40186203
0.40186724
0.40186659
0.4018601
0.401848
0.40183088
0.40180972
0.401786
0.40176126
0.40173757
0.4017162
0.40169862
0.40168515
0.40167594
0.40167022
0.4016669
0.40166473
0.40166238
0.4016588
0.4016535
0.40164652
0.4016384
0.40162995
0.4016218
0.40161455
0.40160856
0.40160385
0.40160048
0.40159833
0.40159675
0.40159523
0.40159312
0.40159014
0.40158617
0.40158135
0.4015757
0.40156993
0.40156457
0.4015605
0.4015583
0.4015585
0.40156135
0.40156713
0.40157577
0.4015868
0.40159968
0.40161327
0.40162653
0.4016384
0.4016477
0.4016535
0.40165526
0.40165275
0.40164623
0.40163633
0.4016239
0.40160975
0.40159485
0.40158033
0.40156692
0.40155557
0.4015465
0.40154004
0.40153575
0.40153304
0.40153107
0.401529
0.40152603
0.4015215
0.40151533
0.40150765
0.4014985
0.40148813
0.40147677
0.40146443
0.40145153
0.40143818
0.40142485
0.4014121
0.40140057
0.4013909
0.40138364
0.4013793
0.4013781
0.4013803
0.40138605
0.40139493
0.40140697
0.40142167
0.40143862
0.40145737
0.40147716
0.40149736
0.40151715
0.40153584
0.4015529
0.40156743
0.40157878
0.40158603
0.40158877
0.40158713
0.4015817
0.4015737
0.40156454
0.40155584
0.40154913
0.4015456
0.4015462
0.40155137
0.40156102
0.4015748
0.40159193
0.4016116
0.40163243
0.40165323
0.40167296
0.4016906
0.40170556
0.40171725
0.40172493
0.40172789
0.40172553
0.40171745
0.40170377
0.4016847
0.4016614
0.40163505
0.40160707
0.4015788
0.4015514
0.40152568
0.40150225
0.40148115
0.40146247
0.4014462
0.40143207
0.40142015
0.40141037
0.40140262
0.40139693
0.40139326
0.40139174
0.40139258
0.4013961
0.40140262
0.4014124
0.40142557
0.40144226
0.4014625
0.40148616
0.4015131
0.40154296
0.40157506
0.4016086
0.40164274
0.40167624
0.40170774
0.40173593
0.40175956
0.40177798
0.40179053
0.40179726
0.4017983
0.40179446
0.40178677
0.40177655
0.40176502
0.40175346
0.40174267
0.40173292
0.40172416
0.40171576
0.4017072
0.40169755
0.4016863
0.40167335
0.4016588
0.4016435
0.40162817
0.40161386
0.40160125
0.40159082
0.40158248
0.40157613
0.40157136
0.4015677
0.40156493
0.40156275
0.40156102
0.4015599
0.4015595
0.40156028
0.4015623
0.4015658
0.40157053
0.40157607
0.40158197
0.40158758
0.40159252
0.40159696
0.40160084
0.40160465
0.40160894
0.40161428
0.40162107
0.40162936
0.40163878
0.4016484
0.40165725
0.40166432
0.40166876
0.40167022
0.40166885
0.40166545
0.40166125
0.40165794
0.40165666
0.40165856
0.40166393
0.4016725
0.4016832
0.40169442
0.40170416
0.40171045
0.4017118
0.40170738
0.40169698
0.40168115
0.40166098
0.4016379
0.40161344
0.40158904
0.40156573
0.40154448
0.401526
0.4015106
0.40149847
0.40149
0.40148547
0.4014851
0.40148914
0.4014977
0.40151057
0.40152737
0.4015477
0.40157074
0.4015958
0.4016219
0.40164822
0.40167382
0.4016974
0.40171775
0.40173382
0.40174484
0.40175018
0.40174985
0.4017441
0.4017337
0.4017198
0.40170386
0.40168715
0.40167075
0.40165538
0.4016415
0.4016289
0.40161738
0.4016065
0.40159613
0.4015862
0.40157717
0.4015694
0.4015635
0.40156013
0.4015597
0.40156275
0.4015695
0.40158024
0.40159497
0.40161365
0.40163583
0.40166065
0.40168685
0.40171307
0.4017378
0.4017596
0.40177715
0.4017896
0.4017966
0.40179834
0.4017955
0.40178934
0.40178114
0.40177262
0.40176496
0.4017592
0.40175572
0.40175432
0.40175453
0.40175542
0.40175635
0.40175685
0.40175685
0.40175653
0.40175632
0.40175676
0.4017581
0.40176046
0.40176305
0.40176547
0.4017668
0.4017664
0.40176338
0.40175733
0.40174803
0.40173542
0.4017198
0.4017014
0.40168077
0.4016588
0.40163657
0.4016155
0.40159664
0.4015811
0.4015696
0.40156266
0.4015605
0.40156275
0.40156883
0.4015777
0.4015881
0.40159842
0.40160707
0.40161294
0.4016154
0.4016145
0.40161067
0.40160444
0.40159658
0.40158752
0.40157792
0.4015683
0.40155926
0.4015512
0.40154466
0.40153986
0.40153697
0.40153578
0.40153593
0.4015374
0.40153986
0.40154326
0.4015474
0.4015523
0.4015578
0.40156376
0.40157
0.40157616
0.40158212
0.4015876
0.40159252
0.40159714
0.40160194
0.4016078
0.40161553
0.401626
0.40163982
0.40165728
0.40167823
0.4017021
0.40172806
0.4017548
0.40178114
0.4018059
0.40182832
0.40184763
0.40186375
0.40187645
0.40188602
0.4018927
0.401897
0.4018995
0.4019008
0.4019015
0.4019023
0.40190375
0.4019062
0.4019097
0.4019138
0.40191764
0.40192068
0.40192232
0.4019226
0.40192148
0.40191928
0.40191635
0.40191263
0.40190795
0.4019018
0.40189368
0.40188295
0.40186918
0.40185192
0.40183133
0.40180779
0.40178198
0.40175474
0.4017272
0.40170062
0.40167606
0.40165442
0.40163642
0.40162215
0.40161148
0.40160406
0.40159902
0.4015959
0.40159443
0.40159452
0.40159622
0.40159947
0.401604
0.4016097
0.40161628
0.4016235
0.40163106
0.40163866
0.40164545
0.40165076
0.40165344
0.4016529
0.40164888
0.40164158
0.40163165
0.40162024
0.40160844
0.40159723
0.4015874
0.40157914
0.40157264
0.4015677
0.4015643
0.40156248
0.40156236
0.40156382
0.40156683
0.401571
0.40157625
0.40158197
0.4015878
0.40159324
0.40159816
0.40160275
0.40160742
0.4016127
0.4016186
0.4016252
0.40163207
0.40163854
0.4016437
0.40164682
0.40164733
0.40164524
0.40164104
0.4016355
0.40162942
0.40162337
0.40161765
0.40161222
0.40160698
0.40160167
0.40159664
0.40159243
0.40158996
0.40159047
0.4015949
0.40160406
0.40161872
0.40163964
0.40166777
0.4017046
0.40175283
0.40181622
0.40190044
0.40201324
0.40216544
0.4023727
0.40265673
0.4030459
0.40358105
0.40431917
0.40533787
0.4067431
0.40867704
0.41136038
0.41501886
0.41996208
0.42666286
0.43576658
0.44788495
