0.44256094
0.4320542
0.42417458
0.41824448
0.41382033
0.41055682
0.40816763
0.4064114
0.40512633
0.4041923
0.4035119
0.40301654
0.4026552
0.40239042
0.4021948
0.40204874
0.40193835
0.40185416
0.4017896
0.40173995
0.40170208
0.40167356
0.40165263
0.40163794
0.40162832
0.4016227
0.40162036
0.40162063
0.401623
0.40162703
0.4016318
0.40163618
0.4016389
0.4016385
0.4016342
0.40162554
0.4016128
0.40159678
0.4015788
0.40156028
0.40154243
0.4015266
0.40151355
0.40150404
0.4014983
0.40149614
0.40149724
0.401501
0.40150672
0.4015136
0.40152106
0.40152842
0.40153483
0.40153968
0.40154222
0.40154198
0.401539
0.40153354
0.40152618
0.40151775
0.40150896
0.4015007
0.40149358
0.40148804
0.4014842
0.40148214
0.40148157
0.40148205
0.4014829
0.40148324
0.40148258
0.4014808
0.40147817
0.4014757
0.4014741
0.40147427
0.4014767
0.4014816
0.4014889
0.40149817
0.40150902
0.40152085
0.40153283
0.4015442
0.4015542
0.40156215
0.4015677
0.4015711
0.40157276
0.4015734
0.40157375
0.4015747
0.4015771
0.40158144
0.4015883
0.40159765
0.40160915
0.40162176
0.40163416
0.40164477
0.40165237
0.40165612
0.40165576
0.40165135
0.40164346
0.40163293
0.4016207
0.40160775
0.40159506
0.4015833
0.40157315
0.40156487
0.40155873
0.4015547
0.40155268
0.4015523
0.40155342
0.401556
0.4015603
0.40156662
0.40157515
0.40158588
0.40159857
0.4016128
0.40162754
0.4016418
0.40165448
0.40166494
0.4016728
0.401678
0.40168047
0.40167996
0.4016763
0.40166923
0.4016588
0.40164512
0.4016289
0.40161106
0.4015928
0.4015752
0.40155944
0.40154636
0.40153643
0.40153012
0.40152755
0.4015286
0.40153292
0.40154
0.40154952
0.4015605
0.40157238
0.40158468
0.40159705
0.40160918
0.40162063
0.40163073
0.40163887
0.40164468
0.40164787
0.4016486
0.40164718
0.40164402
0.4016394
0.4016336
0.40162656
0.40161842
0.40160942
0.4015999
0.40159032
0.40158108
0.4015723
0.40156394
0.40155575
0.4015474
0.40153852
0.401529
0.40151918
0.4015095
0.4015006
0.40149328
0.4014882
0.401486
0.40148708
0.4014914
0.40149862
0.401508
0.40151834
0.40152842
0.4015368
0.4015425
0.4015448
0.40154377
0.40154004
0.4015346
0.40152845
0.40152246
0.40151688
0.4015117
0.40150663
0.40150145
0.40149575
0.4014893
0.40148214
0.40147462
0.40146744
0.40146118
0.40145662
0.40145442
0.40145513
0.40145922
0.40146685
0.40147817
0.40149322
0.40151182
0.40153378
0.40155852
0.40158528
0.4016129
0.40164003
0.40166485
0.40168607
0.4017025
0.40171334
0.4017183
0.40171775
0.4017125
0.40170375
0.40169308
0.40168193
0.40167144
0.40166256
0.40165564
0.40165058
0.40164694
0.4016439
0.40164077
0.4016365
0.40163046
0.40162203
0.4016113
0.40159866
0.40158486
0.4015706
0.4015566
0.40154353
0.4015319
0.4015222
0.4015147
0.40150946
0.4015061
0.40150434
0.40150407
0.4015053
0.40150827
0.40151304
0.4015199
0.40152878
0.4015395
0.40155146
0.40156376
0.40157554
0.4015858
0.40159371
0.40159914
0.4016019
0.40160212
0.40159988
0.40159535
0.40158862
0.40158
0.4015701
0.40155965
0.40154934
0.4015398
0.40153113
0.4015234
0.40151626
0.40150988
0.40150452
0.40150073
0.40149906
0.40150002
0.4015039
0.40151086
0.4015209
0.4015337
0.40154883
0.40156564
0.40158358
0.40160233
0.40162164
0.40164095
0.40165952
0.4016764
0.40169063
0.40170166
0.4017091
0.40171292
0.40171343
0.40171093
0.40170583
0.40169805
0.40168765
0.40167442
0.40165862
0.40164068
0.40162122
0.40160125
0.40158188
0.40156412
0.40154877
0.40153626
0.4015267
0.40152028
0.40151706
0.401517
0.4015199
0.4015254
0.4015331
0.40154222
0.4015519
0.4015611
0.40156904
0.40157512
0.4015794
0.40158224
0.40158436
0.40158647
0.4015893
0.40159357
0.40159974
0.40160823
0.40161967
0.40163475
0.4016548
0.40168226
0.40172118
0.40177768
0.40186054
0.40198168
0.40215805
0.40241408
0.4027798
0.40329802
0.4040269
0.4050449
0.40645805
0.40840787
0.4111146
0.41480052
0.41977462
0.42651033
0.43564826
0.44779995
