0.44255534
0.43204543
0.42416114
0.41822463
0.41379222
0.4105185
0.40811816
0.40635088
0.40505588
0.40411478
0.40343168
0.40293872
0.4025851
0.40233275
0.40215275
0.4020234
0.4019289
0.40185753
0.40180114
0.4017543
0.40171337
0.40167624
0.40164188
0.40160978
0.40158
0.40155277
0.40152836
0.40150705
0.401489
0.40147403
0.40146217
0.40145302
0.40144634
0.40144172
0.40143853
0.40143618
0.40143412
0.401432
0.40142944
0.4014263
0.4014226
0.4014186
0.40141463
0.40141124
0.40140882
0.40140823
0.40141004
0.40141463
0.40142232
0.40143317
0.40144712
0.4014637
0.4014824
0.40150234
0.40152243
0.40154162
0.40155908
0.40157452
0.40158826
0.40160108
0.40161428
0.40162885
0.40164542
0.4016643
0.4016851
0.40170693
0.40172845
0.40174824
0.40176487
0.40177706
0.40178394
0.40178493
0.4017797
0.40176827
0.40175056
0.40172714
0.40169895
0.40166733
0.4016339
0.4016004
0.4015683
0.4015391
0.40151364
0.40149257
0.40147606
0.40146416
0.40145677
0.40145326
0.40145332
0.40145645
0.401462
0.40146923
0.4014774
0.40148574
0.40149367
0.40150052
0.4015057
0.4015091
0.4015106
0.40151042
0.40150887
0.4015063
0.40150312
0.40149954
0.401496
0.4014927
0.40149
0.4014878
0.40148622
0.40148485
0.40148342
0.4014814
0.4014788
0.40147576
0.40147308
0.4014712
0.40147075
0.40147212
0.40147513
0.40147942
0.4014844
0.4014894
0.401494
0.4014978
0.40150085
0.40150353
0.4015063
0.4015096
0.40151381
0.4015191
0.40152553
0.4015331
0.40154192
0.40155202
0.40156326
0.4015755
0.40158844
0.4016019
0.4016157
0.40162942
0.4016421
0.40165263
0.40165988
0.40166277
0.40166074
0.4016538
0.4016424
0.4016277
0.40161097
0.4015936
0.4015769
0.40156206
0.4015501
0.40154192
0.4015383
0.40153974
0.40154678
0.40155908
0.40157625
0.40159735
0.4016211
0.40164596
0.4016704
0.40169287
0.40171212
0.40172714
0.40173715
0.40174162
0.40174037
0.4017334
0.401721
0.40170366
0.4016823
0.4016582
0.40163276
0.40160748
0.40158352
0.40156174
0.4015427
0.4015267
0.40151381
0.4015043
0.40149817
0.40149584
0.4014972
0.40150225
0.40151095
0.4015232
0.40153885
0.40155768
0.4015793
0.40160343
0.40162936
0.4016559
0.40168166
0.401705
0.4017242
0.401738
0.4017453
0.4017458
0.40173978
0.4017281
0.40171215
0.4016934
0.40167356
0.401654
0.40163565
0.4016193
0.4016051
0.4015933
0.4015837
0.40157613
0.40157026
0.40156606
0.4015635
0.40156275
0.40156412
0.4015682
0.40157554
0.40158674
0.401602
0.40162113
0.40164334
0.40166733
0.40169165
0.40171453
0.40173465
0.40175065
0.40176168
0.401767
0.40176624
0.40175942
0.40174666
0.40172863
0.4017064
0.4016815
0.4016554
0.40162978
0.40160576
0.40158442
0.401566
0.40155065
0.4015377
0.40152654
0.4015164
0.40150675
0.4014975
0.40148878
0.40148073
0.40147397
0.40146905
0.40146667
0.40146783
0.40147322
0.40148345
0.4014988
0.4015194
0.4015447
0.4015743
0.4016073
0.4016424
0.4016782
0.40171307
0.40174565
0.40177485
0.40179965
0.40181938
0.40183362
0.40184203
0.40184456
0.40184146
0.40183297
0.40181932
0.40180078
0.40177783
0.4017512
0.40172184
0.40169117
0.40166065
0.4016317
0.40160576
0.40158367
0.4015657
0.40155175
0.40154138
0.40153384
0.4015284
0.40152434
0.40152133
0.40151936
0.401519
0.40152067
0.40152478
0.40153155
0.4015407
0.40155184
0.4015643
0.40157717
0.40158945
0.40160048
0.4016099
0.40161794
0.40162513
0.40163195
0.40163893
0.40164605
0.40165335
0.40166032
0.4016663
0.40167022
0.40167114
0.40166867
0.40166262
0.40165332
0.4016415
0.4016279
0.40161368
0.40159974
0.40158686
0.40157604
0.4015678
0.4015623
0.4015596
0.40155897
0.40156
0.40156195
0.40156394
0.40156537
0.40156546
0.4015639
0.40156043
0.40155515
0.40154856
0.40154177
0.40153578
0.40153167
0.4015305
0.4015329
0.40153903
0.40154916
0.401563
0.4015797
0.40159827
0.40161717
0.40163463
0.4016489
0.40165845
0.4016622
0.40165997
0.401652
0.40163937
0.4016237
0.40160686
0.40159073
0.40157685
0.4015663
0.4015596
0.40155703
0.40155846
0.4015636
0.4015719
0.40158248
0.4015948
0.40160817
0.4016221
0.40163633
0.4016505
0.4016642
0.40167686
0.40168816
0.40169787
0.40170616
0.4017135
0.4017204
0.4017275
0.40173474
0.40174198
0.4017486
0.40175372
0.40175664
0.40175676
0.4017537
0.4017476
0.40173885
0.40172815
0.4017165
0.40170497
0.40169466
0.40168634
0.40168056
0.40167743
0.40167677
0.40167806
0.40168095
0.40168485
0.40168893
0.40169248
0.4016949
0.40169582
0.40169528
0.40169358
0.40169147
0.40168992
0.40168992
0.4016926
0.4016985
0.40170777
0.40172002
0.40173417
0.40174875
0.4017623
0.40177345
0.40178114
0.40178457
0.4017832
0.40177697
0.4017659
0.4017503
0.40173066
0.40170786
0.40168306
0.4016578
0.4016338
0.40161252
0.4015951
0.40158245
0.4015748
0.40157205
0.40157375
0.4015791
0.40158686
0.40159568
0.40160397
0.4016101
0.40161285
0.40161166
0.40160668
0.4015985
0.40158826
0.4015771
0.40156618
0.40155634
0.40154874
0.401544
0.40154245
0.4015442
0.40154874
0.4015554
0.401563
0.40157026
0.40157568
0.4015781
0.40157685
0.4015717
0.40156302
0.40155163
0.40153885
0.4015258
0.40151343
0.40150246
0.4014933
0.40148613
0.40148082
0.40147707
0.4014747
0.40147346
0.40147305
0.40147343
0.40147436
0.40147573
0.4014776
0.40148
0.40148297
0.4014864
0.40149015
0.40149367
0.4014962
0.40149733
0.40149674
0.40149453
0.40149125
0.40148762
0.40148443
0.4014822
0.40148178
0.40148357
0.40148804
0.401495
0.40150434
0.40151516
0.40152642
0.40153694
0.40154576
0.40155226
0.40155652
0.40155888
0.40156
0.40156075
0.40156138
0.40156212
0.40156314
0.40156382
0.40156376
0.40156233
0.4015592
0.40155455
0.4015489
0.40154287
0.40153712
0.4015322
0.4015287
0.4015267
0.40152636
0.40152755
0.40153036
0.40153456
0.40154013
0.4015464
0.40155295
0.40155908
0.4015648
0.40157026
0.40157577
0.40158173
0.40158814
0.40159452
0.4016001
0.40160376
0.40160435
0.40160123
0.40159407
0.40158314
0.40156916
0.40155336
0.40153688
0.401521
0.40150666
0.40149456
0.4014851
0.40147835
0.4014744
0.40147316
0.40147436
0.40147775
0.40148306
0.40148976
0.4014976
0.4015063
0.40151557
0.40152532
0.40153524
0.401545
0.40155393
0.40156147
0.40156683
0.40156943
0.40156898
0.4015655
0.40155914
0.40155017
0.4015391
0.40152648
0.40151295
0.40149903
0.4014853
0.40147197
0.40145943
0.40144795
0.40143764
0.40142888
0.40142176
0.40141645
0.40141302
0.40141138
0.4014115
0.4014131
0.4014161
0.40142044
0.4014261
0.4014332
0.40144178
0.40145183
0.40146306
0.40147525
0.40148807
0.40150124
0.4015146
0.4015276
0.4015397
0.4015502
0.40155825
0.40156326
0.4015651
0.40156388
0.40156004
0.4015543
0.40154725
0.40153942
0.4015313
0.40152305
0.40151486
0.40150687
0.40149942
0.4014929
0.4014877
0.40148416
0.40148264
0.40148324
0.40148613
0.40149137
0.40149894
0.4015087
0.40152037
0.40153337
0.40154722
0.4015612
0.4015752
0.40158936
0.4016042
0.40162
0.40163675
0.40165406
0.4016713
0.40168735
0.40170118
0.40171203
0.4017193
0.40172297
0.40172327
0.401721
0.4017172
0.40171307
0.40170985
0.40170825
0.40170828
0.4017094
0.4017105
0.40171033
0.40170786
0.40170234
0.40169343
0.40168154
0.40166768
0.401653
0.40163913
0.4016276
0.40161934
0.40161476
0.4016138
0.40161613
0.4016212
0.4016284
0.40163705
0.4016463
0.40165493
0.40166193
0.40166646
0.4016682
0.40166736
0.40166467
0.40166107
0.40165755
0.40165484
0.40165365
0.4016546
0.40165812
0.4016643
0.40167278
0.40168285
0.40169322
0.40170264
0.4017098
0.40171382
0.40171427
0.40171123
0.4017053
0.4016974
0.40168858
0.40167987
0.40167165
0.401664
0.40165642
0.40164828
0.4016391
0.40162873
0.4016173
0.40160567
0.40159467
0.40158534
0.4015784
0.4015743
0.40157294
0.40157387
0.4015761
0.40157878
0.40158057
0.4015808
0.40157896
0.40157512
0.40156966
0.40156308
0.40155616
0.40154982
0.4015448
0.40154165
0.40154067
0.4015418
0.40154463
0.40154833
0.40155193
0.4015543
0.40155455
0.4015525
0.4015483
0.4015427
0.4015367
0.40153122
0.40152702
0.4015246
0.40152425
0.40152603
0.40152946
0.4015339
0.40153855
0.40154248
0.40154526
0.4015467
0.40154722
0.40154755
0.40154848
0.40155104
0.40155596
0.40156397
0.4015755
0.4015907
0.40160948
0.40163156
0.40165624
0.40168256
0.40170932
0.40173513
0.40175855
0.4017785
0.40179428
0.40180582
0.40181342
0.40181792
0.40182042
0.4018222
0.40182412
0.40182683
0.40182996
0.40183306
0.4018349
0.4018345
0.40183073
0.40182287
0.40181062
0.40179408
0.40177366
0.4017503
0.40172508
0.40169913
0.40167388
0.4016506
0.40163037
0.40161386
0.40160134
0.40159264
0.4015874
0.40158573
0.40158752
0.40159264
0.40160084
0.40161142
0.40162325
0.40163505
0.40164524
0.40165254
0.40165615
0.40165567
0.40165117
0.40164298
0.4016317
0.40161812
0.40160316
0.40158767
0.40157232
0.4015578
0.40154454
0.40153274
0.40152255
0.4015139
0.40150687
0.40150133
0.4014975
0.4014954
0.4014954
0.40149802
0.40150374
0.4015127
0.40152472
0.4015391
0.401555
0.40157115
0.40158612
0.40159827
0.40160647
0.40160993
0.4016084
0.40160227
0.4015927
0.40158102
0.4015689
0.4015577
0.4015489
0.40154362
0.40154275
0.4015471
0.40155667
0.40157124
0.4015897
0.40161073
0.40163267
0.40165377
0.40167296
0.40168944
0.401703
0.40171364
0.4017216
0.4017271
0.40173006
0.40173015
0.40172714
0.401721
0.4017117
0.4016996
0.40168497
0.40166828
0.40164965
0.4016297
0.40160894
0.40158844
0.40156892
0.4015512
0.40153563
0.4015224
0.40151143
0.40150246
0.40149528
0.40148962
0.40148538
0.40148243
0.4014808
0.40148056
0.40148202
0.40148538
0.40149075
0.40149844
0.40150827
0.40152004
0.4015334
0.4015477
0.401562
0.4015752
0.40158615
0.40159383
0.40159774
0.40159792
0.40159485
0.40158954
0.40158302
0.40157637
0.4015704
0.40156585
0.40156284
0.40156147
0.40156147
0.40156242
0.40156376
0.40156546
0.40156767
0.40157098
0.40157598
0.40158296
0.40159178
0.40160188
0.4016125
0.4016224
0.4016306
0.40163612
0.40163848
0.40163782
0.4016346
0.4016295
0.40162328
0.40161672
0.40161023
0.40160406
0.4015982
0.4015925
0.4015866
0.40158007
0.40157264
0.40156475
0.4015571
0.40155095
0.40154737
0.40154755
0.4015519
0.40156052
0.40157297
0.40158832
0.40160525
0.40162212
0.40163743
0.40164995
0.40165913
0.40166476
0.40166724
0.4016673
0.4016659
0.40166417
0.40166283
0.4016623
0.40166235
0.40166262
0.40166262
0.40166202
0.40166092
0.40165946
0.40165776
0.40165597
0.40165392
0.40165147
0.4016485
0.40164503
0.40164137
0.4016379
0.40163505
0.4016328
0.40163112
0.4016295
0.40162778
0.4016259
0.40162414
0.40162283
0.4016224
0.40162328
0.40162578
0.40163007
0.401636
0.4016431
0.401651
0.40165862
0.401665
0.40166894
0.4016696
0.40166664
0.40166038
0.40165162
0.40164155
0.4016313
0.4016219
0.4016143
0.40160936
0.40160725
0.4016079
0.40161106
0.40161613
0.40162212
0.40162832
0.4016339
0.40163815
0.40164065
0.40164098
0.40163878
0.4016335
0.4016247
0.4016121
0.40159598
0.40157667
0.40155542
0.40153348
0.4015121
0.40149245
0.4014754
0.40146154
0.40145132
0.4014446
0.4014415
0.40144172
0.4014448
0.40145
0.4014568
0.40146428
0.4014717
0.4014783
0.40148368
0.40148786
0.4014911
0.40149418
0.4014983
0.40150437
0.40151322
0.40152508
0.40153977
0.40155655
0.40157443
0.40159214
0.401608
0.40162048
0.40162817
0.40163052
0.4016272
0.401619
0.40160713
0.40159315
0.40157855
0.4015647
0.4015528
0.40154347
0.40153685
0.40153286
0.40153065
0.40152904
0.40152702
0.40152347
0.401518
0.40151048
0.40150157
0.401492
0.40148264
0.40147445
0.40146822
0.4014644
0.40146345
0.40146548
0.40147033
0.4014778
0.4014875
0.40149903
0.40151206
0.40152633
0.40154147
0.40155703
0.40157217
0.40158585
0.401597
0.4016046
0.401608
0.40160707
0.40160227
0.40159446
0.40158483
0.40157476
0.40156522
0.40155715
0.40155104
0.40154725
0.40154582
0.40154675
0.40154982
0.40155452
0.40156028
0.40156633
0.40157172
0.40157577
0.40157804
0.40157855
0.40157777
0.40157652
0.4015753
0.40157467
0.4015748
0.40157548
0.4015764
0.401577
0.40157682
0.40157565
0.40157342
0.40157008
0.40156564
0.40155995
0.4015529
0.40154448
0.4015348
0.4015239
0.40151212
0.40150008
0.40148836
0.40147778
0.40146905
0.40146282
0.4014595
0.4014592
0.40146205
0.4014679
0.4014765
0.40148753
0.40150073
0.40151584
0.40153238
0.40155008
0.40156838
0.40158665
0.4016039
0.40161908
0.40163112
0.40163913
0.4016429
0.40164256
0.40163898
0.40163296
0.4016256
0.4016179
0.40161046
0.40160385
0.4015985
0.4015946
0.40159217
0.40159118
0.40159157
0.40159324
0.40159595
0.40159926
0.4016024
0.4016046
0.4016051
0.4016033
0.4015991
0.40159288
0.4015854
0.40157762
0.4015705
0.40156493
0.40156153
0.4015608
0.40156266
0.40156683
0.40157264
0.40157923
0.40158585
0.4015919
0.40159723
0.401602
0.40160632
0.4016104
0.401614
0.401617
0.40161884
0.40161955
0.40161917
0.40161806
0.40161678
0.40161562
0.40161476
0.40161386
0.40161252
0.4016101
0.40160617
0.40160033
0.40159273
0.40158376
0.40157416
0.40156466
0.40155584
0.401548
0.40154156
0.4015364
0.4015326
0.40153006
0.40152863
0.40152824
0.40152872
0.40152985
0.4015316
0.401534
0.4015367
0.40153956
0.40154222
0.4015442
0.4015453
0.4015454
0.40154463
0.4015429
0.40154037
0.40153667
0.40153158
0.40152493
0.40151694
0.40150824
0.40149942
0.40149128
0.40148428
0.4014787
0.4014746
0.40147176
0.4014701
0.40146968
0.40147027
0.40147197
0.4014747
0.4014783
0.40148255
0.40148696
0.4014909
0.40149373
0.40149483
0.40149364
0.40149015
0.4014846
0.40147743
0.4014695
0.40146172
0.40145504
0.40145043
0.401449
0.4014517
0.40145957
0.40147382
0.40149572
0.40152705
0.4015704
0.40162954
0.4017095
0.40181765
0.40196422
0.40216503
0.40244067
0.40282053
0.4033463
0.404076
0.40508872
0.4064918
0.40842837
0.41112056
0.41479367
0.41975775
0.42648685
0.4356244
0.44778055
