0.4425198
0.43199766
0.42410165
0.41815343
0.41370964
0.41042516
0.40801597
0.40624148
0.4049409
0.40399584
0.40330994
0.4028156
0.40246242
0.40221286
0.4020391
0.4019202
0.40184045
0.40178782
0.40175316
0.4017296
0.40171242
0.40169805
0.40168422
0.4016699
0.40165427
0.40163767
0.40162075
0.40160415
0.40158865
0.40157485
0.401563
0.40155295
0.40154442
0.4015372
0.40153098
0.40152577
0.4015216
0.40151843
0.40151656
0.40151596
0.40151724
0.40152046
0.4015257
0.40153268
0.4015409
0.40154943
0.40155727
0.40156308
0.40156594
0.4015653
0.40156093
0.40155327
0.401543
0.40153104
0.4015186
0.4015067
0.4014962
0.40148804
0.40148252
0.40147984
0.40147978
0.40148202
0.401486
0.40149122
0.40149722
0.4015037
0.40151083
0.40151867
0.40152764
0.40153787
0.4015495
0.40156275
0.40157762
0.40159416
0.40161285
0.40163386
0.40165743
0.40168363
0.4017121
0.40174192
0.40177217
0.40180135
0.40182838
0.40185216
0.40187186
0.4018871
0.4018974
0.40190288
0.40190348
0.4018994
0.4018909
0.40187824
0.4018618
0.40184182
0.40181878
0.40179318
0.4017656
0.4017368
0.40170747
0.4016785
0.40165082
0.40162516
0.4016022
0.40158254
0.4015666
0.4015548
0.4015472
0.40154353
0.4015431
0.4015453
0.40154907
0.40155354
0.40155774
0.4015612
0.40156376
0.40156555
0.40156698
0.4015689
0.40157172
0.401576
0.40158173
0.40158868
0.40159646
0.40160453
0.4016124
0.40161994
0.4016271
0.40163442
0.40164196
0.40164974
0.40165725
0.4016638
0.40166876
0.40167183
0.4016731
0.40167302
0.40167215
0.4016708
0.4016692
0.40166748
0.4016658
0.40166482
0.40166518
0.40166765
0.4016727
0.40168026
0.40168995
0.40170085
0.40171212
0.40172252
0.40173098
0.40173647
0.40173826
0.4017362
0.40173012
0.40172023
0.40170693
0.40169102
0.40167305
0.4016538
0.4016338
0.40161353
0.40159357
0.40157452
0.40155685
0.40154105
0.40152735
0.40151596
0.4015068
0.40149996
0.40149555
0.40149355
0.40149406
0.401497
0.40150246
0.40151015
0.40152004
0.4015319
0.40154567
0.40156078
0.4015764
0.4015916
0.40160537
0.4016166
0.40162435
0.4016279
0.4016271
0.4016223
0.40161434
0.4016044
0.40159366
0.4015832
0.40157396
0.4015665
0.40156123
0.40155825
0.40155727
0.40155792
0.40155986
0.40156242
0.40156513
0.4015675
0.40156922
0.40157035
0.40157115
0.40157232
0.4015746
0.40157866
0.40158513
0.4015939
0.40160474
0.40161684
0.40162903
0.40164027
0.40164945
0.40165576
0.4016585
0.40165734
0.40165246
0.40164438
0.40163413
0.401623
0.40161252
0.4016041
0.40159875
0.40159732
0.40159997
0.40160638
0.40161562
0.40162665
0.40163797
0.4016481
0.4016556
0.40165952
0.40165913
0.40165424
0.4016449
0.40163153
0.4016149
0.40159616
0.4015764
0.40155685
0.4015383
0.40152165
0.4015074
0.4014956
0.40148658
0.40148026
0.40147656
0.40147558
0.40147763
0.4014828
0.40149102
0.40150192
0.40151498
0.40152916
0.40154353
0.4015573
0.40156955
0.4015796
0.4015872
0.40159243
0.40159595
0.4015987
0.40160158
0.4016055
0.40161133
0.40161952
0.40163037
0.4016438
0.40165955
0.40167713
0.40169635
0.40171748
0.4017417
0.40177155
0.4018111
0.40186667
0.4019473
0.40206546
0.40223825
0.40249115
0.40285417
0.40336958
0.40409547
0.40511
0.4065192
0.40846425
0.4111658
0.41484603
0.41981396
0.42654273
0.43567374
0.44781834
