0.44254506
0.43203375
0.42415032
0.41821712
0.4137903
0.41052467
0.40813437
0.4063784
0.40509564
0.4041666
0.40349472
0.40301117
0.40266445
0.40241602
0.40223697
0.4021064
0.40200907
0.40193424
0.40187457
0.40182528
0.40178365
0.40174806
0.40171817
0.40169397
0.4016755
0.40166306
0.40165678
0.40165585
0.4016593
0.4016656
0.40167296
0.40167987
0.40168506
0.4016878
0.40168783
0.40168536
0.40168098
0.40167552
0.4016699
0.4016648
0.40166035
0.40165666
0.4016534
0.40165052
0.40164813
0.40164664
0.40164685
0.40164942
0.40165478
0.40166298
0.40167356
0.40168574
0.4016988
0.4017123
0.40172642
0.4017426
0.4017638
0.40179467
0.40184224
0.40191635
0.40203005
0.40220067
0.40245375
0.40281883
0.4033379
0.40406838
0.40508822
0.40650278
0.40845308
0.41115937
0.41484332
0.41981387
0.4265444
0.43567574
0.44782007
