0.44260114
0.43210807
0.42424175
0.41832492
0.41391355
0.4106624
0.40828368
0.406536
0.4052577
0.40432805
0.4036505
0.40315655
0.4027956
0.40253007
0.40233216
0.40218207
0.40206525
0.40197164
0.40189403
0.40182748
0.4017689
0.40171608
0.40166816
0.4016245
0.40158513
0.40155008
0.40151954
0.40149352
0.40147188
0.4014544
0.4014407
0.40143034
0.40142286
0.40141773
0.40141463
0.40141335
0.40141386
0.40141603
0.40142
0.40142584
0.40143386
0.40144405
0.40145653
0.40147102
0.40148714
0.40150416
0.4015214
0.40153793
0.4015529
0.40156558
0.40157577
0.4015837
0.40158975
0.40159443
0.40159807
0.40160084
0.4016029
0.40160406
0.4016036
0.40160108
0.40159643
0.40158996
0.40158272
0.40157607
0.40157145
0.40157
0.40157256
0.40157944
0.4015907
0.40160593
0.40162465
0.4016462
0.4016699
0.40169477
0.4017198
0.40174362
0.4017647
0.40178168
0.40179327
0.40179884
0.40179816
0.40179157
0.40177995
0.40176463
0.40174708
0.40172866
0.40171033
0.40169287
0.40167645
0.40166152
0.40164834
0.40163776
0.4016302
0.4016259
0.40162483
0.40162644
0.40162992
0.40163463
0.40163964
0.40164453
0.40164906
0.40165347
0.40165806
0.40166333
0.40166953
0.40167665
0.40168473
0.40169367
0.40170366
0.40171438
0.4017258
0.40173793
0.4017506
0.40176374
0.40177646
0.40178794
0.40179703
0.4018025
0.4018033
0.40179875
0.40178832
0.4017722
0.40175104
0.40172607
0.4016988
0.40167114
0.40164486
0.40162134
0.40160152
0.4015858
0.40157396
0.40156546
0.40155956
0.40155536
0.40155244
0.40155083
0.40155113
0.4015542
0.40156052
0.4015706
0.40158436
0.40160117
0.40162003
0.40163943
0.40165773
0.40167338
0.40168533
0.4016932
0.40169683
0.40169683
0.40169367
0.40168795
0.40168
0.40167013
0.40165836
0.40164483
0.40163
0.40161455
0.40159926
0.40158483
0.40157172
0.40156028
0.40155038
0.40154222
0.40153584
0.40153146
0.40152916
0.4015291
0.40153122
0.40153515
0.40154055
0.4015471
0.4015542
0.40156123
0.40156785
0.40157402
0.40157947
0.401584
0.40158716
0.40158835
0.40158686
0.40158242
0.40157512
0.40156558
0.4015546
0.40154323
0.40153217
0.4015221
0.40151325
0.40150598
0.40150025
0.40149626
0.4014939
0.40149316
0.4014937
0.40149528
0.40149757
0.40150055
0.40150437
0.4015094
0.40151566
0.40152314
0.40153137
0.40153986
0.40154782
0.4015546
0.40156022
0.40156478
0.401569
0.4015737
0.40157992
0.40158862
0.40160015
0.40161446
0.40163076
0.4016478
0.40166393
0.40167725
0.40168652
0.40169072
0.4016897
0.40168393
0.40167442
0.40166262
0.40165007
0.4016382
0.40162802
0.4016202
0.401615
0.401612
0.40161088
0.40161076
0.4016109
0.40161085
0.40161043
0.40160978
0.40160954
0.40161037
0.40161288
0.4016176
0.40162438
0.40163305
0.40164286
0.40165305
0.40166256
0.4016704
0.40167558
0.40167755
0.40167603
0.40167138
0.40166414
0.40165538
0.40164602
0.40163717
0.40162966
0.4016242
0.4016208
0.40161934
0.4016193
0.40161994
0.40162098
0.40162227
0.4016242
0.40162718
0.4016317
0.40163803
0.40164617
0.40165648
0.40166876
0.40168303
0.4016987
0.40171513
0.40173087
0.40174443
0.40175438
0.40175965
0.40175956
0.40175378
0.40174237
0.40172595
0.40170538
0.401682
0.40165716
0.40163234
0.4016085
0.40158647
0.4015671
0.40155068
0.40153754
0.4015279
0.40152222
0.4015207
0.40152374
0.40153152
0.40154412
0.4015611
0.40158176
0.40160504
0.4016296
0.40165386
0.401676
0.4016944
0.40170768
0.40171486
0.4017157
0.40171036
0.4016998
0.40168515
0.4016681
0.4016506
0.40163448
0.40162134
0.40161198
0.4016071
0.40160638
0.40160918
0.40161458
0.40162122
0.4016278
0.40163335
0.40163717
0.40163907
0.4016391
0.40163788
0.40163615
0.4016346
0.4016337
0.4016337
0.40163437
0.4016353
0.40163577
0.40163496
0.4016324
0.40162772
0.40162134
0.40161386
0.40160623
0.4015993
0.40159374
0.40159014
0.40158898
0.4015904
0.4015947
0.40160218
0.40161294
0.4016268
0.40164295
0.40166032
0.40167773
0.40169373
0.40170708
0.40171683
0.40172234
0.40172362
0.40172103
0.40171525
0.40170705
0.4016975
0.40168738
0.40167686
0.40166613
0.4016546
0.40164196
0.40162817
0.40161362
0.40159905
0.40158534
0.40157342
0.40156373
0.4015564
0.40155113
0.40154722
0.4015438
0.40153986
0.40153474
0.4015282
0.4015203
0.40151122
0.4015015
0.4014917
0.40148252
0.4014748
0.40146926
0.40146667
0.4014675
0.40147224
0.401481
0.40149376
0.40151003
0.401529
0.40154994
0.40157175
0.40159392
0.40161604
0.40163812
0.40166044
0.40168285
0.40170506
0.40172607
0.40174478
0.40176034
0.4017722
0.40178025
0.40178484
0.40178663
0.40178663
0.40178543
0.4017836
0.40178123
0.40177822
0.40177417
0.40176865
0.4017613
0.40175208
0.40174088
0.40172806
0.40171424
0.40170026
0.40168715
0.40167552
0.40166572
0.40165767
0.40165085
0.40164453
0.40163806
0.40163118
0.40162396
0.4016166
0.40160936
0.40160248
0.40159598
0.40158966
0.40158364
0.40157837
0.401574
0.40157086
0.40156907
0.40156874
0.40156966
0.4015719
0.40157512
0.40157914
0.40158358
0.40158802
0.40159214
0.4015959
0.4015996
0.4016038
0.40160918
0.40161654
0.4016262
0.40163797
0.40165147
0.40166563
0.40167922
0.40169057
0.40169838
0.40170118
0.40169832
0.4016892
0.40167415
0.40165398
0.40162995
0.40160358
0.4015769
0.40155146
0.40152872
0.40150946
0.40149406
0.40148243
0.40147412
0.4014685
0.4014647
0.40146217
0.4014602
0.4014587
0.40145814
0.40145865
0.40146068
0.40146434
0.40146956
0.40147614
0.40148383
0.40149236
0.40150157
0.40151146
0.40152192
0.4015328
0.4015442
0.40155637
0.4015694
0.40158316
0.40159708
0.4016102
0.40162122
0.4016289
0.40163216
0.40163043
0.4016238
0.40161258
0.40159783
0.40158042
0.40156174
0.40154293
0.40152523
0.4015098
0.40149754
0.40148926
0.40148517
0.40148538
0.40148956
0.4014973
0.40150806
0.4015211
0.40153575
0.4015513
0.40156743
0.4015833
0.40159813
0.40161064
0.4016197
0.40162438
0.40162423
0.40161934
0.40161046
0.40159878
0.40158558
0.40157223
0.4015597
0.4015487
0.40153968
0.40153283
0.40152836
0.40152648
0.40152732
0.40153083
0.4015367
0.40154457
0.40155387
0.401564
0.4015744
0.40158468
0.40159443
0.40160337
0.40161133
0.4016186
0.40162575
0.40163374
0.4016431
0.40165418
0.40166667
0.40167987
0.40169248
0.40170312
0.40171033
0.4017132
0.40171143
0.40170544
0.4016963
0.40168542
0.40167415
0.40166357
0.40165427
0.4016464
0.40163943
0.4016327
0.40162572
0.40161833
0.40161073
0.40160307
0.401596
0.4015899
0.40158516
0.40158233
0.40158176
0.40158358
0.40158767
0.40159348
0.40160048
0.4016079
0.40161481
0.40162066
0.40162528
0.40162873
0.40163162
0.40163416
0.4016365
0.4016387
0.40164018
0.40164068
0.40164006
0.40163848
0.4016367
0.40163532
0.40163517
0.40163654
0.4016393
0.4016427
0.40164563
0.40164685
0.4016454
0.40164077
0.4016329
0.40162218
0.40160945
0.4015956
0.40158135
0.40156764
0.40155482
0.40154353
0.4015344
0.40152782
0.40152407
0.40152314
0.4015248
0.40152904
0.40153524
0.4015426
0.40155023
0.4015574
0.4015636
0.40156904
0.40157422
0.40158018
0.40158784
0.40159768
0.40161
0.40162465
0.40164137
0.40165964
0.4016791
0.40169942
0.40172005
0.40174
0.40175834
0.40177396
0.40178618
0.4017943
0.40179807
0.40179726
0.40179208
0.401783
0.40177074
0.40175593
0.40173903
0.40172014
0.40169957
0.4016774
0.40165424
0.40163094
0.40160874
0.4015888
0.4015724
0.4015603
0.40155312
0.40155107
0.4015541
0.4015618
0.40157375
0.40158904
0.40160674
0.40162542
0.40164393
0.40166083
0.40167475
0.40168455
0.40168968
0.40168995
0.40168574
0.40167817
0.40166843
0.4016578
0.4016475
0.40163863
0.4016319
0.40162766
0.4016261
0.401627
0.4016301
0.40163502
0.4016416
0.40164962
0.40165845
0.4016673
0.40167508
0.40168062
0.40168312
0.401682
0.4016773
0.40166947
0.4016593
0.40164813
0.40163717
0.40162754
0.4016202
0.40161544
0.40161338
0.4016137
0.40161604
0.4016196
0.40162396
0.40162864
0.40163308
0.40163684
0.4016393
0.40164024
0.40163952
0.40163743
0.4016347
0.4016325
0.4016322
0.4016349
0.40164128
0.40165153
0.40166533
0.40168172
0.40169933
0.40171626
0.40173063
0.40174085
0.4017456
0.4017441
0.4017363
0.4017226
0.40170395
0.40168187
0.4016582
0.40163493
0.40161392
0.40159672
0.40158412
0.40157658
0.40157408
0.40157622
0.40158263
0.40159264
0.40160534
0.40161943
0.4016337
0.4016465
0.40165657
0.4016629
0.40166482
0.40166208
0.40165487
0.40164387
0.40162992
0.4016142
0.4015975
0.40158072
0.40156445
0.40154907
0.40153524
0.4015233
0.40151355
0.4015062
0.40150142
0.40149912
0.4014993
0.40150166
0.40150595
0.40151143
0.40151745
0.40152317
0.40152773
0.40153039
0.40153083
0.40152884
0.40152493
0.40151945
0.40151286
0.4015058
0.40149876
0.40149236
0.40148714
0.40148342
0.4014814
0.40148112
0.40148252
0.4014852
0.40148887
0.4014929
0.40149683
0.40150014
0.40150294
0.4015055
0.4015085
0.40151277
0.40151903
0.40152788
0.40153968
0.4015546
0.40157253
0.40159324
0.40161645
0.40164185
0.4016688
0.4016964
0.40172356
0.40174922
0.4017724
0.40179262
0.4018096
0.40182382
0.4018358
0.40184647
0.40185663
0.4018669
0.40187746
0.4018878
0.4018973
0.40190527
0.401911
0.40191373
0.4019131
0.40190873
0.40190053
0.4018884
0.40187255
0.40185308
0.4018303
0.40180448
0.4017759
0.4017452
0.40171322
0.4016811
0.40165004
0.40162146
0.40159655
0.40157607
0.40156034
0.40154934
0.40154275
0.4015403
0.40154165
0.40154618
0.40155298
0.4015611
0.40156934
0.40157667
0.40158224
0.40158546
0.40158606
0.40158418
0.40157992
0.4015736
0.4015652
0.40155536
0.4015447
0.40153432
0.40152523
0.40151834
0.40151456
0.4015143
0.40151808
0.40152618
0.4015388
0.40155575
0.40157658
0.40160027
0.40162554
0.40165058
0.40167344
0.40169248
0.40170616
0.4017136
0.40171438
0.40170884
0.40169755
0.40168166
0.40166262
0.40164202
0.4016215
0.40160227
0.40158555
0.40157205
0.401562
0.4015553
0.40155143
0.4015497
0.40154967
0.40155053
0.4015516
0.40155208
0.40155146
0.40154916
0.40154544
0.40154064
0.40153545
0.40153062
0.40152672
0.40152416
0.40152293
0.4015232
0.40152484
0.40152776
0.4015315
0.40153566
0.4015399
0.40154403
0.40154797
0.4015514
0.40155417
0.40155622
0.40155745
0.4015582
0.40155882
0.4015602
0.40156302
0.4015677
0.40157458
0.40158337
0.40159366
0.4016045
0.4016149
0.40162387
0.40163088
0.40163565
0.40163863
0.40164044
0.40164152
0.40164232
0.40164304
0.40164348
0.40164325
0.40164155
0.4016378
0.40163183
0.4016238
0.4016144
0.4016046
0.40159535
0.40158743
0.4015814
0.40157786
0.4015772
0.40158013
0.40158692
0.40159777
0.40161243
0.40162995
0.40164897
0.40166786
0.40168482
0.40169835
0.40170753
0.40171188
0.40171173
0.40170777
0.40170118
0.40169293
0.4016841
0.40167537
0.40166724
0.40165988
0.40165308
0.40164632
0.401639
0.40163085
0.40162155
0.40161133
0.40160015
0.40158814
0.4015752
0.40156132
0.40154615
0.40152964
0.4015123
0.40149486
0.4014783
0.4014635
0.4014513
0.40144226
0.4014367
0.401435
0.4014372
0.40144342
0.40145332
0.4014666
0.40148252
0.40150025
0.4015186
0.40153617
0.40155166
0.40156382
0.40157232
0.4015771
0.4015788
0.40157858
0.4015776
0.4015771
0.40157792
0.40158084
0.40158615
0.40159371
0.4016033
0.4016143
0.40162626
0.4016388
0.4016517
0.4016647
0.4016774
0.401689
0.4016985
0.40170476
0.40170678
0.40170386
0.40169567
0.40168214
0.40166384
0.40164152
0.40161622
0.40158924
0.40156198
0.40153557
0.40151128
0.40149
0.4014722
0.40145805
0.4014474
0.4014398
0.40143445
0.40143073
0.40142792
0.40142533
0.4014229
0.40142086
0.40141946
0.40141907
0.40141994
0.40142205
0.40142518
0.40142903
0.40143344
0.40143818
0.40144363
0.40145007
0.40145805
0.40146807
0.40148053
0.40149552
0.40151307
0.40153274
0.4015535
0.40157443
0.40159422
0.40161163
0.40162572
0.40163583
0.40164164
0.4016431
0.40164053
0.40163434
0.40162504
0.4016133
0.40159935
0.40158376
0.40156704
0.40155002
0.4015335
0.40151802
0.40150407
0.401492
0.4014822
0.4014753
0.40147164
0.4014713
0.40147454
0.40148103
0.40149042
0.40150177
0.40151381
0.40152526
0.40153456
0.40154085
0.4015435
0.4015427
0.40153906
0.40153366
0.40152764
0.40152165
0.40151653
0.40151256
0.40150973
0.40150827
0.40150788
0.40150833
0.40150914
0.40151006
0.40151116
0.4015128
0.4015156
0.40151998
0.4015261
0.40153423
0.4015443
0.4015558
0.40156817
0.4015801
0.40159056
0.40159857
0.40160355
0.40160528
0.40160438
0.40160167
0.40159854
0.4015962
0.4015956
0.40159747
0.40160248
0.4016107
0.4016221
0.4016361
0.40165165
0.40166736
0.40168154
0.40169275
0.4017
0.40170303
0.40170184
0.4016971
0.40168956
0.4016801
0.40166935
0.40165794
0.40164617
0.4016343
0.40162244
0.40161076
0.40159893
0.40158665
0.40157354
0.40155932
0.40154418
0.40152848
0.40151322
0.4014992
0.40148744
0.40147844
0.40147293
0.40147123
0.40147367
0.40148026
0.40149093
0.40150535
0.4015231
0.40154353
0.4015656
0.40158835
0.4016105
0.40163088
0.40164855
0.40166298
0.40167415
0.4016825
0.40168872
0.40169412
0.4016997
0.40170658
0.40171543
0.4017264
0.4017396
0.40175405
0.40176862
0.4017821
0.40179324
0.40180126
0.40180567
0.40180647
0.401804
0.40179875
0.40179142
0.4017828
0.40177333
0.40176332
0.40175283
0.4017417
0.4017298
0.40171683
0.40170267
0.40168703
0.4016699
0.40165126
0.40163174
0.4016122
0.40159357
0.40157697
0.4015632
0.401553
0.40154672
0.4015444
0.40154564
0.40155026
0.40155762
0.40156728
0.40157863
0.40159118
0.4016041
0.40161648
0.4016279
0.40163806
0.40164694
0.40165508
0.40166315
0.4016715
0.40168023
0.401689
0.4016974
0.40170473
0.40171093
0.40171605
0.40172073
0.40172565
0.4017318
0.40173942
0.4017486
0.40175852
0.40176782
0.401775
0.40177885
0.40177852
0.40177354
0.40176404
0.40175045
0.4017333
0.4017135
0.40169188
0.40166914
0.4016458
0.4016224
0.40159962
0.4015782
0.40155885
0.40154228
0.40152875
0.4015185
0.40151143
0.4015072
0.40150565
0.40150672
0.4015105
0.4015168
0.40152568
0.40153685
0.40155026
0.40156555
0.40158212
0.40159935
0.4016161
0.40163097
0.4016424
0.40164906
0.40165
0.40164503
0.40163478
0.40162048
0.40160364
0.40158635
0.40157026
0.40155676
0.40154696
0.40154138
0.40154043
0.40154383
0.401551
0.40156114
0.40157297
0.4015853
0.40159675
0.40160593
0.40161175
0.40161362
0.40161163
0.40160623
0.4015985
0.40158954
0.40158057
0.40157261
0.40156642
0.4015626
0.40156138
0.40156257
0.401566
0.4015714
0.401578
0.40158495
0.40159094
0.40159476
0.40159553
0.40159255
0.40158588
0.40157607
0.40156403
0.40155095
0.40153775
0.40152535
0.4015147
0.401506
0.4014995
0.40149528
0.4014933
0.40149358
0.40149605
0.40150058
0.40150708
0.40151545
0.40152553
0.40153688
0.4015489
0.4015607
0.4015713
0.40157977
0.40158558
0.40158847
0.4015889
0.4015877
0.40158594
0.40158513
0.40158615
0.4015898
0.40159646
0.40160593
0.40161777
0.40163115
0.401645
0.40165803
0.40166935
0.40167806
0.401684
0.40168703
0.4016874
0.40168574
0.40168253
0.40167806
0.40167293
0.40166727
0.40166175
0.4016568
0.40165296
0.40165058
0.4016499
0.40165088
0.40165347
0.4016571
0.40166113
0.40166515
0.40166867
0.40167135
0.40167263
0.40167195
0.4016686
0.40166196
0.4016516
0.40163735
0.4016197
0.40159935
0.40157753
0.40155545
0.4015341
0.40151414
0.40149596
0.40147963
0.40146497
0.40145192
0.40144014
0.4014296
0.4014203
0.40141213
0.40140533
0.40140012
0.4013969
0.4013957
0.40139687
0.40140048
0.40140656
0.40141532
0.40142712
0.401442
0.40146
0.40148073
0.40150356
0.40152773
0.4015518
0.40157452
0.40159425
0.40160993
0.40162054
0.40162596
0.40162653
0.40162274
0.40161583
0.40160695
0.40159705
0.40158698
0.40157732
0.40156844
0.4015602
0.40155232
0.40154454
0.40153667
0.40152875
0.401521
0.40151381
0.4015076
0.40150285
0.40149987
0.4014992
0.40150097
0.40150502
0.4015111
0.4015185
0.40152696
0.40153578
0.40154448
0.4015525
0.40155935
0.4015647
0.40156832
0.40157026
0.40157083
0.40157083
0.40157086
0.40157136
0.40157256
0.40157455
0.40157756
0.4015817
0.40158713
0.40159357
0.40160048
0.40160713
0.4016127
0.40161628
0.40161765
0.40161666
0.40161356
0.40160885
0.40160313
0.4015968
0.4015902
0.4015834
0.40157646
0.40156963
0.4015628
0.40155613
0.4015498
0.40154362
0.40153813
0.40153357
0.40153033
0.40152887
0.4015295
0.40153262
0.4015381
0.4015456
0.4015546
0.40156442
0.40157428
0.40158346
0.40159136
0.40159777
0.40160242
0.40160516
0.40160623
0.40160587
0.40160444
0.40160254
0.40160048
0.4015985
0.4015967
0.40159485
0.4015931
0.40159145
0.4015899
0.4015889
0.40158874
0.4015898
0.40159202
0.4015952
0.40159902
0.40160313
0.40160748
0.40161234
0.40161818
0.40162534
0.401634
0.4016438
0.4016541
0.40166387
0.40167177
0.4016767
0.40167782
0.4016746
0.40166706
0.4016561
0.40164277
0.4016288
0.40161583
0.40160534
0.4015985
0.40159634
0.401599
0.40160638
0.40161777
0.40163207
0.40164763
0.40166274
0.40167594
0.40168595
0.40169173
0.40169293
0.4016893
0.40168124
0.40166938
0.40165487
0.40163907
0.40162346
0.40160924
0.40159756
0.4015887
0.40158245
0.40157813
0.40157455
0.4015706
0.40156513
0.4015578
0.4015483
0.40153727
0.40152526
0.40151295
0.40150085
0.40148953
0.40147936
0.4014706
0.40146357
0.40145856
0.4014558
0.40145564
0.4014585
0.40146455
0.40147403
0.4014867
0.40150237
0.40152046
0.40153998
0.40156
0.40157923
0.40159652
0.40161076
0.40162104
0.4016267
0.4016279
0.40162513
0.40161934
0.40161183
0.4016038
0.40159646
0.40159056
0.40158674
0.4015851
0.40158555
0.40158802
0.40159228
0.401598
0.40160486
0.40161207
0.40161884
0.40162396
0.40162668
0.40162635
0.40162277
0.401616
0.4016062
0.40159366
0.4015788
0.40156233
0.40154508
0.40152788
0.40151146
0.40149653
0.40148342
0.40147242
0.40146384
0.40145785
0.40145457
0.40145418
0.40145686
0.40146273
0.40147197
0.40148434
0.40149966
0.40151724
0.40153664
0.40155697
0.4015774
0.40159705
0.40161526
0.401631
0.40164346
0.4016521
0.40165675
0.40165734
0.4016546
0.40164915
0.4016417
0.4016329
0.40162322
0.4016133
0.40160364
0.4015951
0.40158814
0.40158346
0.40158144
0.40158245
0.40158662
0.40159366
0.4016032
0.4016148
0.40162754
0.4016406
0.40165326
0.40166545
0.40167758
0.40169066
0.40170625
0.4017262
0.40175268
0.4017879
0.40183452
0.40189564
0.4019757
0.40208122
0.40222222
0.40241334
0.40267807
0.40304533
0.40355736
0.40427285
0.40527108
0.40665978
0.40858203
0.4112595
0.41491807
0.41986695
0.42657855
0.43569773
0.4478342
