0.4425942
0.43209824
0.42422858
0.41830772
0.4138914
0.41063404
0.40824786
0.4064915
0.4052028
0.40426216
0.40357274
0.4030666
0.40269327
0.40241575
0.4022072
0.40204853
0.40192637
0.40183192
0.4017587
0.4017025
0.40166003
0.40162903
0.40160748
0.40159363
0.4015856
0.40158162
0.4015801
0.40157965
0.4015794
0.40157908
0.40157834
0.401577
0.40157488
0.40157172
0.40156773
0.40156338
0.40155932
0.40155643
0.40155548
0.40155703
0.40156132
0.40156838
0.40157822
0.40159038
0.4016044
0.40161955
0.40163517
0.40165067
0.40166572
0.4016797
0.401692
0.40170175
0.40170783
0.40170965
0.4017068
0.40169942
0.40168816
0.40167361
0.40165684
0.40163878
0.4016202
0.40160194
0.401585
0.4015702
0.40155804
0.40154874
0.40154213
0.40153772
0.40153503
0.40153354
0.40153292
0.40153295
0.40153384
0.40153578
0.40153912
0.40154424
0.40155137
0.40156043
0.401571
0.40158245
0.40159366
0.4016036
0.40161148
0.4016173
0.40162113
0.40162387
0.40162617
0.40162858
0.40163156
0.4016353
0.40163943
0.40164357
0.401647
0.40164933
0.4016505
0.40165085
0.40165097
0.40165162
0.4016536
0.40165734
0.40166298
0.40167052
0.40167937
0.4016888
0.40169805
0.4017066
0.4017143
0.401721
0.40172672
0.40173152
0.40173504
0.40173715
0.40173784
0.40173712
0.4017356
0.40173364
0.40173185
0.4017303
0.40172884
0.4017268
0.40172347
0.40171838
0.40171134
0.40170243
0.4016919
0.4016798
0.40166637
0.40165204
0.40163752
0.40162373
0.4016115
0.40160152
0.40159392
0.40158868
0.4015854
0.4015834
0.40158203
0.40158078
0.40157887
0.40157613
0.40157276
0.40156916
0.4015659
0.4015635
0.40156254
0.40156323
0.401566
0.40157092
0.40157777
0.40158606
0.4015952
0.4016044
0.40161303
0.40162012
0.40162516
0.40162796
0.40162846
0.40162712
0.4016243
0.4016206
0.40161648
0.40161237
0.40160856
0.40160504
0.401602
0.40159947
0.40159756
0.40159655
0.40159664
0.40159792
0.40160048
0.4016041
0.40160844
0.40161338
0.40161934
0.4016271
0.4016382
0.40165478
0.40167952
0.40171546
0.40176657
0.40183794
0.4019368
0.4020735
0.40226352
0.40252963
0.4029012
0.4034208
0.40414697
0.40515855
0.40656266
0.4085014
0.4111959
0.41486967
0.41983187
0.42655534
0.43568245
0.44782427
