0.44252846
0.4320109
0.42412093
0.4181809
0.41374722
0.41047463
0.40807766
0.4063149
0.40502456
0.4040871
0.4034058
0.4029127
0.40255773
0.40230414
0.40212476
0.40199968
0.40191412
0.40185717
0.4018205
0.40179816
0.4017857
0.40177998
0.40177864
0.40177965
0.40178132
0.40178233
0.401782
0.40177992
0.40177596
0.40177026
0.40176284
0.4017537
0.4017424
0.40172845
0.40171152
0.4016918
0.40166956
0.40164575
0.40162167
0.4015987
0.40157804
0.40156078
0.40154755
0.4015385
0.40153372
0.40153277
0.401535
0.4015397
0.40154633
0.40155414
0.40156245
0.40157083
0.40157914
0.40158743
0.40159598
0.4016048
0.40161428
0.40162438
0.4016348
0.40164515
0.40165448
0.40166184
0.4016664
0.40166792
0.40166655
0.40166298
0.40165827
0.40165347
0.40164956
0.401647
0.4016459
0.40164605
0.4016471
0.40164855
0.4016503
0.40165237
0.40165493
0.4016585
0.40166348
0.40167016
0.40167823
0.40168732
0.40169638
0.40170437
0.40171015
0.40171295
0.40171248
0.40170884
0.40170282
0.4016955
0.40168834
0.40168276
0.4016799
0.40168053
0.40168497
0.4016934
0.40170556
0.40172175
0.40174276
0.40177086
0.4018099
0.40186614
0.40194842
0.40206897
0.4022443
0.40249932
0.40286312
0.4033773
0.4040993
0.4051071
0.40650728
0.40844232
0.41113394
0.41480675
0.41977048
0.4264987
0.4356347
0.44778845
