0.44253415
0.43201542
0.42412114
0.4181729
0.4137278
0.41044068
0.4080281
0.40624988
0.4049456
0.4039975
0.40330973
0.40281492
0.40246278
0.4022159
0.4020464
0.40193364
0.4018622
0.40182057
0.40179956
0.40179196
0.40179172
0.40179428
0.40179622
0.40179515
0.40178964
0.40177923
0.4017643
0.40174583
0.4017253
0.40170446
0.40168482
0.40166765
0.40165368
0.40164274
0.4016343
0.401627
0.4016196
0.40161064
0.4015994
0.40158564
0.40156952
0.40155172
0.40153304
0.4015146
0.40149724
0.40148205
0.4014694
0.40145987
0.40145376
0.40145138
0.401453
0.4014589
0.40146935
0.40148452
0.4015045
0.40152928
0.40155855
0.40159178
0.40162808
0.4016662
0.4017048
0.40174234
0.4017777
0.40180975
0.40183765
0.40186065
0.4018783
0.40189028
0.40189606
0.4018957
0.40188897
0.40187612
0.40185744
0.40183365
0.40180534
0.4017736
0.4017394
0.4017041
0.40166906
0.40163562
0.40160477
0.4015774
0.40155396
0.40153474
0.40151998
0.40150964
0.4015039
0.40150255
0.401505
0.40151075
0.40151912
0.40152934
0.40154094
0.40155306
0.40156496
0.40157574
0.40158468
0.40159118
0.40159518
0.40159693
0.40159702
0.40159613
0.40159476
0.4015934
0.40159214
0.401591
0.40158996
0.4015891
0.4015883
0.40158752
0.40158674
0.40158594
0.40158528
0.401585
0.40158552
0.40158707
0.40158966
0.40159312
0.40159717
0.4016011
0.40160447
0.40160653
0.4016071
0.40160632
0.40160468
0.40160263
0.40160078
0.40159932
0.40159848
0.40159792
0.40159726
0.4015954
0.4015916
0.40158495
0.4015753
0.4015629
0.40154862
0.40153354
0.40151894
0.40150598
0.40149546
0.4014881
0.40148413
0.40148357
0.40148625
0.40149185
0.4014999
0.4015099
0.4015213
0.40153337
0.40154558
0.40155774
0.40156955
0.40158093
0.40159178
0.40160215
0.4016121
0.40162197
0.40163183
0.40164173
0.4016517
0.40166157
0.40167135
0.4016811
0.40169123
0.40170234
0.40171474
0.40172896
0.40174457
0.40176126
0.401778
0.40179354
0.40180644
0.4018157
0.40182036
0.40181997
0.40181443
0.40180412
0.40178972
0.40177193
0.40175173
0.40172997
0.40170732
0.40168405
0.40166017
0.40163583
0.40161103
0.40158632
0.40156257
0.4015409
0.4015222
0.40150732
0.401497
0.40149152
0.40149084
0.4014947
0.40150294
0.40151498
0.40153062
0.4015495
0.40157154
0.40159625
0.40162316
0.40165135
0.40167987
0.40170753
0.4017332
0.40175617
0.40177554
0.4017908
0.40180147
0.40180734
0.40180823
0.40180415
0.40179527
0.40178224
0.40176606
0.40174806
0.40172994
0.4017135
0.4017001
0.40169087
0.40168625
0.40168634
0.40169093
0.4016993
0.40171042
0.40172282
0.40173528
0.40174645
0.40175545
0.40176165
0.40176472
0.40176505
0.40176326
0.4017601
0.4017566
0.40175357
0.40175155
0.40175104
0.40175205
0.4017541
0.40175635
0.4017575
0.40175658
0.4017526
0.40174538
0.4017351
0.40172243
0.40170842
0.40169442
0.4016819
0.401672
0.4016654
0.4016621
0.40166166
0.40166315
0.40166554
0.4016679
0.40166992
0.40167162
0.40167356
0.40167627
0.4016801
0.40168497
0.40169057
0.4016961
0.40170047
0.40170294
0.401703
0.40170056
0.40169623
0.40169087
0.40168536
0.40168026
0.4016758
0.4016716
0.401667
0.40166113
0.40165335
0.40164334
0.40163133
0.40161827
0.40160528
0.40159366
0.40158468
0.4015794
0.4015785
0.4015823
0.40159082
0.40160373
0.4016202
0.40163884
0.40165836
0.40167695
0.40169284
0.40170452
0.40171084
0.4017111
0.40170524
0.40169352
0.40167704
0.401657
0.4016349
0.4016121
0.40158996
0.4015696
0.4015517
0.40153682
0.40152526
0.4015169
0.40151158
0.40150887
0.40150818
0.40150896
0.40151078
0.40151373
0.40151802
0.40152413
0.4015326
0.40154377
0.40155822
0.40157568
0.40159583
0.4016179
0.4016408
0.40166327
0.401684
0.40170208
0.40171686
0.40172842
0.40173694
0.40174276
0.40174592
0.40174636
0.40174365
0.40173742
0.40172756
0.40171394
0.40169674
0.40167645
0.40165374
0.40162963
0.40160543
0.40158245
0.40156198
0.4015451
0.40153265
0.40152508
0.40152264
0.40152505
0.40153193
0.40154275
0.40155667
0.40157282
0.40158996
0.40160707
0.40162256
0.4016351
0.40164357
0.4016471
0.4016454
0.40163878
0.401628
0.4016142
0.40159902
0.4015841
0.4015706
0.4015594
0.40155113
0.40154585
0.4015437
0.40154448
0.40154782
0.40155315
0.4015599
0.40156743
0.4015752
0.4015827
0.40158954
0.40159583
0.40160212
0.40160942
0.40161866
0.40163067
0.40164557
0.40166304
0.4016824
0.4017021
0.40172085
0.4017372
0.40175027
0.4017595
0.4017647
0.40176588
0.40176305
0.40175623
0.40174508
0.4017297
0.4017105
0.40168822
0.40166408
0.40163934
0.4016154
0.40159345
0.40157455
0.40155968
0.40154934
0.4015437
0.4015426
0.40154567
0.4015522
0.40156123
0.4015719
0.401583
0.40159366
0.40160334
0.40161172
0.4016189
0.40162513
0.40163067
0.40163574
0.40164018
0.4016436
0.4016453
0.40164435
0.40164053
0.4016337
0.4016243
0.4016132
0.4016017
0.40159094
0.40158188
0.40157533
0.40157154
0.40157086
0.40157297
0.40157753
0.40158367
0.4015904
0.401597
0.4016026
0.4016065
0.4016081
0.40160722
0.40160424
0.4015997
0.4015943
0.40158904
0.40158483
0.40158257
0.4015829
0.40158606
0.40159175
0.4015993
0.4016076
0.40161535
0.40162122
0.4016243
0.4016242
0.40162107
0.40161562
0.40160894
0.401602
0.40159562
0.40159023
0.40158615
0.40158325
0.4015813
0.40157986
0.40157866
0.4015776
0.40157673
0.401576
0.4015753
0.40157437
0.40157288
0.40157065
0.40156785
0.4015653
0.401564
0.40156513
0.40156963
0.40157837
0.40159202
0.40161082
0.40163454
0.40166244
0.4016933
0.40172535
0.4017568
0.40178582
0.40181088
0.40183085
0.40184507
0.40185317
0.40185502
0.40185082
0.40184096
0.40182608
0.40180713
0.40178517
0.40176153
0.40173748
0.40171424
0.40169293
0.40167475
0.4016606
0.40165085
0.40164545
0.40164402
0.40164548
0.4016488
0.40165263
0.4016558
0.4016574
0.40165707
0.40165496
0.40165144
0.4016471
0.40164253
0.40163812
0.40163407
0.40163043
0.40162697
0.4016237
0.40162078
0.40161848
0.40161714
0.40161687
0.40161765
0.4016191
0.4016208
0.40162212
0.40162262
0.40162227
0.40162113
0.40161985
0.40161917
0.40161958
0.40162158
0.40162498
0.4016292
0.40163332
0.40163642
0.4016377
0.401637
0.40163445
0.40163088
0.4016272
0.4016243
0.40162286
0.40162364
0.40162665
0.40163207
0.40163958
0.40164846
0.40165794
0.4016668
0.40167403
0.40167862
0.40167975
0.40167698
0.40167022
0.4016596
0.40164605
0.40163046
0.40161392
0.40159747
0.40158212
0.40156856
0.40155736
0.40154892
0.40154353
0.40154094
0.40154096
0.40154344
0.40154797
0.40155396
0.4015608
0.4015677
0.40157366
0.40157798
0.4015805
0.40158153
0.40158206
0.40158308
0.4015856
0.40159023
0.40159747
0.40160742
0.40161976
0.40163383
0.40164864
0.40166306
0.40167603
0.4016868
0.40169492
0.40170074
0.40170455
0.40170693
0.40170804
0.4017079
0.40170625
0.40170303
0.40169847
0.40169302
0.40168753
0.4016829
0.4016803
0.40168098
0.40168658
0.40169924
0.40172133
0.40175584
0.40180635
0.40187806
0.40197834
0.402118
0.4023129
0.40258628
0.40296733
0.40349767
0.40423447
0.4052552
0.40666538
0.40860647
0.41129875
0.41496637
0.41991884
0.42662913
0.43574107
0.4478669
