0.44262168
0.43213013
0.4242593
0.41833144
0.41390315
0.4106297
0.40822646
0.40645415
0.40515232
0.4042025
0.4035083
0.40300173
0.40263247
0.4023636
0.40216807
0.4020265
0.401925
0.4018535
0.40180466
0.40177298
0.40175387
0.4017436
0.40173867
0.40173617
0.40173364
0.4017296
0.40172306
0.40171382
0.4017022
0.4016889
0.40167493
0.40166116
0.40164843
0.4016372
0.40162775
0.40162003
0.40161386
0.4016086
0.40160394
0.40159965
0.40159577
0.40159252
0.40159026
0.4015888
0.40158856
0.40158936
0.40159154
0.40159532
0.40160078
0.40160757
0.40161487
0.40162158
0.40162635
0.4016276
0.40162438
0.40161636
0.40160382
0.40158758
0.40156907
0.40154988
0.40153122
0.4015143
0.40149987
0.40148845
0.40148035
0.40147546
0.40147376
0.40147486
0.40147865
0.40148443
0.4014917
0.4014998
0.40150803
0.4015158
0.4015227
0.4015288
0.40153432
0.4015396
0.401545
0.40155077
0.40155703
0.40156403
0.40157214
0.4015817
0.40159294
0.40160576
0.40162003
0.40163505
0.40164998
0.40166393
0.40167567
0.4016843
0.4016891
0.40168956
0.40168583
0.4016785
0.40166834
0.40165636
0.40164337
0.4016301
0.40161702
0.40160415
0.4015916
0.4015792
0.40156686
0.40155458
0.40154254
0.4015312
0.40152082
0.4015119
0.40150478
0.4014998
0.4014977
0.4014988
0.40150377
0.40151274
0.4015256
0.40154168
0.4015602
0.40157986
0.40159932
0.4016171
0.40163207
0.40164343
0.40165102
0.40165493
0.40165612
0.4016554
0.4016537
0.40165195
0.401651
0.4016519
0.4016551
0.40166107
0.4016695
0.40167978
0.40169102
0.4017019
0.4017112
0.40171784
0.40172127
0.40172115
0.40171745
0.4017105
0.40170062
0.4016883
0.40167433
0.40165916
0.40164334
0.40162703
0.40161055
0.4015943
0.40157887
0.4015646
0.40155196
0.40154147
0.40153348
0.40152842
0.40152627
0.4015271
0.40153098
0.40153787
0.4015477
0.40156028
0.40157503
0.40159154
0.40160868
0.4016254
0.4016408
0.40165418
0.40166512
0.40167356
0.4016796
0.40168327
0.40168446
0.40168276
0.40167794
0.40167007
0.4016596
0.40164784
0.40163592
0.40162563
0.40161824
0.40161452
0.401615
0.4016196
0.40162826
0.40164062
0.40165588
0.4016731
0.4016909
0.4017075
0.40172124
0.40173057
0.40173438
0.40173212
0.40172318
0.40170795
0.40168715
0.40166175
0.40163326
0.4016033
0.40157342
0.401545
0.40151912
0.40149683
0.40147847
0.4014646
0.40145522
0.40145028
0.4014498
0.40145355
0.40146127
0.40147257
0.401487
0.4015039
0.40152255
0.4015421
0.4015617
0.40158054
0.4015976
0.40161192
0.40162277
0.40162984
0.4016334
0.4016343
0.40163347
0.40163234
0.40163204
0.40163368
0.40163848
0.4016469
0.40165967
0.4016767
0.40169746
0.40172097
0.40174577
0.40177035
0.40179294
0.40181214
0.40182674
0.4018361
0.40183985
0.4018379
0.40183073
0.40181896
0.40180352
0.40178522
0.40176526
0.40174484
0.40172508
0.40170732
0.40169233
0.40168098
0.40167388
0.4016713
0.40167296
0.40167823
0.40168622
0.40169594
0.4017062
0.40171596
0.40172407
0.40172946
0.40173143
0.4017296
0.40172416
0.40171573
0.40170497
0.40169266
0.40167943
0.40166584
0.40165222
0.4016389
0.40162614
0.40161386
0.40160212
0.40159047
0.4015788
0.40156722
0.40155575
0.40154466
0.40153387
0.40152365
0.40151402
0.40150514
0.40149724
0.4014907
0.40148574
0.4014827
0.4014819
0.40148342
0.40148744
0.40149388
0.40150264
0.4015135
0.40152594
0.40153936
0.40155318
0.40156665
0.40157887
0.40158916
0.40159696
0.40160188
0.4016037
0.40160227
0.40159765
0.40159008
0.4015804
0.40156972
0.4015594
0.40155065
0.40154403
0.40153995
0.4015379
0.4015372
0.4015367
0.40153527
0.40153217
0.40152693
0.40151963
0.4015107
0.4015005
0.40148956
0.40147838
0.4014675
0.40145764
0.40144923
0.40144306
0.40143943
0.40143856
0.40144047
0.40144515
0.4014529
0.40146354
0.4014772
0.4014938
0.40151322
0.40153578
0.40156123
0.4015893
0.4016196
0.40165117
0.40168285
0.40171334
0.4017412
0.4017652
0.4017844
0.40179813
0.40180615
0.40180874
0.4018063
0.40179956
0.40178978
0.4017782
0.40176624
0.4017554
0.40174687
0.40174147
0.40173936
0.4017402
0.40174323
0.40174747
0.4017515
0.4017542
0.4017545
0.4017518
0.40174598
0.40173766
0.40172756
0.40171668
0.40170616
0.4016965
0.40168807
0.40168053
0.4016731
0.40166458
0.40165392
0.40164018
0.40162313
0.40160272
0.4015795
0.40155444
0.40152848
0.40150303
0.40147918
0.4014578
0.40143955
0.40142485
0.40141395
0.40140688
0.4014035
0.40140346
0.40140644
0.40141216
0.40142024
0.40143016
0.40144178
0.4014548
0.40146905
0.40148452
0.40150094
0.40151843
0.40153703
0.40155682
0.40157786
0.40160063
0.40162528
0.40165165
0.40167928
0.40170708
0.40173373
0.40175778
0.4017777
0.4017922
0.40180042
0.40180215
0.40179756
0.4017875
0.40177324
0.40175635
0.40173852
0.401721
0.40170485
0.4016903
0.4016773
0.40166527
0.40165386
0.40164265
0.4016318
0.40162158
0.40161252
0.4016049
0.40159863
0.40159333
0.4015882
0.4015823
0.40157512
0.40156633
0.4015562
0.401545
0.401533
0.40152055
0.4015081
0.40149602
0.40148488
0.40147552
0.40146855
0.40146458
0.40146384
0.40146628
0.4014716
0.40147924
0.4014885
0.4014988
0.40150988
0.4015212
0.40153244
0.4015433
0.40155312
0.4015615
0.40156803
0.4015724
0.4015748
0.40157542
0.40157497
0.40157384
0.4015724
0.40157065
0.40156862
0.4015666
0.40156507
0.4015648
0.4015666
0.40157098
0.40157828
0.4015886
0.40160158
0.40161642
0.40163216
0.40164715
0.40165997
0.40166947
0.40167493
0.40167645
0.40167475
0.4016709
0.40166646
0.40166274
0.40166074
0.40166128
0.40166447
0.40167028
0.40167847
0.40168843
0.40169948
0.40171087
0.40172192
0.40173256
0.40174255
0.40175197
0.40176064
0.40176842
0.40177462
0.4017786
0.40177956
0.40177646
0.4017689
0.40175658
0.4017395
0.40171826
0.40169346
0.40166634
0.40163827
0.40161055
0.40158427
0.40156013
0.40153876
0.40152073
0.40150613
0.40149498
0.401487
0.40148172
0.4014789
0.40147802
0.40147933
0.4014828
0.40148866
0.40149716
0.40150818
0.40152153
0.40153697
0.40155402
0.4015723
0.40159103
0.40160936
0.40162608
0.40164018
0.40165082
0.4016576
0.40166038
0.40165958
0.40165597
0.40165022
0.4016433
0.40163606
0.4016292
0.40162328
0.40161848
0.4016149
0.40161255
0.40161142
0.40161133
0.401612
0.40161303
0.4016138
0.40161383
0.40161267
0.40161064
0.401608
0.40160534
0.40160304
0.40160152
0.40160108
0.40160182
0.40160364
0.4016063
0.40160945
0.4016127
0.40161526
0.40161654
0.40161565
0.40161166
0.4016039
0.4015922
0.4015769
0.40155908
0.40154013
0.4015219
0.40150604
0.4014942
0.40148732
0.40148616
0.40149045
0.40149972
0.40151295
0.40152887
0.4015459
0.40156263
0.40157768
0.40159017
0.4015999
0.40160722
0.40161312
0.40161866
0.40162495
0.40163285
0.4016429
0.40165538
0.4016698
0.40168542
0.401701
0.40171522
0.40172675
0.40173483
0.4017388
0.4017385
0.40173423
0.40172684
0.40171742
0.40170717
0.40169758
0.40168956
0.40168354
0.40167952
0.40167695
0.4016754
0.40167445
0.40167373
0.40167308
0.4016725
0.4016721
0.40167138
0.40166995
0.40166724
0.40166295
0.4016571
0.40165022
0.40164307
0.40163675
0.40163225
0.40163043
0.4016314
0.4016349
0.40164
0.4016456
0.40165025
0.40165263
0.40165192
0.4016477
0.4016402
0.40163046
0.40161988
0.4016098
0.40160173
0.4015968
0.40159553
0.4015978
0.4016031
0.40161037
0.40161806
0.40162456
0.40162846
0.4016291
0.40162644
0.4016208
0.40161303
0.401604
0.40159476
0.40158606
0.40157866
0.40157315
0.40156966
0.40156797
0.4015677
0.40156844
0.4015697
0.4015712
0.40157285
0.40157455
0.4015763
0.40157858
0.4015818
0.40158665
0.4015939
0.40160418
0.4016178
0.40163475
0.40165433
0.40167558
0.401697
0.40171713
0.40173438
0.4017477
0.4017564
0.40175992
0.40175828
0.4017516
0.40174055
0.40172622
0.40170985
0.4016929
0.4016768
0.4016629
0.40165198
0.4016447
0.40164137
0.40164194
0.40164575
0.40165177
0.40165842
0.4016639
0.40166646
0.40166458
0.40165746
0.4016451
0.40162814
0.40160793
0.40158594
0.401564
0.40154344
0.40152526
0.4015101
0.40149835
0.40148997
0.40148476
0.4014827
0.40148368
0.40148777
0.40149525
0.40150586
0.4015192
0.40153462
0.40155086
0.40156683
0.4015811
0.4015926
0.4016009
0.40160584
0.401608
0.401608
0.4016068
0.40160528
0.4016039
0.40160313
0.40160304
0.40160352
0.40160453
0.40160623
0.401609
0.40161285
0.40161806
0.40162486
0.40163305
0.40164223
0.40165165
0.40166023
0.4016668
0.40167022
0.40166977
0.40166503
0.40165615
0.40164375
0.40162873
0.40161225
0.40159565
0.40158015
0.4015668
0.40155628
0.401549
0.4015449
0.40154365
0.4015448
0.40154767
0.4015518
0.40155685
0.40156284
0.4015699
0.40157813
0.40158746
0.40159765
0.4016081
0.40161806
0.40162697
0.4016343
0.40163958
0.4016425
0.40164286
0.40164077
0.4016365
0.40163058
0.40162352
0.401616
0.40160885
0.4016026
0.40159792
0.4015951
0.40159443
0.40159613
0.40160036
0.40160695
0.40161532
0.4016246
0.40163374
0.40164137
0.40164667
0.40164888
0.4016482
0.40164512
0.40164065
0.40163592
0.40163213
0.4016301
0.4016302
0.40163195
0.40163472
0.4016371
0.40163833
0.40163764
0.40163493
0.40163025
0.4016243
0.4016176
0.401611
0.40160507
0.40160072
0.40159848
0.40159887
0.4016022
0.40160844
0.40161696
0.40162712
0.40163788
0.40164825
0.40165743
0.40166485
0.4016705
0.40167508
0.4016796
0.40168542
0.40169367
0.40170497
0.4017193
0.40173602
0.40175387
0.40177152
0.40178764
0.40180108
0.40181077
0.401816
0.40181628
0.40181136
0.40180108
0.4017856
0.40176526
0.40174082
0.4017133
0.40168425
0.40165552
0.4016293
0.40160733
0.401591
0.4015813
0.40157855
0.4015827
0.40159342
0.4016095
0.40163007
0.40165305
0.40167654
0.40169835
0.40171638
0.40172908
0.40173548
0.4017354
0.40172908
0.40171728
0.4017013
0.40168244
0.40166226
0.40164238
0.40162396
0.40160817
0.40159565
0.4015868
0.4015818
0.40158033
0.4015823
0.40158698
0.40159392
0.40160254
0.40161228
0.40162286
0.40163404
0.40164557
0.40165702
0.40166765
0.40167665
0.4016831
0.40168646
0.40168655
0.4016837
0.4016785
0.40167183
0.40166432
0.4016565
0.4016488
0.40164134
0.4016342
0.40162757
0.40162203
0.401618
0.40161586
0.40161598
0.4016183
0.4016227
0.40162885
0.40163624
0.40164477
0.40165383
0.4016629
0.40167108
0.40167737
0.4016809
0.4016809
0.40167713
0.40166962
0.4016588
0.4016454
0.4016306
0.40161562
0.40160158
0.40158936
0.40157986
0.40157342
0.40157017
0.4015702
0.4015732
0.4015788
0.4015863
0.4015948
0.40160355
0.40161198
0.40162006
0.40162805
0.40163648
0.40164572
0.4016557
0.40166607
0.40167612
0.4016849
0.40169168
0.4016958
0.4016971
0.40169603
0.40169293
0.40168843
0.40168285
0.40167624
0.40166846
0.40165913
0.40164784
0.40163445
0.401619
0.40160197
0.40158373
0.4015648
0.4015456
0.4015266
0.40150806
0.40149048
0.40147457
0.4014608
0.40144968
0.40144143
0.40143615
0.40143365
0.40143347
0.40143535
0.4014388
0.40144384
0.40145037
0.4014583
0.40146744
0.40147755
0.4014882
0.40149844
0.4015075
0.40151444
0.40151843
0.40151894
0.40151602
0.40151006
0.40150163
0.40149137
0.4014798
0.40146762
0.4014553
0.40144375
0.4014338
0.40142646
0.4014225
0.40142253
0.4014266
0.40143478
0.40144715
0.40146345
0.40148327
0.40150613
0.4015313
0.40155816
0.4015858
0.40161353
0.4016409
0.40166745
0.40169305
0.40171742
0.40174055
0.4017625
0.40178356
0.40180406
0.40182397
0.4018429
0.40186036
0.40187588
0.4018894
0.40190074
0.40191007
0.4019176
0.40192333
0.4019273
0.40192935
0.40192932
0.4019269
0.401922
0.4019145
0.40190452
0.4018924
0.40187842
0.40186298
0.4018466
0.4018296
0.4018124
0.40179476
0.40177673
0.40175834
0.40173963
0.4017206
0.40170133
0.4016821
0.4016633
0.4016459
0.40163064
0.40161848
0.4016101
0.4016061
0.4016068
0.40161228
0.40162256
0.40163735
0.40165603
0.40167764
0.40170088
0.40172416
0.40174598
0.40176502
0.40178016
0.40179038
0.40179533
0.40179488
0.401789
0.40177822
0.40176317
0.4017449
0.40172467
0.40170386
0.40168396
0.4016659
0.40165076
0.40163907
0.4016313
0.40162727
0.40162683
0.4016293
0.40163404
0.40164074
0.40164915
0.40165952
0.4016721
0.40168697
0.401704
0.40172252
0.40174156
0.40175956
0.40177506
0.40178668
0.4017934
0.4017944
0.40178937
0.40177837
0.4017617
0.40174022
0.40171504
0.40168726
0.4016583
0.4016292
0.4016008
0.40157387
0.40154913
0.4015273
0.40150902
0.40149486
0.40148515
0.40148014
0.40148
0.4014846
0.4014939
0.4015075
0.40152478
0.40154508
0.4015676
0.40159145
0.40161568
0.4016397
0.40166283
0.40168482
0.40170556
0.40172526
0.401744
0.40176174
0.40177792
0.40179178
0.40180224
0.4018085
0.40181017
0.4018071
0.4017997
0.40178874
0.40177533
0.40176067
0.40174598
0.4017325
0.40172058
0.40171018
0.4017006
0.40169087
0.4016798
0.40166646
0.4016506
0.40163234
0.40161237
0.4015919
0.40157214
0.4015543
0.4015391
0.40152717
0.40151876
0.401514
0.4015125
0.40151402
0.40151823
0.40152502
0.40153402
0.40154502
0.40155733
0.40156993
0.40158153
0.40159085
0.40159658
0.40159804
0.401595
0.40158775
0.40157685
0.40156302
0.40154707
0.40152988
0.40151203
0.40149412
0.4014764
0.4014593
0.40144303
0.40142787
0.4014138
0.40140107
0.40138966
0.4013797
0.40137136
0.40136465
0.40135977
0.40135676
0.40135574
0.40135685
0.40136024
0.40136597
0.40137416
0.40138474
0.40139797
0.40141398
0.40143248
0.4014536
0.40147725
0.40150312
0.40153065
0.40155897
0.40158713
0.40161368
0.4016375
0.4016576
0.40167382
0.4016868
0.40169728
0.4017068
0.40171647
0.401727
0.40173876
0.4017513
0.4017638
0.40177506
0.40178373
0.40178874
0.40178925
0.40178493
0.40177584
0.40176255
0.4017461
0.40172774
0.40170914
0.40169147
0.40167594
0.40166298
0.40165263
0.40164462
0.40163833
0.401633
0.40162832
0.40162423
0.40162092
0.4016188
0.40161812
0.401619
0.40162122
0.40162426
0.4016274
0.4016299
0.40163147
0.40163213
0.40163222
0.40163213
0.40163192
0.40163198
0.4016322
0.4016325
0.40163267
0.4016327
0.40163258
0.40163222
0.40163156
0.40163016
0.40162778
0.40162423
0.40161952
0.40161404
0.40160805
0.4016022
0.40159708
0.4015932
0.40159082
0.40159014
0.40159157
0.40159535
0.40160152
0.40160996
0.40162036
0.40163207
0.40164384
0.40165436
0.40166208
0.40166578
0.4016647
0.40165886
0.40164876
0.40163532
0.4016199
0.40160352
0.40158707
0.40157118
0.40155616
0.4015421
0.40152907
0.40151757
0.40150818
0.40150136
0.40149742
0.40149644
0.40149817
0.40150207
0.4015075
0.40151343
0.40151912
0.40152386
0.40152732
0.40152967
0.40153176
0.4015344
0.40153864
0.4015454
0.40155578
0.40157035
0.40158945
0.40161297
0.40164024
0.4016704
0.40170172
0.40173298
0.40176266
0.4017895
0.4018124
0.4018304
0.40184268
0.40184867
0.40184808
0.40184087
0.40182757
0.40180907
0.40178663
0.40176153
0.40173542
0.40170974
0.40168533
0.40166283
0.4016426
0.4016244
0.40160826
0.40159374
0.40158066
0.40156916
0.40155935
0.40155157
0.40154603
0.40154293
0.4015422
0.40154362
0.40154696
0.40155184
0.40155816
0.40156555
0.40157354
0.401582
0.40159076
0.40159997
0.40160978
0.40162045
0.40163225
0.40164518
0.40165952
0.401675
0.40169138
0.40170836
0.401726
0.40174434
0.4017635
0.40178347
0.40180388
0.40182438
0.4018442
0.4018628
0.4018796
0.40189412
0.40190578
0.40191433
0.40191945
0.40192097
0.4019185
0.40191206
0.4019015
0.4018871
0.40186894
0.4018478
0.4018243
0.4017995
0.40177456
0.40175086
0.40172997
0.40171307
0.40170112
0.40169474
0.40169418
0.40169913
0.40170896
0.40172234
0.4017374
0.4017523
0.40176517
0.4017745
0.40177923
0.40177882
0.40177304
0.4017624
0.40174794
0.40173107
0.40171343
0.4016965
0.40168154
0.40166926
0.40165985
0.401653
0.40164778
0.40164307
0.4016373
0.401629
0.40161747
0.40160254
0.40158457
0.40156454
0.40154383
0.4015239
0.40150583
0.40149066
0.40147898
0.40147138
0.40146804
0.40146917
0.40147468
0.40148434
0.4014977
0.4015142
0.401533
0.4015531
0.40157312
0.4015916
0.40160725
0.40161893
0.40162575
0.40162718
0.40162334
0.4016146
0.40160203
0.40158695
0.40157068
0.40155464
0.40154
0.40152752
0.40151757
0.4015104
0.40150577
0.40150347
0.40150326
0.4015051
0.4015086
0.40151367
0.40151995
0.40152737
0.4015358
0.40154478
0.40155402
0.4015634
0.40157256
0.4015816
0.40159035
0.4015986
0.40160593
0.40161183
0.40161562
0.4016168
0.4016154
0.4016116
0.40160596
0.4015993
0.4015921
0.40158495
0.40157813
0.40157166
0.40156573
0.40156052
0.40155634
0.40155357
0.40155232
0.40155268
0.40155455
0.40155792
0.4015627
0.4015686
0.40157548
0.40158322
0.40159208
0.40160248
0.40161505
0.40163007
0.4016475
0.40166712
0.40168795
0.4017086
0.40172774
0.4017437
0.40175512
0.4017608
0.4017601
0.4017528
0.40173894
0.40171924
0.4016946
0.4016661
0.4016352
0.40160343
0.40157232
0.40154317
0.40151724
0.40149528
0.40147787
0.40146548
0.4014581
0.40145573
0.40145805
0.40146467
0.40147504
0.4014887
0.4015051
0.40152347
0.40154317
0.40156335
0.40158272
0.4016002
0.40161464
0.40162534
0.40163207
0.4016351
0.40163535
0.40163377
0.4016312
0.40162832
0.40162542
0.40162292
0.40162125
0.40162063
0.40162107
0.4016224
0.40162456
0.4016271
0.40163028
0.40163407
0.40163866
0.40164378
0.40164912
0.4016539
0.4016569
0.40165707
0.40165338
0.40164554
0.40163368
0.40161878
0.4016019
0.4015845
0.40156794
0.40155312
0.40154105
0.40153217
0.40152666
0.40152434
0.40152466
0.40152693
0.40153015
0.40153357
0.40153673
0.40153933
0.40154114
0.40154222
0.40154293
0.40154386
0.40154597
0.40154994
0.4015564
0.40156564
0.40157744
0.4015913
0.40160653
0.40162215
0.40163732
0.40165085
0.40166175
0.40166897
0.40167162
0.40166935
0.40166205
0.40165055
0.40163583
0.40161943
0.40160277
0.40158698
0.40157312
0.40156168
0.4015528
0.40154633
0.40154198
0.40153953
0.40153867
0.4015391
0.4015403
0.4015417
0.40154275
0.40154317
0.4015431
0.40154308
0.4015437
0.40154546
0.40154874
0.40155357
0.4015599
0.4015675
0.40157625
0.4015857
0.40159532
0.40160424
0.4016117
0.40161714
0.4016203
0.40162122
0.40162027
0.40161797
0.401615
0.40161163
0.4016083
0.4016051
0.4016023
0.40160018
0.40159878
0.40159836
0.4015991
0.40160108
0.40160406
0.40160802
0.40161288
0.4016185
0.40162456
0.40163076
0.4016365
0.4016416
0.401646
0.40165022
0.40165514
0.40166172
0.40167066
0.4016824
0.40169686
0.4017135
0.40173143
0.40174934
0.40176564
0.40177915
0.40178868
0.40179342
0.40179294
0.40178704
0.401776
0.40176034
0.4017409
0.40171903
0.4016961
0.40167356
0.40165308
0.40163592
0.4016232
0.4016155
0.4016132
0.40161633
0.40162498
0.40163916
0.40165827
0.40168172
0.40170833
0.40173653
0.4017647
0.40179121
0.40181467
0.40183383
0.4018478
0.40185565
0.40185696
0.40185162
0.40183973
0.40182194
0.40179917
0.40177277
0.40174407
0.4017147
0.40168595
0.40165898
0.4016347
0.4016136
0.40159613
0.40158272
0.4015736
0.4015691
0.40156934
0.40157402
0.40158266
0.40159458
0.40160868
0.40162364
0.40163833
0.40165186
0.40166357
0.4016732
0.40168032
0.40168464
0.40168583
0.40168354
0.40167758
0.401668
0.40165526
0.4016398
0.40162224
0.40160325
0.40158358
0.4015642
0.40154603
0.40152997
0.40151682
0.40150705
0.40150112
0.4014988
0.4014999
0.4015038
0.40150973
0.40151697
0.4015248
0.40153277
0.4015403
0.40154725
0.40155324
0.4015583
0.4015623
0.4015654
0.40156755
0.40156904
0.40156996
0.40157107
0.40157288
0.40157592
0.40158048
0.401587
0.40159553
0.4016059
0.4016179
0.40163115
0.4016448
0.40165812
0.40166995
0.4016796
0.4016868
0.40169173
0.40169516
0.40169787
0.4017006
0.40170386
0.4017075
0.40171143
0.40171528
0.40171924
0.4017237
0.40172935
0.4017372
0.40174842
0.4017646
0.40178746
0.4018199
0.401866
0.40193188
0.4020262
0.40216088
0.40235218
0.40262422
0.4030055
0.40353703
0.40427566
0.40529805
0.40670934
0.4086504
0.41134134
0.41500628
0.41995466
0.42665952
0.43576548
0.44788474
