0.44263706
0.43214914
0.42428002
0.4183513
0.41391894
0.41063756
0.4082228
0.4064356
0.4051168
0.40414983
0.4034403
0.40292192
0.4025455
0.40227458
0.40208197
0.4019474
0.40185577
0.40179557
0.40175802
0.4017362
0.40172443
0.40171835
0.4017142
0.40170914
0.4017012
0.40168923
0.40167293
0.40165257
0.40162906
0.40160367
0.40157777
0.40155283
0.40152997
0.40151012
0.40149367
0.40148073
0.40147138
0.4014654
0.40146282
0.40146366
0.4014678
0.40147513
0.40148553
0.40149868
0.401514
0.40153056
0.40154725
0.40156293
0.40157658
0.40158743
0.40159544
0.40160123
0.40160576
0.40161046
0.40161628
0.40162387
0.4016335
0.40164477
0.40165678
0.40166846
0.4016785
0.401686
0.40169048
0.40169188
0.40169102
0.4016889
0.4016868
0.40168586
0.40168694
0.4016908
0.40169743
0.40170658
0.40171766
0.40172955
0.40174103
0.40175095
0.40175822
0.40176213
0.4017621
0.4017577
0.40174899
0.40173638
0.40172064
0.40170282
0.4016842
0.4016659
0.40164915
0.40163475
0.40162328
0.40161505
0.4016102
0.40160847
0.40160936
0.401612
0.40161514
0.40161753
0.401618
0.40161583
0.40161088
0.4016033
0.40159392
0.40158388
0.40157425
0.40156594
0.40155956
0.40155542
0.4015533
0.40155292
0.4015538
0.4015549
0.4015555
0.4015548
0.40155217
0.40154767
0.4015419
0.40153563
0.40153006
0.4015261
0.40152442
0.40152547
0.40152916
0.40153497
0.4015421
0.40154964
0.40155703
0.40156403
0.40157068
0.4015774
0.40158436
0.40159196
0.40160063
0.40161037
0.40162116
0.4016324
0.4016435
0.401654
0.40166366
0.40167254
0.40168047
0.40168723
0.40169266
0.40169668
0.4016994
0.4017012
0.4017024
0.40170288
0.40170258
0.40170118
0.40169847
0.4016946
0.40168998
0.40168524
0.40168104
0.40167773
0.40167564
0.4016744
0.4016737
0.4016735
0.40167356
0.40167394
0.40167442
0.40167478
0.40167478
0.40167442
0.40167385
0.40167323
0.40167254
0.40167165
0.40166998
0.40166724
0.4016629
0.4016567
0.40164828
0.40163767
0.4016248
0.40161005
0.40159422
0.40157828
0.40156317
0.4015499
0.40153915
0.40153158
0.40152752
0.40152705
0.4015302
0.40153673
0.40154663
0.40155908
0.40157366
0.40158954
0.4016061
0.40162253
0.40163806
0.4016516
0.40166214
0.40166888
0.40167108
0.4016686
0.40166157
0.40165052
0.40163642
0.40162036
0.40160388
0.4015883
0.40157488
0.40156457
0.40155792
0.40155506
0.40155584
0.4015594
0.4015648
0.40157065
0.40157565
0.40157884
0.40157986
0.40157902
0.40157712
0.40157515
0.40157437
0.40157595
0.40158072
0.40158948
0.40160286
0.40162122
0.40164477
0.40167364
0.40170804
0.40174833
0.40179527
0.4018501
0.40191457
0.40199158
0.40208563
0.4022038
0.4023565
0.4025589
0.40283465
0.40321276
0.40373498
0.4044592
0.40546387
0.4068552
0.4087757
0.41144556
0.4150916
0.42002293
0.42671117
0.4358037
0.4479115
