0.4426224
0.43212885
0.42425343
0.4183176
0.4138774
0.41058764
0.40816486
0.40637025
0.4050449
0.4040727
0.40335897
0.40283704
0.4024576
0.40218386
0.4019884
0.4018506
0.4017553
0.40169093
0.40164882
0.4016223
0.401606
0.40159568
0.40158808
0.4015809
0.40157288
0.40156376
0.4015538
0.4015438
0.4015346
0.401527
0.4015215
0.4015183
0.40151733
0.40151852
0.40152165
0.40152663
0.4015331
0.40154082
0.4015492
0.40155756
0.4015655
0.40157264
0.4015791
0.401585
0.40159088
0.4015969
0.40160304
0.40160936
0.40161577
0.40162197
0.40162727
0.40163097
0.40163216
0.40163046
0.40162575
0.4016184
0.4016093
0.4015993
0.40158936
0.4015806
0.40157387
0.4015696
0.40156803
0.40156883
0.40157127
0.40157452
0.40157732
0.40157887
0.40157837
0.4015757
0.40157118
0.40156588
0.40156096
0.40155768
0.40155688
0.4015589
0.4015636
0.4015706
0.4015793
0.401589
0.4015987
0.40160713
0.4016132
0.40161595
0.4016149
0.40161023
0.40160277
0.40159366
0.40158397
0.4015749
0.40156725
0.40156174
0.40155858
0.40155804
0.40156013
0.4015645
0.40157068
0.40157798
0.40158552
0.40159264
0.40159902
0.40160468
0.40160993
0.4016152
0.4016211
0.40162787
0.4016355
0.40164384
0.4016525
0.40166092
0.4016687
0.40167502
0.40167913
0.40168026
0.4016776
0.40167096
0.4016605
0.40164682
0.40163103
0.4016145
0.40159824
0.40158346
0.40157092
0.4015612
0.40155482
0.40155205
0.40155318
0.40155804
0.40156603
0.40157592
0.40158606
0.40159476
0.40160033
0.40160134
0.40159735
0.40158844
0.40157542
0.40155974
0.4015431
0.40152723
0.4015136
0.40150362
0.4014983
0.40149805
0.401503
0.40151277
0.40152678
0.40154397
0.40156335
0.40158358
0.4016035
0.40162182
0.40163788
0.40165144
0.40166247
0.40167138
0.40167844
0.4016839
0.40168765
0.4016896
0.40168986
0.4016884
0.40168524
0.40168047
0.40167394
0.40166548
0.4016552
0.40164334
0.4016308
0.4016186
0.40160766
0.40159884
0.4015927
0.40158945
0.40158895
0.40159065
0.4015936
0.40159664
0.40159848
0.40159824
0.40159547
0.40159023
0.40158337
0.40157607
0.4015695
0.40156496
0.40156347
0.40156555
0.40157118
0.40158015
0.40159178
0.40160483
0.40161797
0.40162945
0.40163746
0.4016405
0.4016378
0.4016291
0.40161514
0.40159717
0.40157673
0.40155584
0.401536
0.40151867
0.40150478
0.40149483
0.4014894
0.40148878
0.40149283
0.4015015
0.40151426
0.40153039
0.40154904
0.40156913
0.40158966
0.4016095
0.40162814
0.40164527
0.401661
0.4016761
0.40169102
0.40170634
0.40172213
0.401738
0.4017532
0.40176684
0.40177792
0.401786
0.40179077
0.40179253
0.40179187
0.40178978
0.40178722
0.40178528
0.40178463
0.40178522
0.40178642
0.40178695
0.40178537
0.40178016
0.40177017
0.40175495
0.40173453
0.40170956
0.40168113
0.40165102
0.40162078
0.4015921
0.40156633
0.4015443
0.4015266
0.40151316
0.40150374
0.40149787
0.4014952
0.40149546
0.40149844
0.40150428
0.40151262
0.4015231
0.40153515
0.40154797
0.40156084
0.4015731
0.40158436
0.40159473
0.4016044
0.40161362
0.4016221
0.4016296
0.40163556
0.40163937
0.40164074
0.4016394
0.4016355
0.40162918
0.40162057
0.40160993
0.40159744
0.40158334
0.4015681
0.40155235
0.40153664
0.40152147
0.40150723
0.40149426
0.4014827
0.40147275
0.40146452
0.40145808
0.40145338
0.40145025
0.40144846
0.40144798
0.40144846
0.40144974
0.40145144
0.40145338
0.40145573
0.40145892
0.40146348
0.40146983
0.4014783
0.40148902
0.40150186
0.40151653
0.40153274
0.40154976
0.4015669
0.40158316
0.4015975
0.40160865
0.4016157
0.40161806
0.40161577
0.4016095
0.40160054
0.40159023
0.40157998
0.4015708
0.40156344
0.40155855
0.40155643
0.4015572
0.40156087
0.40156704
0.40157503
0.40158424
0.40159392
0.4016035
0.40161234
0.40162024
0.4016268
0.40163147
0.4016343
0.40163535
0.40163505
0.4016339
0.40163225
0.40162995
0.40162662
0.40162164
0.40161443
0.40160468
0.40159243
0.401578
0.40156183
0.40154436
0.4015263
0.40150836
0.40149108
0.40147507
0.40146035
0.40144724
0.4014358
0.40142617
0.40141863
0.40141317
0.4014097
0.4014079
0.40140745
0.40140793
0.40140906
0.40141043
0.40141207
0.40141395
0.4014162
0.4014189
0.401422
0.4014255
0.40142944
0.4014336
0.40143797
0.40144274
0.40144813
0.40145418
0.40146112
0.4014689
0.40147755
0.4014871
0.40149775
0.40150964
0.40152314
0.4015385
0.40155613
0.40157616
0.4015985
0.4016227
0.4016482
0.40167397
0.40169868
0.40172085
0.4017389
0.40175182
0.40175906
0.40176067
0.40175718
0.4017498
0.40173975
0.40172857
0.40171754
0.40170738
0.40169844
0.40169045
0.40168327
0.4016768
0.4016712
0.40166706
0.40166512
0.40166587
0.40166995
0.40167755
0.40168858
0.40170267
0.40171883
0.40173575
0.40175214
0.40176678
0.40177885
0.401788
0.4017942
0.40179798
0.40179983
0.40180025
0.40179935
0.4017972
0.40179363
0.40178853
0.40178177
0.4017736
0.4017641
0.40175328
0.40174073
0.40172595
0.4017087
0.40168872
0.40166646
0.4016424
0.4016173
0.4015918
0.40156668
0.40154275
0.4015208
0.4015016
0.40148574
0.40147367
0.40146548
0.40146104
0.40145996
0.40146154
0.40146476
0.40146905
0.40147343
0.40147743
0.40148094
0.401484
0.40148696
0.4014901
0.40149364
0.4014979
0.4015029
0.4015087
0.40151548
0.401523
0.40153104
0.4015392
0.40154693
0.40155354
0.4015583
0.40156052
0.4015594
0.40155488
0.40154713
0.40153703
0.4015256
0.4015139
0.4015032
0.40149474
0.40148953
0.40148836
0.40149185
0.40149993
0.40151212
0.40152767
0.4015453
0.40156338
0.4015803
0.40159467
0.40160543
0.40161222
0.40161532
0.4016154
0.40161353
0.40161082
0.40160817
0.4016062
0.4016053
0.40160534
0.40160587
0.40160605
0.40160525
0.40160254
0.40159732
0.40158904
0.40157768
0.40156358
0.4015477
0.40153125
0.40151525
0.40150064
0.40148783
0.4014771
0.4014683
0.40146127
0.40145582
0.40145198
0.40144968
0.40144888
0.40144962
0.40145162
0.4014549
0.40145916
0.40146458
0.4014712
0.40147913
0.40148836
0.40149876
0.40151006
0.40152168
0.40153307
0.40154395
0.4015542
0.40156403
0.40157357
0.4015829
0.4015916
0.40159905
0.40160438
0.40160656
0.40160498
0.4015993
0.40158978
0.40157723
0.40156275
0.40154746
0.40153244
0.4015184
0.40150586
0.40149522
0.4014866
0.40148026
0.40147614
0.4014742
0.40147412
0.40147582
0.40147907
0.4014837
0.40148997
0.40149787
0.40150777
0.40151975
0.40153387
0.40154994
0.40156752
0.4015862
0.40160534
0.40162423
0.40164214
0.40165812
0.40167114
0.4016805
0.4016856
0.40168607
0.40168223
0.40167442
0.40166354
0.40165076
0.4016373
0.40162414
0.40161192
0.4016008
0.401591
0.40158248
0.40157548
0.40156993
0.40156555
0.40156195
0.40155858
0.40155497
0.40155074
0.40154597
0.4015411
0.40153685
0.40153396
0.40153277
0.4015333
0.4015351
0.40153757
0.4015398
0.40154102
0.40154064
0.40153834
0.40153426
0.401529
0.40152314
0.4015173
0.4015121
0.4015079
0.40150523
0.40150425
0.40150505
0.40150765
0.40151188
0.4015174
0.4015239
0.40153086
0.40153787
0.4015444
0.40155038
0.40155572
0.40156063
0.4015653
0.4015697
0.40157375
0.4015775
0.40158123
0.40158552
0.40159088
0.4015978
0.4016065
0.4016172
0.40162978
0.40164393
0.40165898
0.40167382
0.40168726
0.40169838
0.40170667
0.40171215
0.40171537
0.4017174
0.40171915
0.40172157
0.40172535
0.40173095
0.40173852
0.40174788
0.40175837
0.4017693
0.4017797
0.40178895
0.4017964
0.40180162
0.4018045
0.40180477
0.40180218
0.40179613
0.40178645
0.40177298
0.40175584
0.4017353
0.4017121
0.40168706
0.40166116
0.40163538
0.40161055
0.4015872
0.40156573
0.40154633
0.40152934
0.40151483
0.40150315
0.40149438
0.40148854
0.4014854
0.4014846
0.40148547
0.40148726
0.40148938
0.40149125
0.40149274
0.4014939
0.40149498
0.4014963
0.40149856
0.40150246
0.40150857
0.40151715
0.40152827
0.40154156
0.4015564
0.401572
0.40158704
0.4016004
0.40161115
0.40161863
0.40162277
0.40162387
0.40162292
0.40162063
0.40161803
0.40161583
0.40161505
0.40161663
0.40162218
0.40163386
0.40165415
0.40168655
0.401735
0.40180504
0.40190423
0.40204325
0.40223804
0.40251112
0.40289202
0.4034226
0.40416065
0.40518412
0.40659875
0.40854582
0.4112458
0.4149214
0.4198819
0.4266005
0.43571967
0.44785178
