0.44252783
0.43200597
0.4241075
0.41815418
0.41370296
0.41040888
0.407989
0.40620336
0.40489155
0.40393615
0.4032413
0.40273967
0.40238115
0.4021284
0.4019538
0.40183684
0.40176186
0.40171736
0.40169427
0.40168557
0.4016858
0.40169045
0.40169635
0.4017013
0.40170437
0.40170524
0.40170407
0.40170148
0.40169787
0.40169394
0.40168983
0.4016861
0.40168312
0.40168133
0.4016809
0.40168166
0.40168312
0.40168458
0.40168533
0.40168455
0.40168172
0.4016767
0.40166947
0.40166017
0.40164936
0.40163732
0.4016243
0.40161055
0.40159622
0.4015816
0.40156683
0.40155244
0.40153915
0.40152818
0.40152085
0.40151817
0.40152124
0.40153077
0.40154722
0.40157056
0.4016004
0.40163577
0.40167525
0.40171716
0.40175968
0.40180132
0.40184087
0.4018775
0.40191066
0.40194002
0.40196565
0.4019874
0.4020053
0.40201947
0.40202984
0.40203652
0.4020394
0.40203857
0.40203393
0.40202552
0.40201333
0.40199736
0.40197766
0.40195423
0.4019272
0.40189677
0.40186313
0.40182698
0.40178892
0.40175
0.4017117
0.40167516
0.40164196
0.40161327
0.40158963
0.40157124
0.40155768
0.401548
0.40154105
0.40153578
0.40153116
0.40152696
0.40152335
0.4015209
0.40152013
0.4015216
0.40152556
0.40153217
0.4015414
0.40155336
0.40156814
0.40158552
0.4016054
0.4016272
0.40164998
0.40167248
0.40169337
0.40171126
0.40172553
0.40173542
0.40174082
0.40174192
0.4017391
0.4017332
0.40172502
0.40171573
0.40170625
0.40169752
0.40169004
0.40168405
0.40167958
0.40167603
0.40167278
0.40166888
0.40166375
0.40165725
0.40164968
0.40164173
0.40163434
0.40162817
0.4016239
0.40162167
0.40162167
0.40162364
0.40162686
0.40163055
0.40163356
0.40163472
0.40163314
0.40162846
0.40162095
0.40161115
0.40160012
0.40158895
0.40157855
0.40156955
0.40156224
0.40155658
0.40155244
0.4015495
0.4015477
0.40154675
0.40154645
0.40154678
0.4015475
0.40154827
0.40154886
0.40154907
0.40154904
0.40154916
0.4015499
0.40155172
0.40155476
0.40155926
0.40156522
0.40157294
0.40158245
0.40159374
0.40160644
0.40161994
0.4016336
0.4016464
0.4016573
0.40166554
0.4016702
0.401671
0.40166828
0.4016627
0.40165564
0.40164813
0.40164128
0.4016358
0.40163216
0.40163052
0.4016312
0.40163404
0.4016388
0.40164495
0.40165138
0.40165725
0.4016614
0.40166298
0.40166155
0.4016573
0.40165117
0.40164426
0.40163797
0.4016337
0.40163237
0.40163478
0.4016411
0.40165102
0.40166363
0.40167794
0.40169233
0.40170538
0.4017158
0.40172264
0.40172535
0.40172374
0.40171796
0.4017087
0.4016967
0.40168303
0.40166852
0.40165424
0.40164095
0.40162942
0.40162003
0.40161276
0.40160733
0.40160304
0.40159935
0.40159553
0.40159097
0.40158522
0.40157786
0.40156853
0.40155688
0.40154293
0.40152702
0.40151
0.40149298
0.4014771
0.40146333
0.40145266
0.40144578
0.4014431
0.40144455
0.40144983
0.40145832
0.40146923
0.40148187
0.40149564
0.4015104
0.40152606
0.401543
0.40156123
0.4015806
0.40160093
0.4016215
0.40164185
0.40166143
0.40167972
0.40169615
0.40171003
0.40172088
0.40172833
0.40173244
0.40173334
0.40173155
0.40172765
0.40172252
0.40171725
0.40171286
0.40171006
0.40170902
0.40170935
0.40171045
0.40171137
0.4017112
0.40170926
0.40170524
0.4016993
0.40169188
0.40168345
0.40167442
0.40166482
0.40165478
0.40164384
0.40163165
0.4016179
0.40160224
0.40158483
0.40156603
0.40154648
0.40152687
0.40150782
0.40149018
0.40147468
0.4014619
0.40145257
0.40144712
0.40144607
0.4014498
0.4014585
0.40147188
0.40148965
0.40151086
0.40153465
0.40155974
0.40158483
0.40160894
0.401631
0.40165043
0.40166682
0.4016802
0.40169114
0.40170038
0.40170896
0.40171796
0.40172842
0.40174106
0.40175626
0.40177405
0.40179396
0.40181503
0.40183628
0.40185666
0.4018752
0.40189126
0.4019042
0.40191373
0.4019196
0.4019217
0.40191993
0.40191442
0.40190533
0.40189275
0.40187693
0.4018579
0.40183613
0.40181187
0.4017859
0.40175915
0.40173274
0.4017079
0.40168592
0.40166765
0.4016535
0.4016434
0.40163702
0.40163368
0.40163308
0.40163496
0.40163916
0.40164596
0.40165526
0.4016666
0.4016791
0.40169156
0.40170255
0.40171078
0.4017153
0.40171555
0.40171152
0.4017036
0.4016927
0.40168002
0.40166706
0.4016552
0.40164575
0.40163988
0.40163848
0.40164223
0.40165132
0.4016656
0.40168455
0.4017072
0.40173197
0.4017574
0.40178198
0.4018045
0.40182424
0.40184048
0.40185282
0.40186107
0.40186527
0.40186554
0.40186197
0.40185487
0.40184444
0.4018309
0.4018146
0.401796
0.40177566
0.4017542
0.40173244
0.40171137
0.40169185
0.4016748
0.40166074
0.4016498
0.40164182
0.40163618
0.40163234
0.40162984
0.40162832
0.40162736
0.4016265
0.40162534
0.4016232
0.40162
0.40161604
0.40161183
0.40160817
0.40160593
0.40160587
0.40160835
0.40161368
0.40162152
0.40163124
0.40164173
0.40165186
0.40166017
0.40166572
0.40166774
0.4016662
0.40166122
0.4016536
0.4016442
0.401634
0.4016238
0.40161398
0.40160486
0.40159646
0.40158856
0.4015812
0.40157464
0.40156946
0.40156603
0.4015648
0.40156606
0.40157
0.40157655
0.40158522
0.40159568
0.4016073
0.401619
0.40162975
0.40163827
0.40164375
0.4016458
0.40164435
0.4016401
0.40163368
0.40162617
0.40161827
0.40161046
0.40160307
0.4015965
0.401591
0.4015867
0.40158382
0.40158227
0.40158194
0.40158263
0.40158433
0.40158674
0.40158954
0.4015925
0.40159538
0.40159824
0.40160134
0.4016053
0.40161106
0.4016195
0.40163127
0.40164635
0.40166432
0.40168408
0.40170428
0.40172347
0.40174037
0.40175405
0.40176383
0.40176982
0.40177226
0.40177202
0.40177026
0.4017679
0.4017661
0.40176523
0.40176517
0.4017653
0.4017646
0.40176186
0.40175626
0.40174708
0.40173432
0.40171835
0.40169984
0.40168002
0.4016599
0.40164033
0.40162212
0.40160576
0.4015916
0.40157983
0.4015706
0.40156406
0.40156046
0.40155974
0.4015622
0.40156764
0.4015757
0.40158588
0.40159732
0.4016092
0.4016206
0.40163064
0.40163898
0.4016458
0.40165168
0.40165752
0.40166408
0.40167165
0.40168005
0.40168858
0.401696
0.40170082
0.40170196
0.4016985
0.4016902
0.401677
0.4016596
0.40163922
0.40161705
0.4015945
0.40157294
0.40155324
0.40153617
0.40152192
0.40151066
0.40150207
0.40149605
0.4014924
0.4014906
0.40149042
0.40149152
0.4014936
0.40149644
0.4014998
0.4015034
0.40150708
0.4015107
0.40151426
0.40151784
0.40152204
0.4015272
0.4015335
0.4015408
0.40154856
0.401556
0.401562
0.40156585
0.40156692
0.4015654
0.40156165
0.4015566
0.4015512
0.4015464
0.4015427
0.40154028
0.401539
0.40153813
0.40153715
0.40153563
0.40153337
0.40153047
0.4015271
0.40152374
0.40152046
0.40151775
0.40151563
0.40151405
0.4015128
0.4015118
0.40151083
0.40150988
0.4015092
0.40150887
0.40150914
0.4015101
0.40151203
0.4015152
0.4015199
0.40152663
0.40153566
0.40154722
0.40156108
0.401577
0.40159443
0.40161252
0.40163043
0.40164727
0.4016621
0.40167433
0.40168318
0.40168822
0.40168923
0.40168646
0.4016802
0.4016711
0.40166
0.40164763
0.40163523
0.40162385
0.4016144
0.40160757
0.40160346
0.40160197
0.4016026
0.401605
0.40160894
0.40161458
0.40162253
0.40163335
0.40164742
0.40166447
0.40168372
0.40170392
0.4017235
0.40174055
0.4017535
0.40176126
0.40176326
0.4017595
0.40175065
0.4017379
0.40172255
0.4017064
0.40169093
0.4016774
0.40166646
0.40165836
0.40165251
0.40164828
0.4016447
0.40164104
0.4016373
0.40163368
0.40163082
0.40162918
0.40162906
0.40163046
0.40163288
0.40163562
0.40163776
0.40163845
0.4016373
0.40163428
0.40163025
0.40162638
0.4016239
0.40162387
0.40162703
0.4016335
0.40164274
0.40165362
0.4016649
0.40167525
0.40168363
0.40168932
0.40169242
0.40169334
0.40169308
0.40169278
0.40169343
0.4016956
0.40169975
0.40170556
0.40171263
0.40171996
0.4017268
0.4017327
0.40173748
0.40174156
0.40174535
0.4017496
0.40175468
0.40176052
0.40176666
0.40177253
0.40177757
0.40178144
0.40178436
0.40178686
0.40178978
0.40179396
0.40180013
0.4018082
0.4018181
0.40182894
0.4018397
0.40184942
0.40185714
0.40186197
0.4018634
0.4018612
0.4018553
0.40184608
0.40183413
0.40182006
0.4018049
0.40178972
0.4017755
0.40176332
0.4017542
0.40174836
0.40174586
0.40174606
0.40174794
0.40175027
0.40175176
0.40175095
0.40174714
0.40173963
0.40172845
0.40171382
0.4016966
0.40167746
0.40165767
0.40163818
0.40161994
0.40160382
0.4015904
0.4015802
0.4015737
0.4015707
0.4015708
0.40157324
0.40157697
0.40158063
0.40158322
0.4015841
0.40158293
0.40158015
0.4015763
0.40157217
0.40156838
0.40156576
0.40156466
0.4015652
0.40156737
0.40157086
0.4015753
0.40157992
0.4015841
0.40158716
0.401589
0.4015896
0.40158924
0.4015883
0.40158692
0.40158528
0.40158364
0.4015826
0.40158272
0.40158463
0.4015887
0.40159497
0.40160304
0.40161246
0.40162274
0.40163404
0.40164617
0.40165928
0.40167344
0.40168813
0.40170255
0.40171573
0.40172657
0.4017343
0.40173852
0.40173927
0.4017369
0.4017321
0.40172544
0.40171754
0.401709
0.4017
0.40169114
0.40168267
0.4016748
0.4016675
0.40166056
0.40165392
0.40164763
0.40164182
0.40163675
0.40163267
0.4016296
0.40162745
0.4016261
0.40162534
0.4016247
0.4016243
0.40162423
0.40162507
0.40162754
0.40163222
0.40163982
0.40165025
0.4016633
0.4016778
0.40169257
0.40170583
0.40171605
0.4017221
0.40172288
0.40171805
0.40170774
0.4016926
0.40167373
0.40165287
0.40163147
0.40161097
0.40159243
0.40157667
0.4015641
0.40155485
0.40154865
0.40154538
0.40154487
0.401547
0.40155146
0.4015578
0.4015655
0.4015741
0.40158343
0.4015935
0.40160438
0.40161595
0.4016279
0.4016396
0.4016503
0.401659
0.40166467
0.4016662
0.40166295
0.40165448
0.40164095
0.40162292
0.40160134
0.40157747
0.4015526
0.401528
0.40150464
0.40148333
0.40146455
0.4014485
0.40143505
0.4014242
0.4014155
0.40140855
0.40140304
0.4013986
0.40139493
0.40139213
0.40139014
0.40138918
0.4013892
0.40139055
0.4013934
0.4013979
0.40140426
0.40141228
0.40142164
0.401432
0.40144274
0.40145335
0.40146318
0.4014721
0.4014799
0.4014863
0.40149134
0.40149483
0.40149716
0.40149897
0.40150145
0.4015058
0.4015133
0.401525
0.40154165
0.4015636
0.40159062
0.40162203
0.40165678
0.40169337
0.40173
0.40176496
0.40179652
0.40182337
0.40184453
0.40185967
0.40186834
0.40187076
0.4018671
0.40185776
0.40184334
0.40182444
0.4018021
0.40177742
0.4017516
0.40172604
0.40170163
0.4016793
0.40165928
0.40164155
0.40162575
0.40161172
0.40159905
0.4015874
0.4015763
0.40156546
0.40155458
0.40154353
0.40153253
0.40152207
0.40151256
0.40150452
0.4014984
0.40149453
0.40149313
0.40149456
0.40149888
0.4015058
0.40151495
0.4015256
0.40153685
0.40154815
0.40155903
0.4015694
0.4015794
0.4015893
0.40159893
0.401608
0.40161595
0.40162194
0.40162513
0.40162495
0.4016211
0.40161362
0.40160277
0.40158913
0.4015733
0.40155628
0.40153894
0.40152225
0.40150735
0.401495
0.40148625
0.40148154
0.4014817
0.4014868
0.40149668
0.40151066
0.40152764
0.40154624
0.40156487
0.40158197
0.40159616
0.40160665
0.401613
0.40161538
0.40161428
0.40161023
0.40160397
0.4015961
0.40158707
0.40157717
0.40156606
0.40155354
0.40153933
0.40152374
0.4015073
0.40149102
0.40147597
0.40146297
0.40145293
0.4014463
0.40144357
0.40144488
0.40145022
0.4014595
0.40147263
0.40148947
0.40150976
0.4015331
0.4015591
0.40158707
0.40161628
0.40164557
0.40167382
0.40169975
0.40172195
0.40173966
0.4017523
0.40176
0.40176323
0.40176272
0.40175974
0.40175533
0.40175068
0.40174675
0.40174404
0.40174246
0.40174156
0.4017406
0.40173912
0.40173668
0.4017333
0.40172902
0.40172425
0.40171918
0.40171352
0.40170717
0.40169972
0.40169114
0.40168157
0.4016715
0.40166178
0.40165323
0.40164667
0.4016424
0.40164065
0.40164134
0.40164405
0.40164813
0.4016528
0.40165713
0.4016601
0.4016612
0.40166014
0.40165716
0.40165278
0.40164763
0.4016423
0.40163732
0.40163293
0.40162933
0.40162697
0.40162617
0.40162727
0.40163055
0.4016361
0.401644
0.40165392
0.40166494
0.40167594
0.40168542
0.40169218
0.4016952
0.40169403
0.40168867
0.40167955
0.40166733
0.40165287
0.40163693
0.4016202
0.40160313
0.4015865
0.40157107
0.4015579
0.4015483
0.4015436
0.4015445
0.40155157
0.40156484
0.4015839
0.40160826
0.4016367
0.40166777
0.4016996
0.4017302
0.4017577
0.4017803
0.40179685
0.4018063
0.4018082
0.4018026
0.40178993
0.401771
0.40174726
0.40172005
0.40169114
0.40166223
0.40163505
0.40161115
0.40159142
0.40157613
0.40156534
0.40155858
0.4015552
0.40155447
0.4015552
0.40155658
0.40155786
0.40155885
0.40155974
0.40156093
0.40156272
0.40156507
0.4015678
0.40157053
0.4015728
0.40157425
0.40157506
0.4015752
0.4015748
0.40157366
0.4015716
0.40156856
0.40156433
0.40155926
0.401554
0.4015494
0.4015464
0.40154564
0.40154755
0.4015519
0.40155837
0.40156633
0.4015748
0.40158293
0.40159044
0.40159735
0.40160415
0.40161133
0.40161946
0.4016288
0.4016391
0.40164965
0.40165955
0.4016675
0.4016725
0.4016737
0.4016705
0.40166268
0.4016507
0.40163526
0.4016177
0.4015992
0.40158075
0.40156323
0.40154728
0.40153334
0.40152186
0.40151316
0.40150753
0.40150517
0.40150607
0.40151012
0.401517
0.4015264
0.4015378
0.40155065
0.4015641
0.40157717
0.40158874
0.40159774
0.4016031
0.40160465
0.40160227
0.40159684
0.40158948
0.40158165
0.4015746
0.40156972
0.4015677
0.40156886
0.40157294
0.40157947
0.40158784
0.40159747
0.40160826
0.40162003
0.40163264
0.40164632
0.4016612
0.40167713
0.4016943
0.40171257
0.40173182
0.4017513
0.4017702
0.4017874
0.40180188
0.40181282
0.40181997
0.40182313
0.4018227
0.4018192
0.40181342
0.40180588
0.40179685
0.40178627
0.401774
0.40176
0.40174416
0.40172663
0.40170744
0.4016868
0.4016651
0.4016426
0.40161994
0.40159765
0.4015764
0.40155688
0.40153965
0.40152493
0.40151295
0.4015037
0.40149716
0.40149328
0.40149203
0.40149352
0.40149775
0.40150458
0.40151373
0.4015247
0.40153703
0.40155026
0.40156373
0.40157685
0.40158886
0.40159935
0.40160826
0.40161595
0.40162292
0.4016296
0.40163642
0.40164354
0.40165108
0.4016588
0.40166643
0.40167323
0.4016782
0.40168014
0.40167794
0.40167108
0.40165928
0.40164307
0.40162334
0.40160143
0.40157884
0.40155682
0.40153626
0.40151814
0.4015028
0.40149075
0.40148222
0.40147707
0.40147546
0.40147713
0.40148216
0.40149054
0.40150216
0.40151682
0.40153384
0.4015525
0.40157163
0.40159002
0.4016066
0.40162036
0.40163073
0.40163764
0.40164137
0.40164247
0.40164188
0.40164042
0.40163904
0.40163854
0.4016394
0.4016416
0.4016448
0.40164825
0.401651
0.4016523
0.40165162
0.40164888
0.40164423
0.40163797
0.40163052
0.4016223
0.40161353
0.40160465
0.40159586
0.40158784
0.40158102
0.4015757
0.40157232
0.40157098
0.4015716
0.40157384
0.4015776
0.40158245
0.40158802
0.40159383
0.40159965
0.40160546
0.40161136
0.4016173
0.4016231
0.40162838
0.40163255
0.40163487
0.40163428
0.40162995
0.40162164
0.4016097
0.4015949
0.40157855
0.4015619
0.40154636
0.4015328
0.40152213
0.40151465
0.4015104
0.40150914
0.4015105
0.40151432
0.40152025
0.40152782
0.40153658
0.401546
0.40155533
0.40156394
0.40157145
0.4015774
0.4015815
0.40158352
0.40158358
0.40158203
0.40157953
0.4015771
0.40157568
0.4015764
0.40158
0.40158686
0.40159726
0.40161088
0.4016272
0.40164512
0.40166324
0.40167975
0.40169302
0.4017017
0.40170473
0.40170178
0.40169305
0.40167952
0.40166235
0.40164325
0.40162352
0.4016045
0.40158695
0.40157142
0.401558
0.40154696
0.40153804
0.40153098
0.40152535
0.40152055
0.40151614
0.40151203
0.4015081
0.40150464
0.4015018
0.4014998
0.4014987
0.4014987
0.40150008
0.4015032
0.4015086
0.40151638
0.40152678
0.40153983
0.4015554
0.4015736
0.4015943
0.40161738
0.4016424
0.40166867
0.40169522
0.40172115
0.40174523
0.40176672
0.40178493
0.4017994
0.40181014
0.40181714
0.40182084
0.40182188
0.4018208
0.40181854
0.4018159
0.4018136
0.40181226
0.40181214
0.40181318
0.4018147
0.40181583
0.40181568
0.40181363
0.40180922
0.40180224
0.4017926
0.4017805
0.40176615
0.40175003
0.40173256
0.4017139
0.40169412
0.4016733
0.40165138
0.40162858
0.40160528
0.40158212
0.40155983
0.4015392
0.40152064
0.40150443
0.40149054
0.40147898
0.40146968
0.40146235
0.40145674
0.40145278
0.40144995
0.40144822
0.4014474
0.40144736
0.401448
0.4014495
0.4014518
0.40145487
0.4014585
0.4014624
0.40146658
0.40147087
0.40147528
0.40148008
0.40148503
0.40149012
0.40149495
0.40149906
0.40150207
0.40150347
0.40150324
0.4015016
0.401499
0.4014959
0.40149274
0.40149003
0.40148795
0.40148664
0.40148622
0.4014864
0.40148702
0.40148783
0.4014885
0.40148914
0.40149003
0.40149152
0.40149388
0.4014975
0.4015027
0.4015098
0.40151882
0.40152973
0.40154198
0.40155506
0.40156838
0.4015812
0.4015928
0.40160254
0.40161014
0.40161493
0.40161654
0.40161428
0.40160784
0.40159717
0.40158278
0.40156573
0.40154737
0.40152928
0.4015133
0.401501
0.40149364
0.40149212
0.4014969
0.40150794
0.40152478
0.40154657
0.40157205
0.40159968
0.4016277
0.4016541
0.40167713
0.40169546
0.40170795
0.40171412
0.4017141
0.4017083
0.4016975
0.40168288
0.40166575
0.40164718
0.40162814
0.40160948
0.40159193
0.40157598
0.40156215
0.4015509
0.4015426
0.40153757
0.40153578
0.40153688
0.40154046
0.40154576
0.40155178
0.4015579
0.4015631
0.40156686
0.40156907
0.40156946
0.4015683
0.401566
0.40156284
0.40155917
0.40155524
0.40155095
0.4015462
0.40154105
0.40153536
0.4015293
0.4015228
0.40151587
0.40150866
0.40150136
0.40149435
0.40148762
0.40148133
0.40147543
0.40146977
0.40146464
0.40146023
0.40145674
0.40145445
0.40145326
0.401453
0.4014535
0.40145442
0.40145537
0.40145615
0.40145668
0.40145716
0.4014578
0.40145916
0.40146202
0.40146717
0.40147555
0.40148816
0.40150586
0.40152988
0.40156114
0.401601
0.401651
0.4017139
0.4017939
0.40189794
0.4020367
0.40222636
0.40249008
0.4028583
0.40337405
0.40409625
0.4051043
0.4065053
0.40844178
0.41113546
0.41481024
0.4197756
0.4265047
0.4356403
0.44779277
