0.44253325
0.43201676
0.42412737
0.41818726
0.41375342
0.410481
0.4080853
0.40632552
0.40504068
0.40411082
0.40343875
0.40295517
0.40260795
0.4023585
0.40217826
0.40204665
0.40194905
0.40187544
0.4018189
0.40177503
0.4017407
0.40171382
0.40169284
0.40167612
0.40166235
0.40165076
0.40164092
0.40163293
0.4016274
0.40162474
0.40162548
0.40162948
0.40163633
0.4016453
0.40165538
0.40166524
0.40167373
0.4016797
0.40168244
0.40168157
0.40167716
0.4016698
0.40166017
0.40164918
0.4016378
0.40162686
0.40161687
0.4016078
0.40159923
0.4015904
0.40158054
0.4015689
0.40155533
0.40154013
0.40152416
0.40150845
0.40149415
0.40148216
0.401473
0.4014669
0.40146384
0.4014638
0.40146664
0.40147233
0.40148094
0.4014924
0.4015063
0.40152192
0.40153834
0.40155432
0.40156877
0.40158036
0.4015883
0.4015921
0.40159187
0.40158817
0.40158156
0.40157288
0.40156275
0.40155149
0.40153962
0.40152726
0.4015146
0.40150216
0.40149057
0.40148067
0.4014735
0.40146983
0.40147054
0.4014759
0.40148625
0.40150136
0.40152115
0.40154502
0.40157238
0.40160215
0.401633
0.4016633
0.4016913
0.40171543
0.40173453
0.401748
0.4017553
0.4017566
0.4017524
0.4017436
0.4017313
0.40171695
0.40170172
0.40168664
0.40167224
0.4016588
0.40164617
0.40163445
0.40162387
0.40161476
0.4016075
0.4016023
0.40159944
0.40159905
0.4016008
0.40160418
0.4016082
0.40161175
0.4016137
0.40161318
0.40160987
0.4016039
0.40159598
0.40158665
0.40157673
0.40156674
0.40155694
0.40154755
0.40153867
0.40153039
0.40152287
0.40151638
0.40151116
0.40150744
0.40150553
0.40150562
0.4015081
0.40151316
0.4015209
0.40153122
0.40154377
0.40155837
0.40157434
0.40159073
0.4016064
0.4016201
0.4016306
0.4016372
0.4016394
0.4016376
0.4016324
0.4016249
0.40161628
0.40160757
0.40159965
0.4015933
0.40158886
0.40158653
0.40158638
0.40158802
0.40159097
0.4015946
0.4015984
0.4016019
0.40160483
0.4016066
0.4016067
0.4016045
0.40159988
0.40159294
0.40158454
0.40157586
0.40156835
0.40156332
0.40156162
0.40156364
0.4015692
0.4015776
0.40158767
0.40159807
0.40160736
0.40161467
0.40161946
0.401622
0.4016228
0.4016231
0.40162405
0.40162694
0.4016325
0.40164155
0.4016541
0.40166995
0.40168834
0.40170777
0.40172678
0.40174368
0.40175733
0.40176675
0.4017716
0.40177187
0.40176812
0.40176117
0.40175247
0.4017435
0.40173572
0.40173048
0.4017287
0.4017311
0.40173796
0.40174878
0.40176272
0.4017784
0.40179417
0.40180847
0.40182
0.40182772
0.40183115
0.40182996
0.4018241
0.40181348
0.40179864
0.4017798
0.40175775
0.40173328
0.4017078
0.40168276
0.40166005
0.40164152
0.40162843
0.4016218
0.40162176
0.401628
0.40163955
0.40165508
0.4016732
0.40169215
0.40171015
0.40172532
0.40173632
0.40174225
0.40174276
0.40173838
0.4017298
0.4017181
0.4017047
0.40169054
0.4016765
0.4016628
0.40164953
0.40163696
0.40162504
0.40161404
0.40160394
0.40159458
0.40158606
0.40157843
0.40157202
0.4015671
0.4015637
0.4015617
0.4015609
0.40156108
0.40156224
0.40156484
0.4015691
0.40157524
0.40158334
0.40159324
0.40160424
0.40161538
0.4016253
0.4016326
0.40163597
0.40163478
0.40162894
0.4016191
0.40160647
0.4015925
0.40157858
0.40156573
0.40155488
0.4015464
0.4015405
0.40153715
0.40153605
0.40153697
0.4015394
0.40154257
0.40154576
0.40154824
0.40154973
0.40155026
0.40155014
0.40154988
0.4015499
0.40155068
0.40155253
0.4015561
0.4015619
0.40157077
0.40158316
0.4015993
0.40161872
0.40164077
0.40166402
0.40168706
0.40170822
0.40172628
0.40174058
0.4017507
0.40175676
0.40175915
0.40175802
0.40175343
0.4017453
0.40173355
0.4017181
0.40169922
0.40167707
0.4016522
0.40162504
0.40159652
0.4015675
0.40153885
0.4015115
0.40148616
0.40146342
0.40144378
0.40142754
0.4014149
0.40140578
0.40139994
0.40139723
0.4013972
0.40139988
0.40140533
0.4014138
0.40142524
0.40143967
0.40145674
0.40147623
0.4014973
0.40151945
0.40154198
0.40156448
0.4015868
0.40160885
0.40163052
0.40165132
0.40167066
0.40168762
0.40170085
0.4017095
0.4017125
0.4017093
0.40169975
0.40168428
0.401664
0.40164027
0.40161505
0.40159014
0.4015671
0.40154725
0.40153137
0.40151972
0.4015123
0.40150863
0.40150842
0.40151107
0.40151638
0.40152407
0.40153414
0.40154627
0.40156
0.40157452
0.40158898
0.40160275
0.4016155
0.40162754
0.40163952
0.40165228
0.40166643
0.40168205
0.40169874
0.4017155
0.40173107
0.4017441
0.40175337
0.40175802
0.40175754
0.4017518
0.401741
0.40172592
0.40170747
0.40168697
0.401666
0.40164602
0.40162843
0.40161413
0.40160367
0.40159693
0.40159348
0.40159246
0.40159294
0.401594
0.4015951
0.40159625
0.4015978
0.40160045
0.40160477
0.40161115
0.40161926
0.4016285
0.40163794
0.4016464
0.4016529
0.401657
0.4016586
0.4016579
0.4016558
0.4016529
0.40164974
0.40164685
0.40164423
0.4016416
0.40163854
0.40163463
0.40162972
0.40162423
0.40161866
0.40161374
0.40161005
0.40160784
0.40160704
0.4016073
0.40160802
0.40160844
0.40160766
0.4016052
0.40160084
0.40159473
0.40158725
0.40157896
0.40157053
0.40156224
0.40155455
0.40154797
0.401543
0.40153995
0.40153927
0.40154096
0.40154493
0.4015506
0.40155745
0.40156478
0.40157154
0.40157703
0.40158027
0.40158042
0.40157685
0.4015694
0.4015586
0.40154552
0.40153176
0.40151867
0.40150753
0.40149903
0.40149343
0.4014906
0.40149015
0.40149164
0.40149418
0.40149716
0.40149984
0.40150216
0.40150437
0.401507
0.40151063
0.40151578
0.40152302
0.40153253
0.40154445
0.40155867
0.4015747
0.4015924
0.40161133
0.40163082
0.40164986
0.40166724
0.40168166
0.40169203
0.4016979
0.4016994
0.40169707
0.40169182
0.4016849
0.40167743
0.40167022
0.40166375
0.40165827
0.40165392
0.40165085
0.40164897
0.40164816
0.40164834
0.40164942
0.40165138
0.40165436
0.40165833
0.40166298
0.4016676
0.40167114
0.40167263
0.40167102
0.40166587
0.401657
0.40164497
0.4016307
0.4016155
0.40160063
0.40158734
0.40157667
0.40156922
0.40156516
0.40156436
0.40156606
0.4015694
0.4015731
0.40157577
0.40157625
0.4015736
0.4015676
0.4015585
0.4015471
0.40153474
0.4015226
0.40151185
0.40150338
0.40149784
0.40149584
0.40149757
0.40150306
0.40151203
0.40152377
0.40153757
0.4015525
0.40156737
0.4015811
0.4015928
0.40160215
0.401609
0.4016138
0.40161717
0.4016196
0.4016215
0.4016231
0.40162447
0.40162587
0.4016275
0.4016296
0.40163264
0.40163726
0.40164396
0.4016531
0.4016646
0.4016781
0.40169275
0.40170777
0.40172195
0.40173388
0.4017425
0.40174717
0.4017474
0.40174326
0.40173537
0.40172443
0.40171152
0.40169778
0.40168422
0.4016718
0.40166125
0.40165332
0.40164855
0.40164757
0.40165076
0.40165854
0.4016709
0.40168792
0.40170914
0.40173373
0.40176025
0.40178704
0.40181252
0.4018352
0.40185383
0.4018676
0.40187576
0.4018782
0.401875
0.4018664
0.40185308
0.40183574
0.40181544
0.40179357
0.40177155
0.40175086
0.4017331
0.40171906
0.40170887
0.40170217
0.40169784
0.4016946
0.40169117
0.40168682
0.40168115
0.40167433
0.40166664
0.40165868
0.40165097
0.4016435
0.40163615
0.40162846
0.40162012
0.40161064
0.40159997
0.40158805
0.40157503
0.40156102
0.40154642
0.40153173
0.40151748
0.4015044
0.40149304
0.4014839
0.40147713
0.4014727
0.40147027
0.40146932
0.40146935
0.4014698
0.4014706
0.40147203
0.40147436
0.40147814
0.4014837
0.4014912
0.40150058
0.40151146
0.4015233
0.40153518
0.40154612
0.40155506
0.4015612
0.40156406
0.4015635
0.40156013
0.4015546
0.40154812
0.40154147
0.40153533
0.40153003
0.4015254
0.40152138
0.40151766
0.40151393
0.4015104
0.40150738
0.40150544
0.40150493
0.4015061
0.40150928
0.4015145
0.40152186
0.4015314
0.40154332
0.40155745
0.40157342
0.40159047
0.4016074
0.40162292
0.4016354
0.401644
0.40164813
0.40164796
0.40164426
0.40163797
0.40163028
0.40162188
0.40161338
0.40160474
0.40159565
0.40158623
0.40157658
0.40156737
0.40155908
0.4015522
0.40154707
0.40154395
0.40154296
0.40154418
0.4015477
0.40155357
0.40156153
0.40157133
0.4015823
0.401594
0.4016055
0.40161645
0.40162656
0.40163612
0.40164554
0.40165514
0.40166542
0.40167624
0.40168732
0.40169775
0.40170658
0.40171298
0.40171623
0.4017158
0.40171152
0.40170375
0.4016931
0.4016802
0.4016659
0.40165085
0.40163535
0.40161952
0.40160343
0.4015871
0.4015704
0.40155396
0.40153807
0.4015232
0.40150976
0.40149796
0.4014878
0.4014794
0.40147272
0.40146807
0.40146556
0.40146515
0.40146682
0.40147033
0.40147564
0.4014826
0.4014914
0.40150198
0.40151426
0.4015277
0.40154213
0.401557
0.40157163
0.4015851
0.4015963
0.40160418
0.401608
0.40160763
0.40160334
0.40159607
0.40158692
0.40157712
0.4015677
0.40155956
0.40155366
0.4015506
0.40155098
0.4015548
0.40156198
0.40157187
0.4015836
0.40159577
0.40160695
0.40161592
0.4016215
0.40162328
0.4016212
0.40161577
0.40160802
0.40159935
0.401591
0.4015845
0.40158066
0.40158015
0.40158308
0.40158918
0.40159783
0.40160832
0.4016195
0.40162998
0.40163824
0.4016429
0.40164283
0.40163735
0.40162635
0.4016102
0.40158963
0.4015659
0.4015403
0.4015142
0.40148878
0.40146503
0.4014442
0.40142703
0.40141413
0.40140587
0.40140238
0.4014035
0.40140867
0.40141717
0.4014281
0.40144044
0.40145314
0.40146506
0.40147525
0.40148327
0.40148908
0.4014927
0.40149465
0.40149528
0.40149546
0.4014959
0.40149745
0.40150058
0.4015057
0.40151274
0.40152133
0.40153074
0.40154013
0.40154845
0.4015548
0.40155864
0.40155995
0.40155905
0.40155652
0.40155295
0.4015487
0.40154442
0.40154043
0.4015368
0.40153363
0.40153104
0.4015291
0.40152815
0.40152833
0.40153015
0.40153414
0.40154067
0.40155002
0.4015622
0.401577
0.40159371
0.40161145
0.40162897
0.40164545
0.40166053
0.40167424
0.4016868
0.40169847
0.40170932
0.40171897
0.40172672
0.40173194
0.4017338
0.40173182
0.40172595
0.40171632
0.40170383
0.40168968
0.4016755
0.4016629
0.4016535
0.4016484
0.40164798
0.4016525
0.40166166
0.40167505
0.40169185
0.40171093
0.4017308
0.40174967
0.4017659
0.40177807
0.401785
0.40178576
0.40178
0.4017677
0.40174907
0.40172508
0.4016968
0.40166572
0.40163347
0.40160173
0.401572
0.40154514
0.40152177
0.40150216
0.40148625
0.40147367
0.4014641
0.40145734
0.40145317
0.40145147
0.40145206
0.401455
0.40146005
0.401467
0.40147573
0.40148565
0.40149614
0.40150675
0.4015168
0.4015259
0.4015339
0.40154096
0.40154704
0.40155235
0.40155685
0.40156034
0.40156257
0.40156332
0.40156242
0.40156016
0.4015571
0.4015543
0.40155268
0.40155315
0.40155625
0.40156224
0.40157112
0.40158296
0.4015975
0.40161422
0.40163246
0.40165105
0.4016688
0.40168422
0.40169618
0.4017039
0.40170702
0.4017056
0.4017001
0.40169114
0.40167955
0.4016664
0.4016527
0.40163913
0.40162614
0.4016137
0.40160194
0.4015909
0.40158093
0.40157214
0.40156463
0.4015583
0.40155295
0.40154818
0.40154392
0.4015399
0.40153608
0.40153217
0.40152836
0.40152448
0.4015208
0.40151745
0.40151462
0.40151235
0.40151048
0.4015087
0.4015068
0.4015045
0.40150198
0.40149927
0.40149665
0.40149456
0.4014935
0.40149397
0.40149638
0.401501
0.40150777
0.40151605
0.40152493
0.40153328
0.40153953
0.40154245
0.4015412
0.40153563
0.40152594
0.40151322
0.40149862
0.40148365
0.4014697
0.40145808
0.40144974
0.4014453
0.40144518
0.4014493
0.40145716
0.40146822
0.4014817
0.40149692
0.4015134
0.40153053
0.40154842
0.40156695
0.40158594
0.40160477
0.40162247
0.40163788
0.40164953
0.4016565
0.40165806
0.40165427
0.40164572
0.4016334
0.40161875
0.40160304
0.40158758
0.4015731
0.4015602
0.40154925
0.40154055
0.40153423
0.40153015
0.4015279
0.4015269
0.40152633
0.40152544
0.4015233
0.4015193
0.401513
0.40150452
0.4014945
0.4014836
0.40147266
0.40146235
0.40145308
0.40144488
0.4014378
0.4014316
0.40142637
0.40142202
0.40141875
0.40141666
0.40141594
0.4014169
0.40141973
0.40142483
0.40143228
0.4014424
0.4014554
0.4014712
0.40148988
0.40151137
0.40153533
0.40156168
0.40158975
0.40161866
0.40164718
0.40167367
0.4016966
0.4017144
0.40172628
0.40173185
0.40173116
0.4017252
0.40171504
0.40170223
0.4016885
0.40167534
0.401664
0.40165526
0.40164953
0.401647
0.40164736
0.40165028
0.40165508
0.40166086
0.40166667
0.40167174
0.4016758
0.40167868
0.4016811
0.40168405
0.40168852
0.40169522
0.40170446
0.40171582
0.40172833
0.40174085
0.4017521
0.40176126
0.40176788
0.40177202
0.401774
0.40177476
0.4017753
0.40177682
0.40178052
0.4017872
0.40179712
0.4018099
0.4018247
0.40184033
0.40185538
0.40186846
0.4018782
0.40188348
0.4018834
0.40187737
0.40186518
0.401847
0.40182346
0.40179548
0.40176454
0.4017321
0.4017
0.40166995
0.40164363
0.401622
0.4016057
0.40159485
0.40158913
0.40158784
0.40159017
0.4015951
0.40160134
0.40160766
0.40161303
0.4016166
0.4016179
0.40161708
0.4016145
0.40161055
0.40160584
0.4016003
0.401594
0.40158662
0.40157804
0.40156856
0.4015589
0.4015502
0.4015438
0.40154058
0.40154156
0.4015471
0.40155715
0.40157112
0.401588
0.40160638
0.40162447
0.40164053
0.40165272
0.40165973
0.40166107
0.40165702
0.40164846
0.40163675
0.40162364
0.40161064
0.4015991
0.40158993
0.4015836
0.40158048
0.40158072
0.40158427
0.401591
0.40160084
0.40161344
0.40162817
0.4016443
0.4016608
0.40167686
0.40169182
0.40170527
0.4017171
0.40172714
0.4017351
0.40174055
0.40174314
0.40174282
0.40173948
0.40173304
0.40172356
0.4017114
0.4016971
0.40168166
0.40166613
0.40165165
0.40163916
0.4016291
0.40162188
0.40161732
0.40161476
0.40161374
0.40161338
0.40161285
0.40161163
0.40160924
0.40160587
0.40160152
0.40159613
0.40158954
0.4015817
0.40157261
0.40156284
0.401553
0.40154377
0.40153593
0.40152973
0.4015252
0.40152225
0.40152058
0.40151983
0.40151986
0.40152064
0.401522
0.40152407
0.40152696
0.40153056
0.40153483
0.40153983
0.4015454
0.40155137
0.40155745
0.40156344
0.4015691
0.4015746
0.40158024
0.4015861
0.40159214
0.40159786
0.4016026
0.40160602
0.4016079
0.40160832
0.4016079
0.40160695
0.4016059
0.40160468
0.40160316
0.4016013
0.40159908
0.40159672
0.4015945
0.40159255
0.40159118
0.40159038
0.40159023
0.40159082
0.40159225
0.40159446
0.40159717
0.40160015
0.40160304
0.40160534
0.40160647
0.401606
0.4016039
0.4016004
0.40159586
0.40159056
0.40158513
0.4015797
0.40157476
0.40157068
0.40156788
0.4015665
0.40156674
0.40156853
0.40157172
0.40157628
0.40158206
0.40158913
0.40159732
0.40160638
0.40161556
0.40162423
0.4016317
0.4016376
0.40164194
0.4016447
0.401646
0.401646
0.40164477
0.40164247
0.4016395
0.40163597
0.40163252
0.40162933
0.40162668
0.40162465
0.40162328
0.40162268
0.40162274
0.40162337
0.4016241
0.4016243
0.40162337
0.4016208
0.40161672
0.4016112
0.40160516
0.40159914
0.40159392
0.40159017
0.40158844
0.40158927
0.40159282
0.40159857
0.4016061
0.40161434
0.40162227
0.40162903
0.40163413
0.40163746
0.4016393
0.40164033
0.40164077
0.4016412
0.4016415
0.40164164
0.40164155
0.40164086
0.40163922
0.40163597
0.4016307
0.40162283
0.40161225
0.4015993
0.40158468
0.4015696
0.40155515
0.4015426
0.40153328
0.40152797
0.40152764
0.4015325
0.40154272
0.401558
0.40157762
0.40160024
0.40162444
0.40164843
0.40167046
0.40168896
0.40170273
0.40171117
0.40171424
0.40171266
0.40170777
0.40170154
0.40169594
0.40169308
0.40169504
0.4017036
0.40172064
0.40174803
0.4017883
0.40184492
0.40192312
0.40203056
0.40217805
0.4023813
0.4026626
0.40305033
0.40358537
0.4043244
0.40534478
0.40675205
0.40868804
0.41137323
0.4150329
0.41997656
0.4266768
0.43577868
0.44789422
