0.4425863
0.43208462
0.42420623
0.41827396
0.41384506
0.41057637
0.4081835
0.406427
0.40514648
0.40422195
0.40355647
0.4030808
0.40274316
0.40250507
0.40233803
0.4022214
0.40214032
0.402084
0.40204462
0.4020165
0.40199542
0.40197802
0.40196186
0.40194514
0.4019267
0.40190563
0.4018817
0.4018549
0.40182567
0.40179488
0.40176368
0.4017333
0.40170524
0.4016806
0.4016604
0.40164542
0.4016361
0.4016323
0.40163347
0.40163866
0.40164632
0.40165493
0.40166268
0.40166816
0.40167034
0.40166885
0.40166393
0.40165666
0.40164822
0.40164012
0.4016337
0.40163
0.40162963
0.40163264
0.40163854
0.4016465
0.40165538
0.4016639
0.40167072
0.40167454
0.40167457
0.40167058
0.4016624
0.40165076
0.4016364
0.40162054
0.40160435
0.40158856
0.4015737
0.40156
0.40154773
0.4015371
0.4015284
0.40152168
0.40151712
0.4015143
0.40151286
0.4015123
0.40151203
0.40151158
0.40151078
0.40150955
0.40150818
0.4015069
0.40150595
0.40150547
0.4015053
0.40150553
0.40150625
0.40150756
0.40150976
0.40151295
0.40151712
0.40152192
0.40152693
0.40153143
0.40153462
0.40153623
0.4015364
0.40153575
0.401535
0.401535
0.40153638
0.4015396
0.40154496
0.40155235
0.40156135
0.40157148
0.40158224
0.4015927
0.401602
0.40160918
0.40161386
0.40161586
0.4016156
0.4016138
0.4016116
0.40160975
0.40160903
0.40160993
0.40161252
0.40161678
0.40162238
0.40162873
0.40163523
0.40164098
0.4016454
0.40164796
0.40164825
0.40164608
0.40164104
0.4016331
0.40162206
0.40160826
0.40159252
0.4015761
0.40156046
0.4015472
0.4015373
0.40153182
0.401531
0.40153491
0.40154302
0.40155473
0.40156883
0.40158406
0.4015991
0.40161303
0.40162516
0.40163532
0.40164348
0.40164992
0.4016545
0.40165716
0.40165758
0.40165538
0.40165025
0.40164247
0.40163252
0.40162095
0.401609
0.40159765
0.40158784
0.40158024
0.40157527
0.40157324
0.40157428
0.4015786
0.4015865
0.4015982
0.40161338
0.4016315
0.40165162
0.4016723
0.40169197
0.40170926
0.40172294
0.40173253
0.40173808
0.40174022
0.40174022
0.40173966
0.4017399
0.40174207
0.40174687
0.4017541
0.4017632
0.40177298
0.4017821
0.40178916
0.4017929
0.40179276
0.40178818
0.40177917
0.40176624
0.40175
0.40173173
0.40171292
0.4016953
0.4016806
0.40167013
0.40166488
0.4016658
0.40167314
0.4016868
0.40170595
0.40172943
0.40175587
0.4017838
0.4018116
0.4018379
0.4018613
0.4018808
0.4018955
0.40190452
0.40190756
0.40190452
0.4018953
0.40188032
0.40186012
0.40183538
0.40180722
0.40177688
0.40174562
0.40171462
0.40168497
0.4016574
0.40163222
0.40160963
0.4015894
0.40157142
0.40155566
0.4015418
0.4015296
0.4015187
0.4015086
0.4014987
0.40148836
0.40147695
0.4014643
0.40145066
0.40143657
0.40142283
0.4014103
0.40139964
0.40139148
0.4013862
0.40138415
0.40138546
0.40139046
0.40139982
0.40141448
0.40143594
0.4014663
0.40150875
0.40156743
0.4016482
0.40175915
0.4019116
0.40212277
0.40241325
0.4028129
0.40336278
0.40411946
0.40515968
0.40658832
0.40854606
0.41125327
0.41493288
0.41989487
0.42661345
0.43573067
0.44786003
