0.4425278
0.43200973
0.42411914
0.41817832
0.41374406
0.41047147
0.40807545
0.40631512
0.4050291
0.40409797
0.4034253
0.40294304
0.4026002
0.40235922
0.40219182
0.40207693
0.40199882
0.40194553
0.4019081
0.40188003
0.4018569
0.40183577
0.401815
0.4017938
0.40177208
0.40175003
0.401728
0.4017065
0.40168574
0.40166613
0.4016479
0.40163118
0.4016161
0.4016028
0.40159166
0.4015829
0.40157685
0.4015735
0.40157285
0.4015748
0.40157855
0.40158358
0.40158895
0.4015935
0.40159646
0.40159723
0.4015959
0.40159297
0.40158936
0.40158638
0.40158495
0.40158564
0.40158856
0.4015931
0.40159845
0.40160355
0.4016074
0.40160942
0.40160945
0.4016079
0.40160558
0.40160337
0.40160215
0.4016022
0.4016036
0.40160587
0.40160832
0.40161005
0.4016102
0.40160805
0.40160337
0.40159622
0.40158692
0.40157616
0.4015647
0.40155336
0.4015427
0.4015333
0.4015257
0.40152013
0.40151694
0.40151656
0.40151933
0.40152562
0.40153536
0.40154815
0.401563
0.40157887
0.40159422
0.40160772
0.4016184
0.40162557
0.4016295
0.40163085
0.40163088
0.4016312
0.40163305
0.40163732
0.40164417
0.40165308
0.401663
0.4016724
0.40167987
0.40168414
0.40168437
0.40168044
0.40167236
0.40166107
0.40164772
0.4016335
0.40161955
0.4016068
0.4015957
0.4015865
0.40157908
0.40157312
0.40156838
0.40156487
0.4015625
0.4015614
0.4015617
0.40156338
0.40156648
0.40157077
0.40157607
0.40158242
0.40159
0.4015991
0.40161023
0.40162364
0.40163922
0.40165636
0.40167397
0.4016906
0.40170494
0.4017158
0.40172237
0.40172434
0.40172192
0.40171576
0.4017067
0.40169603
0.401685
0.4016746
0.40166563
0.40165845
0.40165326
0.40164992
0.40164772
0.40164584
0.40164286
0.4016376
0.40162918
0.40161723
0.401602
0.40158442
0.4015658
0.40154755
0.4015309
0.4015167
0.40150556
0.4014979
0.40149397
0.4014939
0.40149775
0.40150502
0.4015152
0.4015273
0.40154028
0.40155295
0.40156394
0.4015724
0.40157738
0.40157828
0.40157503
0.4015683
0.40155894
0.4015483
0.40153754
0.40152764
0.40151912
0.40151262
0.40150806
0.40150544
0.40150452
0.40150502
0.40150654
0.4015085
0.4015107
0.40151304
0.40151602
0.4015202
0.40152618
0.40153444
0.40154514
0.40155792
0.40157205
0.4015865
0.40159965
0.4016102
0.40161702
0.40161934
0.40161705
0.40161052
0.40160048
0.40158808
0.40157443
0.40156057
0.40154728
0.40153503
0.40152416
0.4015146
0.40150613
0.4014984
0.40149108
0.4014842
0.40147802
0.40147352
0.40147144
0.4014724
0.40147668
0.4014842
0.40149465
0.40150738
0.40152186
0.40153742
0.4015535
0.40156993
0.40158656
0.40160388
0.40162244
0.40164247
0.40166414
0.40168694
0.40171003
0.40173218
0.40175208
0.40176865
0.40178108
0.40178892
0.4017919
0.40179023
0.40178427
0.40177462
0.40176195
0.40174696
0.40173048
0.4017135
0.40169668
0.40168047
0.401665
0.40165013
0.40163538
0.40162075
0.40160602
0.4015918
0.4015785
0.4015665
0.40155643
0.40154848
0.401543
0.40153995
0.4015394
0.40154114
0.4015449
0.4015502
0.40155655
0.40156376
0.401572
0.40158138
0.40159196
0.40160376
0.4016162
0.40162873
0.4016407
0.40165117
0.401659
0.4016633
0.4016633
0.40165868
0.40164945
0.4016361
0.40161943
0.40160048
0.40158007
0.40155914
0.4015386
0.40151912
0.40150127
0.40148553
0.4014721
0.4014612
0.40145308
0.40144753
0.40144458
0.40144402
0.40144557
0.40144908
0.40145436
0.40146127
0.40146986
0.40148026
0.40149242
0.40150645
0.40152264
0.40154138
0.40156314
0.4015881
0.40161607
0.4016463
0.40167758
0.4017083
0.40173677
0.4017613
0.401781
0.40179515
0.40180367
0.40180677
0.40180495
0.401799
0.40178964
0.40177792
0.4017647
0.40175086
0.40173748
0.4017252
0.4017145
0.40170586
0.40169972
0.4016964
0.40169597
0.4016984
0.40170336
0.40171006
0.40171728
0.40172404
0.40172932
0.4017326
0.40173373
0.40173286
0.4017306
0.40172777
0.40172496
0.4017227
0.40172097
0.40171954
0.4017181
0.401716
0.40171275
0.40170804
0.40170184
0.4016942
0.40168554
0.4016765
0.4016679
0.40166077
0.40165588
0.40165374
0.40165445
0.40165734
0.40166166
0.4016662
0.40166983
0.4016715
0.40167058
0.40166697
0.40166086
0.4016528
0.40164363
0.40163404
0.4016245
0.40161523
0.40160626
0.40159723
0.40158778
0.4015778
0.40156743
0.40155697
0.4015465
0.40153617
0.40152568
0.40151483
0.40150315
0.40149084
0.4014783
0.40146625
0.40145528
0.4014462
0.40143937
0.40143526
0.40143418
0.4014363
0.4014415
0.4014498
0.40146095
0.4014746
0.4014904
0.40150794
0.40152654
0.40154564
0.4015642
0.40158114
0.40159556
0.4016069
0.40161508
0.40162072
0.4016248
0.4016284
0.40163267
0.40163827
0.40164554
0.40165415
0.4016633
0.40167204
0.40167877
0.40168232
0.40168172
0.4016764
0.4016661
0.40165117
0.40163216
0.40161014
0.40158606
0.40156135
0.40153715
0.4015145
0.4014946
0.40147826
0.40146613
0.40145865
0.40145582
0.40145737
0.40146267
0.4014712
0.4014825
0.401496
0.40151188
0.40153056
0.40155235
0.40157753
0.40160602
0.40163746
0.4016708
0.401705
0.40173832
0.4017693
0.40179667
0.4018195
0.40183705
0.4018488
0.40185472
0.40185472
0.401849
0.40183824
0.40182287
0.40180373
0.40178183
0.4017584
0.4017347
0.4017122
0.40169185
0.40167424
0.40165943
0.4016473
0.4016376
0.40163043
0.40162584
0.40162423
0.4016258
0.40163046
0.4016376
0.4016465
0.40165597
0.40166494
0.40167275
0.4016791
0.40168422
0.40168843
0.4016926
0.40169716
0.40170255
0.40170908
0.4017165
0.40172443
0.40173244
0.40174025
0.40174788
0.40175557
0.4017635
0.40177187
0.40178037
0.40178812
0.401794
0.4017967
0.401795
0.40178797
0.40177527
0.4017569
0.40173358
0.40170634
0.40167686
0.40164685
0.40161797
0.4015916
0.4015687
0.4015497
0.40153474
0.40152362
0.40151605
0.40151152
0.40150952
0.40150955
0.40151125
0.40151432
0.4015188
0.4015248
0.4015326
0.4015421
0.4015532
0.40156555
0.40157896
0.4015928
0.40160662
0.4016196
0.40163076
0.40163916
0.40164423
0.40164563
0.4016436
0.4016388
0.40163192
0.40162382
0.401615
0.40160567
0.40159598
0.40158603
0.40157613
0.4015666
0.40155745
0.40154913
0.40154186
0.4015362
0.40153244
0.40153074
0.4015313
0.40153414
0.4015394
0.40154687
0.40155625
0.4015671
0.4015788
0.4015907
0.4016023
0.40161335
0.4016236
0.40163282
0.40164044
0.4016458
0.4016484
0.40164787
0.40164438
0.40163845
0.4016308
0.40162233
0.4016137
0.40160576
0.40159896
0.40159366
0.4015904
0.4015895
0.40159118
0.40159535
0.40160167
0.40160945
0.40161788
0.40162587
0.40163293
0.40163878
0.4016436
0.40164787
0.40165222
0.40165716
0.40166306
0.40166995
0.40167806
0.4016877
0.40169874
0.4017111
0.40172443
0.4017382
0.40175173
0.4017641
0.40177414
0.40178075
0.4017831
0.40178084
0.4017739
0.4017628
0.40174833
0.4017315
0.4017137
0.40169603
0.4016796
0.40166527
0.40165374
0.40164566
0.40164143
0.40164122
0.4016448
0.40165162
0.40166092
0.4016718
0.40168336
0.40169457
0.4017042
0.4017111
0.4017141
0.40171263
0.4017063
0.40169555
0.4016809
0.40166348
0.40164438
0.40162447
0.4016049
0.4015865
0.40157035
0.40155745
0.4015487
0.40154475
0.40154597
0.4015523
0.40156326
0.4015782
0.40159613
0.40161595
0.40163642
0.4016563
0.40167424
0.401689
0.40169972
0.4017061
0.40170804
0.40170625
0.4017017
0.40169564
0.40168947
0.40168434
0.40168118
0.40168047
0.4016818
0.40168464
0.40168786
0.40169024
0.40169054
0.401688
0.40168226
0.40167338
0.40166196
0.401649
0.4016355
0.40162244
0.4016103
0.40159956
0.40158996
0.40158117
0.4015725
0.40156338
0.40155387
0.40154418
0.40153483
0.40152645
0.40151954
0.4015146
0.40151185
0.40151167
0.4015139
0.4015188
0.40152645
0.40153676
0.40154955
0.4015641
0.40157947
0.4015946
0.4016081
0.40161902
0.4016269
0.40163156
0.4016334
0.40163305
0.4016312
0.40162858
0.40162584
0.40162364
0.4016223
0.40162203
0.40162268
0.4016238
0.40162465
0.40162456
0.401623
0.40161994
0.40161565
0.40161076
0.40160605
0.40160218
0.40159917
0.401597
0.40159503
0.40159252
0.40158892
0.40158385
0.4015774
0.40157008
0.40156245
0.40155518
0.40154874
0.40154353
0.40153956
0.4015367
0.40153491
0.40153414
0.40153468
0.4015367
0.4015405
0.40154666
0.40155563
0.40156776
0.40158314
0.40160134
0.40162143
0.40164217
0.40166196
0.40167907
0.40169215
0.40170038
0.40170354
0.40170214
0.40169728
0.4016906
0.40168378
0.40167823
0.40167508
0.40167487
0.40167823
0.40168536
0.4016961
0.4017102
0.40172732
0.40174702
0.40176848
0.4017907
0.40181246
0.40183225
0.4018488
0.401861
0.40186796
0.4018691
0.40186402
0.40185297
0.40183622
0.40181452
0.40178904
0.40176126
0.40173292
0.40170565
0.40168092
0.40165982
0.40164286
0.40163028
0.40162182
0.40161714
0.4016161
0.40161884
0.40162525
0.40163526
0.40164873
0.401665
0.40168318
0.40170208
0.40172002
0.40173537
0.4017465
0.4017524
0.40175235
0.40174612
0.40173423
0.4017178
0.40169832
0.40167767
0.40165767
0.40163985
0.40162516
0.40161434
0.40160757
0.40160477
0.4016056
0.40160963
0.4016168
0.40162677
0.40163913
0.40165317
0.40166777
0.40168157
0.40169293
0.40170047
0.40170297
0.4016997
0.40169027
0.40167513
0.4016551
0.40163147
0.40160587
0.40157977
0.40155447
0.4015311
0.4015105
0.40149316
0.40147957
0.40146977
0.4014636
0.40146062
0.40146014
0.4014616
0.4014644
0.40146804
0.4014722
0.40147665
0.40148145
0.40148658
0.40149227
0.40149853
0.40150535
0.4015128
0.4015208
0.40152916
0.40153763
0.4015461
0.40155405
0.40156123
0.40156683
0.40157044
0.40157193
0.40157133
0.4015693
0.4015665
0.40156367
0.40156135
0.40155986
0.40155923
0.40155962
0.40156087
0.40156293
0.40156564
0.40156886
0.4015724
0.40157646
0.40158123
0.4015868
0.40159345
0.40160134
0.40161073
0.4016219
0.40163475
0.40164888
0.40166348
0.40167743
0.40168944
0.40169832
0.40170312
0.40170336
0.40169904
0.40169048
0.4016784
0.40166408
0.40164894
0.4016347
0.40162277
0.4016144
0.40161052
0.40161142
0.40161705
0.40162677
0.40164
0.40165567
0.40167263
0.4016895
0.401705
0.40171784
0.40172675
0.401731
0.40172997
0.4017236
0.4017122
0.4016964
0.40167713
0.40165552
0.40163317
0.40161133
0.4015913
0.40157405
0.40156034
0.40155068
0.40154508
0.40154362
0.40154606
0.40155226
0.4015616
0.40157327
0.40158632
0.40159944
0.40161142
0.40162122
0.4016284
0.401633
0.40163565
0.40163752
0.40163958
0.40164283
0.40164787
0.40165484
0.4016636
0.40167344
0.40168348
0.4016926
0.40169984
0.40170452
0.401706
0.40170395
0.4016981
0.40168867
0.4016762
0.4016617
0.40164652
0.40163207
0.4016198
0.40161106
0.40160698
0.40160844
0.401616
0.40163004
0.40165007
0.40167537
0.4017048
0.4017368
0.40176967
0.4018019
0.40183204
0.40185913
0.40188232
0.4019014
0.4019161
0.40192637
0.4019324
0.401934
0.40193105
0.40192345
0.401911
0.4018936
0.4018715
0.40184525
0.40181565
0.40178397
0.40175164
0.4017203
0.40169156
0.40166655
0.40164608
0.40163055
0.4016199
0.4016138
0.40161166
0.40161252
0.40161535
0.40161934
0.4016238
0.40162832
0.40163285
0.40163746
0.40164226
0.40164736
0.40165275
0.40165848
0.4016649
0.4016727
0.4016822
0.4016934
0.40170583
0.40171862
0.40173048
0.40174013
0.4017466
0.401749
0.40174714
0.40174088
0.40173107
0.4017185
0.40170437
0.4016897
0.4016756
0.40166286
0.4016518
0.40164262
0.4016352
0.4016291
0.40162376
0.40161848
0.40161252
0.4016055
0.4015975
0.40158904
0.4015811
0.40157476
0.4015707
0.4015694
0.401571
0.40157548
0.40158245
0.40159157
0.40160263
0.40161505
0.4016282
0.40164134
0.40165365
0.4016646
0.4016739
0.40168148
0.40168747
0.40169206
0.40169528
0.4016972
0.4016978
0.4016972
0.40169564
0.4016938
0.40169218
0.40169123
0.4016914
0.4016925
0.4016943
0.40169635
0.4016982
0.40169874
0.40169704
0.40169218
0.4016837
0.40167177
0.40165707
0.40164068
0.4016238
0.40160748
0.40159255
0.40157914
0.40156725
0.40155652
0.4015464
0.4015367
0.40152752
0.40151906
0.40151167
0.40150553
0.401501
0.40149802
0.40149638
0.40149572
0.40149584
0.4014965
0.40149748
0.40149897
0.4015011
0.40150374
0.40150672
0.40150946
0.4015113
0.40151152
0.4015096
0.40150577
0.40150037
0.40149394
0.40148684
0.40147963
0.40147296
0.40146717
0.40146285
0.40146035
0.40145996
0.40146175
0.40146556
0.4014712
0.4014786
0.40148744
0.40149757
0.40150854
0.4015195
0.4015296
0.40153807
0.4015438
0.4015464
0.40154576
0.40154225
0.4015367
0.4015298
0.40152225
0.40151507
0.40150887
0.40150416
0.4015016
0.40150133
0.4015034
0.40150765
0.40151381
0.40152133
0.40152985
0.40153894
0.4015481
0.4015567
0.4015643
0.4015706
0.40157548
0.4015792
0.40158197
0.40158406
0.4015858
0.40158752
0.4015893
0.40159112
0.40159255
0.40159324
0.40159282
0.4015906
0.40158615
0.4015793
0.40157008
0.40155882
0.40154618
0.40153307
0.40152064
0.40151018
0.40150297
0.40150008
0.40150252
0.40151083
0.40152535
0.40154585
0.40157166
0.40160167
0.40163457
0.4016688
0.40170315
0.4017368
0.40176907
0.40179953
0.4018276
0.40185264
0.4018739
0.40189093
0.40190318
0.40191066
0.4019136
0.40191233
0.40190765
0.4019002
0.4018907
0.40187946
0.4018664
0.4018513
0.4018339
0.40181407
0.4017922
0.4017687
0.40174457
0.40172067
0.40169823
0.4016784
0.4016621
0.4016501
0.40164256
0.40163976
0.40164125
0.40164676
0.40165573
0.4016675
0.40168113
0.4016958
0.4017106
0.40172458
0.40173662
0.40174583
0.4017515
0.40175313
0.40175045
0.40174353
0.40173277
0.40171865
0.40170196
0.40168345
0.401664
0.40164444
0.40162575
0.4016087
0.40159392
0.4015818
0.4015725
0.401566
0.40156215
0.4015606
0.4015609
0.40156278
0.40156606
0.40157086
0.40157753
0.40158623
0.40159672
0.40160877
0.40162155
0.4016342
0.40164548
0.40165442
0.40166005
0.40166205
0.40166038
0.40165538
0.40164772
0.40163842
0.40162835
0.40161812
0.401608
0.40159774
0.40158704
0.40157512
0.40156153
0.40154624
0.40152952
0.4015121
0.40149486
0.40147868
0.40146413
0.40145192
0.40144217
0.40143532
0.40143114
0.4014295
0.40143016
0.40143293
0.4014378
0.40144467
0.4014537
0.4014647
0.40147743
0.4014911
0.40150478
0.40151748
0.40152815
0.40153638
0.40154216
0.40154606
0.401549
0.40155172
0.40155488
0.40155873
0.40156308
0.40156737
0.40157098
0.40157324
0.401574
0.40157342
0.4015723
0.40157136
0.40157124
0.40157223
0.40157416
0.40157706
0.40158048
0.40158424
0.40158832
0.4015927
0.40159762
0.401603
0.4016086
0.40161416
0.401619
0.40162274
0.40162492
0.40162516
0.40162346
0.4016197
0.40161407
0.40160695
0.40159887
0.40159085
0.40158388
0.40157923
0.40157834
0.40158248
0.40159297
0.401611
0.4016378
0.40167522
0.40172553
0.4017919
0.40187886
0.4019932
0.4021445
0.40234786
0.40262488
0.40300444
0.4035282
0.40425417
0.40526122
0.40665665
0.40858352
0.4112638
0.41492355
0.41987255
0.42658365
0.43570182
0.44783723
