0.44254506
0.43203375
0.42415032
0.41821712
0.41379026
0.41052467
0.40813437
0.40637836
0.4050956
0.40416655
0.40349457
0.403011
0.4026643
0.40241566
0.40223652
0.4021057
0.40200812
0.40193292
0.4018728
0.40182295
0.40178052
0.40174413
0.4017132
0.4016877
0.40166792
0.40165415
0.40164652
0.40164453
0.40164736
0.4016536
0.40166155
0.40166986
0.40167716
0.40168256
0.4016854
0.4016856
0.40168345
0.4016797
0.4016749
0.4016699
0.40166485
0.40165985
0.40165478
0.4016497
0.40164497
0.4016411
0.40163904
0.4016396
0.40164354
0.401651
0.40166155
0.40167454
0.4016891
0.4017047
0.4017216
0.401741
0.40176573
0.4018004
0.4018519
0.40192962
0.4020465
0.40221956
0.4024741
0.40283948
0.40335777
0.40408665
0.40510407
0.4065158
0.408463
0.41116622
0.41484746
0.41981572
0.42654437
0.43567485
0.44781908
