0.4425952
0.4321005
0.42423302
0.41831562
0.4139044
0.41065422
0.40827715
0.40653187
0.40525624
0.40432972
0.4036556
0.4031656
0.4028093
0.40254948
0.40235913
0.40221888
0.4021152
0.40203854
0.40198228
0.40194175
0.40191305
0.40189293
0.40187824
0.40186638
0.40185502
0.40184274
0.40182817
0.40181077
0.40179038
0.4017675
0.40174294
0.40171775
0.40169325
0.40167078
0.40165144
0.4016361
0.401625
0.40161812
0.40161508
0.40161523
0.40161783
0.40162215
0.4016278
0.4016345
0.40164188
0.40164933
0.4016562
0.401662
0.4016662
0.4016687
0.4016693
0.4016681
0.40166512
0.4016604
0.4016542
0.40164682
0.40163872
0.4016302
0.40162158
0.40161312
0.40160504
0.40159774
0.40159193
0.40158844
0.40158775
0.40159023
0.40159583
0.4016041
0.40161443
0.4016261
0.40163872
0.40165204
0.4016662
0.40168115
0.4016967
0.40171236
0.4017274
0.4017412
0.40175334
0.4017637
0.40177274
0.4017809
0.40178874
0.40179646
0.4018039
0.40181074
0.4018162
0.40181974
0.4018208
0.4018192
0.40181497
0.40180805
0.40179875
0.40178743
0.4017746
0.40176094
0.40174723
0.40173444
0.40172353
0.40171495
0.40170896
0.40170506
0.40170258
0.40170047
0.40169743
0.40169248
0.40168473
0.4016738
0.40166003
0.4016444
0.40162838
0.40161368
0.40160173
0.40159363
0.40158966
0.4015894
0.40159234
0.40159717
0.40160248
0.4016069
0.40160936
0.401609
0.40160567
0.40159947
0.40159047
0.40157896
0.40156522
0.40154994
0.401534
0.40151834
0.40150398
0.4014917
0.40148187
0.4014749
0.4014708
0.40146968
0.40147135
0.401476
0.40148324
0.40149316
0.40150553
0.4015201
0.4015364
0.4015538
0.40157133
0.40158817
0.4016033
0.4016157
0.4016247
0.40163
0.40163162
0.40163028
0.40162674
0.40162182
0.40161654
0.40161186
0.40160853
0.40160722
0.40160844
0.40161228
0.40161884
0.40162814
0.40163967
0.4016528
0.40166643
0.40167892
0.40168884
0.4016947
0.4016955
0.40169072
0.40168047
0.40166527
0.4016462
0.40162468
0.40160218
0.40158018
0.40156
0.4015426
0.40152884
0.40151912
0.4015135
0.40151185
0.401514
0.4015196
0.40152833
0.40153995
0.40155417
0.40157056
0.4015884
0.40160668
0.40162405
0.4016391
0.40165085
0.40165854
0.40166196
0.40166122
0.40165654
0.40164816
0.4016366
0.40162247
0.4016068
0.4015905
0.40157452
0.40155965
0.4015464
0.40153506
0.40152577
0.40151867
0.40151367
0.4015105
0.40150896
0.40150887
0.40150997
0.4015124
0.40151644
0.40152225
0.40153003
0.40153962
0.4015511
0.40156442
0.40157998
0.401598
0.40161872
0.4016418
0.4016662
0.4016908
0.40171364
0.40173313
0.40174776
0.40175644
0.40175846
0.40175378
0.4017426
0.4017257
0.40170404
0.40167883
0.40165168
0.4016239
0.40159652
0.40157053
0.4015465
0.4015248
0.40150583
0.40148953
0.4014758
0.4014646
0.40145582
0.4014495
0.40144584
0.401445
0.40144712
0.4014522
0.4014604
0.40147147
0.40148517
0.40150124
0.40151945
0.4015396
0.4015618
0.40158632
0.4016131
0.4016418
0.40167156
0.4017011
0.40172893
0.40175352
0.40177372
0.40178862
0.40179783
0.40180117
0.40179926
0.4017929
0.40178347
0.40177217
0.40176037
0.40174925
0.40173945
0.40173113
0.40172434
0.40171885
0.40171453
0.40171114
0.4017082
0.40170494
0.40170062
0.4016943
0.40168568
0.40167475
0.40166172
0.4016471
0.40163147
0.4016155
0.4015998
0.40158477
0.40157112
0.4015594
0.40155026
0.4015441
0.40154105
0.4015409
0.40154302
0.40154666
0.40155083
0.4015546
0.4015573
0.4015583
0.40155777
0.40155613
0.40155384
0.4015513
0.40154877
0.401546
0.4015426
0.40153807
0.40153202
0.4015243
0.40151528
0.4015053
0.40149486
0.4014844
0.4014744
0.40146548
0.40145823
0.40145326
0.40145096
0.40145168
0.40145573
0.40146327
0.40147448
0.4014893
0.40150777
0.4015293
0.40155306
0.40157774
0.40160185
0.4016238
0.4016423
0.40165663
0.40166655
0.40167227
0.40167454
0.4016739
0.4016709
0.40166578
0.40165862
0.40164962
0.40163898
0.40162727
0.4016152
0.40160352
0.40159282
0.4015833
0.40157542
0.40156907
0.4015642
0.4015612
0.40156057
0.4015629
0.4015689
0.40157914
0.4015939
0.40161297
0.40163562
0.40166095
0.40168765
0.40171412
0.401739
0.40176085
0.40177834
0.40179062
0.4017969
0.40179685
0.40179032
0.40177748
0.40175906
0.40173584
0.4017091
0.40168014
0.4016505
0.4016218
0.4015955
0.40157282
0.40155455
0.4015412
0.40153295
0.40153015
0.40153295
0.40154123
0.40155455
0.40157205
0.40159237
0.40161374
0.40163422
0.40165192
0.4016654
0.4016737
0.4016769
0.40167525
0.40166965
0.40166155
0.40165263
0.40164486
0.40164006
0.40163967
0.4016447
0.40165526
0.40167102
0.4016908
0.401713
0.40173566
0.40175703
0.40177536
0.40178952
0.4017983
0.4018011
0.4017978
0.40178856
0.40177417
0.40175524
0.40173286
0.40170822
0.4016823
0.40165615
0.40163052
0.40160596
0.4015829
0.40156147
0.40154168
0.4015237
0.40150753
0.4014934
0.40148136
0.4014716
0.40146437
0.40145996
0.40145856
0.40146035
0.40146542
0.40147385
0.40148562
0.40150073
0.40151912
0.40154067
0.40156564
0.40159416
0.40162653
0.40166304
0.40170422
0.40175068
0.40180385
0.40186656
0.40194383
0.40204358
0.40217754
0.40236232
0.40262297
0.4029893
0.4035037
0.40422398
0.40522808
0.4066224
0.40854904
0.4112292
0.414889
0.41983873
0.42655173
0.43567425
0.44781613
