0.44251752
0.43199566
0.42410088
0.41815493
0.41371414
0.41043365
0.40802917
0.4062604
0.40496704
0.40403065
0.40335494
0.40287188
0.40253025
0.40229157
0.40212676
0.4020141
0.40193725
0.40188468
0.40184814
0.40182206
0.4018025
0.40178686
0.40177312
0.4017596
0.4017449
0.40172818
0.40170896
0.40168756
0.40166467
0.40164128
0.40161878
0.40159833
0.40158075
0.4015666
0.40155604
0.40154898
0.40154535
0.40154508
0.40154788
0.40155345
0.4015613
0.40157098
0.4015823
0.4015948
0.40160817
0.4016219
0.40163574
0.40164945
0.40166256
0.40167424
0.40168327
0.40168828
0.40168828
0.40168262
0.4016713
0.40165502
0.40163505
0.40161335
0.40159178
0.40157202
0.4015556
0.40154353
0.4015362
0.4015336
0.40153524
0.40154004
0.40154675
0.40155402
0.40156052
0.4015655
0.4015687
0.40157032
0.4015711
0.40157172
0.4015731
0.4015757
0.40158018
0.40158674
0.40159553
0.4016062
0.40161836
0.40163127
0.40164405
0.40165612
0.40166733
0.40167746
0.40168643
0.40169385
0.4016992
0.4017018
0.40170103
0.4016965
0.40168813
0.40167645
0.40166244
0.40164742
0.40163282
0.40161994
0.40160957
0.40160212
0.40159738
0.4015949
0.40159366
0.4015927
0.40159127
0.40158898
0.40158555
0.40158108
0.40157577
0.40157032
0.4015657
0.40156266
0.4015618
0.40156323
0.40156668
0.4015718
0.40157783
0.4015841
0.4015899
0.4015948
0.40159845
0.40160054
0.40160108
0.4016003
0.40159887
0.40159735
0.40159664
0.4015975
0.40160048
0.40160555
0.4016125
0.40162045
0.40162846
0.40163523
0.40164003
0.40164247
0.4016432
0.4016429
0.40164283
0.4016438
0.40164647
0.40165102
0.4016574
0.40166533
0.4016743
0.40168387
0.40169322
0.40170208
0.40171015
0.4017175
0.40172416
0.4017302
0.40173542
0.40173966
0.40174285
0.401745
0.4017464
0.40174747
0.40174866
0.40175003
0.40175164
0.40175283
0.40175328
0.40175244
0.40175024
0.40174642
0.40174097
0.40173364
0.40172416
0.40171278
0.40169963
0.40168533
0.40167055
0.40165642
0.40164363
0.40163282
0.40162423
0.40161765
0.4016127
0.40160853
0.40160456
0.4015999
0.40159374
0.40158534
0.40157446
0.40156114
0.40154606
0.4015301
0.40151414
0.4014993
0.4014864
0.401476
0.40146837
0.4014634
0.4014609
0.40146065
0.40146244
0.40146604
0.40147084
0.40147635
0.40148178
0.40148628
0.40148896
0.4014894
0.40148732
0.4014829
0.40147644
0.40146878
0.4014608
0.40145344
0.40144742
0.40144336
0.4014415
0.40144217
0.40144548
0.40145123
0.40145916
0.40146875
0.4014794
0.40149048
0.40150166
0.4015127
0.40152362
0.40153432
0.4015448
0.40155557
0.40156698
0.4015797
0.40159407
0.4016103
0.40162814
0.40164694
0.40166542
0.40168217
0.4016955
0.40170383
0.4017062
0.4017021
0.40169185
0.4016764
0.4016571
0.40163583
0.40161434
0.40159443
0.40157732
0.401564
0.40155488
0.40154982
0.40154824
0.401549
0.401551
0.40155292
0.40155384
0.40155286
0.40154994
0.40154532
0.4015396
0.40153363
0.40152818
0.40152422
0.4015225
0.4015237
0.40152842
0.40153724
0.40155053
0.40156844
0.40159047
0.40161586
0.40164325
0.4016711
0.4016977
0.40172103
0.40173975
0.40175274
0.4017594
0.40175977
0.40175444
0.40174437
0.4017309
0.40171558
0.40169966
0.4016843
0.40167028
0.40165794
0.401647
0.4016372
0.40162814
0.40161967
0.40161195
0.40160555
0.40160117
0.40159944
0.40160075
0.40160495
0.40161166
0.4016204
0.4016302
0.4016399
0.40164813
0.4016531
0.4016539
0.40164974
0.40164095
0.40162826
0.40161315
0.40159714
0.40158173
0.40156817
0.40155745
0.40155038
0.40154704
0.40154755
0.40155163
0.4015589
0.4015689
0.4015808
0.40159371
0.40160647
0.40161812
0.40162808
0.40163594
0.4016417
0.40164554
0.40164742
0.40164763
0.40164644
0.4016444
0.40164232
0.4016413
0.4016419
0.40164447
0.40164858
0.4016535
0.40165803
0.40166077
0.40166044
0.40165654
0.40164894
0.4016384
0.40162587
0.4016126
0.40159982
0.40158835
0.40157887
0.40157193
0.4015677
0.40156627
0.40156767
0.40157145
0.40157738
0.40158483
0.401593
0.4016009
0.4016075
0.4016115
0.40161234
0.40160972
0.401604
0.40159604
0.40158683
0.40157732
0.40156844
0.40156046
0.4015534
0.40154734
0.401542
0.40153715
0.40153232
0.40152726
0.40152186
0.4015163
0.40151057
0.4015051
0.40150014
0.4014961
0.40149316
0.40149143
0.40149075
0.40149096
0.40149173
0.4014927
0.4014935
0.40149373
0.40149322
0.40149188
0.40148982
0.40148702
0.40148368
0.40147978
0.40147564
0.40147153
0.40146795
0.40146554
0.40146497
0.40146685
0.40147156
0.4014792
0.40148982
0.40150312
0.4015186
0.40153593
0.40155444
0.4015732
0.40159118
0.40160707
0.40161964
0.40162796
0.40163153
0.40163052
0.40162557
0.4016179
0.40160877
0.40159956
0.40159142
0.40158513
0.40158135
0.4015804
0.40158224
0.4015865
0.4015922
0.40159845
0.40160406
0.401608
0.40160996
0.4016098
0.40160766
0.40160444
0.40160102
0.40159836
0.40159738
0.40159887
0.4016034
0.40161097
0.40162113
0.40163308
0.40164575
0.40165764
0.4016671
0.4016728
0.4016737
0.40166938
0.40166003
0.4016465
0.40163028
0.40161312
0.4015969
0.40158322
0.4015732
0.40156743
0.40156618
0.40156916
0.4015757
0.4015849
0.40159556
0.40160632
0.40161586
0.40162286
0.40162662
0.40162674
0.401623
0.40161604
0.4016065
0.4015957
0.4015849
0.4015754
0.40156785
0.4015629
0.40156057
0.4015606
0.40156266
0.40156624
0.40157068
0.40157565
0.40158093
0.40158665
0.40159273
0.40159887
0.40160453
0.40160877
0.40161046
0.40160865
0.401603
0.40159357
0.4015811
0.40156695
0.40155283
0.40154028
0.4015308
0.4015255
0.40152475
0.40152863
0.4015367
0.40154824
0.40156212
0.401577
0.4015917
0.4016049
0.40161538
0.40162244
0.40162587
0.40162617
0.40162414
0.40162063
0.40161642
0.4016122
0.40160817
0.40160468
0.40160227
0.40160218
0.401606
0.40161628
0.40163636
0.40167058
0.401725
0.4018077
0.40193006
0.40210834
0.4023657
0.40273148
0.40324742
0.40397143
0.4049822
0.4063867
0.40832767
0.41102678
0.41470873
0.4196834
0.42642492
0.4355755
0.44774517
