0.44254115
0.43202424
0.4241311
0.4181837
0.41373956
0.41045436
0.40804467
0.40627053
0.40497124
0.40402812
0.4033444
0.4028517
0.4024988
0.40224785
0.40207088
0.40194723
0.4018616
0.40180266
0.40176153
0.40173173
0.4017084
0.40168813
0.40166917
0.40165052
0.4016323
0.40161517
0.40160018
0.4015884
0.40158084
0.4015783
0.40158123
0.40158948
0.40160263
0.4016196
0.40163916
0.4016597
0.40167996
0.40169892
0.40171537
0.40172827
0.40173694
0.4017411
0.40174082
0.4017369
0.4017303
0.4017222
0.401714
0.40170676
0.40170097
0.40169677
0.40169367
0.40169108
0.40168813
0.4016845
0.4016799
0.40167457
0.40166914
0.40166426
0.40166074
0.40165907
0.40165928
0.40166083
0.40166256
0.40166315
0.40166146
0.40165657
0.40164813
0.40163627
0.40162173
0.40160537
0.40158856
0.40157223
0.4015573
0.40154418
0.40153322
0.40152466
0.40151894
0.40151656
0.40151808
0.40152425
0.40153578
0.40155283
0.4015754
0.40160286
0.40163407
0.40166742
0.40170076
0.40173197
0.40175897
0.40178037
0.40179512
0.40180284
0.40180355
0.40179774
0.4017863
0.4017706
0.401752
0.4017324
0.40171322
0.40169588
0.40168107
0.40166906
0.4016596
0.40165216
0.401646
0.40164053
0.40163523
0.40162942
0.40162277
0.40161505
0.40160656
0.40159765
0.4015889
0.4015808
0.40157387
0.40156823
0.40156412
0.4015613
0.4015594
0.40155816
0.40155727
0.40155646
0.40155584
0.4015552
0.40155488
0.4015546
0.40155435
0.401554
0.40155354
0.4015531
0.40155295
0.40155315
0.40155393
0.40155515
0.40155652
0.40155765
0.4015583
0.4015582
0.40155712
0.40155524
0.4015532
0.40155137
0.40155038
0.4015508
0.40155333
0.40155867
0.40156713
0.40157914
0.40159458
0.4016132
0.4016343
0.4016567
0.40167928
0.40170047
0.40171865
0.40173227
0.4017402
0.40174168
0.4017368
0.40172604
0.40171048
0.4016917
0.4016714
0.40165144
0.40163308
0.4016173
0.4016045
0.40159452
0.40158698
0.4015811
0.40157628
0.40157202
0.40156806
0.40156427
0.40156057
0.40155706
0.40155402
0.4015519
0.40155116
0.40155202
0.40155455
0.4015585
0.40156358
0.40156937
0.40157533
0.4015809
0.40158588
0.4015901
0.40159383
0.4015976
0.40160215
0.4016083
0.40161654
0.40162697
0.4016393
0.4016528
0.40166664
0.40167946
0.40169
0.40169725
0.40170044
0.40169948
0.40169477
0.40168718
0.40167773
0.40166765
0.40165788
0.40164897
0.4016414
0.40163538
0.40163073
0.40162674
0.40162277
0.40161824
0.40161267
0.40160576
0.40159732
0.40158707
0.4015753
0.40156245
0.4015491
0.40153617
0.40152454
0.4015152
0.40150878
0.4015059
0.40150687
0.40151203
0.40152153
0.40153557
0.40155387
0.40157598
0.401601
0.4016278
0.4016551
0.4016816
0.40170604
0.40172774
0.4017462
0.40176168
0.40177456
0.4017856
0.40179583
0.40180585
0.40181595
0.40182555
0.4018337
0.40183932
0.4018413
0.40183884
0.40183157
0.40181938
0.40180272
0.40178233
0.40175933
0.40173486
0.40171006
0.40168568
0.40166244
0.40164104
0.4016221
0.40160605
0.4015929
0.40158254
0.4015745
0.4015683
0.4015633
0.4015588
0.4015542
0.4015492
0.40154368
0.40153807
0.4015325
0.40152732
0.40152237
0.40151763
0.40151295
0.40150854
0.40150478
0.40150228
0.40150166
0.40150347
0.40150794
0.40151516
0.4015251
0.40153763
0.4015527
0.40157035
0.40159073
0.40161398
0.40164003
0.40166828
0.40169805
0.40172845
0.401758
0.4017855
0.40180996
0.40183058
0.40184706
0.40185913
0.40186673
0.40186995
0.40186903
0.40186423
0.40185606
0.4018449
0.40183133
0.40181604
0.40180013
0.40178466
0.40177116
0.40176123
0.40175617
0.40175676
0.40176323
0.40177515
0.40179142
0.40181032
0.40182996
0.40184844
0.40186417
0.40187585
0.40188256
0.4018837
0.40187925
0.40186945
0.40185502
0.40183708
0.4018169
0.40179616
0.40177622
0.40175825
0.40174302
0.40173087
0.40172145
0.40171397
0.40170735
0.40170023
0.40169144
0.4016799
0.40166512
0.40164703
0.40162617
0.40160346
0.40158
0.40155694
0.40153533
0.4015161
0.4014998
0.4014869
0.40147737
0.4014708
0.40146694
0.4014653
0.40146533
0.40146643
0.40146822
0.40147015
0.40147203
0.4014736
0.40147492
0.4014761
0.40147743
0.4014794
0.40148243
0.4014869
0.40149298
0.40150067
0.4015095
0.40151894
0.40152815
0.40153638
0.40154257
0.4015459
0.40154576
0.40154183
0.40153447
0.40152445
0.40151268
0.4015003
0.40148827
0.40147755
0.4014689
0.4014629
0.40146008
0.4014606
0.4014644
0.4014713
0.40148073
0.40149185
0.40150344
0.40151426
0.40152296
0.4015287
0.40153104
0.4015304
0.4015277
0.40152413
0.40152064
0.40151823
0.40151757
0.40151894
0.40152255
0.40152806
0.40153515
0.40154344
0.4015522
0.4015607
0.401568
0.40157333
0.4015761
0.4015763
0.4015743
0.4015706
0.4015657
0.4015601
0.4015543
0.4015487
0.40154362
0.40153936
0.40153596
0.40153354
0.4015322
0.4015323
0.40153396
0.4015379
0.40154454
0.40155458
0.4015685
0.40158668
0.4016093
0.4016361
0.40166646
0.4016997
0.40173432
0.4017693
0.40180343
0.40183568
0.40186507
0.40189078
0.40191236
0.40192926
0.4019413
0.4019481
0.40194952
0.40194553
0.40193614
0.40192157
0.40190205
0.40187818
0.40185052
0.40181994
0.40178734
0.40175393
0.40172094
0.40168983
0.4016617
0.40163717
0.40161657
0.4015999
0.40158716
0.40157822
0.40157276
0.40157035
0.4015703
0.40157172
0.4015737
0.40157565
0.4015772
0.40157795
0.4015774
0.4015752
0.401571
0.40156484
0.40155703
0.40154842
0.40154013
0.40153304
0.40152815
0.40152577
0.40152606
0.40152872
0.40153304
0.40153822
0.40154353
0.4015484
0.40155247
0.4015558
0.40155885
0.4015617
0.4015643
0.4015666
0.4015681
0.4015689
0.40156898
0.4015689
0.40156934
0.40157107
0.40157455
0.40158
0.40158725
0.40159556
0.4016041
0.40161148
0.40161687
0.4016195
0.4016191
0.40161568
0.40160948
0.40160102
0.40159073
0.40157908
0.40156645
0.40155336
0.40154073
0.4015293
0.4015199
0.40151322
0.4015097
0.40150973
0.40151337
0.4015206
0.401531
0.40154397
0.40155864
0.40157405
0.4015892
0.40160316
0.4016149
0.40162364
0.401629
0.4016313
0.40163103
0.4016291
0.40162653
0.4016241
0.40162274
0.40162334
0.40162644
0.40163264
0.40164208
0.40165472
0.40167004
0.40168726
0.40170547
0.4017237
0.40174115
0.40175715
0.40177175
0.40178528
0.4017984
0.40181163
0.401825
0.40183833
0.40185067
0.40186134
0.40186945
0.40187463
0.40187663
0.4018756
0.40187177
0.40186542
0.4018571
0.40184718
0.40183625
0.4018245
0.4018123
0.4017997
0.40178645
0.4017721
0.40175632
0.4017388
0.40171966
0.40169936
0.40167865
0.40165854
0.40163958
0.40162268
0.4016085
0.40159735
0.40158957
0.40158495
0.40158302
0.40158308
0.40158454
0.40158674
0.4015898
0.401594
0.40159974
0.40160748
0.4016175
0.40162987
0.40164438
0.40166086
0.4016792
0.40169883
0.4017189
0.40173826
0.40175554
0.4017693
0.40177852
0.40178218
0.40177995
0.40177175
0.40175822
0.4017401
0.40171877
0.4016958
0.40167308
0.40165237
0.40163523
0.40162262
0.4016151
0.40161255
0.40161413
0.40161866
0.40162447
0.40162978
0.401633
0.401633
0.40162915
0.40162137
0.40161005
0.40159607
0.40158045
0.40156424
0.40154824
0.4015331
0.40151948
0.40150774
0.4014983
0.40149143
0.40148726
0.40148544
0.4014853
0.401486
0.4014868
0.40148708
0.4014866
0.40148553
0.401484
0.40148225
0.40148038
0.4014784
0.40147635
0.40147427
0.4014723
0.4014711
0.40147135
0.4014737
0.40147853
0.40148607
0.40149638
0.40150914
0.40152392
0.4015403
0.40155753
0.40157527
0.401593
0.40161014
0.40162566
0.40163854
0.40164775
0.4016525
0.4016525
0.40164813
0.40164024
0.40162995
0.40161812
0.40160567
0.40159297
0.40158015
0.4015674
0.40155452
0.4015413
0.4015274
0.40151277
0.40149724
0.40148103
0.40146443
0.40144807
0.4014323
0.40141755
0.40140423
0.40139288
0.40138394
0.40137818
0.40137595
0.4013776
0.40138313
0.40139252
0.4014054
0.40142152
0.4014403
0.40146124
0.40148377
0.40150705
0.4015302
0.40155217
0.40157223
0.40158984
0.40160534
0.4016193
0.4016324
0.40164533
0.4016589
0.40167332
0.40168858
0.4017041
0.40171877
0.40173152
0.40174103
0.4017467
0.40174794
0.40174478
0.40173757
0.40172684
0.40171373
0.40169913
0.40168425
0.40166995
0.401657
0.40164563
0.40163597
0.40162835
0.40162262
0.40161887
0.40161705
0.40161705
0.40161872
0.40162215
0.40162703
0.40163326
0.40164036
0.40164813
0.40165642
0.40166512
0.40167397
0.40168282
0.40169144
0.40169948
0.4017063
0.4017111
0.4017126
0.40171003
0.40170288
0.40169123
0.40167552
0.40165663
0.40163592
0.40161467
0.4015943
0.40157592
0.40156028
0.40154782
0.40153873
0.4015328
0.4015296
0.40152842
0.40152842
0.40152892
0.40152943
0.4015296
0.4015293
0.40152875
0.40152845
0.4015291
0.4015315
0.4015361
0.40154335
0.4015534
0.40156597
0.4015806
0.40159664
0.4016133
0.40162963
0.40164497
0.40165836
0.4016692
0.40167713
0.40168217
0.40168437
0.4016839
0.4016806
0.40167457
0.40166605
0.40165552
0.40164384
0.4016319
0.40162063
0.4016108
0.40160295
0.40159747
0.4015943
0.4015935
0.4015945
0.40159675
0.40159953
0.40160185
0.40160298
0.40160212
0.40159893
0.4015933
0.4015856
0.40157658
0.40156698
0.4015579
0.40154982
0.4015431
0.40153787
0.40153384
0.40153056
0.40152767
0.40152484
0.4015221
0.40151966
0.40151802
0.4015177
0.40151897
0.40152222
0.40152755
0.401535
0.40154484
0.40155745
0.4015732
0.40159237
0.4016149
0.40164047
0.40166843
0.40169778
0.40172726
0.40175563
0.40178177
0.40180475
0.40182373
0.40183806
0.40184754
0.40185213
0.40185204
0.40184814
0.4018414
0.40183303
0.4018244
0.40181682
0.4018112
0.4018079
0.40180644
0.40180588
0.40180504
0.40180272
0.40179792
0.4017902
0.4017797
0.40176705
0.40175346
0.4017407
0.40173116
0.40172732
0.40173158
0.40174654
0.40177476
0.40181977
0.40188637
0.40198195
0.40211713
0.402308
0.40257844
0.40295774
0.40348792
0.4042263
0.4052503
0.40666497
0.408611
0.41130808
0.41497934
0.41993397
0.42664486
0.43575534
0.4478779
