0.44258222
0.43207628
0.4241904
0.41824603
0.4137998
0.41050696
0.40808463
0.40629342
0.4049732
0.40400687
0.40329853
0.40278056
0.40240294
0.40212798
0.40192804
0.40178254
0.40167642
0.40159878
0.40154192
0.4015004
0.40147048
0.40144965
0.40143585
0.4014278
0.4014243
0.4014245
0.40142763
0.401433
0.40143958
0.4014465
0.40145284
0.40145764
0.40146035
0.401461
0.40145984
0.40145764
0.401455
0.40145275
0.40145147
0.40145147
0.40145275
0.40145534
0.4014587
0.40146253
0.40146613
0.4014692
0.40147164
0.40147388
0.40147656
0.40148026
0.40148535
0.40149257
0.40150186
0.4015135
0.40152732
0.40154296
0.4015599
0.4015775
0.4015952
0.40161255
0.40162936
0.4016454
0.40166005
0.40167254
0.401682
0.4016875
0.40168864
0.40168533
0.40167803
0.4016678
0.40165588
0.40164378
0.40163302
0.40162486
0.40161994
0.40161836
0.40161967
0.401623
0.40162745
0.4016319
0.40163568
0.4016387
0.40164155
0.40164503
0.40165022
0.40165782
0.40166822
0.40168133
0.40169635
0.4017123
0.40172765
0.40174115
0.40175146
0.4017578
0.40175962
0.40175676
0.4017494
0.40173823
0.40172365
0.4017063
0.4016868
0.4016654
0.4016427
0.4016195
0.40159678
0.40157557
0.4015567
0.4015407
0.4015279
0.40151834
0.40151173
0.4015075
0.40150493
0.40150344
0.401502
0.40149993
0.40149656
0.40149197
0.40148646
0.401481
0.40147653
0.4014739
0.40147418
0.4014781
0.40148607
0.40149826
0.40151432
0.4015336
0.40155506
0.4015772
0.40159842
0.40161687
0.4016312
0.40164024
0.4016437
0.40164182
0.40163532
0.4016255
0.40161398
0.40160227
0.40159178
0.4015834
0.4015774
0.401574
0.40157276
0.4015736
0.40157634
0.40158066
0.40158632
0.4015927
0.4015993
0.40160534
0.4016103
0.40161386
0.4016161
0.40161768
0.4016195
0.40162244
0.40162688
0.40163308
0.40164086
0.40164974
0.4016593
0.40166953
0.40168023
0.40169153
0.40170333
0.40171546
0.40172732
0.40173832
0.4017475
0.40175396
0.40175676
0.40175518
0.40174866
0.40173706
0.4017204
0.40169922
0.4016744
0.40164727
0.4016194
0.40159234
0.40156743
0.40154582
0.40152824
0.40151542
0.40150774
0.40150544
0.4015087
0.40151754
0.40153164
0.40155065
0.4015738
0.40160015
0.4016283
0.40165657
0.4016833
0.40170693
0.40172648
0.40174153
0.40175214
0.401759
0.40176308
0.4017657
0.40176827
0.40177175
0.40177658
0.4017826
0.40178928
0.40179595
0.40180188
0.40180624
0.4018088
0.40180936
0.40180802
0.4018053
0.40180194
0.4017983
0.40179476
0.40179121
0.40178716
0.40178198
0.40177497
0.40176556
0.40175363
0.40173933
0.40172315
0.401706
0.40168914
0.4016738
0.40166113
0.40165195
0.4016465
0.4016445
0.4016451
0.40164718
0.4016495
0.40165126
0.4016521
0.40165222
0.40165204
0.40165222
0.40165323
0.4016552
0.40165794
0.4016606
0.40166223
0.40166143
0.40165716
0.4016487
0.40163586
0.40161902
0.40159902
0.40157682
0.4015537
0.40153083
0.40150928
0.40148956
0.40147188
0.4014564
0.40144283
0.40143102
0.40142104
0.40141279
0.40140635
0.4014016
0.4013986
0.40139723
0.4013975
0.40139937
0.40140295
0.40140808
0.40141472
0.40142286
0.40143242
0.40144333
0.4014557
0.4014695
0.40148476
0.40150148
0.40151948
0.4015388
0.4015594
0.40158102
0.40160325
0.40162513
0.4016456
0.40166363
0.40167865
0.40169036
0.40169883
0.40170455
0.40170807
0.4017099
0.4017102
0.40170914
0.40170658
0.40170273
0.4016979
0.40169293
0.40168884
0.40168664
0.4016872
0.4016906
0.4016966
0.40170413
0.40171197
0.40171856
0.4017224
0.40172237
0.4017178
0.40170854
0.4016953
0.4016791
0.40166157
0.401644
0.40162754
0.40161282
0.40159997
0.40158877
0.4015788
0.40156972
0.4015616
0.40155447
0.40154856
0.40154424
0.40154183
0.40154138
0.40154317
0.4015473
0.40155363
0.40156198
0.40157205
0.40158358
0.4015964
0.4016101
0.4016243
0.4016381
0.4016505
0.40166053
0.4016675
0.40167114
0.40167186
0.40167022
0.40166697
0.40166262
0.40165764
0.40165225
0.40164703
0.40164268
0.40164027
0.401641
0.40164557
0.40165433
0.40166688
0.40168226
0.40169907
0.4017156
0.40173063
0.40174294
0.40175188
0.4017571
0.40175864
0.40175706
0.40175304
0.40174758
0.40174174
0.40173653
0.40173256
0.4017304
0.40173003
0.40173113
0.4017327
0.40173352
0.40173274
0.40172958
0.40172386
0.40171593
0.4017063
0.40169573
0.40168428
0.40167204
0.40165868
0.4016441
0.4016282
0.40161142
0.40159437
0.40157804
0.40156335
0.4015511
0.40154195
0.40153635
0.40153432
0.40153566
0.40154016
0.4015472
0.40155625
0.4015664
0.40157703
0.4015874
0.40159693
0.40160483
0.40161029
0.4016126
0.40161142
0.40160656
0.40159822
0.4015868
0.40157318
0.40155822
0.40154323
0.40152982
0.40151933
0.40151277
0.40151098
0.40151408
0.4015218
0.40153348
0.40154824
0.40156522
0.40158358
0.40160227
0.40162057
0.40163764
0.401653
0.40166602
0.40167674
0.40168533
0.40169182
0.40169612
0.40169817
0.40169787
0.40169522
0.40169019
0.40168285
0.40167338
0.4016621
0.40164948
0.401636
0.40162227
0.40160912
0.40159723
0.40158698
0.4015787
0.4015725
0.4015683
0.4015659
0.4015648
0.4015645
0.40156433
0.40156394
0.40156317
0.40156224
0.40156138
0.40156105
0.40156153
0.40156317
0.40156594
0.40156993
0.40157518
0.4015818
0.40159008
0.40160012
0.40161216
0.40162596
0.40164095
0.4016559
0.40166947
0.40167975
0.4016856
0.40168583
0.4016804
0.40166947
0.4016539
0.40163478
0.4016137
0.40159193
0.4015707
0.4015513
0.40153477
0.40152177
0.40151274
0.40150765
0.40150616
0.4015077
0.4015114
0.4015167
0.40152264
0.40152866
0.40153405
0.40153804
0.40154
0.4015399
0.40153778
0.4015343
0.40153056
0.40152782
0.40152708
0.40152943
0.40153524
0.401545
0.40155867
0.40157592
0.40159622
0.40161857
0.4016418
0.40166432
0.40168452
0.40170088
0.40171215
0.40171766
0.40171725
0.40171126
0.4017006
0.40168655
0.40167066
0.40165478
0.40164053
0.40162933
0.401622
0.4016189
0.40162
0.40162474
0.40163225
0.40164137
0.4016507
0.4016588
0.40166438
0.40166673
0.40166554
0.4016612
0.40165463
0.40164718
0.40164018
0.40163505
0.40163293
0.40163463
0.40164077
0.40165144
0.40166646
0.401685
0.40170562
0.4017268
0.40174672
0.40176377
0.4017766
0.4017845
0.401787
0.4017845
0.40177765
0.40176776
0.40175658
0.40174595
0.401738
0.40173483
0.40173867
0.40175226
0.40177906
0.40182337
0.4018914
0.40199107
0.4021336
0.40233472
0.4026164
0.40300652
0.4035454
0.4042893
0.4053151
0.40672797
0.40866926
0.41135925
0.41502276
0.4199694
0.42667225
0.43577573
0.44789228
