0.4425853
0.43208164
0.4241993
0.4182603
0.41382155
0.41053858
0.4081279
0.4063498
0.40504432
0.40409344
0.40340087
0.40289867
0.4025356
0.40227377
0.402085
0.4019492
0.4018517
0.40178233
0.40173352
0.40169972
0.40167686
0.40166163
0.40165144
0.40164438
0.40163898
0.40163475
0.40163153
0.40162975
0.40162984
0.4016319
0.40163562
0.40164024
0.4016448
0.40164825
0.40164992
0.4016495
0.4016474
0.40164417
0.40164047
0.40163678
0.40163326
0.4016296
0.40162554
0.4016208
0.4016154
0.40160954
0.40160337
0.4015972
0.40159112
0.40158495
0.40157878
0.4015725
0.4015664
0.4015606
0.40155515
0.40155
0.401545
0.40154013
0.40153554
0.4015314
0.401528
0.4015255
0.40152434
0.40152493
0.40152773
0.40153295
0.40154055
0.40155044
0.4015623
0.40157598
0.40159145
0.40160853
0.40162656
0.4016445
0.40166086
0.40167397
0.40168244
0.4016851
0.4016815
0.40167174
0.4016567
0.40163743
0.4016154
0.40159255
0.4015705
0.40155062
0.40153402
0.40152127
0.40151235
0.40150708
0.40150467
0.4015046
0.40150595
0.40150815
0.40151075
0.40151343
0.40151596
0.40151867
0.40152183
0.40152594
0.4015313
0.40153772
0.40154505
0.4015527
0.4015601
0.40156674
0.4015724
0.40157747
0.40158257
0.4015883
0.401595
0.40160275
0.4016112
0.4016199
0.40162814
0.40163505
0.40164
0.40164247
0.40164232
0.40163958
0.40163437
0.40162694
0.40161765
0.40160686
0.4015951
0.40158293
0.40157107
0.40156
0.40155038
0.40154225
0.4015356
0.4015302
0.40152538
0.40152076
0.40151605
0.40151137
0.4015069
0.40150297
0.40149987
0.40149784
0.401497
0.4014977
0.4014998
0.40150332
0.40150797
0.40151334
0.40151894
0.40152416
0.40152815
0.40153018
0.40152988
0.40152735
0.40152302
0.40151766
0.40151206
0.40150696
0.40150297
0.40150055
0.40149984
0.401501
0.4015039
0.40150845
0.40151468
0.40152252
0.401532
0.40154326
0.4015566
0.4015727
0.4015919
0.40161437
0.40163985
0.40166742
0.40169582
0.40172356
0.40174884
0.40177038
0.40178704
0.4017983
0.40180403
0.40180457
0.4018007
0.40179372
0.4017851
0.4017764
0.40176907
0.40176427
0.4017623
0.40176305
0.4017659
0.40176964
0.40177283
0.40177405
0.40177205
0.40176564
0.4017543
0.40173784
0.40171665
0.40169156
0.40166393
0.40163514
0.4016069
0.40158072
0.40155786
0.4015394
0.40152603
0.40151805
0.4015155
0.4015181
0.40152526
0.40153626
0.40155044
0.40156698
0.4015854
0.40160528
0.40162686
0.40165085
0.40167868
0.40171224
0.40175432
0.40180865
0.40188053
0.4019777
0.40211138
0.40229785
0.40256137
0.402932
0.40345228
0.40418074
0.40519577
0.40660354
0.4085453
0.41124132
0.4149147
0.4198742
0.4265927
0.4357129
0.44784662
