0.44265795
0.43217713
0.42431492
0.41839325
0.41396767
0.41069272
0.40828294
0.40649846
0.405179
0.4042072
0.4034879
0.40295467
0.40255868
0.40226433
0.4020455
0.401883
0.4017629
0.4016748
0.40161118
0.40156642
0.40153652
0.40151843
0.40151006
0.4015095
0.4015152
0.40152535
0.40153804
0.40155143
0.40156353
0.40157306
0.40157914
0.4015816
0.40158093
0.40157822
0.40157425
0.40157005
0.401566
0.40156242
0.40155908
0.40155593
0.4015525
0.40154848
0.40154362
0.40153816
0.4015325
0.40152755
0.401524
0.40152237
0.40152314
0.4015262
0.40153155
0.4015384
0.401546
0.40155312
0.40155867
0.40156138
0.4015606
0.4015564
0.40154886
0.4015387
0.40152663
0.40151352
0.40150017
0.4014874
0.4014758
0.40146592
0.40145802
0.4014525
0.40144944
0.40144908
0.4014511
0.40145537
0.4014614
0.40146887
0.40147752
0.4014871
0.40149742
0.40150827
0.40151957
0.40153107
0.4015424
0.40155315
0.4015633
0.4015725
0.4015806
0.4015874
0.40159315
0.4015982
0.4016032
0.40160885
0.4016155
0.401623
0.40163115
0.40163916
0.4016468
0.40165362
0.4016596
0.401665
0.40167007
0.40167487
0.4016792
0.40168235
0.40168348
0.4016819
0.4016773
0.40166983
0.40166017
0.40164906
0.40163738
0.4016256
0.4016139
0.4016019
0.4015893
0.40157586
0.40156165
0.40154725
0.4015333
0.40152055
0.40150976
0.40150174
0.4014972
0.40149656
0.4015
0.40150732
0.40151823
0.40153217
0.4015482
0.40156543
0.40158272
0.40159908
0.4016133
0.40162483
0.40163326
0.40163854
0.40164086
0.4016406
0.4016384
0.40163478
0.40163085
0.40162724
0.4016248
0.40162408
0.40162563
0.40162978
0.40163642
0.40164512
0.40165532
0.40166593
0.40167603
0.4016845
0.40169019
0.40169233
0.40169063
0.40168533
0.40167674
0.40166587
0.40165368
0.40164143
0.4016302
0.40162095
0.4016143
0.40161058
0.40160978
0.40161175
0.4016161
0.40162253
0.40163028
0.40163857
0.4016465
0.40165326
0.40165848
0.4016621
0.40166467
0.4016671
0.40167022
0.40167493
0.40168124
0.4016889
0.40169677
0.40170345
0.40170723
0.40170732
0.40170264
0.40169305
0.40167865
0.40166026
0.40163884
0.401616
0.40159324
0.4015718
0.40155283
0.4015371
0.40152526
0.40151775
0.401515
0.4015168
0.40152305
0.40153295
0.40154538
0.4015589
0.4015719
0.4015824
0.40158918
0.40159142
0.40158895
0.4015823
0.40157282
0.4015617
0.40155047
0.40154052
0.40153274
0.40152782
0.40152612
0.40152776
0.4015326
0.40154037
0.4015507
0.40156287
0.4015765
0.40159085
0.40160578
0.4016214
0.4016378
0.4016552
0.40167356
0.4016926
0.4017116
0.40172946
0.4017449
0.40175673
0.40176395
0.40176588
0.40176243
0.4017537
0.40174
0.40172228
0.4017015
0.401679
0.40165615
0.40163413
0.40161413
0.40159705
0.40158343
0.40157357
0.40156752
0.40156537
0.4015671
0.40157276
0.40158224
0.40159526
0.40161133
0.40162963
0.40164915
0.40166888
0.40168762
0.40170464
0.40171936
0.40173218
0.40174335
0.40175393
0.40176466
0.401776
0.401788
0.40179983
0.40181065
0.40181896
0.40182367
0.40182364
0.40181834
0.4018072
0.40179047
0.40176877
0.4017433
0.40171555
0.40168747
0.40166107
0.40163815
0.40161994
0.40160725
0.4016
0.40159798
0.4016002
0.4016054
0.4016123
0.40161934
0.40162498
0.40162772
0.40162644
0.40162033
0.40160912
0.401593
0.40157282
0.40154982
0.40152553
0.40150163
0.40147975
0.40146092
0.40144575
0.40143466
0.40142763
0.40142483
0.40142617
0.4014317
0.40144122
0.40145454
0.4014712
0.40149084
0.40151277
0.40153643
0.4015612
0.4015865
0.4016115
0.40163547
0.40165725
0.40167576
0.4016902
0.4016999
0.40170506
0.40170583
0.40170297
0.40169713
0.40168917
0.40168026
0.4016711
0.40166244
0.40165478
0.4016485
0.40164387
0.40164104
0.40164006
0.4016406
0.401642
0.4016436
0.40164477
0.4016451
0.40164474
0.40164435
0.4016449
0.4016473
0.40165237
0.4016604
0.40167114
0.4016839
0.40169707
0.4017091
0.40171835
0.4017234
0.40172333
0.40171775
0.40170667
0.40169063
0.40167066
0.40164784
0.40162337
0.40159842
0.40157402
0.4015508
0.4015295
0.4015106
0.40149435
0.40148073
0.4014698
0.40146127
0.401455
0.4014508
0.40144864
0.40144846
0.40145004
0.40145296
0.40145665
0.4014607
0.4014647
0.40146875
0.4014729
0.40147746
0.40148264
0.40148866
0.40149555
0.40150347
0.40151256
0.40152317
0.4015355
0.4015499
0.4015666
0.4015856
0.4016069
0.40162995
0.40165368
0.40167674
0.40169764
0.4017148
0.40172723
0.40173423
0.40173545
0.40173116
0.40172178
0.40170795
0.40169087
0.40167147
0.40165085
0.4016297
0.40160856
0.4015877
0.40156704
0.4015467
0.4015269
0.40150824
0.40149134
0.40147656
0.40146443
0.40145496
0.40144804
0.4014434
0.40144062
0.40143916
0.4014385
0.40143815
0.40143788
0.40143746
0.40143654
0.4014352
0.40143344
0.40143153
0.40142968
0.4014283
0.40142792
0.40142873
0.40143102
0.4014349
0.40144035
0.4014474
0.401456
0.40146634
0.4014784
0.4014924
0.40150833
0.40152627
0.40154615
0.40156755
0.40158996
0.40161276
0.4016349
0.4016559
0.40167543
0.40169352
0.40171033
0.4017258
0.40173972
0.40175164
0.40176094
0.401767
0.4017693
0.4017674
0.40176097
0.4017497
0.40173373
0.40171313
0.4016884
0.40166035
0.4016302
0.4015993
0.4015692
0.40154138
0.4015172
0.4014977
0.40148342
0.40147477
0.40147197
0.4014749
0.40148315
0.40149617
0.40151316
0.40153334
0.40155575
0.4015797
0.40160444
0.4016297
0.40165523
0.40168083
0.40170583
0.40172946
0.40175065
0.40176833
0.40178153
0.40178958
0.40179193
0.4017884
0.40177885
0.40176368
0.40174338
0.40171885
0.40169147
0.4016627
0.40163404
0.40160647
0.40158102
0.40155834
0.40153912
0.4015238
0.4015126
0.4015052
0.40150136
0.40150008
0.40150073
0.4015023
0.4015039
0.40150484
0.40150487
0.40150407
0.40150303
0.40150237
0.4015029
0.40150532
0.40151045
0.40151894
0.40153158
0.40154883
0.40157107
0.4015981
0.4016293
0.40166366
0.40169957
0.40173557
0.40176976
0.40180042
0.40182644
0.40184677
0.40186086
0.4018685
0.40186965
0.40186486
0.40185478
0.40184045
0.40182313
0.40180418
0.40178543
0.4017683
0.40175426
0.40174434
0.40173918
0.40173858
0.4017422
0.40174893
0.40175778
0.40176725
0.40177587
0.40178236
0.4017861
0.40178657
0.40178382
0.40177825
0.40177026
0.40176025
0.4017486
0.40173534
0.40172064
0.40170476
0.4016881
0.40167132
0.40165487
0.40163904
0.4016238
0.4016088
0.40159395
0.4015794
0.40156546
0.40155298
0.4015426
0.40153497
0.40153047
0.40152928
0.4015313
0.4015362
0.40154368
0.40155324
0.4015644
0.40157625
0.40158784
0.40159783
0.401605
0.40160844
0.40160757
0.4016026
0.40159413
0.4015829
0.40157026
0.4015572
0.40154484
0.40153387
0.40152475
0.4015179
0.4015135
0.40151152
0.4015119
0.4015144
0.40151894
0.4015256
0.40153414
0.40154433
0.40155548
0.40156683
0.40157726
0.4015856
0.40159115
0.40159363
0.40159324
0.40159056
0.40158674
0.40158245
0.4015788
0.40157616
0.40157506
0.40157557
0.40157777
0.40158135
0.40158588
0.40159056
0.4015951
0.4015998
0.40160516
0.4016125
0.40162265
0.40163654
0.4016545
0.40167624
0.4017009
0.4017272
0.4017534
0.40177777
0.40179893
0.4018157
0.40182745
0.4018337
0.40183458
0.4018304
0.4018221
0.40181077
0.40179762
0.40178406
0.40177116
0.40175974
0.40175012
0.40174267
0.40173778
0.4017356
0.40173608
0.4017388
0.40174285
0.4017473
0.4017509
0.40175268
0.40175197
0.40174848
0.40174213
0.4017333
0.40172264
0.4017107
0.40169814
0.40168533
0.4016724
0.4016596
0.401647
0.40163463
0.4016224
0.40161046
0.40159848
0.4015865
0.4015747
0.40156373
0.4015542
0.40154678
0.40154192
0.4015397
0.40154004
0.40154225
0.40154573
0.40155002
0.4015547
0.40155962
0.40156475
0.40157
0.4015754
0.40158096
0.40158674
0.4015925
0.4015979
0.40160233
0.40160534
0.40160647
0.40160555
0.4016025
0.40159762
0.401591
0.40158272
0.401573
0.40156215
0.4015507
0.40153956
0.4015293
0.4015206
0.4015139
0.40150934
0.4015068
0.40150568
0.40150547
0.40150547
0.40150538
0.40150526
0.40150577
0.4015074
0.40151075
0.40151623
0.40152407
0.4015344
0.40154722
0.40156215
0.40157902
0.4015975
0.40161693
0.40163645
0.4016551
0.40167168
0.40168506
0.4016943
0.40169883
0.4016988
0.40169457
0.40168697
0.4016773
0.4016669
0.40165716
0.40164933
0.4016439
0.40164113
0.4016406
0.40164167
0.4016435
0.4016454
0.40164694
0.40164784
0.401648
0.40164727
0.40164518
0.40164155
0.40163618
0.40162948
0.40162206
0.4016149
0.40160918
0.4016062
0.4016068
0.40161172
0.40162122
0.40163523
0.401653
0.4016736
0.4016953
0.40171623
0.40173423
0.4017473
0.40175396
0.4017531
0.40174425
0.4017274
0.4017036
0.40167397
0.4016405
0.40160516
0.4015702
0.4015373
0.40150768
0.40148214
0.4014611
0.4014444
0.40143198
0.40142328
0.4014178
0.40141502
0.4014144
0.40141544
0.401418
0.40142182
0.40142706
0.4014335
0.40144092
0.4014494
0.4014591
0.4014701
0.40148252
0.4014961
0.4015106
0.40152514
0.40153897
0.40155095
0.40156
0.40156576
0.40156814
0.40156737
0.40156427
0.40155956
0.40155423
0.40154868
0.40154335
0.40153858
0.40153447
0.40153113
0.40152925
0.40152943
0.40153235
0.4015387
0.401549
0.40156344
0.40158182
0.40160385
0.4016285
0.40165487
0.40168148
0.40170676
0.40172884
0.40174595
0.4017569
0.40176097
0.40175796
0.40174806
0.40173227
0.4017117
0.40168786
0.4016627
0.4016379
0.40161514
0.40159568
0.40158054
0.40157002
0.40156412
0.40156242
0.40156382
0.40156755
0.4015723
0.40157735
0.40158224
0.40158707
0.40159208
0.4015971
0.40160233
0.40160763
0.40161303
0.40161884
0.40162516
0.4016324
0.4016406
0.40164992
0.40166017
0.4016712
0.40168315
0.40169588
0.40170926
0.40172315
0.40173742
0.40175205
0.40176666
0.40178046
0.4017927
0.40180236
0.40180865
0.4018111
0.40180954
0.40180415
0.4017955
0.40178427
0.40177178
0.401759
0.4017473
0.40173754
0.40173057
0.40172628
0.40172434
0.40172353
0.40172255
0.40172023
0.4017155
0.40170777
0.40169707
0.40168402
0.4016695
0.40165475
0.40164098
0.40162906
0.40161964
0.40161252
0.40160742
0.40160376
0.40160066
0.40159717
0.4015922
0.40158495
0.40157488
0.40156212
0.4015477
0.4015327
0.4015186
0.40150672
0.401498
0.40149316
0.40149263
0.4014964
0.40150434
0.40151602
0.40153047
0.40154678
0.40156364
0.40157974
0.40159392
0.40160486
0.40161178
0.4016142
0.4016122
0.40160635
0.40159768
0.40158743
0.40157676
0.401567
0.40155914
0.40155417
0.40155265
0.40155488
0.40156087
0.4015702
0.4015823
0.40159667
0.4016123
0.40162817
0.4016432
0.40165603
0.40166613
0.4016731
0.4016772
0.40167898
0.40167898
0.40167776
0.4016755
0.401672
0.40166703
0.40166003
0.40165085
0.40163958
0.40162665
0.40161267
0.40159848
0.40158468
0.40157172
0.40156
0.4015499
0.40154147
0.4015348
0.4015296
0.4015256
0.40152237
0.4015196
0.40151712
0.40151516
0.4015136
0.40151262
0.40151212
0.40151194
0.4015118
0.40151155
0.4015114
0.40151185
0.40151352
0.40151694
0.40152252
0.40153056
0.40154105
0.4015535
0.4015675
0.40158212
0.40159664
0.40161005
0.401622
0.40163237
0.40164167
0.4016508
0.40166083
0.40167266
0.4016868
0.40170315
0.4017212
0.4017396
0.40175653
0.4017704
0.40177953
0.40178302
0.40178064
0.40177262
0.4017599
0.4017439
0.4017262
0.4017084
0.40169153
0.40167668
0.40166417
0.40165398
0.40164557
0.40163812
0.40163076
0.40162286
0.40161413
0.4016044
0.40159428
0.40158412
0.4015746
0.40156633
0.4015596
0.40155488
0.40155232
0.40155208
0.40155414
0.40155825
0.40156445
0.40157256
0.40158263
0.4015951
0.40161017
0.40162772
0.40164742
0.4016683
0.40168926
0.40170902
0.40172642
0.40174064
0.4017512
0.40175754
0.40175986
0.40175804
0.40175274
0.40174457
0.40173447
0.40172365
0.40171334
0.4017043
0.40169683
0.4016907
0.40168518
0.40167943
0.40167245
0.40166336
0.40165195
0.40163797
0.40162188
0.40160435
0.4015859
0.40156776
0.401551
0.4015367
0.40152565
0.40151852
0.40151554
0.40151635
0.40152028
0.4015265
0.4015338
0.40154123
0.40154803
0.40155426
0.4015603
0.40156707
0.40157536
0.40158585
0.40159908
0.40161505
0.4016335
0.40165392
0.4016755
0.40169728
0.40171784
0.40173596
0.4017504
0.40176022
0.40176472
0.40176338
0.401756
0.40174282
0.40172443
0.40170172
0.40167594
0.4016487
0.4016214
0.40159553
0.40157256
0.40155342
0.4015391
0.40153018
0.40152663
0.40152842
0.4015348
0.40154487
0.4015573
0.40157065
0.40158322
0.40159371
0.40160108
0.40160498
0.4016054
0.40160277
0.40159786
0.4015915
0.40158468
0.401578
0.4015725
0.4015689
0.40156797
0.4015698
0.40157452
0.4015817
0.40159118
0.40160245
0.401615
0.401628
0.4016406
0.40165174
0.40166038
0.4016655
0.40166646
0.40166318
0.4016558
0.40164497
0.40163136
0.40161598
0.40159944
0.40158245
0.40156534
0.40154862
0.40153298
0.40151894
0.4015074
0.40149894
0.4014944
0.40149426
0.40149856
0.401507
0.4015188
0.40153304
0.40154833
0.4015637
0.40157804
0.40159073
0.40160152
0.40161073
0.4016185
0.4016254
0.40163156
0.40163735
0.40164325
0.40164968
0.40165725
0.4016661
0.40167594
0.40168625
0.40169594
0.401704
0.40170988
0.401713
0.4017136
0.40171212
0.40170947
0.40170604
0.40170234
0.40169802
0.40169266
0.40168583
0.40167713
0.40166646
0.40165392
0.40163976
0.40162438
0.40160862
0.40159333
0.40157932
0.40156743
0.40155804
0.40155157
0.40154815
0.40154773
0.40155008
0.4015552
0.40156293
0.401573
0.401585
0.40159824
0.4016117
0.40162435
0.40163514
0.40164325
0.4016482
0.40165016
0.40164983
0.40164822
0.40164676
0.4016465
0.40164828
0.40165287
0.40166065
0.4016716
0.40168524
0.40170088
0.40171728
0.4017334
0.40174773
0.40175894
0.4017659
0.401768
0.4017647
0.40175605
0.4017422
0.40172356
0.4017008
0.40167493
0.4016471
0.4016187
0.40159094
0.40156475
0.40154096
0.40151978
0.40150148
0.40148628
0.40147436
0.40146595
0.40146098
0.40145928
0.4014604
0.40146354
0.4014677
0.4014717
0.40147436
0.40147468
0.40147224
0.4014671
0.4014599
0.40145183
0.4014438
0.40143687
0.40143162
0.40142867
0.40142807
0.40142986
0.40143383
0.40143937
0.40144575
0.40145233
0.40145853
0.40146396
0.4014688
0.4014736
0.401479
0.40148592
0.40149498
0.4015069
0.4015221
0.40154022
0.40156078
0.40158272
0.40160468
0.40162525
0.40164274
0.4016561
0.40166458
0.4016681
0.40166718
0.4016629
0.40165675
0.40165007
0.40164438
0.4016405
0.40163904
0.40163988
0.40164247
0.4016459
0.40164897
0.40165067
0.40165034
0.4016477
0.40164277
0.40163592
0.4016274
0.40161747
0.40160674
0.40159553
0.40158406
0.40157256
0.40156096
0.4015496
0.40153864
0.4015282
0.40151858
0.40150976
0.40150174
0.40149438
0.4014876
0.40148127
0.4014757
0.40147093
0.4014673
0.40146506
0.40146428
0.40146503
0.4014675
0.40147135
0.4014765
0.40148264
0.40149
0.40149873
0.40150923
0.40152162
0.40153578
0.40155107
0.40156654
0.401581
0.40159312
0.40160185
0.40160647
0.40160728
0.40160477
0.40160024
0.40159494
0.4015899
0.40158594
0.4015837
0.40158308
0.4015836
0.40158477
0.401586
0.4015868
0.40158734
0.4015876
0.40158808
0.40158904
0.40159076
0.40159357
0.40159732
0.40160167
0.40160614
0.4016102
0.40161377
0.40161687
0.4016203
0.40162447
0.40163016
0.40163735
0.4016459
0.40165517
0.40166408
0.4016714
0.40167603
0.40167713
0.4016742
0.40166727
0.40165672
0.40164343
0.40162838
0.4016128
0.4015978
0.40158436
0.40157342
0.40156573
0.40156215
0.4015631
0.40156886
0.40157917
0.40159366
0.40161136
0.40163106
0.40165135
0.40167063
0.40168753
0.40170088
0.40170977
0.4017141
0.40171382
0.40170974
0.4017029
0.40169463
0.40168625
0.4016787
0.40167248
0.40166733
0.40166262
0.40165737
0.40165055
0.40164128
0.40162903
0.40161404
0.40159678
0.4015784
0.40156
0.40154296
0.40152824
0.40151697
0.40150973
0.40150708
0.4015092
0.40151572
0.4015262
0.40153986
0.40155566
0.40157282
0.401591
0.4016101
0.40163028
0.40165144
0.4016733
0.4016949
0.40171486
0.40173197
0.40174478
0.40175247
0.40175465
0.40175113
0.4017424
0.40172902
0.40171188
0.40169224
0.40167132
0.40165034
0.40163
0.4016107
0.40159246
0.40157524
0.40155908
0.4015441
0.40153083
0.40151945
0.40151036
0.40150362
0.40149933
0.40149757
0.4014986
0.40150282
0.4015107
0.40152246
0.40153804
0.40155703
0.40157878
0.4016022
0.4016262
0.4016492
0.40167022
0.40168777
0.4017009
0.40170902
0.40171185
0.40170968
0.40170288
0.40169236
0.40167883
0.40166304
0.401646
0.40162864
0.401612
0.4015969
0.40158382
0.40157297
0.4015645
0.40155795
0.40155324
0.4015503
0.40154925
0.40155035
0.4015537
0.40155947
0.40156764
0.4015778
0.40158936
0.40160134
0.40161216
0.4016203
0.4016246
0.40162423
0.40161917
0.4016099
0.40159738
0.40158322
0.40156892
0.40155587
0.4015453
0.40153813
0.40153506
0.40153652
0.40154228
0.40155172
0.4015636
0.40157616
0.40158755
0.40159577
0.40159962
0.40159842
0.40159243
0.40158257
0.40157026
0.40155703
0.40154448
0.40153414
0.40152726
0.40152454
0.40152666
0.4015337
0.4015455
0.40156153
0.40158114
0.40160307
0.4016261
0.40164885
0.40167037
0.40169027
0.4017087
0.40172622
0.40174338
0.40176052
0.40177777
0.40179467
0.40181023
0.4018234
0.40183312
0.40183878
0.40183994
0.4018369
0.40183026
0.40182093
0.40180978
0.4017977
0.40178508
0.40177184
0.40175754
0.40174162
0.40172404
0.40170485
0.40168476
0.40166453
0.40164497
0.40162665
0.40160984
0.4015945
0.40158057
0.40156785
0.4015563
0.40154585
0.40153685
0.40153018
0.40152627
0.40152568
0.4015286
0.40153474
0.40154377
0.4015548
0.40156692
0.40157878
0.40158898
0.4015963
0.4015999
0.40159988
0.4015967
0.4015915
0.40158588
0.4015814
0.40157932
0.40158054
0.40158528
0.4015934
0.40160415
0.40161645
0.40162873
0.40163973
0.40164813
0.401653
0.401654
0.40165162
0.4016465
0.40163967
0.40163255
0.4016262
0.40162107
0.4016176
0.40161523
0.40161347
0.40161163
0.40160903
0.4016054
0.40160066
0.40159488
0.40158802
0.40158018
0.40157136
0.4015617
0.40155163
0.40154195
0.40153342
0.40152705
0.4015234
0.4015231
0.40152636
0.40153334
0.4015442
0.4015593
0.4015795
0.40160644
0.40164256
0.40169162
0.40175915
0.401853
0.40198466
0.40217063
0.40243408
0.40280473
0.40332466
0.40405184
0.40506515
0.40647122
0.40841243
0.41111058
0.4147894
0.4197585
0.42649153
0.43563053
0.447786
