0.4424963
0.43196747
0.42406636
0.4181149
0.41367027
0.41038772
0.4079834
0.40621677
0.40492722
0.40399575
0.403326
0.4028495
0.40251452
0.40228215
0.40212268
0.40201366
0.40193835
0.4018845
0.4018432
0.4018085
0.4017765
0.40174472
0.4017123
0.4016791
0.4016459
0.40161392
0.40158427
0.40155795
0.40153578
0.4015178
0.4015039
0.40149358
0.40148598
0.4014806
0.4014766
0.40147343
0.40147042
0.4014675
0.40146428
0.4014607
0.40145656
0.4014518
0.40144628
0.4014399
0.40143266
0.40142465
0.40141654
0.4014087
0.4014018
0.40139604
0.4013916
0.40138853
0.4013868
0.40138653
0.40138763
0.40139014
0.40139404
0.40139958
0.4014067
0.4014157
0.40142706
0.40144092
0.4014578
0.40147775
0.40150073
0.40152663
0.40155488
0.40158468
0.40161508
0.40164477
0.40167233
0.40169683
0.40171757
0.40173435
0.40174752
0.40175778
0.4017661
0.4017733
0.4017798
0.40178582
0.40179104
0.40179506
0.40179753
0.40179807
0.4017968
0.4017937
0.4017889
0.40178218
0.40177312
0.40176138
0.4017465
0.40172857
0.40170786
0.40168518
0.40166152
0.4016381
0.40161604
0.40159622
0.40157926
0.40156537
0.40155464
0.40154707
0.40154225
0.40153992
0.40153956
0.40154055
0.40154228
0.40154395
0.40154523
0.40154603
0.40154675
0.4015477
0.40154958
0.40155268
0.40155718
0.4015634
0.4015714
0.40158144
0.4015938
0.4016085
0.40162545
0.40164438
0.40166464
0.40168548
0.40170586
0.401725
0.4017423
0.4017574
0.4017701
0.40178028
0.40178746
0.40179098
0.40179023
0.40178475
0.40177435
0.40175918
0.4017397
0.40171665
0.40169087
0.4016633
0.40163523
0.4016081
0.40158334
0.40156212
0.40154523
0.40153286
0.40152493
0.40152085
0.40151986
0.4015211
0.40152347
0.4015259
0.40152764
0.40152842
0.40152818
0.40152737
0.40152666
0.40152687
0.4015286
0.40153235
0.4015386
0.40154725
0.40155834
0.40157145
0.40158594
0.40160066
0.4016143
0.40162572
0.401634
0.40163878
0.40164012
0.40163848
0.4016343
0.4016279
0.40161988
0.40161073
0.40160164
0.40159363
0.4015877
0.4015844
0.40158412
0.40158665
0.40159157
0.4015981
0.40160578
0.40161428
0.4016238
0.40163445
0.4016465
0.4016596
0.40167332
0.40168667
0.40169895
0.40170965
0.40171874
0.40172642
0.40173292
0.40173867
0.40174413
0.40174934
0.40175402
0.40175778
0.40176004
0.40176067
0.40175974
0.4017574
0.40175396
0.4017497
0.40174437
0.401738
0.40173042
0.40172136
0.401711
0.40169927
0.4016865
0.40167278
0.40165827
0.40164304
0.40162703
0.40161017
0.40159255
0.40157467
0.40155712
0.40154073
0.40152627
0.4015144
0.40150532
0.40149906
0.4014954
0.40149352
0.4014927
0.40149203
0.40149066
0.40148795
0.40148368
0.4014781
0.40147153
0.40146455
0.40145764
0.4014514
0.4014463
0.40144265
0.40144065
0.40144026
0.40144128
0.40144342
0.40144652
0.4014504
0.40145478
0.4014594
0.40146348
0.4014662
0.4014668
0.4014647
0.4014599
0.40145296
0.40144482
0.40143642
0.4014289
0.4014231
0.40141958
0.40141895
0.40142143
0.40142703
0.40143576
0.4014472
0.40146095
0.40147623
0.40149203
0.4015072
0.40152055
0.4015308
0.4015374
0.40153965
0.4015376
0.40153173
0.40152296
0.40151256
0.4015017
0.40149137
0.40148258
0.40147603
0.40147236
0.40147197
0.40147513
0.40148187
0.40149212
0.4015056
0.40152192
0.40154046
0.4015602
0.4015798
0.4015978
0.40161267
0.40162352
0.40162966
0.40163147
0.4016297
0.4016254
0.40161985
0.4016142
0.40160936
0.4016063
0.40160602
0.40160936
0.40161678
0.40162867
0.4016448
0.4016647
0.40168738
0.40171152
0.40173602
0.4017595
0.4017808
0.4017985
0.40181154
0.40181914
0.40182072
0.40181616
0.4018055
0.40178925
0.40176818
0.40174353
0.4017165
0.40168867
0.4016617
0.40163702
0.40161613
0.40159988
0.4015893
0.40158466
0.40158564
0.40159166
0.4016014
0.40161327
0.4016253
0.4016361
0.40164393
0.401648
0.4016479
0.4016437
0.40163586
0.40162516
0.40161267
0.40159947
0.40158653
0.40157494
0.40156513
0.40155745
0.4015519
0.40154824
0.40154618
0.4015455
0.40154603
0.40154812
0.40155226
0.4015589
0.40156862
0.4015816
0.40159786
0.40161717
0.40163904
0.40166283
0.4016877
0.40171304
0.40173784
0.4017614
0.40178338
0.40180317
0.40182048
0.40183482
0.40184608
0.40185383
0.40185815
0.40185863
0.40185517
0.4018478
0.40183678
0.40182263
0.40180627
0.40178856
0.40177074
0.4017539
0.4017391
0.4017269
0.40171736
0.40171
0.40170398
0.4016979
0.40169093
0.4016822
0.40167165
0.40165982
0.4016474
0.4016357
0.40162596
0.4016191
0.4016157
0.40161586
0.401619
0.4016243
0.40163043
0.401636
0.4016399
0.4016416
0.40164122
0.40163907
0.40163615
0.40163317
0.4016307
0.40162903
0.401628
0.4016271
0.40162587
0.40162367
0.4016201
0.4016151
0.40160903
0.40160245
0.40159604
0.40159056
0.4015869
0.4015854
0.40158656
0.40159082
0.4015984
0.40160966
0.4016245
0.4016425
0.40166306
0.40168524
0.40170786
0.40172973
0.40174985
0.40176713
0.40178075
0.40178978
0.40179387
0.40179256
0.4017857
0.40177357
0.40175688
0.40173683
0.40171486
0.40169278
0.40167263
0.4016563
0.40164554
0.40164134
0.40164393
0.40165284
0.40166682
0.4016839
0.40170208
0.40171903
0.40173304
0.40174237
0.40174612
0.40174398
0.40173593
0.40172294
0.4017063
0.4016879
0.40166947
0.401653
0.4016396
0.4016302
0.40162483
0.4016232
0.40162435
0.40162724
0.40163055
0.40163326
0.4016346
0.4016343
0.40163234
0.40162906
0.4016248
0.4016198
0.40161437
0.4016089
0.40160385
0.40159947
0.40159625
0.4015943
0.40159398
0.4015955
0.40159893
0.40160424
0.40161106
0.4016186
0.40162614
0.4016331
0.40163907
0.40164414
0.4016483
0.40165162
0.4016539
0.4016548
0.40165424
0.40165192
0.4016477
0.4016414
0.4016328
0.4016217
0.401608
0.4015918
0.4015737
0.40155435
0.40153474
0.40151566
0.40149805
0.40148255
0.40146983
0.4014604
0.40145445
0.40145212
0.40145323
0.40145746
0.40146402
0.40147224
0.40148103
0.4014897
0.40149733
0.40150347
0.40150803
0.4015114
0.4015144
0.4015175
0.40152118
0.40152526
0.40152928
0.40153244
0.40153378
0.40153247
0.40152818
0.4015209
0.4015112
0.40149996
0.4014882
0.40147692
0.401467
0.40145898
0.40145344
0.4014505
0.40145028
0.40145266
0.40145767
0.40146527
0.40147573
0.401489
0.40150517
0.40152386
0.4015444
0.4015658
0.40158665
0.4016054
0.40162054
0.40163094
0.40163612
0.40163636
0.40163264
0.40162635
0.40161934
0.40161347
0.4016101
0.40161017
0.40161374
0.40162054
0.40162942
0.4016391
0.4016479
0.40165406
0.40165606
0.401653
0.4016447
0.40163165
0.4016151
0.4015967
0.40157792
0.40156034
0.4015449
0.40153214
0.40152192
0.4015139
0.4015073
0.40150118
0.40149492
0.40148827
0.40148118
0.40147376
0.40146607
0.4014583
0.40145037
0.40144268
0.40143567
0.40142992
0.40142635
0.40142554
0.40142828
0.4014352
0.40144703
0.4014644
0.4014875
0.40151638
0.4015506
0.40158913
0.40163052
0.40167323
0.40171528
0.40175474
0.40178987
0.40181932
0.40184224
0.40185818
0.40186697
0.40186885
0.401864
0.401853
0.40183672
0.401816
0.40179232
0.40176725
0.40174225
0.40171868
0.40169758
0.40167952
0.4016647
0.40165278
0.40164295
0.40163445
0.40162647
0.4016184
0.40161014
0.40160167
0.4015935
0.40158615
0.40157998
0.40157512
0.40157163
0.40156907
0.40156695
0.4015648
0.4015618
0.40155762
0.40155202
0.40154532
0.40153807
0.40153122
0.4015254
0.4015216
0.40152025
0.40152183
0.4015269
0.4015355
0.40154755
0.40156257
0.40157992
0.40159875
0.40161824
0.40163726
0.4016546
0.401669
0.40167937
0.4016851
0.40168574
0.40168166
0.4016733
0.40166152
0.4016471
0.40163085
0.40161312
0.40159458
0.40157577
0.40155718
0.40153933
0.40152252
0.40150708
0.40149304
0.40148082
0.4014705
0.40146264
0.40145814
0.4014577
0.4014618
0.40147075
0.4014843
0.40150177
0.40152204
0.40154353
0.40156454
0.40158328
0.4015985
0.40160954
0.40161625
0.40161934
0.40162012
0.40162003
0.40162072
0.4016232
0.40162817
0.40163597
0.40164658
0.40165937
0.40167338
0.40168747
0.40170035
0.4017109
0.40171847
0.4017227
0.4017239
0.4017223
0.40171862
0.40171367
0.40170774
0.40170127
0.40169406
0.40168574
0.4016757
0.40166363
0.4016498
0.4016348
0.40161988
0.4016062
0.40159506
0.4015876
0.4015845
0.40158588
0.40159145
0.40160048
0.4016119
0.40162447
0.40163702
0.4016479
0.40165582
0.4016598
0.4016592
0.40165415
0.40164536
0.4016339
0.4016214
0.4016096
0.40159985
0.4015933
0.40159038
0.401591
0.4015946
0.40160027
0.40160698
0.40161368
0.40161976
0.40162483
0.40162867
0.4016313
0.40163225
0.4016313
0.40162754
0.40162054
0.4016102
0.40159678
0.40158108
0.4015643
0.40154788
0.4015332
0.4015213
0.401513
0.40150872
0.40150863
0.40151244
0.40151972
0.4015298
0.40154174
0.40155488
0.4015685
0.4015818
0.40159395
0.40160412
0.40161172
0.40161628
0.40161753
0.4016155
0.40161023
0.4016019
0.40159106
0.40157852
0.40156528
0.40155232
0.40154046
0.40153015
0.4015215
0.4015147
0.4015096
0.40150633
0.40150473
0.40150467
0.4015059
0.4015079
0.40151033
0.40151253
0.40151438
0.40151605
0.4015178
0.4015198
0.40152222
0.40152505
0.4015286
0.401533
0.4015384
0.4015447
0.40155146
0.4015585
0.40156496
0.40157068
0.40157548
0.40157953
0.40158322
0.40158704
0.4015913
0.4015963
0.40160212
0.40160877
0.40161613
0.40162387
0.40163186
0.4016396
0.4016469
0.40165374
0.40166023
0.40166664
0.4016731
0.4016797
0.40168625
0.40169233
0.40169728
0.40170056
0.4017018
0.40170088
0.40169802
0.4016937
0.40168852
0.40168312
0.40167794
0.4016735
0.40166992
0.40166706
0.40166447
0.40166134
0.40165716
0.4016513
0.4016434
0.40163362
0.40162197
0.40160853
0.40159366
0.40157786
0.40156192
0.40154666
0.40153295
0.40152144
0.40151268
0.40150672
0.4015034
0.4015027
0.4015045
0.4015088
0.40151554
0.40152478
0.4015364
0.40154994
0.40156472
0.40157974
0.4015938
0.4016057
0.40161473
0.40162036
0.401623
0.40162355
0.401623
0.40162262
0.40162316
0.401625
0.4016283
0.4016325
0.40163746
0.4016429
0.40164912
0.40165675
0.40166646
0.4016791
0.40169477
0.4017134
0.40173405
0.40175566
0.40177658
0.40179548
0.40181103
0.40182236
0.40182889
0.40183046
0.40182737
0.4018203
0.40181017
0.40179798
0.4017847
0.40177113
0.40175796
0.4017456
0.40173405
0.4017231
0.4017122
0.40170115
0.4016896
0.40167803
0.40166682
0.40165666
0.40164828
0.40164202
0.40163806
0.40163577
0.40163472
0.4016343
0.40163404
0.40163374
0.40163326
0.40163246
0.40163118
0.4016291
0.40162578
0.4016208
0.40161386
0.40160486
0.4015943
0.40158257
0.40157026
0.4015575
0.40154475
0.40153226
0.4015205
0.40150994
0.40150142
0.40149555
0.40149298
0.4014941
0.40149888
0.40150723
0.40151876
0.40153298
0.40154925
0.40156692
0.4015851
0.4016026
0.40161833
0.401631
0.40163967
0.40164393
0.4016437
0.4016394
0.4016319
0.4016223
0.40161163
0.40160078
0.4015906
0.40158153
0.40157402
0.40156844
0.40156475
0.40156272
0.40156206
0.40156198
0.40156174
0.40156105
0.40155947
0.40155688
0.40155312
0.40154797
0.40154117
0.4015325
0.4015221
0.40151015
0.40149692
0.40148282
0.40146837
0.40145403
0.40144035
0.40142795
0.40141755
0.40140986
0.40140525
0.40140387
0.40140593
0.40141147
0.4014203
0.4014323
0.40144727
0.40146506
0.40148515
0.40150708
0.4015299
0.40155244
0.40157324
0.40159106
0.40160483
0.40161428
0.40161952
0.40162134
0.40162072
0.4016188
0.40161628
0.40161362
0.40161106
0.40160844
0.4016056
0.401602
0.40159732
0.40159115
0.4015833
0.40157416
0.40156412
0.4015533
0.40154216
0.40153098
0.40152025
0.40151045
0.4015021
0.40149546
0.40149033
0.40148664
0.401484
0.40148214
0.4014806
0.40147924
0.40147802
0.40147725
0.4014774
0.4014789
0.4014828
0.40148965
0.40150002
0.40151408
0.40153158
0.4015517
0.4015732
0.40159452
0.40161398
0.4016301
0.4016418
0.40164855
0.40165058
0.4016486
0.4016434
0.40163583
0.40162662
0.40161628
0.40160516
0.40159363
0.4015817
0.40156952
0.40155718
0.40154484
0.40153277
0.40152147
0.40151125
0.40150282
0.40149647
0.40149295
0.40149257
0.40149584
0.40150294
0.40151423
0.4015297
0.4015492
0.40157193
0.40159705
0.4016235
0.40164992
0.40167534
0.4016988
0.4017197
0.40173736
0.4017512
0.40176064
0.40176523
0.4017646
0.40175852
0.40174702
0.40173048
0.40170962
0.40168536
0.40165895
0.40163177
0.40160513
0.4015802
0.40155798
0.40153894
0.40152335
0.40151125
0.40150264
0.40149724
0.40149486
0.40149555
0.4014992
0.40150574
0.40151495
0.40152663
0.40154028
0.40155563
0.40157223
0.4015899
0.40160823
0.40162668
0.4016442
0.40165982
0.4016722
0.40168083
0.4016852
0.40168563
0.40168303
0.40167862
0.40167397
0.40167066
0.40166992
0.40167248
0.4016786
0.4016877
0.40169892
0.4017106
0.40172145
0.40173018
0.40173593
0.401738
0.4017362
0.40173075
0.40172213
0.4017112
0.40169898
0.40168676
0.4016756
0.40166673
0.4016611
0.40165955
0.4016629
0.40167126
0.40168455
0.4017022
0.40172282
0.4017449
0.40176684
0.40178722
0.40180492
0.40181905
0.401829
0.40183416
0.40183413
0.40182847
0.40181714
0.4018001
0.4017778
0.4017511
0.401721
0.401689
0.4016567
0.4016254
0.40159634
0.40157044
0.4015479
0.40152898
0.40151337
0.4015012
0.40149218
0.4014863
0.40148324
0.40148273
0.4014848
0.40148917
0.40149605
0.4015052
0.40151653
0.40152988
0.4015448
0.40156093
0.40157795
0.40159535
0.4016129
0.40163013
0.40164667
0.4016618
0.4016748
0.40168476
0.4016908
0.4016925
0.4016895
0.40168193
0.40167007
0.4016546
0.40163642
0.4016162
0.40159482
0.40157327
0.40155232
0.40153265
0.40151486
0.40149957
0.4014871
0.4014777
0.4014711
0.4014671
0.40146524
0.40146497
0.40146583
0.40146753
0.40146974
0.40147242
0.4014758
0.40148008
0.40148547
0.401492
0.40149942
0.4015072
0.40151456
0.4015203
0.40152362
0.401524
0.40152147
0.40151668
0.40151066
0.4015046
0.40149966
0.40149647
0.40149555
0.40149707
0.4015009
0.40150723
0.40151605
0.4015273
0.40154067
0.40155557
0.40157115
0.40158638
0.40159985
0.40161029
0.40161687
0.40161914
0.4016172
0.40161192
0.40160453
0.40159655
0.40158963
0.40158513
0.40158427
0.4015878
0.40159616
0.40160936
0.40162706
0.40164828
0.40167204
0.4016966
0.40172023
0.40174097
0.40175718
0.4017674
0.401771
0.40176752
0.40175718
0.40174115
0.4017207
0.40169764
0.40167397
0.40165162
0.40163216
0.40161666
0.401606
0.40160033
0.4015994
0.40160248
0.40160832
0.40161562
0.40162274
0.40162838
0.40163118
0.40163028
0.4016253
0.4016166
0.40160465
0.40159035
0.4015748
0.4015589
0.4015437
0.4015301
0.40151876
0.40151033
0.4015051
0.401503
0.4015039
0.40150717
0.40151238
0.40151933
0.4015279
0.4015385
0.40155146
0.40156704
0.4015854
0.4016062
0.4016289
0.40165308
0.4016781
0.401703
0.40172684
0.40174848
0.40176696
0.4017815
0.40179175
0.4017976
0.40179935
0.40179762
0.40179333
0.40178752
0.40178123
0.4017749
0.4017692
0.40176424
0.4017605
0.40175828
0.40175804
0.40175965
0.40176275
0.40176618
0.40176865
0.40176868
0.4017651
0.40175712
0.40174446
0.4017275
0.40170708
0.40168452
0.40166125
0.4016387
0.4016179
0.40159965
0.40158454
0.40157282
0.40156513
0.40156192
0.4015635
0.4015702
0.401582
0.40159854
0.401619
0.40164194
0.40166563
0.4016883
0.40170822
0.401724
0.4017345
0.40173927
0.40173823
0.40173197
0.4017216
0.4017087
0.40169504
0.40168223
0.4016716
0.40166384
0.40165955
0.4016585
0.4016604
0.40166482
0.40167132
0.40167946
0.40168902
0.4017
0.4017123
0.40172568
0.4017398
0.40175378
0.4017667
0.4017775
0.40178552
0.4017901
0.40179127
0.401789
0.4017839
0.4017765
0.40176782
0.40175888
0.4017504
0.40174294
0.4017368
0.4017318
0.4017279
0.40172556
0.40172496
0.40172648
0.4017303
0.40173623
0.40174344
0.40175062
0.4017564
0.40175974
0.40175992
0.40175644
0.40174952
0.4017399
0.40172836
0.40171582
0.401703
0.40169054
0.40167874
0.40166828
0.4016597
0.40165353
0.40165016
0.40164965
0.40165138
0.4016547
0.40165836
0.40166143
0.4016629
0.40166238
0.40166008
0.4016567
0.40165332
0.4016511
0.40165114
0.40165383
0.40165907
0.40166613
0.40167367
0.40168014
0.40168387
0.40168363
0.40167895
0.40166962
0.4016563
0.40163958
0.40162063
0.4016007
0.40158117
0.4015633
0.40154815
0.40153667
0.40152943
0.40152678
0.40152857
0.40153462
0.40154412
0.40155637
0.40157017
0.40158454
0.4015981
0.40160975
0.4016185
0.4016238
0.4016255
0.40162396
0.40162003
0.40161487
0.40160972
0.40160587
0.4016041
0.4016048
0.40160796
0.40161315
0.4016201
0.40162832
0.40163755
0.40164727
0.4016569
0.40166572
0.40167278
0.40167716
0.4016784
0.4016762
0.401671
0.4016635
0.40165505
0.40164676
0.40164
0.40163583
0.40163478
0.40163702
0.4016423
0.40164965
0.40165776
0.40166515
0.4016704
0.40167248
0.40167084
0.40166545
0.40165707
0.40164676
0.4016356
0.4016247
0.40161526
0.40160766
0.40160254
0.4016002
0.40160084
0.40160447
0.40161088
0.4016196
0.40163028
0.40164253
0.4016564
0.40167186
0.40168872
0.40170658
0.40172434
0.40174097
0.40175518
0.401766
0.40177265
0.40177476
0.4017724
0.40176618
0.40175718
0.40174666
0.40173563
0.40172487
0.40171468
0.40170524
0.40169644
0.40168858
0.40168196
0.401677
0.40167433
0.40167403
0.4016763
0.40168062
0.40168646
0.40169287
0.4016996
0.40170646
0.4017135
0.4017209
0.40172878
0.4017374
0.4017467
0.4017566
0.40176716
0.4017781
0.40178928
0.40180013
0.40180948
0.4018165
0.40182012
0.40181994
0.40181556
0.40180704
0.40179485
0.40177953
0.401762
0.40174294
0.4017233
0.4017042
0.4016869
0.4016727
0.40166244
0.40165642
0.40165436
0.40165526
0.40165782
0.40166047
0.40166196
0.40166128
0.40165806
0.4016523
0.40164453
0.40163532
0.40162516
0.40161464
0.40160385
0.40159267
0.40158093
0.4015683
0.40155488
0.4015412
0.40152815
0.40151688
0.40150857
0.40150416
0.40150434
0.4015092
0.4015186
0.40153208
0.40154865
0.40156716
0.40158623
0.40160438
0.40161985
0.4016317
0.4016391
0.40164188
0.40164042
0.40163568
0.40162897
0.40162185
0.40161586
0.40161192
0.40161106
0.4016139
0.40162066
0.40163133
0.40164554
0.40166235
0.40168062
0.40169922
0.40171653
0.40173134
0.40174282
0.40175042
0.40175387
0.40175325
0.40174899
0.4017415
0.40173158
0.40171984
0.40170708
0.40169385
0.40168047
0.40166703
0.40165332
0.40163922
0.40162495
0.401611
0.4015982
0.40158746
0.4015799
0.4015764
0.4015775
0.4015835
0.4015939
0.40160814
0.401625
0.4016435
0.40166247
0.4016813
0.40169942
0.40171638
0.4017316
0.40174457
0.40175503
0.4017629
0.40176806
0.40177056
0.4017705
0.40176803
0.40176344
0.4017575
0.4017513
0.40174583
0.40174204
0.40174034
0.40174055
0.4017418
0.40174282
0.401742
0.4017378
0.40172917
0.40171546
0.4016965
0.40167308
0.40164635
0.4016177
0.40158898
0.40156156
0.4015367
0.4015153
0.40149787
0.40148467
0.40147573
0.40147054
0.40146875
0.40146965
0.40147257
0.401477
0.40148246
0.4014889
0.40149614
0.4015044
0.40151381
0.40152478
0.40153757
0.40155274
0.4015704
0.40159068
0.40161303
0.40163675
0.4016611
0.40168464
0.40170622
0.40172404
0.40173694
0.40174404
0.40174505
0.4017403
0.4017306
0.40171725
0.40170172
0.40168574
0.40167084
0.4016577
0.40164703
0.40163854
0.40163162
0.40162545
0.40161884
0.4016109
0.401601
0.40158904
0.40157542
0.40156117
0.40154737
0.40153536
0.40152618
0.40152067
0.40151933
0.40152222
0.4015292
0.40153968
0.40155286
0.40156758
0.40158245
0.40159592
0.40160647
0.40161327
0.40161556
0.40161347
0.40160722
0.40159753
0.40158528
0.40157142
0.40155667
0.401542
0.40152815
0.40151602
0.40150627
0.4014992
0.40149492
0.4014932
0.40149358
0.4014956
0.4014989
0.40150297
0.40150765
0.40151295
0.40151894
0.4015256
0.40153295
0.40154105
0.40155038
0.40156096
0.40157342
0.4015877
0.40160397
0.40162182
0.4016405
0.40165886
0.40167552
0.40168917
0.40169892
0.40170455
0.40170616
0.4017042
0.40169957
0.40169325
0.40168604
0.40167862
0.40167114
0.40166357
0.40165576
0.4016476
0.40163904
0.4016302
0.40162122
0.40161237
0.40160424
0.4015974
0.40159255
0.40159026
0.40159118
0.40159595
0.40160483
0.4016178
0.40163445
0.4016542
0.40167612
0.40169874
0.40172055
0.40174007
0.4017559
0.40176687
0.40177208
0.40177083
0.4017631
0.4017492
0.40172976
0.40170616
0.40167972
0.40165225
0.40162534
0.40160066
0.4015795
0.40156293
0.40155157
0.40154558
0.40154472
0.40154815
0.40155488
0.4015637
0.4015736
0.4015839
0.40159452
0.40160576
0.40161803
0.40163156
0.40164626
0.40166193
0.4016777
0.4016931
0.4017075
0.4017209
0.40173346
0.40174565
0.401758
0.40177068
0.40178353
0.40179586
0.401807
0.4018163
0.40182337
0.40182793
0.40183026
0.40183088
0.40183073
0.40183073
0.40183175
0.40183446
0.40183884
0.4018449
0.40185198
0.40185964
0.4018672
0.4018739
0.40187886
0.40188158
0.40188113
0.4018772
0.4018692
0.40185693
0.40184018
0.4018192
0.40179422
0.40176594
0.40173537
0.40170377
0.4016725
0.40164334
0.40161747
0.40159604
0.40157956
0.40156838
0.4015627
0.4015623
0.40156737
0.40157753
0.4015924
0.40161133
0.4016334
0.40165743
0.40168193
0.40170524
0.40172595
0.40174276
0.40175453
0.40176034
0.4017599
0.4017529
0.40173995
0.40172178
0.40169966
0.4016752
0.4016498
0.40162498
0.40160164
0.40158045
0.40156165
0.40154508
0.40153062
0.40151834
0.40150824
0.40150073
0.40149584
0.40149358
0.4014939
0.40149668
0.40150148
0.4015078
0.40151528
0.40152377
0.40153325
0.40154344
0.40155414
0.40156457
0.4015742
0.40158197
0.40158698
0.4015883
0.40158528
0.40157822
0.40156767
0.401555
0.40154174
0.40152955
0.40151963
0.4015131
0.40151086
0.40151322
0.40152055
0.40153244
0.40154856
0.4015681
0.40159026
0.40161356
0.40163663
0.40165794
0.40167594
0.40168938
0.4016974
0.40169942
0.401696
0.40168738
0.40167484
0.40166008
0.40164486
0.40163136
0.4016214
0.40161642
0.4016176
0.40162507
0.40163878
0.40165824
0.40168244
0.40171006
0.40173987
0.40177009
0.40179938
0.40182647
0.40185052
0.4018706
0.40188622
0.40189683
0.4019021
0.40190184
0.40189597
0.4018845
0.40186772
0.40184605
0.40182027
0.4017913
0.40176028
0.40172854
0.4016975
0.40166843
0.40164265
0.40162122
0.40160483
0.40159374
0.40158752
0.40158555
0.40158674
0.40159002
0.4015947
0.40160015
0.4016062
0.4016126
0.4016196
0.4016273
0.40163627
0.40164664
0.40165854
0.40167138
0.4016843
0.4016964
0.40170676
0.40171495
0.401721
0.4017254
0.40172908
0.401733
0.4017378
0.4017437
0.4017504
0.40175682
0.40176207
0.40176526
0.40176576
0.40176344
0.4017585
0.40175137
0.40174255
0.4017326
0.40172157
0.4017094
0.40169626
0.40168217
0.4016675
0.40165278
0.40163833
0.40162444
0.40161115
0.4015981
0.40158495
0.40157154
0.40155804
0.401545
0.40153295
0.4015228
0.40151516
0.40151078
0.40151003
0.40151295
0.4015195
0.40152916
0.40154132
0.4015553
0.40157035
0.40158623
0.4016027
0.4016196
0.4016367
0.40165335
0.401669
0.40168336
0.40169653
0.4017087
0.4017204
0.401732
0.4017432
0.4017537
0.40176314
0.40177116
0.4017779
0.40178323
0.40178737
0.40179065
0.4017931
0.4017944
0.40179396
0.40179095
0.40178442
0.401774
0.40175956
0.40174156
0.4017209
0.40169883
0.4016769
0.40165633
0.40163794
0.40162233
0.40160927
0.40159813
0.40158814
0.40157855
0.40156895
0.40155926
0.40154934
0.4015396
0.40153012
0.40152103
0.4015127
0.40150538
0.4014992
0.40149438
0.40149108
0.4014893
0.4014888
0.40148932
0.40149057
0.40149212
0.4014938
0.40149584
0.4014987
0.4015032
0.40151006
0.40151992
0.40153295
0.4015488
0.4015668
0.40158585
0.40160456
0.4016214
0.40163472
0.40164316
0.40164605
0.40164307
0.40163463
0.40162158
0.40160537
0.40158758
0.40156972
0.40155324
0.40153953
0.4015295
0.40152386
0.401523
0.4015272
0.4015364
0.4015501
0.40156755
0.40158752
0.40160847
0.4016288
0.40164712
0.40166238
0.4016743
0.40168327
0.40169027
0.40169618
0.40170178
0.40170735
0.40171283
0.4017175
0.4017209
0.40172282
0.40172347
0.4017232
0.40172264
0.4017221
0.4017217
0.40172115
0.4017199
0.40171754
0.40171367
0.40170807
0.40170094
0.40169287
0.40168455
0.40167668
0.4016698
0.40166432
0.40166017
0.40165716
0.4016546
0.40165192
0.40164855
0.401644
0.40163794
0.4016302
0.40162057
0.4016091
0.4015962
0.40158236
0.40156838
0.40155494
0.4015427
0.40153176
0.40152207
0.40151343
0.40150547
0.40149835
0.40149233
0.4014881
0.40148637
0.40148777
0.40149263
0.401501
0.40151253
0.40152648
0.4015419
0.4015575
0.40157202
0.40158403
0.40159237
0.40159598
0.4015943
0.40158775
0.4015769
0.40156317
0.40154797
0.4015327
0.4015185
0.40150622
0.40149632
0.40148902
0.40148446
0.4014824
0.40148255
0.4014846
0.4014881
0.4014932
0.40150014
0.40150946
0.40152138
0.4015364
0.4015546
0.40157592
0.40159985
0.40162572
0.40165237
0.40167844
0.4017025
0.40172333
0.40173972
0.40175098
0.4017568
0.40175727
0.401753
0.4017449
0.40173444
0.40172297
0.40171197
0.40170237
0.4016949
0.40168992
0.4016874
0.4016868
0.40168712
0.4016875
0.40168735
0.4016863
0.40168467
0.401683
0.40168202
0.40168208
0.40168333
0.40168515
0.40168688
0.4016874
0.40168586
0.40168136
0.4016737
0.40166312
0.40165016
0.40163565
0.4016206
0.4016057
0.4015918
0.40157968
0.40157
0.40156335
0.40156004
0.40156025
0.40156353
0.40156934
0.40157628
0.40158346
0.40158945
0.40159342
0.40159476
0.40159357
0.40159032
0.40158585
0.40158117
0.40157723
0.40157485
0.40157458
0.40157667
0.40158126
0.40158832
0.40159774
0.40160903
0.40162137
0.40163344
0.40164384
0.4016513
0.4016546
0.40165362
0.40164828
0.4016394
0.40162808
0.40161532
0.40160215
0.40158927
0.40157703
0.4015656
0.40155488
0.40154475
0.4015353
0.4015265
0.4015185
0.40151152
0.40150583
0.40150177
0.40149954
0.40149885
0.40149927
0.40150037
0.4015015
0.40150234
0.4015026
0.40150255
0.4015022
0.40150177
0.40150106
0.4014999
0.40149802
0.40149513
0.4014911
0.40148598
0.40148
0.40147343
0.4014667
0.4014606
0.40145567
0.40145284
0.40145263
0.40145555
0.40146187
0.4014716
0.4014846
0.4015005
0.4015188
0.4015387
0.40155923
0.4015791
0.40159687
0.4016116
0.40162247
0.4016297
0.4016336
0.40163535
0.40163618
0.40163714
0.40163872
0.40164095
0.4016433
0.40164453
0.40164343
0.4016389
0.40163037
0.4016179
0.40160224
0.40158457
0.40156624
0.40154853
0.4015326
0.4015194
0.40150914
0.40150207
0.40149787
0.40149587
0.401495
0.40149415
0.40149212
0.40148824
0.4014822
0.40147427
0.40146476
0.40145436
0.40144363
0.40143302
0.40142322
0.4014144
0.40140688
0.40140095
0.4013969
0.4013951
0.40139604
0.40139994
0.40140715
0.40141764
0.40143174
0.401449
0.40146914
0.4014914
0.40151504
0.4015391
0.4015628
0.40158528
0.40160555
0.4016226
0.40163586
0.40164497
0.40164998
0.40165126
0.40164882
0.40164304
0.40163434
0.4016232
0.4016104
0.40159628
0.40158176
0.40156746
0.40155405
0.4015424
0.40153313
0.40152717
0.40152496
0.40152705
0.40153354
0.40154466
0.40155995
0.40157908
0.40160152
0.4016268
0.40165442
0.40168405
0.4017155
0.40174806
0.40178078
0.40181255
0.40184215
0.4018688
0.40189162
0.40191042
0.40192488
0.401935
0.40194085
0.40194264
0.40194055
0.40193486
0.40192595
0.4019144
0.40190083
0.40188596
0.40187058
0.40185544
0.40184096
0.40182748
0.40181458
0.40180165
0.40178782
0.40177244
0.4017551
0.4017356
0.40171427
0.4016917
0.40166876
0.4016463
0.4016249
0.40160504
0.40158695
0.4015706
0.40155587
0.40154293
0.4015319
0.40152332
0.4015176
0.40151516
0.40151593
0.40152
0.4015269
0.4015359
0.40154627
0.4015572
0.40156797
0.4015781
0.40158743
0.40159598
0.40160394
0.40161192
0.4016202
0.40162918
0.40163863
0.40164813
0.4016569
0.40166417
0.40166938
0.40167236
0.4016731
0.40167212
0.40166995
0.401667
0.40166333
0.40165895
0.40165368
0.40164763
0.40164098
0.4016342
0.40162745
0.4016208
0.4016142
0.4016073
0.4016
0.40159252
0.40158486
0.40157717
0.40156993
0.4015635
0.4015584
0.40155488
0.40155295
0.40155232
0.40155247
0.4015526
0.4015519
0.40154973
0.40154567
0.40153992
0.40153292
0.40152508
0.40151703
0.40150926
0.40150237
0.40149716
0.40149426
0.40149438
0.40149832
0.40150657
0.4015196
0.4015375
0.40156022
0.40158746
0.40161857
0.40165275
0.40168884
0.40172526
0.40176025
0.4017922
0.4018198
0.401842
0.40185827
0.40186834
0.40187246
0.40187082
0.401864
0.4018525
0.40183705
0.40181834
0.40179732
0.4017751
0.40175256
0.40173054
0.40170962
0.40169007
0.4016721
0.40165564
0.40164068
0.4016271
0.40161517
0.4016049
0.40159634
0.4015894
0.40158376
0.40157956
0.40157658
0.4015748
0.40157384
0.40157357
0.40157357
0.4015734
0.4015725
0.40157062
0.40156785
0.40156457
0.4015613
0.40155822
0.40155575
0.40155387
0.4015526
0.40155146
0.4015503
0.40154883
0.40154704
0.40154514
0.40154368
0.4015431
0.401544
0.4015467
0.4015514
0.4015582
0.40156686
0.4015774
0.4015895
0.40160313
0.4016184
0.40163577
0.4016558
0.40167883
0.40170497
0.40173376
0.4017642
0.40179485
0.40182415
0.40185076
0.40187356
0.4018919
0.4019055
0.4019143
0.40191835
0.40191782
0.4019131
0.40190476
0.40189382
0.4018813
0.40186867
0.40185735
0.40184873
0.4018438
0.401843
0.4018462
0.40185282
0.40186167
0.40187153
0.4018814
0.40189034
0.4018976
0.4019028
0.40190563
0.40190613
0.40190428
0.40190026
0.40189463
0.40188786
0.4018809
0.40187433
0.40186903
0.4018652
0.4018628
0.40186155
0.40186122
0.40186167
0.4018628
0.40186483
0.401868
0.40187237
0.40187776
0.40188393
0.4018904
0.40189677
0.40190256
0.40190688
0.4019093
0.40190884
0.40190488
0.40189666
0.40188354
0.40186527
0.4018415
0.40181255
0.40177912
0.40174234
0.4017037
0.40166494
0.40162808
0.40159467
0.4015661
0.4015434
0.40152705
0.40151742
0.4015143
0.40151757
0.40152654
0.40154028
0.40155742
0.40157628
0.4015953
0.40161285
0.40162775
0.4016394
0.40164787
0.40165338
0.4016566
0.40165827
0.40165883
0.40165862
0.40165776
0.40165603
0.40165308
0.4016484
0.40164134
0.4016316
0.40161934
0.40160528
0.40159032
0.4015758
0.4015629
0.40155283
0.40154642
0.40154424
0.40154645
0.4015525
0.40156165
0.40157276
0.40158454
0.40159604
0.40160662
0.4016162
0.4016246
0.40163207
0.4016387
0.40164435
0.40164933
0.40165398
0.40165946
0.40166765
0.40168166
0.40170512
0.4017431
0.40180215
0.40189096
0.40202105
0.4022088
0.40247753
0.40285608
0.40338594
0.40412444
0.40514946
0.40656632
0.40851632
0.41121978
0.41489896
0.4198632
0.42658585
0.43570864
0.44784403
