0.44261438
0.4321233
0.42425603
0.41833523
0.4139168
0.41065562
0.40826464
0.40650332
0.40521047
0.40426713
0.40357718
0.40307298
0.40270463
0.4024353
0.40223804
0.40209284
0.40198526
0.40190434
0.40184245
0.40179414
0.40175587
0.40172553
0.40170208
0.40168485
0.40167364
0.4016678
0.40166667
0.40166932
0.40167472
0.40168172
0.40168965
0.40169805
0.40170684
0.4017162
0.4017263
0.40173662
0.4017467
0.40175557
0.40176255
0.40176708
0.40176904
0.40176845
0.40176573
0.40176138
0.40175584
0.40174955
0.40174317
0.4017375
0.40173346
0.4017321
0.40173423
0.40174055
0.4017512
0.4017658
0.40178353
0.4018031
0.4018229
0.40184113
0.4018562
0.40186706
0.40187255
0.4018722
0.40186593
0.40185392
0.40183678
0.4018152
0.40179044
0.40176356
0.40173593
0.40170872
0.40168282
0.40165862
0.4016361
0.40161508
0.40159553
0.4015774
0.40156063
0.40154526
0.40153122
0.4015188
0.4015086
0.4015009
0.40149605
0.4014939
0.40149412
0.40149564
0.40149745
0.4014983
0.40149707
0.4014933
0.4014871
0.4014789
0.40146956
0.40146002
0.40145117
0.40144393
0.4014389
0.4014367
0.40143755
0.4014418
0.4014495
0.4014605
0.40147454
0.40149108
0.40150946
0.40152892
0.4015484
0.40156692
0.40158364
0.40159756
0.40160763
0.40161327
0.40161413
0.40161052
0.40160322
0.40159306
0.401581
0.40156803
0.40155515
0.4015434
0.40153354
0.40152594
0.4015209
0.40151834
0.40151823
0.40152064
0.40152577
0.40153387
0.40154517
0.40155983
0.4015774
0.4015973
0.40161833
0.40163916
0.4016586
0.40167537
0.40168872
0.40169805
0.4017033
0.4017047
0.40170288
0.40169892
0.4016938
0.4016883
0.40168294
0.4016778
0.4016727
0.4016672
0.4016611
0.4016541
0.40164626
0.40163735
0.40162706
0.40161481
0.40160045
0.40158364
0.40156463
0.4015438
0.40152165
0.40149927
0.40147766
0.40145773
0.40144035
0.40142602
0.40141496
0.4014072
0.4014025
0.40140066
0.40140143
0.40140462
0.40141013
0.40141773
0.40142727
0.40143842
0.40145093
0.40146455
0.40147915
0.40149456
0.40151042
0.40152627
0.40154147
0.4015554
0.4015677
0.40157843
0.4015879
0.40159678
0.40160576
0.40161535
0.4016259
0.40163767
0.40165058
0.40166453
0.4016792
0.40169406
0.40170828
0.4017207
0.4017303
0.40173626
0.40173817
0.40173587
0.40172964
0.40172014
0.40170813
0.40169415
0.40167883
0.40166247
0.40164536
0.40162784
0.4016104
0.40159348
0.4015776
0.40156317
0.40155038
0.40153927
0.40152994
0.40152225
0.4015159
0.40151018
0.40150443
0.40149814
0.4014911
0.40148324
0.4014748
0.40146613
0.4014579
0.4014504
0.4014441
0.40143934
0.4014364
0.4014357
0.4014378
0.40144286
0.40145105
0.40146232
0.40147617
0.401492
0.4015092
0.4015272
0.40154555
0.40156412
0.40158254
0.40160036
0.40161678
0.40163088
0.40164185
0.40164903
0.4016521
0.40165117
0.4016464
0.4016381
0.40162653
0.401612
0.40159494
0.40157598
0.4015561
0.40153626
0.40151775
0.40150148
0.40148848
0.40147945
0.40147492
0.40147486
0.401479
0.40148646
0.4014961
0.4015063
0.40151542
0.40152204
0.40152514
0.40152445
0.40152022
0.4015135
0.40150568
0.40149844
0.40149328
0.40149134
0.40149346
0.4015
0.40151078
0.40152532
0.4015427
0.40156198
0.40158197
0.40160125
0.40161854
0.40163237
0.40164158
0.4016457
0.4016446
0.40163887
0.40162963
0.40161812
0.40160587
0.40159422
0.40158454
0.4015776
0.40157387
0.40157342
0.40157598
0.4015811
0.4015884
0.40159732
0.40160707
0.40161684
0.4016257
0.40163288
0.40163797
0.40164086
0.40164164
0.40164036
0.40163714
0.40163234
0.40162668
0.40162107
0.40161642
0.40161374
0.40161347
0.4016157
0.4016203
0.40162668
0.40163448
0.40164334
0.40165278
0.4016628
0.40167364
0.4016858
0.4016999
0.4017161
0.4017345
0.40175447
0.40177524
0.40179583
0.40181497
0.4018313
0.4018436
0.40185103
0.401853
0.40184942
0.4018405
0.4018268
0.401809
0.40178794
0.40176454
0.40173966
0.40171435
0.4016898
0.4016671
0.40164724
0.4016312
0.4016194
0.40161198
0.40160874
0.40160877
0.4016109
0.4016138
0.40161613
0.40161663
0.40161496
0.40161118
0.40160576
0.4015996
0.40159348
0.4015883
0.40158468
0.401583
0.4015834
0.4015857
0.40158966
0.40159476
0.40160093
0.40160793
0.40161583
0.40162456
0.4016339
0.40164325
0.40165192
0.401659
0.40166375
0.40166572
0.40166467
0.40166092
0.4016551
0.40164813
0.40164122
0.40163568
0.40163252
0.40163264
0.40163642
0.40164366
0.40165362
0.40166482
0.40167588
0.40168512
0.40169132
0.40169385
0.4016926
0.40168792
0.4016807
0.40167177
0.40166178
0.4016513
0.40164044
0.40162933
0.40161812
0.4016068
0.40159553
0.4015848
0.40157506
0.40156704
0.40156135
0.4015583
0.40155804
0.4015601
0.40156394
0.4015687
0.4015737
0.4015785
0.40158293
0.4015874
0.4015922
0.40159765
0.4016038
0.40161064
0.40161774
0.40162438
0.4016301
0.40163445
0.40163773
0.40164018
0.40164256
0.401646
0.4016513
0.40165913
0.4016698
0.40168282
0.40169713
0.4017112
0.40172356
0.40173277
0.4017378
0.4017383
0.40173417
0.4017261
0.40171492
0.4017018
0.40168798
0.40167475
0.40166315
0.40165418
0.40164828
0.4016458
0.4016464
0.4016498
0.40165573
0.4016639
0.40167415
0.40168625
0.4017003
0.40171623
0.4017342
0.40175378
0.40177432
0.40179497
0.4018146
0.40183243
0.4018476
0.40185955
0.4018678
0.4018723
0.40187293
0.4018698
0.40186322
0.40185326
0.4018402
0.40182403
0.40180513
0.4017838
0.40176055
0.4017361
0.40171143
0.40168747
0.40166542
0.40164617
0.40163037
0.40161824
0.40160978
0.40160483
0.40160316
0.4016044
0.40160817
0.40161398
0.40162122
0.401629
0.40163675
0.40164393
0.4016505
0.40165663
0.40166286
0.4016693
0.40167582
0.4016818
0.40168652
0.40168896
0.40168875
0.40168557
0.4016797
0.40167183
0.40166265
0.40165278
0.4016426
0.40163225
0.40162182
0.40161175
0.40160272
0.40159538
0.40159073
0.4015892
0.4015912
0.40159684
0.40160584
0.40161777
0.40163204
0.40164766
0.40166348
0.40167817
0.40169078
0.40170044
0.40170702
0.4017105
0.40171158
0.4017114
0.40171143
0.40171304
0.40171725
0.4017246
0.40173507
0.40174806
0.4017624
0.40177673
0.40178952
0.40179923
0.40180463
0.40180477
0.40179953
0.40178907
0.40177426
0.40175632
0.40173674
0.40171683
0.4016978
0.40168044
0.40166488
0.40165097
0.40163788
0.401625
0.40161145
0.40159646
0.40157965
0.40156123
0.40154165
0.4015221
0.40150368
0.40148747
0.40147445
0.40146524
0.4014602
0.40145934
0.40146264
0.4014695
0.4014793
0.40149137
0.40150476
0.40151873
0.4015325
0.40154588
0.40155897
0.40157232
0.4015862
0.40160078
0.40161574
0.40163037
0.40164378
0.40165487
0.40166304
0.401668
0.40166998
0.4016699
0.40166885
0.4016684
0.4016695
0.40167296
0.40167883
0.4016868
0.40169576
0.4017045
0.401712
0.40171766
0.40172133
0.40172347
0.4017246
0.40172508
0.40172535
0.4017253
0.4017248
0.40172407
0.40172327
0.40172246
0.4017216
0.40172037
0.40171826
0.4017149
0.40171006
0.40170383
0.4016966
0.40168914
0.4016823
0.40167686
0.40167338
0.40167183
0.4016719
0.40167278
0.40167361
0.40167353
0.40167192
0.40166864
0.4016639
0.4016584
0.4016529
0.40164828
0.40164527
0.40164405
0.4016447
0.401647
0.4016507
0.4016556
0.40166175
0.4016692
0.4016778
0.4016872
0.4016966
0.40170488
0.4017111
0.4017141
0.401713
0.40170723
0.40169677
0.4016819
0.4016635
0.40164283
0.40162122
0.40160015
0.40158078
0.401564
0.4015508
0.40154186
0.40153775
0.40153867
0.40154502
0.40155685
0.40157405
0.40159622
0.40162265
0.40165222
0.4016833
0.401714
0.40174273
0.40176785
0.40178815
0.40180284
0.40181145
0.40181392
0.4018103
0.4018007
0.4017857
0.4017658
0.4017417
0.40171465
0.40168592
0.40165707
0.40162948
0.40160456
0.4015834
0.40156665
0.40155476
0.40154767
0.40154502
0.40154603
0.4015496
0.40155435
0.40155914
0.40156284
0.40156507
0.4015659
0.40156573
0.40156487
0.40156364
0.40156204
0.40156004
0.40155762
0.40155488
0.4015525
0.40155149
0.40155324
0.40155926
0.4015708
0.40158936
0.40161687
0.40165552
0.40170887
0.4017821
0.4018829
0.40202266
0.40221816
0.40249217
0.4028745
0.4034071
0.40414768
0.4051737
0.40659058
0.40853924
0.41123995
0.41491586
0.4198765
0.42659545
0.4357153
0.44784847
