0.4426308
0.43214047
0.42426884
0.41833755
0.41390282
0.4106196
0.40820387
0.40641677
0.4050989
0.40413338
0.4034248
0.4029058
0.40252578
0.4022469
0.40204066
0.40188634
0.40176904
0.40167826
0.4016068
0.4015499
0.40150428
0.40146783
0.40143916
0.4014171
0.401401
0.40139014
0.40138397
0.40138203
0.40138385
0.40138882
0.40139645
0.40140617
0.40141743
0.40142986
0.40144318
0.4014572
0.4014718
0.40148717
0.40150347
0.40152064
0.4015384
0.40155637
0.40157384
0.40159008
0.40160412
0.40161523
0.40162325
0.4016282
0.4016307
0.40163115
0.40163028
0.40162858
0.40162656
0.40162447
0.4016226
0.40162095
0.40161988
0.40161943
0.4016201
0.401622
0.401625
0.40162903
0.40163347
0.4016376
0.4016407
0.4016422
0.40164182
0.40163937
0.40163487
0.4016282
0.40161934
0.40160826
0.40159538
0.40158126
0.40156633
0.4015512
0.4015362
0.40152168
0.40150777
0.40149486
0.40148324
0.4014733
0.40146548
0.40145975
0.40145603
0.4014543
0.40145433
0.40145594
0.40145892
0.401463
0.40146795
0.40147322
0.4014784
0.40148315
0.40148726
0.40149078
0.40149364
0.40149605
0.40149784
0.40149888
0.4014992
0.40149894
0.40149838
0.40149787
0.40149817
0.4015003
0.40150526
0.40151408
0.40152752
0.401546
0.40156946
0.40159717
0.4016281
0.40166077
0.40169322
0.40172383
0.40175068
0.40177238
0.4017877
0.401796
0.40179718
0.40179142
0.40177926
0.40176186
0.40174037
0.40171614
0.40169096
0.40166646
0.40164453
0.40162644
0.40161303
0.40160468
0.4016008
0.4016008
0.40160343
0.4016073
0.401611
0.40161312
0.40161282
0.4016095
0.40160316
0.40159416
0.40158308
0.4015707
0.40155777
0.401545
0.40153265
0.40152082
0.40150955
0.40149862
0.40148804
0.4014782
0.4014694
0.40146196
0.40145618
0.40145242
0.40145072
0.40145117
0.4014536
0.40145797
0.4014638
0.4014708
0.40147856
0.4014869
0.4014959
0.40150565
0.4015162
0.40152755
0.40153936
0.40155134
0.401563
0.40157372
0.40158325
0.4015915
0.40159878
0.40160558
0.40161255
0.40162033
0.40162906
0.40163866
0.4016485
0.4016579
0.40166584
0.4016714
0.40167415
0.4016738
0.40167052
0.40166488
0.40165767
0.40164953
0.40164122
0.4016328
0.40162432
0.4016156
0.40160638
0.4015969
0.40158758
0.4015789
0.40157124
0.40156487
0.40155968
0.40155548
0.40155172
0.40154785
0.40154344
0.4015385
0.40153337
0.40152866
0.4015248
0.4015224
0.4015216
0.4015225
0.40152496
0.40152875
0.40153354
0.4015388
0.40154403
0.40154862
0.40155217
0.40155447
0.40155548
0.4015557
0.40155533
0.40155488
0.40155452
0.40155464
0.40155548
0.40155727
0.40156013
0.40156436
0.40157053
0.40157887
0.40158987
0.4016035
0.4016193
0.40163624
0.40165314
0.40166825
0.40168014
0.4016874
0.40168944
0.401686
0.4016775
0.40166453
0.4016482
0.40162987
0.4016107
0.40159178
0.40157402
0.40155798
0.4015444
0.40153363
0.40152603
0.40152156
0.40152004
0.4015211
0.40152422
0.401529
0.40153527
0.40154275
0.4015517
0.40156215
0.40157408
0.4015872
0.40160072
0.40161377
0.40162534
0.40163478
0.4016417
0.40164614
0.40164816
0.40164804
0.4016462
0.40164325
0.40163988
0.40163708
0.4016355
0.4016353
0.40163612
0.40163732
0.40163812
0.40163788
0.40163633
0.40163326
0.4016287
0.40162256
0.40161481
0.40160546
0.40159476
0.40158328
0.40157145
0.40155995
0.40154883
0.4015382
0.40152764
0.4015168
0.401505
0.4014921
0.40147808
0.40146348
0.4014491
0.4014361
0.40142524
0.40141746
0.4014132
0.40141267
0.40141585
0.4014225
0.40143248
0.40144566
0.4014617
0.40148053
0.40150154
0.40152407
0.40154672
0.401568
0.4015862
0.40159985
0.4016079
0.40161002
0.40160656
0.40159848
0.40158707
0.40157402
0.40156052
0.40154782
0.40153667
0.40152735
0.40152004
0.40151462
0.40151092
0.40150878
0.40150833
0.40150964
0.4015131
0.40151894
0.40152732
0.4015379
0.40155023
0.40156323
0.40157577
0.40158665
0.40159494
0.40160033
0.40160277
0.40160286
0.40160164
0.40160036
0.4016003
0.40160263
0.4016079
0.40161642
0.40162826
0.40164274
0.40165898
0.40167594
0.40169266
0.4017084
0.4017225
0.40173453
0.4017438
0.40174958
0.40175134
0.4017488
0.40174228
0.40173236
0.40172002
0.40170616
0.40169147
0.40167645
0.40166152
0.40164745
0.40163505
0.40162507
0.40161794
0.40161386
0.4016125
0.40161312
0.4016149
0.40161678
0.40161768
0.4016169
0.40161416
0.4016095
0.40160352
0.40159658
0.40158916
0.40158188
0.4015752
0.40156946
0.401565
0.40156198
0.40156066
0.40156096
0.40156254
0.40156487
0.40156776
0.40157112
0.40157497
0.40157947
0.40158468
0.40159056
0.40159714
0.40160465
0.40161332
0.4016237
0.40163615
0.4016507
0.40166673
0.40168333
0.40169898
0.4017122
0.40172157
0.40172613
0.40172523
0.40171894
0.4017076
0.40169197
0.40167305
0.4016521
0.40163055
0.4016095
0.4015903
0.4015736
0.40156
0.4015498
0.40154254
0.40153804
0.40153578
0.40153506
0.4015355
0.40153706
0.4015396
0.40154314
0.4015478
0.40155342
0.40156
0.40156716
0.40157434
0.40158093
0.40158623
0.4015894
0.4015899
0.40158767
0.40158308
0.40157703
0.4015706
0.4015651
0.40156165
0.40156108
0.40156394
0.4015701
0.40157914
0.40158996
0.4016014
0.40161225
0.40162167
0.40162927
0.40163526
0.40164018
0.40164474
0.40164948
0.4016547
0.40166032
0.40166587
0.40167066
0.401674
0.40167555
0.40167522
0.40167353
0.4016711
0.40166888
0.40166718
0.4016662
0.40166587
0.40166554
0.40166485
0.40166336
0.40166122
0.40165868
0.4016563
0.4016547
0.40165442
0.40165555
0.4016581
0.40166134
0.40166417
0.4016655
0.40166417
0.4016593
0.40165067
0.4016385
0.40162364
0.40160707
0.40159044
0.40157494
0.40156147
0.40155056
0.40154225
0.4015361
0.40153158
0.4015279
0.4015245
0.40152118
0.40151802
0.4015155
0.40151435
0.40151513
0.4015183
0.40152434
0.40153325
0.4015447
0.40155786
0.4015716
0.40158474
0.40159613
0.40160516
0.40161175
0.40161625
0.40161946
0.40162256
0.40162656
0.4016324
0.4016405
0.40165088
0.401663
0.40167585
0.40168825
0.40169913
0.40170813
0.4017152
0.4017207
0.40172523
0.4017291
0.40173244
0.40173513
0.4017366
0.40173608
0.40173304
0.4017268
0.40171736
0.40170464
0.40168926
0.4016721
0.401654
0.40163618
0.40161955
0.4016049
0.40159267
0.40158296
0.40157562
0.40157026
0.4015666
0.40156436
0.4015635
0.40156394
0.40156555
0.40156814
0.40157104
0.4015736
0.40157536
0.40157577
0.40157488
0.40157297
0.4015706
0.40156808
0.40156576
0.40156406
0.40156332
0.4015637
0.4015653
0.40156806
0.401572
0.40157717
0.40158358
0.40159157
0.401601
0.4016116
0.40162277
0.4016337
0.40164343
0.40165085
0.40165502
0.40165538
0.40165177
0.40164483
0.4016354
0.40162474
0.40161398
0.4016041
0.40159565
0.401589
0.40158418
0.4015812
0.40158004
0.40158054
0.40158266
0.40158623
0.40159068
0.4015956
0.40160033
0.4016043
0.40160733
0.40160927
0.40160993
0.40160924
0.4016074
0.40160465
0.4016014
0.4015982
0.40159523
0.40159264
0.40159032
0.40158817
0.40158615
0.40158454
0.4015838
0.4015845
0.40158725
0.4015923
0.4015998
0.40160945
0.4016209
0.40163356
0.4016469
0.40166032
0.40167296
0.40168387
0.40169206
0.40169704
0.40169832
0.40169576
0.4016897
0.4016807
0.40166962
0.40165743
0.40164518
0.40163368
0.40162337
0.40161437
0.40160647
0.401599
0.4015911
0.4015823
0.40157232
0.40156147
0.40155038
0.4015396
0.40152976
0.40152124
0.4015144
0.40150955
0.40150672
0.40150595
0.40150705
0.40150973
0.40151343
0.40151775
0.40152195
0.40152562
0.40152833
0.4015303
0.40153185
0.40153354
0.40153578
0.4015389
0.4015433
0.40154916
0.40155676
0.40156597
0.4015767
0.40158874
0.40160143
0.40161392
0.40162516
0.40163413
0.40164027
0.4016435
0.40164408
0.40164256
0.40163988
0.40163675
0.40163386
0.40163162
0.40163052
0.40163046
0.40163147
0.4016332
0.4016355
0.40163806
0.40164042
0.4016421
0.40164295
0.4016432
0.40164316
0.40164348
0.40164453
0.4016464
0.4016489
0.40165177
0.40165436
0.40165612
0.40165687
0.40165657
0.40165588
0.40165532
0.40165552
0.40165716
0.40166032
0.4016649
0.40167052
0.4016763
0.40168133
0.4016843
0.40168437
0.4016809
0.40167373
0.4016633
0.4016506
0.4016372
0.40162465
0.40161476
0.40160894
0.40160832
0.40161368
0.40162516
0.40164238
0.40166456
0.40169054
0.40171885
0.40174812
0.4017771
0.40180472
0.40183043
0.40185404
0.40187627
0.40189862
0.401924
0.4019568
0.4020033
0.40207246
0.40217695
0.4023339
0.4025679
0.4029115
0.40340677
0.40411267
0.40510848
0.40650126
0.40843302
0.41112489
0.41480002
0.41976693
0.42649826
0.4356361
0.4477902
