0.4425693
0.43206102
0.42417535
0.418234
0.41379395
0.4105104
0.4080993
0.40632054
0.4050134
0.4040597
0.40336293
0.40285543
0.40248683
0.40221983
0.4020268
0.40188754
0.40178722
0.40171486
0.40166256
0.40162495
0.40159848
0.40158114
0.40157175
0.40156934
0.40157297
0.4015816
0.40159371
0.401608
0.40162247
0.4016355
0.40164524
0.40165043
0.40165013
0.40164426
0.4016334
0.40161872
0.4016019
0.40158457
0.40156803
0.40155336
0.40154105
0.40153155
0.4015246
0.40151986
0.4015167
0.4015144
0.4015126
0.4015112
0.4015105
0.4015107
0.40151238
0.4015161
0.40152255
0.40153226
0.40154597
0.40156376
0.40158555
0.40161037
0.40163693
0.40166348
0.40168798
0.40170872
0.40172422
0.40173367
0.40173686
0.40173414
0.4017264
0.40171504
0.4017015
0.40168732
0.4016734
0.40166047
0.40164858
0.4016373
0.40162587
0.40161368
0.4016002
0.4015854
0.4015696
0.40155372
0.40153894
0.40152618
0.4015165
0.40151033
0.40150803
0.40150964
0.4015152
0.40152463
0.40153772
0.40155417
0.40157327
0.40159434
0.4016163
0.4016381
0.4016583
0.40167585
0.40169004
0.40170062
0.40170786
0.40171257
0.4017155
0.40171736
0.4017185
0.40171912
0.40171888
0.40171766
0.4017155
0.40171266
0.40170956
0.4017065
0.40170377
0.4017012
0.4016986
0.4016955
0.40169197
0.40168798
0.40168363
0.40167916
0.40167457
0.4016699
0.401665
0.40166023
0.40165615
0.40165326
0.4016521
0.40165323
0.4016571
0.4016642
0.40167472
0.40168867
0.4017059
0.40172595
0.40174803
0.4017713
0.40179488
0.40181783
0.40183944
0.40185907
0.40187606
0.40189
0.40190068
0.40190816
0.40191242
0.4019139
0.40191245
0.40190813
0.40190074
0.4018901
0.4018759
0.40185815
0.40183687
0.4018123
0.4017851
0.4017559
0.40172568
0.40169603
0.4016683
0.4016439
0.40162385
0.4016086
0.4015981
0.40159193
0.40158913
0.40158868
0.40158948
0.40159073
0.4015919
0.4015927
0.40159297
0.40159246
0.40159085
0.4015879
0.4015838
0.40157908
0.40157458
0.4015711
0.4015691
0.40156883
0.40157008
0.40157256
0.40157592
0.40157974
0.4015839
0.40158808
0.4015917
0.4015942
0.40159488
0.4015932
0.40158904
0.40158254
0.4015741
0.40156454
0.4015545
0.4015447
0.40153575
0.40152824
0.40152285
0.4015198
0.40151936
0.40152135
0.4015254
0.40153104
0.40153745
0.4015442
0.4015509
0.40155745
0.4015644
0.40157223
0.4015818
0.4015934
0.40160707
0.40162227
0.40163824
0.40165386
0.40166757
0.40167794
0.40168378
0.4016844
0.4016797
0.40167013
0.4016564
0.40163958
0.40162063
0.40160033
0.4015794
0.40155867
0.4015386
0.4015196
0.40150192
0.4014857
0.40147066
0.40145653
0.4014429
0.4014294
0.4014159
0.4014027
0.40139014
0.40137884
0.40136966
0.40136328
0.4013603
0.40136087
0.40136504
0.4013726
0.40138346
0.4013974
0.40141433
0.40143406
0.4014566
0.40148187
0.40150973
0.40153998
0.40157232
0.40160605
0.4016401
0.4016731
0.40170348
0.4017298
0.40175062
0.4017653
0.4017734
0.40177515
0.4017712
0.4017624
0.40175
0.40173542
0.40172014
0.4017055
0.40169242
0.40168178
0.40167406
0.40166944
0.40166813
0.40167022
0.40167564
0.4016839
0.40169418
0.40170535
0.40171576
0.4017238
0.4017281
0.40172774
0.4017221
0.40171126
0.40169567
0.40167594
0.40165344
0.40162936
0.401605
0.4015817
0.4015603
0.4015418
0.4015265
0.40151486
0.40150672
0.4015019
0.4014998
0.40149954
0.40150014
0.40150073
0.40150052
0.4014989
0.40149602
0.40149212
0.4014878
0.4014834
0.40147918
0.40147552
0.40147284
0.40147156
0.4014723
0.40147543
0.4014813
0.40149024
0.40150216
0.4015169
0.40153405
0.40155295
0.40157276
0.40159273
0.40161237
0.40163133
0.40165
0.40166888
0.4016884
0.40170914
0.4017311
0.40175408
0.40177748
0.40180033
0.4018217
0.40184063
0.4018562
0.40186793
0.40187508
0.40187758
0.40187508
0.40186763
0.4018552
0.40183806
0.40181664
0.40179145
0.40176335
0.40173334
0.4017029
0.4016735
0.40164658
0.40162337
0.40160474
0.4015911
0.40158257
0.40157855
0.40157792
0.4015793
0.40158093
0.40158135
0.40157923
0.40157396
0.40156546
0.40155423
0.40154132
0.40152797
0.40151542
0.4015046
0.40149632
0.40149125
0.40148988
0.40149266
0.40149978
0.40151143
0.40152782
0.4015492
0.40157598
0.40160948
0.40165186
0.40170658
0.40177953
0.40187895
0.40201637
0.40220854
0.40247822
0.40285495
0.40338075
0.40411338
0.4051314
0.40654123
0.4084848
0.4111832
0.4148598
0.41982397
0.4265492
0.43567753
0.44782063
