0.44260293
0.4321044
0.424226
0.41828957
0.41385168
0.41056776
0.40815434
0.4063725
0.4050628
0.40410784
0.40341198
0.40290767
0.40254393
0.40228277
0.40209565
0.40196157
0.4018657
0.40179753
0.40175015
0.40171912
0.40170133
0.40169454
0.4016965
0.40170524
0.4017183
0.4017333
0.40174806
0.40176052
0.40176904
0.40177247
0.40177014
0.4017617
0.40174744
0.40172786
0.40170372
0.40167612
0.40164635
0.40161577
0.40158597
0.4015582
0.4015336
0.40151316
0.40149742
0.40148684
0.40148133
0.4014808
0.4014845
0.40149197
0.4015021
0.4015139
0.4015263
0.40153834
0.40154925
0.40155882
0.40156692
0.40157372
0.4015794
0.4015841
0.40158802
0.40159133
0.4015943
0.4015975
0.4016012
0.4016056
0.40161058
0.40161562
0.40161973
0.401622
0.40162176
0.4016187
0.40161312
0.40160593
0.4015981
0.4015906
0.40158415
0.4015794
0.40157688
0.4015767
0.40157896
0.4015834
0.40158954
0.40159672
0.40160418
0.4016109
0.4016161
0.401619
0.4016192
0.40161654
0.40161148
0.40160447
0.4015962
0.40158734
0.40157837
0.40156946
0.4015606
0.4015517
0.4015424
0.4015326
0.40152255
0.40151244
0.4015028
0.40149367
0.40148538
0.40147805
0.40147185
0.4014668
0.40146255
0.4014591
0.40145618
0.4014538
0.4014518
0.40145028
0.4014495
0.4014498
0.40145147
0.40145463
0.40145922
0.40146518
0.4014722
0.40147993
0.4014881
0.4014965
0.40150473
0.40151262
0.4015198
0.40152588
0.40153068
0.40153414
0.40153655
0.40153822
0.40153936
0.40154028
0.40154132
0.4015428
0.40154526
0.40154916
0.40155512
0.4015635
0.4015746
0.4015885
0.401605
0.40162367
0.40164426
0.40166655
0.40169036
0.4017155
0.40174156
0.401768
0.40179396
0.40181866
0.40184137
0.40186152
0.4018785
0.4018919
0.40190133
0.40190646
0.40190724
0.4019035
0.4018952
0.40188253
0.4018655
0.4018448
0.40182084
0.40179446
0.4017666
0.40173817
0.40171024
0.40168405
0.40166065
0.4016406
0.40162432
0.4016118
0.4016031
0.4015982
0.4015969
0.40159902
0.40160397
0.4016111
0.40161946
0.40162832
0.40163657
0.4016435
0.4016484
0.40165117
0.40165222
0.4016523
0.40165216
0.40165237
0.4016536
0.40165615
0.40166047
0.40166673
0.40167472
0.40168405
0.40169394
0.40170315
0.40171024
0.40171397
0.4017135
0.4017084
0.4016989
0.40168557
0.40166965
0.40165257
0.40163594
0.40162122
0.40160948
0.4016016
0.40159783
0.401598
0.4016017
0.4016079
0.40161517
0.401622
0.40162686
0.40162846
0.4016262
0.40161976
0.40160993
0.40159777
0.40158463
0.40157196
0.4015609
0.40155244
0.40154704
0.4015448
0.40154544
0.40154815
0.40155214
0.40155658
0.40156087
0.40156466
0.40156755
0.40156907
0.40156847
0.40156513
0.40155867
0.4015491
0.40153676
0.40152258
0.40150735
0.40149194
0.4014771
0.4014635
0.40145165
0.4014417
0.40143374
0.4014277
0.4014233
0.40142053
0.4014192
0.40141952
0.40142173
0.40142617
0.40143326
0.4014435
0.4014572
0.40147427
0.40149453
0.4015172
0.40154138
0.4015657
0.40158877
0.40160918
0.40162587
0.4016382
0.40164635
0.40165097
0.40165308
0.401654
0.40165505
0.40165713
0.40166065
0.40166572
0.40167174
0.40167806
0.40168405
0.401689
0.40169275
0.40169558
0.40169796
0.40170085
0.40170527
0.4017118
0.40172067
0.40173128
0.4017425
0.401753
0.40176126
0.40176624
0.40176725
0.40176395
0.4017568
0.40174654
0.40173388
0.4017198
0.40170524
0.4016909
0.4016777
0.40166607
0.40165648
0.40164888
0.40164325
0.40163898
0.4016355
0.4016319
0.40162757
0.401622
0.4016149
0.40160638
0.40159655
0.40158603
0.4015754
0.40156543
0.40155688
0.40155068
0.40154743
0.4015476
0.40155137
0.40155864
0.40156934
0.4015833
0.40160072
0.4016215
0.4016453
0.4016716
0.40169942
0.40172783
0.40175527
0.40178058
0.40180266
0.40182042
0.40183333
0.40184078
0.40184262
0.40183908
0.40183046
0.4018178
0.40180224
0.40178508
0.40176785
0.40175176
0.40173766
0.40172595
0.4017168
0.40171018
0.40170604
0.40170437
0.4017047
0.40170667
0.40170962
0.4017129
0.40171573
0.4017175
0.40171784
0.4017164
0.40171334
0.40170833
0.40170133
0.40169215
0.4016809
0.40166777
0.4016534
0.40163854
0.40162376
0.40160963
0.40159664
0.40158513
0.4015754
0.40156737
0.4015612
0.40155685
0.4015543
0.40155363
0.4015548
0.40155745
0.4015609
0.40156436
0.40156668
0.4015669
0.4015643
0.401559
0.40155146
0.40154284
0.40153423
0.40152663
0.40152085
0.4015177
0.40151766
0.40152133
0.40152875
0.40153998
0.40155455
0.40157178
0.4015906
0.40160978
0.40162832
0.40164518
0.4016601
0.4016729
0.40168372
0.40169296
0.40170088
0.4017073
0.4017118
0.4017137
0.40171233
0.40170744
0.40169913
0.40168807
0.4016751
0.40166137
0.4016477
0.40163487
0.40162352
0.4016142
0.40160757
0.40160412
0.40160424
0.40160817
0.40161568
0.40162638
0.40163937
0.40165335
0.4016667
0.40167773
0.40168515
0.40168786
0.40168592
0.40167972
0.40167052
0.40165973
0.4016488
0.40163895
0.40163094
0.40162516
0.40162158
0.4016199
0.40161934
0.40161914
0.40161848
0.40161687
0.40161428
0.4016111
0.40160805
0.40160605
0.40160587
0.40160853
0.4016148
0.40162498
0.40163913
0.4016567
0.4016765
0.40169683
0.40171587
0.40173167
0.4017425
0.40174732
0.4017455
0.40173706
0.40172246
0.40170282
0.40167943
0.40165374
0.4016272
0.401601
0.4015758
0.40155244
0.4015311
0.4015123
0.40149602
0.40148267
0.40147245
0.40146574
0.4014629
0.40146476
0.4014724
0.40148702
0.4015107
0.40154603
0.40159702
0.40166923
0.40177083
0.40191337
0.40211427
0.4023952
0.40278643
0.40332943
0.40408134
0.40511924
0.40654793
0.40850773
0.41121873
0.4149029
0.41986984
0.42659366
0.4357157
0.44784948
