0.4426778
0.43220517
0.42435265
0.41844267
0.41403112
0.41077316
0.40838206
0.40661824
0.40532124
0.40437236
0.40367576
0.4031638
0.40278617
0.4025058
0.4022953
0.40213522
0.4020115
0.4019143
0.40183687
0.40177467
0.40172467
0.40168482
0.40165365
0.40163
0.40161288
0.4016014
0.40159494
0.4015927
0.4015939
0.4015975
0.40160248
0.40160796
0.40161335
0.40161857
0.4016238
0.40162918
0.4016349
0.40164074
0.4016462
0.40165058
0.401653
0.40165266
0.4016495
0.40164366
0.40163565
0.40162632
0.40161622
0.40160602
0.40159622
0.40158698
0.40157837
0.4015706
0.40156335
0.4015563
0.40154892
0.40154073
0.40153113
0.40151998
0.40150723
0.40149325
0.40147853
0.4014637
0.4014496
0.40143695
0.4014263
0.40141818
0.40141314
0.4014114
0.4014131
0.40141833
0.40142694
0.40143898
0.40145442
0.401473
0.4014945
0.4015184
0.40154412
0.40157083
0.40159762
0.40162367
0.40164798
0.40166953
0.4016871
0.40169972
0.40170705
0.4017088
0.40170538
0.40169746
0.40168598
0.40167212
0.4016569
0.4016412
0.4016257
0.40161133
0.40159878
0.40158892
0.40158224
0.4015789
0.4015788
0.40158117
0.40158483
0.40158862
0.40159166
0.40159348
0.40159425
0.40159473
0.40159577
0.40159842
0.40160337
0.401611
0.40162122
0.40163335
0.40164658
0.40165976
0.40167168
0.40168118
0.4016877
0.40169114
0.40169197
0.40169093
0.40168908
0.40168738
0.4016868
0.4016877
0.40169
0.40169284
0.40169477
0.40169415
0.40168947
0.4016796
0.4016641
0.40164325
0.4016178
0.40158924
0.40155914
0.401529
0.4015004
0.4014744
0.40145195
0.4014335
0.40141913
0.40140867
0.40140158
0.40139756
0.40139627
0.40139765
0.40140158
0.4014079
0.4014162
0.40142626
0.40143752
0.4014494
0.40146127
0.40147245
0.40148225
0.40149024
0.40149632
0.40150094
0.4015049
0.4015088
0.40151304
0.40151802
0.40152356
0.4015295
0.40153563
0.40154192
0.4015484
0.4015554
0.4015633
0.4015722
0.40158224
0.4015932
0.4016048
0.40161622
0.40162656
0.4016348
0.40164036
0.40164286
0.40164262
0.40164044
0.40163702
0.40163314
0.40162936
0.4016257
0.40162244
0.40161934
0.4016162
0.4016127
0.40160877
0.40160453
0.40160066
0.40159765
0.40159622
0.40159667
0.40159887
0.40160248
0.4016068
0.4016111
0.40161476
0.40161732
0.40161884
0.40161982
0.40162054
0.40162137
0.40162227
0.40162304
0.4016232
0.40162268
0.40162155
0.4016202
0.4016191
0.40161875
0.40161923
0.40162054
0.40162224
0.40162355
0.40162367
0.4016218
0.40161738
0.4016101
0.40159988
0.40158698
0.40157172
0.40155473
0.4015367
0.4015183
0.4015
0.40148225
0.40146545
0.4014498
0.4014357
0.40142345
0.4014132
0.40140527
0.40139982
0.40139705
0.40139705
0.4013997
0.4014049
0.401412
0.40142038
0.40142936
0.4014379
0.40144557
0.40145192
0.40145692
0.40146083
0.40146384
0.4014662
0.40146804
0.40146956
0.4014713
0.40147382
0.4014777
0.4014835
0.40149146
0.4015015
0.40151343
0.4015266
0.40154013
0.40155295
0.40156364
0.40157118
0.40157476
0.4015745
0.40157086
0.40156522
0.4015589
0.40155327
0.40154928
0.4015476
0.40154842
0.40155146
0.4015562
0.40156183
0.40156752
0.40157294
0.40157804
0.40158314
0.40158868
0.4015951
0.4016028
0.40161192
0.4016225
0.40163416
0.40164632
0.40165845
0.40166995
0.4016804
0.40168992
0.40169874
0.4017072
0.40171558
0.40172353
0.40173048
0.40173542
0.40173745
0.40173578
0.40172988
0.4017198
0.40170595
0.40168926
0.40167108
0.40165263
0.40163526
0.4016199
0.40160725
0.40159777
0.40159184
0.4015898
0.4015916
0.40159687
0.4016053
0.40161598
0.40162814
0.40164074
0.4016528
0.40166372
0.4016732
0.4016814
0.40168872
0.40169558
0.4017021
0.4017081
0.40171298
0.40171587
0.40171608
0.40171307
0.40170673
0.40169746
0.40168598
0.40167335
0.4016606
0.40164888
0.40163943
0.40163293
0.40163016
0.4016312
0.40163577
0.4016431
0.40165204
0.401661
0.40166846
0.40167284
0.40167323
0.40166914
0.4016608
0.40164918
0.40163565
0.401622
0.40160996
0.40160108
0.40159655
0.40159714
0.40160307
0.401614
0.40162918
0.40164742
0.4016673
0.40168726
0.40170568
0.401721
0.40173194
0.40173757
0.40173754
0.40173218
0.40172213
0.40170848
0.40169248
0.4016756
0.40165922
0.40164474
0.40163326
0.40162557
0.40162194
0.4016221
0.40162525
0.40163037
0.40163624
0.4016419
0.4016465
0.40164965
0.40165114
0.40165105
0.40164933
0.40164575
0.40164033
0.40163317
0.40162456
0.40161508
0.40160543
0.40159622
0.4015879
0.40158072
0.40157488
0.4015706
0.40156826
0.4015681
0.40157053
0.40157554
0.40158322
0.4015935
0.40160623
0.40162107
0.40163702
0.40165305
0.40166765
0.40167943
0.4016872
0.40169048
0.4016893
0.4016845
0.40167707
0.40166828
0.40165892
0.4016494
0.4016396
0.40162915
0.40161753
0.4016045
0.40159023
0.4015752
0.4015602
0.40154615
0.40153402
0.40152475
0.40151894
0.40151697
0.40151897
0.40152475
0.40153393
0.40154582
0.40155986
0.40157512
0.40159068
0.40160534
0.401618
0.40162766
0.40163344
0.40163505
0.40163267
0.4016268
0.40161797
0.40160677
0.40159366
0.40157908
0.4015632
0.40154627
0.40152848
0.40151057
0.40149313
0.4014771
0.40146318
0.40145218
0.40144455
0.40144068
0.40144086
0.40144494
0.40145266
0.40146354
0.40147692
0.40149197
0.4015075
0.4015227
0.4015367
0.40154934
0.4015607
0.40157112
0.4015812
0.40159118
0.40160105
0.40161046
0.40161917
0.40162677
0.4016335
0.40163976
0.40164608
0.40165296
0.40166092
0.40167004
0.40168032
0.40169176
0.4017043
0.40171745
0.40173054
0.40174264
0.4017531
0.4017615
0.40176785
0.40177265
0.4017763
0.40177938
0.4017821
0.40178478
0.40178755
0.40179157
0.40179858
0.40181172
0.40183565
0.40187696
0.4019448
0.40205133
0.40221322
0.40245515
0.40280735
0.4033119
0.40402684
0.40503082
0.40643036
0.4083674
0.4110631
0.41474155
0.41971225
0.42644918
0.43559495
0.44775933
