0.44254354
0.43202877
0.4241392
0.4181968
0.41375846
0.41047877
0.40807307
0.4063004
0.4049993
0.40405113
0.4033592
0.4028555
0.40248924
0.40222305
0.40202978
0.4018896
0.40178832
0.40171573
0.40166482
0.4016308
0.4016102
0.40160024
0.40159854
0.40160295
0.40161106
0.4016208
0.40162995
0.40163642
0.40163878
0.4016362
0.40162873
0.40161702
0.40160233
0.4015865
0.4015712
0.40155792
0.40154782
0.40154156
0.4015397
0.4015424
0.40154934
0.4015602
0.40157384
0.4015892
0.40160504
0.4016204
0.4016347
0.40164787
0.40166008
0.4016715
0.40168205
0.40169147
0.40169942
0.40170562
0.4017098
0.4017121
0.40171266
0.40171167
0.40170926
0.4017053
0.40169984
0.40169287
0.40168464
0.40167552
0.40166593
0.40165633
0.40164676
0.40163702
0.40162686
0.401616
0.40160456
0.40159294
0.401582
0.40157282
0.40156654
0.4015639
0.40156537
0.40157112
0.40158087
0.401594
0.40160936
0.40162554
0.4016409
0.4016535
0.40166196
0.40166512
0.40166268
0.4016548
0.4016423
0.40162635
0.40160844
0.40159017
0.40157297
0.40155804
0.40154618
0.4015378
0.40153295
0.40153137
0.40153232
0.40153483
0.40153793
0.40154096
0.40154368
0.40154612
0.40154868
0.4015518
0.40155587
0.40156126
0.40156817
0.4015764
0.40158564
0.4015951
0.4016038
0.4016107
0.40161526
0.40161723
0.40161687
0.4016145
0.40161046
0.40160516
0.40159884
0.40159157
0.40158334
0.40157446
0.40156546
0.4015573
0.40155086
0.40154713
0.40154687
0.40155056
0.40155873
0.40157172
0.40159005
0.4016145
0.4016465
0.40168813
0.4017429
0.40181574
0.4019145
0.40205032
0.40223992
0.4025069
0.40288115
0.4034051
0.40413678
0.40515473
0.40656528
0.40851006
0.41120967
0.4148869
0.41985068
0.42657402
0.4356988
0.4478367
