0.44266716
0.4321907
0.4243341
0.41841975
0.41400328
0.4107396
0.40834218
0.40657118
0.40526614
0.4043088
0.40360346
0.40308297
0.4026977
0.40241134
0.40219712
0.40203583
0.40191337
0.40181947
0.4017468
0.40169019
0.40164608
0.40161216
0.40158638
0.40156728
0.4015537
0.40154457
0.4015394
0.40153763
0.40153876
0.40154225
0.40154722
0.40155283
0.4015583
0.40156302
0.40156677
0.4015698
0.4015727
0.40157583
0.40157956
0.40158397
0.40158877
0.40159366
0.40159792
0.40160134
0.40160364
0.40160498
0.40160558
0.4016056
0.40160507
0.401604
0.4016022
0.40159935
0.40159535
0.40159044
0.40158513
0.4015801
0.40157628
0.40157428
0.4015746
0.40157723
0.40158224
0.40158933
0.40159845
0.40160936
0.40162164
0.40163475
0.40164772
0.40165952
0.40166894
0.40167525
0.40167806
0.40167773
0.40167493
0.40167046
0.4016651
0.4016594
0.4016535
0.40164736
0.40164113
0.40163505
0.4016295
0.40162483
0.40162107
0.4016184
0.40161666
0.4016155
0.40161437
0.40161237
0.4016085
0.40160224
0.40159342
0.40158203
0.4015689
0.40155464
0.4015403
0.40152675
0.4015147
0.40150493
0.401498
0.4014941
0.40149325
0.40149513
0.40149906
0.40150428
0.40151012
0.40151614
0.4015222
0.40152833
0.40153474
0.40154147
0.40154862
0.40155637
0.4015646
0.40157342
0.40158257
0.4015917
0.4016002
0.40160725
0.40161186
0.40161335
0.40161133
0.4016056
0.40159646
0.40158463
0.40157115
0.40155745
0.40154496
0.4015347
0.40152767
0.40152457
0.40152547
0.40153039
0.40153897
0.40155062
0.40156457
0.40157968
0.4015946
0.40160823
0.40161976
0.40162873
0.40163532
0.4016396
0.4016419
0.40164223
0.40164065
0.40163702
0.4016313
0.4016237
0.40161476
0.40160483
0.4015945
0.40158412
0.40157402
0.40156418
0.4015547
0.40154546
0.4015367
0.4015285
0.40152135
0.40151578
0.40151215
0.4015111
0.40151286
0.40151775
0.40152565
0.40153626
0.40154892
0.40156308
0.40157795
0.40159288
0.40160742
0.40162137
0.40163457
0.4016469
0.40165854
0.4016693
0.4016794
0.40168902
0.40169832
0.40170708
0.40171513
0.4017224
0.40172905
0.40173537
0.40174183
0.40174922
0.40175837
0.40177023
0.40178567
0.4018057
0.40183207
0.4018676
0.40191633
0.4019842
0.40207973
0.4022141
0.4024028
0.40266967
0.40304345
0.40356588
0.40429455
0.4053074
0.4067103
0.40864486
0.41133124
0.4149939
0.41994202
0.42664784
0.43575585
0.44787762
