0.44259223
0.43208984
0.4242074
0.41826656
0.41382393
0.41053453
0.40811536
0.40632725
0.40501082
0.40404907
0.40334684
0.40283695
0.40246946
0.40220708
0.4020222
0.40189418
0.40180752
0.4017506
0.40171477
0.401693
0.40168026
0.40167293
0.40166867
0.4016662
0.40166482
0.4016644
0.4016647
0.40166518
0.40166515
0.40166393
0.40166083
0.4016558
0.40164888
0.40164053
0.4016314
0.40162218
0.4016135
0.40160623
0.40160093
0.40159774
0.40159672
0.4015975
0.4015996
0.40160236
0.40160504
0.4016068
0.40160713
0.40160576
0.40160304
0.40159917
0.40159458
0.40158936
0.4015834
0.40157658
0.40156874
0.40156
0.40155113
0.40154275
0.40153575
0.40153065
0.40152782
0.40152737
0.40152913
0.40153253
0.40153715
0.40154278
0.4015494
0.40155712
0.401566
0.40157595
0.40158665
0.40159786
0.40160903
0.40161967
0.40162903
0.40163627
0.4016406
0.40164158
0.40163925
0.40163392
0.4016261
0.40161636
0.40160534
0.40159336
0.40158093
0.40156856
0.40155667
0.4015455
0.40153524
0.40152615
0.40151832
0.40151185
0.4015069
0.40150374
0.40150237
0.40150288
0.4015052
0.40150926
0.40151513
0.4015227
0.40153185
0.40154213
0.40155306
0.40156406
0.40157476
0.4015853
0.4015961
0.4016077
0.40162063
0.40163523
0.40165153
0.40166914
0.40168738
0.40170538
0.40172222
0.4017368
0.4017484
0.4017563
0.4017602
0.40176007
0.4017564
0.40174964
0.40174088
0.4017314
0.40172255
0.40171555
0.40171146
0.40171084
0.40171352
0.40171888
0.40172553
0.40173194
0.4017368
0.40173915
0.40173867
0.40173557
0.40173078
0.40172538
0.401721
0.40171897
0.40172052
0.40172616
0.40173602
0.4017494
0.4017653
0.40178192
0.40179747
0.40181044
0.40181956
0.4018241
0.401824
0.40181956
0.40181196
0.40180254
0.40179294
0.4017846
0.4017788
0.40177613
0.40177676
0.4017802
0.40178543
0.40179124
0.4017962
0.40179923
0.4017995
0.4017967
0.4017907
0.40178183
0.40177062
0.40175772
0.40174395
0.40173015
0.40171698
0.40170494
0.40169427
0.40168464
0.40167585
0.40166736
0.40165862
0.40164915
0.40163824
0.4016256
0.40161136
0.40159598
0.40158007
0.4015645
0.4015499
0.4015367
0.40152523
0.40151528
0.401507
0.40150025
0.40149486
0.40149102
0.40148878
0.40148863
0.40149108
0.4014964
0.40150484
0.4015162
0.40153015
0.40154588
0.40156248
0.4015787
0.40159333
0.40160528
0.4016139
0.4016189
0.40162063
0.40161967
0.40161705
0.40161362
0.40161046
0.40160835
0.40160793
0.40160945
0.40161303
0.40161842
0.40162525
0.40163276
0.4016405
0.4016481
0.40165505
0.40166107
0.401666
0.40166962
0.40167195
0.40167245
0.4016708
0.40166694
0.40166083
0.4016529
0.4016436
0.40163326
0.4016223
0.40161106
0.40159988
0.401589
0.40157887
0.40157008
0.40156323
0.40155876
0.40155712
0.4015585
0.40156275
0.40156946
0.40157777
0.40158665
0.401595
0.4016019
0.4016068
0.40160942
0.40161014
0.40160954
0.40160856
0.40160817
0.40160894
0.40161157
0.4016162
0.401623
0.40163234
0.40164408
0.4016583
0.40167457
0.40169245
0.401711
0.40172926
0.40174592
0.40175992
0.40177026
0.4017762
0.40177733
0.4017734
0.4017647
0.40175164
0.40173516
0.40171656
0.4016974
0.4016791
0.40166357
0.40165198
0.40164536
0.40164402
0.4016476
0.40165493
0.40166464
0.4016749
0.40168437
0.401692
0.40169728
0.40170035
0.40170172
0.40170234
0.40170315
0.40170497
0.40170786
0.40171164
0.40171576
0.4017195
0.40172237
0.40172377
0.4017234
0.40172103
0.40171698
0.40171164
0.40170556
0.40169936
0.40169367
0.4016889
0.40168497
0.4016819
0.4016793
0.40167722
0.4016757
0.40167505
0.40167552
0.40167713
0.4016794
0.40168166
0.4016826
0.4016812
0.40167686
0.40166923
0.4016587
0.4016462
0.40163285
0.40161982
0.40160844
0.40159974
0.40159458
0.4015936
0.40159717
0.401605
0.4016166
0.40163103
0.40164712
0.40166357
0.4016793
0.4016937
0.4017065
0.40171796
0.40172878
0.40174004
0.40175283
0.40176785
0.40178558
0.4018058
0.40182784
0.40185076
0.40187347
0.4018948
0.4019138
0.4019295
0.4019411
0.40194803
0.40194988
0.40194643
0.40193743
0.4019231
0.40190348
0.40187913
0.4018506
0.4018187
0.4017845
0.40174907
0.4017137
0.40167946
0.40164724
0.40161768
0.40159103
0.40156734
0.40154642
0.40152824
0.40151298
0.40150097
0.40149263
0.40148807
0.40148732
0.40149045
0.4014971
0.40150705
0.40151995
0.4015353
0.40155217
0.40156975
0.40158725
0.40160397
0.4016196
0.40163392
0.40164667
0.40165773
0.40166697
0.40167424
0.4016794
0.401682
0.4016818
0.40167877
0.40167278
0.4016644
0.40165415
0.40164313
0.40163213
0.401622
0.40161332
0.40160653
0.40160182
0.40159926
0.40159866
0.40159962
0.4016014
0.40160322
0.40160397
0.40160316
0.40160057
0.40159637
0.40159068
0.40158382
0.40157586
0.4015671
0.40155745
0.40154737
0.40153712
0.40152737
0.40151876
0.40151152
0.40150568
0.4015009
0.40149668
0.40149263
0.40148827
0.40148368
0.40147927
0.4014754
0.40147257
0.40147114
0.40147135
0.4014735
0.40147752
0.40148383
0.40149274
0.40150458
0.40151948
0.40153748
0.40155816
0.40158075
0.4016041
0.40162665
0.401647
0.40166387
0.4016765
0.40168464
0.40168858
0.40168917
0.40168753
0.4016848
0.40168154
0.40167817
0.40167445
0.40166986
0.401664
0.40165657
0.4016477
0.4016376
0.40162694
0.40161645
0.4016066
0.40159792
0.40159073
0.40158528
0.40158173
0.40158015
0.4015803
0.40158173
0.40158406
0.4015868
0.4015898
0.40159264
0.40159535
0.40159854
0.40160328
0.4016113
0.40162513
0.40164828
0.40168542
0.40174258
0.40182796
0.4019529
0.40213364
0.40239358
0.40276185
0.40328038
0.40400693
0.4050199
0.40642598
0.40836763
0.41106632
0.41474625
0.41971743
0.42645404
0.43559876
0.447762
