0.44256505
0.43205413
0.42416453
0.4182177
0.41377056
0.41047844
0.40805852
0.40627104
0.40495586
0.4039954
0.40329367
0.4027829
0.40241262
0.40214577
0.40195447
0.4018181
0.4017215
0.40165338
0.40160555
0.40157223
0.40154955
0.40153491
0.40152648
0.40152338
0.4015248
0.40153044
0.4015398
0.4015526
0.40156826
0.40158606
0.40160495
0.4016238
0.40164104
0.40165526
0.4016652
0.40166995
0.4016693
0.4016632
0.40165272
0.4016391
0.4016243
0.4016102
0.40159842
0.40159008
0.4015856
0.40158504
0.40158767
0.4015927
0.40159896
0.4016054
0.40161148
0.4016171
0.40162244
0.40162772
0.4016334
0.40163955
0.40164572
0.40165156
0.4016564
0.40166017
0.4016627
0.40166456
0.40166613
0.401668
0.40167046
0.40167335
0.40167627
0.40167898
0.40168124
0.40168336
0.40168574
0.40168914
0.4016942
0.40170166
0.40171188
0.40172496
0.4017407
0.40175846
0.401777
0.40179506
0.40181133
0.4018247
0.4018345
0.40184012
0.4018414
0.40183815
0.40183067
0.40181914
0.40180403
0.4017861
0.40176606
0.40174478
0.40172324
0.40170217
0.40168208
0.40166345
0.40164652
0.40163165
0.40161923
0.40160945
0.4016026
0.40159884
0.4015981
0.4015998
0.40160337
0.4016082
0.40161374
0.40161985
0.4016264
0.40163326
0.4016404
0.40164754
0.4016542
0.40166032
0.40166572
0.4016705
0.4016748
0.40167883
0.40168256
0.40168604
0.4016895
0.40169302
0.40169665
0.40169987
0.40170208
0.40170252
0.4017006
0.4016963
0.40168965
0.40168107
0.40167096
0.4016596
0.40164736
0.40163442
0.40162137
0.40160894
0.4015981
0.40158993
0.40158528
0.40158457
0.4015877
0.4015938
0.40160197
0.40161073
0.40161848
0.4016238
0.40162542
0.4016228
0.40161562
0.40160412
0.4015889
0.40157095
0.40155125
0.4015309
0.4015107
0.40149152
0.40147388
0.4014583
0.40144503
0.40143445
0.40142658
0.40142143
0.4014189
0.4014187
0.40142065
0.4014244
0.40142968
0.401436
0.40144277
0.4014492
0.40145463
0.4014584
0.40146035
0.40146077
0.40146068
0.40146112
0.4014635
0.40146893
0.40147817
0.40149182
0.4015098
0.40153158
0.4015563
0.40158266
0.40160903
0.40163395
0.401656
0.40167418
0.40168807
0.40169773
0.40170363
0.40170676
0.4017083
0.4017093
0.4017104
0.40171203
0.40171382
0.4017153
0.40171605
0.4017156
0.40171394
0.40171096
0.40170667
0.40170133
0.4016949
0.40168747
0.4016792
0.40167066
0.40166262
0.40165606
0.40165177
0.40165034
0.4016517
0.4016552
0.4016596
0.40166348
0.40166512
0.40166318
0.40165707
0.40164667
0.40163252
0.40161556
0.40159735
0.4015793
0.4015626
0.40154842
0.40153757
0.40153068
0.40152842
0.40153122
0.40153915
0.40155202
0.40156907
0.40158945
0.40161192
0.401635
0.40165722
0.4016773
0.40169406
0.40170673
0.4017144
0.40171683
0.40171382
0.4017056
0.4016929
0.40167645
0.40165734
0.40163672
0.40161607
0.40159672
0.4015798
0.4015662
0.40155628
0.40155002
0.40154693
0.4015466
0.40154845
0.4015523
0.4015581
0.4015665
0.40157768
0.40159193
0.40160942
0.4016295
0.40165135
0.40167361
0.40169472
0.40171307
0.40172705
0.40173534
0.40173694
0.40173155
0.4017194
0.40170127
0.40167853
0.401653
0.40162635
0.40160063
0.40157735
0.40155777
0.40154302
0.40153342
0.4015295
0.40153116
0.40153804
0.4015496
0.40156493
0.4015829
0.4016023
0.401622
0.4016405
0.40165666
0.40166947
0.40167823
0.40168297
0.40168408
0.40168267
0.40168014
0.4016777
0.40167636
0.40167668
0.40167874
0.4016822
0.40168622
0.40168977
0.40169156
0.40169063
0.40168628
0.40167838
0.40166712
0.40165344
0.4016385
0.40162387
0.40161106
0.4016012
0.4015951
0.40159348
0.40159628
0.40160355
0.40161481
0.40162975
0.40164763
0.40166733
0.40168744
0.40170625
0.4017221
0.40173346
0.4017395
0.4017396
0.4017339
0.40172297
0.40170777
0.40168962
0.40166953
0.40164846
0.401627
0.4016056
0.40158495
0.40156573
0.40154877
0.40153491
0.4015246
0.4015181
0.40151533
0.40151602
0.40151966
0.40152562
0.4015331
0.40154165
0.4015508
0.40156052
0.40157068
0.40158096
0.40159085
0.40159944
0.40160623
0.40161076
0.4016132
0.40161392
0.40161347
0.4016123
0.40161076
0.40160894
0.40160674
0.40160424
0.40160167
0.40159956
0.40159866
0.4015997
0.4016033
0.40160963
0.40161854
0.40162954
0.4016418
0.40165424
0.40166578
0.40167508
0.40168104
0.4016828
0.40168
0.40167278
0.40166163
0.40164763
0.40163222
0.401617
0.40160322
0.40159237
0.4015854
0.40158302
0.4015854
0.4015922
0.40160277
0.40161592
0.4016301
0.40164393
0.40165636
0.40166682
0.40167534
0.4016826
0.40168965
0.40169746
0.4017069
0.40171844
0.40173194
0.4017467
0.40176177
0.40177622
0.4017895
0.40180147
0.40181252
0.4018232
0.4018342
0.40184593
0.40185857
0.40187174
0.40188482
0.4018969
0.4019072
0.40191492
0.40191945
0.4019202
0.40191704
0.4019099
0.4018988
0.40188408
0.40186608
0.40184498
0.40182126
0.4017952
0.4017674
0.40173855
0.4017095
0.4016814
0.40165552
0.40163335
0.40161598
0.40160415
0.40159822
0.4015981
0.401603
0.40161198
0.40162352
0.40163592
0.40164742
0.40165657
0.4016623
0.4016642
0.4016623
0.40165716
0.4016498
0.4016416
0.40163413
0.40162897
0.40162754
0.4016307
0.40163887
0.40165192
0.4016689
0.4016884
0.40170854
0.4017274
0.401743
0.40175375
0.4017588
0.40175754
0.40175045
0.40173823
0.40172216
0.4017036
0.40168393
0.40166408
0.4016448
0.40162644
0.40160936
0.40159416
0.40158135
0.40157148
0.40156505
0.40156218
0.40156302
0.40156737
0.40157506
0.40158555
0.4015985
0.40161347
0.4016298
0.401647
0.40166444
0.4016814
0.40169686
0.40170923
0.4017175
0.40172064
0.4017181
0.40170988
0.4016965
0.401679
0.40165868
0.40163693
0.4016149
0.40159366
0.40157402
0.40155658
0.4015418
0.40152997
0.4015212
0.40151542
0.40151238
0.40151173
0.40151277
0.40151477
0.40151677
0.4015179
0.40151733
0.4015143
0.4015081
0.4014988
0.40148672
0.4014729
0.4014587
0.40144566
0.40143496
0.4014278
0.4014249
0.4014267
0.40143326
0.40144423
0.40145898
0.4014771
0.4014977
0.40151986
0.4015427
0.4015652
0.40158647
0.40160576
0.4016223
0.40163514
0.4016436
0.4016474
0.40164652
0.40164152
0.40163282
0.40162125
0.40160754
0.40159255
0.40157732
0.40156317
0.40155077
0.40154088
0.40153387
0.40152988
0.40152863
0.40152943
0.40153128
0.40153286
0.40153295
0.40153044
0.40152484
0.40151632
0.40150526
0.40149266
0.40147948
0.40146667
0.40145472
0.4014442
0.40143532
0.4014284
0.40142363
0.4014213
0.40142158
0.40142474
0.40143105
0.40144074
0.40145385
0.40147036
0.40149006
0.40151265
0.40153793
0.40156555
0.401595
0.40162534
0.40165538
0.40168402
0.4017099
0.4017321
0.4017494
0.4017613
0.40176743
0.40176785
0.4017632
0.4017543
0.40174225
0.40172833
0.40171382
0.40170044
0.4016893
0.40168133
0.40167698
0.40167615
0.40167832
0.4016827
0.40168816
0.40169337
0.40169707
0.40169808
0.4016956
0.40168935
0.40167943
0.40166667
0.4016522
0.40163702
0.4016223
0.40160885
0.40159747
0.40158844
0.40158185
0.4015775
0.40157494
0.4015735
0.40157256
0.40157127
0.40156907
0.4015654
0.40156007
0.40155327
0.40154538
0.4015373
0.40152994
0.4015242
0.401521
0.40152106
0.40152475
0.40153217
0.40154305
0.40155688
0.40157297
0.4015904
0.4016082
0.40162534
0.4016409
0.4016535
0.40166223
0.40166613
0.40166515
0.40165955
0.40165025
0.40163842
0.40162522
0.40161175
0.40159908
0.40158793
0.4015791
0.40157282
0.4015692
0.40156794
0.40156844
0.4015698
0.4015712
0.4015719
0.4015712
0.40156898
0.40156505
0.40155965
0.40155345
0.40154728
0.4015421
0.40153822
0.4015361
0.40153566
0.4015368
0.40153942
0.4015435
0.40154898
0.4015561
0.40156487
0.40157536
0.4015872
0.4015999
0.401613
0.40162578
0.40163812
0.40164995
0.40166137
0.40167218
0.401682
0.40169024
0.401696
0.4016986
0.40169755
0.40169266
0.40168405
0.4016722
0.40165782
0.40164158
0.40162444
0.40160772
0.40159273
0.40158084
0.40157297
0.40157
0.40157223
0.40157956
0.40159175
0.40160766
0.40162596
0.4016448
0.4016621
0.40167594
0.40168488
0.40168813
0.40168566
0.401678
0.40166646
0.40165263
0.40163845
0.40162557
0.40161562
0.4016097
0.40160835
0.40161192
0.40161976
0.40163103
0.40164414
0.40165737
0.4016688
0.40167674
0.40167996
0.4016776
0.40166926
0.40165505
0.40163562
0.40161207
0.40158594
0.40155867
0.4015313
0.40150493
0.40148026
0.4014578
0.40143782
0.40142068
0.4014064
0.401395
0.4013865
0.40138087
0.40137807
0.40137824
0.4013814
0.40138757
0.4013966
0.40140834
0.4014226
0.40143916
0.40145782
0.40147862
0.40150142
0.40152594
0.40155193
0.4015787
0.40160543
0.40163106
0.4016546
0.40167534
0.40169314
0.40170825
0.40172148
0.4017339
0.40174657
0.40176046
0.40177596
0.40179297
0.40181085
0.40182868
0.4018453
0.4018599
0.4018716
0.40187988
0.40188438
0.40188494
0.40188146
0.40187395
0.4018627
0.40184796
0.40183002
0.40180933
0.4017863
0.4017617
0.40173647
0.4017112
0.4016866
0.40166298
0.40164018
0.40161812
0.4015967
0.40157595
0.40155604
0.40153727
0.4015198
0.40150416
0.40149072
0.40147993
0.4014721
0.4014678
0.40146738
0.4014713
0.40148008
0.40149397
0.40151322
0.40153787
0.40156767
0.40160218
0.40164047
0.4016816
0.401724
0.40176606
0.40180624
0.40184328
0.40187588
0.40190315
0.4019244
0.40193897
0.40194646
0.40194672
0.40193984
0.40192586
0.4019054
0.40187898
0.4018477
0.40181273
0.4017755
0.4017378
0.4017013
0.40166745
0.40163752
0.40161225
0.40159205
0.401577
0.40156704
0.40156198
0.4015617
0.40156594
0.4015743
0.40158617
0.40160066
0.4016165
0.4016325
0.40164736
0.40165988
0.40166962
0.40167618
0.40167958
0.40167996
0.40167755
0.4016725
0.40166494
0.40165478
0.40164205
0.40162703
0.40161055
0.40159357
0.4015772
0.4015626
0.40155047
0.40154102
0.40153414
0.40152928
0.4015258
0.40152273
0.40151927
0.40151468
0.40150887
0.40150204
0.4014948
0.40148777
0.40148172
0.4014774
0.4014753
0.40147606
0.40147966
0.40148607
0.40149498
0.40150586
0.4015179
0.4015302
0.40154198
0.40155298
0.40156344
0.4015741
0.4015861
0.40160048
0.40161818
0.40163964
0.40166482
0.40169308
0.40172356
0.4017547
0.40178522
0.40181392
0.40183976
0.4018621
0.40188038
0.40189418
0.40190342
0.40190822
0.40190905
0.40190643
0.401901
0.40189335
0.40188378
0.4018724
0.40185905
0.4018436
0.40182576
0.4018051
0.40178174
0.40175596
0.40172842
0.4017001
0.40167236
0.40164632
0.4016231
0.40160355
0.40158826
0.4015775
0.40157145
0.4015698
0.40157205
0.40157703
0.4015833
0.40158916
0.4015928
0.4015928
0.40158844
0.40157914
0.4015653
0.40154755
0.4015269
0.40150476
0.40148252
0.40146154
0.40144303
0.40142807
0.4014171
0.40141034
0.40140766
0.40140876
0.40141287
0.40141895
0.40142602
0.40143293
0.40143865
0.4014426
0.40144435
0.40144435
0.40144315
0.40144137
0.40143993
0.40143922
0.40143973
0.4014417
0.40144518
0.40145022
0.4014566
0.40146416
0.4014729
0.40148306
0.40149504
0.4015097
0.40152746
0.40154883
0.40157402
0.4016028
0.40163472
0.4016686
0.401703
0.4017362
0.40176645
0.4017924
0.40181285
0.40182698
0.4018343
0.40183467
0.4018284
0.401816
0.4017983
0.4017764
0.4017516
0.40172562
0.40170014
0.40167654
0.40165573
0.4016381
0.40162364
0.4016118
0.40160227
0.40159458
0.40158862
0.4015844
0.40158236
0.40158272
0.40158528
0.40158975
0.40159532
0.40160123
0.40160668
0.40161088
0.40161303
0.40161243
0.40160877
0.40160227
0.4015936
0.40158394
0.40157455
0.40156692
0.40156224
0.40156147
0.40156516
0.40157375
0.40158704
0.40160424
0.40162423
0.4016454
0.401666
0.40168405
0.4016981
0.40170693
0.40171006
0.40170753
0.40169972
0.4016878
0.40167278
0.401656
0.40163857
0.40162137
0.4016048
0.4015892
0.4015746
0.4015612
0.40154934
0.40153927
0.40153125
0.4015253
0.4015213
0.40151912
0.40151843
0.4015188
0.40151983
0.40152115
0.4015227
0.4015248
0.401528
0.40153247
0.40153846
0.40154573
0.40155384
0.40156186
0.4015689
0.401574
0.40157637
0.4015758
0.4015724
0.40156686
0.40156
0.40155268
0.4015454
0.4015386
0.40153235
0.4015269
0.40152258
0.40152
0.4015198
0.40152237
0.401528
0.40153655
0.40154755
0.4015601
0.40157318
0.40158555
0.40159595
0.40160346
0.40160772
0.40160882
0.40160742
0.4016045
0.40160093
0.40159732
0.40159407
0.40159112
0.40158802
0.40158454
0.40158042
0.40157565
0.40157
0.40156353
0.40155652
0.4015492
0.40154213
0.40153557
0.4015298
0.40152496
0.40152106
0.40151793
0.4015156
0.40151414
0.4015136
0.40151393
0.401515
0.40151656
0.40151817
0.40151954
0.40152058
0.40152135
0.4015223
0.40152362
0.40152556
0.40152812
0.40153125
0.40153465
0.4015379
0.40154067
0.40154243
0.401543
0.4015421
0.40153977
0.40153593
0.40153074
0.40152434
0.40151724
0.40151024
0.40150434
0.40150014
0.4014983
0.40149885
0.40150166
0.40150648
0.4015127
0.40151995
0.4015279
0.40153626
0.40154502
0.4015541
0.40156326
0.40157232
0.40158096
0.40158904
0.4015964
0.40160334
0.40161026
0.40161765
0.40162575
0.40163445
0.4016434
0.4016523
0.40166074
0.40166873
0.40167618
0.40168312
0.40168935
0.40169457
0.40169805
0.40169913
0.40169716
0.40169156
0.40168235
0.40166986
0.40165487
0.40163863
0.40162244
0.40160772
0.4015954
0.4015865
0.40158138
0.40158042
0.4015839
0.40159178
0.40160337
0.40161806
0.40163472
0.40165222
0.40166935
0.40168527
0.40169924
0.40171084
0.4017195
0.40172467
0.4017257
0.40172225
0.40171427
0.4017019
0.40168557
0.4016659
0.4016437
0.4016199
0.40159583
0.40157282
0.40155235
0.40153578
0.401524
0.40151757
0.40151653
0.40152058
0.40152875
0.40154016
0.4015537
0.4015683
0.40158334
0.40159824
0.4016127
0.4016259
0.40163717
0.40164545
0.4016499
0.40164995
0.40164557
0.40163714
0.40162554
0.40161192
0.40159732
0.40158278
0.4015692
0.4015573
0.40154755
0.4015402
0.40153527
0.40153238
0.40153092
0.40153015
0.4015293
0.4015279
0.4015254
0.4015216
0.4015162
0.40150946
0.4015015
0.40149263
0.4014831
0.4014731
0.40146294
0.40145302
0.40144366
0.40143517
0.4014278
0.40142167
0.40141687
0.4014131
0.4014102
0.4014079
0.40140605
0.40140447
0.4014031
0.401402
0.40140122
0.40140066
0.40140036
0.40140018
0.40140012
0.4014002
0.40140057
0.4014014
0.40140307
0.4014056
0.40140915
0.40141365
0.40141886
0.40142465
0.4014309
0.40143776
0.40144533
0.40145388
0.4014637
0.40147522
0.40148878
0.40150464
0.4015227
0.4015427
0.4015641
0.40158647
0.4016091
0.40163174
0.40165454
0.4016779
0.40170223
0.4017276
0.40175372
0.40177995
0.40180513
0.40182805
0.40184736
0.40186206
0.40187114
0.40187415
0.4018709
0.4018616
0.4018468
0.40182728
0.40180385
0.40177765
0.4017499
0.40172204
0.4016953
0.4016708
0.40164912
0.40163043
0.40161458
0.40160125
0.40159002
0.40158033
0.4015719
0.40156454
0.40155867
0.40155452
0.4015525
0.40155268
0.401555
0.40155986
0.40156746
0.40157837
0.40159267
0.40161026
0.40163046
0.40165198
0.40167314
0.40169218
0.40170714
0.40171692
0.40172085
0.4017189
0.40171173
0.40170044
0.40168643
0.40167138
0.40165693
0.40164423
0.4016341
0.4016268
0.4016221
0.4016195
0.40161836
0.40161824
0.40161896
0.40162072
0.4016239
0.4016288
0.4016362
0.4016469
0.40166235
0.40168452
0.4017162
0.40176147
0.40182567
0.4019169
0.4020465
0.40223068
0.4024932
0.40286338
0.40338308
0.40411013
0.40512294
0.4065282
0.408468
0.4111638
0.41483912
0.41980356
0.42653027
0.43566182
0.44780886
