0.44257975
0.43207803
0.4242021
0.41827506
0.41385403
0.4105951
0.40821218
0.4064645
0.4051901
0.4042678
0.40359983
0.4031168
0.40276694
0.40251184
0.4023231
0.4021802
0.4020684
0.401977
0.40189913
0.40183017
0.40176758
0.4017102
0.40165806
0.40161175
0.40157217
0.40153992
0.40151563
0.40149954
0.40149143
0.40149093
0.40149716
0.4015089
0.401525
0.40154406
0.4015648
0.40158632
0.40160784
0.40162846
0.40164727
0.40166315
0.40167537
0.40168345
0.40168753
0.40168807
0.401686
0.4016823
0.40167782
0.40167314
0.40166914
0.4016662
0.4016649
0.40166515
0.4016668
0.40166977
0.40167382
0.40167928
0.40168643
0.40169567
0.4017072
0.4017213
0.40173778
0.4017565
0.401777
0.4017985
0.40182006
0.40184078
0.40185985
0.4018766
0.40189043
0.401901
0.40190792
0.4019108
0.40190962
0.4019043
0.40189514
0.40188277
0.40186796
0.40185162
0.40183464
0.40181774
0.40180105
0.40178415
0.40176657
0.40174773
0.4017274
0.40170583
0.40168345
0.40166092
0.40163895
0.40161812
0.40159914
0.4015828
0.40156975
0.40156075
0.4015561
0.40155578
0.40155956
0.40156683
0.40157634
0.40158686
0.40159693
0.401605
0.40161014
0.40161163
0.40160972
0.4016051
0.40159884
0.4015921
0.40158576
0.40158042
0.4015763
0.40157342
0.40157127
0.40156946
0.4015671
0.40156344
0.40155822
0.40155125
0.40154272
0.40153307
0.40152293
0.40151316
0.40150476
0.40149868
0.4014957
0.4014965
0.40150136
0.40151015
0.40152243
0.4015373
0.4015538
0.40157056
0.4015863
0.40160006
0.40161133
0.4016202
0.40162694
0.4016321
0.40163618
0.4016393
0.40164137
0.40164194
0.40164047
0.40163675
0.40163088
0.40162334
0.40161481
0.40160593
0.40159705
0.40158826
0.40157953
0.401571
0.4015631
0.4015561
0.40155023
0.401546
0.40154383
0.40154403
0.40154693
0.40155268
0.40156087
0.40157095
0.40158185
0.40159237
0.4016013
0.40160757
0.40161058
0.40161023
0.4016068
0.4016013
0.40159476
0.40158826
0.40158245
0.40157795
0.4015745
0.40157193
0.40156984
0.40156797
0.40156573
0.40156302
0.40155983
0.4015563
0.401553
0.40155053
0.40154934
0.4015496
0.4015512
0.40155342
0.40155542
0.4015564
0.40155593
0.40155417
0.40155178
0.40154985
0.40154934
0.4015512
0.40155584
0.4015633
0.40157285
0.40158364
0.4015945
0.4016039
0.40161115
0.40161577
0.40161797
0.40161848
0.40161812
0.4016179
0.40161833
0.4016197
0.4016219
0.40162435
0.40162638
0.40162742
0.40162706
0.40162525
0.40162253
0.40161982
0.4016179
0.4016175
0.4016188
0.40162146
0.40162495
0.40162846
0.40163162
0.4016342
0.40163645
0.40163857
0.40164062
0.40164214
0.40164274
0.401642
0.40163985
0.40163636
0.4016319
0.40162686
0.40162137
0.40161517
0.4016079
0.40159896
0.40158808
0.4015754
0.40156123
0.4015465
0.40153214
0.40151897
0.40150777
0.40149888
0.40149245
0.40148854
0.40148672
0.40148655
0.40148735
0.40148845
0.40148973
0.40149122
0.40149334
0.4014964
0.40150094
0.40150723
0.4015157
0.40152645
0.40153942
0.40155447
0.40157065
0.40158692
0.40160185
0.4016139
0.4016218
0.40162462
0.40162215
0.40161464
0.40160277
0.40158758
0.40157038
0.4015525
0.40153515
0.40151936
0.40150613
0.4014961
0.40148953
0.4014864
0.40148646
0.40148938
0.40149465
0.40150207
0.40151167
0.40152335
0.40153712
0.40155283
0.40156996
0.40158784
0.40160567
0.4016223
0.4016367
0.4016482
0.40165657
0.40166214
0.40166572
0.4016681
0.40167007
0.40167215
0.40167448
0.4016771
0.40167984
0.4016824
0.40168437
0.40168542
0.4016854
0.40168417
0.40168214
0.40167975
0.40167782
0.40167674
0.4016768
0.40167782
0.4016791
0.4016799
0.40167943
0.40167713
0.40167275
0.40166637
0.40165836
0.40164933
0.40163958
0.40162933
0.4016188
0.40160766
0.40159562
0.40158227
0.40156743
0.4015514
0.40153491
0.40151918
0.40150526
0.40149423
0.40148672
0.4014834
0.40148443
0.40149
0.4014999
0.40151367
0.40153039
0.40154874
0.40156728
0.40158463
0.40159962
0.40161175
0.40162104
0.40162814
0.40163383
0.40163884
0.40164375
0.40164897
0.40165427
0.40165946
0.4016639
0.40166697
0.40166813
0.40166727
0.40166458
0.40166047
0.40165555
0.40165037
0.40164524
0.40164018
0.40163505
0.40162906
0.4016215
0.40161145
0.40159854
0.4015829
0.40156502
0.4015456
0.40152577
0.4015064
0.4014884
0.40147245
0.40145913
0.40144888
0.4014421
0.40143907
0.40143955
0.40144333
0.40144983
0.40145814
0.4014673
0.40147606
0.40148324
0.40148795
0.40148956
0.40148827
0.40148467
0.40147975
0.4014748
0.40147105
0.40146956
0.40147147
0.40147737
0.40148762
0.40150222
0.40152067
0.40154225
0.40156603
0.4015909
0.40161568
0.40163904
0.40165982
0.4016768
0.4016893
0.40169695
0.40169984
0.40169838
0.40169343
0.401686
0.40167764
0.40166947
0.4016627
0.40165794
0.40165552
0.40165564
0.40165776
0.40166107
0.40166456
0.4016669
0.40166727
0.4016652
0.40166095
0.40165538
0.40164974
0.4016456
0.40164438
0.40164727
0.40165478
0.4016671
0.40168345
0.40170258
0.4017229
0.4017426
0.40176022
0.4017745
0.40178466
0.40178993
0.40179005
0.40178484
0.4017745
0.4017596
0.40174082
0.40171948
0.40169677
0.40167397
0.40165204
0.40163198
0.4016145
0.40160033
0.40158996
0.4015841
0.4015829
0.4015867
0.40159562
0.40160945
0.40162772
0.40164953
0.40167356
0.40169823
0.40172163
0.40174192
0.40175718
0.40176618
0.40176812
0.40176293
0.40175092
0.40173313
0.40171093
0.40168598
0.40165997
0.4016344
0.40161058
0.40158963
0.40157208
0.40155846
0.401549
0.40154412
0.40154406
0.401549
0.40155905
0.40157378
0.4015927
0.40161493
0.4016396
0.4016656
0.4016921
0.40171847
0.40174422
0.40176922
0.40179276
0.40181416
0.40183252
0.40184698
0.40185702
0.4018621
0.4018622
0.40185747
0.40184832
0.40183538
0.4018194
0.40180114
0.4017815
0.40176153
0.40174258
0.40172604
0.401713
0.4017043
0.40170026
0.40170053
0.40170428
0.40171033
0.40171716
0.4017233
0.40172738
0.40172866
0.40172666
0.40172154
0.40171382
0.40170437
0.4016943
0.40168428
0.40167493
0.40166634
0.40165836
0.40165067
0.40164316
0.40163592
0.4016292
0.4016237
0.40161976
0.40161765
0.40161714
0.40161774
0.40161854
0.40161887
0.40161827
0.40161672
0.40161404
0.40161055
0.4016062
0.40160108
0.40159494
0.40158793
0.40158054
0.40157318
0.40156633
0.40156
0.40155417
0.40154848
0.4015425
0.4015361
0.40152922
0.40152222
0.4015153
0.4015086
0.40150204
0.40149546
0.40148863
0.40148178
0.40147525
0.40146956
0.4014652
0.40146288
0.40146306
0.40146652
0.4014734
0.40148368
0.4014968
0.40151218
0.4015287
0.40154523
0.40156078
0.40157428
0.40158477
0.40159166
0.40159467
0.40159398
0.4015905
0.4015854
0.40157983
0.4015754
0.40157297
0.4015737
0.40157798
0.4015861
0.40159804
0.40161356
0.4016323
0.40165386
0.4016775
0.4017024
0.40172783
0.40175286
0.40177715
0.401801
0.4018257
0.40185383
0.40188983
0.40194026
0.40201443
0.40212524
0.40228993
0.40253365
0.40288717
0.4033923
0.40410697
0.40510958
0.40650666
0.40844035
0.41113198
0.4148055
0.41977024
0.4264994
0.43563575
0.44778943
