0.44254145
0.43202588
0.4241352
0.41819113
0.41375035
0.41046825
0.4080608
0.40628797
0.4049892
0.4040462
0.40336266
0.4028706
0.40251923
0.40227062
0.4020965
0.40197575
0.4018924
0.40183505
0.4017955
0.40176818
0.40174907
0.40173554
0.40172544
0.4017173
0.40171015
0.4017033
0.40169665
0.40169054
0.40168574
0.40168315
0.40168372
0.4016881
0.4016965
0.40170845
0.40172264
0.40173745
0.40175113
0.40176222
0.40176973
0.4017733
0.4017732
0.4017702
0.4017655
0.40176034
0.40175593
0.4017531
0.40175208
0.4017525
0.40175363
0.4017544
0.40175372
0.4017506
0.40174463
0.4017357
0.40172413
0.4017106
0.40169612
0.40168175
0.4016686
0.40165755
0.40164912
0.4016436
0.4016406
0.4016394
0.40163898
0.40163803
0.40163553
0.40163103
0.40162465
0.40161687
0.4016087
0.4016011
0.4015951
0.40159118
0.4015897
0.40159068
0.4015939
0.40159908
0.4016061
0.4016145
0.40162352
0.40163222
0.40163952
0.40164444
0.4016465
0.40164563
0.40164223
0.4016372
0.40163133
0.40162584
0.40162158
0.4016195
0.40162003
0.40162352
0.40162978
0.4016384
0.40164858
0.40165973
0.40167138
0.40168312
0.40169516
0.4017076
0.4017204
0.4017333
0.40174535
0.40175575
0.40176383
0.40176904
0.40177134
0.4017708
0.4017678
0.40176257
0.4017554
0.40174642
0.40173602
0.4017246
0.40171275
0.40170085
0.40168947
0.40167886
0.40166947
0.40166175
0.40165606
0.4016524
0.40165052
0.4016496
0.40164855
0.40164623
0.40164158
0.4016341
0.40162367
0.40161064
0.40159553
0.4015788
0.40156114
0.40154302
0.40152523
0.4015084
0.4014934
0.40148082
0.4014711
0.40146443
0.40146092
0.4014602
0.40146187
0.40146565
0.40147084
0.40147698
0.40148383
0.40149125
0.4014994
0.40150827
0.4015179
0.40152818
0.40153876
0.401549
0.40155822
0.40156558
0.4015707
0.4015737
0.4015751
0.40157568
0.40157607
0.40157676
0.40157786
0.4015794
0.40158102
0.4015823
0.4015829
0.40158275
0.401582
0.40158135
0.40158135
0.40158263
0.40158573
0.40159082
0.40159774
0.40160614
0.4016154
0.40162483
0.40163368
0.40164104
0.4016465
0.40164983
0.40165126
0.4016515
0.40165168
0.40165296
0.40165642
0.40166247
0.4016711
0.40168166
0.4016931
0.4017039
0.40171283
0.40171888
0.4017215
0.40172073
0.40171728
0.4017121
0.40170622
0.40170062
0.40169573
0.401692
0.40168926
0.4016872
0.40168512
0.4016826
0.40167937
0.4016758
0.40167248
0.40167052
0.40167105
0.4016748
0.40168223
0.40169302
0.4017065
0.40172127
0.40173593
0.4017488
0.40175855
0.40176418
0.4017651
0.40176103
0.4017521
0.4017391
0.40172312
0.40170592
0.40168935
0.40167534
0.40166572
0.4016615
0.40166324
0.4016708
0.40168366
0.40170056
0.40172008
0.40174085
0.40176153
0.40178102
0.40179846
0.40181336
0.40182546
0.40183476
0.40184155
0.40184632
0.40184993
0.40185302
0.40185562
0.4018579
0.40185937
0.4018599
0.4018594
0.40185788
0.4018557
0.40185314
0.40185058
0.40184814
0.40184557
0.40184256
0.4018385
0.40183252
0.40182388
0.40181214
0.40179667
0.40177765
0.4017552
0.4017302
0.40170357
0.40167654
0.40165034
0.40162605
0.4016045
0.40158638
0.40157208
0.40156198
0.4015562
0.40155476
0.40155765
0.40156457
0.4015749
0.40158784
0.40160227
0.40161687
0.40163055
0.40164265
0.40165305
0.4016623
0.40167108
0.4016803
0.40169054
0.40170178
0.4017135
0.40172485
0.4017346
0.40174174
0.40174583
0.40174684
0.40174544
0.40174228
0.40173838
0.4017345
0.40173107
0.401728
0.40172464
0.40171984
0.40171275
0.40170243
0.40168884
0.40167212
0.401653
0.4016325
0.40161166
0.40159145
0.40157261
0.4015559
0.40154168
0.4015302
0.40152168
0.4015159
0.4015129
0.40151235
0.40151384
0.40151712
0.40152183
0.401528
0.40153563
0.40154445
0.40155402
0.40156388
0.40157345
0.4015824
0.40159056
0.4015981
0.40160477
0.40161037
0.40161443
0.40161636
0.4016162
0.40161386
0.40161005
0.40160516
0.40159962
0.40159357
0.40158713
0.40158
0.40157217
0.40156344
0.40155414
0.4015444
0.4015343
0.40152434
0.4015146
0.40150544
0.40149736
0.4014909
0.40148646
0.4014843
0.40148428
0.40148607
0.40148923
0.40149316
0.4014975
0.40150204
0.40150657
0.40151095
0.4015152
0.40151924
0.4015231
0.40152654
0.40152934
0.4015313
0.40153208
0.40153164
0.40153012
0.40152755
0.401524
0.40151936
0.40151393
0.40150803
0.40150228
0.40149727
0.40149367
0.4014916
0.40149137
0.4014927
0.40149528
0.40149888
0.4015032
0.401508
0.40151292
0.40151766
0.401522
0.40152586
0.40152937
0.40153325
0.4015379
0.40154362
0.40155053
0.4015583
0.4015666
0.40157467
0.4015818
0.40158758
0.40159196
0.40159556
0.4015991
0.40160334
0.40160882
0.40161568
0.4016237
0.40163234
0.40164098
0.4016492
0.40165684
0.4016639
0.4016708
0.40167776
0.40168482
0.4016919
0.4016985
0.4017038
0.40170676
0.4017063
0.40170193
0.40169325
0.40168062
0.40166476
0.40164682
0.40162796
0.40160918
0.4015915
0.40157548
0.40156132
0.4015491
0.40153873
0.4015302
0.40152362
0.40151888
0.40151617
0.40151548
0.4015168
0.4015203
0.40152577
0.40153304
0.40154165
0.401551
0.40156034
0.40156892
0.40157622
0.40158182
0.40158555
0.40158734
0.40158728
0.4015858
0.4015834
0.40158057
0.40157777
0.4015752
0.4015731
0.4015712
0.40156972
0.40156844
0.40156716
0.40156573
0.4015642
0.40156254
0.40156078
0.4015589
0.40155694
0.401555
0.4015533
0.40155235
0.40155265
0.40155485
0.40155932
0.40156633
0.4015757
0.40158713
0.40159985
0.40161285
0.40162522
0.4016359
0.40164378
0.401648
0.40164834
0.40164495
0.40163848
0.40163
0.40162086
0.40161237
0.40160558
0.4016012
0.4015993
0.40159944
0.40160105
0.40160307
0.40160516
0.40160707
0.40160877
0.40161046
0.40161204
0.4016134
0.40161425
0.40161422
0.40161303
0.40161076
0.40160748
0.40160364
0.40159944
0.40159535
0.40159163
0.4015888
0.4015876
0.40158877
0.4015928
0.4015997
0.40160918
0.40162033
0.401632
0.40164298
0.401652
0.40165836
0.40166178
0.40166256
0.4016615
0.40165946
0.40165737
0.40165603
0.40165603
0.40165773
0.40166125
0.40166664
0.40167382
0.40168267
0.4016925
0.40170273
0.40171233
0.4017204
0.4017265
0.40173033
0.40173194
0.4017316
0.40172988
0.40172762
0.4017258
0.40172523
0.40172628
0.40172875
0.40173173
0.40173408
0.40173423
0.40173122
0.40172434
0.40171313
0.40169778
0.40167883
0.4016572
0.4016339
0.4016101
0.40158665
0.40156454
0.40154436
0.4015269
0.4015127
0.40150237
0.40149587
0.40149322
0.40149358
0.40149614
0.40149954
0.40150237
0.40150324
0.40150145
0.40149665
0.40148905
0.40147957
0.40146917
0.40145883
0.4014495
0.40144193
0.40143663
0.40143403
0.4014344
0.40143773
0.40144414
0.40145344
0.40146518
0.40147874
0.40149313
0.4015076
0.4015213
0.40153396
0.40154597
0.4015578
0.40157008
0.40158334
0.4015973
0.40161148
0.40162513
0.4016369
0.40164557
0.40165016
0.40164992
0.4016448
0.4016355
0.40162307
0.40160918
0.40159553
0.40158337
0.40157378
0.40156695
0.40156284
0.40156087
0.4015603
0.40156046
0.4015606
0.40156046
0.40156007
0.40156
0.4015609
0.4015636
0.4015687
0.40157658
0.40158734
0.4016009
0.40161678
0.40163404
0.40165162
0.4016682
0.40168232
0.4016925
0.40169775
0.4016974
0.40169144
0.40168047
0.40166536
0.40164757
0.4016282
0.4016085
0.40158948
0.40157193
0.40155652
0.40154362
0.40153325
0.401525
0.40151823
0.4015123
0.4015066
0.401501
0.40149605
0.40149212
0.4014899
0.40148956
0.40149134
0.40149513
0.401501
0.40150902
0.4015192
0.40153182
0.40154696
0.40156454
0.40158427
0.40160543
0.40162683
0.40164685
0.40166375
0.40167594
0.40168208
0.40168172
0.40167475
0.4016618
0.40164417
0.40162337
0.40160114
0.4015793
0.40155917
0.40154183
0.4015279
0.40151778
0.40151185
0.40151033
0.40151367
0.40152198
0.4015356
0.4015542
0.40157706
0.4016032
0.4016312
0.40165928
0.40168568
0.40170887
0.40172768
0.40174133
0.40174952
0.40175205
0.40174884
0.40174028
0.4017267
0.40170863
0.40168718
0.40166354
0.40163922
0.40161568
0.40159428
0.401576
0.40156168
0.4015516
0.40154597
0.40154454
0.40154698
0.40155268
0.4015606
0.40156996
0.40157977
0.4015893
0.40159792
0.40160498
0.40161023
0.40161377
0.40161613
0.4016179
0.4016196
0.4016214
0.40162346
0.40162542
0.40162674
0.40162686
0.4016253
0.40162218
0.40161744
0.40161175
0.40160564
0.40159974
0.40159452
0.4015904
0.40158746
0.4015858
0.40158528
0.40158597
0.40158802
0.40159187
0.40159777
0.401606
0.40161705
0.40163103
0.40164798
0.4016674
0.4016884
0.40170962
0.4017296
0.40174693
0.4017606
0.4017698
0.40177396
0.4017731
0.40176734
0.4017572
0.40174335
0.40172663
0.40170798
0.40168843
0.40166903
0.4016503
0.4016326
0.40161574
0.40159938
0.40158325
0.40156746
0.4015525
0.4015391
0.40152818
0.40152064
0.40151712
0.40151784
0.4015227
0.401531
0.4015417
0.40155357
0.40156513
0.40157503
0.40158203
0.4015856
0.4015856
0.40158287
0.40157855
0.40157416
0.40157112
0.40157053
0.40157342
0.4015802
0.40159115
0.40160576
0.4016234
0.40164307
0.40166357
0.4016837
0.40170267
0.4017203
0.4017372
0.40175495
0.40177584
0.40180293
0.40184003
0.40189174
0.4019641
0.40206546
0.4022068
0.4024038
0.40267995
0.40306368
0.40359613
0.40433416
0.4053548
0.40676317
0.40870062
0.41138718
0.41504747
0.4199909
0.42669004
0.43578982
0.44790247
