0.44251963
0.43199766
0.4241019
0.41815412
0.41371077
0.41042668
0.4080176
0.40624246
0.4049401
0.4039921
0.4033019
0.402802
0.40244228
0.40218556
0.40200448
0.40187877
0.40179327
0.4017368
0.40170085
0.40167943
0.40166792
0.4016633
0.40166363
0.40166792
0.40167552
0.40168583
0.40169832
0.40171206
0.40172604
0.40173924
0.40175098
0.4017609
0.40176904
0.4017758
0.40178183
0.40178815
0.40179524
0.4018032
0.4018118
0.40182006
0.40182716
0.4018317
0.4018328
0.40182954
0.4018216
0.40180907
0.4017923
0.40177193
0.40174899
0.40172437
0.40169892
0.4016733
0.4016482
0.4016245
0.40160304
0.40158477
0.40157065
0.4015615
0.401558
0.40156046
0.4015689
0.40158275
0.40160134
0.40162364
0.40164787
0.40167236
0.40169528
0.40171486
0.40172997
0.40173995
0.40174475
0.40174484
0.40174094
0.401734
0.40172493
0.40171453
0.40170345
0.40169206
0.40168098
0.4016707
0.40166193
0.40165544
0.40165162
0.40165076
0.4016528
0.40165734
0.40166348
0.4016703
0.40167695
0.40168282
0.40168753
0.40169093
0.40169296
0.40169352
0.40169233
0.40168884
0.40168244
0.4016727
0.4016593
0.4016426
0.40162292
0.4016014
0.40157923
0.40155768
0.4015379
0.401521
0.401508
0.4014997
0.40149665
0.4014992
0.40150735
0.40152058
0.4015381
0.40155894
0.4015818
0.40160543
0.4016286
0.40165022
0.40166947
0.40168616
0.4017002
0.40171185
0.40172142
0.40172872
0.40173358
0.40173593
0.4017357
0.40173307
0.40172833
0.40172175
0.40171322
0.40170285
0.40169072
0.4016774
0.40166378
0.4016512
0.40164122
0.40163526
0.40163434
0.4016388
0.40164825
0.4016617
0.40167746
0.40169367
0.4017084
0.4017198
0.401727
0.40172935
0.401727
0.40172032
0.40171
0.40169704
0.4016822
0.40166613
0.4016495
0.40163285
0.40161654
0.4016015
0.40158826
0.4015776
0.40157026
0.40156662
0.4015672
0.40157187
0.40158015
0.40159145
0.40160474
0.401619
0.40163293
0.40164515
0.40165478
0.40166107
0.40166423
0.40166482
0.40166384
0.4016628
0.40166292
0.4016653
0.4016705
0.4016786
0.40168917
0.40170133
0.4017138
0.4017251
0.40173423
0.40174022
0.40174282
0.40174216
0.40173888
0.40173408
0.40172902
0.4017251
0.4017237
0.4017255
0.40173054
0.4017385
0.4017484
0.40175936
0.40177023
0.40177992
0.4017872
0.40179116
0.40179121
0.40178716
0.4017793
0.40176827
0.40175533
0.40174156
0.40172812
0.4017157
0.4017046
0.4016949
0.401686
0.40167725
0.40166813
0.4016585
0.40164846
0.40163848
0.40162906
0.4016208
0.40161416
0.4016094
0.40160686
0.40160662
0.40160885
0.40161386
0.40162155
0.40163174
0.40164384
0.40165672
0.40166944
0.40168053
0.40168914
0.4016946
0.40169704
0.40169746
0.40169746
0.40169984
0.40170804
0.40172628
0.40176
0.4018159
0.40190285
0.40203276
0.4022222
0.40249443
0.40287802
0.40341392
0.40415874
0.4051892
0.40661004
0.40856186
0.41126466
0.4149412
0.419901
0.42661768
0.43573377
0.44786215
