0.44269788
0.43223208
0.42438632
0.4184833
0.4140789
0.4108284
0.4084445
0.40668765
0.40539744
0.40445504
0.4037645
0.40325817
0.40288582
0.40260994
0.40240303
0.40224475
0.40212053
0.40202007
0.40193623
0.4018644
0.40180168
0.4017465
0.40169835
0.4016568
0.40162182
0.40159306
0.40157002
0.40155205
0.4015384
0.40152815
0.40152073
0.40151566
0.4015126
0.40151116
0.40151122
0.40151277
0.40151605
0.401521
0.4015275
0.40153527
0.40154377
0.40155274
0.4015616
0.40157035
0.40157923
0.4015885
0.40159842
0.40160894
0.4016198
0.40163028
0.4016395
0.40164635
0.40164983
0.40164933
0.40164474
0.40163627
0.40162456
0.40161046
0.4015948
0.40157852
0.4015623
0.40154722
0.40153393
0.40152335
0.40151626
0.40151343
0.40151516
0.4015215
0.40153235
0.40154713
0.4015653
0.40158615
0.40160903
0.4016332
0.40165755
0.40168098
0.40170228
0.4017205
0.4017351
0.40174583
0.40175286
0.40175682
0.4017584
0.4017582
0.4017569
0.4017549
0.40175208
0.40174806
0.40174225
0.4017343
0.40172404
0.4017117
0.4016979
0.40168378
0.40167066
0.40165985
0.4016524
0.4016489
0.40164936
0.40165314
0.40165907
0.40166572
0.4016715
0.4016752
0.40167594
0.40167373
0.4016688
0.40166202
0.40165433
0.4016469
0.40164077
0.4016366
0.40163445
0.40163442
0.40163577
0.4016376
0.40163884
0.40163827
0.4016349
0.4016282
0.40161833
0.40160573
0.40159112
0.4015752
0.40155894
0.40154305
0.4015284
0.4015158
0.4015064
0.40150103
0.40150058
0.40150538
0.4015156
0.40153095
0.4015507
0.4015739
0.40159923
0.40162507
0.40164974
0.4016716
0.40168935
0.4017022
0.40171006
0.40171346
0.4017135
0.40171152
0.40170926
0.40170768
0.40170768
0.4017092
0.4017117
0.4017141
0.40171504
0.4017134
0.40170863
0.4017008
0.40169042
0.4016784
0.40166587
0.40165368
0.40164247
0.40163222
0.40162277
0.40161332
0.40160358
0.40159333
0.4015829
0.40157297
0.40156433
0.4015578
0.4015541
0.4015537
0.40155685
0.4015635
0.40157318
0.4015854
0.40159938
0.40161458
0.40163046
0.4016464
0.40166134
0.4016743
0.40168396
0.4016895
0.40169045
0.40168712
0.40168014
0.40167055
0.40165976
0.40164888
0.40163907
0.4016313
0.40162647
0.40162554
0.4016291
0.40163764
0.40165114
0.40166932
0.40169162
0.4017171
0.40174446
0.40177238
0.4017995
0.40182483
0.40184736
0.40186656
0.4018821
0.40189368
0.40190122
0.40190443
0.40190315
0.40189704
0.40188605
0.40187013
0.4018495
0.40182474
0.40179652
0.40176597
0.40173423
0.40170273
0.40167248
0.40164438
0.40161884
0.40159622
0.40157658
0.40156
0.40154704
0.40153816
0.40153372
0.4015338
0.4015382
0.40154627
0.40155688
0.40156865
0.4015798
0.4015885
0.40159312
0.4015927
0.40158674
0.4015755
0.40155998
0.40154156
0.40152195
0.40150288
0.40148595
0.4014724
0.40146324
0.4014589
0.4014597
0.40146556
0.40147638
0.40149167
0.40151072
0.40153262
0.40155616
0.40158004
0.40160286
0.4016235
0.40164062
0.40165314
0.4016604
0.4016622
0.40165895
0.40165162
0.40164158
0.40163067
0.40162072
0.40161368
0.40161082
0.4016132
0.4016214
0.40163523
0.401654
0.4016762
0.4017002
0.40172407
0.4017459
0.4017642
0.40177792
0.40178663
0.40178993
0.40178803
0.40178117
0.40176985
0.4017548
0.40173706
0.40171778
0.4016982
0.4016794
0.40166205
0.4016466
0.4016332
0.40162164
0.40161166
0.40160277
0.40159494
0.40158817
0.4015829
0.40157977
0.4015793
0.40158185
0.4015874
0.40159598
0.40160686
0.4016198
0.4016342
0.40164965
0.40166563
0.40168166
0.4016976
0.40171325
0.40172845
0.40174273
0.40175563
0.40176657
0.40177497
0.40178064
0.4017836
0.40178427
0.4017834
0.40178183
0.4017805
0.4017798
0.40177998
0.40178064
0.40178093
0.4017798
0.4017761
0.4017691
0.40175858
0.40174466
0.4017279
0.4017092
0.4016893
0.40166909
0.40164956
0.40163136
0.40161553
0.40160295
0.40159443
0.4015905
0.40159142
0.4015969
0.40160647
0.40161946
0.40163466
0.4016507
0.40166605
0.4016794
0.40168992
0.40169722
0.40170157
0.4017036
0.40170413
0.4017042
0.4017045
0.40170544
0.40170708
0.40170914
0.40171123
0.40171313
0.4017147
0.401716
0.40171683
0.401717
0.40171602
0.40171298
0.4017072
0.40169814
0.40168542
0.40166917
0.40164998
0.401629
0.40160748
0.4015868
0.40156806
0.40155196
0.4015388
0.40152854
0.40152094
0.40151566
0.40151265
0.40151194
0.401514
0.40151903
0.40152737
0.40153903
0.40155372
0.40157095
0.40158993
0.40161005
0.40163055
0.40165105
0.4016716
0.40169218
0.40171257
0.4017324
0.40175065
0.40176666
0.40177962
0.401789
0.40179488
0.40179747
0.40179735
0.40179533
0.40179208
0.4017881
0.40178353
0.40177822
0.40177175
0.40176377
0.40175405
0.4017425
0.40172988
0.40171698
0.40170488
0.40169472
0.4016874
0.40168345
0.4016828
0.4016849
0.40168935
0.40169546
0.40170288
0.40171137
0.4017204
0.40172938
0.4017374
0.4017436
0.4017472
0.40174788
0.4017456
0.40174064
0.40173364
0.40172523
0.40171596
0.40170625
0.40169618
0.4016859
0.40167552
0.40166548
0.40165633
0.40164855
0.4016426
0.4016388
0.4016371
0.40163726
0.40163857
0.40164065
0.40164304
0.40164557
0.40164834
0.40165147
0.40165493
0.40165854
0.40166196
0.40166458
0.40166572
0.40166476
0.40166152
0.40165606
0.40164876
0.40164015
0.4016307
0.40162072
0.4016107
0.40160075
0.40159103
0.40158153
0.40157205
0.40156218
0.40155157
0.40153977
0.4015265
0.40151203
0.40149656
0.40148085
0.4014658
0.40145206
0.4014401
0.40143037
0.40142286
0.40141773
0.40141505
0.4014148
0.40141687
0.40142122
0.40142772
0.4014362
0.40144643
0.4014582
0.4014712
0.40148523
0.40149993
0.40151504
0.40153053
0.40154618
0.40156153
0.4015763
0.40159008
0.40160257
0.4016132
0.4016214
0.40162638
0.40162772
0.4016254
0.40162
0.40161252
0.4016045
0.40159726
0.4015921
0.4015899
0.40159142
0.40159672
0.40160555
0.401617
0.40162963
0.401642
0.4016525
0.40165988
0.40166363
0.40166378
0.4016607
0.40165538
0.4016486
0.40164143
0.40163448
0.40162846
0.40162396
0.40162134
0.40162054
0.40162155
0.40162387
0.40162706
0.40163007
0.40163234
0.4016332
0.40163207
0.4016284
0.4016217
0.4016116
0.4015982
0.40158212
0.40156448
0.40154627
0.40152875
0.40151304
0.40149996
0.40149036
0.40148503
0.4014843
0.40148836
0.40149695
0.4015095
0.40152508
0.40154257
0.4015607
0.4015782
0.4015943
0.40160862
0.4016208
0.40163073
0.4016384
0.40164328
0.40164495
0.40164286
0.40163702
0.40162787
0.40161625
0.4016034
0.40159056
0.4015788
0.40156904
0.4015619
0.4015577
0.40155655
0.40155822
0.40156248
0.40156916
0.40157786
0.40158838
0.40160048
0.401614
0.40162882
0.40164447
0.40166047
0.4016764
0.40169132
0.40170506
0.40171725
0.40172768
0.40173638
0.40174338
0.40174833
0.40175104
0.40175077
0.4017469
0.40173885
0.40172637
0.40170956
0.40168896
0.40166563
0.40164095
0.40161672
0.40159422
0.40157467
0.40155864
0.40154648
0.4015379
0.40153244
0.4015295
0.40152797
0.40152702
0.40152553
0.40152302
0.40151927
0.40151465
0.4015096
0.40150467
0.40150017
0.40149632
0.40149298
0.40149
0.401487
0.4014839
0.40148064
0.40147737
0.4014741
0.4014711
0.40146863
0.40146694
0.40146634
0.40146703
0.40146914
0.40147257
0.40147707
0.40148252
0.40148878
0.40149578
0.4015036
0.4015123
0.40152168
0.40153167
0.40154243
0.40155354
0.4015646
0.40157503
0.40158415
0.40159124
0.40159604
0.40159887
0.4016004
0.40160185
0.40160435
0.40160862
0.40161517
0.40162382
0.40163377
0.40164378
0.4016524
0.40165862
0.40166146
0.40166065
0.4016563
0.40164918
0.40164044
0.40163115
0.4016221
0.40161395
0.40160695
0.40160105
0.4015962
0.40159237
0.4015899
0.40158904
0.40159026
0.40159366
0.40159953
0.4016079
0.40161884
0.4016324
0.40164822
0.40166563
0.40168357
0.40170065
0.4017156
0.40172732
0.40173462
0.40173694
0.40173417
0.40172628
0.401714
0.40169823
0.40168014
0.401661
0.4016419
0.40162364
0.40160647
0.4015904
0.4015753
0.40156093
0.40154737
0.40153444
0.40152216
0.40151042
0.40149924
0.40148878
0.4014793
0.40147093
0.40146384
0.4014583
0.40145463
0.40145326
0.4014546
0.40145883
0.40146607
0.40147617
0.40148878
0.40150318
0.4015185
0.4015336
0.40154696
0.40155703
0.40156257
0.40156308
0.4015585
0.40154946
0.40153724
0.40152332
0.4015092
0.40149596
0.40148428
0.40147454
0.40146667
0.40146062
0.40145597
0.40145242
0.40144968
0.40144756
0.40144628
0.40144578
0.40144628
0.4014477
0.40145007
0.40145326
0.40145707
0.40146127
0.40146592
0.40147087
0.40147606
0.40148163
0.4014876
0.40149385
0.40150043
0.40150735
0.40151444
0.40152168
0.40152887
0.4015362
0.40154424
0.4015535
0.40156412
0.4015765
0.40159035
0.40160576
0.40162268
0.4016409
0.40165955
0.40167773
0.40169403
0.40170717
0.4017162
0.40172058
0.40172008
0.40171528
0.40170705
0.40169632
0.40168422
0.40167147
0.4016588
0.40164667
0.40163517
0.40162465
0.40161502
0.40160593
0.40159678
0.40158692
0.40157568
0.40156284
0.40154853
0.4015335
0.4015187
0.4015053
0.4014944
0.40148702
0.40148407
0.40148598
0.40149322
0.40150586
0.40152377
0.4015464
0.40157285
0.4016019
0.4016319
0.40166116
0.40168786
0.4017107
0.40172824
0.40173995
0.4017454
0.40174502
0.40173972
0.40173075
0.40171948
0.40170717
0.4016949
0.40168333
0.40167275
0.40166327
0.40165478
0.4016469
0.4016393
0.4016314
0.40162268
0.40161276
0.40160125
0.40158808
0.40157342
0.40155777
0.40154192
0.4015265
0.40151238
0.40150023
0.40149045
0.40148342
0.40147927
0.401478
0.40147948
0.40148345
0.40148947
0.4014968
0.40150493
0.40151313
0.40152064
0.4015269
0.40153173
0.40153506
0.40153724
0.40153867
0.40154
0.40154207
0.40154526
0.4015502
0.40155697
0.40156537
0.40157512
0.40158594
0.40159747
0.40160963
0.40162227
0.40163532
0.4016484
0.40166065
0.40167114
0.40167883
0.4016827
0.40168226
0.40167767
0.40166947
0.4016586
0.4016463
0.40163368
0.40162182
0.40161142
0.4016031
0.40159744
0.4015948
0.40159553
0.40159956
0.40160653
0.40161592
0.40162688
0.40163854
0.4016499
0.40165985
0.4016676
0.4016725
0.40167424
0.4016731
0.40166974
0.40166524
0.40166086
0.40165776
0.40165684
0.40165862
0.40166333
0.40167084
0.40168047
0.40169123
0.40170208
0.40171155
0.40171838
0.40172178
0.40172112
0.40171638
0.40170813
0.401697
0.40168408
0.40167022
0.40165645
0.4016435
0.4016319
0.40162188
0.40161353
0.40160668
0.4016009
0.4015963
0.40159297
0.40159163
0.40159282
0.401597
0.4016042
0.40161416
0.40162617
0.40163937
0.40165246
0.4016643
0.4016737
0.40168
0.40168267
0.40168196
0.40167823
0.4016724
0.40166527
0.40165767
0.4016502
0.4016432
0.40163675
0.40163073
0.40162483
0.4016185
0.40161148
0.40160382
0.40159565
0.40158758
0.40158007
0.40157357
0.40156838
0.40156436
0.40156135
0.4015589
0.40155688
0.4015554
0.40155476
0.40155542
0.4015578
0.40156215
0.40156874
0.40157786
0.4015898
0.40160456
0.4016221
0.40164217
0.40166482
0.4016897
0.40171617
0.40174347
0.40177062
0.40179625
0.40181905
0.40183777
0.40185145
0.40185922
0.40186086
0.40185615
0.40184557
0.4018297
0.40180966
0.40178674
0.4017623
0.40173796
0.40171495
0.4016944
0.4016767
0.4016622
0.401651
0.4016434
0.40163955
0.4016394
0.4016429
0.40164945
0.40165818
0.40166828
0.40167832
0.40168726
0.40169397
0.4016974
0.40169683
0.4016923
0.4016837
0.40167165
0.401657
0.4016408
0.40162435
0.4016086
0.4015945
0.4015823
0.40157226
0.4015642
0.4015579
0.40155324
0.40155035
0.40154934
0.4015503
0.4015536
0.40155956
0.4015685
0.4015802
0.40159458
0.40161073
0.40162787
0.40164512
0.40166178
0.40167737
0.40169165
0.40170446
0.4017156
0.40172467
0.40173057
0.4017326
0.40173003
0.40172237
0.4017093
0.40169093
0.40166804
0.4016418
0.4016136
0.40158498
0.40155733
0.40153158
0.4015084
0.40148804
0.4014706
0.40145642
0.4014457
0.4014385
0.40143502
0.40143526
0.4014391
0.40144616
0.401456
0.40146777
0.40148067
0.40149382
0.40150657
0.4015185
0.40152964
0.40154028
0.40155074
0.40156114
0.40157145
0.40158126
0.4015899
0.4015967
0.401601
0.4016026
0.40160185
0.40159914
0.40159523
0.4015906
0.4015854
0.40157974
0.40157345
0.4015663
0.4015582
0.40154934
0.40154013
0.40153098
0.4015223
0.40151447
0.40150777
0.4015024
0.4014987
0.40149668
0.4014964
0.4014975
0.40149945
0.40150177
0.40150416
0.40150633
0.40150815
0.4015097
0.40151122
0.40151343
0.40151712
0.40152302
0.40153173
0.40154335
0.40155786
0.4015747
0.4015932
0.4016125
0.40163162
0.40164974
0.40166578
0.40167892
0.40168887
0.4016955
0.40169904
0.40170005
0.40169922
0.4016972
0.4016946
0.4016917
0.40168855
0.40168527
0.40168232
0.40168026
0.40167987
0.4016818
0.40168643
0.40169343
0.4017019
0.40171066
0.4017186
0.40172458
0.4017278
0.40172794
0.40172502
0.4017193
0.40171137
0.40170208
0.40169197
0.40168172
0.40167162
0.4016616
0.40165144
0.40164086
0.40162966
0.40161794
0.4016056
0.4015929
0.4015801
0.4015679
0.40155712
0.40154874
0.40154362
0.4015425
0.40154555
0.40155274
0.40156358
0.40157735
0.40159297
0.40160936
0.40162566
0.40164128
0.40165588
0.4016693
0.40168154
0.40169284
0.401703
0.4017117
0.40171814
0.40172142
0.4017207
0.4017157
0.4017065
0.40169367
0.4016785
0.4016623
0.40164632
0.40163162
0.4016191
0.40160912
0.4016023
0.40159938
0.401601
0.40160766
0.40161976
0.40163726
0.40165976
0.4016866
0.40171677
0.40174904
0.40178213
0.40181467
0.40184522
0.40187272
0.40189642
0.40191537
0.40192905
0.40193713
0.4019392
0.40193534
0.40192568
0.40191066
0.40189108
0.40186778
0.40184185
0.40181437
0.4017862
0.40175825
0.40173098
0.40170464
0.4016791
0.40165433
0.40163037
0.40160742
0.4015862
0.40156737
0.40155172
0.40154
0.40153277
0.40153033
0.4015327
0.40153968
0.4015508
0.4015652
0.4015817
0.40159875
0.40161493
0.40162885
0.4016395
0.4016464
0.40164965
0.40164977
0.40164778
0.40164453
0.40164095
0.40163785
0.40163606
0.4016361
0.40163812
0.4016419
0.4016471
0.401653
0.4016595
0.40166664
0.401675
0.4016855
0.40169924
0.4017175
0.40174165
0.4017733
0.40181473
0.4018694
0.40194228
0.4020407
0.40217528
0.4023611
0.4026221
0.40298748
0.40349963
0.40421718
0.4052195
0.4066139
0.408543
0.41122815
0.41489393
0.4198493
0.42656675
0.43568996
0.44782916
