0.4426252
0.43213585
0.42426842
0.41834542
0.41392335
0.41065773
0.4082629
0.40649864
0.40520397
0.40425977
0.4035698
0.40306672
0.4027007
0.4024354
0.40224427
0.40210804
0.40201253
0.40194717
0.40190357
0.401875
0.4018559
0.401842
0.4018298
0.40181708
0.40180242
0.40178537
0.4017661
0.4017455
0.40172473
0.40170494
0.40168715
0.40167183
0.401659
0.4016484
0.4016393
0.40163162
0.40162516
0.40162006
0.40161672
0.40161514
0.40161535
0.40161714
0.40162003
0.4016238
0.40162838
0.4016337
0.40163958
0.4016459
0.4016525
0.40165964
0.4016674
0.401676
0.4016851
0.40169403
0.4017019
0.40170738
0.4017092
0.4017063
0.40169832
0.40168542
0.40166867
0.40164933
0.40162906
0.40160978
0.40159297
0.40157983
0.4015713
0.40156752
0.40156856
0.40157387
0.40158263
0.40159422
0.40160763
0.40162155
0.40163454
0.40164503
0.40165153
0.4016532
0.40164965
0.4016411
0.40162858
0.40161338
0.40159705
0.40158072
0.40156546
0.40155196
0.4015409
0.40153253
0.4015271
0.40152475
0.40152523
0.40152833
0.40153372
0.4015408
0.4015491
0.40155792
0.40156665
0.4015746
0.40158126
0.40158617
0.4015891
0.40159005
0.40158886
0.4015856
0.40158078
0.4015748
0.40156832
0.40156198
0.40155593
0.40155038
0.40154508
0.4015398
0.401534
0.4015271
0.40151867
0.40150812
0.4014955
0.4014811
0.40146556
0.40144983
0.40143496
0.40142182
0.40141132
0.401404
0.40139994
0.40139922
0.40140137
0.40140587
0.40141216
0.40141967
0.40142798
0.4014367
0.4014456
0.40145454
0.4014637
0.40147322
0.40148333
0.40149415
0.40150562
0.4015176
0.40152973
0.40154135
0.40155208
0.4015614
0.4015685
0.40157267
0.4015735
0.401571
0.40156573
0.4015585
0.4015505
0.40154293
0.40153673
0.40153298
0.40153214
0.40153453
0.40154016
0.40154868
0.4015596
0.40157223
0.40158632
0.40160194
0.4016194
0.40163922
0.40166184
0.40168753
0.40171605
0.40174663
0.4017785
0.4018108
0.4018432
0.4018757
0.40190944
0.40194684
0.40199155
0.40204954
0.4021294
0.4022431
0.4024078
0.40264812
0.40299666
0.40349576
0.40420443
0.4052016
0.40659407
0.4085236
0.41121066
0.41487882
0.4198368
0.42655694
0.43568254
0.44782382
