0.44251767
0.43199602
0.42410144
0.41815552
0.4137143
0.4104319
0.40802345
0.40624756
0.4049427
0.40399066
0.40329498
0.40278822
0.40242007
0.4021536
0.4019617
0.40182507
0.40172955
0.4016651
0.40162438
0.4016022
0.4015945
0.40159786
0.40160936
0.40162632
0.40164596
0.40166587
0.4016839
0.40169832
0.40170795
0.40171203
0.40171048
0.40170372
0.40169287
0.40167952
0.40166527
0.4016521
0.4016415
0.40163428
0.4016313
0.40163234
0.40163702
0.4016444
0.40165308
0.4016617
0.4016689
0.40167373
0.4016756
0.40167415
0.40166953
0.40166202
0.40165222
0.40164065
0.4016278
0.40161407
0.40159988
0.40158546
0.401571
0.40155685
0.40154317
0.40153047
0.40151882
0.4015085
0.40149954
0.4014918
0.40148547
0.4014806
0.40147728
0.40147567
0.4014758
0.4014778
0.4014816
0.4014869
0.40149316
0.40149978
0.40150613
0.40151188
0.40151677
0.4015211
0.4015254
0.40153033
0.4015361
0.40154296
0.40155068
0.40155873
0.4015663
0.4015725
0.40157658
0.4015784
0.40157828
0.40157673
0.40157464
0.40157261
0.401571
0.40157005
0.40156946
0.4015688
0.40156755
0.40156513
0.40156135
0.40155604
0.4015492
0.40154105
0.40153202
0.40152243
0.40151277
0.4015033
0.4014941
0.40148512
0.4014763
0.40146723
0.4014577
0.40144786
0.40143812
0.40142885
0.40142062
0.4014138
0.40140876
0.40140566
0.4014049
0.4014064
0.40141037
0.40141675
0.40142527
0.4014355
0.4014466
0.40145767
0.40146777
0.40147623
0.4014826
0.40148664
0.40148848
0.40148863
0.4014881
0.40148786
0.401489
0.4014923
0.40149817
0.401507
0.40151888
0.40153363
0.4015508
0.40156963
0.40158895
0.40160766
0.40162453
0.4016382
0.40164742
0.4016516
0.4016502
0.4016435
0.40163216
0.4016174
0.40160066
0.4015835
0.40156743
0.4015537
0.40154317
0.4015365
0.40153387
0.40153515
0.40153974
0.4015472
0.40155643
0.40156665
0.4015771
0.401587
0.40159625
0.40160498
0.40161344
0.40162244
0.4016325
0.40164465
0.40165913
0.40167642
0.40169606
0.40171742
0.40173945
0.40176108
0.40178123
0.40179896
0.40181386
0.40182555
0.40183407
0.4018397
0.40184256
0.40184277
0.4018403
0.40183502
0.40182656
0.40181467
0.40179914
0.40178013
0.40175804
0.4017334
0.40170717
0.40168047
0.40165433
0.40162995
0.4016081
0.40158918
0.40157324
0.40156
0.40154925
0.40154046
0.4015337
0.40152892
0.40152594
0.40152475
0.401525
0.40152627
0.40152836
0.4015309
0.4015338
0.40153712
0.40154088
0.40154526
0.40155044
0.40155667
0.40156418
0.4015729
0.40158272
0.40159315
0.40160337
0.4016126
0.40161985
0.4016245
0.40162602
0.40162444
0.4016201
0.40161356
0.4016056
0.40159717
0.40158877
0.40158093
0.4015736
0.40156665
0.40155992
0.40155298
0.40154558
0.40153733
0.4015281
0.40151754
0.40150553
0.40149212
0.4014777
0.40146267
0.40144765
0.4014331
0.4014197
0.4014079
0.40139824
0.40139124
0.40138707
0.40138575
0.4013873
0.40139142
0.40139782
0.40140608
0.40141588
0.40142703
0.40143922
0.40145224
0.40146568
0.4014794
0.40149277
0.4015054
0.4015165
0.40152553
0.40153208
0.40153593
0.40153736
0.40153685
0.40153527
0.40153337
0.40153167
0.40153044
0.40152952
0.4015286
0.4015271
0.40152472
0.40152118
0.40151665
0.40151143
0.40150604
0.40150103
0.4014968
0.4014934
0.40149072
0.40148857
0.4014867
0.4014849
0.40148324
0.40148196
0.40148145
0.4014823
0.4014849
0.4014897
0.40149665
0.4015055
0.40151578
0.4015269
0.40153807
0.40154856
0.40155804
0.40156665
0.4015748
0.4015828
0.40159118
0.4016002
0.40160978
0.40161943
0.40162843
0.40163565
0.40164015
0.401641
0.4016377
0.40163034
0.40161923
0.40160516
0.4015894
0.4015729
0.40155703
0.40154275
0.4015309
0.40152195
0.4015162
0.4015135
0.40151337
0.40151522
0.4015181
0.401521
0.4015231
0.4015237
0.4015225
0.40151954
0.40151522
0.40151018
0.40150508
0.40150067
0.4014975
0.4014959
0.40149584
0.4014972
0.40149954
0.40150252
0.4015054
0.40150774
0.40150914
0.40150973
0.40151024
0.4015114
0.4015146
0.40152028
0.40152934
0.40154183
0.4015574
0.40157542
0.4015947
0.4016138
0.4016313
0.4016456
0.40165564
0.4016606
0.40166014
0.4016545
0.4016444
0.40163103
0.40161574
0.4016002
0.40158573
0.40157312
0.40156266
0.40155426
0.40154725
0.401541
0.40153483
0.40152824
0.401521
0.40151304
0.40150478
0.40149638
0.40148845
0.40148154
0.40147626
0.401473
0.40147206
0.40147358
0.40147758
0.40148368
0.4014915
0.40150064
0.40151078
0.40152156
0.40153244
0.4015429
0.4015523
0.40155986
0.40156534
0.4015688
0.4015706
0.40157127
0.40157154
0.40157172
0.4015719
0.40157196
0.40157172
0.40157112
0.40157026
0.40156925
0.40156838
0.4015679
0.4015677
0.4015677
0.40156752
0.40156677
0.40156496
0.40156198
0.4015576
0.40155178
0.4015448
0.40153697
0.401529
0.4015216
0.4015155
0.40151125
0.4015092
0.40150946
0.40151212
0.40151706
0.4015242
0.40153354
0.401545
0.40155867
0.40157402
0.40159082
0.40160817
0.40162513
0.40164047
0.40165287
0.40166107
0.40166426
0.40166172
0.4016536
0.40164033
0.40162292
0.40160286
0.40158197
0.40156215
0.40154508
0.4015319
0.40152317
0.4015188
0.40151834
0.40152103
0.40152577
0.40153137
0.4015367
0.4015408
0.40154326
0.40154436
0.40154478
0.40154564
0.40154812
0.40155327
0.40156204
0.40157503
0.4015925
0.4016142
0.40163958
0.40166757
0.40169707
0.40172672
0.4017556
0.4017827
0.40180737
0.40182927
0.4018479
0.40186322
0.40187514
0.40188378
0.4018893
0.40189174
0.40189114
0.40188754
0.40188095
0.40187153
0.40185937
0.4018448
0.40182817
0.40180978
0.40179008
0.4017695
0.40174842
0.40172747
0.40170738
0.40168875
0.4016721
0.4016573
0.40164426
0.40163207
0.40162003
0.40160757
0.40159443
0.40158084
0.40156713
0.40155405
0.40154243
0.40153304
0.40152663
0.40152353
0.4015239
0.40152732
0.40153328
0.4015408
0.40154862
0.4015556
0.40156037
0.4015623
0.40156108
0.40155703
0.40155098
0.401544
0.40153724
0.40153158
0.40152767
0.4015259
0.40152636
0.40152884
0.40153322
0.4015393
0.40154696
0.40155593
0.40156597
0.40157676
0.40158805
0.40159953
0.4016104
0.4016197
0.40162644
0.40162975
0.40162918
0.40162465
0.40161645
0.40160516
0.40159178
0.40157717
0.40156224
0.40154773
0.40153414
0.40152177
0.40151086
0.40150163
0.40149394
0.4014876
0.40148228
0.40147743
0.4014726
0.40146744
0.40146175
0.40145582
0.40144995
0.40144414
0.40143865
0.4014334
0.40142825
0.40142304
0.4014177
0.4014122
0.40140682
0.40140194
0.401398
0.40139508
0.40139347
0.401393
0.40139362
0.40139514
0.40139756
0.40140083
0.40140492
0.4014101
0.40141654
0.40142432
0.4014336
0.4014443
0.40145633
0.4014694
0.40148342
0.4014982
0.40151373
0.40152952
0.40154508
0.4015599
0.4015733
0.40158528
0.40159598
0.40160578
0.40161553
0.40162554
0.40163618
0.40164778
0.40166074
0.40167534
0.40169182
0.40170997
0.40172914
0.40174824
0.4017658
0.4017802
0.40179017
0.40179473
0.4017934
0.40178636
0.40177417
0.40175802
0.40173918
0.40171906
0.4016989
0.4016797
0.40166223
0.40164682
0.4016339
0.40162352
0.4016155
0.40160948
0.40160477
0.4016005
0.40159613
0.40159118
0.4015858
0.40158018
0.40157437
0.40156856
0.40156242
0.4015556
0.40154788
0.40153912
0.40152937
0.4015188
0.40150777
0.4014966
0.40148547
0.40147454
0.40146387
0.40145376
0.40144458
0.40143663
0.4014301
0.401425
0.4014214
0.40141922
0.40141863
0.40141982
0.40142295
0.40142813
0.40143535
0.40144438
0.4014554
0.40146807
0.4014824
0.40149832
0.40151575
0.40153447
0.40155426
0.40157452
0.40159488
0.4016145
0.40163258
0.40164798
0.4016599
0.40166754
0.4016707
0.40166947
0.40166435
0.40165624
0.40164608
0.4016348
0.4016232
0.40161175
0.40160105
0.40159127
0.40158257
0.40157488
0.4015683
0.40156317
0.40155968
0.40155807
0.40155837
0.40156057
0.40156424
0.4015691
0.40157476
0.40158108
0.40158775
0.40159458
0.40160125
0.40160722
0.40161178
0.4016145
0.4016149
0.40161297
0.40160882
0.4016032
0.4015969
0.4015905
0.4015849
0.40158054
0.4015778
0.40157685
0.4015774
0.40157938
0.40158224
0.40158573
0.40158963
0.40159366
0.40159747
0.40160033
0.4016014
0.40159988
0.40159497
0.40158656
0.40157485
0.40156037
0.40154395
0.40152627
0.40150803
0.4014899
0.40147266
0.4014568
0.40144295
0.40143156
0.40142295
0.4014173
0.40141466
0.401415
0.401418
0.4014232
0.40143
0.40143773
0.40144572
0.40145358
0.40146154
0.40146995
0.40147942
0.40149057
0.40150374
0.40151888
0.40153578
0.40155372
0.40157154
0.4015879
0.40160134
0.40161082
0.40161568
0.40161583
0.40161204
0.40160534
0.401597
0.40158793
0.40157896
0.4015705
0.4015626
0.40155557
0.4015495
0.4015448
0.40154198
0.4015416
0.4015443
0.4015507
0.40156108
0.40157548
0.40159377
0.4016154
0.40163964
0.40166533
0.40169096
0.4017149
0.4017355
0.40175164
0.40176234
0.40176725
0.40176663
0.40176094
0.401751
0.4017379
0.40172222
0.40170452
0.4016849
0.40166375
0.40164155
0.40161923
0.40159777
0.4015781
0.40156117
0.40154743
0.4015374
0.40153122
0.40152898
0.4015305
0.40153548
0.40154317
0.40155295
0.40156376
0.40157506
0.40158606
0.40159622
0.40160483
0.4016111
0.40161446
0.40161446
0.40161106
0.40160468
0.40159598
0.4015858
0.40157518
0.4015648
0.4015551
0.4015463
0.4015386
0.40153238
0.40152833
0.40152696
0.4015288
0.40153414
0.40154302
0.40155515
0.40156984
0.4015862
0.40160286
0.4016182
0.40163058
0.40163854
0.4016412
0.40163803
0.40162924
0.4016155
0.40159792
0.4015781
0.40155756
0.4015378
0.4015201
0.4015052
0.40149367
0.40148538
0.40147993
0.40147644
0.40147418
0.4014724
0.4014706
0.40146863
0.40146658
0.40146488
0.40146402
0.4014647
0.40146777
0.40147385
0.40148348
0.40149665
0.401513
0.4015319
0.40155232
0.40157297
0.40159234
0.40160885
0.40162152
0.4016297
0.40163335
0.40163308
0.40162995
0.40162498
0.40161955
0.4016146
0.40161088
0.40160882
0.4016086
0.40161
0.40161258
0.4016156
0.4016181
0.4016196
0.4016197
0.40161842
0.4016161
0.40161294
0.40160936
0.40160543
0.4016018
0.40159875
0.4015968
0.40159643
0.40159774
0.40160108
0.40160623
0.40161312
0.40162137
0.40163055
0.40164012
0.4016495
0.40165758
0.40166348
0.40166628
0.4016656
0.40166143
0.4016543
0.40164483
0.40163374
0.40162155
0.40160877
0.4015958
0.40158305
0.40157086
0.40155923
0.40154815
0.40153742
0.4015269
0.4015166
0.40150708
0.40149885
0.4014927
0.4014893
0.40148887
0.4014916
0.40149766
0.4015067
0.40151834
0.40153176
0.40154606
0.40156034
0.40157384
0.4015862
0.40159732
0.40160698
0.4016149
0.40162063
0.40162352
0.4016229
0.40161842
0.40161023
0.40159896
0.40158573
0.401572
0.40155914
0.4015482
0.40153986
0.40153432
0.40153122
0.40153015
0.40153047
0.4015319
0.4015342
0.40153724
0.4015405
0.40154353
0.4015455
0.40154576
0.40154415
0.40154073
0.40153593
0.40153039
0.4015244
0.40151814
0.40151158
0.40150452
0.40149665
0.4014881
0.40147898
0.40146968
0.40146106
0.40145403
0.4014496
0.40144855
0.40145138
0.40145823
0.4014687
0.4014821
0.4014973
0.40151304
0.4015278
0.40154013
0.40154877
0.40155318
0.40155354
0.4015504
0.4015453
0.40153953
0.40153435
0.40153074
0.40152946
0.40153074
0.40153474
0.40154132
0.40155017
0.40156063
0.401572
0.4015833
0.40159374
0.40160248
0.40160933
0.4016143
0.4016179
0.40162048
0.40162224
0.4016231
0.40162235
0.4016193
0.40161303
0.4016032
0.40158996
0.40157393
0.401556
0.40153733
0.40151912
0.40150213
0.4014872
0.40147495
0.40146577
0.40145984
0.4014572
0.40145755
0.40146086
0.40146703
0.40147611
0.40148795
0.40150207
0.40151802
0.40153474
0.40155098
0.4015653
0.40157673
0.40158442
0.401588
0.4015875
0.4015834
0.4015764
0.40156728
0.40155685
0.40154582
0.4015349
0.40152484
0.40151626
0.40150955
0.40150493
0.40150267
0.40150285
0.4015054
0.40151024
0.401517
0.40152577
0.40153638
0.40154856
0.40156212
0.40157652
0.4015911
0.4016051
0.4016174
0.40162706
0.40163317
0.40163538
0.40163392
0.40162924
0.4016221
0.40161338
0.40160382
0.40159374
0.40158328
0.4015723
0.4015606
0.40154794
0.40153417
0.40151954
0.40150428
0.40148896
0.4014742
0.40146056
0.40144858
0.4014386
0.40143067
0.40142488
0.40142116
0.4014192
0.40141875
0.4014194
0.40142074
0.4014226
0.40142483
0.4014272
0.40142992
0.4014332
0.4014371
0.4014418
0.4014476
0.40145454
0.4014629
0.40147316
0.40148547
0.40150008
0.40151715
0.4015365
0.4015579
0.40158087
0.401605
0.4016296
0.40165374
0.40167636
0.40169603
0.40171188
0.40172312
0.40172973
0.40173182
0.4017297
0.401724
0.401715
0.4017033
0.40168908
0.40167296
0.40165573
0.40163854
0.40162244
0.4016086
0.40159768
0.40159026
0.4015862
0.40158564
0.40158802
0.4015928
0.40159917
0.40160674
0.40161517
0.4016247
0.40163583
0.40164918
0.40166545
0.40168482
0.40170708
0.4017314
0.4017567
0.40178162
0.40180486
0.40182534
0.40184218
0.4018546
0.4018622
0.40186486
0.40186265
0.40185592
0.40184522
0.40183163
0.40181652
0.40180132
0.40178734
0.40177566
0.40176666
0.40175992
0.4017548
0.40174994
0.40174404
0.40173602
0.4017253
0.40171164
0.40169537
0.40167725
0.40165797
0.4016384
0.401619
0.40160015
0.401582
0.4015648
0.40154874
0.40153405
0.40152103
0.40151012
0.40150186
0.4014969
0.40149564
0.40149853
0.40150583
0.40151757
0.4015334
0.40155295
0.40157512
0.40159896
0.401623
0.40164572
0.40166578
0.40168208
0.40169427
0.40170214
0.40170616
0.4017071
0.40170574
0.40170264
0.40169817
0.4016924
0.40168518
0.40167654
0.40166646
0.4016555
0.40164393
0.40163234
0.40162098
0.4016103
0.40160066
0.4015922
0.4015855
0.40158093
0.40157896
0.40157998
0.40158406
0.40159118
0.40160102
0.40161276
0.4016253
0.4016378
0.401649
0.40165836
0.40166527
0.40166935
0.4016704
0.40166816
0.4016629
0.40165532
0.40164632
0.40163743
0.40163
0.40162548
0.4016248
0.40162838
0.40163615
0.40164736
0.40166074
0.4016745
0.4016868
0.4016959
0.40170085
0.40170124
0.40169743
0.40169019
0.4016811
0.4016714
0.4016624
0.4016549
0.40164918
0.40164512
0.40164214
0.4016394
0.40163618
0.40163165
0.40162557
0.40161794
0.4016091
0.4015994
0.40158936
0.4015793
0.40156934
0.4015594
0.4015492
0.4015384
0.40152672
0.4015141
0.4015009
0.40148768
0.40147516
0.4014641
0.4014549
0.40144813
0.40144405
0.40144286
0.4014445
0.4014489
0.401456
0.40146554
0.40147746
0.40149173
0.40150836
0.40152752
0.4015492
0.40157333
0.40159932
0.4016264
0.40165332
0.40167832
0.40169987
0.40171653
0.4017272
0.40173128
0.40172872
0.40172008
0.4017063
0.40168887
0.40166932
0.40164933
0.40163037
0.40161386
0.40160063
0.40159118
0.4015856
0.4015836
0.40158436
0.40158674
0.4015895
0.4015912
0.40159073
0.40158725
0.40158054
0.40157086
0.4015591
0.40154627
0.40153337
0.40152118
0.40151015
0.40150055
0.4014924
0.40148547
0.40147966
0.40147468
0.40147027
0.40146607
0.4014616
0.4014569
0.40145195
0.40144706
0.4014426
0.40143874
0.40143582
0.40143374
0.40143257
0.40143225
0.40143263
0.40143347
0.4014343
0.40143457
0.40143403
0.4014326
0.40143064
0.40142882
0.40142787
0.4014284
0.4014308
0.40143508
0.4014411
0.40144855
0.40145692
0.40146583
0.4014748
0.40148324
0.40149096
0.4014979
0.40150458
0.4015117
0.40152013
0.40153065
0.40154368
0.4015593
0.40157712
0.4015963
0.40161586
0.40163445
0.40165105
0.40166458
0.40167442
0.40168026
0.40168226
0.40168098
0.40167713
0.40167174
0.40166572
0.40165964
0.4016539
0.40164846
0.40164307
0.40163732
0.40163085
0.4016235
0.40161535
0.40160686
0.40159857
0.40159136
0.4015858
0.40158236
0.40158135
0.4015829
0.40158665
0.4015925
0.40160024
0.40160978
0.40162104
0.40163377
0.401648
0.4016639
0.40168142
0.4017007
0.40172142
0.40174296
0.40176454
0.40178484
0.40180287
0.40181753
0.40182796
0.40183368
0.40183443
0.40183014
0.40182123
0.40180808
0.40179157
0.40177274
0.40175268
0.40173244
0.40171292
0.40169463
0.4016777
0.4016623
0.4016486
0.40163723
0.40162846
0.40162262
0.4016196
0.40161902
0.40162033
0.4016225
0.4016247
0.40162608
0.40162596
0.40162393
0.4016198
0.40161398
0.40160713
0.40160006
0.40159366
0.40158874
0.4015858
0.40158513
0.4015864
0.40158904
0.40159193
0.401594
0.4015944
0.4015926
0.40158865
0.40158278
0.4015757
0.40156814
0.4015606
0.40155372
0.40154785
0.40154323
0.40154013
0.4015384
0.40153787
0.40153804
0.40153852
0.40153915
0.40153992
0.40154123
0.4015434
0.40154687
0.4015519
0.4015585
0.40156657
0.40157548
0.40158454
0.40159267
0.40159914
0.40160358
0.40160587
0.40160653
0.40160647
0.40160647
0.40160728
0.40160945
0.40161318
0.4016183
0.4016241
0.4016297
0.4016337
0.40163532
0.4016342
0.40163064
0.40162563
0.4016209
0.40161824
0.40162018
0.4016295
0.4016499
0.40168586
0.40174338
0.40183082
0.4019595
0.40214586
0.4024128
0.40278968
0.40331817
0.40405577
0.40508017
0.4064972
0.40844825
0.41115424
0.4148376
0.4198077
0.4265381
0.4356701
0.44781575
