0.44261515
0.43212593
0.42426226
0.4183469
0.4139359
0.41068426
0.40830457
0.40655637
0.40527865
0.40435147
0.40367857
0.40319186
0.40284073
0.40258747
0.40240413
0.40227026
0.40217072
0.40209445
0.40203336
0.40198144
0.40193477
0.4018907
0.40184784
0.40180555
0.40176404
0.40172386
0.40168592
0.40165085
0.40161946
0.40159234
0.4015701
0.40155336
0.40154243
0.40153757
0.40153852
0.40154505
0.40155637
0.40157142
0.401589
0.40160772
0.40162626
0.4016433
0.4016576
0.40166792
0.4016738
0.40167496
0.40167192
0.40166563
0.40165737
0.4016486
0.40164062
0.4016342
0.40162995
0.40162766
0.40162706
0.40162754
0.40162846
0.40162933
0.40162978
0.40162978
0.40162984
0.4016308
0.4016336
0.4016388
0.40164667
0.4016568
0.40166858
0.4016808
0.4016923
0.40170187
0.40170872
0.4017123
0.40171245
0.4017096
0.4017041
0.40169686
0.40168843
0.40167925
0.4016695
0.40165928
0.40164894
0.40163898
0.4016297
0.40162125
0.40161392
0.40160784
0.40160322
0.40160048
0.40159997
0.40160164
0.40160516
0.40161005
0.40161523
0.4016197
0.40162244
0.40162274
0.40162048
0.40161568
0.40160903
0.4016015
0.4015939
0.40158707
0.40158144
0.40157732
0.40157485
0.40157402
0.4015746
0.40157658
0.4015794
0.40158266
0.40158576
0.4015882
0.4015894
0.40158895
0.4015862
0.40158102
0.40157345
0.4015641
0.4015539
0.4015439
0.40153518
0.4015287
0.40152514
0.4015253
0.4015293
0.40153727
0.40154883
0.40156353
0.40158084
0.4015998
0.40161946
0.40163872
0.40165624
0.40167084
0.4016814
0.40168738
0.40168867
0.40168566
0.40167922
0.40167046
0.40166077
0.40165108
0.40164265
0.40163633
0.401633
0.4016332
0.40163687
0.40164334
0.40165162
0.40166
0.40166697
0.40167108
0.40167126
0.40166688
0.40165794
0.40164465
0.4016278
0.4016085
0.40158793
0.40156722
0.40154734
0.40152898
0.40151274
0.40149903
0.40148813
0.4014802
0.40147522
0.4014733
0.40147427
0.40147772
0.4014834
0.40149072
0.40149906
0.4015079
0.4015166
0.4015246
0.40153155
0.40153712
0.40154156
0.40154526
0.40154856
0.40155175
0.4015549
0.4015582
0.40156138
0.4015644
0.4015672
0.40156946
0.40157112
0.40157214
0.40157297
0.40157405
0.4015758
0.40157837
0.4015818
0.40158588
0.40159047
0.40159553
0.401601
0.4016069
0.40161312
0.4016194
0.40162504
0.40162945
0.40163162
0.40163127
0.4016281
0.40162247
0.40161523
0.40160713
0.401599
0.4015915
0.40158528
0.40158084
0.40157855
0.40157878
0.40158153
0.40158707
0.40159512
0.40160573
0.40161863
0.40163362
0.4016506
0.40166935
0.40168956
0.4017107
0.40173218
0.40175295
0.40177175
0.40178725
0.40179852
0.40180472
0.4018054
0.40180042
0.4017902
0.4017751
0.401756
0.40173388
0.4017099
0.40168542
0.4016617
0.40163985
0.40162063
0.40160435
0.401591
0.4015807
0.4015734
0.40156886
0.4015668
0.40156668
0.40156803
0.40157
0.40157205
0.401574
0.40157557
0.40157685
0.4015775
0.4015772
0.4015757
0.40157315
0.40156966
0.40156582
0.40156212
0.4015589
0.40155646
0.401555
0.40155455
0.40155524
0.4015573
0.4015608
0.40156567
0.40157142
0.4015774
0.40158296
0.40158743
0.40159056
0.4015928
0.40159467
0.40159693
0.4016004
0.4016055
0.40161237
0.40162036
0.40162855
0.40163565
0.40164065
0.40164283
0.40164223
0.40163943
0.40163562
0.40163207
0.40162984
0.4016296
0.40163147
0.40163514
0.40163973
0.40164447
0.40164846
0.40165135
0.40165332
0.40165478
0.4016565
0.40165886
0.40166205
0.40166578
0.4016693
0.40167165
0.40167168
0.40166858
0.40166163
0.40165064
0.401636
0.4016184
0.40159893
0.40157863
0.4015588
0.40154028
0.40152407
0.40151078
0.40150076
0.4014942
0.40149078
0.4014901
0.40149182
0.40149555
0.4015007
0.401507
0.4015138
0.40152055
0.40152666
0.40153182
0.4015358
0.40153864
0.40154037
0.40154117
0.401541
0.40153995
0.4015379
0.40153465
0.40153033
0.4015251
0.40151936
0.401514
0.40151
0.4015086
0.4015108
0.4015177
0.4015296
0.4015471
0.4015699
0.40159738
0.4016284
0.40166137
0.4016941
0.40172443
0.4017504
0.4017704
0.40178347
0.40178916
0.40178752
0.40177915
0.40176493
0.40174583
0.40172315
0.40169832
0.4016728
0.4016482
0.40162557
0.40160587
0.40158966
0.40157717
0.4015687
0.4015643
0.40156394
0.4015676
0.40157488
0.40158513
0.40159705
0.4016095
0.40162134
0.4016315
0.40163988
0.40164667
0.40165278
0.40165928
0.40166736
0.40167746
0.4016897
0.4017034
0.4017175
0.4017307
0.40174174
0.40174985
0.4017546
0.4017561
0.40175506
0.40175244
0.4017494
0.40174717
0.4017465
0.40174833
0.40175268
0.40175948
0.4017677
0.40177584
0.40178242
0.4017862
0.4017862
0.40178204
0.40177387
0.4017624
0.4017488
0.40173477
0.40172178
0.40171114
0.40170383
0.4017001
0.40169978
0.4017022
0.40170646
0.40171176
0.4017175
0.40172347
0.40172955
0.40173566
0.4017417
0.40174744
0.40175232
0.401756
0.401758
0.40175846
0.40175772
0.40175635
0.4017549
0.40175343
0.4017517
0.40174916
0.4017452
0.40173933
0.40173146
0.40172186
0.40171126
0.4017007
0.40169123
0.40168396
0.40167975
0.4016791
0.40168208
0.40168858
0.40169844
0.40171203
0.40173048
0.40175602
0.40179288
0.4018471
0.40192756
0.40204656
0.402221
0.40247634
0.40284225
0.40336126
0.4040913
0.4051103
0.40652403
0.40847313
0.41117802
0.4148604
0.4198291
0.4265574
0.43568632
0.44782785
