0.4424712
0.4319342
0.42402536
0.41806594
0.41361254
0.41031963
0.40790376
0.40612367
0.40481806
0.4038685
0.40317824
0.40267918
0.4023204
0.4020642
0.40188286
0.40175554
0.40166733
0.4016069
0.401566
0.40153873
0.40152082
0.4015096
0.40150324
0.4015006
0.40150085
0.40150356
0.4015086
0.40151605
0.40152594
0.40153858
0.40155396
0.4015721
0.40159276
0.40161508
0.40163812
0.40166032
0.40168017
0.40169626
0.4017075
0.4017135
0.40171394
0.40170905
0.40169942
0.40168622
0.40167063
0.401654
0.40163767
0.40162256
0.4016093
0.40159822
0.40158966
0.40158352
0.4015799
0.40157846
0.40157878
0.40157998
0.40158153
0.4015827
0.401583
0.401582
0.40157974
0.40157646
0.40157261
0.40156856
0.4015647
0.40156153
0.40155953
0.40155908
0.40156063
0.40156448
0.40157035
0.40157783
0.40158588
0.40159306
0.401598
0.40159965
0.40159732
0.4015911
0.40158162
0.4015698
0.40155685
0.40154377
0.4015313
0.40152013
0.40151083
0.40150356
0.40149844
0.4014956
0.40149513
0.40149692
0.40150082
0.40150672
0.40151438
0.4015235
0.40153378
0.401545
0.40155703
0.40156955
0.40158224
0.40159443
0.40160525
0.40161362
0.40161872
0.4016202
0.40161794
0.40161252
0.40160477
0.40159556
0.40158588
0.40157658
0.4015683
0.4015619
0.40155795
0.40155706
0.40155947
0.40156513
0.4015737
0.40158427
0.40159598
0.40160748
0.40161818
0.40162748
0.40163535
0.40164214
0.40164828
0.40165392
0.40165895
0.4016629
0.40166497
0.40166453
0.4016611
0.40165478
0.40164617
0.40163592
0.40162504
0.4016144
0.4016045
0.4015957
0.4015883
0.4015823
0.4015781
0.4015763
0.40157735
0.40158126
0.4015879
0.40159652
0.401606
0.40161505
0.40162244
0.4016276
0.4016303
0.40163106
0.40163037
0.40162882
0.4016268
0.40162456
0.4016223
0.40162
0.40161797
0.40161663
0.40161636
0.40161744
0.40161982
0.40162322
0.4016272
0.40163133
0.40163535
0.40163913
0.40164268
0.40164572
0.40164796
0.401649
0.40164828
0.4016457
0.40164122
0.40163508
0.40162805
0.40162072
0.4016137
0.4016074
0.40160203
0.40159783
0.40159467
0.40159237
0.4015906
0.4015892
0.40158784
0.4015862
0.40158403
0.40158093
0.4015769
0.40157226
0.40156758
0.40156373
0.40156135
0.40156096
0.4015628
0.40156692
0.40157315
0.4015811
0.40159065
0.40160194
0.40161505
0.40162995
0.40164617
0.40166324
0.40168047
0.40169707
0.4017121
0.40172446
0.40173286
0.4017362
0.4017337
0.40172502
0.4017105
0.40169096
0.40166783
0.40164283
0.40161783
0.40159452
0.4015743
0.40155825
0.40154684
0.40154022
0.4015382
0.40154055
0.40154678
0.40155628
0.40156803
0.40158102
0.40159416
0.40160635
0.40161678
0.4016248
0.40163025
0.4016335
0.40163472
0.4016344
0.40163302
0.40163115
0.40162933
0.40162832
0.40162855
0.4016306
0.40163463
0.4016407
0.40164858
0.40165782
0.40166757
0.40167665
0.4016839
0.40168813
0.40168884
0.401686
0.40168002
0.4016719
0.40166292
0.40165454
0.40164796
0.40164402
0.40164316
0.40164515
0.40164933
0.40165454
0.4016596
0.4016635
0.40166554
0.40166548
0.40166378
0.40166125
0.4016592
0.4016588
0.40166122
0.40166706
0.40167645
0.4016889
0.40170386
0.4017204
0.40173796
0.40175617
0.40177557
0.40179783
0.4018256
0.40186357
0.401918
0.40199795
0.4021158
0.40228802
0.40253896
0.4028982
0.40340722
0.4041235
0.4051255
0.40651992
0.40844956
0.41113624
0.4148052
0.41976634
0.4264929
0.43562883
0.4477837
