0.44250488
0.43197843
0.42407897
0.41812855
0.4136843
0.41040146
0.4079963
0.4062281
0.404936
0.40400082
0.40332592
0.4028431
0.4025008
0.4022612
0.40209574
0.40198353
0.40190938
0.4018621
0.40183312
0.40181592
0.4018057
0.40179905
0.40179387
0.40178922
0.40178493
0.4017815
0.40177962
0.4017799
0.40178233
0.4017869
0.40179294
0.40179935
0.40180516
0.4018094
0.4018112
0.40180987
0.4018053
0.40179762
0.4017873
0.4017751
0.40176177
0.40174806
0.40173483
0.40172264
0.40171182
0.40170255
0.4016947
0.40168774
0.40168107
0.4016739
0.4016657
0.40165606
0.40164542
0.40163442
0.40162408
0.40161577
0.40161073
0.4016098
0.40161338
0.40162158
0.40163395
0.40164983
0.40166792
0.40168712
0.40170574
0.40172237
0.40173563
0.40174472
0.40174925
0.4017494
0.40174586
0.40173933
0.40173087
0.401721
0.40171006
0.401698
0.40168422
0.4016686
0.40165094
0.40163162
0.40161118
0.4015906
0.40157053
0.40155172
0.40153474
0.40151986
0.40150744
0.4014976
0.4014903
0.4014852
0.4014819
0.40147963
0.4014783
0.40147743
0.40147698
0.4014772
0.40147844
0.40148118
0.40148565
0.40149197
0.40150014
0.40151
0.40152118
0.40153342
0.40154666
0.4015605
0.40157452
0.40158826
0.40160096
0.40161225
0.40162194
0.4016303
0.40163803
0.4016456
0.4016536
0.40166214
0.4016713
0.40168062
0.40168983
0.40169823
0.4017053
0.40171036
0.40171313
0.40171343
0.4017115
0.40170777
0.40170282
0.401697
0.4016907
0.4016839
0.4016762
0.40166736
0.40165707
0.40164542
0.40163255
0.40161902
0.4016053
0.4015922
0.40158045
0.4015704
0.40156257
0.40155685
0.40155345
0.40155235
0.40155354
0.40155727
0.40156347
0.40157196
0.40158224
0.40159357
0.40160516
0.4016162
0.40162596
0.40163428
0.4016414
0.40164796
0.40165478
0.40166262
0.40167174
0.4016819
0.40169242
0.40170228
0.40171033
0.40171596
0.4017187
0.40171897
0.40171742
0.40171483
0.40171182
0.40170872
0.4017053
0.4017011
0.40169543
0.4016877
0.40167764
0.40166533
0.4016514
0.4016371
0.40162376
0.4016127
0.4016051
0.401602
0.4016041
0.40161133
0.40162367
0.40164027
0.4016601
0.4016818
0.40170437
0.40172666
0.40174803
0.401768
0.40178636
0.40180284
0.40181717
0.40182877
0.40183708
0.40184125
0.4018407
0.40183482
0.4018234
0.4018065
0.40178478
0.401759
0.40173045
0.40170076
0.4016719
0.40164563
0.40162376
0.4016073
0.40159684
0.40159225
0.40159282
0.40159744
0.40160474
0.40161338
0.40162224
0.40163052
0.40163785
0.4016443
0.4016498
0.40165433
0.40165758
0.40165946
0.40166014
0.40166014
0.40166023
0.40166128
0.40166417
0.40166965
0.40167823
0.40168977
0.40170386
0.40171933
0.40173477
0.4017484
0.40175855
0.40176383
0.40176326
0.4017567
0.40174448
0.4017278
0.4017082
0.40168765
0.401668
0.4016506
0.40163642
0.4016256
0.4016178
0.40161237
0.40160826
0.40160465
0.4016007
0.40159613
0.40159073
0.40158454
0.4015775
0.40157008
0.40156284
0.4015564
0.40155172
0.40154934
0.4015499
0.40155357
0.40156043
0.40156984
0.40158108
0.401593
0.4016042
0.40161365
0.40162066
0.40162498
0.40162656
0.4016256
0.40162235
0.40161717
0.40161064
0.40160364
0.40159705
0.40159166
0.4015883
0.40158752
0.40158987
0.40159586
0.40160576
0.4016198
0.40163764
0.40165862
0.40168157
0.40170482
0.4017267
0.40174535
0.4017594
0.40176767
0.40176982
0.40176573
0.40175602
0.40174174
0.4017245
0.401706
0.40168843
0.4016737
0.40166345
0.4016586
0.40165952
0.40166587
0.40167668
0.4016904
0.40170527
0.40171942
0.40173116
0.40173918
0.40174276
0.40174192
0.40173718
0.40172932
0.40171945
0.4017087
0.4016979
0.4016877
0.40167832
0.4016699
0.40166175
0.4016531
0.40164298
0.40163055
0.40161532
0.4015974
0.40157744
0.40155625
0.40153506
0.40151486
0.4014966
0.4014813
0.40146998
0.40146324
0.4014616
0.4014654
0.40147418
0.4014876
0.40150478
0.40152434
0.40154502
0.40156546
0.4015847
0.40160254
0.4016195
0.40163675
0.40165612
0.4016801
0.4017118
0.40175563
0.40181765
0.40190622
0.40203297
0.40221387
0.40247256
0.40283787
0.4033519
0.40407264
0.40507916
0.40647864
0.4084139
0.41110674
0.41478163
0.41974822
0.42648
0.43561986
0.4477776
