0.44262856
0.43214098
0.42427576
0.41835517
0.41393512
0.41066995
0.4082727
0.4065026
0.4051982
0.40424097
0.40353522
0.403014
0.40262833
0.40234238
0.40213
0.40197232
0.40185532
0.4017687
0.4017048
0.40165785
0.4016235
0.40159845
0.40158057
0.4015687
0.40156233
0.40156117
0.40156505
0.401574
0.40158775
0.40160605
0.40162826
0.40165326
0.4016798
0.40170625
0.40173128
0.40175378
0.4017731
0.4017892
0.40180227
0.40181306
0.4018223
0.40183073
0.40183875
0.4018465
0.40185353
0.40185955
0.40186417
0.4018673
0.40186894
0.4018693
0.4018685
0.40186656
0.40186313
0.4018577
0.40184966
0.40183863
0.4018241
0.40180603
0.40178475
0.40176117
0.40173653
0.4017125
0.4016907
0.40167245
0.4016588
0.40165022
0.40164667
0.40164742
0.40165144
0.40165707
0.4016627
0.4016669
0.4016688
0.4016681
0.4016652
0.40166086
0.40165597
0.40165135
0.40164736
0.40164423
0.40164205
0.40164047
0.40163952
0.40163913
0.40163958
0.4016407
0.4016422
0.4016436
0.40164417
0.40164348
0.40164167
0.40163904
0.40163645
0.401635
0.4016356
0.40163898
0.40164542
0.4016549
0.4016667
0.4016797
0.40169272
0.40170464
0.40171453
0.40172237
0.40172836
0.4017332
0.4017378
0.40174282
0.40174854
0.4017547
0.40176064
0.40176544
0.40176818
0.40176842
0.4017659
0.401761
0.40175444
0.4017472
0.40174055
0.40173593
0.40173456
0.4017373
0.40174416
0.40175486
0.40176827
0.40178284
0.40179703
0.4018093
0.40181842
0.40182355
0.40182415
0.40182018
0.4018118
0.4017998
0.40178517
0.40176922
0.40175316
0.40173844
0.40172595
0.4017165
0.4017105
0.40170804
0.40170875
0.40171224
0.40171787
0.40172505
0.40173283
0.40173998
0.40174523
0.4017474
0.4017455
0.4017392
0.40172863
0.40171424
0.4016972
0.40167892
0.40166125
0.4016458
0.401634
0.40162703
0.4016258
0.40163076
0.40164205
0.40165913
0.40168092
0.40170583
0.40173167
0.40175626
0.40177745
0.40179354
0.40180343
0.4018065
0.401803
0.40179363
0.40177953
0.40176228
0.40174338
0.40172443
0.40170667
0.40169063
0.40167654
0.40166393
0.40165222
0.40164027
0.40162736
0.4016128
0.40159667
0.40157965
0.40156266
0.40154698
0.40153337
0.4015225
0.4015144
0.40150902
0.40150598
0.40150464
0.40150434
0.40150458
0.40150484
0.40150478
0.40150443
0.40150434
0.40150505
0.40150717
0.4015111
0.40151688
0.4015244
0.40153295
0.4015417
0.40154982
0.40155673
0.4015624
0.4015674
0.4015724
0.40157828
0.40158546
0.40159416
0.4016041
0.4016144
0.40162423
0.40163264
0.40163904
0.40164334
0.40164578
0.40164727
0.40164855
0.4016506
0.40165392
0.4016585
0.4016636
0.40166822
0.40167108
0.40167114
0.40166774
0.4016604
0.4016492
0.40163463
0.40161738
0.40159845
0.4015787
0.40155894
0.40153986
0.40152192
0.4015057
0.40149164
0.40148035
0.40147245
0.40146863
0.4014691
0.4014742
0.4014838
0.40149757
0.40151507
0.40153545
0.40155774
0.40158096
0.40160406
0.401626
0.4016463
0.4016647
0.4016812
0.40169585
0.40170813
0.40171754
0.40172374
0.40172642
0.40172535
0.40172055
0.40171173
0.40169924
0.40168363
0.4016656
0.40164632
0.40162703
0.4016089
0.4015932
0.4015809
0.40157294
0.40156993
0.40157217
0.40157944
0.40159142
0.40160707
0.4016253
0.40164503
0.4016652
0.40168506
0.40170395
0.40172127
0.4017361
0.40174755
0.4017548
0.4017572
0.4017548
0.4017476
0.4017362
0.401721
0.40170285
0.40168247
0.40166056
0.40163788
0.40161523
0.4015931
0.4015718
0.4015516
0.40153265
0.40151513
0.401499
0.40148443
0.40147153
0.4014604
0.4014515
0.40144515
0.40144172
0.40144122
0.4014436
0.40144873
0.40145615
0.40146577
0.40147725
0.40149045
0.4015051
0.40152073
0.40153658
0.4015519
0.40156573
0.40157762
0.40158728
0.40159532
0.4016027
0.40161067
0.4016204
0.4016328
0.40164825
0.4016665
0.4016867
0.4017075
0.40172732
0.40174457
0.4017579
0.40176666
0.4017704
0.4017693
0.40176395
0.40175483
0.40174276
0.40172818
0.4017113
0.40169203
0.40167075
0.4016481
0.4016251
0.40160316
0.40158358
0.40156728
0.40155488
0.40154636
0.40154132
0.40153924
0.40153915
0.40154046
0.4015428
0.40154612
0.40155083
0.40155718
0.40156546
0.4015754
0.40158653
0.40159827
0.4016097
0.40161994
0.4016281
0.4016334
0.4016359
0.40163565
0.4016334
0.40163
0.4016261
0.40162265
0.40162063
0.40162098
0.4016244
0.40163124
0.4016414
0.4016546
0.40166995
0.40168655
0.40170318
0.40171906
0.40173355
0.40174615
0.4017567
0.4017647
0.40176937
0.40177026
0.40176684
0.40175924
0.40174794
0.40173382
0.40171805
0.40170166
0.40168568
0.401671
0.40165818
0.40164763
0.4016394
0.4016335
0.4016296
0.40162745
0.40162656
0.40162647
0.40162665
0.4016265
0.40162584
0.40162426
0.40162155
0.40161777
0.40161303
0.40160784
0.4016026
0.40159792
0.40159422
0.40159187
0.40159085
0.40159056
0.40159032
0.4015893
0.4015868
0.40158254
0.4015765
0.40156916
0.40156138
0.40155414
0.40154815
0.4015443
0.40154317
0.401545
0.40154973
0.40155682
0.4015655
0.40157485
0.40158358
0.4015905
0.40159452
0.40159523
0.4015926
0.40158713
0.40157953
0.40157056
0.40156078
0.4015507
0.4015407
0.40153122
0.40152287
0.4015163
0.40151218
0.40151137
0.40151426
0.40152118
0.40153223
0.40154707
0.40156478
0.40158397
0.401603
0.40162006
0.40163374
0.40164307
0.4016477
0.40164772
0.40164384
0.4016366
0.40162674
0.40161487
0.40160164
0.40158767
0.4015735
0.40155977
0.40154693
0.40153557
0.40152603
0.40151885
0.40151438
0.40151277
0.40151381
0.40151697
0.40152174
0.40152732
0.40153304
0.4015385
0.40154356
0.40154853
0.4015541
0.40156114
0.40157056
0.40158287
0.40159822
0.4016162
0.40163592
0.40165597
0.40167493
0.4016914
0.4017044
0.4017134
0.4017183
0.40171945
0.4017176
0.40171382
0.40170872
0.40170297
0.40169668
0.4016897
0.40168166
0.40167236
0.40166196
0.4016508
0.4016397
0.40162963
0.4016214
0.40161568
0.40161285
0.4016133
0.40161687
0.4016231
0.40163103
0.40163958
0.40164736
0.40165314
0.40165642
0.40165684
0.40165493
0.40165162
0.4016479
0.40164497
0.4016436
0.40164435
0.40164727
0.40165192
0.4016578
0.4016642
0.4016705
0.4016761
0.40168062
0.4016841
0.4016866
0.40168813
0.40168875
0.40168822
0.40168652
0.40168336
0.4016786
0.401672
0.40166363
0.40165362
0.40164238
0.40163058
0.40161896
0.40160817
0.40159866
0.40159073
0.4015845
0.40157968
0.40157598
0.40157282
0.40157
0.4015672
0.40156457
0.40156224
0.40156028
0.40155882
0.40155795
0.40155753
0.4015572
0.4015567
0.40155557
0.40155384
0.40155166
0.4015494
0.40154728
0.40154555
0.40154427
0.4015439
0.4015448
0.40154734
0.40155157
0.4015573
0.4015636
0.4015695
0.4015737
0.4015749
0.40157261
0.40156657
0.40155712
0.401545
0.401531
0.40151593
0.4015004
0.40148473
0.4014691
0.4014537
0.4014387
0.4014245
0.40141135
0.40139967
0.4013899
0.40138227
0.4013772
0.4013749
0.40137556
0.40137893
0.40138477
0.40139285
0.40140277
0.4014141
0.4014263
0.40143874
0.40145105
0.4014624
0.40147257
0.40148094
0.40148753
0.4014927
0.40149724
0.40150222
0.40150842
0.40151653
0.40152693
0.40153924
0.40155286
0.40156704
0.4015811
0.40159422
0.40160617
0.40161672
0.40162587
0.40163362
0.40163955
0.40164298
0.40164316
0.4016395
0.4016318
0.40162054
0.4016069
0.4015924
0.4015789
0.40156803
0.40156093
0.40155867
0.4015612
0.40156856
0.40157977
0.40159363
0.4016086
0.40162295
0.40163505
0.4016434
0.40164718
0.40164593
0.40163985
0.40162945
0.40161577
0.4016
0.40158322
0.4015664
0.40155038
0.40153566
0.4015227
0.40151125
0.40150118
0.40149218
0.4014844
0.401478
0.40147346
0.40147117
0.4014715
0.40147477
0.40148088
0.40149
0.4015018
0.40151584
0.4015313
0.40154734
0.40156317
0.40157855
0.40159357
0.40160865
0.4016242
0.40164
0.40165576
0.40167037
0.40168247
0.4016908
0.4016944
0.40169287
0.40168634
0.40167555
0.40166143
0.4016453
0.40162843
0.401612
0.40159696
0.40158364
0.40157264
0.401564
0.40155777
0.40155432
0.40155366
0.40155566
0.40156
0.40156618
0.40157333
0.4015804
0.4015864
0.40159076
0.40159336
0.40159443
0.40159458
0.40159443
0.4015947
0.40159583
0.40159824
0.40160227
0.40160796
0.40161532
0.4016242
0.4016342
0.40164453
0.40165415
0.40166208
0.40166724
0.40166906
0.40166754
0.40166277
0.4016554
0.40164617
0.40163565
0.40162462
0.40161332
0.40160194
0.40159044
0.40157887
0.40156737
0.40155622
0.40154576
0.40153626
0.40152815
0.40152153
0.40151653
0.40151343
0.40151218
0.40151295
0.40151587
0.40152106
0.40152857
0.40153867
0.4015514
0.4015669
0.40158525
0.40160638
0.40163016
0.4016565
0.4016849
0.4017147
0.4017449
0.40177432
0.40180206
0.40182707
0.4018486
0.40186596
0.40187824
0.40188512
0.40188602
0.4018808
0.40186945
0.40185198
0.40182886
0.4018007
0.40176862
0.4017338
0.4016977
0.40166187
0.40162766
0.40159622
0.40156865
0.40154564
0.40152764
0.40151468
0.40150654
0.40150243
0.4015015
0.40150237
0.4015039
0.40150508
0.40150565
0.40150553
0.4015055
0.40150648
0.40150946
0.40151528
0.40152448
0.40153775
0.40155506
0.40157652
0.40160173
0.40163007
0.40166026
0.4016908
0.4017198
0.40174583
0.40176743
0.40178356
0.4017937
0.40179753
0.4017952
0.4017875
0.40177527
0.40176007
0.40174377
0.40172827
0.4017155
0.40170676
0.40170273
0.40170357
0.40170854
0.40171647
0.4017259
0.40173507
0.40174246
0.40174702
0.40174806
0.40174517
0.4017385
0.40172824
0.40171528
0.40170062
0.40168506
0.40166968
0.40165538
0.4016426
0.4016318
0.4016228
0.40161535
0.40160894
0.40160304
0.40159777
0.40159324
0.4015899
0.40158808
0.40158784
0.40158904
0.40159136
0.40159443
0.40159836
0.40160328
0.40160972
0.4016179
0.40162775
0.40163857
0.40164948
0.40165913
0.4016662
0.4016699
0.40166968
0.40166578
0.4016588
0.40164956
0.40163904
0.40162805
0.40161705
0.4016062
0.40159523
0.40158364
0.40157127
0.40155786
0.40154356
0.40152872
0.40151367
0.40149903
0.40148538
0.40147316
0.40146312
0.40145588
0.401452
0.4014516
0.40145463
0.40146086
0.40147004
0.40148196
0.40149635
0.40151304
0.40153185
0.4015523
0.40157375
0.4015955
0.4016166
0.40163597
0.40165251
0.40166512
0.40167305
0.4016761
0.40167445
0.40166885
0.40166023
0.4016497
0.40163842
0.40162736
0.40161747
0.4016095
0.4016041
0.40160105
0.4016002
0.40160093
0.4016023
0.40160364
0.40160432
0.40160415
0.4016031
0.40160164
0.40159997
0.40159836
0.40159652
0.40159413
0.40159062
0.40158573
0.40157938
0.4015719
0.40156373
0.40155548
0.40154755
0.40154013
0.40153328
0.40152696
0.4015211
0.40151578
0.40151125
0.401508
0.40150663
0.4015077
0.40151155
0.40151837
0.40152824
0.40154094
0.40155593
0.40157264
0.40159008
0.40160713
0.4016228
0.40163615
0.4016466
0.40165398
0.40165836
0.40166017
0.40165958
0.40165707
0.4016528
0.40164703
0.40164
0.40163252
0.4016253
0.40161926
0.40161481
0.40161222
0.4016112
0.40161133
0.40161192
0.40161276
0.40161386
0.40161577
0.40161884
0.4016234
0.4016293
0.40163592
0.40164232
0.40164754
0.40165037
0.40165043
0.40164763
0.4016425
0.40163606
0.4016295
0.4016238
0.4016197
0.4016174
0.40161687
0.4016176
0.40161902
0.40162075
0.4016227
0.4016253
0.4016293
0.40163535
0.40164438
0.40165672
0.40167254
0.40169153
0.40171278
0.401735
0.40175644
0.40177536
0.40179038
0.40180013
0.40180385
0.4018011
0.40179193
0.40177703
0.4017574
0.40173462
0.40171045
0.40168685
0.40166587
0.40164906
0.4016376
0.401632
0.4016319
0.40163627
0.40164393
0.40165323
0.4016629
0.4016721
0.4016803
0.4016872
0.4016926
0.4016961
0.40169752
0.40169695
0.4016946
0.40169072
0.40168542
0.4016786
0.40166995
0.401659
0.40164545
0.40162945
0.40161127
0.40159172
0.40157172
0.4015524
0.40153456
0.4015193
0.40150735
0.40149915
0.40149525
0.4014957
0.4015004
0.40150928
0.40152183
0.40153766
0.40155634
0.40157732
0.40159974
0.4016226
0.40164477
0.4016651
0.40168267
0.40169695
0.40170714
0.40171275
0.4017136
0.40171006
0.4017031
0.40169397
0.4016841
0.40167534
0.40166864
0.40166482
0.40166393
0.40166533
0.40166822
0.4016714
0.40167415
0.401676
0.40167713
0.401678
0.40167955
0.4016824
0.4016872
0.4016941
0.40170267
0.4017123
0.4017219
0.40173054
0.4017374
0.40174204
0.40174434
0.40174434
0.40174225
0.401738
0.4017316
0.40172297
0.4017123
0.40169993
0.40168655
0.40167278
0.40165916
0.4016464
0.40163505
0.40162557
0.4016185
0.4016139
0.40161148
0.40161106
0.40161192
0.40161327
0.40161422
0.401614
0.40161175
0.4016068
0.40159896
0.40158814
0.40157455
0.40155867
0.40154105
0.40152302
0.40150577
0.4014905
0.4014781
0.40146947
0.4014651
0.4014654
0.40147057
0.40148035
0.40149426
0.4015115
0.40153104
0.40155178
0.4015727
0.40159276
0.40161127
0.40162787
0.40164274
0.40165642
0.4016696
0.40168285
0.40169653
0.40171054
0.40172467
0.4017381
0.40174982
0.4017584
0.40176255
0.4017615
0.40175477
0.40174237
0.401725
0.4017037
0.4016799
0.4016551
0.40163076
0.40160817
0.40158844
0.40157232
0.40156028
0.40155223
0.40154782
0.40154624
0.40154696
0.40154925
0.40155274
0.4015573
0.40156272
0.4015689
0.4015754
0.40158188
0.4015883
0.40159482
0.40160188
0.4016097
0.40161827
0.40162736
0.40163663
0.40164557
0.40165403
0.40166223
0.40167028
0.40167856
0.40168694
0.40169522
0.40170318
0.40171036
0.40171707
0.4017233
0.40172946
0.40173575
0.40174192
0.4017473
0.401751
0.40175214
0.40174988
0.4017437
0.40173346
0.40171948
0.40170234
0.4016829
0.40166235
0.4016417
0.4016221
0.4016041
0.40158802
0.40157402
0.40156204
0.40155232
0.40154496
0.40153995
0.40153757
0.401538
0.40154088
0.40154588
0.40155217
0.40155888
0.40156496
0.4015698
0.401573
0.40157485
0.40157554
0.4015754
0.4015744
0.40157264
0.4015698
0.40156558
0.40155968
0.40155223
0.4015438
0.4015349
0.40152606
0.40151766
0.40150958
0.40150163
0.40149355
0.4014853
0.4014772
0.4014695
0.40146276
0.40145722
0.40145338
0.40145168
0.40145263
0.40145662
0.40146402
0.4014748
0.40148857
0.40150476
0.40152237
0.40154037
0.4015574
0.40157214
0.4015835
0.4015905
0.40159297
0.401591
0.40158528
0.40157667
0.40156606
0.4015543
0.40154192
0.40152958
0.40151778
0.40150705
0.40149787
0.40149045
0.4014851
0.40148175
0.4014804
0.4014808
0.4014823
0.40148428
0.40148595
0.40148672
0.40148646
0.40148547
0.40148437
0.40148383
0.40148455
0.40148705
0.40149188
0.40149924
0.40150943
0.40152243
0.4015382
0.40155625
0.4015757
0.40159556
0.40161455
0.40163177
0.40164667
0.40165913
0.40166947
0.40167806
0.4016854
0.40169162
0.40169716
0.40170208
0.40170684
0.40171206
0.40171847
0.40172657
0.40173683
0.40174925
0.4017635
0.40177852
0.40179294
0.4018051
0.40181348
0.40181693
0.4018147
0.40180624
0.40179196
0.40177226
0.40174815
0.40172085
0.4016916
0.40166178
0.40163246
0.4016044
0.40157828
0.40155444
0.40153328
0.4015152
0.4015004
0.40148914
0.40148136
0.40147665
0.4014747
0.40147495
0.40147677
0.4014793
0.40148222
0.40148506
0.4014876
0.4014899
0.40149197
0.40149382
0.401496
0.4014989
0.40150315
0.40150917
0.4015174
0.40152794
0.40154046
0.40155417
0.40156788
0.40158018
0.40158966
0.40159553
0.40159732
0.4015953
0.40159014
0.40158278
0.4015741
0.40156484
0.40155536
0.40154594
0.4015367
0.40152767
0.40151903
0.40151078
0.40150294
0.40149546
0.40148836
0.40148154
0.40147522
0.40146968
0.40146503
0.40146172
0.40146002
0.4014604
0.4014634
0.40146932
0.40147868
0.40149167
0.40150842
0.40152887
0.4015526
0.40157914
0.40160757
0.40163684
0.40166587
0.40169314
0.40171716
0.40173677
0.40175095
0.40175948
0.4017622
0.40175965
0.40175247
0.40174168
0.40172827
0.4017132
0.40169713
0.40168032
0.4016632
0.40164578
0.40162805
0.40161005
0.4015922
0.40157494
0.40155885
0.4015442
0.40153113
0.4015197
0.40150976
0.4015012
0.40149385
0.4014876
0.40148252
0.40147877
0.40147662
0.40147611
0.4014772
0.40147963
0.40148336
0.40148762
0.40149218
0.40149674
0.40150127
0.40150553
0.4015095
0.40151286
0.40151533
0.40151665
0.40151638
0.40151408
0.40150988
0.4015041
0.40149754
0.40149102
0.40148526
0.40148062
0.40147737
0.40147528
0.40147424
0.40147388
0.4014739
0.40147418
0.40147445
0.40147448
0.40147397
0.40147296
0.40147164
0.40147015
0.401469
0.40146866
0.40146974
0.40147254
0.4014772
0.40148395
0.40149266
0.40150324
0.40151542
0.40152884
0.40154317
0.40155807
0.4015736
0.40158984
0.40160677
0.40162393
0.40164062
0.40165564
0.40166783
0.40167612
0.40167987
0.40167892
0.40167382
0.4016653
0.40165445
0.40164217
0.40162936
0.4016166
0.4016042
0.4015925
0.40158173
0.40157232
0.40156436
0.40155822
0.4015537
0.40155065
0.4015486
0.40154707
0.40154558
0.40154383
0.40154138
0.40153804
0.401534
0.40152916
0.40152413
0.40151897
0.40151402
0.40150946
0.40150526
0.40150172
0.40149888
0.4014971
0.40149668
0.40149802
0.40150148
0.4015074
0.40151614
0.40152806
0.40154344
0.4015629
0.40158772
0.40162027
0.40166467
0.40172723
0.40181673
0.40194553
0.40213108
0.40239698
0.40277338
0.4033025
0.4040419
0.40506914
0.4064895
0.4084438
0.41115215
0.4148367
0.41980696
0.4265371
0.43566883
0.44781452
