0.4425455
0.43203172
0.4241434
0.41820258
0.4137661
0.41048923
0.40808752
0.40632066
0.40502796
0.4040909
0.4034135
0.40292782
0.4025827
0.40234014
0.40217105
0.40205395
0.40197304
0.40191662
0.4018766
0.40184742
0.4018257
0.40180925
0.4017968
0.40178716
0.40177912
0.40177113
0.40176198
0.40175065
0.40173677
0.4017204
0.40170228
0.40168348
0.40166512
0.40164816
0.40163332
0.40162122
0.40161192
0.4016049
0.4015996
0.40159476
0.4015892
0.4015818
0.40157187
0.40155932
0.40154475
0.40152928
0.40151426
0.401501
0.40149093
0.4014849
0.40148374
0.40148777
0.40149683
0.4015105
0.40152758
0.4015467
0.401566
0.40158355
0.40159777
0.4016074
0.4016118
0.40161106
0.40160564
0.40159643
0.40158454
0.40157104
0.40155688
0.40154302
0.40153006
0.40151846
0.40150872
0.4015012
0.40149623
0.40149394
0.4014945
0.40149805
0.40150434
0.4015129
0.40152287
0.40153313
0.40154237
0.401549
0.40155178
0.40155008
0.40154353
0.40153277
0.40151876
0.40150267
0.40148598
0.40146995
0.4014558
0.40144438
0.40143642
0.4014323
0.4014322
0.4014361
0.4014441
0.40145618
0.40147236
0.40149236
0.40151566
0.40154165
0.4015691
0.40159684
0.40162367
0.40164846
0.40167046
0.4016887
0.40170246
0.40171114
0.40171438
0.40171218
0.40170476
0.4016927
0.4016768
0.4016581
0.40163752
0.4016162
0.40159532
0.40157592
0.40155897
0.40154535
0.4015355
0.40152964
0.40152788
0.40152988
0.40153518
0.40154317
0.40155333
0.40156487
0.4015772
0.40158996
0.40160322
0.4016172
0.40163252
0.40164974
0.40166903
0.40169042
0.4017136
0.401738
0.40176278
0.40178674
0.40180868
0.40182728
0.40184146
0.40185043
0.4018534
0.40185001
0.4018401
0.40182382
0.4018019
0.40177503
0.40174446
0.40171137
0.40167704
0.4016424
0.4016085
0.40157607
0.4015457
0.4015179
0.40149307
0.40147147
0.40145347
0.40143925
0.40142885
0.40142235
0.40141982
0.40142122
0.40142643
0.40143523
0.40144712
0.40146145
0.40147737
0.40149376
0.4015098
0.40152484
0.4015386
0.40155113
0.40156257
0.40157276
0.40158126
0.4015875
0.40159073
0.40159047
0.40158665
0.40157968
0.4015702
0.40155932
0.40154815
0.4015377
0.40152854
0.40152118
0.4015156
0.40151188
0.40150997
0.40150997
0.40151206
0.4015164
0.40152314
0.4015319
0.40154225
0.4015533
0.40156394
0.40157297
0.40157938
0.40158254
0.4015823
0.4015791
0.40157366
0.40156665
0.40155888
0.40155056
0.40154207
0.40153334
0.40152454
0.40151602
0.401508
0.40150082
0.4014951
0.40149134
0.4014899
0.40149114
0.40149528
0.40150204
0.4015111
0.40152177
0.40153357
0.4015461
0.401559
0.40157235
0.401586
0.40159985
0.4016135
0.40162647
0.40163797
0.40164685
0.40165198
0.40165251
0.401648
0.40163875
0.40162534
0.40160877
0.40159014
0.4015706
0.4015511
0.40153235
0.401515
0.40149954
0.40148634
0.40147597
0.40146896
0.40146595
0.40146726
0.4014734
0.40148446
0.40150037
0.40152103
0.40154582
0.4015736
0.40160298
0.40163207
0.40165895
0.40168205
0.4017002
0.4017129
0.40172032
0.40172347
0.40172374
0.4017227
0.40172184
0.40172213
0.40172383
0.40172654
0.40172932
0.40173075
0.4017296
0.40172496
0.40171638
0.4017041
0.4016889
0.40167207
0.4016552
0.40163973
0.40162736
0.40161896
0.40161568
0.40161797
0.4016261
0.40163973
0.40165827
0.40168035
0.40170437
0.40172818
0.40175003
0.40176803
0.40178087
0.40178764
0.40178794
0.4017818
0.40177009
0.40175414
0.4017359
0.40171742
0.40170097
0.4016884
0.401681
0.4016793
0.40168312
0.40169147
0.40170303
0.40171605
0.40172872
0.40173945
0.40174687
0.40175003
0.4017485
0.40174234
0.40173197
0.40171835
0.40170273
0.40168655
0.4016713
0.40165818
0.40164828
0.4016422
0.40164027
0.4016426
0.40164888
0.40165907
0.4016726
0.40168872
0.40170652
0.40172443
0.40174073
0.40175375
0.4017619
0.40176404
0.40175948
0.4017481
0.40173048
0.40170762
0.40168095
0.40165237
0.4016237
0.4015967
0.40157285
0.4015533
0.40153867
0.40152916
0.40152475
0.40152484
0.40152857
0.40153506
0.40154293
0.4015508
0.40155745
0.4015617
0.40156308
0.4015617
0.40155828
0.40155393
0.40154982
0.40154722
0.40154698
0.4015501
0.4015569
0.40156773
0.40158245
0.40160066
0.40162152
0.4016441
0.40166697
0.40168875
0.40170822
0.40172434
0.40173674
0.40174523
0.4017503
0.40175235
0.40175226
0.4017509
0.40174896
0.40174702
0.401745
0.4017425
0.4017391
0.40173417
0.40172762
0.4017196
0.4017107
0.4017018
0.40169376
0.40168723
0.4016827
0.4016803
0.40167996
0.40168133
0.40168405
0.4016877
0.40169185
0.40169567
0.40169835
0.4016991
0.40169698
0.40169138
0.40168205
0.40166935
0.401654
0.401637
0.40161943
0.4016025
0.40158698
0.4015735
0.40156248
0.40155447
0.40154982
0.4015489
0.40155184
0.4015585
0.40156832
0.4015808
0.4015949
0.40160948
0.40162328
0.40163478
0.40164274
0.40164614
0.40164468
0.40163866
0.4016289
0.40161687
0.40160394
0.40159133
0.40157986
0.40157008
0.40156204
0.40155575
0.40155107
0.40154764
0.40154517
0.40154332
0.401542
0.40154138
0.4015417
0.40154335
0.4015464
0.4015507
0.40155578
0.4015608
0.401565
0.40156755
0.40156823
0.40156662
0.40156287
0.40155753
0.40155116
0.40154448
0.40153813
0.40153244
0.40152764
0.40152374
0.40152058
0.40151775
0.40151483
0.40151128
0.40150684
0.40150154
0.40149578
0.4014899
0.40148452
0.4014798
0.4014763
0.40147403
0.40147316
0.4014734
0.4014748
0.40147734
0.401481
0.4014858
0.40149185
0.40149912
0.40150777
0.40151784
0.40152934
0.40154216
0.40155593
0.40156996
0.4015833
0.4015951
0.4016044
0.401611
0.40161505
0.40161747
0.4016194
0.401622
0.4016261
0.40163216
0.40164012
0.4016492
0.40165845
0.40166643
0.40167174
0.4016735
0.4016709
0.40166378
0.40165237
0.40163758
0.40162048
0.40160218
0.40158388
0.4015664
0.40155026
0.40153578
0.4015231
0.4015122
0.40150338
0.40149665
0.40149236
0.4014906
0.40149158
0.4014952
0.40150115
0.40150902
0.40151823
0.40152806
0.40153757
0.40154588
0.4015525
0.40155727
0.40156034
0.40156215
0.401563
0.40156308
0.40156254
0.4015613
0.40155914
0.4015558
0.4015514
0.40154603
0.40154022
0.40153447
0.40152928
0.4015251
0.40152255
0.4015218
0.4015234
0.40152732
0.40153357
0.40154213
0.40155265
0.4015652
0.40157956
0.40159544
0.40161237
0.40162942
0.4016459
0.40166107
0.4016746
0.40168646
0.40169683
0.40170658
0.40171605
0.40172535
0.40173417
0.4017419
0.40174803
0.401752
0.40175378
0.40175346
0.40175182
0.40174934
0.4017465
0.4017433
0.40173906
0.40173286
0.40172383
0.4017112
0.40169463
0.40167424
0.40165073
0.40162504
0.40159866
0.4015726
0.40154788
0.40152526
0.4015052
0.4014878
0.40147305
0.4014608
0.4014507
0.40144265
0.40143654
0.40143242
0.40143052
0.40143082
0.40143314
0.40143737
0.40144312
0.40145016
0.4014583
0.4014673
0.40147713
0.40148753
0.40149847
0.40151006
0.40152255
0.40153587
0.40155002
0.40156454
0.40157887
0.40159234
0.4016039
0.40161273
0.4016179
0.401619
0.40161625
0.40161014
0.40160158
0.40159172
0.40158138
0.40157133
0.40156218
0.4015545
0.40154862
0.40154502
0.4015437
0.40154448
0.4015468
0.40154976
0.4015524
0.40155372
0.4015531
0.40155038
0.40154576
0.40153986
0.40153372
0.40152848
0.40152532
0.4015251
0.4015287
0.4015363
0.40154824
0.4015641
0.4015835
0.40160546
0.40162933
0.40165427
0.40167925
0.40170282
0.40172356
0.40173995
0.40175077
0.40175542
0.40175384
0.40174645
0.40173408
0.4017178
0.40169862
0.4016774
0.40165487
0.40163147
0.40160787
0.40158477
0.40156317
0.40154362
0.40152702
0.40151373
0.40150425
0.4014989
0.40149787
0.40150106
0.40150815
0.4015185
0.4015313
0.40154546
0.40155968
0.4015725
0.40158236
0.40158805
0.40158877
0.4015845
0.40157548
0.401563
0.40154856
0.40153363
0.40151986
0.4015084
0.40150017
0.40149564
0.40149498
0.40149796
0.40150434
0.4015136
0.4015252
0.4015384
0.40155262
0.4015672
0.40158162
0.40159565
0.40160936
0.40162283
0.40163633
0.40164998
0.4016639
0.4016784
0.40169364
0.40170974
0.40172663
0.40174356
0.4017596
0.40177342
0.401784
0.40179038
0.40179217
0.40178943
0.4017826
0.40177274
0.4017608
0.40174773
0.40173423
0.40172064
0.40170735
0.40169463
0.40168294
0.40167275
0.4016642
0.40165746
0.40165237
0.4016489
0.4016471
0.40164667
0.40164736
0.40164882
0.40165085
0.4016534
0.40165654
0.40166023
0.40166408
0.40166748
0.40166953
0.40166944
0.4016666
0.40166083
0.40165246
0.40164208
0.40163076
0.40161994
0.40161073
0.4016041
0.40160048
0.4015999
0.40160224
0.40160698
0.4016137
0.40162233
0.4016325
0.40164387
0.4016558
0.40166762
0.4016788
0.40168908
0.40169832
0.4017065
0.4017135
0.40171897
0.40172216
0.4017223
0.40171877
0.4017114
0.40170035
0.40168628
0.40166998
0.40165254
0.40163475
0.40161765
0.40160227
0.40158972
0.40158102
0.40157717
0.401579
0.40158683
0.40160057
0.40161976
0.40164325
0.40166944
0.4016965
0.4017227
0.40174633
0.40176612
0.40178123
0.40179133
0.40179637
0.40179652
0.40179268
0.40178573
0.40177688
0.40176734
0.4017584
0.40175104
0.4017458
0.40174294
0.4017425
0.4017446
0.40174925
0.40175688
0.40176767
0.40178195
0.40180013
0.40182275
0.40185082
0.40188542
0.40192795
0.4019806
0.40204668
0.40213105
0.40224093
0.40238696
0.4025842
0.40285587
0.40323144
0.4037519
0.40447506
0.40547875
0.40686944
0.40878925
0.41145834
0.41510347
0.4200336
0.42672038
0.4358112
0.44791704
