0.44257596
0.43207324
0.4241964
0.41826785
0.41384378
0.4105791
0.40818748
0.40642756
0.40513745
0.40419722
0.40351015
0.40300837
0.40264192
0.40237418
0.40217847
0.40203556
0.40193114
0.4018548
0.40179887
0.40175745
0.4017263
0.40170255
0.40168434
0.40167072
0.4016612
0.40165538
0.401653
0.40165362
0.40165707
0.40166298
0.40167072
0.40167943
0.40168798
0.40169522
0.4017001
0.40170196
0.4017005
0.401696
0.40168908
0.40168074
0.401672
0.40166357
0.4016558
0.40164846
0.40164095
0.40163243
0.40162218
0.40160975
0.40159526
0.4015792
0.40156236
0.40154576
0.40153033
0.40151712
0.4015068
0.4015
0.40149698
0.40149802
0.40150312
0.4015121
0.40152466
0.4015404
0.40155873
0.4015793
0.40160164
0.40162516
0.401649
0.40167195
0.40169278
0.4017101
0.40172273
0.40172988
0.40173092
0.40172586
0.40171525
0.40169972
0.40168056
0.40165895
0.40163597
0.40161285
0.40159047
0.40156955
0.4015508
0.40153474
0.40152168
0.40151185
0.40150553
0.40150267
0.40150318
0.40150663
0.40151262
0.40152028
0.4015289
0.40153727
0.4015442
0.40154886
0.40155065
0.4015495
0.40154606
0.40154138
0.40153643
0.40153217
0.40152934
0.4015286
0.40152994
0.40153337
0.40153843
0.40154466
0.4015514
0.4015585
0.40156555
0.40157238
0.40157923
0.4015865
0.40159476
0.4016044
0.40161586
0.40162888
0.40164328
0.4016586
0.4016745
0.4016907
0.40170702
0.40172315
0.40173858
0.4017528
0.40176502
0.40177476
0.4017814
0.40178487
0.40178522
0.40178284
0.40177822
0.4017718
0.40176395
0.40175477
0.40174457
0.40173382
0.40172288
0.40171242
0.40170282
0.4016944
0.40168712
0.4016806
0.40167415
0.40166697
0.4016585
0.4016483
0.4016367
0.40162405
0.40161115
0.40159884
0.4015883
0.4015802
0.40157548
0.40157452
0.40157738
0.40158388
0.40159333
0.4016047
0.40161672
0.4016279
0.40163702
0.40164328
0.40164617
0.40164593
0.40164316
0.40163872
0.40163332
0.4016275
0.40162134
0.40161464
0.40160716
0.40159878
0.40158954
0.40157983
0.4015698
0.4015599
0.40155035
0.40154123
0.4015325
0.4015239
0.401515
0.40150574
0.40149608
0.4014863
0.40147653
0.40146688
0.40145755
0.40144882
0.40144104
0.40143457
0.40142965
0.4014267
0.40142602
0.40142787
0.40143242
0.4014397
0.4014494
0.40146112
0.40147403
0.40148723
0.40149972
0.4015106
0.4015192
0.40152535
0.40152928
0.40153176
0.40153366
0.40153593
0.4015393
0.40154427
0.4015513
0.40156078
0.40157282
0.4015872
0.40160346
0.40162078
0.4016378
0.40165332
0.401666
0.40167508
0.4016802
0.40168133
0.40167868
0.40167278
0.4016643
0.40165398
0.40164274
0.40163162
0.40162167
0.40161338
0.40160725
0.40160313
0.4016008
0.40159956
0.4015985
0.40159684
0.40159407
0.40159014
0.40158555
0.40158108
0.40157786
0.40157658
0.40157795
0.40158215
0.40158916
0.4015985
0.40160984
0.40162244
0.40163565
0.40164873
0.40166083
0.40167135
0.40167946
0.4016846
0.40168646
0.4016849
0.40168056
0.401674
0.4016662
0.40165782
0.40164953
0.40164164
0.40163416
0.40162703
0.40162045
0.4016145
0.4016091
0.40160424
0.40159985
0.40159607
0.40159315
0.40159124
0.4015906
0.40159118
0.40159288
0.40159583
0.40160015
0.40160617
0.4016142
0.40162462
0.40163776
0.40165338
0.4016708
0.40168908
0.40170667
0.40172207
0.40173402
0.40174162
0.40174457
0.40174302
0.401738
0.4017308
0.40172315
0.40171653
0.401712
0.40171
0.40171027
0.40171215
0.4017144
0.40171632
0.40171707
0.40171635
0.4017144
0.401712
0.40170968
0.40170816
0.40170792
0.40170926
0.40171197
0.40171555
0.40171897
0.40172103
0.40172085
0.40171757
0.4017112
0.40170187
0.40169019
0.401677
0.40166306
0.40164906
0.40163597
0.40162468
0.4016157
0.4016097
0.40160683
0.401607
0.40160966
0.40161422
0.4016201
0.40162662
0.40163317
0.40163943
0.40164477
0.4016491
0.40165251
0.40165538
0.40165824
0.40166178
0.40166664
0.40167338
0.40168208
0.4016923
0.40170297
0.40171266
0.4017198
0.40172306
0.40172145
0.4017143
0.40170163
0.40168396
0.4016621
0.40163746
0.4016111
0.40158427
0.40155777
0.40153253
0.40150914
0.40148816
0.40146992
0.40145457
0.40144205
0.40143228
0.40142503
0.40142003
0.40141702
0.40141574
0.40141577
0.4014172
0.40141982
0.40142354
0.40142843
0.40143457
0.40144223
0.40145183
0.40146384
0.40147868
0.4014964
0.40151697
0.4015402
0.40156546
0.40159193
0.4016183
0.40164313
0.40166494
0.40168253
0.40169495
0.40170196
0.4017037
0.40170088
0.40169445
0.40168577
0.40167612
0.40166652
0.40165776
0.40165007
0.4016433
0.40163687
0.40163034
0.40162364
0.40161666
0.40160963
0.40160257
0.40159535
0.40158778
0.4015796
0.40157092
0.401562
0.40155342
0.40154576
0.4015394
0.4015348
0.40153217
0.4015314
0.4015326
0.40153587
0.4015414
0.40154952
0.4015603
0.4015739
0.40159026
0.40160903
0.40162998
0.4016526
0.4016761
0.40169924
0.40172088
0.40173972
0.40175483
0.40176556
0.40177178
0.40177354
0.40177146
0.40176624
0.40175903
0.40175098
0.40174338
0.40173733
0.40173373
0.4017332
0.40173584
0.40174147
0.40174985
0.40176055
0.40177262
0.4017846
0.40179488
0.40180194
0.4018044
0.40180123
0.40179208
0.40177685
0.40175644
0.4017317
0.4017042
0.4016754
0.40164685
0.40161988
0.40159553
0.40157485
0.40155837
0.40154654
0.40153912
0.40153578
0.401536
0.401539
0.4015441
0.40155053
0.40155798
0.40156665
0.4015771
0.40158975
0.40160504
0.401623
0.40164334
0.40166536
0.40168822
0.4017107
0.4017319
0.40175122
0.40176833
0.40178302
0.4017952
0.4018046
0.40181088
0.40181398
0.40181395
0.40181094
0.40180528
0.40179712
0.40178645
0.40177298
0.40175626
0.4017362
0.40171272
0.40168673
0.4016592
0.40163198
0.40160704
0.4015865
0.40157282
0.4015687
0.4015773
0.4016029
0.40165132
0.4017305
0.4018517
0.40203133
0.40229207
0.40266344
0.4031873
0.40392137
0.40494397
0.4063614
0.40831572
0.4110273
0.41471943
0.4197013
0.4264474
0.4355974
0.44776267
