0.44263726
0.43214878
0.42427835
0.41834775
0.41391295
0.41062903
0.40821198
0.40642306
0.40510312
0.40413573
0.40342593
0.40290666
0.40252784
0.40225187
0.40205055
0.40190282
0.40179303
0.40170997
0.40164572
0.40159532
0.40155533
0.401524
0.40149984
0.40148205
0.40146983
0.40146226
0.40145838
0.40145725
0.40145823
0.40146062
0.4014643
0.40146944
0.40147611
0.40148428
0.40149367
0.40150383
0.40151438
0.40152478
0.40153474
0.40154392
0.4015522
0.40155953
0.40156636
0.40157354
0.40158203
0.40159264
0.4016059
0.40162164
0.40163913
0.40165725
0.40167448
0.40168917
0.4017
0.40170583
0.4017059
0.40169996
0.4016883
0.4016718
0.4016517
0.40162966
0.4016076
0.401587
0.4015692
0.40155503
0.40154496
0.40153912
0.40153754
0.40153995
0.40154597
0.40155506
0.40156633
0.4015788
0.40159106
0.4016017
0.4016095
0.4016135
0.4016133
0.40160912
0.4016022
0.40159404
0.4015862
0.40158033
0.4015775
0.40157828
0.40158263
0.4015902
0.40160018
0.4016116
0.4016232
0.40163356
0.4016417
0.4016471
0.4016498
0.4016504
0.40164992
0.40164936
0.40164965
0.40165156
0.40165535
0.4016611
0.40166855
0.40167698
0.40168545
0.40169287
0.401698
0.40169993
0.40169838
0.40169328
0.40168515
0.40167457
0.40166226
0.40164876
0.40163442
0.4016196
0.4016047
0.40159038
0.40157723
0.4015662
0.40155786
0.4015528
0.40155113
0.40155283
0.40155745
0.4015643
0.40157247
0.40158045
0.4015872
0.4015916
0.4015933
0.40159255
0.4015901
0.40158713
0.40158477
0.40158403
0.40158552
0.40158936
0.40159547
0.40160334
0.4016122
0.40162107
0.4016286
0.40163344
0.4016343
0.40163025
0.40162098
0.40160662
0.40158817
0.40156683
0.40154436
0.40152234
0.40150222
0.40148503
0.40147147
0.40146154
0.4014548
0.40145078
0.40144858
0.40144756
0.4014473
0.40144753
0.401448
0.40144876
0.40144968
0.40145123
0.4014536
0.40145725
0.40146247
0.4014696
0.40147886
0.4014905
0.40150487
0.4015222
0.40154243
0.4015651
0.40158954
0.40161481
0.40163985
0.40166363
0.40168574
0.40170598
0.4017243
0.40174058
0.40175462
0.40176585
0.40177408
0.40177932
0.401782
0.40178296
0.40178302
0.40178317
0.4017839
0.40178525
0.40178713
0.4017892
0.40179133
0.4017933
0.40179482
0.40179566
0.4017955
0.4017938
0.4017901
0.40178397
0.40177503
0.401763
0.40174773
0.40172926
0.40170792
0.4016843
0.40165937
0.40163416
0.4016098
0.40158704
0.40156668
0.40154928
0.40153506
0.40152422
0.4015167
0.40151244
0.40151122
0.40151286
0.40151712
0.401524
0.40153307
0.40154406
0.4015564
0.4015695
0.40158272
0.40159535
0.40160704
0.40161788
0.40162814
0.40163827
0.40164855
0.401659
0.40166962
0.4016803
0.40169102
0.40170208
0.4017137
0.40172595
0.40173867
0.40175107
0.40176246
0.40177232
0.40177986
0.40178508
0.40178788
0.40178847
0.40178725
0.4017845
0.40178028
0.40177476
0.401768
0.40176028
0.40175226
0.401745
0.40173954
0.40173712
0.40173885
0.40174517
0.40175605
0.40177095
0.40178868
0.40180776
0.40182668
0.40184414
0.4018591
0.4018709
0.40187874
0.40188226
0.40188128
0.40187553
0.4018652
0.40185055
0.40183237
0.40181148
0.401789
0.4017664
0.40174496
0.40172592
0.40171015
0.40169796
0.4016896
0.40168464
0.40168223
0.4016812
0.40168047
0.40167862
0.40167493
0.40166903
0.40166137
0.4016525
0.4016436
0.40163556
0.401629
0.40162444
0.40162244
0.40162322
0.40162694
0.40163335
0.4016417
0.401651
0.40165985
0.4016674
0.40167296
0.4016762
0.40167704
0.40167558
0.40167192
0.40166605
0.40165794
0.40164754
0.40163505
0.40162095
0.4016061
0.40159136
0.4015776
0.40156573
0.40155637
0.4015501
0.40154722
0.401548
0.4015526
0.40156096
0.40157315
0.40158895
0.4016084
0.4016314
0.40165776
0.40168715
0.40171897
0.4017523
0.40178618
0.40181947
0.40185115
0.40188053
0.401907
0.4019302
0.4019499
0.40196627
0.4019792
0.40198895
0.40199557
0.4019994
0.4020008
0.40200016
0.40199766
0.40199363
0.40198797
0.40198058
0.4019714
0.40196002
0.40194646
0.4019307
0.40191275
0.4018929
0.40187132
0.40184867
0.40182555
0.40180278
0.4017811
0.40176144
0.40174413
0.40172917
0.4017163
0.4017047
0.40169382
0.4016834
0.40167361
0.40166512
0.4016588
0.40165552
0.40165597
0.40166062
0.4016693
0.40168148
0.40169635
0.40171254
0.4017285
0.40174267
0.40175378
0.40176046
0.40176204
0.40175802
0.40174833
0.40173352
0.40171468
0.40169337
0.40167117
0.40164992
0.40163097
0.40161505
0.40160242
0.4015928
0.4015856
0.40158042
0.40157676
0.40157467
0.4015743
0.40157607
0.40158054
0.4015884
0.4016004
0.4016166
0.401637
0.40166065
0.40168637
0.40171242
0.40173677
0.40175748
0.40177312
0.4017826
0.40178517
0.40178058
0.40176904
0.40175104
0.40172765
0.4017
0.40166968
0.40163842
0.4016076
0.40157855
0.40155205
0.40152875
0.4015087
0.40149203
0.40147856
0.40146795
0.4014599
0.40145412
0.40145016
0.40144798
0.4014476
0.4014495
0.40145415
0.40146208
0.40147358
0.40148887
0.40150785
0.40153018
0.40155524
0.40158245
0.40161055
0.40163842
0.4016645
0.40168753
0.40170673
0.4017216
0.4017325
0.40174022
0.40174595
0.4017509
0.4017563
0.40176317
0.40177202
0.40178332
0.4017968
0.40181163
0.40182683
0.401841
0.40185308
0.40186194
0.40186673
0.40186715
0.40186328
0.40185574
0.40184548
0.40183368
0.40182155
0.40181017
0.4018
0.4017908
0.40178183
0.40177214
0.4017605
0.4017461
0.40172872
0.4017087
0.40168697
0.40166503
0.4016444
0.40162635
0.4016119
0.40160125
0.40159434
0.4015905
0.40158877
0.40158817
0.4015876
0.4015859
0.4015823
0.40157613
0.40156728
0.40155616
0.40154305
0.4015286
0.40151304
0.40149707
0.40148085
0.40146497
0.40144995
0.40143627
0.40142438
0.40141457
0.40140697
0.40140176
0.4013989
0.40139848
0.40140036
0.40140426
0.40141013
0.40141782
0.40142715
0.4014377
0.40144905
0.40146083
0.4014723
0.40148315
0.40149346
0.40150347
0.40151373
0.40152466
0.401537
0.40155098
0.40156662
0.40158343
0.40160048
0.40161645
0.40162995
0.40163973
0.4016453
0.4016462
0.40164283
0.40163615
0.40162748
0.40161824
0.40160978
0.40160304
0.4015984
0.4015956
0.40159407
0.4015931
0.40159193
0.40159017
0.40158767
0.4015846
0.40158144
0.40157863
0.40157673
0.40157625
0.40157756
0.40158084
0.40158606
0.40159306
0.4016015
0.40161088
0.40162072
0.40163016
0.4016384
0.4016448
0.4016491
0.40165135
0.40165174
0.40165076
0.40164888
0.4016465
0.40164417
0.4016425
0.40164256
0.4016454
0.4016517
0.40166178
0.4016751
0.40169054
0.40170625
0.40172008
0.40173006
0.4017345
0.40173244
0.40172365
0.40170848
0.4016879
0.4016633
0.40163633
0.40160868
0.4015817
0.40155667
0.4015345
0.4015156
0.40150025
0.4014882
0.40147915
0.4014727
0.40146837
0.40146565
0.40146428
0.40146413
0.40146533
0.40146804
0.40147302
0.4014808
0.4014917
0.40150583
0.40152285
0.4015421
0.40156224
0.401582
0.40160003
0.40161532
0.40162718
0.40163538
0.40164036
0.4016426
0.40164286
0.40164164
0.40163916
0.4016356
0.40163064
0.40162402
0.4016158
0.40160605
0.40159535
0.40158424
0.4015736
0.4015642
0.40155697
0.40155247
0.40155098
0.40155226
0.40155596
0.40156138
0.40156743
0.40157324
0.401578
0.40158147
0.40158364
0.40158528
0.4015871
0.40158978
0.401594
0.40159962
0.4016062
0.4016129
0.40161866
0.4016226
0.40162426
0.40162337
0.40162003
0.40161481
0.4016084
0.40160152
0.4015947
0.40158838
0.40158278
0.40157837
0.40157562
0.40157512
0.4015775
0.40158293
0.40159127
0.40160194
0.40161404
0.40162635
0.40163752
0.40164617
0.40165162
0.40165362
0.40165254
0.40164915
0.4016447
0.4016399
0.4016356
0.4016319
0.4016288
0.4016262
0.40162376
0.40162167
0.4016202
0.40161955
0.4016198
0.40162072
0.40162188
0.40162274
0.40162307
0.40162277
0.40162206
0.4016215
0.4016214
0.40162233
0.40162465
0.40162864
0.40163445
0.40164188
0.40165025
0.4016588
0.40166664
0.40167293
0.4016767
0.40167746
0.40167484
0.401669
0.4016603
0.40164956
0.4016376
0.4016254
0.40161383
0.4016038
0.4015961
0.40159133
0.4015898
0.40159172
0.401597
0.40160578
0.40161806
0.40163386
0.40165278
0.4016744
0.40169787
0.40172228
0.4017465
0.4017699
0.40179148
0.4018105
0.4018262
0.4018382
0.40184602
0.40184948
0.40184873
0.40184405
0.4018358
0.40182474
0.40181187
0.4017983
0.4017853
0.40177402
0.40176538
0.40175977
0.40175706
0.40175658
0.40175748
0.40175894
0.40176034
0.4017611
0.4017612
0.40176034
0.40175828
0.40175462
0.40174884
0.40174067
0.40173024
0.4017181
0.40170512
0.40169242
0.40168133
0.40167263
0.40166664
0.40166327
0.40166172
0.40166095
0.4016599
0.40165767
0.40165395
0.4016487
0.40164202
0.40163445
0.40162626
0.40161812
0.40161073
0.40160483
0.40160072
0.4015985
0.40159777
0.40159783
0.40159786
0.40159723
0.4015956
0.401593
0.4015898
0.40158635
0.40158314
0.40158033
0.4015785
0.40157777
0.40157843
0.40158015
0.40158245
0.40158454
0.40158564
0.40158564
0.40158424
0.40158144
0.4015774
0.4015722
0.40156594
0.40155894
0.4015517
0.4015445
0.4015379
0.40153205
0.40152735
0.40152413
0.4015225
0.40152228
0.40152347
0.40152586
0.4015292
0.40153337
0.4015384
0.40154436
0.4015514
0.40155995
0.40157044
0.4015833
0.40159914
0.4016184
0.40164128
0.40166745
0.40169623
0.40172666
0.40175718
0.4017863
0.40181246
0.40183464
0.40185198
0.40186396
0.40187022
0.40187073
0.40186545
0.40185457
0.40183824
0.4018169
0.40179124
0.40176198
0.4017304
0.40169787
0.40166605
0.40163624
0.4016097
0.4015869
0.40156803
0.40155265
0.40154013
0.40152934
0.40151933
0.40150943
0.40149933
0.40148905
0.4014789
0.40146914
0.4014604
0.4014533
0.4014484
0.40144628
0.40144745
0.40145206
0.40145996
0.40147063
0.40148336
0.40149698
0.4015104
0.40152237
0.40153176
0.40153763
0.4015398
0.40153867
0.40153518
0.40153065
0.40152645
0.40152356
0.40152287
0.40152478
0.40152916
0.40153578
0.40154383
0.4015525
0.40156096
0.40156835
0.40157452
0.40157956
0.401584
0.4015887
0.40159422
0.40160125
0.40161005
0.40162072
0.4016335
0.40164846
0.40166587
0.40168616
0.40170914
0.40173477
0.4017624
0.40179107
0.40181947
0.40184635
0.4018704
0.4018907
0.40190652
0.4019173
0.40192276
0.40192264
0.40191713
0.4019066
0.40189186
0.40187413
0.40185475
0.4018355
0.40181786
0.40180293
0.40179133
0.40178296
0.40177682
0.4017716
0.40176585
0.40175822
0.40174773
0.4017339
0.40171683
0.40169716
0.40167576
0.40165368
0.40163177
0.40161082
0.40159166
0.4015751
0.4015619
0.40155268
0.4015477
0.40154696
0.4015498
0.40155524
0.40156198
0.40156874
0.40157387
0.4015765
0.4015758
0.401572
0.40156555
0.40155753
0.40154934
0.4015423
0.40153766
0.40153605
0.40153775
0.4015425
0.40154976
0.40155837
0.40156743
0.40157554
0.40158165
0.4015849
0.4015852
0.4015829
0.40157863
0.4015736
0.40156844
0.4015639
0.40156
0.40155658
0.40155324
0.4015498
0.40154567
0.40154108
0.40153626
0.40153167
0.4015278
0.40152514
0.40152457
0.40152657
0.40153167
0.40154043
0.40155295
0.40156904
0.40158844
0.40161055
0.4016343
0.40165827
0.40168098
0.4017006
0.40171596
0.40172577
0.40172943
0.40172696
0.40171874
0.40170574
0.4016892
0.40167058
0.40165135
0.40163273
0.40161592
0.40160185
0.401591
0.4015836
0.4015796
0.40157855
0.40157992
0.401583
0.40158707
0.40159166
0.40159622
0.40160033
0.40160355
0.4016056
0.40160644
0.40160638
0.40160593
0.401606
0.40160716
0.40161005
0.4016152
0.4016227
0.40163255
0.40164474
0.40165928
0.40167645
0.4016961
0.40171793
0.40174124
0.401765
0.40178815
0.40180975
0.4018291
0.40184566
0.40185913
0.4018692
0.40187573
0.4018787
0.4018779
0.40187317
0.40186423
0.401851
0.40183342
0.40181166
0.4017862
0.4017578
0.40172732
0.40169573
0.40166378
0.40163234
0.40160188
0.40157267
0.4015455
0.40152064
0.4014987
0.4014801
0.4014652
0.40145412
0.40144694
0.40144348
0.40144354
0.4014468
0.40145293
0.40146163
0.4014724
0.4014848
0.40149826
0.4015123
0.4015263
0.40153986
0.40155253
0.40156436
0.40157574
0.4015874
0.40160018
0.40161481
0.40163162
0.40165058
0.40167096
0.40169144
0.4017105
0.4017267
0.4017388
0.40174595
0.40174797
0.401745
0.40173763
0.4017269
0.40171394
0.4017002
0.40168688
0.40167478
0.4016643
0.4016552
0.4016471
0.4016393
0.40163147
0.4016237
0.4016164
0.40161073
0.4016077
0.4016086
0.40161407
0.40162438
0.40163925
0.40165776
0.40167856
0.4017
0.40172014
0.4017374
0.40175045
0.40175855
0.4017615
0.4017594
0.40175283
0.40174267
0.40173015
0.4017167
0.4017039
0.401693
0.40168533
0.40168202
0.40168372
0.40169054
0.40170214
0.4017171
0.40173388
0.40175045
0.401765
0.4017759
0.4017817
0.40178183
0.40177596
0.4017644
0.40174785
0.4017276
0.40170524
0.4016827
0.4016621
0.4016454
0.40163407
0.40162924
0.40163144
0.4016405
0.40165564
0.40167546
0.40169817
0.40172184
0.4017443
0.40176395
0.40177906
0.40178856
0.4017919
0.4017887
0.4017792
0.4017641
0.40174463
0.4017223
0.4016988
0.40167603
0.40165526
0.40163746
0.4016231
0.40161222
0.4016045
0.40159944
0.4015966
0.40159553
0.40159598
0.40159735
0.4015996
0.40160227
0.40160504
0.40160757
0.4016098
0.40161178
0.4016139
0.40161613
0.40161812
0.40161937
0.40161926
0.40161717
0.40161294
0.40160695
0.40159965
0.40159205
0.40158483
0.40157896
0.4015754
0.40157533
0.40157944
0.40158844
0.40160254
0.40162167
0.4016453
0.40167275
0.40170273
0.4017338
0.40176442
0.40179336
0.40181947
0.40184185
0.40186
0.4018733
0.40188158
0.4018848
0.40188292
0.4018763
0.4018653
0.40185055
0.40183276
0.40181267
0.40179121
0.40176916
0.4017472
0.40172553
0.401704
0.40168226
0.40166005
0.4016375
0.40161493
0.40159324
0.40157342
0.40155658
0.401544
0.40153652
0.40153456
0.40153834
0.40154725
0.40156063
0.40157744
0.40159643
0.40161636
0.40163627
0.40165523
0.4016724
0.40168673
0.40169713
0.40170288
0.40170354
0.4016988
0.4016889
0.40167433
0.40165612
0.40163574
0.40161476
0.40159476
0.40157768
0.40156445
0.40155584
0.40155202
0.40155277
0.4015574
0.40156496
0.40157458
0.4015854
0.4015969
0.40160918
0.40162274
0.4016378
0.40165418
0.4016713
0.40168825
0.40170366
0.40171632
0.4017252
0.40172985
0.40173018
0.40172684
0.40172076
0.4017131
0.4017047
0.40169597
0.40168706
0.4016774
0.40166673
0.40165466
0.40164134
0.40162694
0.4016121
0.4015975
0.4015839
0.40157223
0.40156284
0.40155616
0.40155217
0.40155038
0.40155
0.40155017
0.4015501
0.4015489
0.4015459
0.40154073
0.40153307
0.4015233
0.40151173
0.40149924
0.40148687
0.4014754
0.40146565
0.40145823
0.40145358
0.40145218
0.4014539
0.40145913
0.40146726
0.40147778
0.40148982
0.4015023
0.4015141
0.4015244
0.40153274
0.40153897
0.40154362
0.40154782
0.40155256
0.40155897
0.40156785
0.40157956
0.401594
0.40161085
0.40162948
0.40164942
0.40167004
0.40169114
0.4017122
0.4017329
0.4017526
0.40177056
0.40178633
0.40179932
0.40180898
0.40181506
0.40181714
0.40181512
0.40180883
0.40179864
0.4017848
0.40176818
0.40174988
0.40173128
0.40171376
0.40169847
0.40168646
0.40167817
0.40167388
0.40167338
0.40167606
0.4016811
0.4016877
0.401695
0.40170267
0.4017106
0.401719
0.40172845
0.40173927
0.40175158
0.40176514
0.40177915
0.4017925
0.40180382
0.40181187
0.40181562
0.40181443
0.40180793
0.40179637
0.40178007
0.40176016
0.40173766
0.40171382
0.40169027
0.4016681
0.40164852
0.40163222
0.40162
0.401612
0.40160877
0.4016104
0.40161693
0.40162808
0.4016429
0.40166023
0.40167832
0.4016956
0.40171066
0.40172255
0.40173063
0.40173522
0.40173674
0.4017362
0.40173492
0.4017342
0.4017349
0.40173736
0.4017413
0.4017459
0.40175027
0.40175378
0.40175572
0.401756
0.4017545
0.4017517
0.4017482
0.40174496
0.40174243
0.40174097
0.40174064
0.40174106
0.40174204
0.40174368
0.40174618
0.40175045
0.40175724
0.40176746
0.40178132
0.40179825
0.40181735
0.40183687
0.4018552
0.4018708
0.40188232
0.40188906
0.4018905
0.40188637
0.40187705
0.40186292
0.4018451
0.40182498
0.4018041
0.40178427
0.40176728
0.4017547
0.40174755
0.40174627
0.40175053
0.40175977
0.40177265
0.40178743
0.4018024
0.40181613
0.40182713
0.40183473
0.40183797
0.40183645
0.40182966
0.40181774
0.40180078
0.40177938
0.40175468
0.40172783
0.40170017
0.40167296
0.40164733
0.4016242
0.40160456
0.4015895
0.40157992
0.4015763
0.40157902
0.40158758
0.40160108
0.40161794
0.40163633
0.40165427
0.40166992
0.40168187
0.40168932
0.40169218
0.40169054
0.40168542
0.4016778
0.40166888
0.40165943
0.40165025
0.4016419
0.40163475
0.40162873
0.40162337
0.40161806
0.401612
0.40160477
0.40159616
0.4015866
0.40157676
0.40156728
0.4015589
0.40155232
0.40154758
0.4015444
0.40154216
0.40153986
0.4015366
0.40153185
0.4015256
0.40151823
0.40151057
0.40150324
0.40149707
0.4014923
0.4014894
0.40148845
0.4014894
0.40149212
0.40149656
0.40150264
0.40151048
0.40152013
0.40153137
0.40154395
0.4015573
0.40157068
0.40158322
0.40159422
0.40160337
0.40161058
0.40161642
0.40162164
0.40162644
0.40163103
0.40163523
0.40163863
0.40164077
0.40164155
0.40164095
0.40163922
0.40163636
0.40163243
0.40162724
0.4016208
0.40161327
0.401605
0.40159655
0.40158844
0.4015806
0.40157294
0.40156505
0.40155658
0.40154767
0.40153897
0.4015315
0.4015264
0.40152466
0.4015271
0.40153414
0.40154576
0.4015617
0.4015811
0.40160316
0.4016268
0.40165046
0.4016727
0.40169206
0.40170744
0.40171778
0.40172252
0.40172133
0.4017142
0.40170157
0.40168452
0.40166438
0.4016427
0.40162116
0.40160114
0.40158358
0.40156886
0.40155676
0.40154684
0.40153852
0.4015315
0.40152556
0.4015209
0.4015175
0.4015156
0.4015157
0.40151814
0.40152362
0.4015325
0.40154487
0.40156078
0.40157977
0.40160137
0.40162483
0.40164906
0.40167338
0.40169692
0.40171894
0.40173826
0.4017539
0.40176484
0.40177035
0.40177014
0.40176424
0.401753
0.4017372
0.40171793
0.40169615
0.40167323
0.40165028
0.4016287
0.4016095
0.40159383
0.40158227
0.40157554
0.40157405
0.40157786
0.40158683
0.40160024
0.40161732
0.40163702
0.4016582
0.4016794
0.40169924
0.40171635
0.40172955
0.4017379
0.4017407
0.4017377
0.40172905
0.40171546
0.40169793
0.40167817
0.4016578
0.4016388
0.4016228
0.40161088
0.40160367
0.40160117
0.40160286
0.4016077
0.40161413
0.4016206
0.40162554
0.401628
0.40162745
0.40162396
0.4016181
0.4016103
0.40160125
0.4015916
0.401582
0.40157297
0.40156487
0.4015578
0.4015514
0.40154558
0.4015405
0.40153614
0.4015327
0.40153047
0.4015296
0.40153006
0.40153152
0.40153354
0.4015353
0.40153578
0.401534
0.40152928
0.40152133
0.40151033
0.40149686
0.40148205
0.401467
0.40145296
0.40144062
0.40143052
0.40142295
0.40141797
0.4014155
0.4014155
0.40141773
0.40142176
0.40142703
0.40143293
0.40143883
0.4014442
0.40144876
0.40145248
0.40145582
0.40145913
0.40146276
0.40146664
0.4014707
0.40147462
0.40147805
0.4014809
0.40148285
0.4014839
0.40148407
0.40148357
0.40148297
0.40148324
0.40148535
0.40149018
0.40149835
0.4015102
0.40152594
0.4015453
0.4015677
0.4015922
0.40161738
0.4016417
0.40166348
0.4016814
0.4016943
0.40170148
0.4017027
0.40169835
0.40168908
0.40167594
0.40165988
0.40164247
0.40162456
0.40160713
0.40159103
0.4015769
0.40156528
0.4015565
0.40155098
0.40154874
0.40155014
0.40155518
0.4015639
0.40157622
0.40159208
0.40161133
0.40163323
0.40165702
0.40168133
0.40170476
0.4017261
0.40174416
0.40175834
0.40176794
0.4017728
0.40177256
0.40176725
0.40175676
0.4017416
0.4017223
0.40169975
0.40167502
0.40164956
0.4016247
0.4016019
0.4015823
0.40156657
0.40155473
0.4015466
0.40154168
0.40153942
0.40153933
0.4015409
0.40154356
0.4015471
0.40155146
0.40155685
0.40156367
0.4015721
0.40158218
0.4015939
0.40160668
0.40161976
0.40163207
0.4016423
0.4016495
0.4016528
0.4016523
0.40164828
0.40164158
0.40163305
0.4016238
0.4016151
0.40160805
0.40160334
0.40160134
0.40160212
0.40160498
0.4016092
0.40161386
0.40161833
0.4016225
0.40162638
0.40163043
0.4016351
0.40164107
0.40164834
0.40165696
0.40166655
0.40167654
0.40168637
0.40169516
0.40170214
0.40170678
0.40170863
0.40170747
0.40170333
0.40169662
0.40168813
0.4016789
0.4016699
0.40166196
0.40165564
0.40165132
0.4016492
0.4016495
0.40165207
0.40165684
0.40166363
0.40167218
0.40168193
0.40169218
0.40170205
0.4017107
0.40171742
0.40172178
0.40172377
0.40172353
0.40172136
0.40171784
0.40171316
0.40170717
0.40169966
0.40169045
0.40167952
0.40166712
0.40165392
0.40164062
0.401628
0.4016165
0.4016063
0.40159717
0.4015887
0.4015805
0.4015723
0.4015639
0.40155533
0.4015467
0.40153822
0.40153039
0.40152347
0.40151787
0.40151367
0.4015106
0.4015084
0.40150636
0.40150407
0.40150088
0.40149668
0.40149158
0.40148613
0.40148112
0.40147746
0.4014759
0.40147737
0.4014823
0.4014912
0.40150407
0.40152073
0.40154055
0.40156275
0.4015861
0.40160915
0.4016304
0.40164846
0.4016624
0.40167204
0.4016777
0.4016802
0.40168062
0.40168017
0.4016797
0.40167978
0.40168053
0.40168166
0.40168253
0.40168226
0.40167993
0.40167508
0.40166757
0.4016576
0.40164575
0.4016329
0.40161982
0.40160725
0.40159553
0.4015853
0.40157717
0.40157172
0.40156925
0.40157008
0.40157405
0.40158075
0.40158933
0.40159884
0.40160817
0.40161598
0.40162092
0.40162206
0.4016189
0.40161175
0.40160152
0.4015895
0.40157726
0.40156624
0.4015574
0.40155146
0.40154848
0.40154815
0.40154976
0.40155253
0.40155548
0.4015583
0.4015606
0.40156257
0.4015641
0.4015654
0.4015666
0.401568
0.4015698
0.40157232
0.40157557
0.40157974
0.40158445
0.40158918
0.40159312
0.40159577
0.40159672
0.40159622
0.40159497
0.40159416
0.4015948
0.40159792
0.4016039
0.40161276
0.40162402
0.40163663
0.40164906
0.40165946
0.4016663
0.40166825
0.40166467
0.40165538
0.4016409
0.40162218
0.40160078
0.401578
0.40155506
0.40153286
0.4015119
0.40149248
0.40147442
0.4014576
0.40144172
0.40142676
0.40141293
0.40140015
0.40138876
0.4013791
0.40137154
0.40136603
0.4013627
0.40136158
0.4013623
0.40136477
0.40136868
0.40137357
0.40137932
0.40138564
0.40139237
0.40139934
0.40140644
0.40141347
0.40142027
0.4014266
0.40143254
0.40143797
0.40144297
0.40144777
0.40145248
0.40145725
0.40146172
0.40146548
0.401468
0.40146908
0.40146863
0.40146714
0.40146506
0.40146264
0.40146026
0.4014579
0.4014555
0.40145338
0.40145192
0.40145165
0.40145317
0.40145692
0.40146315
0.40147194
0.40148312
0.40149662
0.401512
0.4015288
0.40154657
0.40156478
0.401583
0.4016007
0.40161705
0.40163097
0.40164128
0.4016471
0.40164787
0.40164357
0.40163478
0.40162268
0.40160844
0.40159345
0.40157896
0.40156597
0.40155485
0.4015459
0.40153927
0.40153474
0.40153217
0.4015315
0.4015326
0.40153548
0.40153998
0.4015461
0.40155336
0.40156174
0.40157074
0.40158048
0.40159094
0.40160248
0.40161535
0.4016295
0.4016448
0.40166053
0.40167603
0.4016904
0.40170264
0.4017118
0.40171728
0.4017187
0.40171605
0.4017096
0.40170017
0.40168902
0.4016774
0.4016669
0.4016588
0.4016541
0.4016535
0.4016573
0.40166545
0.4016773
0.401692
0.40170866
0.40172577
0.4017419
0.40175572
0.4017658
0.40177125
0.40177143
0.40176615
0.40175548
0.40174004
0.4017207
0.4016986
0.40167502
0.40165126
0.4016284
0.40160713
0.40158784
0.40157092
0.4015564
0.40154466
0.4015357
0.40152955
0.4015263
0.40152594
0.40152884
0.4015355
0.40154624
0.40156108
0.4015796
0.4016008
0.40162334
0.4016453
0.40166485
0.40168032
0.40169054
0.40169495
0.40169355
0.40168694
0.40167615
0.40166247
0.4016476
0.40163267
0.40161866
0.4016061
0.40159518
0.4015857
0.40157738
0.40157
0.4015635
0.40155828
0.40155488
0.40155402
0.40155652
0.40156287
0.4015736
0.40158868
0.40160817
0.40163165
0.40165862
0.4016881
0.40171918
0.40175053
0.40178102
0.4018093
0.40183446
0.40185553
0.40187192
0.40188327
0.4018892
0.40188953
0.40188456
0.40187448
0.40186018
0.4018426
0.40182295
0.40180263
0.40178293
0.40176493
0.40174916
0.40173563
0.40172386
0.40171304
0.40170243
0.40169182
0.4016813
0.40167123
0.4016622
0.4016548
0.40164948
0.4016464
0.4016456
0.40164685
0.4016494
0.40165216
0.40165374
0.40165314
0.40164962
0.4016428
0.401633
0.40162078
0.40160704
0.40159282
0.40157914
0.40156657
0.40155587
0.40154764
0.40154234
0.40154013
0.40154105
0.40154487
0.401551
0.40155882
0.40156755
0.4015765
0.401585
0.40159306
0.40160075
0.401608
0.40161476
0.40162063
0.40162534
0.40162846
0.40163028
0.40163103
0.4016312
0.4016312
0.40163127
0.4016313
0.40163115
0.40163046
0.40162915
0.40162712
0.40162426
0.40162045
0.40161583
0.40161046
0.40160474
0.40159923
0.4015946
0.4015912
0.4015894
0.40158862
0.40158868
0.4015888
0.40158826
0.4015859
0.4015812
0.40157384
0.40156403
0.4015526
0.40154028
0.4015282
0.4015173
0.40150842
0.40150243
0.40149978
0.40150067
0.4015051
0.4015127
0.40152302
0.40153524
0.40154833
0.40156144
0.4015737
0.40158492
0.40159526
0.40160534
0.40161577
0.40162712
0.40163997
0.4016545
0.40167132
0.40169063
0.40171275
0.40173748
0.40176436
0.4017924
0.40182033
0.40184677
0.4018703
0.4018898
0.40190434
0.40191346
0.40191677
0.40191457
0.4019069
0.40189445
0.4018779
0.40185818
0.40183628
0.40181312
0.4017899
0.4017677
0.4017473
0.4017293
0.401714
0.40170148
0.40169114
0.4016827
0.40167534
0.40166876
0.4016622
0.40165505
0.4016464
0.40163577
0.40162262
0.40160716
0.4015899
0.4015718
0.40155405
0.40153775
0.40152374
0.4015129
0.40150553
0.40150183
0.4015016
0.4015044
0.40150985
0.40151754
0.4015271
0.4015381
0.40154985
0.4015617
0.40157282
0.40158245
0.40158996
0.40159476
0.40159643
0.4015948
0.40159008
0.40158278
0.40157348
0.40156257
0.4015506
0.40153787
0.40152466
0.40151125
0.40149796
0.40148503
0.40147308
0.40146238
0.40145344
0.40144634
0.40144104
0.4014373
0.4014349
0.4014335
0.40143302
0.4014337
0.40143564
0.40143934
0.40144506
0.40145302
0.40146354
0.40147656
0.4014918
0.4015087
0.40152648
0.40154424
0.40156087
0.4015754
0.40158665
0.4015942
0.40159792
0.4015982
0.40159583
0.4015922
0.40158835
0.40158546
0.40158442
0.40158564
0.40158936
0.4015956
0.40160367
0.40161306
0.40162262
0.40163147
0.40163863
0.4016435
0.40164557
0.40164438
0.4016401
0.40163323
0.40162498
0.40161684
0.40161046
0.40160757
0.40160987
0.4016193
0.4016381
0.4016692
0.40171632
0.40178472
0.40188164
0.40201747
0.40220782
0.40247512
0.4028486
0.40337038
0.40409875
0.4051124
0.4065179
0.40845743
0.4111524
0.41482687
0.41979074
0.4265177
0.4356507
0.44780037
