0.44256878
0.43206447
0.42418715
0.41825917
0.41383687
0.4105751
0.40818742
0.40643266
0.40514886
0.40421587
0.40353695
0.40304348
0.4026846
0.40242243
0.40222895
0.40208384
0.40197262
0.40188512
0.4018147
0.40175703
0.40170962
0.40167063
0.40163895
0.40161356
0.40159357
0.40157822
0.4015668
0.40155882
0.40155363
0.40155098
0.4015503
0.40155157
0.4015546
0.40155914
0.40156472
0.4015706
0.40157607
0.40158045
0.40158328
0.4015841
0.4015824
0.40157798
0.401571
0.40156206
0.40155193
0.4015418
0.4015324
0.40152448
0.40151823
0.4015136
0.40151024
0.40150777
0.40150583
0.4015045
0.40150416
0.401505
0.4015072
0.40151075
0.40151545
0.40152103
0.4015271
0.40153366
0.40154067
0.4015484
0.4015573
0.40156803
0.40158084
0.40159586
0.40161276
0.4016309
0.40164933
0.40166682
0.40168184
0.40169328
0.40170053
0.40170342
0.40170237
0.40169817
0.40169182
0.40168437
0.40167657
0.4016691
0.40166244
0.40165666
0.40165153
0.40164658
0.40164113
0.40163463
0.40162686
0.40161797
0.40160844
0.40159878
0.4015897
0.40158185
0.40157565
0.40157127
0.40156913
0.40156907
0.40157107
0.40157515
0.40158153
0.40159017
0.40160102
0.40161365
0.4016272
0.4016406
0.4016523
0.40166116
0.40166602
0.4016662
0.40166143
0.4016519
0.40163788
0.40162036
0.40160036
0.40157947
0.40155938
0.40154174
0.40152848
0.4015213
0.40152213
0.4015333
0.4015576
0.40159896
0.40166298
0.40175763
0.4018941
0.4020895
0.40236598
0.40275326
0.40329307
0.40404254
0.40507883
0.40650702
0.4084676
0.41118068
0.41486788
0.41983888
0.42656776
0.43569523
0.44783455
