0.44254887
0.43203574
0.42414758
0.4182063
0.41376856
0.41048953
0.40808517
0.40631506
0.40501842
0.4040761
0.40339142
0.4028958
0.402538
0.4022799
0.40209305
0.40195644
0.4018553
0.40177912
0.4017205
0.40167454
0.40163758
0.4016073
0.40158224
0.40156153
0.40154493
0.401532
0.4015231
0.40151837
0.40151832
0.4015231
0.4015329
0.40154755
0.40156662
0.4015894
0.40161458
0.40164122
0.40166754
0.40169188
0.40171254
0.40172786
0.4017368
0.40173873
0.4017338
0.40172255
0.40170592
0.40168542
0.40166262
0.40163898
0.4016157
0.4015939
0.40157428
0.4015575
0.40154377
0.40153307
0.401525
0.40151906
0.40151474
0.4015116
0.40150955
0.40150878
0.40150964
0.40151265
0.401518
0.4015256
0.4015353
0.40154654
0.40155858
0.40157053
0.40158135
0.4015904
0.40159732
0.4016026
0.4016074
0.40161285
0.40162054
0.40163147
0.4016465
0.40166572
0.40168872
0.40171468
0.40174234
0.40177014
0.40179676
0.40182093
0.40184173
0.40185854
0.40187097
0.40187907
0.40188313
0.4018835
0.40188074
0.40187514
0.4018669
0.4018562
0.40184307
0.4018273
0.40180898
0.40178806
0.4017647
0.40173927
0.4017123
0.40168464
0.40165734
0.40163162
0.4016086
0.40158904
0.4015736
0.40156248
0.40155563
0.40155268
0.40155303
0.4015561
0.40156135
0.40156853
0.40157744
0.4015878
0.40159926
0.40161115
0.4016226
0.40163276
0.40164077
0.40164635
0.40164933
0.40165016
0.4016496
0.40164846
0.4016476
0.40164727
0.4016475
0.40164828
0.40164933
0.4016505
0.4016517
0.40165305
0.4016543
0.4016552
0.40165517
0.40165368
0.40165037
0.40164512
0.40163827
0.40163046
0.40162286
0.40161663
0.4016129
0.40161234
0.40161523
0.40162122
0.4016295
0.40163887
0.4016479
0.40165493
0.40165842
0.40165716
0.40165058
0.4016384
0.40162107
0.40159953
0.40157497
0.40154874
0.40152222
0.40149674
0.40147343
0.4014529
0.40143558
0.40142164
0.4014111
0.40140373
0.4013992
0.40139705
0.4013969
0.40139833
0.4014011
0.40140516
0.40141052
0.40141743
0.40142587
0.40143582
0.40144727
0.40146008
0.40147427
0.40148976
0.40150672
0.40152523
0.40154564
0.40156823
0.40159297
0.40161946
0.40164703
0.4016746
0.40170085
0.40172437
0.40174362
0.40175787
0.40176666
0.40177026
0.40176934
0.40176472
0.40175754
0.40174872
0.40173927
0.40172997
0.40172133
0.4017136
0.40170658
0.40169975
0.40169218
0.4016834
0.4016729
0.40166053
0.40164664
0.4016319
0.40161732
0.40160394
0.40159306
0.4015855
0.40158176
0.401582
0.4015858
0.4015923
0.40160015
0.40160784
0.40161362
0.40161628
0.40161505
0.40160963
0.4016002
0.40158752
0.40157247
0.40155596
0.401539
0.4015224
0.40150696
0.40149334
0.40148208
0.40147346
0.40146774
0.40146488
0.40146488
0.40146735
0.401472
0.40147868
0.40148732
0.4014979
0.40151033
0.40152422
0.40153936
0.40155506
0.4015708
0.40158564
0.40159917
0.4016111
0.4016215
0.40163046
0.4016382
0.40164468
0.40164945
0.40165222
0.4016525
0.40165016
0.40164536
0.40163854
0.40163028
0.40162113
0.40161183
0.40160322
0.40159613
0.4015913
0.4015892
0.40159023
0.40159446
0.40160173
0.40161192
0.40162465
0.4016393
0.40165532
0.40167177
0.40168756
0.40170187
0.40171376
0.4017227
0.4017285
0.40173122
0.4017309
0.40172768
0.40172127
0.40171126
0.4016974
0.40167955
0.40165803
0.4016337
0.4016075
0.40158066
0.40155435
0.40152976
0.40150765
0.4014889
0.40147385
0.401463
0.40145648
0.40145445
0.4014566
0.40146232
0.40147108
0.401482
0.40149415
0.40150642
0.4015178
0.40152717
0.40153393
0.40153804
0.4015397
0.4015396
0.4015383
0.40153646
0.40153483
0.40153387
0.401534
0.4015355
0.40153882
0.40154436
0.40155232
0.40156278
0.40157554
0.40159002
0.40160555
0.40162134
0.4016366
0.401651
0.4016644
0.40167674
0.40168816
0.40169862
0.40170753
0.4017143
0.40171847
0.40171966
0.4017181
0.40171444
0.40170985
0.40170524
0.40170145
0.40169924
0.40169904
0.4017013
0.40170625
0.40171376
0.40172306
0.40173304
0.401742
0.40174833
0.40175056
0.40174782
0.40173978
0.40172672
0.40170947
0.4016893
0.40166798
0.40164736
0.4016289
0.4016138
0.40160242
0.40159443
0.4015891
0.40158543
0.40158224
0.4015788
0.40157476
0.40157026
0.40156528
0.40156016
0.40155515
0.40155083
0.40154788
0.40154684
0.40154815
0.40155184
0.40155762
0.4015649
0.40157282
0.40158033
0.40158674
0.4015915
0.40159476
0.40159664
0.40159762
0.40159813
0.4015985
0.40159884
0.40159923
0.40159938
0.4015991
0.40159824
0.40159684
0.4015952
0.40159366
0.40159267
0.4015927
0.40159434
0.40159804
0.40160415
0.40161285
0.40162408
0.40163746
0.40165237
0.40166792
0.40168285
0.4016959
0.40170592
0.40171194
0.4017134
0.40171015
0.40170243
0.40169096
0.4016768
0.40166077
0.40164354
0.40162575
0.40160772
0.4015897
0.40157214
0.40155548
0.4015402
0.40152648
0.4015145
0.40150452
0.40149674
0.4014918
0.40148988
0.40149155
0.4014969
0.4015059
0.40151834
0.40153363
0.40155074
0.40156838
0.40158513
0.4015996
0.40161106
0.40161943
0.401625
0.4016288
0.4016319
0.40163547
0.4016401
0.401646
0.40165278
0.40165946
0.40166467
0.40166724
0.40166602
0.40166053
0.40165085
0.4016376
0.40162194
0.4016052
0.4015887
0.40157342
0.40155983
0.40154848
0.40153942
0.40153283
0.40152916
0.401529
0.4015326
0.40153992
0.40155062
0.40156382
0.4015783
0.40159264
0.40160516
0.40161452
0.4016196
0.4016197
0.4016149
0.40160567
0.40159306
0.40157837
0.40156308
0.40154856
0.40153608
0.40152663
0.4015209
0.40151933
0.40152195
0.4015286
0.40153894
0.4015523
0.40156782
0.40158454
0.40160108
0.40161628
0.40162894
0.4016384
0.40164444
0.40164736
0.40164772
0.40164644
0.40164423
0.40164188
0.4016401
0.4016393
0.40164012
0.401643
0.40164825
0.40165597
0.40166605
0.40167803
0.40169173
0.4017063
0.40172112
0.40173474
0.40174595
0.4017537
0.40175703
0.40175554
0.40174928
0.40173858
0.40172425
0.40170723
0.4016884
0.40166843
0.40164787
0.40162736
0.40160763
0.4015896
0.40157405
0.401562
0.40155426
0.40155137
0.40155372
0.40156138
0.40157408
0.40159112
0.40161142
0.40163356
0.40165588
0.40167674
0.40169498
0.4017097
0.40172046
0.40172732
0.40173054
0.40173057
0.40172783
0.40172246
0.40171444
0.4017036
0.4016898
0.40167323
0.40165433
0.401634
0.40161327
0.40159354
0.40157592
0.40156132
0.40155023
0.40154284
0.4015391
0.40153876
0.40154147
0.40154678
0.4015537
0.4015615
0.40156946
0.40157723
0.4015849
0.4015927
0.40160078
0.4016089
0.40161675
0.40162355
0.4016287
0.40163156
0.4016319
0.40162966
0.4016256
0.40162003
0.4016139
0.40160745
0.4016012
0.4015951
0.4015893
0.40158367
0.4015782
0.40157324
0.40156907
0.4015657
0.40156326
0.40156177
0.40156093
0.4015606
0.4015606
0.4015608
0.40156123
0.4015616
0.40156215
0.40156284
0.4015635
0.40156376
0.40156344
0.4015626
0.4015619
0.40156212
0.40156454
0.4015698
0.40157863
0.401591
0.40160662
0.40162468
0.40164393
0.40166306
0.40168062
0.40169558
0.40170693
0.401714
0.40171647
0.40171444
0.40170816
0.40169862
0.4016869
0.40167442
0.40166244
0.4016519
0.40164343
0.40163735
0.4016338
0.4016325
0.40163308
0.4016349
0.40163726
0.4016396
0.40164182
0.4016438
0.40164563
0.4016471
0.4016477
0.40164685
0.40164405
0.40163884
0.40163118
0.40162104
0.40160894
0.4015958
0.40158293
0.40157145
0.40156227
0.40155584
0.40155217
0.40155113
0.40155205
0.4015546
0.40155846
0.4015635
0.40157002
0.4015782
0.4015879
0.40159908
0.40161115
0.4016237
0.40163592
0.40164682
0.40165538
0.40166077
0.4016622
0.40165973
0.4016534
0.40164372
0.40163147
0.4016175
0.4016025
0.40158713
0.40157178
0.401557
0.4015431
0.40153065
0.40152004
0.40151197
0.40150693
0.40150568
0.4015086
0.40151557
0.40152612
0.40153933
0.4015538
0.40156785
0.40157992
0.40158856
0.40159273
0.40159234
0.40158784
0.40158024
0.40157086
0.40156114
0.4015519
0.40154395
0.40153748
0.40153277
0.40152994
0.40152913
0.4015303
0.40153345
0.40153825
0.4015442
0.4015507
0.4015571
0.40156317
0.40156907
0.40157512
0.4015817
0.40158877
0.40159613
0.40160286
0.4016081
0.4016108
0.40161029
0.4016063
0.40159908
0.40158924
0.40157798
0.4015665
0.40155602
0.40154773
0.4015425
0.40154082
0.40154275
0.40154815
0.4015564
0.40156698
0.40157914
0.40159214
0.40160567
0.40161976
0.40163475
0.40165085
0.4016683
0.40168694
0.40170634
0.40172586
0.40174416
0.4017603
0.40177324
0.40178227
0.4017868
0.4017869
0.40178257
0.40177423
0.40176257
0.40174842
0.40173277
0.40171665
0.401701
0.4016867
0.40167475
0.4016656
0.40165952
0.40165612
0.4016546
0.40165365
0.40165174
0.40164763
0.4016404
0.40162978
0.4016162
0.40160048
0.4015837
0.4015672
0.401552
0.401539
0.40152884
0.40152183
0.40151784
0.4015167
0.40151808
0.40152124
0.40152523
0.40152904
0.4015319
0.4015331
0.4015328
0.40153152
0.4015299
0.40152892
0.4015293
0.40153176
0.40153643
0.40154356
0.40155247
0.40156224
0.4015717
0.40157947
0.40158463
0.4015865
0.40158498
0.4015802
0.40157282
0.40156326
0.40155208
0.40153968
0.4015268
0.40151414
0.4015024
0.4014924
0.40148458
0.4014794
0.4014771
0.40147778
0.40148154
0.40148845
0.4014987
0.40151235
0.4015292
0.4015485
0.40156925
0.40159
0.40160894
0.40162432
0.40163463
0.40163895
0.4016367
0.4016281
0.40161404
0.40159586
0.4015752
0.4015538
0.40153307
0.40151423
0.40149802
0.40148494
0.40147525
0.40146923
0.40146703
0.4014691
0.4014754
0.40148595
0.40150058
0.4015188
0.40154025
0.4015641
0.40158963
0.40161604
0.40164277
0.4016695
0.40169576
0.401721
0.40174428
0.40176436
0.40178022
0.4017907
0.40179488
0.40179226
0.4017826
0.4017664
0.40174454
0.40171832
0.40168962
0.40166017
0.40163207
0.4016068
0.4015857
0.4015697
0.4015591
0.40155396
0.4015539
0.40155834
0.40156633
0.40157667
0.40158817
0.40159938
0.40160918
0.40161657
0.40162095
0.40162233
0.40162113
0.40161836
0.40161532
0.4016135
0.40161413
0.40161788
0.4016249
0.40163457
0.40164578
0.40165716
0.40166706
0.40167424
0.40167764
0.4016767
0.40167135
0.4016618
0.40164882
0.40163326
0.401616
0.4015982
0.40158054
0.4015639
0.40154868
0.40153545
0.40152463
0.4015169
0.4015128
0.40151274
0.4015168
0.40152478
0.40153614
0.40154994
0.4015649
0.4015796
0.40159246
0.4016021
0.40160748
0.40160826
0.4016046
0.40159726
0.4015877
0.4015774
0.40156823
0.4015614
0.40155798
0.4015584
0.40156275
0.40157083
0.401582
0.4015954
0.40160996
0.4016241
0.40163633
0.4016451
0.4016494
0.40164864
0.40164325
0.4016339
0.40162218
0.40160963
0.40159795
0.40158835
0.40158153
0.40157768
0.40157652
0.40157744
0.40157962
0.40158248
0.40158573
0.4015893
0.40159342
0.40159804
0.40160304
0.40160817
0.4016125
0.40161526
0.4016155
0.4016126
0.40160644
0.40159717
0.40158558
0.40157264
0.40155953
0.4015472
0.4015364
0.40152782
0.40152168
0.40151832
0.40151748
0.40151894
0.40152207
0.40152583
0.40152916
0.4015313
0.40153155
0.40153003
0.40152723
0.40152407
0.4015215
0.40152037
0.40152118
0.401524
0.40152872
0.40153462
0.4015409
0.4015467
0.40155172
0.40155593
0.40155983
0.40156427
0.4015701
0.40157804
0.40158826
0.40160078
0.40161523
0.40163088
0.40164647
0.40166062
0.40167183
0.40167883
0.40168095
0.4016782
0.40167108
0.40166074
0.40164876
0.4016367
0.40162605
0.4016179
0.40161276
0.40161058
0.401611
0.4016132
0.40161648
0.40162045
0.40162525
0.40163115
0.4016384
0.4016471
0.40165684
0.4016669
0.40167618
0.40168327
0.40168688
0.4016862
0.40168062
0.40167022
0.4016554
0.401637
0.401616
0.401594
0.4015722
0.4015519
0.4015344
0.40152046
0.4015107
0.40150535
0.4015044
0.4015075
0.4015142
0.40152395
0.40153587
0.4015487
0.4015613
0.4015723
0.4015808
0.4015862
0.40158862
0.40158844
0.4015865
0.40158364
0.4015807
0.40157804
0.40157613
0.4015752
0.40157562
0.4015775
0.40158126
0.401587
0.40159476
0.4016044
0.40161535
0.40162706
0.40163848
0.40164882
0.40165702
0.4016622
0.40166417
0.40166265
0.4016581
0.40165117
0.40164292
0.40163416
0.4016257
0.40161797
0.40161127
0.40160546
0.40160075
0.40159717
0.40159494
0.4015946
0.40159655
0.40160134
0.40160877
0.40161842
0.40162924
0.40163976
0.40164843
0.401654
0.40165564
0.40165296
0.40164647
0.4016369
0.40162557
0.40161374
0.4016024
0.40159205
0.4015829
0.40157485
0.40156755
0.40156046
0.40155318
0.40154532
0.40153652
0.40152726
0.40151802
0.40150946
0.4015024
0.4014975
0.40149495
0.40149486
0.4014969
0.40150058
0.40150526
0.40151033
0.40151528
0.4015198
0.40152377
0.40152723
0.40153036
0.40153345
0.4015367
0.40154046
0.4015448
0.40154964
0.4015545
0.4015588
0.4015615
0.40156183
0.40155882
0.40155214
0.40154195
0.4015289
0.40151408
0.4014987
0.40148398
0.4014707
0.40145957
0.40145096
0.40144503
0.4014418
0.40144122
0.401443
0.40144706
0.40145308
0.4014608
0.40146998
0.40148014
0.40149075
0.40150136
0.4015111
0.4015194
0.40152586
0.4015302
0.4015325
0.40153342
0.40153357
0.4015334
0.40153357
0.4015346
0.40153652
0.4015397
0.4015442
0.40154955
0.40155503
0.4015595
0.40156195
0.4015611
0.40155652
0.40154815
0.4015368
0.4015236
0.40150994
0.40149736
0.40148684
0.40147957
0.40147623
0.4014772
0.40148258
0.40149197
0.4015046
0.40151945
0.4015352
0.40155038
0.4015635
0.40157342
0.4015794
0.40158123
0.4015794
0.40157476
0.4015683
0.40156102
0.4015538
0.40154722
0.4015416
0.40153685
0.40153283
0.40152916
0.40152565
0.40152216
0.40151876
0.40151566
0.40151325
0.40151188
0.40151185
0.40151343
0.40151697
0.40152285
0.40153158
0.4015433
0.40155822
0.40157607
0.40159658
0.4016191
0.4016434
0.4016687
0.40169412
0.4017185
0.40174064
0.4017593
0.40177345
0.4017825
0.40178603
0.40178397
0.40177655
0.4017642
0.4017477
0.40172806
0.4017066
0.40168497
0.40166482
0.40164793
0.40163556
0.40162864
0.4016277
0.40163255
0.4016428
0.40165734
0.40167457
0.4016929
0.4017104
0.40172547
0.40173668
0.4017432
0.40174478
0.40174142
0.40173364
0.40172192
0.40170735
0.40169114
0.40167454
0.4016588
0.40164497
0.40163347
0.40162456
0.40161788
0.40161276
0.40160844
0.4016041
0.40159893
0.40159234
0.4015839
0.4015737
0.4015617
0.40154848
0.4015345
0.40152022
0.40150622
0.40149298
0.401481
0.40147093
0.4014636
0.40145975
0.40146005
0.40146503
0.40147492
0.4014896
0.4015085
0.40153083
0.40155506
0.40157977
0.40160316
0.40162346
0.40163913
0.4016496
0.40165445
0.401654
0.40164906
0.40164036
0.40162846
0.4016142
0.40159798
0.40158033
0.40156174
0.401543
0.40152505
0.4015088
0.40149483
0.40148357
0.40147522
0.40146968
0.4014667
0.40146637
0.4014686
0.40147334
0.40148053
0.40148982
0.40150085
0.40151316
0.40152657
0.40154094
0.40155616
0.40157226
0.40158918
0.40160695
0.40162596
0.4016463
0.40166783
0.40169027
0.40171275
0.4017341
0.40175337
0.40176934
0.40178138
0.40178883
0.40179178
0.40179038
0.40178546
0.40177798
0.4017691
0.40176
0.40175164
0.4017447
0.40173933
0.40173513
0.40173134
0.40172672
0.40172008
0.40171054
0.40169775
0.40168166
0.4016629
0.4016422
0.40162092
0.4016001
0.4015806
0.4015633
0.40154865
0.40153724
0.4015293
0.40152484
0.40152362
0.40152496
0.40152824
0.40153295
0.40153843
0.40154466
0.4015513
0.40155822
0.40156496
0.40157107
0.4015758
0.4015787
0.40157932
0.40157798
0.40157503
0.40157112
0.40156665
0.40156198
0.40155715
0.40155208
0.40154684
0.4015414
0.4015362
0.4015316
0.40152788
0.4015251
0.40152314
0.40152192
0.4015211
0.4015204
0.4015199
0.4015199
0.401521
0.40152392
0.40152934
0.40153775
0.40154934
0.4015642
0.40158182
0.40160125
0.40162122
0.40164
0.40165597
0.40166745
0.40167347
0.4016735
0.40166777
0.40165684
0.4016417
0.40162346
0.40160313
0.4015817
0.40155998
0.4015386
0.4015181
0.4014992
0.40148243
0.40146822
0.40145686
0.4014484
0.40144286
0.4014399
0.40143952
0.40144113
0.40144402
0.40144747
0.4014506
0.40145266
0.40145338
0.40145266
0.4014511
0.40144917
0.40144745
0.4014464
0.40144634
0.40144747
0.40144992
0.40145376
0.40145934
0.40146717
0.40147734
0.40148988
0.40150493
0.40152195
0.40154055
0.40155998
0.40157944
0.401598
0.40161455
0.40162796
0.40163746
0.40164274
0.40164408
0.40164214
0.4016376
0.40163136
0.40162423
0.40161702
0.4016109
0.4016068
0.40160564
0.4016079
0.40161374
0.40162286
0.4016345
0.4016479
0.401662
0.401676
0.40168932
0.40170145
0.4017119
0.40172005
0.4017253
0.40172732
0.4017261
0.4017219
0.40171546
0.4017075
0.40169898
0.4016902
0.40168136
0.40167254
0.40166405
0.40165624
0.40164983
0.4016453
0.40164298
0.40164286
0.40164453
0.40164727
0.40164998
0.40165162
0.40165117
0.40164816
0.40164244
0.40163437
0.40162456
0.40161377
0.40160275
0.4015922
0.40158287
0.4015754
0.40157026
0.40156773
0.40156803
0.40157086
0.40157595
0.4015829
0.40159142
0.40160093
0.4016109
0.40162104
0.4016307
0.40163952
0.40164685
0.40165186
0.40165335
0.4016506
0.40164334
0.40163156
0.4016161
0.40159783
0.4015778
0.40155718
0.4015373
0.40151924
0.40150407
0.4014924
0.4014846
0.40148062
0.40148008
0.40148246
0.4014875
0.40149483
0.40150452
0.40151715
0.4015333
0.40155414
0.4015811
0.4016162
0.4016622
0.40172297
0.40180367
0.40191177
0.40205765
0.40225697
0.40253124
0.40290967
0.40343392
0.40416187
0.40517244
0.4065729
0.40850648
0.41119525
0.41486412
0.4198228
0.42654428
0.43567196
0.44781598
