0.4425962
0.4321022
0.4242357
0.41831946
0.41390932
0.41066015
0.4082841
0.40654007
0.40526667
0.40434352
0.40367445
0.40319148
0.40284428
0.4025953
0.4024173
0.4022901
0.40219903
0.4021331
0.40208423
0.4020463
0.40201497
0.40198675
0.40195936
0.4019312
0.40190136
0.40186957
0.40183583
0.40180084
0.40176526
0.40172988
0.4016953
0.40166196
0.40163016
0.4016004
0.40157342
0.40154994
0.40153077
0.4015162
0.4015063
0.40150073
0.40149918
0.40150094
0.4015057
0.40151298
0.4015224
0.4015333
0.4015451
0.4015572
0.40156922
0.4015811
0.40159273
0.4016042
0.4016155
0.40162674
0.4016379
0.40164888
0.4016591
0.40166783
0.40167448
0.40167865
0.40168062
0.40168107
0.40168083
0.4016811
0.40168282
0.40168652
0.40169248
0.40170082
0.40171105
0.40172273
0.40173537
0.40174854
0.40176165
0.4017739
0.40178433
0.40179184
0.40179545
0.40179437
0.40178812
0.4017768
0.40176088
0.4017412
0.40171897
0.40169564
0.4016726
0.401651
0.4016319
0.40161583
0.4016031
0.40159348
0.40158644
0.40158123
0.4015771
0.40157324
0.40156907
0.40156385
0.40155742
0.4015499
0.40154192
0.4015344
0.40152842
0.40152493
0.40152463
0.40152776
0.40153435
0.40154406
0.40155637
0.40157053
0.40158555
0.40160015
0.40161303
0.401623
0.4016296
0.40163288
0.4016334
0.40163225
0.40163058
0.40162963
0.40163043
0.40163368
0.4016397
0.4016485
0.40165964
0.40167227
0.40168574
0.40169883
0.40171048
0.4017194
0.40172458
0.4017252
0.401721
0.40171212
0.40169957
0.40168455
0.40166873
0.40165386
0.40164128
0.40163198
0.40162626
0.40162393
0.40162423
0.40162635
0.40162963
0.40163362
0.40163827
0.40164366
0.4016498
0.40165642
0.4016628
0.40166816
0.40167168
0.4016727
0.4016708
0.4016662
0.40165928
0.4016506
0.40164092
0.40163067
0.40162003
0.40160912
0.40159783
0.40158632
0.40157503
0.40156445
0.4015555
0.40154886
0.40154535
0.4015453
0.40154886
0.40155596
0.40156606
0.4015787
0.40159294
0.40160784
0.40162233
0.40163565
0.4016475
0.40165803
0.40166768
0.40167707
0.40168676
0.40169668
0.4017065
0.4017156
0.40172362
0.4017302
0.40173554
0.40173995
0.40174425
0.40174893
0.40175444
0.4017608
0.40176767
0.40177462
0.40178153
0.40178853
0.40179583
0.40180415
0.40181378
0.40182486
0.4018371
0.40184993
0.40186262
0.40187413
0.40188363
0.40189034
0.40189362
0.40189314
0.40188882
0.4018807
0.4018693
0.40185556
0.4018407
0.4018261
0.40181342
0.40180394
0.40179822
0.40179628
0.40179744
0.40180057
0.40180427
0.40180713
0.40180805
0.40180647
0.4018023
0.40179604
0.40178853
0.4017809
0.40177432
0.40176997
0.40176857
0.40177023
0.40177503
0.4017821
0.40179062
0.40179947
0.4018076
0.40181428
0.40181854
0.40181977
0.4018174
0.4018114
0.40180203
0.4017901
0.4017768
0.40176344
0.40175125
0.40174127
0.40173396
0.4017293
0.40172663
0.40172502
0.4017235
0.40172118
0.40171784
0.4017137
0.4017096
0.4017062
0.4017043
0.40170425
0.401706
0.4017094
0.4017144
0.4017217
0.40173227
0.4017484
0.4017729
0.4018099
0.4018649
0.4019457
0.40206346
0.40223405
0.4024819
0.4028372
0.40334252
0.4040567
0.40505892
0.40645623
0.40839115
0.41108534
0.41476253
0.4197321
0.4264673
0.4356104
0.44777113
