0.44259098
0.43209293
0.42421988
0.4182939
0.41387087
0.41060576
0.40821263
0.40645146
0.40516186
0.40422484
0.4035442
0.40305176
0.40269628
0.40243936
0.40225253
0.40211493
0.4020115
0.4019317
0.40186822
0.40181625
0.40177253
0.40173483
0.40170175
0.4016722
0.40164617
0.4016238
0.40160564
0.4015925
0.4015848
0.40158266
0.401586
0.4015943
0.40160704
0.40162322
0.40164205
0.40166235
0.40168288
0.40170234
0.40171954
0.40173337
0.40174294
0.40174773
0.4017478
0.4017434
0.40173537
0.40172443
0.4017116
0.40169805
0.4016848
0.4016725
0.40166196
0.40165347
0.40164736
0.4016436
0.4016417
0.4016408
0.4016396
0.40163687
0.40163136
0.40162253
0.40161014
0.40159443
0.40157598
0.40155575
0.40153447
0.40151325
0.40149298
0.4014743
0.4014578
0.40144378
0.40143234
0.4014235
0.40141726
0.40141353
0.4014121
0.40141287
0.40141553
0.4014198
0.40142527
0.40143174
0.4014391
0.40144756
0.40145764
0.4014694
0.40148318
0.4014988
0.40151614
0.40153474
0.4015542
0.4015741
0.4015941
0.40161392
0.4016333
0.4016517
0.40166852
0.40168312
0.40169472
0.4017027
0.40170676
0.40170678
0.40170318
0.4016966
0.4016877
0.4016772
0.401666
0.40165466
0.40164408
0.40163478
0.40162766
0.40162322
0.4016221
0.40162465
0.40163103
0.40164092
0.4016534
0.40166736
0.40168133
0.401694
0.40170422
0.4017114
0.4017153
0.40171596
0.40171394
0.4017099
0.4017047
0.4016991
0.4016938
0.4016891
0.401685
0.4016808
0.40167567
0.4016684
0.40165812
0.40164447
0.40162757
0.40160817
0.40158746
0.40156695
0.4015481
0.40153185
0.40151903
0.4015101
0.40150514
0.401504
0.40150613
0.40151098
0.40151772
0.40152538
0.4015331
0.40153986
0.40154496
0.401548
0.40154925
0.401549
0.401548
0.40154672
0.40154552
0.40154448
0.40154362
0.40154302
0.4015427
0.40154302
0.40154454
0.4015477
0.40155286
0.40156016
0.4015696
0.40158093
0.40159377
0.40160754
0.40162134
0.4016342
0.4016449
0.4016523
0.40165552
0.40165415
0.40164828
0.4016384
0.40162525
0.40160975
0.40159264
0.4015746
0.40155625
0.40153807
0.40152064
0.40150478
0.40149102
0.40148005
0.40147206
0.40146708
0.40146488
0.40146518
0.40146777
0.40147263
0.40148002
0.40149015
0.4015034
0.40151975
0.401539
0.40156093
0.401585
0.40161043
0.40163657
0.40166298
0.40168884
0.40171352
0.40173605
0.40175542
0.40177068
0.4017811
0.4017863
0.4017859
0.40178004
0.40176877
0.4017523
0.40173104
0.40170544
0.4016764
0.40164503
0.40161312
0.4015824
0.40155447
0.40153056
0.40151146
0.40149766
0.40148908
0.40148535
0.40148577
0.40148947
0.40149555
0.40150318
0.40151185
0.40152147
0.4015322
0.40154433
0.4015578
0.40157276
0.40158844
0.4016041
0.40161836
0.40163013
0.4016382
0.40164214
0.40164167
0.40163735
0.40162995
0.40162024
0.4016092
0.40159747
0.4015856
0.40157402
0.4015629
0.40155295
0.40154436
0.40153745
0.40153244
0.40152916
0.40152755
0.4015271
0.40152755
0.40152833
0.401529
0.4015296
0.40152994
0.40153015
0.4015302
0.40153024
0.40153012
0.40152937
0.40152776
0.40152493
0.40152094
0.40151623
0.40151152
0.40150753
0.40150493
0.40150407
0.40150496
0.40150738
0.40151098
0.40151533
0.40152004
0.40152448
0.40152788
0.40152955
0.4015289
0.40152577
0.40152058
0.40151408
0.40150723
0.4015009
0.40149578
0.40149236
0.40149084
0.40149143
0.4014941
0.40149847
0.40150416
0.40151048
0.40151697
0.40152335
0.4015296
0.40153557
0.40154123
0.40154636
0.40155068
0.4015541
0.40155676
0.4015591
0.40156174
0.4015653
0.40157023
0.40157658
0.40158418
0.40159252
0.40160117
0.4016095
0.40161738
0.4016247
0.40163204
0.40163988
0.40164885
0.40165922
0.40167072
0.40168253
0.40169322
0.40170136
0.4017056
0.40170506
0.40169942
0.40168917
0.40167525
0.40165886
0.40164164
0.40162492
0.40160993
0.4015976
0.4015885
0.40158287
0.40158042
0.40158057
0.40158245
0.4015852
0.4015882
0.40159127
0.4015947
0.40159878
0.40160406
0.40161067
0.4016188
0.40162846
0.40163964
0.40165204
0.40166527
0.4016789
0.40169272
0.40170676
0.40172118
0.40173584
0.40175077
0.40176538
0.40177897
0.40179068
0.40179974
0.4018053
0.40180683
0.40180385
0.40179622
0.40178373
0.40176633
0.40174428
0.4017181
0.4016889
0.40165797
0.40162674
0.40159672
0.4015694
0.40154594
0.40152723
0.4015138
0.4015057
0.4015028
0.40150452
0.40151006
0.4015185
0.40152872
0.40153965
0.4015504
0.40156013
0.40156808
0.40157416
0.40157878
0.40158263
0.4015868
0.40159217
0.4015993
0.40160832
0.40161926
0.40163147
0.4016442
0.40165615
0.4016662
0.4016731
0.40167645
0.40167603
0.40167236
0.4016662
0.40165848
0.4016498
0.40164104
0.40163264
0.4016249
0.40161806
0.40161237
0.4016079
0.40160447
0.40160164
0.40159887
0.40159598
0.40159252
0.4015891
0.4015862
0.40158466
0.4015851
0.40158793
0.40159371
0.40160224
0.4016135
0.40162754
0.40164453
0.40166503
0.4016891
0.40171665
0.40174708
0.4017794
0.40181237
0.40184453
0.40187487
0.40190244
0.4019267
0.40194714
0.40196362
0.40197614
0.40198466
0.4019893
0.4019902
0.40198752
0.4019815
0.4019722
0.40195966
0.40194383
0.40192452
0.40190178
0.4018757
0.40184662
0.40181515
0.40178216
0.4017487
0.40171567
0.40168393
0.401654
0.4016262
0.40160045
0.4015766
0.4015546
0.4015347
0.40151724
0.40150288
0.40149197
0.4014847
0.40148115
0.40148127
0.40148494
0.40149185
0.4015015
0.4015131
0.40152586
0.40153867
0.40155038
0.40155974
0.4015659
0.40156844
0.4015676
0.4015645
0.40156072
0.40155825
0.40155914
0.40156546
0.40157914
0.40160194
0.401636
0.40168363
0.40174833
0.40183502
0.40195107
0.40210733
0.4023199
0.40260994
0.40300637
0.40354988
0.40429726
0.4053256
0.40674025
0.40868264
0.41137308
0.4150363
0.41998193
0.426683
0.43578428
0.4478984
