0.44253013
0.4320116
0.42411903
0.41817412
0.41373357
0.41045204
0.40804508
0.406272
0.40497157
0.40402505
0.40333596
0.40283644
0.40247616
0.40221822
0.40203536
0.4019074
0.40181965
0.40176085
0.40172264
0.40169847
0.4016834
0.40167356
0.40166593
0.4016588
0.40165117
0.40164325
0.40163568
0.40162948
0.40162587
0.40162587
0.40163028
0.40163925
0.40165237
0.4016687
0.40168676
0.40170506
0.4017221
0.40173674
0.4017483
0.40175676
0.4017628
0.40176743
0.40177175
0.40177706
0.4017844
0.40179414
0.40180606
0.4018192
0.4018323
0.4018438
0.4018524
0.40185702
0.40185684
0.40185153
0.40184116
0.40182585
0.40180644
0.40178382
0.40175915
0.40173346
0.40170777
0.4016825
0.40165773
0.40163326
0.4016089
0.40158495
0.40156156
0.40153912
0.40151832
0.40149948
0.4014829
0.40146863
0.40145668
0.4014468
0.40143883
0.401433
0.40142947
0.40142846
0.4014301
0.40143445
0.40144148
0.40145075
0.401462
0.4014744
0.40148717
0.40149948
0.4015103
0.40151918
0.40152603
0.40153116
0.401535
0.40153813
0.40154096
0.4015439
0.40154734
0.40155146
0.40155625
0.40156147
0.4015672
0.40157357
0.40158102
0.4015899
0.4016004
0.40161225
0.40162492
0.40163752
0.4016489
0.40165794
0.40166348
0.40166512
0.4016629
0.40165743
0.4016498
0.40164122
0.40163264
0.4016247
0.40161794
0.4016121
0.4016069
0.40160182
0.4015964
0.4015906
0.4015844
0.4015781
0.401572
0.40156624
0.40156108
0.4015568
0.40155357
0.40155163
0.40155104
0.40155187
0.40155405
0.40155762
0.4015623
0.4015679
0.4015741
0.4015806
0.4015871
0.4015932
0.40159896
0.40160453
0.40161005
0.40161562
0.40162122
0.40162697
0.40163293
0.40163928
0.40164626
0.40165406
0.40166262
0.40167165
0.40168092
0.40169024
0.40169933
0.40170777
0.40171504
0.40172037
0.40172336
0.40172383
0.40172178
0.40171728
0.40171057
0.40170157
0.4016906
0.40167832
0.40166587
0.40165427
0.40164503
0.4016391
0.4016372
0.40163958
0.40164623
0.40165678
0.40167058
0.40168652
0.40170315
0.40171894
0.4017321
0.4017414
0.4017456
0.40174425
0.40173706
0.40172452
0.4017074
0.40168688
0.4016643
0.40164095
0.4016179
0.40159616
0.40157643
0.40155944
0.40154573
0.40153578
0.4015297
0.40152764
0.40152916
0.40153366
0.40154046
0.40154868
0.4015575
0.40156603
0.40157342
0.40157887
0.40158173
0.4015815
0.40157792
0.40157145
0.40156275
0.401553
0.40154353
0.4015356
0.40153036
0.40152875
0.40153158
0.4015389
0.40155053
0.40156603
0.4015845
0.40160477
0.40162557
0.40164548
0.40166277
0.4016761
0.40168422
0.4016866
0.40168327
0.40167457
0.40166125
0.40164447
0.4016256
0.40160576
0.4015864
0.40156838
0.4015527
0.40154
0.4015308
0.4015252
0.40152296
0.40152383
0.4015273
0.40153274
0.40153965
0.40154737
0.40155524
0.40156206
0.40156686
0.4015686
0.40156677
0.4015613
0.40155232
0.40154037
0.40152627
0.4015109
0.40149543
0.40148085
0.4014683
0.4014587
0.40145257
0.40145013
0.40145138
0.40145588
0.4014632
0.40147257
0.40148315
0.40149403
0.40150434
0.40151328
0.40152004
0.40152422
0.40152586
0.40152535
0.4015233
0.4015202
0.40151647
0.4015125
0.40150896
0.4015064
0.4015052
0.4015057
0.40150818
0.4015132
0.40152088
0.40153128
0.4015442
0.40155923
0.40157574
0.4015928
0.40160957
0.40162542
0.40164003
0.4016529
0.40166375
0.40167177
0.40167618
0.4016764
0.40167192
0.4016629
0.40164965
0.40163326
0.4016149
0.4015961
0.40157834
0.401563
0.4015514
0.4015443
0.40154213
0.40154463
0.40155113
0.40156022
0.40157026
0.4015795
0.40158606
0.40158877
0.40158707
0.40158126
0.40157202
0.40156046
0.40154755
0.40153423
0.40152118
0.40150854
0.40149656
0.40148526
0.4014748
0.40146524
0.40145674
0.4014495
0.40144348
0.40143865
0.40143493
0.4014324
0.40143114
0.40143147
0.40143356
0.40143764
0.40144357
0.40145132
0.40146068
0.40147135
0.40148324
0.40149623
0.40150973
0.40152323
0.40153587
0.40154672
0.40155455
0.40155825
0.40155727
0.4015514
0.40154108
0.40152732
0.4015113
0.4014945
0.40147814
0.4014631
0.40144998
0.40143928
0.4014314
0.40142655
0.40142506
0.4014274
0.40143368
0.40144423
0.40145883
0.40147743
0.4014995
0.40152448
0.40155154
0.40157953
0.40160713
0.40163323
0.4016565
0.40167582
0.4016903
0.4016996
0.4017038
0.40170345
0.40169966
0.40169385
0.40168786
0.40168354
0.4016824
0.40168568
0.401694
0.4017074
0.40172553
0.40174717
0.401771
0.40179542
0.40181863
0.40183926
0.401856
0.4018678
0.40187407
0.40187415
0.40186808
0.4018559
0.40183806
0.40181547
0.4017893
0.4017611
0.40173277
0.40170616
0.40168285
0.4016642
0.40165097
0.4016431
0.4016404
0.40164196
0.40164673
0.40165335
0.40166038
0.4016668
0.40167212
0.40167618
0.40167937
0.40168232
0.40168583
0.40169072
0.40169755
0.4017068
0.40171874
0.40173307
0.40174907
0.40176553
0.40178108
0.4017944
0.4018045
0.4018111
0.401814
0.40181375
0.40181124
0.40180752
0.4018039
0.40180156
0.40180102
0.40180266
0.40180597
0.40181047
0.40181515
0.40181962
0.4018235
0.40182683
0.40183014
0.40183404
0.40183944
0.40184695
0.401857
0.40186945
0.40188354
0.40189835
0.40191302
0.40192655
0.4019383
0.40194762
0.4019541
0.40195748
0.40195745
0.4019539
0.40194675
0.40193594
0.40192124
0.40190265
0.4018801
0.40185362
0.4018238
0.40179121
0.4017569
0.40172213
0.4016878
0.40165487
0.40162402
0.40159568
0.4015705
0.40154874
0.40153098
0.4015174
0.40150836
0.40150383
0.40150374
0.40150765
0.40151498
0.40152457
0.40153503
0.40154484
0.40155235
0.40155637
0.401556
0.40155128
0.4015427
0.40153107
0.40151763
0.40150356
0.40148988
0.40147784
0.4014684
0.4014626
0.40146127
0.40146488
0.40147376
0.40148798
0.40150735
0.4015313
0.40155926
0.40158996
0.40162218
0.4016541
0.4016836
0.4017087
0.40172783
0.4017397
0.4017437
0.4017399
0.40172875
0.40171131
0.401689
0.4016635
0.4016367
0.40161043
0.40158632
0.40156564
0.40154907
0.40153697
0.40152892
0.40152422
0.40152183
0.4015207
0.40152
0.40151912
0.40151748
0.40151483
0.40151113
0.4015063
0.4015004
0.40149376
0.40148672
0.40147984
0.40147346
0.40146798
0.4014636
0.4014605
0.40145853
0.40145764
0.4014574
0.40145785
0.40145883
0.4014604
0.40146282
0.4014664
0.4014718
0.40147963
0.40149033
0.40150437
0.40152225
0.4015442
0.40157026
0.40160024
0.40163368
0.40166986
0.4017076
0.40174565
0.4017828
0.40181783
0.40185
0.40187874
0.401904
0.40192574
0.4019443
0.40195984
0.40197253
0.40198252
0.40198973
0.40199387
0.4019946
0.40199158
0.4019846
0.40197352
0.40195838
0.4019394
0.4019167
0.40189084
0.4018622
0.40183148
0.4017995
0.40176716
0.40173578
0.40170676
0.40168148
0.4016611
0.40164617
0.40163672
0.40163237
0.4016322
0.40163517
0.4016399
0.40164486
0.40164846
0.40164956
0.4016473
0.40164167
0.40163308
0.40162244
0.40161073
0.40159878
0.40158734
0.40157717
0.4015689
0.40156266
0.4015588
0.40155712
0.40155765
0.40156046
0.4015654
0.4015724
0.40158138
0.40159217
0.40160465
0.4016184
0.40163296
0.4016476
0.40166163
0.40167454
0.401686
0.40169567
0.40170306
0.40170786
0.40170947
0.40170756
0.40170205
0.40169293
0.40168077
0.40166593
0.40164906
0.40163043
0.40161055
0.4015898
0.4015686
0.40154737
0.40152654
0.40150654
0.40148756
0.40147
0.40145436
0.40144107
0.40143046
0.401423
0.40141878
0.40141782
0.40141988
0.40142474
0.40143222
0.40144232
0.40145504
0.40147018
0.40148774
0.40150717
0.40152797
0.40154994
0.4015723
0.40159458
0.40161592
0.40163574
0.4016534
0.401669
0.4016827
0.4016949
0.40170616
0.40171665
0.40172622
0.40173456
0.40174112
0.40174535
0.40174696
0.40174583
0.40174216
0.40173647
0.40172914
0.4017209
0.40171227
0.40170375
0.40169564
0.40168786
0.40168017
0.40167207
0.40166324
0.40165374
0.40164387
0.4016342
0.40162534
0.4016173
0.40161055
0.40160483
0.4015998
0.4015949
0.40158954
0.40158343
0.4015765
0.4015688
0.4015607
0.40155247
0.4015444
0.40153652
0.4015292
0.4015228
0.40151778
0.40151492
0.40151486
0.40151823
0.4015256
0.4015372
0.40155318
0.40157342
0.4015972
0.40162364
0.4016513
0.4016786
0.40170392
0.40172532
0.40174115
0.4017501
0.4017512
0.40174413
0.4017291
0.401707
0.401679
0.4016468
0.4016125
0.40157822
0.40154597
0.40151745
0.4014938
0.40147546
0.40146264
0.40145513
0.4014525
0.40145403
0.40145874
0.40146574
0.40147382
0.40148208
0.40148976
0.40149635
0.4015015
0.40150544
0.4015086
0.40151167
0.401515
0.401519
0.40152374
0.4015291
0.40153491
0.40154096
0.40154725
0.40155372
0.40156028
0.40156665
0.40157294
0.40157932
0.40158617
0.40159366
0.40160158
0.4016095
0.40161678
0.40162244
0.40162557
0.4016257
0.4016226
0.4016166
0.4016085
0.40159944
0.40159056
0.40158278
0.4015766
0.40157232
0.40156972
0.4015685
0.40156823
0.40156856
0.4015693
0.40157056
0.4015727
0.40157652
0.40158254
0.401591
0.40160182
0.4016142
0.40162712
0.40163928
0.4016497
0.40165785
0.40166354
0.4016669
0.40166858
0.40166906
0.401669
0.4016687
0.40166834
0.40166783
0.40166676
0.40166503
0.40166256
0.40165937
0.40165576
0.40165174
0.40164718
0.40164155
0.40163428
0.40162513
0.40161416
0.4016018
0.4015889
0.4015763
0.401565
0.40155542
0.40154815
0.4015432
0.40154043
0.40153942
0.40153953
0.40153992
0.4015398
0.4015384
0.4015355
0.4015311
0.4015253
0.40151843
0.40151092
0.40150318
0.40149558
0.40148854
0.40148222
0.40147674
0.40147215
0.40146837
0.40146548
0.4014637
0.40146327
0.4014646
0.4014679
0.401473
0.4014799
0.40148816
0.40149757
0.40150803
0.4015194
0.40153155
0.4015445
0.40155822
0.4015724
0.4015871
0.40160215
0.40161747
0.40163252
0.40164632
0.40165803
0.4016666
0.40167147
0.40167248
0.40166995
0.40166473
0.40165758
0.4016494
0.4016408
0.40163222
0.4016242
0.40161708
0.40161133
0.40160728
0.4016049
0.40160424
0.40160528
0.4016078
0.40161166
0.40161702
0.4016238
0.40163207
0.4016415
0.4016515
0.40166137
0.40166974
0.40167576
0.4016786
0.4016778
0.40167353
0.4016662
0.40165675
0.40164572
0.4016338
0.40162113
0.40160796
0.40159458
0.4015812
0.4015677
0.40155405
0.40154037
0.40152696
0.4015141
0.4015021
0.40149114
0.40148133
0.40147308
0.4014664
0.40146172
0.40145916
0.40145883
0.4014608
0.40146497
0.4014712
0.40147915
0.40148816
0.4014975
0.4015062
0.4015132
0.40151748
0.4015187
0.4015169
0.40151274
0.40150705
0.4015009
0.40149522
0.40149072
0.40148786
0.40148693
0.4014882
0.40149173
0.40149784
0.4015067
0.40151793
0.40153107
0.4015454
0.40156
0.40157387
0.4015865
0.40159747
0.40160707
0.40161583
0.4016243
0.40163267
0.40164098
0.40164906
0.40165657
0.40166348
0.40166995
0.40167645
0.40168312
0.40169027
0.40169802
0.40170616
0.40171444
0.40172222
0.40172914
0.40173504
0.40173995
0.40174413
0.40174788
0.40175122
0.40175375
0.40175503
0.40175417
0.40175042
0.40174335
0.40173274
0.40171906
0.40170285
0.40168515
0.40166697
0.40164933
0.40163332
0.4016198
0.40160936
0.40160227
0.4015986
0.4015981
0.40160024
0.40160438
0.40160945
0.40161458
0.401619
0.40162238
0.4016247
0.4016264
0.40162787
0.40162966
0.40163234
0.4016361
0.40164107
0.4016474
0.4016552
0.40166476
0.40167657
0.4016908
0.40170753
0.40172672
0.4017482
0.40177152
0.40179577
0.40182024
0.40184405
0.4018667
0.40188766
0.40190646
0.4019229
0.40193668
0.40194762
0.4019557
0.40196094
0.40196356
0.4019639
0.40196216
0.40195853
0.401953
0.40194556
0.40193635
0.40192536
0.40191305
0.40190008
0.40188745
0.40187618
0.40186724
0.40186128
0.40185836
0.40185812
0.40185982
0.40186223
0.40186408
0.40186396
0.40186062
0.40185317
0.40184087
0.4018235
0.40180123
0.40177473
0.40174478
0.40171263
0.40167937
0.40164614
0.40161398
0.40158376
0.40155613
0.40153134
0.4015096
0.40149078
0.4014745
0.40146053
0.40144864
0.4014385
0.40142977
0.40142235
0.4014161
0.4014108
0.40140662
0.40140364
0.40140215
0.40140235
0.4014044
0.40140843
0.4014143
0.40142164
0.40143022
0.4014395
0.4014491
0.40145868
0.40146777
0.40147614
0.40148374
0.4014905
0.40149665
0.40150246
0.40150854
0.401515
0.4015221
0.4015297
0.40153763
0.40154576
0.40155387
0.4015622
0.40157086
0.4015799
0.40158927
0.40159833
0.4016062
0.4016119
0.40161467
0.40161446
0.40161163
0.40160713
0.40160227
0.40159833
0.40159622
0.40159664
0.40159985
0.40160567
0.40161347
0.40162233
0.40163115
0.40163898
0.40164512
0.40164933
0.40165132
0.40165076
0.4016477
0.40164238
0.40163562
0.40162855
0.40162244
0.40161884
0.40161914
0.40162492
0.4016376
0.4016588
0.40169
0.4017335
0.40179238
0.4018715
0.40197787
0.40212166
0.40231812
0.4025896
0.40296513
0.40348673
0.40421256
0.40522173
0.4066213
0.40855405
0.4112413
0.41490778
0.41986272
0.4265788
0.43569973
0.4478363
