0.4425755
0.4320688
0.42418388
0.41824278
0.41380256
0.41051906
0.40810892
0.40633276
0.40503034
0.40408325
0.40339485
0.40289655
0.40253693
0.40227804
0.40209192
0.40195823
0.40186253
0.4017946
0.40174708
0.40171424
0.40169182
0.40167657
0.40166628
0.40165928
0.4016547
0.40165162
0.40164906
0.40164617
0.4016417
0.40163496
0.40162548
0.4016134
0.40159944
0.40158457
0.40156978
0.4015562
0.40154466
0.4015355
0.4015291
0.4015254
0.40152395
0.40152407
0.40152484
0.40152586
0.40152645
0.40152663
0.4015261
0.40152466
0.40152192
0.40151778
0.4015123
0.40150577
0.40149847
0.4014908
0.401483
0.40147543
0.40146852
0.40146282
0.40145883
0.4014572
0.40145826
0.40146232
0.4014695
0.40147993
0.4014935
0.40151024
0.4015302
0.40155312
0.40157908
0.40160757
0.40163806
0.40166947
0.4017005
0.40172967
0.40175563
0.40177733
0.40179396
0.40180522
0.40181124
0.4018123
0.40180913
0.4018027
0.40179366
0.40178236
0.40176892
0.40175316
0.40173522
0.40171495
0.40169278
0.40166906
0.4016448
0.40162107
0.40159878
0.40157914
0.40156257
0.40154925
0.401539
0.4015313
0.40152553
0.40152118
0.40151823
0.40151697
0.40151793
0.40152156
0.40152812
0.40153754
0.40154943
0.40156317
0.40157795
0.40159276
0.40160662
0.40161848
0.40162745
0.40163326
0.40163583
0.40163565
0.4016335
0.40163028
0.40162703
0.4016248
0.40162423
0.40162563
0.40162906
0.40163404
0.40163958
0.40164477
0.40164855
0.40165043
0.40165004
0.40164742
0.40164274
0.40163612
0.40162784
0.40161803
0.4016067
0.40159383
0.40157938
0.40156332
0.4015459
0.40152773
0.40150943
0.40149185
0.40147573
0.40146187
0.4014509
0.4014432
0.4014391
0.40143856
0.40144154
0.40144777
0.40145677
0.40146795
0.40148067
0.4014944
0.40150827
0.40152144
0.40153334
0.40154347
0.40155149
0.4015578
0.4015628
0.4015671
0.40157124
0.40157592
0.40158162
0.40158886
0.40159774
0.4016085
0.40162084
0.40163445
0.40164888
0.40166348
0.40167746
0.40168986
0.40169963
0.40170586
0.40170813
0.40170628
0.4017008
0.4016926
0.401683
0.4016732
0.40166453
0.40165788
0.40165383
0.40165263
0.40165406
0.40165752
0.401662
0.40166613
0.4016686
0.40166834
0.40166464
0.40165734
0.40164673
0.40163368
0.40161952
0.4016056
0.4015933
0.40158358
0.40157732
0.40157506
0.40157685
0.4015826
0.40159172
0.40160304
0.40161532
0.4016268
0.40163583
0.40164134
0.40164274
0.40164044
0.40163526
0.4016288
0.4016226
0.40161797
0.40161595
0.40161714
0.40162155
0.4016289
0.4016385
0.40164948
0.40166074
0.401671
0.4016791
0.4016842
0.40168595
0.4016846
0.4016809
0.40167585
0.40167063
0.40166646
0.40166432
0.40166453
0.4016669
0.4016708
0.40167525
0.4016791
0.4016815
0.40168226
0.40168175
0.4016808
0.40168026
0.40168077
0.40168267
0.4016859
0.40168953
0.4016926
0.40169412
0.40169355
0.4016907
0.40168577
0.4016794
0.40167224
0.40166488
0.40165743
0.40164968
0.40164128
0.40163174
0.40162092
0.40160874
0.4015952
0.4015806
0.40156513
0.4015492
0.40153307
0.40151742
0.40150294
0.4014905
0.40148082
0.40147462
0.4014727
0.40147555
0.40148368
0.40149713
0.40151566
0.40153912
0.4015668
0.401598
0.40163192
0.40166765
0.40170437
0.4017409
0.40177596
0.40180838
0.40183705
0.40186104
0.40188
0.40189368
0.40190223
0.40190598
0.40190557
0.40190187
0.4018958
0.4018885
0.40188122
0.4018754
0.40187284
0.4018756
0.4018869
0.40191153
0.40195584
0.4020292
0.40214378
0.40231636
0.40257174
0.40293974
0.4034616
0.40419433
0.4052148
0.40662763
0.40857318
0.4112711
0.4149441
0.41990158
0.42661652
0.4357321
0.4478607
