0.44250253
0.4319765
0.42407852
0.41813055
0.41368902
0.4104089
0.40800574
0.40623847
0.4049458
0.40400884
0.40333122
0.4028447
0.40249857
0.40225473
0.40208519
0.40196863
0.40188923
0.40183538
0.4017983
0.40177178
0.40175146
0.4017344
0.40171888
0.40170392
0.40168887
0.40167347
0.40165737
0.40164065
0.40162334
0.4016057
0.40158826
0.40157127
0.40155542
0.40154105
0.40152875
0.4015191
0.40151244
0.40150875
0.40150774
0.40150893
0.40151176
0.4015156
0.4015198
0.4015242
0.40152857
0.40153304
0.40153727
0.401541
0.40154395
0.40154582
0.40154645
0.40154573
0.40154395
0.4015415
0.4015391
0.40153742
0.40153697
0.40153787
0.40153977
0.40154213
0.40154433
0.40154603
0.40154713
0.40154815
0.40154946
0.40155157
0.40155494
0.40155998
0.40156654
0.4015744
0.401583
0.4015915
0.40159905
0.4016045
0.4016068
0.40160528
0.40159962
0.40159026
0.40157777
0.40156344
0.40154853
0.40153423
0.40152168
0.40151176
0.40150514
0.4015021
0.40150252
0.40150598
0.40151155
0.4015186
0.40152642
0.40153435
0.4015421
0.4015495
0.40155703
0.40156534
0.4015754
0.4015878
0.40160328
0.40162194
0.40164378
0.40166834
0.4016949
0.4017224
0.40174997
0.4017766
0.40180162
0.4018246
0.4018448
0.40186206
0.40187585
0.40188584
0.40189165
0.401893
0.40188968
0.40188175
0.40186962
0.40185383
0.4018352
0.4018148
0.4017937
0.4017731
0.4017539
0.40173653
0.40172073
0.40170583
0.4016906
0.40167415
0.40165576
0.40163532
0.40161335
0.40159085
0.4015689
0.40154883
0.40153158
0.40151802
0.4015085
0.40150312
0.40150136
0.40150255
0.40150544
0.40150893
0.4015119
0.40151364
0.401514
0.40151286
0.40151072
0.4015081
0.40150577
0.4015045
0.40150493
0.4015074
0.40151194
0.40151823
0.40152553
0.4015327
0.40153867
0.4015422
0.40154243
0.401539
0.40153205
0.40152228
0.40151092
0.40149948
0.4014894
0.40148205
0.40147847
0.4014793
0.4014852
0.40149638
0.4015127
0.40153414
0.40156028
0.4015904
0.4016237
0.40165895
0.40169463
0.40172908
0.4017608
0.4017886
0.40181154
0.40182918
0.40184104
0.40184727
0.4018477
0.40184236
0.40183133
0.4018148
0.4017933
0.40176758
0.4017387
0.40170807
0.4016773
0.40164787
0.40162107
0.40159798
0.4015794
0.4015657
0.40155703
0.40155324
0.4015542
0.40155917
0.40156755
0.40157822
0.40159014
0.4016022
0.40161344
0.4016232
0.40163094
0.40163672
0.4016405
0.4016422
0.40164155
0.4016382
0.40163186
0.40162244
0.40161005
0.4015955
0.40157974
0.4015642
0.40155008
0.4015384
0.4015299
0.40152496
0.40152353
0.40152547
0.40153047
0.4015379
0.40154728
0.40155792
0.40156925
0.40158093
0.40159264
0.40160438
0.4016158
0.40162656
0.40163603
0.4016436
0.40164882
0.4016517
0.4016524
0.4016513
0.40164855
0.40164438
0.40163848
0.40163064
0.40162048
0.401608
0.40159366
0.4015784
0.40156335
0.4015496
0.40153816
0.40152964
0.40152445
0.40152255
0.40152356
0.40152702
0.40153217
0.40153855
0.40154576
0.4015538
0.4015629
0.40157342
0.40158513
0.40159765
0.40161023
0.40162173
0.4016309
0.40163678
0.40163887
0.40163726
0.4016323
0.40162495
0.40161586
0.40160587
0.40159565
0.4015856
0.40157598
0.4015666
0.40155768
0.4015492
0.40154138
0.40153483
0.40153033
0.40152863
0.40153036
0.40153566
0.40154448
0.40155637
0.40157053
0.4015858
0.4016008
0.40161404
0.4016242
0.4016302
0.40163174
0.40162882
0.40162182
0.4016117
0.40159968
0.4015872
0.40157562
0.40156597
0.4015589
0.4015546
0.40155298
0.40155336
0.40155506
0.40155712
0.40155873
0.40155914
0.40155798
0.40155506
0.40155026
0.4015438
0.40153587
0.40152705
0.40151775
0.40150875
0.40150094
0.40149522
0.40149212
0.40149194
0.40149435
0.40149876
0.40150422
0.40150964
0.401514
0.40151647
0.40151688
0.4015153
0.40151215
0.40150788
0.40150297
0.40149796
0.4014933
0.40148976
0.4014878
0.4014879
0.4014903
0.40149522
0.40150267
0.4015126
0.40152463
0.4015384
0.40155318
0.401568
0.4015816
0.4015928
0.40160078
0.4016051
0.4016059
0.40160373
0.40159938
0.40159357
0.40158692
0.40157998
0.40157342
0.40156797
0.4015644
0.40156314
0.40156466
0.40156892
0.40157548
0.4015833
0.40159145
0.4015985
0.40160373
0.40160644
0.4016064
0.401604
0.4016
0.40159553
0.4015916
0.40158895
0.40158805
0.40158904
0.4015916
0.40159494
0.4015981
0.40159988
0.4015994
0.40159616
0.40159014
0.4015818
0.40157202
0.4015617
0.4015519
0.40154365
0.40153804
0.4015359
0.40153763
0.40154335
0.4015529
0.40156573
0.4015811
0.40159768
0.40161407
0.40162864
0.40163994
0.4016468
0.40164855
0.40164512
0.40163687
0.40162462
0.40160963
0.4015931
0.40157625
0.40155983
0.40154472
0.40153134
0.4015201
0.40151137
0.4015055
0.4015028
0.4015033
0.40150717
0.40151402
0.40152356
0.40153515
0.40154797
0.4015615
0.40157494
0.40158767
0.40159926
0.40160903
0.40161675
0.40162227
0.4016259
0.4016284
0.4016306
0.40163326
0.40163675
0.40164095
0.4016453
0.4016486
0.40164968
0.40164742
0.4016411
0.40163088
0.4016173
0.4016018
0.40158585
0.401571
0.40155867
0.40154967
0.40154442
0.40154317
0.40154588
0.4015523
0.401562
0.40157458
0.40158948
0.40160617
0.40162396
0.40164247
0.40166098
0.40167877
0.40169504
0.40170932
0.401721
0.4017297
0.4017351
0.40173674
0.40173426
0.40172774
0.4017175
0.40170422
0.40168893
0.40167263
0.40165636
0.40164122
0.40162814
0.40161783
0.4016108
0.40160713
0.40160653
0.4016087
0.4016129
0.4016184
0.4016243
0.4016298
0.40163428
0.40163735
0.4016393
0.40164062
0.4016419
0.40164387
0.40164664
0.4016503
0.40165415
0.4016576
0.40165928
0.40165833
0.40165392
0.40164572
0.40163368
0.40161836
0.40160066
0.40158182
0.40156317
0.4015459
0.40153083
0.4015185
0.4015092
0.4015029
0.40149954
0.40149897
0.40150088
0.40150505
0.40151143
0.40151995
0.40153083
0.40154362
0.40155804
0.40157342
0.4015888
0.40160343
0.40161648
0.40162772
0.40163702
0.40164438
0.4016495
0.4016522
0.40165204
0.40164903
0.4016429
0.4016342
0.40162346
0.40161166
0.40159953
0.4015876
0.4015764
0.40156636
0.40155762
0.4015499
0.40154275
0.40153566
0.4015281
0.4015196
0.40151033
0.40150088
0.40149185
0.40148383
0.40147746
0.4014729
0.4014703
0.4014696
0.4014706
0.40147316
0.4014769
0.40148142
0.4014864
0.40149152
0.4014965
0.40150076
0.40150407
0.4015061
0.401507
0.40150714
0.40150717
0.40150777
0.40150958
0.40151322
0.40151903
0.40152732
0.4015382
0.40155172
0.4015677
0.40158588
0.4016057
0.4016266
0.4016476
0.40166765
0.40168554
0.4017001
0.40171045
0.40171617
0.40171716
0.40171397
0.40170735
0.40169847
0.40168846
0.40167832
0.40166855
0.4016591
0.40164962
0.4016394
0.40162817
0.40161592
0.40160295
0.40159014
0.4015786
0.4015696
0.40156424
0.40156347
0.4015678
0.4015774
0.40159214
0.4016119
0.40163663
0.40166664
0.40170237
0.4017449
0.40179607
0.4018588
0.40193775
0.4020403
0.40217733
0.4023645
0.402626
0.4029913
0.40350288
0.40421915
0.40521938
0.40661076
0.408536
0.41121677
0.4148786
0.41983113
0.42654723
0.435672
0.4478151
