0.44249782
0.43196958
0.42406878
0.4181168
0.4136701
0.41038275
0.4079705
0.40619195
0.4048857
0.40393335
0.40323865
0.40273446
0.4023708
0.40211087
0.4019275
0.40180066
0.40171555
0.40166116
0.4016291
0.4016131
0.4016079
0.40160966
0.40161508
0.4016218
0.40162846
0.40163463
0.40164065
0.40164757
0.40165657
0.40166867
0.4016844
0.40170386
0.40172645
0.4017513
0.40177703
0.4018023
0.40182602
0.40184727
0.40186533
0.40187976
0.40189052
0.4018976
0.4019012
0.4019014
0.40189862
0.40189308
0.401885
0.4018744
0.40186137
0.4018462
0.4018293
0.4018114
0.40179348
0.40177658
0.4017621
0.40175098
0.40174398
0.40174115
0.40174225
0.40174618
0.40175167
0.4017573
0.4017618
0.40176427
0.40176418
0.40176162
0.40175676
0.4017504
0.40174347
0.40173683
0.40173107
0.4017264
0.40172246
0.40171877
0.40171474
0.40170985
0.40170377
0.40169653
0.40168837
0.40168002
0.40167218
0.4016656
0.40166047
0.40165707
0.40165472
0.40165263
0.40164998
0.40164608
0.40164053
0.40163383
0.4016265
0.4016196
0.40161344
0.40160882
0.40160617
0.4016057
0.40160754
0.40161142
0.4016166
0.40162215
0.4016268
0.40162933
0.4016289
0.40162516
0.40161806
0.40160805
0.40159595
0.40158266
0.40156883
0.40155515
0.40154243
0.40153134
0.40152276
0.4015174
0.40151566
0.40151817
0.40152466
0.40153477
0.4015478
0.4015627
0.40157855
0.4015943
0.40160972
0.40162438
0.40163827
0.40165126
0.4016629
0.4016722
0.40167817
0.40167972
0.40167615
0.40166706
0.4016529
0.4016342
0.4016122
0.40158835
0.40156445
0.40154207
0.4015226
0.40150726
0.4014967
0.40149134
0.40149108
0.40149543
0.40150347
0.40151432
0.40152678
0.40153968
0.40155172
0.4015619
0.40156907
0.40157247
0.4015719
0.40156755
0.40156046
0.40155163
0.40154234
0.40153372
0.40152675
0.4015222
0.4015203
0.4015213
0.40152475
0.40153033
0.40153724
0.40154427
0.4015501
0.40155318
0.4015526
0.40154767
0.40153867
0.40152612
0.4015111
0.40149474
0.4014783
0.4014629
0.40144953
0.40143865
0.40143052
0.40142524
0.40142268
0.40142283
0.40142578
0.4014317
0.40144062
0.40145242
0.40146694
0.4014838
0.40150237
0.40152177
0.40154105
0.40155932
0.4015757
0.40158936
0.40159962
0.40160596
0.4016084
0.40160722
0.4016032
0.40159732
0.40159056
0.40158388
0.4015782
0.40157416
0.4015721
0.40157205
0.40157384
0.40157697
0.40158102
0.40158588
0.40159115
0.40159678
0.40160263
0.4016085
0.40161455
0.4016206
0.40162638
0.40163133
0.4016347
0.40163562
0.40163335
0.4016278
0.40161908
0.4016079
0.4015951
0.40158156
0.40156794
0.40155447
0.40154132
0.40152866
0.40151662
0.40150526
0.40149474
0.40148517
0.4014767
0.40146992
0.40146524
0.40146324
0.4014641
0.4014679
0.40147385
0.40148163
0.40149063
0.40150023
0.40151003
0.4015201
0.40153074
0.40154195
0.40155375
0.4015657
0.4015771
0.40158662
0.40159315
0.4015953
0.4015922
0.40158364
0.40157002
0.40155217
0.40153125
0.40150872
0.40148598
0.4014643
0.40144488
0.40142858
0.40141636
0.40140867
0.40140587
0.4014078
0.40141404
0.40142375
0.40143606
0.40144983
0.40146396
0.40147725
0.4014887
0.40149778
0.40150443
0.4015091
0.40151212
0.40151405
0.4015152
0.40151584
0.4015165
0.40151766
0.40152013
0.4015242
0.4015302
0.4015379
0.4015471
0.40155706
0.4015671
0.40157622
0.4015838
0.40158945
0.40159327
0.40159565
0.40159723
0.40159845
0.40159962
0.40160102
0.40160245
0.40160364
0.4016042
0.40160376
0.401602
0.40159905
0.4015948
0.40158966
0.40158346
0.40157628
0.40156797
0.40155825
0.40154698
0.4015344
0.40152106
0.4015079
0.40149593
0.40148625
0.40147918
0.4014754
0.40147495
0.40147796
0.4014843
0.40149415
0.40150765
0.40152484
0.40154564
0.40156975
0.40159655
0.40162495
0.40165344
0.40168047
0.4017042
0.40172315
0.4017362
0.40174282
0.4017429
0.40173694
0.40172613
0.40171197
0.4016961
0.40168026
0.40166587
0.401654
0.4016451
0.40163925
0.40163618
0.40163532
0.4016355
0.40163565
0.40163454
0.40163097
0.40162405
0.40161356
0.40159944
0.4015827
0.40156427
0.40154546
0.40152755
0.40151176
0.40149933
0.40149114
0.4014878
0.4014896
0.4014962
0.40150717
0.40152118
0.40153676
0.40155235
0.40156624
0.40157747
0.4015855
0.4015905
0.4015932
0.4015945
0.40159523
0.4015962
0.40159768
0.40159965
0.40160203
0.40160495
0.4016087
0.40161404
0.4016218
0.4016326
0.40164673
0.40166414
0.40168455
0.40170714
0.40173063
0.4017536
0.40177444
0.4017916
0.40180397
0.40181068
0.40181136
0.40180615
0.40179557
0.40178055
0.40176228
0.4017419
0.40172067
0.4016992
0.4016781
0.4016575
0.40163758
0.40161812
0.4015992
0.40158087
0.40156376
0.40154827
0.4015348
0.40152383
0.40151542
0.40150955
0.40150604
0.4015046
0.40150473
0.40150595
0.4015074
0.40150836
0.4015083
0.40150684
0.401504
0.4015003
0.40149614
0.40149212
0.40148878
0.40148655
0.40148625
0.40148857
0.40149462
0.40150502
0.40152037
0.40154073
0.40156573
0.40159467
0.4016261
0.40165854
0.40168995
0.4017184
0.40174216
0.40176004
0.40177128
0.4017757
0.4017736
0.40176576
0.401753
0.40173674
0.40171805
0.4016981
0.40167788
0.40165824
0.40164018
0.40162465
0.4016122
0.40160337
0.40159842
0.40159732
0.4015998
0.40160534
0.40161356
0.40162364
0.4016347
0.40164587
0.4016558
0.4016632
0.4016671
0.4016666
0.40166166
0.40165272
0.40164077
0.40162736
0.4016142
0.4016029
0.40159476
0.4015904
0.4015899
0.4015928
0.4015982
0.40160486
0.40161225
0.40161988
0.4016276
0.40163586
0.40164495
0.40165502
0.4016661
0.40167817
0.4016909
0.40170386
0.4017167
0.40172875
0.40173912
0.40174705
0.40175188
0.40175328
0.4017512
0.40174592
0.40173817
0.40172848
0.40171757
0.4017062
0.40169498
0.40168467
0.40167576
0.40166846
0.40166253
0.40165728
0.4016519
0.4016454
0.40163723
0.40162703
0.40161517
0.40160212
0.4015885
0.40157506
0.4015622
0.4015502
0.40153906
0.40152857
0.4015187
0.40150928
0.4015004
0.4014924
0.40148547
0.40148008
0.4014767
0.40147567
0.40147734
0.4014819
0.40148926
0.40149903
0.40151066
0.4015232
0.40153578
0.40154755
0.40155798
0.40156695
0.40157476
0.40158188
0.40158862
0.40159532
0.401602
0.40160874
0.40161532
0.401622
0.40162924
0.40163803
0.40164924
0.40166363
0.40168193
0.40170377
0.40172842
0.40175447
0.40178025
0.40180403
0.4018244
0.4018404
0.40185127
0.40185696
0.4018575
0.40185332
0.40184498
0.4018333
0.4018188
0.40180233
0.4017842
0.4017645
0.40174294
0.40171963
0.40169492
0.4016693
0.4016436
0.40161896
0.40159622
0.40157622
0.40155947
0.40154648
0.40153724
0.40153167
0.40152943
0.40153012
0.40153265
0.40153614
0.40153953
0.4015421
0.40154305
0.40154213
0.4015391
0.40153453
0.40152907
0.4015238
0.40151966
0.4015177
0.40151876
0.4015238
0.4015331
0.40154684
0.40156454
0.40158555
0.4016089
0.40163353
0.40165794
0.40168047
0.40169942
0.4017135
0.40172178
0.40172404
0.40172058
0.4017123
0.40170026
0.40168568
0.40166968
0.4016532
0.40163702
0.40162176
0.40160805
0.40159637
0.4015871
0.40158013
0.40157524
0.40157193
0.40156934
0.40156665
0.40156332
0.401559
0.40155372
0.40154833
0.40154362
0.40154028
0.40153882
0.4015396
0.40154245
0.40154678
0.40155184
0.40155676
0.40156066
0.40156278
0.40156266
0.4015602
0.4015553
0.40154848
0.4015406
0.40153277
0.40152586
0.40152064
0.4015176
0.4015168
0.40151808
0.40152094
0.401525
0.40152958
0.40153414
0.40153834
0.4015418
0.4015448
0.40154785
0.40155154
0.40155652
0.4015635
0.4015729
0.40158528
0.40160075
0.40161943
0.40164104
0.401665
0.4016903
0.40171567
0.4017397
0.401761
0.40177864
0.40179142
0.40179875
0.40180045
0.40179634
0.40178707
0.40177357
0.4017569
0.40173867
0.40171996
0.40170172
0.40168446
0.4016682
0.40165266
0.40163746
0.4016218
0.40160537
0.40158835
0.40157112
0.40155447
0.40153903
0.4015254
0.401514
0.40150476
0.40149775
0.40149254
0.40148854
0.40148503
0.40148118
0.40147635
0.40147036
0.40146345
0.40145615
0.4014494
0.40144384
0.40144
0.40143806
0.40143824
0.40144047
0.40144467
0.40145078
0.40145856
0.40146828
0.4014798
0.4014935
0.4015092
0.4015265
0.40154463
0.4015624
0.40157837
0.40159118
0.40159988
0.40160388
0.40160334
0.40159908
0.4015922
0.4015839
0.40157562
0.40156826
0.40156248
0.40155867
0.40155685
0.40155682
0.40155855
0.40156212
0.401568
0.40157634
0.4015875
0.40160182
0.40161943
0.40164033
0.4016642
0.40169027
0.40171754
0.40174478
0.40177056
0.4017938
0.40181318
0.40182796
0.40183732
0.4018406
0.40183762
0.40182835
0.4018133
0.40179324
0.40176937
0.4017432
0.4017163
0.4016903
0.4016669
0.40164724
0.40163213
0.4016214
0.40161458
0.40161067
0.40160856
0.4016074
0.40160644
0.40160516
0.40160304
0.40159956
0.40159371
0.40158522
0.40157366
0.40155926
0.40154275
0.40152493
0.40150666
0.40148878
0.40147176
0.40145627
0.40144268
0.40143123
0.401422
0.4014151
0.4014104
0.40140772
0.4014067
0.40140712
0.40140873
0.4014112
0.4014143
0.40141773
0.4014215
0.40142542
0.4014295
0.40143397
0.40143892
0.40144432
0.40145004
0.40145573
0.40146098
0.4014658
0.40147036
0.4014755
0.4014819
0.40149048
0.40150177
0.4015161
0.40153325
0.40155235
0.40157232
0.4015916
0.4016086
0.4016221
0.4016313
0.40163592
0.40163642
0.4016336
0.40162814
0.40162122
0.40161365
0.4016064
0.4016002
0.40159565
0.40159318
0.4015927
0.401594
0.40159664
0.40159997
0.40160337
0.4016057
0.4016061
0.4016041
0.4015993
0.40159178
0.4015817
0.40156925
0.40155482
0.401539
0.4015226
0.40150625
0.40149066
0.40147677
0.4014652
0.40145662
0.4014513
0.4014492
0.40145
0.40145308
0.40145764
0.4014628
0.40146807
0.40147272
0.40147626
0.4014781
0.40147796
0.40147537
0.4014705
0.40146354
0.40145513
0.40144598
0.401437
0.40142915
0.40142313
0.40141967
0.40141943
0.40142247
0.40142873
0.40143806
0.40144977
0.40146336
0.40147817
0.40149364
0.40150946
0.4015253
0.40154094
0.4015561
0.4015707
0.40158495
0.4015985
0.40161106
0.40162176
0.4016296
0.40163353
0.40163282
0.40162736
0.4016174
0.40160397
0.40158844
0.4015724
0.40155748
0.40154505
0.40153614
0.40153158
0.40153152
0.40153593
0.4015442
0.40155545
0.40156844
0.4015818
0.40159407
0.4016042
0.40161148
0.40161592
0.40161765
0.4016171
0.40161481
0.40161133
0.4016073
0.40160358
0.4016012
0.401601
0.40160352
0.40160885
0.4016165
0.40162548
0.40163437
0.40164164
0.40164593
0.40164617
0.40164173
0.40163293
0.40162054
0.40160576
0.40159005
0.4015746
0.4015606
0.40154874
0.40153956
0.40153328
0.40152964
0.40152875
0.40153065
0.40153533
0.4015427
0.40155247
0.40156394
0.40157652
0.4015892
0.4016014
0.4016124
0.4016215
0.40162778
0.40163076
0.4016302
0.40162638
0.40161988
0.40161133
0.40160152
0.4015911
0.40158075
0.40157074
0.40156114
0.40155163
0.40154168
0.4015308
0.4015184
0.40150434
0.40148878
0.40147215
0.40145522
0.4014388
0.40142357
0.40141037
0.40139976
0.40139207
0.4013873
0.40138558
0.40138665
0.40139028
0.40139672
0.4014059
0.40141785
0.401433
0.40145138
0.4014731
0.4014981
0.40152586
0.40155575
0.4015868
0.40161774
0.4016469
0.40167275
0.40169367
0.4017085
0.40171674
0.40171817
0.40171322
0.40170255
0.40168756
0.4016698
0.40165138
0.4016342
0.4016202
0.40161073
0.40160656
0.40160817
0.40161523
0.40162697
0.40164202
0.40165868
0.40167508
0.4016895
0.40170062
0.4017075
0.40170977
0.40170762
0.40170163
0.40169278
0.40168214
0.40167055
0.40165913
0.4016485
0.40163943
0.40163216
0.40162668
0.40162244
0.40161884
0.40161481
0.40160936
0.40160173
0.40159166
0.40157926
0.40156534
0.40155086
0.40153676
0.40152416
0.401514
0.40150696
0.40150374
0.40150467
0.40150973
0.4015185
0.40153027
0.40154386
0.40155768
0.40157
0.40157923
0.40158418
0.40158418
0.4015794
0.40157065
0.40155908
0.4015462
0.40153357
0.4015226
0.40151426
0.40150923
0.40150777
0.4015098
0.4015147
0.40152168
0.40152988
0.40153822
0.40154603
0.40155306
0.40155923
0.40156505
0.4015706
0.40157634
0.40158242
0.40158904
0.40159658
0.40160534
0.4016157
0.40162772
0.40164122
0.40165573
0.40167096
0.40168646
0.40170214
0.40171793
0.40173358
0.40174866
0.40176252
0.4017744
0.4017834
0.40178892
0.40179065
0.40178856
0.40178305
0.40177494
0.40176514
0.4017548
0.40174478
0.4017362
0.40172955
0.40172493
0.40172195
0.40171975
0.40171725
0.40171382
0.40170917
0.4017034
0.4016967
0.40168944
0.40168166
0.4016731
0.4016635
0.4016526
0.4016402
0.40162668
0.40161255
0.4015985
0.40158543
0.4015744
0.4015665
0.4015625
0.40156266
0.40156704
0.40157503
0.4015858
0.401598
0.4016103
0.40162107
0.4016289
0.40163267
0.40163186
0.40162644
0.40161705
0.40160477
0.40159088
0.40157667
0.40156335
0.40155178
0.4015426
0.40153575
0.4015312
0.40152848
0.4015272
0.40152663
0.40152648
0.40152663
0.40152693
0.40152755
0.40152878
0.40153074
0.40153363
0.40153757
0.40154287
0.40154946
0.40155745
0.40156683
0.40157738
0.40158892
0.40160108
0.40161344
0.40162563
0.40163746
0.40164813
0.40165722
0.40166417
0.4016687
0.40167072
0.4016704
0.40166798
0.40166366
0.40165797
0.40165085
0.40164283
0.40163404
0.40162498
0.4016162
0.40160787
0.40160048
0.40159428
0.40158913
0.40158477
0.40158096
0.4015772
0.40157342
0.40156934
0.401565
0.4015606
0.40155646
0.40155295
0.4015501
0.4015481
0.4015466
0.40154544
0.4015442
0.40154245
0.40153995
0.40153655
0.40153268
0.40152904
0.40152678
0.4015268
0.40153018
0.4015372
0.40154797
0.40156186
0.40157795
0.40159476
0.40161073
0.40162432
0.40163445
0.40164036
0.40164196
0.40163985
0.40163487
0.40162832
0.40162113
0.40161422
0.40160802
0.4016026
0.40159816
0.40159476
0.4015932
0.40159413
0.40159827
0.40160617
0.4016178
0.40163305
0.4016513
0.40167165
0.4016929
0.40171382
0.4017332
0.40174988
0.40176257
0.40177056
0.40177342
0.4017712
0.4017641
0.40175274
0.40173793
0.40172058
0.40170178
0.40168256
0.40166372
0.40164608
0.40163
0.40161577
0.40160313
0.40159172
0.40158093
0.40157044
0.40156013
0.40155002
0.40154043
0.40153152
0.40152344
0.40151647
0.40151086
0.40150696
0.4015052
0.40150613
0.40151018
0.40151778
0.40152907
0.4015438
0.40156123
0.40158018
0.40159932
0.40161678
0.40163064
0.40163958
0.4016426
0.40163958
0.40163112
0.40161827
0.40160286
0.40158683
0.4015717
0.40155894
0.40154955
0.40154395
0.40154225
0.40154412
0.40154916
0.40155673
0.4015662
0.40157685
0.40158758
0.40159723
0.4016045
0.40160877
0.40160963
0.40160772
0.40160415
0.40160048
0.40159845
0.40159962
0.40160546
0.40161663
0.40163347
0.40165564
0.40168226
0.40171203
0.40174344
0.40177476
0.40180445
0.40183133
0.4018543
0.40187266
0.40188578
0.40189353
0.40189573
0.40189263
0.40188456
0.40187207
0.4018559
0.40183714
0.4018169
0.4017962
0.40177587
0.40175664
0.4017388
0.40172192
0.4017055
0.40168858
0.40167072
0.40165192
0.40163255
0.40161338
0.40159518
0.40157846
0.40156353
0.40155035
0.40153882
0.40152842
0.40151885
0.40150994
0.4015017
0.401494
0.40148675
0.40148008
0.40147367
0.40146744
0.40146124
0.40145496
0.4014486
0.40144253
0.40143695
0.4014325
0.4014295
0.401428
0.40142804
0.40142927
0.40143147
0.40143433
0.40143806
0.40144274
0.40144867
0.40145594
0.4014646
0.40147454
0.40148547
0.4014971
0.40150887
0.40152055
0.401532
0.4015437
0.4015561
0.40156952
0.4015845
0.40160125
0.4016201
0.40164077
0.4016627
0.40168482
0.4017057
0.40172413
0.40173885
0.40174925
0.401755
0.40175635
0.40175378
0.401748
0.40173972
0.40172946
0.40171754
0.40170392
0.40168872
0.4016723
0.40165505
0.4016376
0.4016204
0.40160394
0.40158847
0.40157425
0.40156147
0.40155056
0.40154162
0.40153483
0.40153003
0.40152678
0.40152466
0.40152302
0.40152115
0.40151852
0.40151516
0.40151083
0.4015058
0.40150037
0.4014949
0.40148988
0.40148592
0.40148315
0.4014821
0.40148306
0.40148607
0.40149134
0.40149876
0.40150854
0.40151986
0.4015321
0.40154406
0.4015542
0.40156138
0.40156463
0.40156373
0.401559
0.4015513
0.4015416
0.40153053
0.40151894
0.40150708
0.4014952
0.40148357
0.4014724
0.401462
0.40145233
0.4014437
0.40143627
0.40143046
0.40142652
0.4014245
0.40142432
0.40142593
0.40142915
0.40143377
0.40143958
0.40144658
0.4014545
0.40146324
0.4014725
0.40148214
0.4014921
0.40150228
0.40151277
0.40152335
0.40153354
0.40154284
0.4015512
0.40155873
0.40156573
0.40157276
0.4015803
0.40158877
0.40159845
0.4016091
0.40162054
0.40163222
0.4016437
0.40165427
0.40166327
0.40167013
0.40167466
0.40167713
0.401678
0.40167817
0.40167835
0.40167886
0.4016801
0.40168166
0.40168312
0.40168378
0.4016831
0.40168065
0.40167654
0.40167084
0.4016644
0.40165776
0.40165168
0.40164685
0.40164348
0.4016416
0.40164065
0.40164012
0.401639
0.4016365
0.4016319
0.40162507
0.40161628
0.40160638
0.40159604
0.40158594
0.40157685
0.40156934
0.40156382
0.40156078
0.4015603
0.4015623
0.40156668
0.40157324
0.4015817
0.40159166
0.4016031
0.40161592
0.40162995
0.40164456
0.40165913
0.4016725
0.40168363
0.40169173
0.40169632
0.4016975
0.40169564
0.40169138
0.40168542
0.40167832
0.40167052
0.4016621
0.40165332
0.40164435
0.40163592
0.40162843
0.40162244
0.40161836
0.40161648
0.4016168
0.4016191
0.40162286
0.4016275
0.40163237
0.4016371
0.4016415
0.40164506
0.4016478
0.4016495
0.4016502
0.40165025
0.4016501
0.40164965
0.4016491
0.4016482
0.40164652
0.40164334
0.40163812
0.40163043
0.40162018
0.401608
0.4015944
0.4015806
0.40156746
0.4015561
0.40154704
0.40154096
0.40153807
0.40153876
0.40154305
0.4015508
0.4015615
0.40157443
0.40158862
0.40160313
0.40161747
0.40163133
0.40164474
0.4016577
0.40167004
0.40168157
0.40169173
0.4017003
0.40170687
0.4017116
0.4017146
0.40171605
0.40171632
0.40171543
0.40171322
0.40170947
0.4017037
0.401696
0.40168658
0.4016764
0.40166637
0.4016578
0.4016516
0.4016484
0.40164858
0.4016524
0.40165988
0.40167108
0.40168598
0.40170428
0.4017255
0.40174863
0.40177235
0.401795
0.40181485
0.4018303
0.40184012
0.4018433
0.40183944
0.4018285
0.40181082
0.40178722
0.40175906
0.40172774
0.40169498
0.40166244
0.40163133
0.4016027
0.40157714
0.40155506
0.40153682
0.40152285
0.4015134
0.40150875
0.40150928
0.4015151
0.40152636
0.40154314
0.40156573
0.4015945
0.4016301
0.40167364
0.40172723
0.40179417
0.40187937
0.40198994
0.40213618
0.40233362
0.40260482
0.40297905
0.40349865
0.40422198
0.40522817
0.40662456
0.408554
0.41123796
0.4149019
0.41985518
0.4265707
0.43569255
0.44783074
