0.44252434
0.43200463
0.4241118
0.41816792
0.41372964
0.41045168
0.4080493
0.40628132
0.4049866
0.40404618
0.40336394
0.40287215
0.40252015
0.4022703
0.4020943
0.40197086
0.40188405
0.4018222
0.401777
0.40174294
0.4017165
0.40169588
0.40168026
0.40166906
0.401662
0.4016583
0.40165716
0.40165755
0.40165848
0.4016592
0.40165955
0.40165967
0.40166
0.40166092
0.40166247
0.40166432
0.40166572
0.4016656
0.40166298
0.40165722
0.40164816
0.40163618
0.40162227
0.4016076
0.40159348
0.40158087
0.4015705
0.40156263
0.40155712
0.40155354
0.4015512
0.40154946
0.40154794
0.40154663
0.40154558
0.40154526
0.40154606
0.40154827
0.4015519
0.40155697
0.4015633
0.40157086
0.4015797
0.40158993
0.40160152
0.4016142
0.40162745
0.40164062
0.40165263
0.40166256
0.4016696
0.40167338
0.4016741
0.40167218
0.40166846
0.40166378
0.4016588
0.40165406
0.40165007
0.40164733
0.40164605
0.40164635
0.401648
0.40165085
0.40165442
0.40165845
0.40166253
0.40166637
0.4016696
0.40167153
0.40167156
0.40166914
0.40166414
0.40165678
0.40164745
0.40163648
0.40162438
0.40161163
0.40159887
0.40158692
0.40157613
0.40156686
0.40155923
0.40155336
0.40154925
0.40154696
0.4015467
0.40154845
0.40155235
0.4015584
0.4015664
0.40157598
0.4015866
0.4015974
0.4016076
0.40161622
0.4016227
0.40162686
0.4016289
0.40162942
0.40162903
0.4016282
0.40162718
0.40162593
0.4016242
0.40162176
0.40161848
0.40161446
0.4016101
0.4016063
0.4016039
0.40160385
0.4016069
0.40161332
0.40162313
0.40163568
0.40165025
0.40166572
0.4016808
0.4016947
0.40170658
0.40171617
0.40172344
0.40172896
0.40173328
0.40173694
0.40174034
0.40174317
0.4017449
0.40174466
0.40174162
0.40173522
0.40172526
0.40171215
0.40169668
0.4016801
0.40166378
0.40164903
0.40163666
0.40162718
0.40162063
0.40161675
0.40161505
0.40161467
0.40161476
0.40161413
0.4016121
0.40160823
0.4016027
0.4015959
0.4015887
0.40158203
0.40157658
0.4015726
0.4015702
0.40156916
0.40156925
0.4015704
0.40157267
0.40157607
0.40158027
0.40158486
0.4015893
0.40159297
0.4015956
0.40159747
0.4015991
0.40160152
0.40160534
0.40161115
0.401619
0.40162873
0.4016395
0.40165025
0.40166014
0.4016686
0.40167528
0.40167996
0.4016826
0.40168345
0.40168312
0.40168247
0.40168244
0.4016835
0.40168592
0.4016891
0.40169224
0.40169394
0.40169317
0.4016889
0.40168086
0.40166914
0.40165445
0.40163806
0.4016214
0.4016061
0.4015933
0.40158385
0.40157843
0.40157726
0.40158015
0.4015865
0.40159535
0.40160555
0.40161583
0.40162504
0.40163207
0.4016361
0.40163675
0.40163422
0.40162942
0.40162322
0.40161672
0.40161085
0.40160653
0.40160424
0.40160415
0.40160596
0.40160942
0.40161407
0.40161943
0.40162498
0.40163025
0.40163523
0.40164
0.401645
0.4016507
0.4016575
0.40166545
0.40167424
0.40168318
0.4016914
0.40169796
0.40170223
0.40170366
0.40170214
0.40169764
0.40169045
0.40168115
0.40167066
0.40165982
0.40164962
0.40164044
0.4016325
0.40162566
0.40161934
0.40161303
0.40160647
0.40159982
0.40159348
0.40158817
0.40158468
0.40158352
0.40158513
0.40158936
0.4015964
0.4016057
0.40161678
0.40162873
0.40164044
0.40165028
0.4016569
0.40165913
0.40165624
0.4016482
0.4016355
0.40161908
0.4016002
0.40158018
0.40156007
0.40154076
0.4015227
0.40150613
0.40149114
0.40147778
0.4014661
0.40145618
0.40144828
0.4014424
0.40143865
0.40143687
0.40143687
0.40143842
0.40144137
0.4014458
0.40145153
0.40145838
0.40146607
0.4014745
0.4014834
0.40149245
0.4015015
0.40151006
0.40151766
0.40152416
0.40152925
0.4015333
0.40153697
0.40154105
0.40154633
0.4015533
0.40156206
0.40157238
0.4015835
0.4015945
0.40160453
0.40161288
0.40161923
0.4016234
0.40162548
0.40162542
0.40162322
0.40161908
0.40161338
0.40160707
0.40160117
0.401597
0.40159538
0.40159705
0.40160212
0.4016103
0.40162122
0.40163383
0.4016468
0.40165868
0.40166765
0.40167233
0.4016716
0.40166512
0.4016529
0.40163583
0.401615
0.4015916
0.40156704
0.4015426
0.40151936
0.40149838
0.40148026
0.40146556
0.40145463
0.4014477
0.40144497
0.40144637
0.40145186
0.40146104
0.40147376
0.4014893
0.4015072
0.40152657
0.4015465
0.4015661
0.40158424
0.4016002
0.4016134
0.40162408
0.40163296
0.4016413
0.40165043
0.40166152
0.40167534
0.40169197
0.40171087
0.4017309
0.40175045
0.40176767
0.40178093
0.40178886
0.40179038
0.4017851
0.40177277
0.40175378
0.4017288
0.40169907
0.40166605
0.40163136
0.40159664
0.40156317
0.40153217
0.4015045
0.40148085
0.40146154
0.40144685
0.4014366
0.4014307
0.40142882
0.40143064
0.40143585
0.4014442
0.40145513
0.40146837
0.4014834
0.40149954
0.40151602
0.40153205
0.4015466
0.40155882
0.40156797
0.40157375
0.4015764
0.40157655
0.40157485
0.4015722
0.40156907
0.4015659
0.4015628
0.40155953
0.40155572
0.40155116
0.40154573
0.40153953
0.4015326
0.40152526
0.40151772
0.4015101
0.4015027
0.40149578
0.4014894
0.40148383
0.40147927
0.40147582
0.40147346
0.40147227
0.40147206
0.40147275
0.40147418
0.40147617
0.40147835
0.4014807
0.4014833
0.40148628
0.4014899
0.40149423
0.40149954
0.40150568
0.4015128
0.4015209
0.40152994
0.4015396
0.40154946
0.401559
0.40156752
0.40157467
0.40158027
0.40158468
0.40158856
0.4015928
0.40159842
0.40160638
0.4016172
0.40163127
0.40164822
0.40166733
0.40168726
0.40170646
0.4017231
0.4017357
0.4017431
0.40174472
0.40174046
0.4017309
0.40171725
0.4017011
0.4016844
0.4016692
0.401657
0.401649
0.4016458
0.4016474
0.40165353
0.40166366
0.40167737
0.40169433
0.40171427
0.4017362
0.4017591
0.40178123
0.40180114
0.40181726
0.40182835
0.40183344
0.4018322
0.40182468
0.40181163
0.401794
0.40177327
0.40175107
0.4017291
0.40170905
0.40169206
0.4016789
0.40166962
0.40166414
0.40166178
0.40166152
0.4016621
0.40166205
0.4016603
0.40165597
0.40164876
0.40163872
0.40162644
0.40161288
0.40159896
0.40158546
0.40157306
0.401562
0.4015525
0.40154466
0.40153864
0.4015349
0.40153393
0.4015364
0.4015426
0.40155235
0.40156543
0.40158117
0.40159902
0.40161848
0.4016393
0.4016612
0.40168363
0.40170556
0.40172592
0.40174308
0.40175554
0.4017624
0.40176284
0.4017566
0.40174404
0.40172556
0.40170223
0.40167537
0.40164676
0.40161806
0.40159112
0.40156728
0.4015476
0.401533
0.4015239
0.40152046
0.4015228
0.40153047
0.40154287
0.40155908
0.4015781
0.401599
0.4016212
0.4016445
0.40166903
0.40169463
0.401721
0.4017474
0.40177247
0.40179485
0.4018131
0.4018261
0.40183327
0.4018345
0.40182993
0.4018203
0.4018066
0.40179014
0.4017722
0.40175387
0.40173593
0.4017187
0.4017021
0.40168557
0.40166876
0.40165135
0.40163335
0.40161532
0.40159774
0.40158108
0.40156618
0.4015531
0.4015423
0.4015339
0.40152782
0.4015238
0.40152177
0.4015215
0.40152296
0.40152615
0.40153092
0.40153703
0.4015439
0.40155086
0.40155718
0.40156248
0.4015665
0.40156955
0.4015724
0.40157592
0.40158084
0.40158784
0.40159705
0.40160877
0.40162268
0.40163887
0.40165734
0.40167755
0.4016988
0.40171984
0.401739
0.40175474
0.40176556
0.40177068
0.40176964
0.40176278
0.40175098
0.40173578
0.40171897
0.40170267
0.40168896
0.40167955
0.40167543
0.40167722
0.40168455
0.4016966
0.40171182
0.40172866
0.40174514
0.40175962
0.40177074
0.40177748
0.4017793
0.40177602
0.40176803
0.4017559
0.40174088
0.4017244
0.40170795
0.40169302
0.40168062
0.40167132
0.4016653
0.40166247
0.40166262
0.401665
0.4016687
0.40167245
0.40167496
0.40167534
0.40167326
0.4016689
0.4016629
0.40165603
0.40164897
0.40164214
0.40163583
0.40163016
0.401625
0.40161997
0.40161437
0.40160754
0.40159896
0.4015886
0.40157673
0.40156427
0.401552
0.40154082
0.4015314
0.40152407
0.40151876
0.40151528
0.40151295
0.40151128
0.40151003
0.40150914
0.4015089
0.40150955
0.40151125
0.40151408
0.4015179
0.40152258
0.40152797
0.40153432
0.40154156
0.40155038
0.40156102
0.4015739
0.401589
0.40160584
0.40162367
0.40164158
0.40165868
0.40167433
0.40168843
0.40170112
0.40171304
0.40172487
0.40173692
0.40174899
0.40176007
0.4017689
0.401774
0.40177432
0.40176922
0.4017583
0.401742
0.40172118
0.40169707
0.40167126
0.4016453
0.40162086
0.4015993
0.4015816
0.4015688
0.40156147
0.40156
0.40156463
0.4015752
0.40159133
0.40161234
0.40163723
0.4016645
0.40169278
0.40172055
0.40174702
0.4017718
0.4017949
0.40181655
0.4018368
0.4018558
0.40187323
0.40188882
0.40190193
0.4019123
0.40191948
0.4019232
0.40192318
0.40191916
0.40191087
0.40189806
0.40188053
0.40185827
0.40183145
0.40180042
0.40176606
0.4017293
0.40169153
0.40165433
0.401619
0.40158692
0.40155917
0.4015365
0.40151936
0.40150803
0.4015022
0.4015016
0.4015055
0.40151286
0.40152243
0.40153277
0.4015425
0.40155062
0.40155658
0.40156052
0.40156302
0.40156507
0.40156776
0.40157223
0.40157917
0.4015894
0.4016029
0.40161967
0.40163898
0.40165982
0.4016809
0.4017009
0.40171853
0.40173244
0.4017416
0.40174508
0.40174243
0.40173334
0.40171808
0.40169743
0.40167254
0.40164503
0.40161648
0.40158847
0.40156218
0.4015384
0.40151772
0.40150025
0.40148607
0.40147513
0.40146726
0.40146235
0.40146026
0.40146112
0.40146524
0.40147266
0.40148345
0.4014975
0.40151444
0.4015337
0.40155435
0.4015752
0.40159476
0.40161186
0.40162534
0.40163505
0.40164128
0.40164503
0.40164775
0.4016511
0.40165687
0.40166658
0.40168187
0.40170437
0.4017362
0.40178025
0.40184125
0.4019265
0.40204677
0.40221798
0.402465
0.40281788
0.40331963
0.4040292
0.40502617
0.4064181
0.40834802
0.41103798
0.41471297
0.41968268
0.42642087
0.43557063
0.447741
