0.4425498
0.43203443
0.4241412
0.41819176
0.41374308
0.41045025
0.40803024
0.40624276
0.40492696
0.40396512
0.4032607
0.4027462
0.40237138
0.4020995
0.40190375
0.4017644
0.40166724
0.40160185
0.40156052
0.40153766
0.40152884
0.4015307
0.4015403
0.40155524
0.4015736
0.4015936
0.40161395
0.40163353
0.40165135
0.40166646
0.40167832
0.4016866
0.40169144
0.40169325
0.40169296
0.4016914
0.40168932
0.40168765
0.40168655
0.40168625
0.4016863
0.40168616
0.40168482
0.4016814
0.40167543
0.40166673
0.40165538
0.40164196
0.40162727
0.4016122
0.4015976
0.4015843
0.40157282
0.4015635
0.4015563
0.4015512
0.40154794
0.40154615
0.40154546
0.40154585
0.4015473
0.40154994
0.4015538
0.40155873
0.4015647
0.4015716
0.40157887
0.40158615
0.4015928
0.40159848
0.40160316
0.40160716
0.401611
0.4016152
0.4016204
0.4016268
0.40163407
0.40164167
0.4016486
0.40165392
0.40165672
0.40165654
0.4016532
0.401647
0.40163857
0.40162894
0.40161917
0.40161023
0.40160286
0.40159747
0.40159366
0.40159085
0.40158767
0.40158316
0.40157643
0.4015672
0.40155566
0.40154225
0.40152755
0.40151185
0.40149546
0.40147844
0.40146112
0.40144372
0.4014267
0.40141097
0.4013975
0.40138713
0.4013806
0.40137848
0.40138105
0.40138832
0.4014002
0.40141633
0.4014361
0.4014589
0.4014839
0.4015102
0.40153652
0.4015616
0.40158382
0.40160167
0.401614
0.40162027
0.40162033
0.40161476
0.4016046
0.40159136
0.40157664
0.40156192
0.40154853
0.40153748
0.40152946
0.40152493
0.40152407
0.40152693
0.40153322
0.40154254
0.4015546
0.40156916
0.4015858
0.40160415
0.40162355
0.40164304
0.4016616
0.40167826
0.40169242
0.40170398
0.40171316
0.4017207
0.4017276
0.40173474
0.40174302
0.4017528
0.40176392
0.40177578
0.40178716
0.4017966
0.40180293
0.401805
0.40180206
0.4017938
0.40178013
0.4017617
0.40173918
0.40171382
0.40168712
0.4016606
0.40163606
0.40161496
0.40159848
0.40158704
0.40158072
0.40157908
0.4015815
0.40158707
0.40159512
0.40160483
0.4016152
0.40162542
0.4016345
0.4016418
0.40164664
0.4016491
0.4016492
0.40164736
0.40164393
0.40163928
0.40163368
0.40162727
0.4016202
0.4016124
0.40160426
0.4015959
0.40158743
0.40157908
0.4015711
0.40156376
0.40155736
0.40155187
0.40154737
0.40154397
0.4015421
0.40154207
0.4015444
0.4015495
0.40155745
0.40156803
0.40158048
0.40159422
0.40160835
0.40162194
0.40163395
0.40164363
0.40165058
0.40165493
0.40165734
0.4016587
0.40166014
0.4016627
0.40166727
0.40167466
0.40168527
0.40169907
0.40171546
0.4017334
0.40175158
0.40176848
0.4017829
0.4017937
0.40180013
0.40180176
0.4017984
0.40179005
0.401777
0.4017596
0.40173858
0.40171495
0.40169
0.40166488
0.40164077
0.4016185
0.4015985
0.40158075
0.40156505
0.4015509
0.40153793
0.40152568
0.40151381
0.40150207
0.40149048
0.40147954
0.40146977
0.4014616
0.40145573
0.4014524
0.40145177
0.4014538
0.40145823
0.4014647
0.40147272
0.40148184
0.4014916
0.40150186
0.40151247
0.40152335
0.4015344
0.4015457
0.4015574
0.4015698
0.4015833
0.40159822
0.40161476
0.40163335
0.4016541
0.40167674
0.4017007
0.4017252
0.40174922
0.4017717
0.4017917
0.4018082
0.4018203
0.40182745
0.40182933
0.4018258
0.40181687
0.40180284
0.40178427
0.40176207
0.40173712
0.40171063
0.40168372
0.40165764
0.40163323
0.40161103
0.40159106
0.40157297
0.40155622
0.40153995
0.40152365
0.4015072
0.4014909
0.40147552
0.40146202
0.4014512
0.40144366
0.40143955
0.40143865
0.40144047
0.40144423
0.40144888
0.4014536
0.4014577
0.4014606
0.40146223
0.40146267
0.40146232
0.4014617
0.40146136
0.4014619
0.40146366
0.40146685
0.4014715
0.40147743
0.40148407
0.40149093
0.40149724
0.4015022
0.4015052
0.40150595
0.4015044
0.40150094
0.40149605
0.4014901
0.40148368
0.40147713
0.40147087
0.4014649
0.4014593
0.4014542
0.4014495
0.40144563
0.4014432
0.40144277
0.40144482
0.4014495
0.401457
0.40146738
0.40148053
0.40149626
0.4015143
0.40153423
0.40155566
0.40157837
0.40160194
0.4016256
0.40164855
0.4016695
0.40168756
0.40170208
0.40171272
0.4017195
0.40172294
0.4017233
0.40172085
0.4017154
0.40170664
0.40169442
0.40167856
0.4016595
0.4016378
0.4016145
0.40159073
0.40156785
0.40154722
0.40152982
0.40151662
0.401508
0.401504
0.4015046
0.40150943
0.40151805
0.40153015
0.4015451
0.4015623
0.4015809
0.4015998
0.40161797
0.40163445
0.4016486
0.40166017
0.40166906
0.40167564
0.40168026
0.40168345
0.40168545
0.40168607
0.40168497
0.40168193
0.40167654
0.40166873
0.40165854
0.4016464
0.40163264
0.40161783
0.4016026
0.4015878
0.40157425
0.40156272
0.40155405
0.40154856
0.4015465
0.40154788
0.4015524
0.40155986
0.40156978
0.40158212
0.40159643
0.4016122
0.40162873
0.4016453
0.40166092
0.40167505
0.40168735
0.40169787
0.40170693
0.40171486
0.40172195
0.40172812
0.4017327
0.40173462
0.40173304
0.40172723
0.40171698
0.40170264
0.40168485
0.40166476
0.4016436
0.4016226
0.4016031
0.4015862
0.40157297
0.40156418
0.40156007
0.4015606
0.4015653
0.4015732
0.40158316
0.40159386
0.4016039
0.40161237
0.40161896
0.4016238
0.4016274
0.4016301
0.40163207
0.40163305
0.4016323
0.401629
0.40162238
0.40161228
0.401599
0.40158334
0.40156648
0.40154925
0.4015325
0.40151712
0.40150347
0.40149203
0.4014831
0.40147677
0.401473
0.4014715
0.4014718
0.4014733
0.4014758
0.40147886
0.40148225
0.40148598
0.40148997
0.4014944
0.40149978
0.40150622
0.401514
0.4015227
0.4015319
0.4015408
0.40154815
0.40155295
0.40155447
0.4015526
0.40154767
0.4015402
0.40153098
0.40152082
0.40151066
0.40150118
0.40149322
0.40148756
0.40148494
0.40148598
0.40149102
0.40149993
0.4015123
0.40152737
0.4015444
0.40156218
0.4015793
0.4015944
0.40160614
0.40161332
0.40161523
0.40161192
0.40160367
0.4015916
0.40157712
0.40156186
0.40154752
0.40153533
0.40152633
0.4015211
0.40151972
0.40152195
0.40152737
0.40153506
0.401544
0.40155327
0.40156212
0.40157026
0.40157744
0.40158382
0.4015896
0.40159473
0.4015992
0.40160286
0.40160587
0.4016085
0.40161133
0.40161508
0.40162063
0.40162832
0.40163845
0.40165076
0.40166488
0.40168014
0.40169555
0.40170988
0.40172175
0.40172985
0.4017332
0.40173107
0.4017233
0.40171
0.40169173
0.40166962
0.40164483
0.4016189
0.40159324
0.40156907
0.40154737
0.40152878
0.40151364
0.4015021
0.40149412
0.4014896
0.40148833
0.4014899
0.40149376
0.4014992
0.40150538
0.40151143
0.4015168
0.40152133
0.4015253
0.40152916
0.40153322
0.40153766
0.4015425
0.40154755
0.40155235
0.4015564
0.4015599
0.40156287
0.40156606
0.40157026
0.40157613
0.40158427
0.40159473
0.40160722
0.40162104
0.40163478
0.40164733
0.40165728
0.4016639
0.40166682
0.40166628
0.40166283
0.40165746
0.4016511
0.40164462
0.40163848
0.40163282
0.40162766
0.40162268
0.40161783
0.40161276
0.40160707
0.40160066
0.4015934
0.40158588
0.4015786
0.40157264
0.40156898
0.40156874
0.40157264
0.4015811
0.40159416
0.40161148
0.40163222
0.4016552
0.40167895
0.40170178
0.40172204
0.40173838
0.40174952
0.4017547
0.40175346
0.40174603
0.40173307
0.4017158
0.40169564
0.4016743
0.40165362
0.4016349
0.40161926
0.40160745
0.40159962
0.4015956
0.40159473
0.40159628
0.40159962
0.40160373
0.40160787
0.4016111
0.40161294
0.40161327
0.40161255
0.40161133
0.40161029
0.40161029
0.40161192
0.40161568
0.40162182
0.4016302
0.40164042
0.40165165
0.40166306
0.4016737
0.40168256
0.40168837
0.40169027
0.40168753
0.4016802
0.4016685
0.4016532
0.40163538
0.40161663
0.4015982
0.40158123
0.4015665
0.4015546
0.40154585
0.40154037
0.40153795
0.4015384
0.40154126
0.40154615
0.40155274
0.40156078
0.40157
0.40158007
0.40159044
0.40160066
0.40161029
0.4016194
0.40162805
0.40163657
0.40164524
0.40165383
0.40166193
0.40166876
0.40167373
0.40167674
0.4016777
0.40167695
0.4016748
0.40167156
0.40166712
0.4016615
0.40165436
0.40164587
0.40163618
0.40162566
0.40161476
0.4016039
0.40159348
0.40158385
0.40157557
0.40156907
0.40156487
0.4015634
0.40156475
0.40156892
0.40157565
0.40158427
0.40159383
0.40160328
0.4016115
0.40161762
0.4016209
0.40162125
0.4016188
0.40161398
0.4016074
0.4015996
0.40159112
0.4015824
0.40157402
0.40156618
0.4015593
0.4015536
0.40154934
0.40154645
0.401545
0.40154493
0.401546
0.40154815
0.4015512
0.401555
0.40155962
0.4015653
0.40157226
0.4015806
0.40159035
0.401601
0.4016119
0.4016219
0.40162995
0.40163505
0.40163645
0.40163407
0.40162814
0.40161943
0.40160894
0.40159777
0.40158686
0.401577
0.40156856
0.40156174
0.4015565
0.40155295
0.4015512
0.4015513
0.401553
0.4015559
0.40155938
0.4015627
0.40156487
0.40156505
0.401562
0.4015552
0.4015444
0.4015298
0.40151235
0.40149328
0.40147385
0.40145534
0.40143865
0.4014247
0.40141413
0.4014073
0.4014044
0.40140533
0.4014102
0.4014189
0.40143132
0.4014477
0.40146795
0.40149185
0.4015188
0.4015481
0.40157834
0.40160832
0.4016369
0.4016629
0.40168527
0.40170303
0.40171546
0.40172216
0.40172318
0.40171877
0.4017096
0.4016966
0.4016808
0.40166348
0.40164578
0.401629
0.401614
0.4016014
0.40159136
0.40158367
0.4015777
0.40157285
0.40156832
0.40156367
0.40155867
0.4015535
0.40154815
0.4015427
0.401537
0.40153065
0.40152335
0.401515
0.40150568
0.40149578
0.4014858
0.40147653
0.4014689
0.40146354
0.40146112
0.401462
0.40146607
0.4014732
0.4014831
0.401495
0.4015086
0.4015232
0.40153813
0.40155277
0.40156633
0.40157795
0.4015866
0.40159172
0.40159303
0.40159088
0.40158597
0.401579
0.4015711
0.40156308
0.4015556
0.4015492
0.40154415
0.4015405
0.40153813
0.4015367
0.40153614
0.40153638
0.40153742
0.4015395
0.4015427
0.40154684
0.40155172
0.40155676
0.40156138
0.40156513
0.40156764
0.40156862
0.40156803
0.40156594
0.40156287
0.40155923
0.40155557
0.40155214
0.40154904
0.40154618
0.40154335
0.40154013
0.40153614
0.40153125
0.40152562
0.40151945
0.40151313
0.40150702
0.4015015
0.4014967
0.40149269
0.40148932
0.401487
0.40148577
0.40148598
0.40148783
0.40149134
0.40149665
0.4015037
0.40151218
0.4015218
0.40153208
0.4015426
0.40155292
0.401563
0.40157285
0.4015827
0.4015928
0.40160346
0.40161526
0.40162826
0.4016426
0.40165773
0.4016731
0.40168774
0.40170062
0.40171078
0.40171772
0.40172115
0.40172127
0.4017187
0.4017145
0.40170974
0.40170524
0.4017015
0.40169883
0.40169695
0.4016952
0.40169293
0.40168968
0.40168497
0.40167883
0.40167147
0.40166336
0.4016552
0.4016471
0.4016393
0.40163174
0.40162432
0.4016172
0.401611
0.4016067
0.40160534
0.40160772
0.40161437
0.40162525
0.4016398
0.40165684
0.40167487
0.40169218
0.40170708
0.40171802
0.40172383
0.40172392
0.40171835
0.40170753
0.40169233
0.40167415
0.4016547
0.40163618
0.4016209
0.4016116
0.40161145
0.4016242
0.40165442
0.4017083
0.4017937
0.40192145
0.4021076
0.40237433
0.40275043
0.40327746
0.404013
0.4050354
0.40645114
0.40840223
0.41110957
0.41479588
0.41977036
0.42650664
0.43564528
0.44779775
