0.44262573
0.4321343
0.42426214
0.41833097
0.4138972
0.4106159
0.40820327
0.40642053
0.4051083
0.4041494
0.40344822
0.40293717
0.40256563
0.40229562
0.40209925
0.40195566
0.4018501
0.40177187
0.4017135
0.40166938
0.40163556
0.4016089
0.4015874
0.4015698
0.40155566
0.40154508
0.4015384
0.40153593
0.4015377
0.40154326
0.401552
0.4015628
0.4015744
0.4015853
0.401594
0.40159908
0.4015996
0.40159532
0.40158665
0.40157455
0.40156057
0.40154627
0.401533
0.40152168
0.40151298
0.4015068
0.40150288
0.40150073
0.4015
0.4015001
0.40150085
0.4015016
0.40150198
0.40150133
0.40149906
0.401495
0.4014893
0.40148252
0.40147525
0.40146813
0.40146154
0.40145576
0.40145105
0.40144777
0.40144616
0.40144664
0.4014494
0.40145427
0.40146098
0.40146905
0.4014776
0.40148625
0.40149462
0.40150288
0.40151155
0.4015215
0.40153354
0.40154848
0.401567
0.4015894
0.40161532
0.40164414
0.40167466
0.40170532
0.40173462
0.40176085
0.4017826
0.40179875
0.40180877
0.40181255
0.40181077
0.40180448
0.40179533
0.40178514
0.40177563
0.40176845
0.401765
0.40176597
0.40177137
0.4017806
0.40179235
0.4018049
0.4018165
0.40182573
0.40183133
0.40183258
0.40182903
0.40182066
0.40180755
0.4017902
0.40176934
0.40174592
0.40172124
0.40169653
0.40167302
0.40165192
0.40163386
0.40161917
0.40160757
0.40159836
0.40159056
0.4015833
0.40157577
0.40156755
0.40155852
0.40154904
0.4015395
0.4015302
0.4015218
0.40151477
0.40150964
0.401507
0.40150708
0.40151006
0.40151605
0.40152484
0.40153655
0.40155113
0.40156847
0.40158844
0.40161055
0.40163416
0.40165827
0.4016818
0.40170345
0.40172186
0.401736
0.40174505
0.401749
0.4017481
0.4017432
0.4017357
0.40172732
0.4017198
0.40171456
0.40171248
0.401714
0.40171903
0.4017271
0.40173718
0.40174773
0.4017571
0.4017637
0.40176645
0.40176454
0.40175772
0.40174624
0.40173104
0.40171313
0.40169385
0.40167457
0.4016565
0.40164062
0.40162745
0.4016173
0.40161043
0.4016066
0.4016057
0.4016074
0.40161127
0.4016166
0.40162295
0.40162995
0.4016375
0.4016458
0.40165478
0.4016644
0.40167403
0.40168285
0.4016894
0.40169248
0.40169117
0.4016848
0.4016732
0.40165687
0.4016365
0.4016132
0.40158817
0.40156266
0.4015379
0.401515
0.40149486
0.40147814
0.4014652
0.40145615
0.4014508
0.40144873
0.40144968
0.4014531
0.401459
0.40146753
0.40147856
0.40149182
0.40150702
0.40152374
0.4015412
0.4015589
0.40157583
0.4015912
0.40160406
0.40161356
0.4016187
0.40161917
0.4016151
0.40160736
0.40159723
0.40158632
0.40157625
0.4015679
0.40156192
0.40155828
0.40155652
0.40155604
0.40155602
0.4015561
0.4015561
0.40155637
0.40155715
0.40155867
0.40156063
0.40156302
0.40156546
0.4015679
0.40157026
0.40157256
0.40157512
0.40157837
0.40158242
0.40158728
0.4015928
0.40159896
0.4016057
0.40161297
0.40161994
0.40162584
0.40162945
0.40162954
0.40162534
0.40161642
0.40160352
0.40158743
0.40156966
0.40155184
0.4015355
0.4015218
0.40151152
0.40150505
0.40150246
0.40150368
0.40150836
0.4015163
0.40152696
0.40154
0.4015552
0.4015725
0.4015921
0.40161434
0.40163913
0.4016662
0.40169466
0.40172333
0.40175083
0.4017759
0.40179738
0.40181452
0.40182653
0.40183306
0.40183377
0.4018288
0.4018186
0.40180397
0.40178618
0.40176675
0.40174726
0.40172908
0.4017132
0.40170017
0.40169004
0.4016823
0.4016764
0.40167165
0.4016678
0.40166497
0.4016635
0.4016639
0.4016664
0.40167108
0.40167764
0.40168524
0.40169293
0.40169957
0.40170443
0.40170693
0.40170693
0.40170434
0.4016991
0.40169087
0.40167913
0.4016638
0.40164497
0.40162337
0.40160012
0.40157685
0.40155503
0.40153605
0.4015208
0.40150988
0.4015035
0.4015015
0.40150347
0.40150887
0.40151697
0.40152702
0.40153798
0.40154916
0.4015599
0.4015695
0.40157768
0.40158442
0.4015903
0.40159637
0.40160388
0.401614
0.40162778
0.40164572
0.40166792
0.4016938
0.4017223
0.40175208
0.4017815
0.40180907
0.40183333
0.40185317
0.40186778
0.40187663
0.40187937
0.401876
0.40186659
0.4018517
0.4018322
0.40180895
0.4017833
0.40175658
0.40172997
0.40170446
0.40168053
0.40165854
0.40163845
0.40162036
0.4016045
0.40159118
0.40158063
0.4015729
0.40156797
0.40156555
0.40156502
0.40156576
0.4015671
0.40156856
0.4015701
0.40157217
0.40157503
0.40157923
0.4015851
0.4015925
0.4016014
0.40161163
0.40162274
0.4016345
0.4016464
0.40165767
0.40166774
0.40167612
0.4016826
0.40168706
0.40168947
0.40169007
0.40168914
0.40168694
0.40168378
0.40167987
0.40167546
0.4016708
0.40166673
0.40166393
0.40166312
0.401665
0.40166968
0.40167698
0.4016861
0.4016959
0.40170506
0.4017123
0.40171656
0.40171742
0.40171504
0.40171
0.4017036
0.40169746
0.4016932
0.4016924
0.4016958
0.40170348
0.40171492
0.40172875
0.40174335
0.40175682
0.40176773
0.40177476
0.40177718
0.40177476
0.40176776
0.40175703
0.40174383
0.40172976
0.4017168
0.40170667
0.40170088
0.40170017
0.4017048
0.401714
0.40172663
0.40174088
0.4017551
0.40176776
0.40177783
0.40178472
0.4017886
0.40178978
0.40178946
0.40178874
0.40178892
0.40179095
0.40179533
0.40180215
0.40181118
0.40182143
0.40183184
0.40184107
0.40184808
0.40185162
0.40185118
0.40184617
0.40183663
0.40182304
0.40180638
0.40178782
0.40176892
0.40175095
0.401735
0.40172145
0.40171033
0.40170118
0.4016932
0.40168554
0.40167725
0.40166757
0.4016561
0.40164298
0.40162873
0.40161422
0.4016003
0.401588
0.40157786
0.40157068
0.40156668
0.40156615
0.40156877
0.40157452
0.40158308
0.40159437
0.4016085
0.40162566
0.40164617
0.40167022
0.4016978
0.4017284
0.40176105
0.40179455
0.40182766
0.40185922
0.4018883
0.40191418
0.4019365
0.40195486
0.40196916
0.4019792
0.40198493
0.40198657
0.40198433
0.40197867
0.4019703
0.4019601
0.4019491
0.40193865
0.40192974
0.40192342
0.4019203
0.4019203
0.40192285
0.40192696
0.40193188
0.40193656
0.40194052
0.4019435
0.4019457
0.40194723
0.40194842
0.4019494
0.40195006
0.40195015
0.40194952
0.4019481
0.4019459
0.40194318
0.40194014
0.401937
0.40193385
0.4019307
0.40192738
0.40192372
0.4019193
0.40191376
0.40190655
0.4018973
0.40188566
0.40187162
0.4018552
0.40183666
0.40181622
0.4017944
0.4017718
0.4017495
0.40172845
0.4017098
0.4016944
0.40168253
0.4016741
0.40166858
0.40166533
0.4016638
0.40166357
0.4016644
0.40166587
0.4016675
0.40166843
0.40166757
0.40166384
0.4016565
0.40164518
0.40163028
0.40161252
0.40159336
0.4015742
0.40155613
0.40154004
0.4015263
0.40151468
0.401505
0.40149686
0.40148973
0.40148324
0.401477
0.4014707
0.4014641
0.4014572
0.40145022
0.40144333
0.40143695
0.4014313
0.40142652
0.40142268
0.40141967
0.40141723
0.40141508
0.401413
0.4014109
0.40140897
0.4014074
0.4014066
0.4014067
0.40140802
0.40141073
0.40141508
0.40142116
0.40142903
0.40143892
0.4014511
0.4014658
0.40148324
0.40150368
0.4015271
0.4015534
0.40158182
0.40161157
0.4016416
0.40167084
0.40169805
0.401722
0.4017417
0.40175647
0.40176594
0.4017704
0.40177023
0.4017664
0.4017599
0.40175164
0.40174246
0.40173277
0.40172288
0.40171278
0.40170258
0.40169242
0.40168208
0.40167132
0.40165973
0.40164718
0.40163347
0.40161893
0.40160424
0.4015905
0.40157887
0.40157044
0.40156627
0.40156686
0.40157256
0.40158305
0.4015976
0.4016149
0.40163335
0.40165102
0.4016662
0.40167767
0.4016847
0.4016872
0.40168533
0.40167958
0.40167072
0.40165937
0.4016462
0.4016318
0.40161687
0.4016022
0.4015888
0.40157768
0.4015696
0.4015649
0.40156373
0.40156564
0.40157014
0.40157658
0.40158406
0.40159166
0.40159848
0.40160382
0.40160757
0.40161026
0.4016134
0.40161943
0.40163147
0.4016536
0.40169063
0.40174884
0.40183628
0.40196395
0.40214774
0.40241015
0.40278003
0.40329903
0.40402505
0.4050368
0.40644124
0.40838113
0.41107845
0.41475746
0.419728
0.4264641
0.43560773
0.44776908
