0.44259217
0.43209147
0.424213
0.4182788
0.41384548
0.41056776
0.40816045
0.40638283
0.4050736
0.40411463
0.40340993
0.4028928
0.40251377
0.40223667
0.40203488
0.40188873
0.40178388
0.40171003
0.4016594
0.40162638
0.40160683
0.40159768
0.40159664
0.40160173
0.40161133
0.40162396
0.40163833
0.4016534
0.4016686
0.40168294
0.40169555
0.4017053
0.40171134
0.4017132
0.40171084
0.40170494
0.40169668
0.4016877
0.4016797
0.40167415
0.40167204
0.40167382
0.40167916
0.40168723
0.4016966
0.40170556
0.40171257
0.40171635
0.40171605
0.4017112
0.40170184
0.40168852
0.401672
0.40165362
0.40163478
0.40161723
0.40160218
0.40159068
0.40158343
0.40158075
0.40158248
0.40158835
0.40159756
0.4016091
0.40162182
0.40163472
0.40164706
0.40165862
0.40166977
0.40168115
0.40169343
0.4017069
0.4017216
0.40173694
0.40175223
0.40176696
0.40178078
0.4017937
0.40180588
0.4018176
0.40182886
0.40183958
0.40184915
0.40185675
0.40186176
0.40186357
0.40186203
0.40185735
0.40184972
0.40183952
0.40182698
0.40181214
0.4017946
0.40177432
0.4017511
0.4017252
0.40169722
0.40166828
0.4016397
0.40161294
0.40158936
0.40157
0.40155548
0.40154603
0.40154138
0.40154055
0.40154213
0.40154442
0.40154573
0.40154445
0.40153942
0.40153039
0.40151763
0.4015021
0.4014851
0.4014677
0.40145102
0.40143582
0.40142274
0.40141216
0.4014044
0.4013996
0.4013979
0.40139917
0.40140346
0.40141064
0.40142062
0.4014335
0.4014491
0.4014675
0.40148845
0.4015116
0.40153638
0.401562
0.40158767
0.40161237
0.4016346
0.40165332
0.40166742
0.40167627
0.40167972
0.4016782
0.40167245
0.40166354
0.40165275
0.40164128
0.40163037
0.40162122
0.40161484
0.40161178
0.40161237
0.40161642
0.40162385
0.40163362
0.40164468
0.4016555
0.40166482
0.40167147
0.40167454
0.4016734
0.40166798
0.40165868
0.4016459
0.4016304
0.40161303
0.40159467
0.40157625
0.40155846
0.40154183
0.40152678
0.4015136
0.40150255
0.40149364
0.40148717
0.401483
0.40148145
0.4014829
0.40148792
0.40149698
0.40151006
0.40152696
0.40154693
0.4015691
0.40159196
0.40161437
0.40163478
0.4016517
0.40166384
0.4016702
0.4016704
0.40166482
0.40165454
0.40164104
0.40162626
0.40161228
0.4016009
0.40159342
0.40159068
0.40159306
0.4016003
0.40161186
0.40162688
0.4016445
0.4016635
0.4016827
0.40170085
0.40171725
0.40173128
0.4017424
0.40175012
0.40175375
0.401753
0.40174773
0.401738
0.4017247
0.4017088
0.40169173
0.40167466
0.40165856
0.40164393
0.40163076
0.4016188
0.4016077
0.40159732
0.40158767
0.40157866
0.40157032
0.4015624
0.4015548
0.40154737
0.40154022
0.40153387
0.40152875
0.4015251
0.40152323
0.40152302
0.40152448
0.40152755
0.401532
0.40153754
0.4015438
0.4015505
0.40155768
0.40156564
0.4015746
0.4015847
0.40159595
0.40160787
0.40161988
0.40163118
0.40164122
0.40164903
0.40165365
0.40165427
0.40165034
0.4016417
0.40162864
0.4016116
0.40159124
0.4015686
0.40154496
0.4015215
0.40149954
0.40148
0.4014637
0.40145105
0.40144256
0.40143806
0.40143755
0.40144056
0.40144658
0.40145507
0.40146512
0.40147603
0.4014869
0.4014971
0.40150613
0.40151384
0.40152055
0.4015265
0.4015325
0.40153894
0.40154603
0.40155363
0.40156132
0.40156832
0.40157402
0.40157786
0.40158015
0.40158165
0.40158325
0.40158632
0.40159178
0.40160012
0.40161127
0.4016245
0.40163857
0.40165198
0.40166306
0.4016704
0.40167335
0.4016716
0.40166548
0.40165597
0.40164423
0.40163162
0.40161943
0.40160844
0.4015993
0.40159237
0.4015877
0.40158486
0.40158367
0.40158367
0.40158477
0.40158704
0.40159026
0.4015942
0.40159872
0.40160343
0.40160817
0.4016129
0.40161762
0.401622
0.40162557
0.4016279
0.40162832
0.40162656
0.4016228
0.40161774
0.40161252
0.40160877
0.40160805
0.40161222
0.40162307
0.4016427
0.40167364
0.40171924
0.40178433
0.40187573
0.4020037
0.40218368
0.4024391
0.40279967
0.40330824
0.4040237
0.4050259
0.40642256
0.4083569
0.41105103
0.4147294
0.41970137
0.42644033
0.4355884
0.4477548
