0.44265682
0.43217644
0.42431566
0.41839686
0.41397634
0.4107098
0.40831205
0.40654466
0.40524852
0.40430602
0.403622
0.40312898
0.40277606
0.4025247
0.402346
0.40221828
0.40212557
0.40205616
0.40200156
0.40195566
0.40191406
0.40187365
0.40183267
0.4017902
0.40174615
0.40170118
0.40165633
0.40161318
0.40157315
0.4015376
0.4015075
0.40148342
0.4014658
0.40145463
0.40144932
0.4014493
0.4014535
0.40146112
0.4014713
0.40148342
0.4014972
0.40151244
0.4015293
0.40154764
0.40156734
0.40158793
0.40160885
0.4016289
0.40164676
0.40166137
0.4016716
0.4016771
0.4016778
0.4016744
0.40166774
0.40165916
0.40165016
0.40164217
0.40163657
0.40163445
0.4016362
0.40164214
0.40165195
0.401665
0.40168026
0.4016964
0.40171227
0.40172654
0.40173855
0.40174776
0.40175402
0.40175745
0.40175813
0.40175644
0.40175274
0.40174788
0.4017431
0.4017398
0.40173933
0.40174276
0.40175077
0.4017635
0.40178043
0.40180054
0.40182248
0.40184453
0.4018656
0.4018845
0.40190044
0.4019129
0.40192172
0.40192685
0.40192816
0.40192568
0.40191942
0.4019091
0.40189487
0.4018766
0.40185457
0.4018292
0.40180096
0.40177086
0.4017399
0.40170926
0.40167984
0.4016525
0.40162757
0.40160543
0.4015862
0.40157017
0.40155733
0.40154812
0.40154287
0.40154195
0.4015454
0.4015533
0.40156546
0.40158147
0.40160066
0.401622
0.40164426
0.401666
0.40168577
0.40170255
0.40171552
0.40172437
0.4017292
0.40173048
0.40172896
0.4017257
0.40172166
0.40171787
0.40171486
0.40171275
0.40171123
0.40171006
0.40170857
0.4017065
0.4017036
0.40169996
0.40169558
0.40169054
0.40168464
0.4016774
0.40166822
0.40165654
0.40164214
0.40162525
0.40160638
0.4015865
0.4015668
0.40154827
0.40153173
0.40151784
0.40150672
0.40149844
0.4014927
0.40148914
0.4014873
0.40148658
0.40148658
0.401487
0.4014879
0.40148932
0.40149173
0.4014952
0.40149972
0.40150508
0.40151107
0.40151718
0.40152285
0.4015278
0.40153188
0.4015355
0.40153933
0.40154395
0.40154982
0.40155703
0.40156558
0.40157512
0.4015854
0.40159577
0.4016056
0.40161437
0.40162194
0.40162817
0.40163344
0.40163812
0.40164262
0.40164718
0.40165156
0.40165538
0.401658
0.40165868
0.40165663
0.40165135
0.40164298
0.40163198
0.40161926
0.40160578
0.40159246
0.40157986
0.40156862
0.40155944
0.40155286
0.401549
0.40154803
0.40154982
0.4015541
0.40156057
0.40156886
0.4015786
0.4015898
0.40160254
0.40161663
0.40163162
0.40164685
0.40166125
0.40167397
0.40168455
0.40169275
0.4016989
0.4017033
0.40170604
0.40170705
0.4017059
0.40170226
0.40169603
0.4016874
0.40167707
0.401666
0.40165532
0.4016458
0.40163812
0.40163246
0.4016286
0.4016261
0.4016242
0.40162215
0.40161967
0.4016166
0.40161315
0.40160978
0.401607
0.4016052
0.40160468
0.40160537
0.40160713
0.40160972
0.4016128
0.4016158
0.401618
0.40161866
0.4016173
0.4016134
0.40160725
0.40159902
0.4015894
0.40157866
0.4015676
0.4015565
0.40154558
0.40153506
0.4015251
0.40151572
0.4015074
0.4015004
0.401495
0.40149152
0.4014899
0.40149033
0.4014927
0.40149698
0.40150297
0.40151066
0.40151986
0.40153027
0.4015416
0.40155315
0.40156454
0.40157565
0.4015867
0.40159836
0.401611
0.40162483
0.40163952
0.4016545
0.40166888
0.40168148
0.40169173
0.40169898
0.40170348
0.4017057
0.4017064
0.40170634
0.40170628
0.40170652
0.40170717
0.4017081
0.40170914
0.40170988
0.40171024
0.40171042
0.4017107
0.4017116
0.40171325
0.4017157
0.40171847
0.40172097
0.40172246
0.40172273
0.40172186
0.4017204
0.4017192
0.40171942
0.40172184
0.40172702
0.40173492
0.40174517
0.40175703
0.40176952
0.4017817
0.4017925
0.40180054
0.40180477
0.40180445
0.40179908
0.4017885
0.40177312
0.40175363
0.40173092
0.40170583
0.4016794
0.4016525
0.4016259
0.40160066
0.4015775
0.40155712
0.40154004
0.40152633
0.40151602
0.4015088
0.40150416
0.4015017
0.4015012
0.4015031
0.40150765
0.40151566
0.40152764
0.4015439
0.40156472
0.4015898
0.4016185
0.4016498
0.4016822
0.40171394
0.40174335
0.40176904
0.40178975
0.40180475
0.40181383
0.4018169
0.40181428
0.40180612
0.40179285
0.40177524
0.4017541
0.40173075
0.40170646
0.40168267
0.40166074
0.40164164
0.40162593
0.4016137
0.40160477
0.4015984
0.40159383
0.40159026
0.40158674
0.40158254
0.40157703
0.40157008
0.40156195
0.40155312
0.4015443
0.40153617
0.4015293
0.4015242
0.40152118
0.4015204
0.40152213
0.40152663
0.40153396
0.4015442
0.40155685
0.40157127
0.40158668
0.40160203
0.40161672
0.40163028
0.40164283
0.4016547
0.4016663
0.40167794
0.4016896
0.40170103
0.4017116
0.4017209
0.4017287
0.40173486
0.40173995
0.4017444
0.40174848
0.4017523
0.4017554
0.4017573
0.40175745
0.40175566
0.40175223
0.40174788
0.4017438
0.40174133
0.40174168
0.40174565
0.40175387
0.40176594
0.40178138
0.40179887
0.40181735
0.40183577
0.40185323
0.40186924
0.40188363
0.40189648
0.40190858
0.40192142
0.40193713
0.40195933
0.40199295
0.40204477
0.4021241
0.40224314
0.40241823
0.4026729
0.4030372
0.40355155
0.40427357
0.40528092
0.40667978
0.4086119
0.41129762
0.4149612
0.4199115
0.4266209
0.43573382
0.44786128
