0.4425527
0.43204236
0.42415845
0.41822326
0.41379336
0.41052368
0.40812868
0.40636706
0.40507686
0.40413797
0.40345296
0.40295315
0.40258774
0.40231985
0.40212265
0.4019771
0.4018697
0.4017907
0.40173292
0.401691
0.40166086
0.4016393
0.40162393
0.4016127
0.40160406
0.40159705
0.4015912
0.4015867
0.40158394
0.40158316
0.40158483
0.4015887
0.40159437
0.40160102
0.40160748
0.40161255
0.40161493
0.4016137
0.4016086
0.4015999
0.4015887
0.40157637
0.40156412
0.4015531
0.40154377
0.40153638
0.40153044
0.40152556
0.40152118
0.4015168
0.4015123
0.40150726
0.40150192
0.40149656
0.40149152
0.40148708
0.40148357
0.40148118
0.4014799
0.40147954
0.40148014
0.40148178
0.4014847
0.40148923
0.4014956
0.40150443
0.40151605
0.40153077
0.40154848
0.40156883
0.40159094
0.40161362
0.40163532
0.40165424
0.401669
0.40167838
0.4016819
0.40167972
0.40167278
0.40166244
0.4016503
0.40163797
0.40162668
0.40161714
0.4016095
0.4016037
0.40159908
0.40159485
0.4015904
0.40158513
0.40157855
0.40157077
0.4015622
0.40155384
0.4015466
0.40154135
0.40153843
0.40153784
0.401539
0.4015412
0.40154353
0.40154526
0.40154606
0.40154636
0.40154633
0.40154698
0.40154904
0.40155312
0.40155962
0.4015685
0.40157953
0.40159205
0.4016054
0.40161902
0.40163285
0.4016468
0.40166116
0.40167585
0.40169019
0.40170324
0.4017135
0.40171954
0.4017204
0.40171564
0.40170497
0.40168896
0.40166843
0.40164468
0.4016191
0.40159315
0.40156803
0.40154475
0.40152407
0.4015064
0.40149188
0.40148053
0.40147203
0.40146613
0.40146258
0.40146112
0.40146157
0.40146384
0.4014677
0.40147284
0.40147883
0.40148512
0.40149134
0.40149724
0.4015026
0.40150735
0.4015116
0.40151587
0.40152064
0.4015263
0.4015332
0.4015414
0.40155065
0.40156
0.4015687
0.40157548
0.40157947
0.40158024
0.40157777
0.4015728
0.4015663
0.40155962
0.40155405
0.40155062
0.40155
0.4015524
0.40155795
0.40156633
0.4015771
0.40158963
0.40160304
0.40161613
0.40162754
0.40163624
0.40164155
0.4016429
0.40164062
0.40163508
0.40162727
0.40161788
0.4016075
0.40159672
0.401586
0.40157598
0.40156698
0.40155947
0.40155345
0.40154874
0.4015451
0.40154225
0.40153986
0.40153787
0.4015365
0.40153593
0.4015365
0.4015384
0.40154183
0.4015465
0.40155217
0.40155843
0.40156493
0.40157127
0.40157732
0.4015829
0.40158805
0.40159342
0.40159947
0.40160686
0.40161565
0.40162542
0.40163556
0.40164512
0.40165308
0.40165833
0.40166003
0.40165782
0.4016517
0.40164214
0.40163
0.40161663
0.4016035
0.4015919
0.4015829
0.40157712
0.4015743
0.40157402
0.4015752
0.40157685
0.40157792
0.40157768
0.40157557
0.40157163
0.40156624
0.40155974
0.40155295
0.40154633
0.40154094
0.4015373
0.4015362
0.401538
0.40154296
0.40155113
0.40156224
0.40157565
0.40159047
0.401606
0.40162167
0.4016373
0.40165278
0.401668
0.40168256
0.40169573
0.4017066
0.40171453
0.40171897
0.40172008
0.40171838
0.40171474
0.40171042
0.40170616
0.40170258
0.40169993
0.4016978
0.40169594
0.40169394
0.40169173
0.40168914
0.4016861
0.40168256
0.401678
0.40167183
0.4016633
0.40165195
0.40163767
0.40162086
0.40160233
0.4015833
0.40156505
0.40154874
0.4015355
0.40152594
0.4015205
0.40151924
0.4015219
0.4015279
0.40153673
0.4015476
0.40155977
0.4015725
0.401585
0.40159672
0.4016068
0.40161464
0.40161988
0.40162244
0.40162277
0.40162116
0.40161806
0.4016137
0.40160826
0.4016019
0.40159488
0.40158704
0.40157837
0.40156862
0.40155804
0.40154704
0.40153605
0.40152562
0.40151623
0.40150842
0.40150252
0.40149865
0.40149692
0.40149716
0.40149933
0.4015034
0.4015092
0.40151653
0.40152526
0.40153518
0.4015461
0.40155765
0.40156955
0.40158138
0.4015928
0.40160394
0.4016149
0.401626
0.4016372
0.4016484
0.40165925
0.40166932
0.40167785
0.40168408
0.40168735
0.40168706
0.40168294
0.40167525
0.4016644
0.40165126
0.40163687
0.40162224
0.40160847
0.40159628
0.40158665
0.40158018
0.4015776
0.4015793
0.4015854
0.40159562
0.4016094
0.4016257
0.40164328
0.4016608
0.4016772
0.40169173
0.40170395
0.40171394
0.40172213
0.40172943
0.4017368
0.40174505
0.40175474
0.4017656
0.40177727
0.4017884
0.401798
0.40180486
0.40180793
0.40180644
0.40179977
0.4017876
0.40177017
0.40174812
0.40172246
0.40169445
0.4016654
0.4016364
0.4016086
0.401583
0.40156034
0.40154162
0.40152735
0.40151784
0.40151307
0.4015127
0.4015161
0.40152225
0.40153015
0.40153855
0.401547
0.40155542
0.40156427
0.40157425
0.40158603
0.40160048
0.40161783
0.40163794
0.40166017
0.40168312
0.40170544
0.4017255
0.4017418
0.40175316
0.40175885
0.40175837
0.40175197
0.40174022
0.40172416
0.40170556
0.40168598
0.40166718
0.40165058
0.40163732
0.40162805
0.4016231
0.40162262
0.4016264
0.40163413
0.40164536
0.40165952
0.4016756
0.4016924
0.40170842
0.40172213
0.40173218
0.4017377
0.40173826
0.4017342
0.4017263
0.4017159
0.4017045
0.4016937
0.4016846
0.4016777
0.4016727
0.40166852
0.40166393
0.4016576
0.4016485
0.40163642
0.40162167
0.40160516
0.40158793
0.401571
0.4015552
0.40154132
0.40152988
0.40152138
0.40151653
0.40151548
0.40151846
0.40152544
0.40153593
0.40154934
0.4015648
0.40158138
0.4015979
0.40161347
0.40162766
0.40164033
0.4016522
0.4016638
0.40167594
0.40168884
0.40170255
0.40171623
0.4017288
0.40173933
0.40174702
0.4017514
0.40175256
0.40175113
0.40174788
0.40174398
0.40174007
0.40173665
0.40173373
0.40173087
0.40172756
0.40172327
0.40171772
0.40171102
0.40170363
0.4016964
0.40169019
0.40168586
0.4016839
0.40168497
0.40168938
0.40169698
0.40170723
0.4017194
0.40173212
0.40174413
0.40175426
0.40176153
0.40176535
0.40176585
0.4017634
0.4017589
0.40175337
0.40174752
0.40174177
0.4017362
0.4017306
0.40172508
0.40171978
0.40171477
0.40171006
0.40170565
0.40170103
0.40169582
0.40168968
0.40168226
0.40167382
0.40166458
0.40165505
0.40164563
0.40163708
0.4016301
0.40162563
0.40162465
0.40162763
0.40163505
0.40164667
0.40166178
0.40167934
0.4016976
0.40171474
0.40172902
0.4017388
0.4017431
0.40174127
0.4017332
0.4017195
0.40170103
0.40167925
0.4016559
0.40163267
0.40161088
0.4015916
0.4015754
0.40156248
0.4015528
0.40154618
0.40154213
0.40154025
0.40153986
0.40154037
0.40154138
0.4015429
0.40154502
0.4015477
0.4015508
0.40155402
0.4015569
0.40155914
0.40155983
0.40155837
0.40155396
0.40154627
0.40153563
0.40152287
0.40150928
0.4014962
0.40148494
0.40147632
0.40147108
0.40146947
0.40147147
0.40147686
0.40148503
0.40149543
0.40150732
0.4015202
0.40153354
0.40154725
0.40156126
0.40157598
0.40159124
0.40160704
0.40162286
0.40163806
0.4016518
0.40166366
0.40167332
0.4016813
0.40168825
0.40169492
0.40170187
0.40170896
0.4017159
0.40172175
0.40172586
0.4017279
0.4017279
0.40172642
0.40172416
0.40172172
0.4017195
0.40171742
0.4017151
0.40171197
0.4017078
0.40170243
0.4016963
0.40168986
0.40168348
0.40167758
0.40167218
0.40166718
0.40166217
0.40165678
0.40165076
0.40164393
0.40163678
0.40163
0.40162456
0.40162155
0.40162182
0.40162608
0.40163487
0.4016486
0.40166792
0.40169343
0.40172642
0.4017691
0.40182507
0.40189984
0.4020011
0.40214005
0.40233243
0.4026017
0.40297678
0.40349928
0.40422675
0.40523756
0.4066381
0.40857077
0.41125697
0.41492182
0.4198747
0.42658842
0.43570715
0.44784155
