0.44256774
0.4320592
0.42417356
0.4182327
0.41379353
0.41051105
0.40810105
0.40632302
0.40501574
0.40406075
0.40336174
0.40285134
0.40247983
0.40221053
0.40201667
0.40187842
0.4017812
0.40171432
0.40166974
0.40164134
0.40162462
0.4016161
0.40161332
0.4016142
0.40161687
0.40161976
0.40162167
0.40162182
0.40162018
0.40161774
0.40161553
0.40161484
0.40161675
0.40162185
0.40163028
0.40164137
0.40165415
0.4016671
0.40167847
0.40168706
0.40169185
0.40169278
0.4016901
0.40168506
0.4016791
0.4016737
0.4016705
0.40167034
0.40167385
0.40168104
0.40169126
0.40170348
0.40171647
0.40172854
0.40173852
0.40174505
0.4017472
0.40174443
0.40173662
0.40172413
0.40170774
0.40168858
0.40166777
0.40164667
0.40162623
0.40160754
0.40159142
0.40157855
0.40156922
0.40156344
0.40156084
0.4015608
0.40156263
0.40156555
0.4015689
0.40157238
0.401576
0.40158042
0.4015862
0.40159398
0.40160412
0.40161636
0.4016302
0.40164453
0.4016581
0.40166962
0.40167826
0.40168345
0.40168512
0.40168345
0.40167874
0.40167135
0.40166146
0.40164912
0.40163463
0.40161848
0.40160143
0.4015844
0.4015683
0.40155405
0.40154254
0.40153432
0.40152964
0.4015288
0.4015316
0.4015377
0.4015464
0.4015569
0.40156823
0.40157914
0.40158844
0.4015956
0.40160042
0.40160355
0.40160605
0.4016093
0.40161467
0.40162304
0.40163445
0.4016486
0.40166432
0.40168002
0.4016943
0.4017057
0.40171373
0.4017182
0.4017195
0.4017186
0.40171665
0.4017151
0.40171498
0.4017171
0.40172154
0.4017281
0.40173602
0.40174404
0.40175098
0.40175587
0.40175804
0.4017572
0.4017536
0.40174744
0.40173948
0.40173066
0.40172184
0.40171397
0.40170735
0.4017018
0.40169662
0.40169102
0.4016843
0.4016763
0.40166724
0.40165788
0.4016492
0.40164283
0.40163994
0.40164173
0.40164906
0.40166244
0.40168193
0.40170702
0.40173686
0.40177006
0.40180495
0.4018399
0.40187362
0.401905
0.40193325
0.40195763
0.4019779
0.40199378
0.4020054
0.40201288
0.4020166
0.40201664
0.4020132
0.40200648
0.40199652
0.40198347
0.40196735
0.40194818
0.4019261
0.40190136
0.40187407
0.4018448
0.40181416
0.40178296
0.401752
0.40172213
0.40169385
0.40166742
0.40164274
0.4016197
0.40159824
0.40157843
0.4015605
0.40154463
0.40153113
0.40152022
0.40151203
0.40150645
0.40150368
0.40150344
0.40150553
0.40150952
0.40151504
0.40152186
0.40152985
0.40153894
0.40154925
0.4015611
0.40157488
0.40159085
0.40160927
0.40163007
0.401653
0.40167737
0.40170196
0.4017255
0.40174663
0.40176436
0.40177774
0.40178618
0.40178943
0.40178707
0.4017794
0.40176666
0.40174937
0.40172833
0.4017045
0.40167895
0.401653
0.4016276
0.40160382
0.40158203
0.40156257
0.40154544
0.40153065
0.401518
0.40150705
0.4014981
0.40149093
0.4014857
0.4014825
0.40148112
0.40148172
0.40148425
0.4014885
0.4014945
0.40150172
0.40150994
0.4015188
0.40152788
0.4015368
0.40154532
0.40155342
0.40156114
0.4015686
0.40157586
0.40158305
0.40159026
0.40159726
0.40160385
0.40160945
0.40161362
0.40161622
0.40161747
0.40161806
0.40161887
0.40162072
0.4016242
0.4016291
0.40163526
0.40164188
0.40164804
0.40165326
0.40165702
0.40165943
0.4016611
0.40166244
0.40166426
0.40166676
0.40166986
0.401673
0.40167558
0.40167704
0.40167695
0.40167534
0.40167245
0.40166888
0.40166527
0.40166244
0.40166074
0.40166003
0.40165964
0.4016586
0.4016561
0.40165162
0.40164515
0.40163732
0.40162903
0.4016215
0.40161583
0.40161303
0.40161356
0.4016172
0.4016238
0.4016325
0.40164226
0.4016519
0.40165988
0.4016653
0.40166733
0.40166572
0.40166074
0.401653
0.40164325
0.40163225
0.4016208
0.4016098
0.40159962
0.40159103
0.40158457
0.40158048
0.4015788
0.40157914
0.40158066
0.40158275
0.40158454
0.40158486
0.4015829
0.40157786
0.40156963
0.40155864
0.4015459
0.40153274
0.40152034
0.40150982
0.40150177
0.40149653
0.40149385
0.4014935
0.40149492
0.4014978
0.40150177
0.40150657
0.40151152
0.40151614
0.40151995
0.4015227
0.40152416
0.40152457
0.4015246
0.401525
0.4015264
0.40152928
0.4015338
0.40153956
0.40154582
0.40155157
0.40155575
0.40155745
0.4015564
0.4015524
0.40154582
0.40153724
0.40152764
0.40151817
0.4015096
0.4015027
0.40149775
0.4014947
0.40149352
0.40149358
0.4014944
0.40149546
0.40149638
0.40149698
0.4014974
0.40149757
0.40149757
0.4014973
0.40149668
0.40149555
0.40149397
0.40149212
0.40149057
0.40148988
0.4014909
0.40149397
0.4014997
0.40150842
0.4015203
0.401535
0.4015519
0.4015698
0.40158743
0.40160286
0.40161476
0.40162182
0.4016236
0.40162048
0.40161303
0.40160272
0.4015909
0.40157908
0.40156826
0.40155926
0.40155235
0.40154773
0.40154514
0.4015444
0.40154505
0.40154696
0.40154967
0.401553
0.401557
0.40156177
0.40156764
0.4015747
0.4015829
0.4015922
0.401602
0.4016121
0.40162203
0.40163147
0.40164
0.40164742
0.40165335
0.40165776
0.40166086
0.40166315
0.4016654
0.40166798
0.40167135
0.4016753
0.4016794
0.40168285
0.40168482
0.40168455
0.4016815
0.40167537
0.4016662
0.4016541
0.40163958
0.40162334
0.4016066
0.40159035
0.40157586
0.40156412
0.40155548
0.4015502
0.40154782
0.40154755
0.40154842
0.40154955
0.40155008
0.4015498
0.4015483
0.40154594
0.40154302
0.40154013
0.40153787
0.4015367
0.40153685
0.4015385
0.4015412
0.40154496
0.40154904
0.40155318
0.4015574
0.40156153
0.4015659
0.40157044
0.40157518
0.4015799
0.40158442
0.40158862
0.4015925
0.40159622
0.40159988
0.40160352
0.4016073
0.40161133
0.40161583
0.40162104
0.40162688
0.4016334
0.4016402
0.4016469
0.4016528
0.4016572
0.40165946
0.40165913
0.40165624
0.401651
0.40164426
0.40163693
0.40163007
0.40162456
0.40162113
0.4016201
0.40162167
0.40162557
0.40163118
0.4016376
0.4016443
0.40165058
0.40165624
0.40166107
0.40166458
0.40166652
0.40166652
0.40166456
0.40166074
0.40165588
0.40165055
0.40164566
0.40164173
0.40163884
0.40163642
0.4016337
0.40162948
0.40162292
0.40161365
0.40160173
0.40158767
0.40157235
0.40155643
0.40154046
0.401525
0.40151033
0.40149698
0.40148538
0.40147611
0.40146974
0.40146667
0.40146726
0.4014716
0.40147954
0.40149033
0.40150294
0.4015162
0.40152872
0.40153912
0.40154606
0.40154862
0.40154633
0.4015394
0.4015286
0.401515
0.4014999
0.40148452
0.40146977
0.40145668
0.40144584
0.40143764
0.40143216
0.4014295
0.4014295
0.40143183
0.4014361
0.4014419
0.40144864
0.4014555
0.40146172
0.40146634
0.40146863
0.40146825
0.4014653
0.40146044
0.4014544
0.40144804
0.40144232
0.40143806
0.40143582
0.40143603
0.40143907
0.40144488
0.40145326
0.40146396
0.40147623
0.4014894
0.40150282
0.4015157
0.40152764
0.40153876
0.401549
0.40155882
0.40156838
0.40157822
0.4015886
0.4015999
0.40161237
0.40162596
0.40164033
0.40165493
0.4016692
0.4016825
0.40169457
0.401705
0.40171346
0.4017194
0.4017222
0.40172145
0.40171668
0.40170786
0.40169516
0.401679
0.40166038
0.4016404
0.40162024
0.40160108
0.40158367
0.4015683
0.40155494
0.4015435
0.4015331
0.4015231
0.40151262
0.40150145
0.4014895
0.40147728
0.40146548
0.40145466
0.40144566
0.40143892
0.401435
0.4014343
0.4014372
0.40144393
0.4014548
0.4014695
0.40148768
0.40150875
0.40153185
0.40155578
0.40157923
0.4016005
0.4016183
0.40163115
0.40163803
0.40163854
0.4016331
0.40162224
0.40160713
0.40158895
0.4015689
0.4015483
0.40152836
0.40151006
0.40149426
0.40148145
0.401472
0.4014658
0.40146264
0.401462
0.40146336
0.40146598
0.40146917
0.40147257
0.4014759
0.4014794
0.4014831
0.40148696
0.40149117
0.40149578
0.40150094
0.40150672
0.40151322
0.4015204
0.4015284
0.40153703
0.4015462
0.40155548
0.40156412
0.40157163
0.40157747
0.40158203
0.40158615
0.40159124
0.40159932
0.40161252
0.40163317
0.40166363
0.40170693
0.40176633
0.40184674
0.40195486
0.4021004
0.40229827
0.40257007
0.4029446
0.4034635
0.40418488
0.40518785
0.40658
0.4085051
0.41118535
0.41484728
0.41980094
0.42651954
0.43564853
0.4477974
