0.4425781
0.43207166
0.4241863
0.41824368
0.41380063
0.4105122
0.40809527
0.4063103
0.40499687
0.40403706
0.4033345
0.4028213
0.4024471
0.40217498
0.40197802
0.40183657
0.40173653
0.40166748
0.401622
0.40159467
0.40158138
0.40157878
0.4015843
0.4015958
0.4016113
0.4016291
0.40164813
0.4016674
0.4016863
0.40170413
0.4017198
0.40173224
0.4017403
0.40174326
0.4017409
0.40173352
0.40172222
0.40170845
0.40169418
0.4016815
0.4016722
0.4016679
0.40166962
0.40167797
0.40169278
0.40171337
0.40173826
0.40176558
0.4017931
0.4018186
0.40184048
0.4018571
0.40186763
0.4018715
0.4018686
0.40185905
0.40184334
0.40182236
0.40179715
0.40176904
0.40173945
0.40170994
0.40168187
0.40165642
0.4016342
0.40161556
0.40160066
0.40158904
0.40158045
0.40157434
0.40157
0.40156665
0.40156373
0.40156078
0.4015578
0.40155488
0.40155202
0.40154925
0.4015467
0.4015448
0.40154392
0.4015443
0.40154612
0.40154937
0.4015542
0.4015606
0.40156856
0.4015774
0.40158632
0.40159434
0.40160036
0.4016039
0.40160504
0.4016044
0.40160316
0.40160277
0.4016044
0.4016091
0.40161756
0.40162995
0.40164608
0.40166527
0.4016866
0.40170875
0.40173018
0.40174925
0.4017648
0.401776
0.40178236
0.401784
0.40178132
0.40177482
0.40176526
0.401753
0.40173826
0.40172127
0.40170223
0.40168166
0.40165988
0.40163752
0.40161508
0.4015934
0.4015737
0.40155727
0.40154552
0.4015395
0.40153998
0.4015474
0.40156174
0.40158257
0.40160888
0.4016394
0.40167236
0.40170556
0.4017368
0.40176395
0.40178517
0.40179932
0.40180582
0.40180486
0.40179703
0.40178367
0.40176633
0.40174678
0.401727
0.40170872
0.40169334
0.4016816
0.40167338
0.401668
0.40166426
0.40166065
0.40165597
0.4016492
0.40164
0.4016283
0.4016145
0.40159932
0.40158328
0.40156695
0.40155113
0.40153664
0.40152422
0.40151486
0.401509
0.40150717
0.40150958
0.40151632
0.40152705
0.40154147
0.40155908
0.40157914
0.40160093
0.40162376
0.40164718
0.40167096
0.4016946
0.4017175
0.40173873
0.40175724
0.40177214
0.4017827
0.40178886
0.40179053
0.4017884
0.40178332
0.40177613
0.401768
0.40175974
0.40175197
0.4017449
0.40173885
0.4017339
0.40173048
0.40172884
0.4017294
0.4017322
0.40173694
0.40174302
0.40174934
0.4017548
0.40175813
0.40175834
0.40175462
0.4017466
0.4017343
0.40171835
0.4016997
0.40167955
0.4016594
0.40164065
0.40162426
0.40161088
0.40160063
0.4015934
0.40158856
0.4015854
0.40158305
0.40158096
0.40157855
0.4015754
0.40157145
0.4015666
0.40156105
0.4015554
0.40155008
0.4015459
0.4015431
0.4015421
0.40154302
0.401546
0.40155098
0.40155745
0.40156505
0.4015731
0.40158093
0.4015881
0.40159443
0.40159988
0.40160447
0.4016082
0.40161073
0.40161166
0.40161055
0.40160698
0.4016007
0.40159205
0.4015817
0.4015705
0.40155938
0.40154934
0.4015412
0.40153563
0.4015328
0.40153274
0.40153497
0.4015388
0.40154335
0.40154782
0.40155128
0.40155354
0.4015546
0.40155548
0.40155688
0.40155968
0.4015644
0.4015714
0.40158054
0.40159166
0.4016043
0.40161812
0.40163282
0.4016482
0.4016638
0.40167892
0.40169296
0.40170538
0.4017161
0.40172562
0.4017346
0.40174353
0.40175283
0.4017624
0.40177205
0.40178117
0.40178955
0.40179652
0.40180162
0.4018042
0.4018039
0.40180087
0.40179518
0.40178743
0.40177825
0.40176836
0.40175804
0.40174747
0.4017362
0.40172416
0.4017112
0.4016975
0.40168375
0.4016709
0.40166005
0.40165222
0.40164787
0.40164703
0.4016491
0.40165335
0.4016589
0.40166527
0.4016722
0.40167975
0.40168798
0.40169662
0.40170538
0.4017135
0.40172026
0.40172476
0.40172672
0.4017259
0.40172237
0.40171623
0.4017077
0.40169713
0.40168482
0.4016716
0.40165827
0.4016459
0.40163538
0.4016272
0.40162143
0.4016179
0.40161636
0.40161642
0.40161806
0.40162066
0.4016238
0.40162668
0.40162832
0.40162796
0.40162513
0.40161976
0.40161216
0.4016026
0.40159157
0.40157914
0.40156546
0.40155047
0.4015344
0.40151757
0.40150058
0.40148383
0.40146777
0.4014528
0.40143925
0.40142775
0.4014191
0.401414
0.4014132
0.4014171
0.40142578
0.40143907
0.40145633
0.40147677
0.40149927
0.40152267
0.40154558
0.40156677
0.4015848
0.4015986
0.40160763
0.4016119
0.40161175
0.40160772
0.40160066
0.401591
0.40157977
0.4015679
0.40155643
0.40154606
0.40153766
0.40153176
0.40152857
0.40152845
0.40153122
0.4015367
0.40154493
0.40155566
0.4015695
0.40158713
0.40160996
0.40163988
0.40167955
0.4017327
0.40180475
0.40190315
0.40203848
0.40222624
0.40248927
0.402857
0.40337193
0.4040928
0.40509874
0.40649745
0.40843156
0.41112286
0.4147961
0.4197608
0.42649055
0.4356281
0.44778362
