0.44252667
0.4320076
0.42411536
0.41817203
0.41373396
0.41045627
0.40805382
0.40628546
0.40498978
0.40404746
0.40336186
0.40286458
0.40250507
0.40224564
0.40205842
0.4019229
0.4018246
0.4017526
0.40169924
0.40165868
0.4016268
0.40160063
0.40157855
0.40155965
0.4015437
0.4015307
0.4015209
0.4015146
0.40151167
0.40151197
0.401515
0.40152025
0.40152696
0.40153447
0.40154213
0.40154934
0.40155596
0.40156206
0.4015681
0.4015746
0.40158197
0.4015904
0.4016002
0.40161133
0.4016237
0.40163687
0.4016501
0.4016623
0.4016725
0.4016797
0.40168348
0.40168396
0.40168166
0.4016773
0.40167186
0.40166613
0.40166083
0.4016565
0.4016535
0.4016521
0.40165237
0.40165442
0.4016581
0.40166327
0.4016695
0.40167612
0.40168226
0.40168738
0.40169096
0.40169314
0.40169412
0.40169433
0.40169412
0.4016934
0.40169185
0.401689
0.40168455
0.40167838
0.40167066
0.401662
0.40165314
0.40164497
0.40163812
0.40163326
0.40163043
0.40162936
0.4016296
0.4016303
0.40163046
0.4016291
0.40162548
0.40161917
0.40161014
0.4015985
0.40158495
0.40157044
0.401556
0.40154287
0.401532
0.40152445
0.40152073
0.40152144
0.40152702
0.40153763
0.40155324
0.40157336
0.4015967
0.40162167
0.40164644
0.40166888
0.40168735
0.40170068
0.40170848
0.40171105
0.40170926
0.40170428
0.4016978
0.40169096
0.40168458
0.4016791
0.4016747
0.4016715
0.40166974
0.40166965
0.4016714
0.4016751
0.4016809
0.40168917
0.40170002
0.40171322
0.40172836
0.40174428
0.4017596
0.4017727
0.40178242
0.401788
0.40178883
0.4017853
0.40177792
0.40176782
0.40175614
0.4017442
0.401733
0.4017232
0.40171486
0.40170777
0.40170127
0.4016949
0.4016884
0.40168175
0.40167525
0.40166906
0.40166336
0.40165836
0.40165427
0.40165117
0.40164906
0.40164757
0.40164608
0.401644
0.40164068
0.40163592
0.40162984
0.401623
0.40161636
0.40161058
0.40160662
0.4016051
0.40160647
0.40161076
0.4016179
0.40162754
0.4016393
0.40165263
0.40166715
0.4016825
0.40169838
0.4017143
0.40172946
0.40174294
0.40175343
0.40175983
0.4017612
0.40175676
0.40174636
0.40173006
0.4017087
0.4016834
0.4016555
0.4016267
0.40159863
0.40157264
0.40154976
0.40153047
0.40151492
0.4015032
0.40149513
0.4014904
0.40148863
0.40148938
0.4014921
0.4014964
0.40150225
0.4015094
0.40151766
0.40152687
0.40153664
0.4015467
0.401557
0.40156767
0.4015791
0.40159145
0.40160468
0.40161824
0.4016317
0.40164444
0.40165594
0.40166593
0.4016739
0.4016791
0.40168053
0.40167746
0.40166968
0.40165728
0.4016412
0.4016226
0.40160313
0.40158436
0.40156752
0.4015537
0.40154332
0.40153667
0.40153363
0.4015338
0.40153652
0.40154105
0.4015467
0.40155265
0.40155888
0.40156522
0.40157214
0.40158
0.40158963
0.40160182
0.4016173
0.4016366
0.40165952
0.40168568
0.4017142
0.40174374
0.4017731
0.40180117
0.40182692
0.40184957
0.40186864
0.40188396
0.40189528
0.40190265
0.40190613
0.40190578
0.40190163
0.4018937
0.4018823
0.40186775
0.40185082
0.4018324
0.40181363
0.40179577
0.4017798
0.4017667
0.40175688
0.40175003
0.40174514
0.40174097
0.40173602
0.40172905
0.40171927
0.4017065
0.40169096
0.4016736
0.40165547
0.4016378
0.40162167
0.40160814
0.40159777
0.40159068
0.40158668
0.40158513
0.40158498
0.4015854
0.4015857
0.4015856
0.40158546
0.40158564
0.4015868
0.4015894
0.4015934
0.40159896
0.4016055
0.40161216
0.40161768
0.4016208
0.40162048
0.40161592
0.4016071
0.4015945
0.4015788
0.40156084
0.4015416
0.4015222
0.40150368
0.4014871
0.40147334
0.40146336
0.40145764
0.40145668
0.40146062
0.4014692
0.40148187
0.4014979
0.4015164
0.40153638
0.40155658
0.40157607
0.4015941
0.4016103
0.40162483
0.4016379
0.4016502
0.40166178
0.4016726
0.40168205
0.40168926
0.40169325
0.4016935
0.40168977
0.4016824
0.40167236
0.4016608
0.40164933
0.4016396
0.40163332
0.4016318
0.40163586
0.4016457
0.40166092
0.40168074
0.4017036
0.40172777
0.40175122
0.40177205
0.4017886
0.40179968
0.40180436
0.40180227
0.4017935
0.40177852
0.40175822
0.4017338
0.40170676
0.4016785
0.40165085
0.40162525
0.40160322
0.40158552
0.40157261
0.40156445
0.4015605
0.40155998
0.4015619
0.40156513
0.401569
0.40157294
0.40157703
0.40158093
0.40158454
0.40158704
0.40158784
0.40158623
0.40158212
0.4015757
0.40156767
0.40155903
0.40155104
0.40154472
0.40154105
0.40154085
0.40154442
0.40155202
0.40156335
0.4015776
0.4015939
0.401611
0.40162757
0.40164262
0.40165547
0.4016657
0.4016733
0.4016786
0.40168184
0.40168285
0.4016814
0.40167686
0.40166888
0.40165696
0.40164128
0.40162253
0.4016019
0.40158093
0.40156123
0.401544
0.40153053
0.4015216
0.40151742
0.40151766
0.4015221
0.4015298
0.40153986
0.40155146
0.40156394
0.40157667
0.4015893
0.40160173
0.4016138
0.40162522
0.40163538
0.40164393
0.40165052
0.4016551
0.40165797
0.40165955
0.40166026
0.40166068
0.40166134
0.4016629
0.40166554
0.40166947
0.40167478
0.4016811
0.40168798
0.40169454
0.40169993
0.4017034
0.4017043
0.40170255
0.4016982
0.4016918
0.40168405
0.40167585
0.40166813
0.4016617
0.40165702
0.40165383
0.40165192
0.40165046
0.40164864
0.40164617
0.4016429
0.4016394
0.40163633
0.40163422
0.40163353
0.4016342
0.40163592
0.4016384
0.40164128
0.40164435
0.40164754
0.40165025
0.40165222
0.4016528
0.40165138
0.40164742
0.4016408
0.4016319
0.4016215
0.401611
0.40160167
0.40159506
0.40159228
0.40159398
0.40160048
0.40161106
0.4016245
0.4016391
0.401653
0.40166453
0.40167236
0.40167594
0.4016751
0.4016702
0.40166196
0.40165135
0.40163964
0.40162826
0.40161818
0.4016101
0.40160424
0.4016002
0.40159753
0.40159553
0.40159374
0.40159217
0.40159124
0.40159172
0.40159416
0.40159902
0.4016062
0.40161517
0.40162498
0.4016345
0.40164274
0.40164897
0.401653
0.40165496
0.40165564
0.4016557
0.40165612
0.4016575
0.40165988
0.40166312
0.40166634
0.4016685
0.40166843
0.40166542
0.40165892
0.40164888
0.40163583
0.4016203
0.40160313
0.40158516
0.40156737
0.40155077
0.40153638
0.4015248
0.4015167
0.40151212
0.40151113
0.40151337
0.40151876
0.4015268
0.40153727
0.40154988
0.40156436
0.40158018
0.40159634
0.4016119
0.40162534
0.40163562
0.4016417
0.40164328
0.40164044
0.40163386
0.40162456
0.40161356
0.40160185
0.40159023
0.4015793
0.40156937
0.4015605
0.401553
0.40154725
0.40154353
0.40154183
0.40154216
0.40154448
0.40154868
0.40155488
0.401563
0.4015729
0.40158436
0.4015969
0.4016101
0.40162355
0.4016367
0.40164876
0.40165895
0.40166664
0.40167147
0.40167364
0.4016737
0.4016724
0.4016704
0.40166828
0.4016662
0.40166408
0.4016612
0.4016569
0.40165076
0.40164262
0.40163276
0.4016215
0.40160918
0.40159625
0.40158293
0.4015694
0.40155602
0.40154344
0.4015325
0.401524
0.40151843
0.40151614
0.40151706
0.401521
0.40152755
0.4015362
0.4015465
0.40155804
0.40157026
0.40158254
0.4015939
0.4016034
0.40161005
0.40161335
0.40161312
0.40160978
0.40160415
0.40159705
0.40158954
0.40158242
0.40157637
0.40157178
0.40156883
0.40156728
0.40156683
0.40156758
0.40156993
0.40157434
0.4015814
0.40159166
0.40160543
0.4016226
0.4016426
0.4016643
0.40168628
0.40170676
0.40172416
0.40173706
0.40174463
0.4017465
0.40174308
0.40173507
0.40172386
0.40171102
0.40169793
0.40168577
0.40167528
0.40166664
0.4016596
0.40165386
0.4016484
0.40164298
0.4016376
0.40163293
0.40162984
0.4016293
0.4016319
0.4016381
0.4016477
0.40166032
0.40167508
0.40169066
0.4017057
0.40171897
0.4017293
0.4017357
0.4017378
0.40173578
0.40173012
0.40172163
0.40171155
0.40170068
0.40168992
0.4016798
0.40167022
0.40166128
0.40165287
0.4016453
0.40163913
0.40163505
0.40163323
0.40163386
0.4016368
0.4016417
0.40164813
0.4016552
0.40166223
0.40166783
0.40167096
0.40167058
0.40166605
0.40165725
0.40164447
0.4016284
0.40161029
0.4015916
0.40157402
0.40155882
0.40154734
0.40154046
0.4015387
0.40154207
0.40155002
0.40156174
0.40157577
0.4015905
0.40160415
0.40161547
0.4016237
0.40162882
0.40163153
0.40163293
0.4016345
0.4016376
0.40164307
0.40165138
0.4016623
0.40167508
0.40168864
0.40170175
0.4017129
0.401721
0.4017252
0.40172517
0.401721
0.40171346
0.4017035
0.40169233
0.40168107
0.40167078
0.401662
0.40165505
0.4016497
0.40164578
0.40164274
0.4016399
0.4016365
0.40163156
0.40162405
0.40161344
0.4015997
0.4015835
0.4015656
0.40154728
0.40152973
0.4015138
0.40150017
0.40148905
0.40148053
0.4014742
0.4014698
0.40146694
0.4014654
0.4014647
0.40146473
0.4014654
0.40146658
0.40146872
0.4014724
0.40147808
0.40148625
0.40149698
0.4015102
0.40152565
0.40154284
0.40156147
0.4015812
0.40160173
0.4016229
0.40164426
0.40166518
0.40168455
0.40170103
0.4017135
0.4017209
0.4017227
0.40171903
0.4017104
0.40169796
0.40168312
0.40166733
0.40165204
0.40163827
0.4016268
0.40161777
0.40161115
0.4016062
0.4016016
0.40159613
0.40158862
0.40157855
0.401566
0.40155172
0.4015366
0.40152177
0.40150827
0.4014968
0.4014879
0.40148172
0.40147805
0.40147656
0.4014769
0.40147856
0.40148148
0.40148583
0.40149203
0.40150052
0.40151167
0.40152553
0.4015418
0.4015597
0.40157822
0.4015958
0.4016111
0.40162304
0.4016309
0.4016348
0.4016353
0.40163293
0.40162843
0.40162227
0.4016146
0.40160543
0.40159473
0.4015826
0.40156975
0.4015572
0.40154618
0.40153787
0.40153313
0.40153265
0.40153646
0.4015443
0.4015553
0.40156817
0.40158138
0.4015931
0.4016019
0.4016068
0.40160742
0.4016039
0.40159678
0.40158698
0.40157565
0.40156382
0.40155283
0.40154377
0.4015379
0.40153605
0.40153882
0.4015465
0.4015589
0.40157562
0.40159577
0.4016184
0.40164214
0.40166572
0.40168753
0.40170658
0.40172184
0.40173286
0.40173942
0.4017418
0.40174058
0.40173662
0.40173116
0.4017253
0.40172017
0.40171656
0.4017146
0.401714
0.40171412
0.4017145
0.4017146
0.40171415
0.40171325
0.40171203
0.40171087
0.40171006
0.4017099
0.40171048
0.40171188
0.40171424
0.40171784
0.40172315
0.40173015
0.40173867
0.4017481
0.40175778
0.40176725
0.40177622
0.4017848
0.40179327
0.40180224
0.40181226
0.4018234
0.40183544
0.40184796
0.40186033
0.40187183
0.40188193
0.40188995
0.40189564
0.40189874
0.40189907
0.40189654
0.40189123
0.4018831
0.4018721
0.4018583
0.40184167
0.40182206
0.4017996
0.40177432
0.40174672
0.40171754
0.4016879
0.40165898
0.40163216
0.4016084
0.40158835
0.4015724
0.40156075
0.40155318
0.40154943
0.40154892
0.4015508
0.4015544
0.40155882
0.40156332
0.4015671
0.40156984
0.40157148
0.4015723
0.40157256
0.40157267
0.401573
0.40157366
0.40157458
0.40157592
0.40157783
0.40158087
0.4015856
0.4015926
0.40160245
0.40161532
0.40163133
0.40165028
0.40167186
0.4016953
0.4017197
0.40174362
0.4017658
0.4017847
0.40179923
0.40180838
0.40181154
0.40180877
0.4018003
0.4017869
0.40176952
0.40174925
0.40172747
0.40170512
0.4016831
0.4016618
0.40164155
0.40162247
0.40160507
0.40158963
0.40157667
0.40156665
0.40156013
0.40155718
0.40155792
0.40156224
0.40156996
0.40158123
0.40159622
0.40161502
0.40163735
0.4016626
0.4016897
0.4017173
0.40174386
0.40176785
0.40178815
0.4018038
0.40181437
0.40181965
0.40181947
0.4018142
0.40180376
0.40178847
0.4017686
0.40174448
0.4017167
0.401686
0.40165344
0.40162027
0.40158784
0.40155745
0.40153012
0.4015064
0.40148658
0.40147066
0.40145838
0.40144923
0.40144268
0.40143806
0.40143508
0.4014332
0.40143222
0.4014322
0.40143284
0.4014343
0.40143642
0.40143898
0.40144184
0.40144488
0.40144786
0.4014508
0.40145376
0.4014569
0.4014604
0.40146464
0.40146968
0.4014758
0.40148324
0.4014923
0.40150303
0.40151522
0.4015285
0.4015424
0.40155622
0.40156966
0.40158254
0.40159458
0.40160564
0.4016151
0.4016226
0.40162754
0.40162987
0.40162995
0.40162835
0.4016261
0.40162396
0.40162262
0.40162256
0.4016239
0.40162617
0.40162885
0.40163076
0.40163097
0.40162864
0.40162376
0.4016166
0.40160802
0.4015991
0.40159085
0.40158373
0.40157807
0.40157372
0.40157032
0.40156752
0.40156516
0.4015631
0.4015611
0.4015589
0.40155628
0.40155306
0.40154925
0.40154502
0.4015409
0.40153712
0.40153408
0.4015318
0.4015302
0.40152916
0.40152875
0.40152878
0.40152967
0.40153193
0.4015362
0.40154317
0.40155342
0.40156728
0.40158504
0.40160635
0.4016307
0.4016569
0.40168348
0.4017089
0.4017315
0.40175003
0.4017633
0.40177083
0.40177238
0.40176803
0.40175813
0.40174353
0.401725
0.40170345
0.40168014
0.401656
0.4016319
0.40160832
0.4015856
0.4015642
0.40154463
0.4015273
0.4015127
0.40150133
0.4014934
0.40148896
0.4014879
0.40148988
0.40149456
0.40150127
0.4015096
0.40151927
0.40153003
0.40154177
0.40155458
0.40156856
0.40158352
0.401599
0.40161425
0.4016286
0.40164164
0.40165326
0.40166357
0.4016732
0.4016827
0.40169257
0.401703
0.40171382
0.40172443
0.40173364
0.40174037
0.40174374
0.40174323
0.40173873
0.40173078
0.40172023
0.40170828
0.4016964
0.40168598
0.40167773
0.40167227
0.40166977
0.40167004
0.40167272
0.4016774
0.4016837
0.40169114
0.40169948
0.4017086
0.40171802
0.40172705
0.40173486
0.40174058
0.40174356
0.4017433
0.4017396
0.40173244
0.4017221
0.40170875
0.40169278
0.40167457
0.40165526
0.40163592
0.40161794
0.4016027
0.40159124
0.40158454
0.40158308
0.40158686
0.40159565
0.4016086
0.40162456
0.40164247
0.40166095
0.40167874
0.40169463
0.40170786
0.40171805
0.40172508
0.40172896
0.40172985
0.40172789
0.40172336
0.40171647
0.40170777
0.40169743
0.40168595
0.40167338
0.4016599
0.40164572
0.40163133
0.40161723
0.40160394
0.40159184
0.40158108
0.401572
0.40156436
0.40155855
0.4015547
0.4015531
0.40155387
0.40155712
0.4015627
0.40157032
0.4015799
0.40159115
0.40160382
0.40161765
0.40163222
0.4016473
0.40166217
0.40167627
0.4016888
0.4016989
0.40170592
0.40170938
0.40170914
0.40170556
0.4016992
0.4016909
0.40168187
0.40167323
0.4016659
0.4016607
0.40165794
0.4016575
0.40165913
0.4016624
0.40166667
0.40167126
0.40167537
0.40167877
0.40168098
0.40168163
0.40168047
0.4016774
0.40167263
0.40166673
0.40166077
0.40165555
0.4016523
0.40165162
0.40165365
0.40165818
0.4016644
0.4016714
0.40167806
0.401683
0.40168485
0.40168288
0.4016767
0.40166643
0.4016526
0.40163618
0.4016185
0.40160108
0.40158543
0.40157276
0.40156394
0.40155953
0.40155962
0.40156427
0.40157297
0.40158513
0.40159997
0.4016166
0.40163413
0.40165177
0.4016689
0.40168482
0.40169883
0.40171054
0.40171963
0.4017263
0.40173092
0.40173423
0.40173736
0.40174106
0.40174586
0.40175182
0.40175828
0.40176427
0.4017686
0.40177026
0.40176854
0.40176326
0.40175435
0.4017423
0.40172777
0.40171164
0.40169504
0.40167868
0.40166304
0.40164843
0.40163445
0.40162116
0.40160835
0.4015963
0.40158534
0.40157598
0.40156856
0.4015634
0.4015603
0.401559
0.401559
0.40156
0.40156198
0.40156493
0.40156898
0.4015741
0.40157992
0.40158606
0.40159214
0.40159774
0.40160277
0.4016066
0.40160894
0.40160942
0.40160826
0.40160587
0.4016028
0.40159962
0.40159678
0.40159467
0.40159357
0.40159366
0.40159476
0.40159658
0.40159842
0.40159988
0.40160054
0.40160045
0.4015998
0.4015993
0.40159974
0.4016022
0.40160748
0.401616
0.4016279
0.4016428
0.40166
0.40167823
0.4016961
0.40171212
0.40172523
0.4017345
0.40173954
0.40174037
0.4017374
0.40173128
0.40172312
0.4017144
0.40170676
0.40170163
0.4017001
0.40170282
0.40170968
0.40171987
0.40173218
0.40174484
0.401756
0.4017641
0.40176785
0.4017664
0.40175942
0.4017471
0.4017303
0.40171006
0.4016879
0.4016651
0.40164298
0.40162262
0.40160486
0.40159032
0.40157968
0.40157366
0.40157315
0.4015794
0.4015939
0.40161902
0.40165854
0.40171805
0.40180567
0.4019327
0.4021157
0.40237758
0.40274814
0.40326962
0.40400013
0.40501833
0.4064308
0.40837955
0.41108552
0.4147715
0.41974676
0.42648506
0.4356271
0.4477842
