0.44260225
0.43210825
0.42423964
0.41831937
0.41390383
0.4106481
0.40826514
0.40651366
0.40523168
0.4042985
0.40361717
0.4031189
0.40275303
0.40248182
0.40227804
0.40212214
0.40200052
0.40190387
0.4018261
0.4017634
0.40171343
0.40167442
0.40164518
0.40162444
0.401611
0.40160367
0.40160158
0.40160397
0.40161029
0.4016196
0.40163094
0.40164283
0.4016539
0.40166256
0.4016682
0.4016705
0.40166986
0.40166718
0.4016636
0.40166005
0.4016573
0.40165576
0.40165517
0.40165538
0.40165597
0.40165684
0.40165797
0.4016592
0.40166005
0.4016601
0.40165854
0.4016545
0.4016476
0.40163743
0.40162468
0.40161014
0.4015951
0.40158123
0.40157
0.40156257
0.40155992
0.40156227
0.40156943
0.40158042
0.401594
0.4016084
0.4016219
0.4016332
0.40164125
0.40164563
0.40164614
0.4016426
0.40163523
0.4016243
0.4016105
0.40159476
0.4015785
0.401563
0.40154997
0.40154046
0.40153515
0.40153405
0.40153676
0.4015423
0.4015495
0.40155688
0.40156302
0.4015668
0.40156758
0.40156546
0.40156078
0.40155458
0.40154782
0.40154156
0.40153676
0.40153426
0.40153483
0.4015391
0.40154797
0.401562
0.40158147
0.4016062
0.4016354
0.4016677
0.40170124
0.4017339
0.40176374
0.4017889
0.4018082
0.40182114
0.4018274
0.4018274
0.40182188
0.4018118
0.4017984
0.40178302
0.40176728
0.40175283
0.401741
0.40173283
0.40172875
0.4017285
0.40173134
0.40173584
0.4017405
0.40174335
0.40174338
0.401739
0.4017299
0.40171576
0.40169668
0.4016736
0.40164745
0.4016197
0.4015919
0.40156555
0.40154177
0.4015213
0.40150446
0.40149117
0.40148085
0.40147275
0.40146613
0.40146035
0.40145496
0.4014501
0.401446
0.4014429
0.40144095
0.40144053
0.401442
0.40144548
0.40145126
0.40145922
0.40146923
0.40148085
0.4014934
0.40150616
0.4015184
0.40152928
0.40153816
0.40154487
0.4015491
0.40155098
0.4015508
0.40154892
0.4015459
0.40154287
0.4015407
0.40154013
0.40154165
0.40154558
0.40155184
0.40156025
0.40157053
0.40158254
0.4015958
0.40160963
0.40162295
0.4016345
0.40164304
0.40164736
0.40164706
0.40164182
0.40163234
0.40161958
0.40160516
0.40159038
0.4015766
0.40156502
0.40155625
0.40155068
0.40154815
0.4015483
0.40155038
0.40155363
0.4015572
0.40156057
0.40156317
0.40156448
0.4015642
0.40156224
0.40155867
0.40155372
0.40154785
0.4015414
0.4015349
0.4015287
0.40152323
0.40151894
0.40151644
0.4015163
0.40151894
0.40152478
0.40153396
0.40154627
0.40156114
0.40157795
0.40159568
0.40161338
0.40163
0.40164486
0.40165767
0.4016684
0.4016769
0.4016834
0.40168783
0.40169054
0.4016919
0.4016926
0.40169364
0.4016956
0.40169907
0.4017041
0.4017105
0.40171784
0.40172553
0.4017333
0.40174097
0.4017486
0.40175626
0.40176377
0.40177056
0.401776
0.40177885
0.40177825
0.40177324
0.40176317
0.40174782
0.4017272
0.4017019
0.40167296
0.40164164
0.40160966
0.4015787
0.40155023
0.4015255
0.40150523
0.40148985
0.4014794
0.4014735
0.4014717
0.40147316
0.40147692
0.401482
0.4014874
0.4014924
0.4014965
0.40149933
0.40150106
0.40150192
0.40150237
0.4015029
0.40150404
0.40150645
0.40151083
0.40151757
0.4015269
0.4015386
0.4015524
0.40156808
0.40158513
0.40160275
0.40162003
0.40163592
0.40164906
0.40165862
0.4016641
0.40166548
0.40166324
0.4016581
0.40165085
0.40164247
0.40163344
0.40162405
0.40161458
0.40160495
0.40159535
0.40158606
0.4015774
0.4015699
0.40156394
0.40155968
0.40155727
0.40155637
0.40155658
0.4015573
0.40155792
0.40155792
0.40155685
0.4015546
0.40155098
0.40154573
0.40153894
0.40153056
0.40152094
0.40151078
0.40150058
0.40149093
0.40148196
0.40147385
0.40146652
0.4014596
0.40145308
0.40144643
0.40143982
0.40143326
0.40142703
0.40142158
0.40141714
0.401414
0.40141252
0.40141293
0.4014153
0.4014198
0.40142617
0.4014344
0.40144438
0.40145603
0.40146917
0.4014835
0.4014988
0.40151465
0.4015309
0.40154725
0.40156376
0.4015803
0.4015964
0.4016114
0.40162423
0.4016339
0.4016393
0.40164
0.40163583
0.4016272
0.40161505
0.4016006
0.40158513
0.40157
0.40155625
0.40154472
0.40153614
0.4015307
0.40152824
0.40152836
0.40153018
0.4015328
0.40153548
0.40153748
0.4015384
0.4015383
0.40153733
0.40153563
0.40153363
0.40153164
0.40152988
0.40152842
0.40152717
0.4015263
0.40152594
0.40152666
0.4015289
0.40153322
0.40154013
0.4015499
0.40156278
0.4015788
0.40159765
0.40161848
0.40163973
0.4016599
0.40167707
0.4016895
0.40169615
0.40169635
0.40169
0.4016775
0.40165973
0.4016378
0.40161315
0.4015873
0.40156153
0.40153715
0.40151486
0.40149528
0.40147886
0.40146577
0.40145594
0.40144908
0.40144488
0.4014431
0.40144363
0.40144628
0.4014512
0.4014587
0.40146908
0.40148234
0.40149856
0.40151727
0.40153793
0.4015594
0.40158033
0.40159917
0.4016145
0.40162516
0.4016308
0.40163156
0.40162814
0.4016215
0.40161276
0.4016029
0.40159276
0.40158278
0.40157348
0.4015651
0.40155795
0.40155235
0.40154848
0.4015465
0.40154645
0.40154812
0.40155128
0.4015559
0.40156192
0.4015694
0.4015784
0.40158918
0.40160158
0.40161556
0.40163073
0.4016465
0.40166175
0.40167552
0.40168655
0.40169394
0.40169683
0.4016952
0.40168908
0.40167925
0.40166706
0.4016537
0.4016407
0.4016292
0.40162003
0.40161398
0.40161148
0.40161303
0.40161896
0.40162942
0.4016439
0.40166125
0.40167987
0.4016976
0.40171248
0.40172246
0.40172613
0.4017224
0.40171126
0.4016932
0.4016693
0.40164122
0.40161088
0.40158018
0.4015507
0.4015238
0.40150058
0.40148145
0.40146682
0.40145665
0.40145084
0.40144885
0.40144983
0.401453
0.40145743
0.4014626
0.40146825
0.40147454
0.401482
0.40149122
0.40150264
0.40151653
0.40153313
0.40155208
0.40157264
0.40159366
0.40161356
0.4016306
0.40164348
0.4016515
0.4016543
0.4016524
0.40164682
0.40163872
0.40162936
0.40162012
0.40161204
0.4016061
0.40160322
0.4016041
0.4016092
0.4016185
0.4016315
0.40164727
0.40166426
0.40168065
0.40169436
0.40170342
0.40170646
0.40170258
0.40169188
0.4016749
0.40165305
0.40162805
0.4016019
0.4015765
0.4015533
0.40153372
0.4015185
0.40150818
0.40150252
0.40150127
0.40150347
0.4015081
0.4015139
0.40151966
0.40152425
0.40152678
0.40152678
0.40152422
0.4015199
0.4015146
0.40150955
0.40150586
0.40150464
0.40150645
0.40151146
0.40151954
0.40153003
0.40154168
0.40155324
0.40156344
0.40157083
0.4015746
0.4015747
0.40157145
0.401566
0.40155983
0.40155488
0.40155262
0.40155435
0.40156102
0.4015729
0.40159002
0.40161166
0.40163666
0.40166348
0.40169013
0.4017144
0.40173432
0.40174824
0.4017552
0.4017551
0.4017481
0.4017352
0.40171778
0.4016974
0.40167567
0.40165415
0.40163386
0.4016155
0.4015998
0.40158704
0.40157726
0.40157032
0.401566
0.4015639
0.4015635
0.40156457
0.4015665
0.40156898
0.40157187
0.40157506
0.4015788
0.40158328
0.40158826
0.4015931
0.4015972
0.40159953
0.40159944
0.40159672
0.40159154
0.40158442
0.40157598
0.40156677
0.40155727
0.40154767
0.40153846
0.40152994
0.40152273
0.40151727
0.4015141
0.40151373
0.4015164
0.40152207
0.4015303
0.40154022
0.40155098
0.40156138
0.40157053
0.40157774
0.40158308
0.40158686
0.40159005
0.40159324
0.40159717
0.4016022
0.40160847
0.40161583
0.4016241
0.40163326
0.40164334
0.40165415
0.40166545
0.4016765
0.40168646
0.40169397
0.40169805
0.40169784
0.40169296
0.4016836
0.4016703
0.40165433
0.40163705
0.40162003
0.40160474
0.40159246
0.40158412
0.40158048
0.4015817
0.40158728
0.40159658
0.40160835
0.4016215
0.40163457
0.40164596
0.40165436
0.40165854
0.40165803
0.40165275
0.40164325
0.4016307
0.40161675
0.4016034
0.40159255
0.40158594
0.40158463
0.40158904
0.40159887
0.40161347
0.4016315
0.40165138
0.40167132
0.40168986
0.40170583
0.40171868
0.40172797
0.40173376
0.40173584
0.40173438
0.40172967
0.40172184
0.40171126
0.40169865
0.40168458
0.40167013
0.40165612
0.4016436
0.40163308
0.40162486
0.40161872
0.40161446
0.4016113
0.40160832
0.40160456
0.401599
0.40159115
0.40158084
0.40156862
0.40155536
0.4015421
0.4015298
0.4015195
0.40151176
0.401507
0.4015054
0.40150663
0.40151048
0.4015162
0.4015231
0.40153039
0.4015373
0.40154356
0.4015492
0.40155414
0.40155855
0.40156245
0.40156582
0.4015688
0.40157145
0.40157434
0.40157837
0.4015844
0.40159315
0.40160507
0.40162063
0.40164
0.40166306
0.40168926
0.40171742
0.40174595
0.40177315
0.40179738
0.40181717
0.40183142
0.4018395
0.40184104
0.4018361
0.40182507
0.40180862
0.40178776
0.40176383
0.40173826
0.40171283
0.40168902
0.40166804
0.40165067
0.4016373
0.40162772
0.4016217
0.40161878
0.40161827
0.40161946
0.40162176
0.40162492
0.4016291
0.40163493
0.40164283
0.4016532
0.40166605
0.40168107
0.40169743
0.40171394
0.40172964
0.40174335
0.40175375
0.4017601
0.40176153
0.40175787
0.4017491
0.40173593
0.40171954
0.4017014
0.40168327
0.4016666
0.4016529
0.40164325
0.40163803
0.40163746
0.401641
0.40164793
0.40165684
0.40166643
0.40167534
0.4016826
0.4016878
0.40169102
0.40169263
0.40169343
0.40169412
0.40169564
0.40169862
0.40170306
0.4017088
0.4017151
0.40172094
0.40172544
0.4017279
0.4017282
0.4017264
0.4017229
0.40171844
0.40171385
0.4017098
0.40170658
0.40170437
0.40170303
0.40170237
0.40170217
0.4017024
0.40170294
0.40170357
0.4017037
0.4017027
0.4017001
0.40169582
0.40168986
0.4016827
0.40167478
0.40166658
0.40165794
0.40164855
0.4016378
0.40162525
0.40161088
0.4015951
0.40157872
0.40156293
0.40154883
0.40153733
0.40152925
0.4015251
0.40152496
0.40152875
0.40153578
0.401545
0.40155524
0.40156487
0.4015727
0.40157777
0.4015794
0.4015775
0.40157256
0.40156505
0.40155563
0.4015448
0.40153307
0.4015208
0.4015083
0.4014959
0.4014842
0.40147376
0.40146527
0.40145943
0.40145692
0.40145814
0.40146345
0.40147284
0.4014861
0.40150288
0.40152255
0.40154418
0.40156683
0.4015891
0.4016098
0.4016272
0.40164024
0.40164825
0.4016513
0.40164977
0.40164465
0.40163702
0.4016282
0.4016193
0.40161133
0.4016049
0.40160048
0.40159792
0.40159696
0.40159664
0.4015962
0.40159458
0.401591
0.40158528
0.4015777
0.40156907
0.40156046
0.40155292
0.4015475
0.40154463
0.4015448
0.40154824
0.40155473
0.40156412
0.40157607
0.40158978
0.40160424
0.4016185
0.40163162
0.40164283
0.40165147
0.40165678
0.40165827
0.40165582
0.40164992
0.40164137
0.40163144
0.40162143
0.40161243
0.401605
0.4015993
0.4015951
0.40159196
0.4015898
0.40158862
0.40158886
0.4015909
0.40159488
0.40160048
0.40160722
0.40161437
0.4016209
0.40162617
0.4016301
0.40163267
0.40163445
0.40163603
0.40163755
0.40163907
0.40164036
0.40164086
0.40164027
0.40163818
0.40163463
0.40162995
0.4016244
0.4016186
0.40161288
0.40160736
0.40160194
0.4015965
0.4015909
0.4015853
0.40157974
0.40157428
0.40156886
0.4015635
0.40155867
0.4015546
0.40155205
0.4015512
0.40155235
0.4015558
0.40156183
0.40157008
0.4015803
0.40159166
0.40160313
0.40161365
0.4016223
0.4016284
0.4016319
0.40163276
0.40163103
0.40162674
0.4016196
0.40160936
0.401596
0.4015799
0.4015618
0.40154284
0.4015246
0.4015086
0.4014962
0.40148857
0.40148625
0.40148914
0.40149716
0.4015096
0.4015256
0.40154383
0.401563
0.4015817
0.40159833
0.40161157
0.40162078
0.40162587
0.40162754
0.40162665
0.40162438
0.40162173
0.4016193
0.40161747
0.40161625
0.4016155
0.40161523
0.40161583
0.40161774
0.40162137
0.40162694
0.40163428
0.40164265
0.40165105
0.4016584
0.40166363
0.40166605
0.40166524
0.40166146
0.40165538
0.401648
0.40164018
0.40163258
0.4016253
0.4016185
0.40161178
0.401605
0.4015979
0.40159026
0.4015818
0.4015723
0.4015614
0.40154934
0.40153646
0.40152362
0.40151143
0.4015005
0.4014912
0.40148345
0.4014771
0.4014717
0.401467
0.40146255
0.40145805
0.40145332
0.40144846
0.40144378
0.40143976
0.40143687
0.4014359
0.40143752
0.40144223
0.40145043
0.40146247
0.40147865
0.40149888
0.40152285
0.40154994
0.40157896
0.40160832
0.40163612
0.4016604
0.4016797
0.40169287
0.40169966
0.40170035
0.4016958
0.40168715
0.40167588
0.4016633
0.40165037
0.4016378
0.40162575
0.40161392
0.4016021
0.4015895
0.40157592
0.4015612
0.4015457
0.40153015
0.40151525
0.40150186
0.4014908
0.4014826
0.4014777
0.40147614
0.40147805
0.40148306
0.40149084
0.40150076
0.40151235
0.40152502
0.40153837
0.40155205
0.40156588
0.40157902
0.40159082
0.40159997
0.4016056
0.40160686
0.40160358
0.40159604
0.4015854
0.40157297
0.40156052
0.40154943
0.40154096
0.4015361
0.40153533
0.40153915
0.40154752
0.40156016
0.40157676
0.4015968
0.40161934
0.4016432
0.4016668
0.40168884
0.40170792
0.40172312
0.40173423
0.40174118
0.40174428
0.4017437
0.4017396
0.40173173
0.40172017
0.40170494
0.40168643
0.4016656
0.40164354
0.4016215
0.40160066
0.40158194
0.401566
0.40155336
0.40154412
0.4015381
0.40153474
0.40153342
0.4015333
0.40153348
0.4015333
0.4015325
0.40153125
0.40153012
0.40152964
0.40153062
0.40153328
0.4015376
0.40154317
0.40154934
0.40155524
0.40155956
0.40156147
0.40156025
0.40155575
0.40154862
0.40153986
0.40153053
0.4015222
0.40151542
0.40151086
0.40150863
0.4015085
0.40150988
0.4015123
0.401515
0.40151808
0.4015215
0.40152553
0.40153039
0.40153593
0.40154207
0.4015481
0.40155363
0.40155834
0.401562
0.40156454
0.4015659
0.4015666
0.40156704
0.40156764
0.40156844
0.40156955
0.40157083
0.40157205
0.40157297
0.4015735
0.4015731
0.40157172
0.4015696
0.40156683
0.40156376
0.4015603
0.40155634
0.40155178
0.4015464
0.40154013
0.40153304
0.40152526
0.40151697
0.40150842
0.40149972
0.40149137
0.40148374
0.40147734
0.4014724
0.401469
0.4014668
0.40146503
0.4014629
0.40145957
0.40145454
0.40144783
0.40144002
0.40143174
0.40142378
0.4014169
0.40141156
0.40140823
0.40140712
0.40140843
0.40141234
0.4014191
0.40142858
0.40144077
0.40145573
0.4014731
0.40149263
0.40151402
0.4015367
0.40155992
0.40158316
0.40160558
0.40162653
0.40164512
0.40166047
0.4016715
0.40167746
0.40167835
0.40167427
0.40166622
0.40165535
0.40164274
0.40162927
0.40161592
0.4016035
0.4015925
0.40158358
0.4015775
0.40157476
0.40157586
0.401581
0.40159002
0.40160277
0.40161902
0.40163848
0.40166053
0.4016845
0.4017092
0.4017333
0.40175512
0.40177315
0.40178645
0.4017944
0.4017969
0.40179414
0.4017867
0.40177524
0.40176052
0.40174323
0.4017241
0.40170363
0.40168273
0.40166232
0.4016438
0.40162858
0.4016179
0.40161276
0.40161362
0.40162045
0.40163276
0.40164924
0.40166825
0.4016879
0.40170583
0.40172014
0.4017293
0.40173212
0.40172833
0.4017183
0.4017029
0.40168345
0.40166163
0.40163898
0.40161702
0.40159714
0.40158
0.4015662
0.40155572
0.40154856
0.4015444
0.40154308
0.40154436
0.4015478
0.4015529
0.4015592
0.40156624
0.40157342
0.40157998
0.4015852
0.40158856
0.4015899
0.40158945
0.40158758
0.4015847
0.40158135
0.4015778
0.4015741
0.40157053
0.4015671
0.40156403
0.40156135
0.401559
0.40155697
0.40155518
0.40155375
0.40155315
0.40155402
0.40155688
0.40156206
0.40156975
0.40157974
0.4015917
0.4016053
0.40162003
0.4016351
0.40164968
0.40166283
0.40167382
0.40168244
0.40168867
0.40169302
0.401696
0.40169805
0.40169984
0.40170154
0.40170363
0.4017062
0.40170914
0.4017121
0.40171435
0.40171504
0.40171334
0.4017088
0.40170124
0.40169108
0.40167886
0.40166542
0.40165144
0.40163755
0.40162423
0.40161228
0.4016021
0.4015939
0.40158752
0.40158257
0.40157846
0.4015746
0.4015703
0.40156528
0.40155932
0.40155286
0.40154633
0.40154046
0.4015356
0.4015316
0.40152827
0.40152475
0.4015203
0.40151453
0.40150717
0.40149862
0.4014893
0.4014798
0.40147057
0.40146187
0.401454
0.40144688
0.4014407
0.40143594
0.40143272
0.40143156
0.40143248
0.40143576
0.40144104
0.40144795
0.40145564
0.40146324
0.40146974
0.40147427
0.40147635
0.40147617
0.40147436
0.4014718
0.4014694
0.40146804
0.40146875
0.4014722
0.4014789
0.40148914
0.40150297
0.40152013
0.4015402
0.40156245
0.40158564
0.4016085
0.4016292
0.40164676
0.40166023
0.40166923
0.40167397
0.4016752
0.40167338
0.40166947
0.4016638
0.4016568
0.40164885
0.40164047
0.4016326
0.40162608
0.4016219
0.4016208
0.40162325
0.40162945
0.40163925
0.40165207
0.40166706
0.401683
0.4016986
0.40171224
0.40172294
0.40172997
0.40173328
0.40173313
0.40173048
0.40172648
0.4017222
0.4017183
0.4017152
0.40171263
0.40171006
0.40170658
0.40170112
0.40169266
0.4016808
0.4016654
0.40164706
0.40162665
0.40160507
0.40158334
0.40156204
0.40154195
0.4015238
0.40150818
0.40149572
0.4014869
0.40148205
0.40148127
0.40148443
0.40149134
0.40150127
0.40151367
0.40152723
0.40154043
0.40155163
0.40155944
0.40156272
0.40156132
0.40155533
0.40154594
0.40153447
0.4015227
0.40151235
0.40150458
0.40150023
0.4014994
0.40150174
0.40150648
0.4015127
0.40151954
0.40152648
0.40153342
0.40154064
0.4015483
0.401557
0.40156725
0.4015799
0.40159506
0.40161255
0.40163216
0.40165305
0.40167412
0.40169385
0.4017107
0.4017233
0.40173078
0.40173286
0.40172988
0.40172222
0.4017112
0.40169787
0.4016836
0.40166935
0.40165597
0.4016438
0.401633
0.40162334
0.40161446
0.40160587
0.40159723
0.40158817
0.40157843
0.40156797
0.40155703
0.40154603
0.40153554
0.40152618
0.40151817
0.40151155
0.40150622
0.40150177
0.4014979
0.4014941
0.40149012
0.4014859
0.4014816
0.40147743
0.40147346
0.40146998
0.401467
0.40146455
0.40146247
0.4014607
0.40145925
0.40145838
0.40145856
0.4014603
0.40146405
0.4014701
0.40147847
0.40148893
0.4015009
0.40151355
0.4015259
0.40153697
0.4015457
0.40155146
0.4015542
0.40155417
0.40155208
0.401549
0.4015454
0.4015421
0.40153927
0.40153688
0.401535
0.401533
0.40153065
0.40152773
0.40152416
0.40152004
0.40151563
0.40151152
0.4015081
0.40150604
0.4015058
0.40150812
0.40151352
0.40152237
0.40153483
0.4015505
0.40156856
0.40158802
0.4016074
0.4016253
0.40164092
0.4016534
0.40166292
0.40166962
0.40167412
0.40167674
0.40167773
0.40167704
0.40167448
0.40167007
0.40166414
0.4016571
0.4016496
0.4016419
0.40163445
0.40162736
0.4016206
0.40161422
0.4016082
0.4016027
0.40159792
0.40159422
0.40159243
0.40159324
0.4015973
0.40160498
0.4016161
0.40163
0.4016456
0.40166134
0.40167567
0.40168697
0.4016943
0.40169695
0.4016949
0.40168843
0.4016785
0.40166646
0.40165392
0.4016422
0.40163273
0.40162647
0.401624
0.40162548
0.40163064
0.40163872
0.40164876
0.40165955
0.40166995
0.40167892
0.4016855
0.4016889
0.40168867
0.40168476
0.40167722
0.40166667
0.401654
0.40164
0.40162572
0.40161192
0.40159932
0.4015885
0.40157968
0.40157294
0.40156814
0.40156487
0.40156287
0.40156162
0.40156087
0.40156075
0.40156174
0.40156436
0.40156907
0.40157568
0.40158364
0.4015922
0.4015999
0.4016056
0.40160826
0.40160742
0.40160304
0.40159553
0.4015857
0.40157458
0.40156335
0.40155315
0.40154508
0.40153995
0.4015383
0.40154025
0.40154603
0.40155548
0.4015687
0.40158573
0.40160593
0.40162858
0.40165251
0.40167612
0.4016976
0.40171513
0.401727
0.40173215
0.40172988
0.40172032
0.40170392
0.40168166
0.40165493
0.40162516
0.40159404
0.4015632
0.40153417
0.40150833
0.40148667
0.40146986
0.40145865
0.4014532
0.40145358
0.4014599
0.40147206
0.4014897
0.4015123
0.40153936
0.40156984
0.4016026
0.40163597
0.40166816
0.4016971
0.4017213
0.4017396
0.40175104
0.4017554
0.4017529
0.40174428
0.40173075
0.40171394
0.40169555
0.401677
0.40165946
0.40164348
0.40162948
0.401617
0.40160578
0.4015955
0.40158606
0.4015775
0.40156993
0.40156344
0.4015579
0.40155295
0.40154797
0.4015426
0.40153638
0.40152928
0.40152147
0.4015132
0.4015045
0.40149546
0.40148583
0.40147567
0.40146494
0.40145406
0.4014437
0.4014344
0.4014269
0.40142164
0.40141878
0.40141818
0.40141952
0.4014224
0.40142637
0.40143096
0.4014357
0.40144035
0.40144482
0.4014491
0.40145385
0.40145928
0.40146577
0.4014733
0.4014817
0.40149015
0.40149784
0.40150374
0.40150753
0.401509
0.4015086
0.4015069
0.40150437
0.4015015
0.40149865
0.4014961
0.4014941
0.40149254
0.40149143
0.40149063
0.40149015
0.40149024
0.40149084
0.401492
0.40149358
0.40149555
0.40149784
0.40150058
0.40150416
0.40150887
0.4015149
0.40152204
0.40153012
0.4015388
0.4015477
0.40155685
0.40156642
0.40157714
0.4015893
0.4016029
0.40161747
0.40163213
0.4016457
0.40165716
0.40166587
0.4016715
0.40167445
0.40167525
0.40167457
0.4016732
0.40167168
0.4016704
0.40166953
0.40166909
0.4016691
0.40166947
0.40166995
0.40167052
0.40167066
0.4016699
0.40166754
0.40166298
0.40165547
0.40164447
0.40162975
0.40161148
0.4015905
0.40156817
0.40154576
0.40152493
0.4015069
0.40149263
0.40148306
0.40147868
0.40147975
0.4014863
0.401498
0.40151423
0.4015343
0.40155727
0.40158218
0.4016082
0.4016343
0.40165925
0.40168166
0.40170005
0.4017135
0.4017212
0.4017229
0.40171868
0.401709
0.4016946
0.40167665
0.4016565
0.4016354
0.40161455
0.40159476
0.4015765
0.40156016
0.40154618
0.40153456
0.40152553
0.4015187
0.4015139
0.40151075
0.4015087
0.4015075
0.40150684
0.40150663
0.40150717
0.40150845
0.40151045
0.40151304
0.40151578
0.40151834
0.40152046
0.40152183
0.40152234
0.4015221
0.40152162
0.4015219
0.40152356
0.4015274
0.40153372
0.40154213
0.40155202
0.4015623
0.4015719
0.40157956
0.40158474
0.40158743
0.401588
0.40158725
0.4015862
0.40158573
0.4015863
0.40158826
0.40159145
0.40159532
0.40159908
0.4016018
0.40160275
0.40160155
0.40159807
0.4015923
0.4015846
0.4015752
0.40156478
0.40155417
0.4015443
0.4015362
0.40153095
0.40152952
0.40153277
0.40154156
0.4015561
0.40157652
0.4016025
0.40163335
0.40166792
0.40170488
0.40174267
0.4017797
0.4018148
0.40184692
0.40187553
0.40190002
0.40192026
0.40193614
0.40194774
0.40195483
0.4019575
0.40195575
0.40194958
0.4019389
0.40192354
0.40190354
0.40187904
0.4018505
0.4018184
0.4017834
0.40174645
0.40170857
0.40167108
0.40163538
0.40160263
0.4015739
0.40154985
0.40153098
0.4015173
0.40150884
0.40150493
0.4015051
0.40150824
0.40151322
0.40151888
0.4015241
0.40152836
0.4015313
0.40153295
0.40153345
0.401533
0.4015322
0.40153158
0.40153155
0.40153247
0.4015346
0.40153757
0.40154105
0.4015442
0.40154636
0.4015467
0.40154463
0.40153992
0.40153277
0.4015241
0.4015151
0.40150705
0.40150115
0.401498
0.40149787
0.40150088
0.4015063
0.40151334
0.40152082
0.40152764
0.40153274
0.40153557
0.40153614
0.4015348
0.40153226
0.40152934
0.40152648
0.40152395
0.40152177
0.40151972
0.4015173
0.4015144
0.4015109
0.4015069
0.40150264
0.40149862
0.40149537
0.4014935
0.4014935
0.4014955
0.40149954
0.40150553
0.40151322
0.4015221
0.40153164
0.4015415
0.40155098
0.40155974
0.40156743
0.40157384
0.4015793
0.4015839
0.4015883
0.40159246
0.4015964
0.4015998
0.401602
0.40160263
0.40160152
0.4015985
0.40159407
0.40158844
0.40158212
0.40157557
0.4015695
0.40156463
0.40156212
0.40156272
0.40156704
0.4015754
0.40158734
0.40160236
0.40161937
0.40163714
0.40165445
0.40167034
0.40168422
0.40169576
0.40170482
0.40171137
0.40171537
0.4017165
0.40171453
0.4017097
0.4017022
0.40169233
0.40168056
0.40166706
0.401652
0.4016358
0.40161893
0.40160224
0.4015865
0.40157232
0.40156
0.4015498
0.4015412
0.40153417
0.4015281
0.4015224
0.40151688
0.40151143
0.40150613
0.40150127
0.401497
0.40149376
0.40149152
0.4014905
0.4014907
0.40149224
0.40149498
0.40149876
0.40150356
0.40150914
0.40151528
0.40152177
0.40152836
0.40153524
0.40154287
0.4015517
0.4015624
0.40157542
0.40159097
0.40160918
0.40162992
0.40165296
0.4016779
0.40170446
0.4017333
0.40176573
0.4018043
0.401853
0.40191793
0.4020077
0.40213436
0.40231463
0.40257367
0.40294135
0.40346026
0.40418854
0.40520442
0.40661344
0.40855667
0.41125384
0.41492766
0.41988686
0.42660442
0.43572292
0.44785422
