0.4425549
0.43204165
0.42415103
0.41820487
0.41376048
0.4104737
0.4080617
0.406285
0.4049836
0.40403968
0.40335724
0.40286842
0.40252233
0.40228084
0.40211493
0.40200302
0.40192857
0.401879
0.40184498
0.4018198
0.4017988
0.40177912
0.40175897
0.4017381
0.40171668
0.40169564
0.4016761
0.4016589
0.40164477
0.40163392
0.40162638
0.40162185
0.40161976
0.40161946
0.40162048
0.40162233
0.4016247
0.40162745
0.40163028
0.40163288
0.40163478
0.4016357
0.40163568
0.40163472
0.4016333
0.4016318
0.40163052
0.40162933
0.4016283
0.40162697
0.40162542
0.40162352
0.4016215
0.4016193
0.40161696
0.40161422
0.40161076
0.40160626
0.40160048
0.40159315
0.4015845
0.40157503
0.40156558
0.40155712
0.40155062
0.40154693
0.4015467
0.40155002
0.401557
0.4015671
0.40157968
0.4015934
0.4016069
0.40161863
0.4016274
0.4016324
0.40163362
0.40163147
0.40162683
0.4016208
0.4016145
0.40160868
0.40160406
0.40160102
0.40159994
0.40160125
0.4016051
0.40161175
0.40162066
0.40163124
0.40164226
0.40165237
0.40166017
0.40166467
0.40166518
0.40166184
0.4016551
0.40164596
0.40163556
0.401625
0.40161496
0.40160567
0.40159678
0.40158793
0.40157887
0.4015695
0.40156
0.40155074
0.4015421
0.40153453
0.4015288
0.40152568
0.40152586
0.40152973
0.4015373
0.40154824
0.4015617
0.40157652
0.40159112
0.4016039
0.40161365
0.40161952
0.40162122
0.401619
0.4016137
0.4016064
0.4015981
0.40158972
0.40158194
0.4015752
0.40156984
0.40156618
0.40156436
0.40156478
0.40156755
0.40157282
0.40158033
0.40158948
0.40159953
0.40160963
0.40161926
0.40162832
0.40163708
0.40164614
0.40165615
0.40166792
0.4016817
0.40169755
0.401715
0.40173337
0.40175176
0.4017692
0.40178514
0.40179917
0.4018112
0.40182102
0.40182877
0.4018343
0.40183747
0.4018381
0.40183583
0.40183046
0.40182146
0.40180865
0.40179178
0.40177086
0.40174598
0.4017179
0.4016875
0.4016558
0.4016241
0.40159383
0.40156627
0.40154243
0.40152323
0.4015092
0.40150076
0.4014981
0.40150118
0.4015094
0.4015222
0.40153855
0.40155712
0.40157625
0.40159407
0.40160862
0.4016184
0.4016224
0.40162057
0.40161344
0.4016023
0.40158895
0.40157527
0.40156314
0.40155387
0.40154845
0.40154722
0.40154976
0.40155557
0.4015635
0.40157276
0.4015824
0.4015921
0.40160185
0.40161178
0.4016219
0.40163198
0.4016416
0.40165025
0.40165734
0.40166262
0.4016662
0.40166858
0.40166995
0.40167084
0.40167114
0.40167084
0.4016695
0.40166664
0.4016621
0.40165624
0.4016497
0.40164337
0.40163794
0.4016339
0.4016312
0.4016296
0.40162846
0.4016274
0.40162596
0.40162438
0.4016231
0.4016228
0.4016245
0.40162903
0.40163702
0.40164882
0.40166426
0.40168267
0.401703
0.40172365
0.4017431
0.40175974
0.40177253
0.40178058
0.40178365
0.40178156
0.4017748
0.401764
0.40174994
0.40173364
0.40171587
0.40169764
0.40167934
0.40166152
0.4016447
0.40162963
0.40161705
0.40160754
0.40160158
0.4015993
0.4016004
0.4016042
0.4016097
0.4016156
0.40162048
0.401623
0.40162265
0.40161893
0.401612
0.40160263
0.4015916
0.40158015
0.40156946
0.40156057
0.40155435
0.40155157
0.40155268
0.40155777
0.4015669
0.40157947
0.4015947
0.40161145
0.4016284
0.4016442
0.40165743
0.4016672
0.40167272
0.40167373
0.40167025
0.40166298
0.4016528
0.40164122
0.40162972
0.4016197
0.4016122
0.40160763
0.40160593
0.40160653
0.4016086
0.40161133
0.40161413
0.4016169
0.4016202
0.40162465
0.40163124
0.40164077
0.4016538
0.40167058
0.4016907
0.4017134
0.40173736
0.40176123
0.4017838
0.40180385
0.40182066
0.4018334
0.40184158
0.40184492
0.40184322
0.40183654
0.401825
0.4018089
0.40178847
0.4017645
0.4017379
0.40170985
0.4016818
0.40165547
0.40163225
0.40161338
0.40159988
0.4015922
0.4015906
0.4015946
0.4016034
0.40161577
0.4016301
0.40164444
0.40165684
0.40166572
0.4016698
0.4016685
0.40166172
0.40165004
0.40163445
0.40161633
0.4015972
0.40157855
0.4015616
0.40154755
0.40153715
0.4015311
0.40153015
0.4015347
0.40154526
0.40156224
0.4015858
0.401616
0.40165296
0.40169686
0.40174806
0.40180805
0.40187967
0.40196773
0.4020797
0.4022267
0.40242484
0.4026982
0.40307665
0.40360263
0.4043343
0.40534967
0.40675443
0.40869
0.4113761
0.41503718
0.41998202
0.42668292
0.4357845
0.44789875
