0.4425815
0.43207693
0.42419425
0.41825554
0.41381788
0.41053697
0.40812922
0.40635502
0.40505394
0.4041074
0.4034185
0.40291858
0.40255582
0.40229172
0.40209773
0.4019533
0.40184402
0.40175992
0.40169433
0.40164277
0.40160218
0.40157044
0.40154597
0.40152764
0.40151462
0.40150616
0.40150177
0.4015012
0.40150404
0.40150988
0.40151808
0.40152764
0.4015374
0.40154582
0.40155146
0.4015531
0.40155002
0.40154234
0.40153047
0.4015155
0.40149865
0.40148112
0.401464
0.4014481
0.40143403
0.40142205
0.40141216
0.40140435
0.40139845
0.40139437
0.4013922
0.40139204
0.40139395
0.40139797
0.4014042
0.40141225
0.4014221
0.40143353
0.40144634
0.4014602
0.4014748
0.4014899
0.40150544
0.40152133
0.40153757
0.401554
0.40157053
0.4015869
0.40160257
0.4016169
0.40162918
0.40163887
0.4016459
0.40165052
0.40165332
0.40165505
0.40165657
0.40165845
0.40166083
0.40166342
0.40166542
0.40166578
0.40166366
0.4016582
0.4016492
0.4016369
0.40162185
0.40160513
0.401588
0.40157172
0.4015575
0.40154645
0.4015392
0.4015361
0.40153715
0.40154198
0.40154976
0.4015594
0.4015695
0.40157863
0.4015854
0.4015887
0.40158814
0.40158382
0.40157637
0.40156677
0.40155604
0.40154523
0.40153524
0.4015269
0.4015209
0.40151775
0.4015176
0.40152055
0.40152618
0.40153396
0.40154308
0.4015525
0.4015612
0.40156823
0.4015731
0.40157565
0.40157625
0.40157565
0.40157437
0.40157285
0.40157145
0.40157008
0.40156862
0.40156665
0.40156403
0.4015605
0.4015561
0.401551
0.40154552
0.4015398
0.40153408
0.40152842
0.40152314
0.40151843
0.40151486
0.4015126
0.40151203
0.4015133
0.40151682
0.4015223
0.40152967
0.4015384
0.40154782
0.40155745
0.4015671
0.40157688
0.40158725
0.40159845
0.4016104
0.40162256
0.40163404
0.40164375
0.4016509
0.40165478
0.40165523
0.4016524
0.401647
0.4016397
0.4016313
0.40162215
0.4016125
0.401602
0.40159076
0.40157846
0.4015653
0.4015516
0.40153793
0.4015251
0.4015138
0.4015049
0.40149903
0.40149695
0.40149906
0.40150586
0.40151754
0.4015341
0.40155548
0.4015815
0.40161222
0.40164828
0.4016913
0.40174463
0.40181372
0.40190688
0.40203637
0.40221915
0.40247995
0.4028489
0.40336862
0.40409717
0.40511283
0.4065216
0.40846494
0.4111636
0.41484085
0.41980615
0.426533
0.43566397
0.44781044
