0.4426098
0.43211648
0.42424652
0.4183226
0.41390136
0.4106381
0.40824717
0.40648818
0.40520024
0.40426406
0.4035836
0.40309113
0.40273646
0.40248203
0.4023
0.40216956
0.40207544
0.40200645
0.40195438
0.40191358
0.40187976
0.40185052
0.4018241
0.40179986
0.40177748
0.40175748
0.40174022
0.401726
0.4017148
0.40170604
0.4016989
0.40169215
0.40168482
0.4016761
0.40166578
0.40165415
0.40164167
0.40162918
0.4016174
0.40160716
0.4015991
0.40159383
0.40159178
0.40159348
0.40159908
0.4016085
0.4016209
0.40163523
0.40164995
0.40166363
0.40167496
0.40168288
0.40168697
0.40168718
0.40168405
0.4016785
0.40167123
0.40166312
0.40165478
0.4016465
0.40163848
0.40163088
0.40162396
0.40161833
0.40161493
0.40161502
0.4016196
0.40162948
0.40164486
0.40166545
0.40169013
0.40171748
0.4017456
0.40177235
0.40179574
0.40181416
0.40182632
0.40183133
0.40182874
0.40181836
0.40180057
0.40177596
0.4017455
0.4017107
0.4016733
0.40163517
0.4015982
0.4015639
0.40153342
0.40150762
0.40148672
0.40147075
0.40145928
0.40145174
0.40144727
0.40144497
0.40144393
0.40144327
0.4014426
0.40144178
0.40144107
0.40144062
0.40144074
0.4014415
0.4014429
0.40144467
0.4014468
0.40144908
0.40145186
0.40145555
0.4014606
0.4014674
0.40147626
0.40148717
0.40150008
0.40151492
0.40153155
0.40155008
0.40157068
0.40159348
0.40161824
0.40164444
0.401671
0.4016964
0.4017192
0.40173784
0.4017512
0.40175864
0.40176025
0.40175635
0.40174785
0.401736
0.4017223
0.40170822
0.40169492
0.40168318
0.40167323
0.4016649
0.40165794
0.40165195
0.40164676
0.401642
0.40163743
0.40163267
0.4016274
0.40162155
0.4016156
0.4016102
0.40160617
0.40160397
0.4016038
0.4016053
0.401608
0.40161103
0.40161374
0.40161577
0.40161705
0.40161762
0.4016176
0.4016168
0.40161526
0.40161282
0.40160936
0.40160474
0.40159866
0.40159085
0.40158126
0.40157038
0.40155908
0.40154824
0.4015391
0.4015326
0.40152928
0.4015296
0.4015338
0.40154183
0.4015537
0.40156922
0.4015883
0.40161029
0.40163454
0.40165976
0.4016843
0.40170676
0.4017258
0.40174064
0.4017508
0.40175632
0.40175754
0.40175495
0.40174958
0.4017422
0.40173343
0.4017239
0.40171382
0.40170324
0.40169233
0.40168148
0.4016712
0.40166202
0.40165418
0.4016478
0.40164274
0.4016388
0.40163565
0.40163282
0.4016297
0.40162575
0.40162054
0.40161413
0.40160647
0.4015982
0.40158963
0.40158138
0.40157375
0.40156698
0.4015611
0.40155587
0.4015513
0.40154767
0.40154552
0.4015454
0.40154788
0.40155295
0.40156034
0.40156952
0.40157968
0.40158963
0.4015986
0.40160587
0.40161133
0.40161553
0.40161926
0.40162364
0.40162936
0.40163732
0.40164775
0.4016604
0.40167454
0.401689
0.4017024
0.4017135
0.40172148
0.40172595
0.40172714
0.40172586
0.401723
0.4017198
0.40171716
0.40171576
0.40171602
0.4017181
0.40172195
0.401727
0.4017323
0.40173683
0.4017395
0.40173945
0.4017362
0.40172938
0.4017192
0.401706
0.4016907
0.40167433
0.40165803
0.4016429
0.4016296
0.40161854
0.40160984
0.40160337
0.40159887
0.40159556
0.40159267
0.40158924
0.40158477
0.4015793
0.40157306
0.40156677
0.40156108
0.40155688
0.40155524
0.40155753
0.40156573
0.4015821
0.4016098
0.40165284
0.40171725
0.40181094
0.40194523
0.4021367
0.40240753
0.4027873
0.40331742
0.40405536
0.405079
0.40649438
0.4084435
0.41114768
0.41482973
0.41979933
0.42653003
0.4356633
0.4478107
