0.44254908
0.43203756
0.42415214
0.41821465
0.41378057
0.4105041
0.40809962
0.40632606
0.40502238
0.40407038
0.4033745
0.40286756
0.40249962
0.40223384
0.40204266
0.40190554
0.4018075
0.4017373
0.40168685
0.40165058
0.40162426
0.4016049
0.40159026
0.40157828
0.40156785
0.4015583
0.40154925
0.40154076
0.40153328
0.40152705
0.40152234
0.40151924
0.4015176
0.4015174
0.40151876
0.40152192
0.40152705
0.40153417
0.40154308
0.4015531
0.40156335
0.40157282
0.40158084
0.4015869
0.40159115
0.401594
0.40159613
0.4015981
0.40160027
0.40160272
0.40160525
0.4016077
0.4016099
0.40161163
0.40161312
0.40161476
0.40161687
0.4016198
0.40162364
0.40162838
0.40163374
0.40163916
0.40164387
0.4016473
0.40164918
0.4016495
0.4016484
0.40164623
0.4016434
0.40164015
0.40163657
0.40163296
0.401629
0.40162438
0.40161887
0.4016123
0.40160483
0.40159672
0.40158844
0.40158024
0.4015725
0.40156534
0.40155882
0.40155295
0.40154782
0.40154383
0.4015416
0.40154156
0.40154412
0.40154982
0.40155885
0.40157163
0.40158862
0.40161082
0.4016401
0.40167934
0.40173277
0.40180647
0.4019087
0.4020511
0.40225023
0.40252858
0.40291542
0.40345186
0.40419468
0.40522107
0.40663627
0.4085818
0.4112781
0.4149491
0.41990462
0.426618
0.4357327
0.44786087
