0.44256
0.43204784
0.42415774
0.4182115
0.41376615
0.41047728
0.40806204
0.4062807
0.4049731
0.40402105
0.4033283
0.40282694
0.40246636
0.402209
0.40202698
0.40189943
0.40181068
0.40174899
0.40170583
0.40167537
0.40165386
0.40163884
0.40162933
0.4016248
0.40162498
0.4016297
0.40163827
0.4016501
0.40166372
0.40167782
0.40169072
0.4017012
0.40170822
0.4017112
0.40171003
0.40170524
0.4016977
0.40168872
0.40167972
0.40167174
0.4016656
0.40166128
0.40165833
0.40165588
0.40165278
0.40164816
0.4016415
0.40163276
0.4016224
0.40161142
0.40160066
0.40159118
0.4015837
0.4015787
0.40157613
0.40157565
0.40157658
0.40157804
0.4015794
0.4015798
0.40157866
0.40157565
0.40157086
0.401565
0.4015591
0.40155435
0.40155157
0.40155137
0.40155396
0.40155932
0.4015672
0.401577
0.4015881
0.4015997
0.40161148
0.40162325
0.401635
0.40164667
0.40165824
0.40166998
0.40168193
0.40169364
0.40170434
0.40171334
0.40171948
0.40172228
0.4017215
0.4017175
0.40171078
0.40170214
0.4016924
0.4016821
0.40167138
0.40166017
0.40164825
0.40163523
0.40162092
0.40160516
0.4015878
0.40156907
0.4015495
0.4015299
0.40151122
0.40149444
0.40148067
0.4014708
0.40146562
0.40146592
0.40147197
0.401484
0.40150192
0.4015256
0.40155432
0.40158707
0.40162244
0.40165862
0.40169343
0.40172482
0.40175098
0.40177047
0.4017824
0.40178633
0.40178236
0.40177104
0.4017536
0.40173143
0.4017062
0.40167952
0.40165314
0.40162832
0.40160617
0.40158734
0.40157232
0.40156135
0.4015543
0.40155128
0.40155223
0.4015572
0.4015665
0.40158018
0.40159807
0.40161988
0.40164465
0.40167117
0.40169787
0.40172306
0.40174517
0.40176305
0.40177587
0.40178317
0.40178493
0.4017814
0.40177333
0.40176177
0.40174812
0.40173396
0.40172085
0.40170994
0.40170217
0.40169802
0.40169793
0.4017024
0.40171146
0.40172502
0.4017426
0.40176308
0.40178496
0.40180683
0.4018273
0.40184557
0.4018609
0.4018728
0.40188104
0.40188548
0.40188625
0.40188354
0.40187785
0.40186954
0.4018594
0.40184808
0.40183643
0.40182552
0.40181616
0.40180898
0.40180436
0.4018024
0.40180302
0.40180603
0.40181112
0.40181804
0.4018262
0.4018349
0.40184316
0.40184966
0.4018534
0.40185353
0.40184942
0.40184072
0.4018275
0.40181005
0.40178892
0.4017652
0.40174004
0.40171504
0.4016916
0.4016711
0.40165472
0.40164307
0.40163657
0.40163523
0.40163824
0.4016447
0.40165326
0.40166247
0.40167123
0.40167844
0.40168348
0.40168625
0.40168712
0.40168682
0.40168643
0.4016869
0.4016893
0.40169412
0.40170145
0.40171093
0.4017215
0.401732
0.4017413
0.40174875
0.40175408
0.40175772
0.40176034
0.4017629
0.4017664
0.40177128
0.40177768
0.40178525
0.40179312
0.40180045
0.40180624
0.4018099
0.40181124
0.40181068
0.40180898
0.40180707
0.401806
0.40180627
0.4018081
0.40181124
0.40181485
0.40181804
0.40181974
0.40181914
0.4018159
0.4018099
0.40180162
0.40179166
0.4017811
0.40177125
0.40176332
0.40175876
0.4017581
0.4017614
0.40176785
0.40177622
0.40178487
0.4017925
0.40179816
0.40180132
0.40180224
0.4018015
0.40179983
0.40179825
0.4017973
0.4017972
0.401798
0.4017992
0.40180042
0.40180144
0.40180197
0.40180188
0.40180105
0.40179893
0.401795
0.40178847
0.4017787
0.40176547
0.40174893
0.4017297
0.40170896
0.40168816
0.40166885
0.40165254
0.40164044
0.4016334
0.401632
0.4016364
0.40164626
0.4016609
0.4016791
0.4016993
0.4017198
0.40173888
0.4017549
0.40176657
0.40177312
0.40177426
0.40176997
0.40176082
0.40174744
0.4017311
0.401713
0.40169454
0.40167686
0.40166134
0.40164846
0.40163898
0.40163305
0.4016307
0.40163144
0.40163437
0.4016384
0.40164202
0.40164408
0.40164334
0.4016393
0.40163198
0.40162197
0.40161037
0.40159824
0.40158683
0.40157676
0.40156865
0.40156257
0.40155855
0.40155658
0.40155658
0.40155834
0.40156156
0.40156546
0.40156934
0.40157247
0.40157413
0.4015742
0.4015726
0.40157
0.40156716
0.40156496
0.40156427
0.40156573
0.4015697
0.40157592
0.40158376
0.40159243
0.4016008
0.4016079
0.40161303
0.40161613
0.40161777
0.40161872
0.40162024
0.40162337
0.401629
0.40163746
0.4016485
0.40166134
0.40167448
0.40168652
0.40169623
0.40170294
0.40170658
0.40170786
0.40170795
0.4017084
0.40171066
0.4017162
0.4017257
0.40173966
0.4017575
0.40177852
0.40180132
0.4018243
0.40184608
0.40186545
0.40188125
0.40189263
0.40189922
0.401901
0.4018981
0.40189087
0.40187994
0.40186596
0.40184948
0.40183082
0.40180984
0.40178648
0.40176097
0.4017338
0.4017057
0.40167767
0.401651
0.40162686
0.40160632
0.40159
0.40157777
0.40156946
0.4015643
0.40156162
0.40156063
0.40156078
0.4015614
0.4015625
0.40156427
0.40156704
0.40157112
0.40157694
0.40158457
0.4015939
0.40160424
0.4016149
0.401625
0.40163413
0.40164217
0.40164968
0.40165734
0.40166578
0.40167534
0.40168598
0.40169725
0.40170854
0.40171897
0.4017275
0.40173304
0.40173477
0.40173224
0.40172538
0.40171468
0.40170094
0.401685
0.40166774
0.40165007
0.40163293
0.4016173
0.4016042
0.40159443
0.4015886
0.401587
0.40158972
0.4015964
0.40160644
0.40161896
0.40163276
0.40164635
0.40165812
0.40166697
0.40167215
0.40167356
0.40167162
0.40166727
0.40166152
0.40165544
0.40164995
0.40164602
0.4016447
0.4016476
0.40165713
0.40167677
0.40171123
0.40176705
0.40185305
0.401981
0.40216747
0.40243527
0.4028133
0.4033423
0.4040793
0.40510124
0.4065137
0.4084581
0.4111557
0.41483077
0.41979396
0.42651945
0.43565118
0.4478003
