0.44255653
0.4320484
0.42416763
0.41823673
0.41381216
0.41054866
0.40815982
0.40640393
0.40511873
0.40418416
0.40350354
0.40300897
0.40265062
0.40239212
0.40220708
0.40207648
0.40198657
0.40192688
0.4018895
0.40186796
0.40185702
0.4018525
0.40185112
0.40185043
0.40184855
0.40184426
0.40183714
0.40182728
0.40181544
0.4018029
0.40179116
0.40178177
0.40177563
0.40177312
0.40177387
0.4017765
0.40177932
0.40178075
0.40177926
0.4017742
0.4017653
0.4017528
0.40173757
0.4017205
0.4017028
0.4016851
0.40166792
0.4016516
0.4016361
0.40162155
0.4016081
0.40159577
0.40158468
0.40157485
0.40156615
0.40155807
0.40155023
0.40154174
0.40153217
0.40152133
0.40150928
0.40149644
0.40148345
0.4014714
0.40146127
0.40145388
0.40144983
0.40144926
0.40145195
0.40145734
0.4014646
0.401473
0.40148145
0.40148953
0.40149686
0.4015037
0.4015106
0.4015185
0.40152812
0.40153986
0.40155366
0.40156904
0.40158516
0.40160105
0.40161553
0.4016279
0.40163764
0.40164497
0.4016501
0.40165362
0.40165615
0.40165794
0.4016595
0.40166116
0.40166304
0.40166497
0.4016663
0.40166634
0.40166453
0.40166047
0.40165433
0.4016464
0.40163717
0.40162712
0.4016166
0.4016059
0.40159506
0.4015844
0.40157428
0.40156528
0.4015578
0.40155223
0.4015488
0.40154755
0.40154815
0.4015505
0.40155414
0.4015586
0.4015635
0.40156853
0.40157342
0.40157813
0.40158245
0.4015865
0.40159023
0.40159407
0.40159804
0.40160218
0.40160647
0.40161085
0.40161505
0.40161908
0.4016232
0.4016278
0.4016334
0.40164077
0.40165043
0.4016628
0.40167806
0.40169606
0.40171605
0.40173706
0.40175784
0.40177733
0.40179443
0.40180865
0.40181977
0.40182796
0.40183374
0.4018378
0.40184087
0.40184328
0.40184513
0.4018462
0.40184617
0.40184453
0.40184087
0.40183446
0.40182495
0.40181196
0.40179545
0.40177524
0.4017517
0.40172553
0.40169746
0.4016687
0.40164033
0.40161353
0.40158978
0.40156996
0.40155488
0.40154475
0.4015396
0.4015391
0.40154275
0.40155008
0.40156057
0.40157402
0.40159005
0.4016082
0.40162787
0.40164804
0.4016676
0.40168494
0.40169847
0.40170676
0.40170896
0.4017045
0.40169382
0.40167767
0.40165716
0.40163383
0.4016089
0.4015837
0.40155917
0.401536
0.40151483
0.4014963
0.40148067
0.4014684
0.40145996
0.4014557
0.4014557
0.40145984
0.40146774
0.40147874
0.40149227
0.40150756
0.40152407
0.4015415
0.40155974
0.40157878
0.4015981
0.40161702
0.40163448
0.40164912
0.40165973
0.40166563
0.4016667
0.40166342
0.4016569
0.4016486
0.40164044
0.40163368
0.40162936
0.40162772
0.4016284
0.40163046
0.40163252
0.4016332
0.4016312
0.4016258
0.40161702
0.40160528
0.4015916
0.40157703
0.4015624
0.40154862
0.4015362
0.40152526
0.40151593
0.4015085
0.4015033
0.40150055
0.40150034
0.40150282
0.401508
0.4015159
0.4015265
0.40153968
0.40155506
0.40157172
0.40158868
0.40160456
0.40161806
0.40162802
0.40163368
0.40163502
0.40163225
0.40162605
0.40161747
0.40160748
0.40159705
0.40158695
0.4015778
0.4015701
0.40156403
0.40155956
0.40155655
0.40155435
0.4015523
0.40154958
0.40154546
0.4015397
0.40153244
0.40152434
0.40151638
0.40150946
0.40150434
0.4015015
0.4015009
0.40150228
0.40150514
0.40150878
0.4015125
0.40151563
0.40151778
0.4015188
0.40151888
0.4015185
0.4015182
0.4015186
0.40152013
0.40152287
0.40152654
0.40153065
0.4015343
0.40153658
0.40153658
0.40153387
0.40152833
0.40152064
0.4015115
0.40150192
0.40149295
0.40148526
0.4014794
0.4014755
0.40147373
0.40147385
0.40147573
0.40147904
0.40148327
0.4014879
0.40149245
0.40149668
0.4015006
0.40150467
0.4015092
0.40151456
0.40152055
0.40152732
0.40153438
0.40154147
0.4015485
0.4015557
0.40156376
0.40157375
0.4015865
0.40160263
0.40162215
0.40164435
0.4016679
0.40169114
0.40171233
0.40172988
0.40174255
0.40174985
0.4017518
0.4017488
0.40174174
0.40173185
0.40172014
0.40170804
0.40169668
0.4016869
0.4016792
0.40167356
0.40166944
0.4016661
0.4016626
0.40165776
0.40165076
0.40164125
0.40162933
0.40161583
0.40160173
0.40158802
0.40157565
0.4015652
0.4015571
0.40155128
0.40154737
0.40154496
0.40154353
0.40154302
0.40154344
0.40154508
0.40154842
0.40155372
0.40156123
0.40157112
0.4015833
0.40159747
0.40161327
0.40162972
0.40164608
0.401661
0.40167344
0.40168232
0.4016868
0.40168637
0.4016814
0.4016725
0.401661
0.4016484
0.4016361
0.40162522
0.40161654
0.40161026
0.40160614
0.40160367
0.40160248
0.40160236
0.4016032
0.40160534
0.40160877
0.40161318
0.4016178
0.40162173
0.40162387
0.40162364
0.4016207
0.4016155
0.40160882
0.40160152
0.40159434
0.4015877
0.4015818
0.40157673
0.40157282
0.4015703
0.40156937
0.40156996
0.40157172
0.40157387
0.40157565
0.40157598
0.40157464
0.40157187
0.4015683
0.40156528
0.40156382
0.40156493
0.4015689
0.40157565
0.40158477
0.40159565
0.40160754
0.40161994
0.40163267
0.4016459
0.40165955
0.40167367
0.40168804
0.40170208
0.40171495
0.40172613
0.40173504
0.40174153
0.40174556
0.40174717
0.40174645
0.40174374
0.40173963
0.4017348
0.40173045
0.4017275
0.40172672
0.4017286
0.40173283
0.4017387
0.40174517
0.401751
0.40175506
0.4017567
0.40175554
0.40175182
0.40174603
0.4017388
0.40173075
0.4017221
0.40171275
0.40170223
0.4016901
0.4016761
0.40166014
0.4016428
0.40162483
0.40160725
0.4015909
0.4015769
0.40156618
0.40155935
0.40155703
0.40155938
0.40156636
0.4015778
0.40159357
0.40161335
0.40163675
0.40166283
0.4016902
0.40171725
0.40174225
0.40176365
0.40178004
0.4017905
0.40179455
0.40179217
0.40178394
0.40177077
0.40175387
0.40173435
0.40171334
0.4016915
0.40166926
0.40164676
0.4016241
0.40160164
0.40157974
0.40155867
0.4015389
0.4015205
0.40150374
0.40148887
0.40147635
0.40146667
0.4014601
0.40145704
0.40145725
0.40146083
0.40146738
0.4014765
0.40148774
0.40150085
0.40151566
0.4015326
0.40155163
0.40157294
0.40159625
0.40162098
0.40164617
0.40167055
0.40169275
0.40171137
0.4017253
0.40173367
0.40173593
0.40173212
0.4017225
0.40170807
0.40169004
0.4016699
0.40164906
0.40162888
0.40161055
0.401595
0.4015826
0.40157354
0.4015677
0.4015648
0.40156448
0.40156624
0.4015695
0.4015737
0.40157795
0.4015815
0.40158364
0.4015838
0.40158147
0.40157646
0.40156913
0.40156
0.40155023
0.40154096
0.40153322
0.4015279
0.40152583
0.40152723
0.40153214
0.40154043
0.40155172
0.40156537
0.4015805
0.40159586
0.40161029
0.40162224
0.40163052
0.40163437
0.40163326
0.4016274
0.4016176
0.4016051
0.40159157
0.4015785
0.40156707
0.40155822
0.40155232
0.40154946
0.40154916
0.4015507
0.40155292
0.4015546
0.40155458
0.4015519
0.40154615
0.40153757
0.40152675
0.4015146
0.40150204
0.40149006
0.40147918
0.40146983
0.40146208
0.40145588
0.40145102
0.40144727
0.40144432
0.401442
0.4014402
0.40143907
0.40143907
0.40144062
0.40144426
0.40145028
0.4014591
0.4014708
0.40148547
0.40150297
0.4015231
0.40154552
0.40157
0.40159616
0.4016234
0.4016508
0.401677
0.40170044
0.40171954
0.40173292
0.40173966
0.40173936
0.40173227
0.40171927
0.40170172
0.40168115
0.40165937
0.4016379
0.40161824
0.40160143
0.40158832
0.40157944
0.40157512
0.40157577
0.4015817
0.40159285
0.401609
0.40162906
0.40165186
0.40167537
0.40169764
0.40171665
0.40173057
0.4017382
0.4017389
0.4017329
0.401721
0.40170464
0.40168536
0.40166518
0.40164578
0.40162858
0.40161413
0.40160277
0.40159422
0.40158802
0.40158364
0.40158084
0.40157914
0.40157828
0.40157822
0.40157923
0.40158185
0.4015865
0.40159357
0.40160304
0.40161505
0.4016295
0.4016465
0.4016664
0.40168926
0.4017151
0.40174335
0.4017733
0.40180358
0.40183255
0.40185863
0.40188047
0.40189698
0.40190747
0.4019116
0.4019091
0.40190017
0.40188488
0.40186384
0.40183774
0.40180743
0.4017739
0.40173844
0.40170237
0.40166706
0.4016339
0.4016039
0.40157798
0.40155643
0.40153915
0.40152583
0.40151578
0.40150854
0.40150315
0.40149906
0.40149564
0.40149257
0.4014895
0.40148672
0.4014846
0.4014837
0.40148455
0.40148756
0.40149307
0.40150133
0.4015126
0.40152675
0.40154368
0.401563
0.40158388
0.40160534
0.40162587
0.40164408
0.40165868
0.40166855
0.4016728
0.40167132
0.40166402
0.40165138
0.40163445
0.40161455
0.40159306
0.40157127
0.40155023
0.40153056
0.40151277
0.40149698
0.40148315
0.40147135
0.40146154
0.401454
0.40144882
0.4014462
0.40144616
0.40144894
0.40145436
0.40146205
0.40147147
0.40148184
0.40149212
0.4015015
0.40150923
0.40151504
0.40151903
0.40152135
0.40152285
0.40152466
0.40152797
0.40153474
0.40154648
0.40156496
0.40159228
0.40163106
0.40168512
0.40175974
0.40186253
0.4020045
0.40220243
0.40247875
0.4028636
0.40339902
0.4041424
0.40517142
0.4065913
0.40854278
0.41124615
0.41492403
0.41988584
0.42660517
0.43572405
0.44785532
