0.4424884
0.43195722
0.42405373
0.4180996
0.4136512
0.4103631
0.40795112
0.40617388
0.4048696
0.40391943
0.40322644
0.40272233
0.40235624
0.40209064
0.40189815
0.40175864
0.4016578
0.40158525
0.40153354
0.40149766
0.40147385
0.40145966
0.40145326
0.4014536
0.40145993
0.40147164
0.40148816
0.40150887
0.40153307
0.40155953
0.40158665
0.40161267
0.40163574
0.40165418
0.40166697
0.40167373
0.40167466
0.40167055
0.40166262
0.401652
0.40163973
0.40162668
0.40161332
0.40160036
0.40158802
0.40157658
0.40156627
0.40155703
0.40154892
0.4015419
0.401536
0.40153107
0.4015271
0.4015243
0.40152293
0.40152362
0.40152702
0.40153337
0.40154287
0.40155524
0.40157
0.40158644
0.40160346
0.40162003
0.4016349
0.4016469
0.40165538
0.40165988
0.4016609
0.4016589
0.40165487
0.40164974
0.4016444
0.40163937
0.40163523
0.40163216
0.4016304
0.40162998
0.4016307
0.4016321
0.40163377
0.40163517
0.4016361
0.40163654
0.40163693
0.4016375
0.40163848
0.40163964
0.40164033
0.40163964
0.4016365
0.4016302
0.40162045
0.40160757
0.4015922
0.4015754
0.4015582
0.40154162
0.40152678
0.4015146
0.40150568
0.4015004
0.40149876
0.40150073
0.40150595
0.40151405
0.40152448
0.40153685
0.40155098
0.40156686
0.40158474
0.4016047
0.40162644
0.40164945
0.4016729
0.40169558
0.40171605
0.40173298
0.40174505
0.4017515
0.40175152
0.40174523
0.40173286
0.40171513
0.401693
0.40166765
0.40164062
0.40161288
0.40158582
0.40156028
0.40153706
0.40151688
0.40150037
0.40148786
0.40147942
0.40147495
0.40147418
0.40147665
0.40148205
0.40149033
0.40150154
0.4015157
0.40153235
0.40155074
0.40156975
0.40158778
0.40160313
0.4016145
0.40162092
0.40162227
0.40161893
0.40161172
0.40160182
0.4015904
0.40157863
0.40156764
0.40155837
0.40155178
0.40154856
0.40154928
0.40155435
0.4015637
0.40157685
0.40159282
0.4016106
0.40162903
0.40164715
0.40166432
0.40167987
0.40169322
0.40170377
0.40171123
0.40171582
0.401718
0.40171808
0.40171647
0.40171334
0.4017085
0.40170208
0.40169418
0.4016854
0.4016764
0.40166792
0.40166032
0.40165392
0.40164852
0.40164408
0.40164047
0.4016378
0.40163627
0.40163583
0.40163645
0.40163788
0.40163973
0.4016418
0.40164357
0.4016447
0.40164515
0.40164503
0.4016447
0.40164444
0.4016443
0.40164444
0.40164465
0.40164468
0.40164414
0.4016429
0.40164095
0.40163824
0.4016348
0.40163085
0.40162647
0.40162212
0.40161794
0.40161386
0.40160963
0.4016045
0.40159798
0.4015898
0.40158024
0.4015698
0.40155944
0.40154976
0.40154138
0.40153465
0.4015297
0.40152678
0.40152586
0.40152708
0.4015304
0.40153566
0.40154248
0.40155053
0.4015594
0.40156883
0.40157855
0.40158877
0.4015999
0.40161234
0.40162647
0.4016422
0.4016594
0.40167764
0.40169594
0.4017133
0.40172845
0.40174025
0.40174785
0.40175056
0.40174818
0.40174097
0.4017297
0.40171552
0.4017
0.40168485
0.40167165
0.40166143
0.40165505
0.40165263
0.40165418
0.40165916
0.40166706
0.4016769
0.4016877
0.4016982
0.40170708
0.40171322
0.40171587
0.4017147
0.4017096
0.401701
0.40168977
0.40167677
0.40166295
0.40164915
0.4016361
0.40162426
0.40161413
0.40160587
0.4015996
0.40159506
0.40159175
0.40158877
0.4015852
0.40157986
0.40157196
0.40156093
0.40154687
0.40152982
0.4015106
0.40149003
0.4014691
0.40144873
0.4014298
0.40141302
0.401399
0.40138814
0.40138066
0.40137655
0.40137565
0.40137762
0.40138203
0.40138847
0.40139627
0.4014053
0.4014151
0.40142545
0.4014363
0.4014477
0.40145996
0.4014735
0.4014886
0.40150538
0.4015235
0.40154257
0.40156183
0.40158018
0.40159693
0.401611
0.40162155
0.40162832
0.40163127
0.4016307
0.4016272
0.40162167
0.4016148
0.40160742
0.40160033
0.401594
0.40158877
0.4015847
0.4015818
0.40158
0.40157953
0.40158084
0.40158427
0.40159008
0.40159824
0.40160832
0.40161967
0.40163147
0.4016425
0.4016517
0.4016581
0.40166083
0.4016596
0.4016546
0.40164623
0.40163562
0.40162396
0.40161237
0.40160164
0.40159237
0.4015847
0.40157863
0.40157375
0.40156966
0.40156618
0.40156338
0.40156144
0.4015606
0.40156105
0.40156278
0.401566
0.4015708
0.40157706
0.40158486
0.40159398
0.40160418
0.40161484
0.4016256
0.40163633
0.40164658
0.40165627
0.40166518
0.40167296
0.4016791
0.40168327
0.4016849
0.40168422
0.40168113
0.40167594
0.40166885
0.40165988
0.40164945
0.40163788
0.40162584
0.40161416
0.40160364
0.40159503
0.40158895
0.4015855
0.40158454
0.40158555
0.4015881
0.40159136
0.40159443
0.4015965
0.4015969
0.40159553
0.40159255
0.40158847
0.40158382
0.40157956
0.40157658
0.4015758
0.4015781
0.40158376
0.40159282
0.40160468
0.4016186
0.40163332
0.40164745
0.40165958
0.4016686
0.40167367
0.40167448
0.40167102
0.4016639
0.401654
0.4016423
0.40162966
0.4016166
0.4016031
0.40158907
0.4015741
0.401558
0.40154085
0.401523
0.4015051
0.40148804
0.4014726
0.40145952
0.40144938
0.40144235
0.40143856
0.4014378
0.40143982
0.40144438
0.40145132
0.40146026
0.40147102
0.4014834
0.40149683
0.40151116
0.401526
0.4015412
0.40155688
0.40157294
0.40158904
0.40160468
0.40161887
0.4016308
0.40163955
0.40164477
0.40164676
0.40164652
0.4016458
0.40164673
0.40165192
0.4016642
0.40168706
0.40172443
0.40178183
0.401867
0.40199092
0.40216982
0.40242752
0.4027939
0.4033112
0.40403768
0.40505192
0.40646043
0.4084051
0.41110715
0.41478953
0.41976154
0.42649657
0.4356359
0.4477904
