0.4425981
0.43210176
0.42422992
0.4183048
0.41388264
0.41061795
0.408224
0.40645954
0.4051626
0.40421388
0.40351686
0.403004
0.4026256
0.4023453
0.40213674
0.4019811
0.40186447
0.40177685
0.4017107
0.40166017
0.4016208
0.4015892
0.401563
0.40154082
0.4015216
0.40150467
0.40148973
0.40147662
0.40146556
0.4014572
0.40145206
0.40145105
0.4014549
0.401464
0.40147856
0.40149862
0.40152374
0.40155327
0.40158632
0.40162182
0.40165862
0.40169546
0.40173107
0.40176404
0.40179294
0.40181658
0.40183404
0.40184486
0.40184897
0.4018466
0.40183827
0.40182462
0.4018063
0.401784
0.4017586
0.4017311
0.40170264
0.4016742
0.40164682
0.40162158
0.40159932
0.40158066
0.40156618
0.40155575
0.40154925
0.401546
0.40154544
0.40154696
0.40155008
0.4015548
0.40156108
0.4015689
0.40157798
0.40158817
0.40159905
0.4016103
0.40162167
0.4016325
0.40164208
0.4016495
0.40165424
0.401656
0.4016552
0.40165263
0.40164962
0.40164757
0.40164787
0.4016513
0.4016581
0.4016679
0.40167972
0.40169227
0.401704
0.40171376
0.40172037
0.40172336
0.4017228
0.4017192
0.4017135
0.40170658
0.40169978
0.4016944
0.40169147
0.40169176
0.40169564
0.40170288
0.40171272
0.40172383
0.40173483
0.4017443
0.40175077
0.4017531
0.40175062
0.40174314
0.40173107
0.40171516
0.4016967
0.4016774
0.40165898
0.40164304
0.4016307
0.40162262
0.40161896
0.40161934
0.4016231
0.4016295
0.4016375
0.40164572
0.4016528
0.40165773
0.40165973
0.40165877
0.40165505
0.4016493
0.40164214
0.40163428
0.40162626
0.40161875
0.4016122
0.40160686
0.40160272
0.4015993
0.40159595
0.4015921
0.4015872
0.401581
0.4015738
0.40156618
0.40155858
0.40155146
0.40154508
0.40153927
0.40153402
0.4015293
0.40152505
0.40152127
0.40151802
0.4015151
0.40151256
0.40151024
0.40150836
0.40150717
0.40150705
0.40150842
0.40151158
0.40151653
0.4015232
0.40153125
0.40154028
0.40154985
0.4015595
0.40156877
0.40157697
0.40158364
0.4015887
0.40159243
0.40159532
0.40159798
0.40160084
0.40160394
0.40160707
0.40160984
0.4016121
0.40161398
0.40161583
0.4016184
0.40162212
0.4016274
0.40163434
0.4016428
0.40165254
0.40166333
0.40167508
0.40168765
0.40170062
0.40171307
0.40172383
0.40173143
0.4017348
0.4017331
0.40172613
0.40171418
0.40169787
0.4016783
0.40165663
0.4016343
0.40161252
0.4015925
0.40157494
0.40156043
0.40154877
0.40153995
0.40153334
0.40152842
0.40152463
0.40152153
0.4015192
0.40151772
0.40151715
0.4015173
0.40151802
0.40151906
0.40152028
0.401522
0.40152434
0.40152764
0.40153214
0.40153804
0.40154544
0.40155447
0.40156513
0.40157726
0.40159047
0.4016041
0.40161708
0.4016287
0.4016382
0.40164545
0.4016507
0.40165445
0.40165743
0.40166035
0.40166372
0.40166783
0.40167275
0.4016786
0.40168557
0.40169352
0.40170223
0.401711
0.40171894
0.40172473
0.4017271
0.40172532
0.4017189
0.40170798
0.4016932
0.40167558
0.40165633
0.4016365
0.40161705
0.4015984
0.40158102
0.40156528
0.4015512
0.40153912
0.40152934
0.4015221
0.40151757
0.40151602
0.40151742
0.4015215
0.40152797
0.40153617
0.40154526
0.4015543
0.40156204
0.40156767
0.40157053
0.40157068
0.40156862
0.4015651
0.40156072
0.40155616
0.4015519
0.401548
0.40154478
0.40154237
0.40154094
0.40154073
0.40154216
0.40154567
0.40155175
0.40156078
0.4015727
0.4015872
0.4016036
0.40162107
0.4016384
0.4016542
0.40166706
0.40167555
0.40167883
0.4016766
0.40166903
0.40165702
0.40164194
0.4016254
0.40160918
0.40159476
0.40158308
0.4015747
0.40156943
0.40156677
0.40156615
0.40156707
0.4015695
0.40157366
0.40157974
0.4015877
0.40159708
0.40160713
0.40161678
0.4016247
0.40162995
0.40163165
0.40162966
0.40162426
0.4016162
0.4016067
0.4015975
0.40158996
0.40158543
0.40158445
0.40158725
0.4015935
0.40160227
0.4016122
0.4016215
0.4016284
0.40163147
0.40162995
0.4016235
0.40161267
0.40159824
0.40158126
0.40156272
0.4015438
0.40152514
0.40150782
0.40149245
0.40147963
0.40146968
0.40146247
0.40145808
0.40145615
0.40145612
0.4014575
0.40145966
0.40146226
0.40146497
0.40146783
0.40147072
0.40147358
0.40147638
0.40147915
0.40148208
0.40148574
0.40149063
0.4014973
0.40150613
0.40151742
0.401531
0.40154666
0.40156367
0.4015813
0.40159842
0.40161383
0.4016263
0.40163505
0.40163982
0.40164077
0.4016388
0.40163478
0.40162992
0.40162534
0.40162182
0.40161988
0.40161943
0.40162036
0.40162188
0.40162328
0.40162367
0.40162244
0.40161946
0.40161476
0.40160874
0.40160167
0.40159407
0.40158603
0.40157768
0.4015692
0.40156052
0.40155166
0.40154275
0.401534
0.40152594
0.4015191
0.40151414
0.4015114
0.4015113
0.40151387
0.40151894
0.40152606
0.401535
0.40154505
0.40155548
0.40156513
0.40157306
0.40157798
0.40157914
0.40157592
0.40156838
0.40155715
0.4015432
0.40152764
0.40151185
0.40149692
0.40148383
0.4014735
0.40146652
0.40146306
0.40146348
0.40146756
0.40147522
0.4014859
0.40149897
0.40151364
0.40152892
0.40154412
0.40155867
0.40157196
0.4015833
0.40159202
0.40159723
0.40159848
0.4015957
0.40158936
0.40158024
0.4015693
0.40155756
0.4015459
0.4015349
0.4015247
0.4015155
0.4015074
0.4015004
0.40149468
0.40149033
0.40148726
0.40148553
0.40148503
0.40148562
0.40148684
0.40148836
0.40148968
0.40149057
0.40149078
0.40149
0.40148863
0.40148687
0.40148512
0.40148398
0.4014841
0.40148604
0.40149015
0.4014966
0.40150502
0.40151498
0.4015255
0.40153563
0.40154445
0.40155146
0.40155658
0.4015602
0.40156287
0.40156513
0.40156743
0.40157008
0.40157342
0.40157768
0.40158305
0.40158936
0.40159622
0.4016029
0.40160865
0.4016128
0.40161508
0.40161568
0.40161505
0.4016137
0.4016122
0.4016109
0.40161017
0.40161014
0.40161097
0.40161237
0.40161416
0.4016155
0.40161592
0.40161493
0.40161252
0.40160903
0.40160483
0.40160054
0.40159652
0.40159297
0.40159
0.4015876
0.40158615
0.40158573
0.4015864
0.40158808
0.40159032
0.40159264
0.40159467
0.4015959
0.40159598
0.4015944
0.4015911
0.40158594
0.40157896
0.40157053
0.40156093
0.40155098
0.40154117
0.40153223
0.401525
0.4015199
0.40151748
0.40151784
0.40152106
0.40152705
0.40153566
0.40154696
0.4015606
0.4015764
0.4015935
0.40161106
0.40162805
0.4016433
0.40165597
0.4016656
0.4016722
0.40167636
0.40167868
0.40168017
0.4016816
0.40168327
0.40168542
0.40168795
0.4016906
0.4016934
0.4016963
0.40169924
0.40170208
0.40170428
0.40170527
0.40170425
0.40170062
0.40169403
0.40168476
0.4016736
0.4016617
0.40165043
0.4016412
0.40163478
0.40163162
0.40163174
0.4016346
0.40163925
0.4016447
0.4016499
0.40165427
0.40165767
0.4016604
0.40166327
0.40166706
0.40167236
0.40167952
0.40168813
0.4016977
0.40170693
0.4017148
0.40172008
0.40172204
0.40172055
0.4017159
0.40170887
0.4017007
0.40169278
0.40168643
0.40168303
0.4016831
0.40168676
0.40169352
0.40170234
0.40171155
0.40171936
0.40172434
0.40172523
0.40172133
0.40171272
0.4016997
0.40168336
0.401665
0.4016459
0.40162736
0.40161029
0.40159562
0.40158382
0.40157533
0.40156993
0.40156746
0.40156722
0.40156832
0.4015697
0.40157002
0.40156823
0.40156347
0.40155557
0.40154472
0.4015318
0.40151802
0.4015046
0.40149277
0.40148368
0.40147784
0.4014758
0.40147743
0.40148246
0.40149054
0.40150106
0.40151358
0.40152764
0.40154308
0.40155986
0.4015777
0.40159655
0.401616
0.4016352
0.40165293
0.40166798
0.4016793
0.40168643
0.40168956
0.40168932
0.40168703
0.40168405
0.40168148
0.40168044
0.4016814
0.40168494
0.40169114
0.40170002
0.401711
0.4017236
0.4017368
0.40174934
0.40176
0.4017678
0.40177202
0.40177223
0.4017686
0.40176153
0.40175223
0.40174207
0.40173292
0.40172663
0.40172508
0.40173015
0.40174353
0.4017672
0.40180343
0.40185556
0.4019282
0.40202847
0.4021669
0.4023593
0.40262935
0.40300643
0.40353262
0.40426585
0.4052839
0.40669245
0.4086325
0.411324
0.41499063
0.41994148
0.42664933
0.43575794
0.44787943
