0.4425676
0.4320577
0.4241693
0.41822413
0.41377938
0.4104902
0.4080738
0.4062903
0.40497932
0.404023
0.40332508
0.4028176
0.40244997
0.4021846
0.40199423
0.4018585
0.4017631
0.40169755
0.4016545
0.40162843
0.40161517
0.40161136
0.4016143
0.40162155
0.40163106
0.4016411
0.40165025
0.40165707
0.40166032
0.40165913
0.40165323
0.40164307
0.40162963
0.40161404
0.40159762
0.4015815
0.40156674
0.40155402
0.40154362
0.4015356
0.40152982
0.401526
0.40152407
0.40152392
0.40152574
0.40152952
0.4015352
0.40154243
0.40155065
0.401559
0.40156662
0.40157288
0.40157738
0.40158018
0.40158185
0.40158308
0.40158468
0.40158686
0.40158966
0.40159264
0.401595
0.40159586
0.40159476
0.4015915
0.40158665
0.40158084
0.40157497
0.40156972
0.40156573
0.4015635
0.40156344
0.40156555
0.40156943
0.40157434
0.4015794
0.40158355
0.40158594
0.40158647
0.40158534
0.4015833
0.40158114
0.40157956
0.40157908
0.40157998
0.4015821
0.401585
0.4015883
0.40159103
0.40159273
0.4015928
0.40159127
0.40158862
0.40158576
0.40158385
0.401584
0.40158716
0.40159377
0.40160382
0.40161675
0.4016316
0.4016469
0.40166116
0.40167275
0.40168047
0.40168363
0.40168208
0.40167627
0.40166682
0.40165478
0.40164122
0.4016271
0.40161362
0.401602
0.40159342
0.4015887
0.40158856
0.40159288
0.4016013
0.40161294
0.40162647
0.40164042
0.40165335
0.40166438
0.40167308
0.4016796
0.40168473
0.40168953
0.40169522
0.40170273
0.40171245
0.40172428
0.4017374
0.40175062
0.4017623
0.40177092
0.4017751
0.40177396
0.40176702
0.40175426
0.40173602
0.40171334
0.4016874
0.40166005
0.401633
0.40160787
0.4015862
0.40156937
0.40155804
0.40155265
0.4015532
0.40155885
0.40156865
0.40158135
0.4015957
0.40161076
0.40162557
0.4016395
0.4016516
0.40166107
0.40166765
0.40167135
0.40167263
0.40167233
0.40167162
0.4016714
0.40167254
0.40167555
0.4016809
0.40168867
0.4016988
0.40171084
0.4017241
0.401738
0.40175182
0.40176496
0.40177637
0.40178552
0.4017919
0.40179524
0.40179548
0.4017931
0.40178844
0.4017821
0.40177435
0.40176573
0.40175658
0.40174764
0.40173978
0.40173408
0.4017315
0.40173274
0.40173832
0.4017487
0.40176454
0.40178716
0.40181905
0.4018642
0.40192875
0.40202084
0.4021518
0.40233713
0.4026004
0.40296978
0.40348637
0.40420747
0.40521136
0.4066048
0.40853083
0.41121143
0.41487303
0.4198255
0.42654198
0.43566743
0.4478116
