0.4425169
0.43199518
0.42410073
0.41815507
0.41371432
0.4104327
0.4080253
0.40625072
0.40494743
0.40399677
0.40330207
0.4027952
0.40242556
0.40215603
0.40195933
0.4018159
0.40171137
0.40163577
0.4015817
0.40154406
0.40151867
0.40150267
0.4014938
0.40149024
0.4014905
0.40149343
0.4014984
0.40150526
0.40151381
0.40152422
0.40153626
0.4015497
0.40156394
0.40157828
0.4015917
0.40160334
0.4016122
0.4016175
0.4016191
0.40161708
0.40161207
0.401605
0.40159672
0.40158826
0.40158033
0.40157387
0.40156943
0.4015677
0.4015688
0.40157264
0.40157914
0.40158767
0.40159765
0.401608
0.40161765
0.4016253
0.4016304
0.4016325
0.40163204
0.4016296
0.40162617
0.40162283
0.4016203
0.40161926
0.4016202
0.40162334
0.40162867
0.4016361
0.40164512
0.4016552
0.40166587
0.40167686
0.401688
0.40169907
0.4017096
0.40171894
0.40172648
0.40173158
0.40173367
0.40173262
0.40172854
0.40172186
0.401713
0.40170223
0.40168986
0.40167615
0.40166143
0.40164623
0.40163147
0.40161827
0.40160766
0.40160054
0.40159747
0.4015986
0.40160397
0.40161327
0.40162605
0.40164137
0.40165803
0.40167466
0.40169007
0.40170324
0.4017135
0.40172073
0.40172517
0.4017274
0.40172818
0.401728
0.40172702
0.40172493
0.40172133
0.40171573
0.4017075
0.40169653
0.40168256
0.40166616
0.40164796
0.4016287
0.40160936
0.40159085
0.40157393
0.4015592
0.40154698
0.40153712
0.40152925
0.4015228
0.40151754
0.4015133
0.4015102
0.40150833
0.40150762
0.40150806
0.40150946
0.40151155
0.4015143
0.40151784
0.4015225
0.40152848
0.40153626
0.40154624
0.40155837
0.40157285
0.40158972
0.40160874
0.40162936
0.40165076
0.40167165
0.40169054
0.4017062
0.40171757
0.40172425
0.40172622
0.4017242
0.40171933
0.40171307
0.40170684
0.4017018
0.4016988
0.4016983
0.4017
0.40170375
0.4017087
0.4017138
0.40171784
0.40171984
0.40171948
0.40171665
0.4017118
0.40170568
0.4016991
0.40169263
0.40168634
0.40168
0.40167305
0.401665
0.4016558
0.4016457
0.4016352
0.40162498
0.40161577
0.4016079
0.40160167
0.40159717
0.40159434
0.40159345
0.4015949
0.4015991
0.40160656
0.40161735
0.4016314
0.40164828
0.40166757
0.40168852
0.4017103
0.40173182
0.4017518
0.40176877
0.40178162
0.4017892
0.40179095
0.40178657
0.4017764
0.40176114
0.40174192
0.4017198
0.40169623
0.40167263
0.40164998
0.4016293
0.40161115
0.40159583
0.40158343
0.40157402
0.40156746
0.4015635
0.4015617
0.40156165
0.4015629
0.401565
0.4015671
0.40156856
0.40156856
0.4015665
0.4015623
0.40155637
0.40154946
0.40154257
0.4015365
0.40153188
0.401529
0.40152815
0.40152887
0.40153047
0.40153223
0.4015332
0.40153274
0.40153074
0.40152755
0.4015237
0.40151983
0.40151653
0.4015144
0.40151358
0.40151387
0.40151492
0.4015162
0.4015173
0.40151805
0.4015186
0.40151945
0.40152094
0.40152362
0.40152782
0.40153337
0.40154
0.40154678
0.4015524
0.40155563
0.40155533
0.40155104
0.40154287
0.4015313
0.40151724
0.4015016
0.40148523
0.40146908
0.40145385
0.40144044
0.40142962
0.40142208
0.4014182
0.40141845
0.40142295
0.4014317
0.40144435
0.40146035
0.40147886
0.4014988
0.40151894
0.40153795
0.40155435
0.40156674
0.4015737
0.4015745
0.40156895
0.40155768
0.40154177
0.4015227
0.40150204
0.40148115
0.4014612
0.401443
0.40142718
0.40141386
0.40140325
0.40139508
0.40138918
0.4013851
0.40138263
0.40138167
0.40138212
0.4013841
0.40138757
0.4013926
0.4013992
0.40140718
0.4014162
0.4014257
0.401435
0.40144345
0.40145054
0.40145582
0.40145925
0.40146095
0.40146124
0.40146068
0.40145978
0.4014591
0.40145898
0.40145987
0.40146205
0.40146562
0.40147108
0.40147844
0.40148795
0.40149957
0.4015135
0.40152958
0.4015476
0.40156728
0.4015878
0.4016086
0.40162867
0.40164682
0.40166175
0.40167207
0.40167657
0.40167475
0.40166664
0.40165287
0.40163496
0.40161458
0.40159371
0.4015743
0.4015578
0.40154526
0.4015372
0.40153384
0.40153474
0.4015391
0.40154585
0.4015537
0.40156138
0.4015682
0.40157375
0.4015782
0.4015817
0.4015848
0.4015877
0.40159062
0.4015935
0.40159607
0.40159792
0.4015987
0.40159833
0.40159664
0.40159383
0.40159
0.40158504
0.40157914
0.40157217
0.40156403
0.4015547
0.40154427
0.4015331
0.40152147
0.40150955
0.4014977
0.40148625
0.40147614
0.40146825
0.40146324
0.40146172
0.40146402
0.40147027
0.40148035
0.401494
0.40151048
0.40152892
0.40154815
0.40156674
0.40158325
0.40159628
0.401605
0.40160903
0.40160877
0.4016051
0.4015994
0.40159324
0.40158802
0.40158483
0.40158412
0.40158588
0.40158957
0.4015946
0.40160015
0.40160558
0.40161052
0.40161517
0.40161985
0.4016252
0.40163147
0.40163884
0.40164712
0.4016558
0.40166417
0.40167114
0.40167594
0.40167755
0.40167564
0.40167022
0.40166196
0.40165168
0.40164068
0.40163
0.40162063
0.40161327
0.4016083
0.401606
0.4016062
0.4016086
0.4016127
0.40161765
0.4016229
0.40162802
0.40163267
0.4016365
0.40163913
0.4016401
0.40163866
0.4016347
0.40162832
0.4016202
0.40161127
0.4016026
0.40159526
0.40159
0.40158713
0.4015868
0.40158877
0.40159237
0.40159705
0.40160227
0.40160763
0.4016128
0.4016175
0.401622
0.4016268
0.40163222
0.4016388
0.40164623
0.4016541
0.40166134
0.40166658
0.40166888
0.4016674
0.40166214
0.4016535
0.40164223
0.40162933
0.40161595
0.40160286
0.401591
0.40158093
0.4015731
0.40156755
0.4015644
0.40156323
0.401564
0.40156627
0.40156937
0.40157276
0.40157577
0.40157804
0.40157947
0.40158042
0.4015818
0.40158495
0.40159133
0.40160224
0.4016185
0.4016402
0.40166676
0.40169683
0.40172893
0.4017609
0.40179095
0.4018176
0.40183958
0.4018564
0.4018676
0.4018733
0.40187362
0.40186912
0.40186012
0.40184727
0.40183127
0.40181288
0.40179336
0.40177396
0.401756
0.40174067
0.40172884
0.401721
0.40171698
0.40171638
0.40171847
0.40172222
0.40172672
0.40173104
0.40173468
0.40173715
0.40173832
0.4017377
0.40173474
0.40172887
0.40172
0.40170813
0.40169385
0.40167803
0.40166184
0.40164635
0.4016325
0.40162092
0.40161175
0.40160483
0.4015996
0.4015953
0.40159118
0.40158653
0.4015811
0.4015747
0.40156755
0.40156016
0.40155286
0.40154612
0.40154028
0.40153566
0.40153265
0.40153167
0.4015333
0.40153772
0.40154526
0.40155596
0.40156975
0.4015865
0.401606
0.40162787
0.40165156
0.40167603
0.4017002
0.40172252
0.40174168
0.40175632
0.40176556
0.40176874
0.40176556
0.40175602
0.40174064
0.4017204
0.40169677
0.40167114
0.40164545
0.40162092
0.40159887
0.4015801
0.40156478
0.40155283
0.40154377
0.40153715
0.40153217
0.4015286
0.40152633
0.4015254
0.40152603
0.40152806
0.40153158
0.40153626
0.40154183
0.40154755
0.40155268
0.40155616
0.40155736
0.40155587
0.40155178
0.4015454
0.40153697
0.4015269
0.40151566
0.401504
0.40149245
0.40148196
0.4014733
0.4014673
0.4014646
0.40146548
0.40147012
0.40147847
0.4014899
0.40150368
0.40151897
0.40153483
0.40155014
0.4015638
0.40157494
0.4015829
0.4015877
0.4015894
0.40158862
0.4015858
0.40158147
0.4015761
0.40157023
0.40156403
0.4015578
0.4015513
0.40154454
0.40153748
0.40153006
0.40152255
0.40151533
0.4015092
0.4015049
0.4015029
0.40150356
0.401507
0.40151286
0.40152058
0.40152916
0.40153766
0.40154514
0.4015508
0.4015543
0.40155584
0.4015561
0.40155575
0.40155575
0.40155658
0.40155864
0.4015625
0.4015683
0.40157628
0.40158623
0.40159792
0.40161073
0.40162405
0.4016376
0.4016516
0.4016662
0.40168217
0.40169972
0.40171894
0.40173918
0.4017595
0.40177867
0.4017954
0.40180865
0.4018177
0.4018223
0.40182254
0.40181878
0.40181178
0.40180227
0.40179145
0.4017805
0.40177026
0.4017617
0.40175512
0.40175045
0.40174714
0.40174404
0.4017401
0.40173408
0.40172523
0.40171298
0.4016975
0.40167898
0.4016581
0.40163562
0.40161234
0.4015893
0.40156725
0.4015472
0.4015296
0.40151507
0.4015037
0.4014954
0.40148982
0.40148655
0.4014851
0.4014851
0.4014863
0.40148863
0.40149206
0.40149638
0.40150157
0.40150768
0.4015149
0.4015239
0.40153503
0.40154874
0.4015653
0.40158454
0.40160605
0.40162927
0.40165305
0.4016761
0.40169677
0.40171376
0.40172595
0.40173274
0.40173376
0.40172935
0.40172023
0.40170753
0.40169227
0.40167552
0.4016582
0.40164092
0.40162423
0.40160877
0.4015952
0.4015845
0.4015777
0.40157542
0.40157804
0.4015856
0.40159765
0.40161338
0.4016317
0.40165126
0.40167093
0.40168977
0.40170717
0.40172306
0.40173736
0.40175003
0.4017609
0.40176928
0.40177447
0.40177566
0.40177238
0.4017641
0.40175104
0.40173355
0.4017122
0.4016881
0.40166244
0.4016365
0.40161148
0.4015883
0.40156743
0.40154952
0.40153456
0.4015228
0.4015139
0.40150762
0.40150356
0.40150136
0.40150073
0.4015015
0.40150368
0.40150738
0.40151298
0.40152064
0.4015305
0.4015427
0.40155697
0.40157294
0.40159005
0.40160733
0.40162396
0.40163898
0.40165126
0.40165997
0.40166476
0.40166572
0.40166318
0.40165824
0.4016519
0.40164506
0.40163878
0.4016337
0.40163028
0.40162882
0.40162918
0.40163115
0.4016343
0.4016377
0.40164036
0.4016409
0.40163815
0.4016314
0.40162024
0.40160495
0.4015862
0.40156546
0.40154403
0.4015235
0.401505
0.4014894
0.40147737
0.40146917
0.40146488
0.40146437
0.40146723
0.40147296
0.4014811
0.40149122
0.40150312
0.40151626
0.40153047
0.40154502
0.40155932
0.4015725
0.40158355
0.4015916
0.40159598
0.40159637
0.40159306
0.40158665
0.40157783
0.40156737
0.40155587
0.40154397
0.40153217
0.40152046
0.4015091
0.40149808
0.40148795
0.40147915
0.40147257
0.4014688
0.40146843
0.4014718
0.40147898
0.40148985
0.4015039
0.40152046
0.40153855
0.40155712
0.40157497
0.40159088
0.40160388
0.40161344
0.4016195
0.40162265
0.40162396
0.40162495
0.401627
0.40163147
0.40163898
0.40164974
0.40166336
0.40167928
0.40169623
0.40171313
0.40172833
0.40174058
0.40174893
0.40175277
0.40175223
0.4017478
0.40174028
0.40173075
0.40172037
0.40171033
0.4017019
0.40169582
0.4016926
0.4016926
0.40169573
0.40170136
0.40170854
0.40171617
0.40172288
0.40172774
0.40173015
0.4017296
0.40172622
0.4017203
0.4017123
0.4017031
0.40169352
0.40168422
0.401676
0.40166953
0.4016655
0.40166458
0.4016669
0.40167218
0.4016796
0.40168798
0.40169576
0.4017016
0.40170428
0.40170303
0.40169775
0.40168884
0.40167713
0.40166366
0.4016498
0.40163687
0.40162534
0.40161586
0.40160817
0.401602
0.40159696
0.40159282
0.4015895
0.40158752
0.40158704
0.401588
0.40159014
0.401593
0.40159604
0.4015987
0.40160063
0.401602
0.40160304
0.40160424
0.401606
0.40160865
0.4016123
0.40161666
0.4016214
0.401626
0.4016302
0.4016339
0.40163732
0.40164068
0.40164414
0.40164772
0.40165147
0.40165535
0.40165895
0.4016621
0.40166467
0.40166676
0.40166876
0.4016709
0.4016733
0.40167546
0.4016768
0.40167648
0.4016737
0.40166825
0.40166014
0.40164974
0.40163752
0.40162393
0.40160918
0.40159354
0.4015769
0.40155956
0.40154234
0.40152594
0.40151158
0.40150023
0.40149266
0.40148956
0.40149134
0.401498
0.40150934
0.401525
0.40154424
0.40156662
0.40159136
0.40161768
0.40164453
0.40167066
0.40169454
0.40171468
0.40173003
0.40173975
0.40174347
0.40174142
0.40173423
0.40172306
0.40170926
0.40169397
0.40167826
0.40166315
0.40164924
0.40163657
0.40162542
0.40161553
0.4016068
0.4015991
0.4015925
0.40158707
0.40158337
0.40158185
0.40158272
0.40158612
0.40159178
0.4015992
0.40160757
0.40161583
0.40162325
0.4016289
0.40163258
0.40163404
0.4016335
0.40163115
0.40162715
0.40162155
0.4016143
0.40160516
0.40159416
0.4015815
0.40156776
0.40155396
0.40154102
0.40152985
0.4015211
0.4015155
0.40151355
0.40151557
0.40152168
0.40153214
0.40154666
0.40156507
0.40158692
0.40161136
0.40163732
0.4016633
0.4016877
0.40170887
0.40172547
0.40173647
0.40174115
0.40173975
0.40173277
0.40172133
0.40170667
0.40169007
0.40167263
0.40165505
0.40163782
0.40162122
0.40160537
0.4015905
0.401577
0.40156528
0.40155607
0.40155014
0.40154815
0.40155053
0.40155736
0.40156823
0.40158257
0.40159938
0.40161774
0.40163642
0.4016547
0.40167204
0.40168825
0.40170342
0.4017175
0.40173027
0.40174112
0.40174943
0.40175498
0.4017573
0.4017567
0.40175346
0.40174818
0.40174115
0.40173277
0.40172324
0.40171278
0.4017019
0.40169108
0.4016808
0.40167165
0.40166423
0.4016592
0.40165663
0.4016564
0.40165794
0.40166035
0.40166304
0.4016656
0.40166774
0.40166935
0.40167016
0.40166962
0.40166724
0.40166247
0.40165538
0.40164617
0.40163547
0.40162414
0.40161312
0.40160334
0.40159535
0.40158948
0.40158576
0.40158427
0.40158468
0.4015868
0.4015905
0.4015952
0.40160045
0.40160516
0.40160826
0.4016085
0.40160483
0.40159696
0.40158492
0.40156952
0.40155205
0.401534
0.40151653
0.40150118
0.4014889
0.40148067
0.40147763
0.40148067
0.40149114
0.40151063
0.40154114
0.40158546
0.40164736
0.40173212
0.40184736
0.40200394
0.40221846
0.40251094
0.4029108
0.4034589
0.40421152
0.40524575
0.40666682
0.40861616
0.4113142
0.414985
0.41993853
0.42664826
0.4357575
0.44787928
