0.44256166
0.43205324
0.4241697
0.418233
0.4137994
0.41052338
0.40811956
0.4063474
0.40504572
0.40409622
0.40340284
0.4028978
0.40253073
0.40226448
0.40207198
0.40193364
0.40183517
0.40176612
0.4017187
0.4016871
0.40166664
0.40165415
0.40164724
0.40164438
0.4016444
0.40164658
0.40165025
0.40165466
0.40165925
0.4016636
0.40166768
0.4016716
0.40167594
0.40168077
0.4016861
0.4016917
0.40169686
0.40170118
0.40170464
0.40170735
0.40171006
0.4017134
0.40171784
0.40172383
0.40173137
0.40174052
0.40175107
0.4017629
0.4017755
0.40178812
0.4017997
0.40180904
0.40181473
0.40181544
0.40181026
0.40179846
0.4017799
0.40175495
0.40172473
0.4016906
0.4016545
0.4016183
0.40158364
0.40155196
0.4015241
0.40150073
0.40148205
0.40146795
0.40145805
0.40145168
0.4014479
0.4014458
0.40144455
0.4014437
0.40144312
0.40144318
0.40144435
0.4014474
0.40145293
0.40146157
0.40147385
0.40149003
0.40151
0.40153348
0.40155986
0.40158817
0.40161732
0.40164578
0.4016722
0.40169504
0.40171307
0.4017253
0.40173116
0.40173045
0.40172324
0.40171
0.40169173
0.40166974
0.40164545
0.40162036
0.4015957
0.4015725
0.40155154
0.40153357
0.40151894
0.40150777
0.4015
0.40149528
0.4014933
0.4014934
0.40149468
0.40149668
0.40149894
0.4015015
0.4015049
0.4015096
0.40151638
0.4015258
0.40153834
0.40155402
0.4015727
0.40159383
0.4016164
0.40163928
0.40166125
0.4016814
0.40169942
0.4017155
0.4017305
0.40174562
0.40176195
0.40178022
0.40180063
0.4018229
0.40184608
0.40186894
0.40189028
0.40190896
0.40192407
0.40193477
0.40194055
0.401941
0.4019359
0.40192533
0.40190944
0.40188846
0.40186292
0.40183333
0.40180042
0.40176532
0.4017292
0.40169328
0.4016588
0.40162653
0.4015969
0.40157002
0.40154573
0.40152395
0.40150493
0.40148896
0.40147632
0.40146726
0.40146172
0.40145957
0.4014605
0.4014641
0.4014694
0.4014759
0.40148285
0.40148973
0.40149605
0.40150133
0.4015052
0.4015073
0.40150762
0.40150645
0.40150404
0.40150067
0.40149674
0.40149254
0.4014885
0.40148523
0.40148336
0.4014833
0.40148565
0.40149045
0.4014978
0.4015074
0.40151885
0.40153185
0.40154603
0.40156093
0.40157613
0.4015906
0.40160304
0.40161255
0.40161842
0.40162063
0.4016197
0.40161654
0.4016122
0.40160757
0.4016032
0.40159962
0.40159678
0.40159476
0.40159374
0.40159386
0.40159535
0.40159836
0.40160286
0.40160877
0.40161568
0.40162292
0.40162972
0.40163526
0.40163904
0.40164104
0.40164155
0.40164137
0.40164128
0.4016417
0.40164334
0.4016463
0.4016508
0.4016569
0.4016644
0.401673
0.40168202
0.4016906
0.40169764
0.40170214
0.40170342
0.4017012
0.40169588
0.40168825
0.40167958
0.40167108
0.40166426
0.40166
0.40165913
0.40166214
0.40166888
0.40167865
0.40169102
0.40170506
0.40172002
0.40173545
0.40175125
0.4017675
0.4017841
0.40180087
0.40181708
0.40183172
0.40184358
0.40185153
0.40185487
0.401853
0.40184584
0.40183347
0.40181637
0.40179515
0.40177092
0.4017449
0.4017187
0.40169367
0.40167114
0.40165198
0.40163645
0.4016244
0.40161535
0.40160835
0.40160227
0.40159598
0.40158838
0.40157914
0.40156847
0.40155688
0.40154535
0.40153491
0.40152672
0.40152165
0.40152055
0.40152377
0.4015315
0.40154362
0.4015597
0.40157908
0.4016008
0.40162423
0.40164858
0.40167326
0.40169725
0.40171936
0.4017384
0.40175328
0.40176338
0.40176857
0.4017691
0.40176606
0.4017605
0.40175378
0.4017471
0.40174162
0.40173784
0.4017362
0.4017371
0.40174082
0.40174738
0.40175644
0.401767
0.40177792
0.40178764
0.40179473
0.40179813
0.40179703
0.40179136
0.4017814
0.4017679
0.40175205
0.4017353
0.4017194
0.40170598
0.40169662
0.40169233
0.40169367
0.40170047
0.40171227
0.40172806
0.4017467
0.401767
0.40178755
0.40180665
0.4018228
0.4018345
0.40184063
0.40184042
0.40183353
0.40182006
0.4018007
0.40177643
0.40174842
0.401718
0.40168634
0.4016546
0.40162396
0.4015952
0.40156907
0.40154585
0.40152583
0.40150875
0.4014944
0.40148258
0.40147313
0.4014658
0.40146065
0.40145752
0.40145653
0.40145788
0.40146184
0.40146863
0.40147838
0.40149102
0.40150642
0.40152434
0.4015444
0.40156633
0.40158966
0.4016139
0.40163857
0.40166357
0.4016888
0.40171444
0.40174055
0.40176725
0.40179428
0.40182096
0.40184644
0.4018699
0.4018906
0.4019081
0.40192193
0.40193188
0.40193787
0.40193984
0.4019377
0.40193158
0.4019215
0.40190756
0.40188986
0.4018687
0.40184435
0.40181747
0.40178865
0.4017588
0.4017284
0.40169784
0.40166736
0.40163726
0.40160784
0.40157974
0.4015536
0.4015299
0.40150914
0.4014915
0.40147725
0.40146643
0.40145916
0.40145537
0.40145504
0.40145808
0.4014647
0.40147513
0.40148926
0.40150717
0.40152857
0.4015532
0.40158033
0.40160942
0.40164003
0.4016712
0.40170208
0.40173134
0.40175793
0.4017809
0.4018
0.40181518
0.40182698
0.40183586
0.4018426
0.40184763
0.4018514
0.40185365
0.40185383
0.40185127
0.4018453
0.40183538
0.40182155
0.4018043
0.40178448
0.40176362
0.40174335
0.40172562
0.40171212
0.4017042
0.4017022
0.40170592
0.40171438
0.40172604
0.4017388
0.4017509
0.40176085
0.40176776
0.4017712
0.40177128
0.40176862
0.40176415
0.401759
0.40175402
0.4017502
0.40174815
0.40174833
0.4017506
0.4017548
0.40175992
0.40176487
0.40176845
0.40176955
0.40176725
0.40176138
0.40175205
0.40174
0.4017264
0.40171248
0.40169957
0.401689
0.40168202
0.40167925
0.40168107
0.40168703
0.40169653
0.4017084
0.40172106
0.40173304
0.40174285
0.40174952
0.40175256
0.401752
0.40174833
0.40174234
0.40173513
0.40172803
0.4017222
0.40171885
0.40171832
0.4017204
0.40172443
0.40172902
0.40173274
0.40173432
0.40173316
0.4017291
0.40172273
0.401715
0.4017072
0.4017002
0.40169504
0.4016922
0.401692
0.4016943
0.40169898
0.40170616
0.40171584
0.40172777
0.4017412
0.40175518
0.40176857
0.4017803
0.40178975
0.40179652
0.40180078
0.40180302
0.40180412
0.4018049
0.40180594
0.40180743
0.40180913
0.40181068
0.4018117
0.40181193
0.40181154
0.4018107
0.40180957
0.40180805
0.40180564
0.4018019
0.40179592
0.40178743
0.4017761
0.4017623
0.40174654
0.40172958
0.40171257
0.4016964
0.40168187
0.40166956
0.40165982
0.40165305
0.4016494
0.40164903
0.4016517
0.40165725
0.40166497
0.40167388
0.40168262
0.40168977
0.40169403
0.4016943
0.40169004
0.40168107
0.40166754
0.40164995
0.4016291
0.40160614
0.40158224
0.40155876
0.40153688
0.40151778
0.40150234
0.40149134
0.40148547
0.40148517
0.40149066
0.4015019
0.4015186
0.40154016
0.4015657
0.401594
0.4016237
0.40165335
0.40168148
0.4017068
0.40172818
0.40174472
0.40175584
0.40176094
0.4017598
0.4017527
0.40174022
0.40172333
0.4017036
0.40168267
0.4016623
0.40164414
0.4016293
0.4016185
0.4016121
0.40160984
0.40161133
0.40161568
0.40162197
0.40162873
0.4016346
0.4016382
0.40163872
0.40163583
0.40162984
0.4016217
0.4016124
0.40160286
0.40159383
0.40158552
0.40157798
0.40157118
0.40156513
0.40155992
0.4015552
0.40155083
0.401546
0.4015402
0.4015331
0.40152484
0.40151584
0.401507
0.40149912
0.40149277
0.4014884
0.40148595
0.4014853
0.40148646
0.4014893
0.40149358
0.40149903
0.4015052
0.40151167
0.40151802
0.4015242
0.40153068
0.4015378
0.40154582
0.4015548
0.40156454
0.40157455
0.40158433
0.40159324
0.401601
0.4016077
0.40161392
0.40162036
0.40162736
0.40163532
0.40164387
0.4016525
0.40166026
0.4016662
0.40166962
0.40167007
0.40166783
0.40166336
0.4016576
0.4016513
0.40164503
0.40163916
0.40163386
0.40162867
0.40162325
0.4016173
0.40161085
0.40160418
0.40159774
0.40159193
0.40158704
0.40158308
0.4015799
0.40157706
0.40157434
0.40157163
0.40156916
0.40156743
0.40156674
0.40156743
0.4015696
0.40157282
0.40157673
0.40158093
0.40158513
0.4015892
0.40159345
0.40159777
0.40160212
0.40160623
0.4016099
0.40161273
0.40161467
0.40161598
0.40161732
0.4016192
0.40162233
0.40162686
0.40163267
0.40163922
0.4016459
0.401652
0.40165663
0.40165928
0.4016599
0.4016588
0.40165672
0.4016545
0.40165263
0.40165138
0.40165058
0.40164995
0.40164903
0.4016475
0.4016453
0.40164286
0.4016406
0.40163884
0.4016376
0.40163645
0.40163478
0.40163174
0.40162683
0.40161982
0.40161115
0.40160167
0.40159243
0.40158454
0.40157902
0.40157726
0.4015806
0.40159082
0.40161037
0.40164232
0.40169102
0.40176237
0.40186423
0.4020076
0.40220872
0.402489
0.40287748
0.40341547
0.40416014
0.4051891
0.40660807
0.40855816
0.41125995
0.41493633
0.41989657
0.42661408
0.43573117
0.44786045
