0.44263017
0.4321436
0.42427987
0.41836137
0.41394407
0.41068256
0.40829
0.40652618
0.40523052
0.40428433
0.4035919
0.40308613
0.40271696
0.40244746
0.40225023
0.4021052
0.40199822
0.40191907
0.40186092
0.40181896
0.40178967
0.4017699
0.4017569
0.4017483
0.40174168
0.40173542
0.40172845
0.40172014
0.40171036
0.4016997
0.40168858
0.40167767
0.4016673
0.4016576
0.4016486
0.40164068
0.4016341
0.40162927
0.40162632
0.401625
0.4016247
0.40162447
0.4016232
0.40162003
0.4016145
0.40160662
0.40159678
0.40158543
0.40157327
0.40156108
0.40154952
0.4015391
0.40153036
0.40152377
0.40151975
0.4015185
0.40152025
0.40152475
0.40153208
0.4015418
0.40155354
0.4015666
0.4015802
0.40159363
0.40160564
0.4016152
0.40162122
0.401623
0.40162036
0.4016137
0.40160397
0.40159214
0.4015791
0.4015656
0.4015525
0.4015405
0.40153033
0.40152252
0.4015178
0.40151632
0.40151823
0.4015234
0.40153137
0.40154177
0.40155393
0.4015672
0.40158072
0.40159357
0.401605
0.4016144
0.40162152
0.40162644
0.4016295
0.4016312
0.40163177
0.40163147
0.40163037
0.40162843
0.40162575
0.4016226
0.40161955
0.40161714
0.40161562
0.40161487
0.4016145
0.4016139
0.40161222
0.40160903
0.40160424
0.4015981
0.40159148
0.4015854
0.40158093
0.40157896
0.40158004
0.40158436
0.40159178
0.40160182
0.40161413
0.4016284
0.40164423
0.40166092
0.40167755
0.40169275
0.40170524
0.40171376
0.40171766
0.40171677
0.40171146
0.4017028
0.40169188
0.40167996
0.40166765
0.40165544
0.40164334
0.40163103
0.4016185
0.40160584
0.40159345
0.4015818
0.40157127
0.40156204
0.40155402
0.40154707
0.40154102
0.40153584
0.40153167
0.4015289
0.40152773
0.4015282
0.4015302
0.40153328
0.40153685
0.40154055
0.40154377
0.40154603
0.40154707
0.40154657
0.40154415
0.4015398
0.4015335
0.40152562
0.40151653
0.4015069
0.40149724
0.40148824
0.40148008
0.40147316
0.40146747
0.401463
0.4014597
0.40145728
0.40145567
0.40145457
0.40145415
0.4014548
0.40145704
0.4014613
0.40146813
0.40147752
0.40148932
0.4015034
0.40151912
0.4015362
0.40155384
0.40157145
0.40158844
0.4016043
0.4016184
0.4016301
0.401639
0.40164518
0.40164888
0.40165052
0.4016507
0.40164977
0.4016483
0.40164673
0.40164533
0.4016447
0.40164536
0.40164784
0.4016524
0.40165943
0.40166903
0.40168095
0.4016947
0.40170905
0.40172255
0.40173388
0.4017417
0.40174538
0.40174457
0.40173933
0.4017304
0.4017187
0.40170538
0.40169114
0.40167645
0.40166137
0.40164584
0.4016299
0.40161362
0.40159732
0.40158144
0.40156633
0.40155223
0.40153936
0.40152776
0.40151742
0.4015086
0.40150177
0.4014973
0.4014954
0.40149587
0.40149856
0.4015028
0.40150788
0.40151322
0.40151823
0.4015227
0.4015269
0.40153107
0.40153584
0.40154138
0.40154788
0.4015554
0.40156373
0.40157297
0.40158308
0.4015939
0.4016051
0.401616
0.40162545
0.40163216
0.40163517
0.40163386
0.40162814
0.4016184
0.40160564
0.40159106
0.40157598
0.4015617
0.4015493
0.40153956
0.401533
0.4015296
0.401529
0.40153065
0.40153387
0.40153807
0.4015427
0.40154773
0.40155324
0.4015593
0.40156585
0.4015725
0.4015788
0.40158427
0.40158826
0.40158996
0.40158892
0.40158466
0.40157717
0.40156686
0.40155414
0.40153965
0.40152422
0.40150887
0.4014946
0.40148252
0.4014735
0.4014683
0.4014674
0.40147096
0.40147874
0.40149015
0.4015045
0.40152088
0.4015383
0.40155622
0.4015741
0.40159196
0.40160996
0.401628
0.4016458
0.4016628
0.40167806
0.40169063
0.4016996
0.40170428
0.40170422
0.4016994
0.4016902
0.40167737
0.4016621
0.4016458
0.4016301
0.4016162
0.40160504
0.40159693
0.4015917
0.40158877
0.4015874
0.40158644
0.4015849
0.40158206
0.40157744
0.40157086
0.4015623
0.40155184
0.40153968
0.40152606
0.40151143
0.4014963
0.4014815
0.40146786
0.40145624
0.40144724
0.40144145
0.40143925
0.401441
0.4014468
0.40145645
0.40146995
0.40148672
0.40150633
0.40152827
0.40155166
0.40157604
0.40160096
0.4016262
0.4016513
0.4016756
0.40169823
0.40171784
0.4017333
0.40174368
0.4017486
0.4017481
0.40174276
0.4017334
0.401721
0.40170658
0.40169078
0.40167406
0.40165657
0.40163848
0.40162
0.40160134
0.40158302
0.40156555
0.4015494
0.4015353
0.40152374
0.4015149
0.40150887
0.40150544
0.40150413
0.40150434
0.40150538
0.4015064
0.40150672
0.40150627
0.40150514
0.40150407
0.40150374
0.40150502
0.40150827
0.4015136
0.401521
0.4015301
0.40154016
0.40155038
0.40155956
0.40156683
0.401571
0.40157142
0.40156758
0.40155995
0.4015492
0.40153638
0.4015226
0.40150914
0.4014971
0.40148726
0.40148038
0.4014768
0.40147647
0.4014793
0.40148488
0.40149269
0.40150237
0.40151376
0.40152642
0.40153995
0.40155405
0.40156826
0.40158224
0.4015957
0.40160832
0.40161964
0.4016289
0.4016354
0.40163848
0.4016377
0.40163305
0.4016247
0.40161335
0.40159988
0.40158555
0.40157163
0.40155914
0.401549
0.4015417
0.4015373
0.4015355
0.4015358
0.40153757
0.4015402
0.4015431
0.40154573
0.40154773
0.40154862
0.4015483
0.40154666
0.40154395
0.40154073
0.40153775
0.40153584
0.40153593
0.40153894
0.40154532
0.40155566
0.40157026
0.40158916
0.40161192
0.4016377
0.40166524
0.40169284
0.4017187
0.40174124
0.40175912
0.4017713
0.40177742
0.40177745
0.4017718
0.40176114
0.4017463
0.4017284
0.4017087
0.40168867
0.40166953
0.4016521
0.40163678
0.40162367
0.40161285
0.4016045
0.40159887
0.4015962
0.40159664
0.40160006
0.40160605
0.40161386
0.40162292
0.40163207
0.40164068
0.4016486
0.40165606
0.4016634
0.401671
0.40167925
0.4016883
0.40169817
0.40170854
0.40171888
0.40172818
0.40173563
0.40174055
0.40174234
0.40174097
0.40173656
0.40172952
0.40172052
0.40171015
0.40169883
0.4016867
0.40167364
0.40165955
0.40164438
0.40162832
0.40161195
0.40159595
0.4015811
0.4015683
0.4015584
0.40155193
0.4015494
0.40155098
0.40155652
0.40156606
0.40157932
0.40159604
0.40161568
0.40163758
0.4016608
0.4016843
0.40170673
0.40172645
0.40174207
0.40175235
0.40175644
0.40175384
0.40174472
0.4017297
0.40170977
0.40168655
0.4016616
0.40163678
0.40161353
0.40159297
0.4015757
0.40156212
0.40155256
0.40154737
0.40154675
0.4015504
0.401558
0.40156865
0.40158153
0.40159568
0.4016104
0.4016247
0.4016384
0.40165102
0.40166283
0.40167385
0.40168396
0.40169308
0.40170085
0.40170684
0.40171066
0.40171257
0.40171298
0.4017128
0.40171283
0.4017141
0.40171716
0.4017221
0.4017285
0.40173578
0.40174317
0.40175027
0.40175718
0.40176407
0.4017713
0.40177915
0.40178767
0.40179607
0.4018037
0.4018094
0.40181246
0.40181226
0.40180874
0.40180206
0.40179273
0.40178135
0.40176845
0.4017547
0.40174055
0.4017264
0.4017123
0.40169868
0.401686
0.40167502
0.40166607
0.40165955
0.40165538
0.40165296
0.40165144
0.40164965
0.40164644
0.40164104
0.40163323
0.40162325
0.40161186
0.40159997
0.40158877
0.4015793
0.40157247
0.40156844
0.40156743
0.40156856
0.40157092
0.4015731
0.40157384
0.40157223
0.4015678
0.40156078
0.4015518
0.4015419
0.4015322
0.401524
0.4015183
0.40151593
0.4015174
0.40152302
0.40153265
0.40154636
0.4015638
0.40158463
0.40160766
0.4016316
0.4016545
0.4016746
0.40169019
0.40170014
0.4017037
0.40170062
0.40169138
0.401677
0.40165895
0.40163898
0.40161884
0.40160024
0.40158457
0.4015726
0.40156457
0.40156034
0.4015594
0.40156096
0.4015643
0.4015691
0.40157524
0.40158305
0.40159297
0.4016052
0.40161985
0.4016365
0.40165445
0.40167236
0.40168872
0.40170226
0.40171164
0.4017162
0.40171582
0.40171093
0.40170255
0.40169173
0.4016797
0.40166733
0.40165502
0.40164277
0.40163043
0.40161744
0.4016036
0.40158895
0.40157387
0.40155882
0.4015445
0.40153158
0.40152055
0.40151176
0.4015057
0.40150255
0.40150246
0.40150547
0.40151143
0.40152016
0.40153146
0.40154514
0.40156123
0.4015793
0.4015993
0.40162054
0.4016423
0.4016638
0.40168422
0.40170306
0.40172014
0.401736
0.4017513
0.4017673
0.40178517
0.40180618
0.4018316
0.40186307
0.40190282
0.4019542
0.40202263
0.40211585
0.40224513
0.40242627
0.4026832
0.4030461
0.40355715
0.40427476
0.4052779
0.40667337
0.40860313
0.41128764
0.4149511
0.41990206
0.42661273
0.43572724
0.44785652
