0.44267893
0.432207
0.42435542
0.41844678
0.41403684
0.41078055
0.4083907
0.4066274
0.4053296
0.40437874
0.40367875
0.40316266
0.4027807
0.40249652
0.40228352
0.40212274
0.4020006
0.40190756
0.40183705
0.40178457
0.4017467
0.4017207
0.40170422
0.40169504
0.4016911
0.40169063
0.4016925
0.4016961
0.40170118
0.40170774
0.4017156
0.40172437
0.40173304
0.40174025
0.40174493
0.40174595
0.40174225
0.40173346
0.40171972
0.40170145
0.40167993
0.40165645
0.40163276
0.40161037
0.4015905
0.40157416
0.40156218
0.4015546
0.40155128
0.40155166
0.40155488
0.40155998
0.4015659
0.40157187
0.40157726
0.40158153
0.40158424
0.4015854
0.40158552
0.40158546
0.40158632
0.40158895
0.40159416
0.40160218
0.40161285
0.40162575
0.4016402
0.40165538
0.40167022
0.40168378
0.40169495
0.40170282
0.40170673
0.40170646
0.40170237
0.40169516
0.40168598
0.40167594
0.4016663
0.40165794
0.4016517
0.40164828
0.4016481
0.4016511
0.40165702
0.40166488
0.40167344
0.4016815
0.40168744
0.40169045
0.40168992
0.40168557
0.40167776
0.401667
0.40165448
0.40164155
0.40162984
0.40162045
0.40161458
0.4016126
0.40161476
0.40162092
0.40163076
0.40164337
0.4016575
0.40167153
0.40168378
0.40169293
0.40169805
0.4016988
0.4016958
0.40168992
0.40168256
0.40167525
0.40166903
0.40166485
0.4016633
0.40166458
0.4016686
0.4016749
0.40168267
0.40169036
0.40169674
0.40170032
0.40169993
0.401695
0.40168533
0.40167126
0.40165368
0.40163386
0.40161332
0.40159342
0.40157485
0.40155825
0.40154362
0.40153086
0.40151954
0.4015092
0.40149963
0.4014909
0.4014829
0.40147576
0.4014695
0.40146425
0.40146017
0.4014578
0.4014572
0.40145856
0.40146214
0.4014679
0.4014757
0.40148538
0.40149683
0.40150964
0.40152326
0.40153682
0.40154934
0.40155986
0.4015677
0.40157264
0.40157506
0.40157524
0.401574
0.40157172
0.40156898
0.401566
0.40156257
0.40155864
0.40155387
0.40154824
0.40154186
0.40153506
0.40152815
0.40152127
0.40151468
0.4015086
0.40150315
0.40149862
0.40149513
0.40149298
0.40149257
0.40149388
0.40149692
0.4015012
0.40150636
0.40151185
0.40151697
0.40152144
0.40152523
0.40152875
0.40153292
0.4015386
0.40154654
0.40155712
0.4015704
0.40158623
0.40160397
0.401623
0.40164268
0.4016626
0.4016824
0.40170187
0.40172046
0.40173745
0.401752
0.40176362
0.40177202
0.40177765
0.4017808
0.401782
0.4017815
0.4017792
0.40177494
0.4017684
0.40175965
0.40174907
0.4017372
0.4017248
0.40171236
0.40170014
0.40168813
0.40167645
0.40166476
0.4016531
0.4016416
0.40163046
0.40161994
0.40161017
0.4016014
0.40159422
0.40158895
0.40158588
0.40158528
0.4015872
0.40159148
0.40159804
0.4016067
0.40161717
0.40162888
0.40164086
0.40165222
0.40166193
0.40166947
0.40167475
0.40167817
0.4016803
0.40168214
0.40168422
0.4016869
0.40169045
0.40169492
0.40170047
0.40170744
0.4017159
0.40172568
0.4017366
0.4017477
0.4017581
0.40176725
0.4017745
0.40177968
0.4017828
0.40178397
0.40178347
0.40178147
0.40177816
0.40177372
0.40176845
0.40176255
0.40175584
0.40174806
0.40173882
0.4017276
0.40171397
0.40169775
0.40167916
0.40165877
0.4016372
0.4016151
0.40159333
0.40157226
0.40155247
0.4015345
0.4015188
0.40150568
0.4014952
0.40148744
0.4014823
0.40147993
0.40148008
0.40148282
0.40148786
0.40149483
0.4015033
0.40151262
0.40152192
0.40153033
0.40153682
0.4015411
0.4015432
0.40154344
0.40154272
0.4015419
0.40154165
0.4015427
0.40154552
0.40155023
0.4015569
0.40156558
0.4015758
0.4015874
0.40159962
0.40161204
0.40162438
0.40163648
0.40164828
0.40166017
0.4016728
0.40168712
0.40170345
0.4017221
0.4017426
0.40176398
0.40178484
0.40180358
0.40181932
0.40183082
0.40183768
0.40183958
0.40183678
0.40182945
0.40181828
0.40180385
0.4017872
0.40176922
0.40175098
0.40173334
0.40171674
0.40170172
0.4016883
0.40167645
0.4016662
0.40165776
0.40165138
0.4016474
0.40164575
0.4016465
0.40164933
0.40165368
0.40165854
0.40166277
0.4016656
0.40166646
0.40166554
0.40166342
0.40166116
0.40165985
0.40166056
0.4016638
0.40166956
0.40167722
0.40168563
0.4016935
0.40169966
0.4017031
0.40170324
0.40170002
0.40169373
0.40168533
0.4016755
0.4016652
0.40165487
0.40164497
0.4016356
0.40162694
0.40161917
0.40161258
0.40160722
0.40160322
0.40160045
0.40159854
0.40159732
0.40159613
0.40159467
0.40159252
0.4015893
0.40158466
0.4015785
0.40157112
0.40156335
0.40155575
0.40154916
0.40154412
0.40154102
0.40153995
0.4015409
0.40154344
0.40154737
0.4015524
0.40155825
0.40156505
0.40157297
0.40158224
0.401593
0.40160528
0.4016187
0.4016327
0.40164652
0.4016593
0.4016704
0.4016794
0.40168625
0.4016913
0.40169516
0.40169862
0.40170214
0.4017061
0.40171006
0.40171346
0.40171495
0.40171355
0.40170848
0.40169948
0.40168694
0.40167177
0.40165514
0.4016384
0.40162277
0.40160936
0.40159902
0.40159255
0.40159056
0.40159324
0.40160036
0.40161106
0.40162396
0.40163776
0.40165088
0.4016623
0.4016708
0.40167585
0.40167698
0.4016744
0.40166885
0.40166107
0.40165254
0.40164465
0.40163863
0.40163574
0.40163672
0.40164196
0.40165144
0.40166467
0.40168053
0.4016976
0.40171418
0.40172854
0.4017395
0.40174618
0.40174836
0.40174624
0.40174064
0.4017323
0.401722
0.40171018
0.4016972
0.40168288
0.40166757
0.40165132
0.40163466
0.40161827
0.40160295
0.40158936
0.40157837
0.40157026
0.40156573
0.4015649
0.4015678
0.40157402
0.40158263
0.40159222
0.40160134
0.40160832
0.4016122
0.40161222
0.40160874
0.4016022
0.40159357
0.40158358
0.40157288
0.40156174
0.40155026
0.4015385
0.40152645
0.4015144
0.40150288
0.4014924
0.40148365
0.40147734
0.40147406
0.40147436
0.40147844
0.40148607
0.4014969
0.40151018
0.40152523
0.401541
0.40155682
0.40157172
0.40158477
0.40159547
0.40160313
0.40160796
0.4016102
0.40161052
0.4016097
0.4016086
0.401608
0.4016089
0.4016121
0.40161797
0.40162662
0.40163752
0.40164983
0.4016622
0.4016734
0.40168226
0.40168798
0.4016903
0.40168944
0.4016859
0.40168035
0.40167364
0.40166664
0.4016594
0.40165192
0.40164357
0.4016334
0.4016208
0.401605
0.401586
0.40156412
0.40154022
0.40151542
0.40149093
0.4014679
0.40144724
0.40142983
0.401416
0.4014061
0.4014002
0.40139815
0.40139967
0.40140423
0.40141138
0.40142056
0.40143117
0.40144303
0.401456
0.40147015
0.40148562
0.40150273
0.40152153
0.401542
0.4015638
0.40158644
0.40160927
0.40163133
0.4016517
0.40166947
0.40168387
0.4016943
0.40170065
0.40170282
0.40170103
0.40169573
0.40168747
0.40167704
0.40166533
0.40165323
0.4016421
0.40163305
0.40162736
0.40162623
0.4016302
0.40163943
0.4016535
0.4016715
0.40169212
0.40171376
0.40173477
0.40175357
0.40176904
0.4017803
0.4017869
0.4017887
0.40178582
0.40177867
0.40176794
0.40175465
0.4017397
0.4017246
0.4017104
0.40169832
0.4016889
0.40168262
0.40167937
0.40167865
0.40167975
0.4016816
0.4016829
0.40168256
0.4016797
0.40167385
0.40166518
0.40165433
0.40164214
0.4016298
0.40161806
0.4016075
0.40159824
0.40159047
0.4015841
0.4015793
0.40157598
0.40157375
0.40157208
0.40157035
0.4015677
0.40156364
0.40155807
0.40155146
0.40154472
0.4015387
0.40153435
0.40153208
0.40153208
0.40153414
0.40153778
0.40154207
0.40154618
0.4015496
0.40155193
0.40155336
0.4015543
0.40155524
0.401557
0.4015602
0.40156534
0.4015726
0.4015817
0.40159237
0.4016041
0.4016166
0.40162963
0.40164274
0.4016551
0.401666
0.40167415
0.4016789
0.4016797
0.4016768
0.4016708
0.40166292
0.40165433
0.40164608
0.40163893
0.40163353
0.40163043
0.40162995
0.40163216
0.40163702
0.40164393
0.40165207
0.40166053
0.40166828
0.40167415
0.4016774
0.4016775
0.4016743
0.40166834
0.40166026
0.40165076
0.4016405
0.40163025
0.40162048
0.40161175
0.40160468
0.40159953
0.40159637
0.4015949
0.4015946
0.40159503
0.40159595
0.40159723
0.40159887
0.40160108
0.40160447
0.40160945
0.40161636
0.40162498
0.40163478
0.40164495
0.4016541
0.40166137
0.40166593
0.40166774
0.40166706
0.40166485
0.4016621
0.40165982
0.40165886
0.40165955
0.40166178
0.40166518
0.40166903
0.40167278
0.40167654
0.40168053
0.40168568
0.40169293
0.40170297
0.40171608
0.4017319
0.4017496
0.40176794
0.40178552
0.40180093
0.40181282
0.40182015
0.4018222
0.4018187
0.40180966
0.40179574
0.4017778
0.4017574
0.40173602
0.40171546
0.40169728
0.4016826
0.40167215
0.4016662
0.40166485
0.40166727
0.40167296
0.4016807
0.40168935
0.40169734
0.4017033
0.40170604
0.40170494
0.40170017
0.40169212
0.40168193
0.40167096
0.40166086
0.4016528
0.40164784
0.40164623
0.40164804
0.40165251
0.4016586
0.40166488
0.4016698
0.40167192
0.40167007
0.40166366
0.40165278
0.40163806
0.40162054
0.4016017
0.401583
0.40156558
0.40155053
0.4015385
0.4015299
0.40152526
0.4015247
0.40152827
0.40153578
0.4015471
0.40156206
0.4015806
0.40160277
0.4016286
0.40165803
0.40169033
0.40172452
0.40175942
0.40179372
0.40182638
0.40185666
0.40188396
0.40190777
0.40192777
0.4019437
0.40195522
0.40196213
0.4019642
0.40196115
0.4019531
0.40193972
0.40192142
0.40189818
0.40187052
0.40183896
0.4018042
0.401767
0.4017285
0.4016901
0.4016531
0.40161872
0.40158817
0.40156215
0.40154108
0.40152523
0.4015144
0.40150815
0.40150583
0.40150657
0.40150928
0.40151343
0.40151834
0.4015236
0.40152875
0.40153357
0.4015381
0.40154248
0.40154725
0.4015528
0.4015594
0.4015671
0.4015757
0.40158498
0.40159476
0.40160498
0.40161583
0.40162727
0.40163887
0.40165
0.40165964
0.40166664
0.40167028
0.4016703
0.40166673
0.4016604
0.40165254
0.40164438
0.40163693
0.40163115
0.40162745
0.40162602
0.4016264
0.4016279
0.40162933
0.40162942
0.40162724
0.4016223
0.40161476
0.40160534
0.40159526
0.40158588
0.4015784
0.4015739
0.40157312
0.40157607
0.40158254
0.40159145
0.4016014
0.4016109
0.40161842
0.40162298
0.40162396
0.40162134
0.40161553
0.4016074
0.4015979
0.4015878
0.40157795
0.4015688
0.4015606
0.40155342
0.40154687
0.40154055
0.40153393
0.40152675
0.40151882
0.40151063
0.40150267
0.40149578
0.40149042
0.40148705
0.40148598
0.40148702
0.4014901
0.40149486
0.4015011
0.4015085
0.40151694
0.40152606
0.40153566
0.40154538
0.40155473
0.40156335
0.40157133
0.4015789
0.4015866
0.40159494
0.40160397
0.4016137
0.40162355
0.4016327
0.40164033
0.4016456
0.40164816
0.40164796
0.40164545
0.40164152
0.40163693
0.40163252
0.40162873
0.401626
0.4016241
0.4016227
0.40162134
0.4016196
0.40161717
0.40161413
0.40161029
0.40160578
0.40160066
0.40159485
0.4015889
0.40158308
0.40157813
0.40157446
0.4015724
0.40157223
0.40157357
0.40157595
0.40157837
0.4015797
0.40157863
0.40157434
0.40156624
0.4015542
0.40153894
0.40152147
0.40150326
0.40148598
0.40147087
0.40145898
0.4014508
0.40144658
0.40144613
0.40144923
0.4014554
0.4014641
0.40147436
0.4014853
0.40149584
0.40150496
0.40151218
0.40151706
0.40151986
0.4015211
0.4015214
0.40152135
0.40152168
0.4015233
0.4015267
0.40153217
0.40153974
0.4015492
0.40155947
0.40156966
0.40157855
0.40158504
0.40158862
0.40158924
0.40158734
0.40158355
0.40157884
0.40157405
0.4015698
0.40156665
0.40156472
0.4015642
0.4015652
0.40156785
0.40157235
0.40157855
0.4015865
0.4015958
0.40160635
0.40161768
0.401629
0.40163916
0.40164697
0.4016515
0.401652
0.401648
0.4016396
0.40162742
0.4016123
0.40159553
0.40157822
0.40156138
0.40154582
0.4015323
0.4015215
0.40151408
0.40151006
0.4015092
0.40151086
0.40151426
0.40151834
0.4015227
0.40152708
0.40153176
0.40153715
0.4015438
0.4015519
0.40156183
0.40157324
0.4015856
0.401598
0.40160948
0.4016187
0.40162444
0.40162554
0.40162116
0.40161115
0.40159598
0.40157685
0.40155563
0.40153432
0.40151483
0.40149918
0.40148848
0.40148368
0.40148503
0.40149263
0.40150568
0.40152335
0.40154406
0.4015659
0.40158716
0.40160605
0.4016211
0.40163177
0.4016381
0.40164086
0.40164122
0.40164033
0.4016394
0.40163907
0.4016394
0.40164018
0.40164068
0.40164015
0.40163806
0.40163428
0.40162918
0.40162322
0.40161705
0.40161103
0.40160534
0.40159997
0.4015946
0.40158895
0.40158278
0.40157625
0.40156955
0.4015633
0.4015579
0.40155414
0.40155268
0.4015542
0.40155932
0.4015687
0.40158254
0.40160105
0.4016239
0.40165025
0.40167895
0.40170807
0.40173587
0.40176025
0.40177965
0.40179276
0.40179878
0.4017974
0.40178886
0.40177357
0.40175268
0.40172747
0.40169984
0.4016718
0.40164554
0.40162292
0.40160537
0.40159371
0.40158814
0.40158844
0.40159374
0.40160272
0.40161386
0.40162587
0.4016372
0.40164644
0.40165272
0.40165538
0.4016545
0.4016506
0.40164462
0.40163788
0.40163156
0.40162706
0.40162542
0.40162754
0.40163377
0.40164393
0.4016575
0.40167364
0.4016912
0.40170887
0.40172508
0.4017384
0.4017477
0.4017523
0.4017521
0.40174755
0.40173972
0.40172988
0.40171972
0.40171078
0.40170443
0.40170154
0.40170237
0.40170676
0.40171376
0.40172243
0.4017313
0.4017388
0.40174353
0.4017444
0.4017407
0.40173218
0.40171894
0.4017017
0.40168148
0.40165982
0.4016378
0.4016165
0.40159664
0.40157855
0.40156192
0.40154657
0.40153202
0.40151817
0.4015052
0.40149346
0.40148324
0.40147486
0.4014685
0.40146416
0.40146205
0.40146187
0.40146354
0.40146694
0.40147173
0.4014777
0.40148476
0.4014927
0.40150115
0.40150946
0.401517
0.40152314
0.40152732
0.40152937
0.40152955
0.4015281
0.40152535
0.40152177
0.40151784
0.40151405
0.40151086
0.4015087
0.4015079
0.40150872
0.40151107
0.40151495
0.40152004
0.401526
0.40153247
0.40153864
0.40154344
0.4015462
0.40154642
0.4015441
0.4015396
0.4015336
0.40152675
0.40151966
0.40151286
0.40150675
0.40150163
0.40149766
0.40149492
0.4014933
0.40149295
0.40149385
0.40149605
0.40149954
0.40150413
0.40150973
0.40151614
0.4015232
0.4015308
0.40153894
0.40154743
0.4015564
0.40156618
0.4015769
0.40158865
0.40160114
0.4016137
0.40162534
0.4016352
0.40164232
0.40164652
0.4016477
0.40164623
0.40164277
0.40163815
0.40163273
0.4016268
0.40162012
0.4016125
0.40160355
0.4015932
0.4015814
0.40156823
0.4015537
0.4015378
0.40152073
0.4015028
0.40148488
0.40146753
0.40145144
0.401437
0.40142474
0.40141466
0.40140703
0.40140194
0.4013996
0.40139994
0.40140292
0.40140846
0.4014165
0.40142706
0.40144008
0.40145522
0.40147224
0.40149033
0.40150905
0.40152755
0.40154496
0.40156007
0.40157217
0.40158048
0.4015852
0.40158683
0.4015862
0.4015846
0.40158284
0.4015818
0.40158197
0.4015834
0.40158606
0.40158993
0.4015951
0.4016016
0.4016096
0.40161893
0.4016296
0.4016411
0.40165266
0.40166304
0.40167084
0.40167493
0.40167424
0.40166852
0.40165782
0.40164274
0.4016242
0.40160328
0.4015811
0.40155867
0.4015367
0.4015163
0.40149814
0.40148315
0.40147188
0.40146488
0.40146223
0.40146378
0.4014691
0.40147755
0.40148836
0.40150073
0.4015143
0.40152892
0.4015447
0.40156174
0.40157998
0.401599
0.4016183
0.40163705
0.40165475
0.4016709
0.4016855
0.40169868
0.40171036
0.4017204
0.40172848
0.40173432
0.40173766
0.4017386
0.4017375
0.4017348
0.40173078
0.4017258
0.40172008
0.4017138
0.40170738
0.40170154
0.40169695
0.40169418
0.40169325
0.40169382
0.40169483
0.4016952
0.4016938
0.40168977
0.40168276
0.4016727
0.40165982
0.40164477
0.40162832
0.40161142
0.40159485
0.4015794
0.40156543
0.40155333
0.40154323
0.40153545
0.40152988
0.4015266
0.40152583
0.40152764
0.40153226
0.4015395
0.40154874
0.4015593
0.40156993
0.4015794
0.40158656
0.40159056
0.40159142
0.4015892
0.40158498
0.40157992
0.4015752
0.40157163
0.4015698
0.40157008
0.4015723
0.4015761
0.40158087
0.4015858
0.4015901
0.40159357
0.40159634
0.4015991
0.40160272
0.401608
0.4016155
0.40162557
0.4016381
0.4016525
0.4016679
0.40168315
0.40169686
0.40170783
0.40171513
0.4017183
0.40171728
0.40171275
0.40170544
0.40169683
0.40168834
0.40168124
0.40167654
0.401675
0.40167668
0.4016813
0.40168813
0.40169618
0.4017043
0.4017116
0.4017172
0.40172037
0.40172112
0.4017196
0.40171647
0.40171263
0.40170875
0.40170544
0.40170258
0.40169984
0.40169635
0.40169108
0.401683
0.40167192
0.40165758
0.40164092
0.401623
0.40160516
0.40158856
0.40157378
0.40156123
0.4015507
0.4015419
0.40153447
0.4015279
0.40152195
0.40151623
0.4015106
0.40150508
0.4015
0.40149528
0.40149125
0.40148783
0.40148485
0.40148214
0.40147948
0.4014771
0.40147498
0.4014735
0.40147272
0.40147275
0.40147367
0.40147546
0.40147817
0.40148184
0.40148613
0.40149075
0.40149528
0.4014993
0.40150264
0.40150574
0.40150887
0.40151265
0.40151727
0.40152285
0.4015297
0.4015378
0.40154707
0.40155753
0.40156916
0.40158203
0.40159658
0.4016126
0.40163004
0.40164798
0.4016653
0.40168053
0.40169206
0.40169868
0.4016995
0.40169442
0.40168405
0.40166947
0.40165246
0.40163445
0.40161687
0.40160066
0.40158617
0.40157375
0.40156344
0.4015554
0.40154958
0.40154615
0.401545
0.40154612
0.40154967
0.40155575
0.40156454
0.40157607
0.40159023
0.40160695
0.4016258
0.40164667
0.40166888
0.4016916
0.40171373
0.40173382
0.40175027
0.40176216
0.40176845
0.40176877
0.40176305
0.40175188
0.40173602
0.40171692
0.4016962
0.40167582
0.40165737
0.40164214
0.40163094
0.40162408
0.4016215
0.40162292
0.401628
0.4016358
0.40164548
0.40165597
0.4016664
0.4016761
0.40168476
0.40169278
0.4017003
0.40170774
0.40171546
0.4017233
0.40173116
0.40173876
0.40174568
0.40175197
0.4017573
0.40176123
0.40176308
0.40176204
0.40175748
0.40174922
0.40173748
0.40172297
0.4017067
0.4016901
0.4016747
0.40166187
0.4016528
0.40164813
0.40164784
0.4016517
0.40165922
0.40166986
0.40168315
0.40169904
0.40171725
0.4017373
0.4017585
0.40178004
0.40180096
0.40182027
0.40183723
0.4018512
0.40186176
0.4018683
0.40187058
0.40186825
0.40186116
0.40184915
0.4018322
0.40181065
0.40178484
0.40175536
0.40172318
0.40168926
0.4016547
0.40162072
0.4015886
0.40155935
0.40153387
0.4015125
0.40149555
0.40148267
0.40147367
0.40146822
0.4014659
0.40146634
0.40146893
0.40147325
0.40147877
0.40148535
0.4014929
0.40150177
0.40151212
0.40152407
0.4015372
0.40155086
0.40156412
0.40157565
0.4015846
0.4015904
0.40159303
0.40159264
0.40158966
0.40158442
0.4015772
0.40156832
0.4015583
0.40154794
0.40153763
0.40152797
0.40151957
0.40151277
0.40150818
0.40150613
0.4015069
0.40151066
0.40151733
0.40152663
0.40153804
0.4015504
0.40156248
0.40157256
0.40157914
0.4015812
0.40157855
0.40157166
0.40156153
0.40154976
0.40153763
0.4015262
0.40151623
0.401508
0.4015012
0.40149555
0.40149078
0.40148646
0.40148318
0.4014811
0.40148064
0.4014822
0.40148613
0.40149263
0.4015016
0.401513
0.40152642
0.40154132
0.4015571
0.40157294
0.40158814
0.40160182
0.40161306
0.4016214
0.4016268
0.4016295
0.40163037
0.4016302
0.40162987
0.40163
0.4016313
0.40163392
0.40163794
0.4016431
0.4016488
0.40165427
0.40165842
0.40166023
0.4016591
0.40165466
0.40164718
0.4016373
0.40162596
0.40161452
0.40160432
0.4015965
0.40159172
0.40159035
0.40159264
0.40159845
0.40160757
0.4016193
0.4016325
0.40164593
0.40165788
0.4016668
0.40167192
0.40167263
0.4016692
0.4016626
0.40165418
0.40164545
0.4016378
0.4016322
0.4016292
0.4016289
0.4016307
0.40163386
0.40163717
0.4016393
0.40163907
0.40163568
0.40162838
0.40161717
0.40160245
0.401585
0.4015659
0.40154642
0.40152773
0.4015108
0.4014968
0.40148616
0.40147918
0.4014756
0.40147495
0.40147632
0.40147904
0.40148243
0.40148616
0.40149027
0.4014953
0.40150183
0.4015102
0.40152064
0.40153277
0.40154624
0.40156
0.40157324
0.40158486
0.4015943
0.40160155
0.4016068
0.40161067
0.401614
0.40161768
0.40162215
0.40162778
0.4016343
0.4016411
0.4016474
0.4016521
0.4016543
0.40165353
0.40164968
0.40164334
0.40163523
0.40162632
0.40161747
0.40160945
0.40160295
0.40159836
0.40159577
0.4015953
0.4015969
0.40160072
0.40160698
0.40161577
0.40162727
0.40164152
0.40165836
0.4016774
0.4016981
0.40171954
0.4017405
0.40175936
0.40177485
0.40178573
0.4017913
0.40179104
0.401785
0.40177363
0.4017577
0.40173802
0.40171573
0.4016917
0.40166664
0.4016415
0.40161702
0.40159407
0.40157315
0.4015547
0.40153912
0.40152663
0.4015173
0.40151092
0.40150726
0.40150577
0.40150595
0.40150732
0.4015098
0.4015133
0.401518
0.40152407
0.40153173
0.401541
0.40155125
0.4015618
0.40157166
0.40157977
0.40158546
0.4015885
0.40158913
0.40158793
0.40158594
0.40158403
0.40158284
0.4015829
0.40158477
0.40158877
0.40159538
0.40160447
0.40161556
0.401628
0.40164065
0.4016529
0.40166453
0.40167567
0.40168706
0.40169954
0.40171397
0.4017307
0.4017493
0.4017689
0.4017879
0.40180492
0.4018185
0.40182757
0.40183148
0.40183002
0.40182325
0.40181157
0.40179563
0.4017764
0.4017549
0.4017326
0.40171048
0.40168917
0.40166897
0.4016498
0.40163156
0.40161404
0.40159732
0.40158173
0.4015678
0.401556
0.4015467
0.40154037
0.4015373
0.40153772
0.40154195
0.4015501
0.4015622
0.401578
0.40159705
0.40161863
0.40164155
0.40166435
0.40168542
0.4017033
0.40171677
0.40172505
0.40172783
0.4017251
0.40171772
0.40170658
0.40169302
0.40167817
0.40166306
0.4016484
0.40163445
0.4016214
0.40160903
0.40159732
0.40158612
0.40157542
0.4015653
0.40155578
0.40154678
0.40153852
0.4015314
0.40152562
0.40152124
0.4015181
0.40151575
0.40151373
0.40151137
0.40150818
0.40150407
0.40149903
0.40149367
0.40148854
0.40148425
0.40148127
0.40147996
0.40148035
0.4014824
0.40148592
0.4014906
0.40149632
0.40150282
0.40150985
0.40151745
0.4015256
0.40153453
0.40154463
0.40155613
0.40156934
0.40158412
0.4016001
0.4016166
0.40163293
0.4016483
0.40166226
0.40167418
0.40168422
0.4016926
0.40169993
0.40170676
0.40171337
0.40171972
0.4017255
0.40173033
0.40173373
0.4017357
0.40173605
0.40173492
0.40173212
0.40172732
0.40172014
0.40171018
0.4016972
0.40168115
0.40166283
0.4016431
0.40162322
0.4016041
0.4015863
0.40157008
0.40155545
0.4015422
0.40153053
0.401521
0.40151402
0.40151033
0.40151018
0.40151367
0.40152055
0.4015302
0.40154183
0.40155414
0.40156564
0.40157506
0.40158114
0.4015834
0.4015816
0.40157616
0.401568
0.40155777
0.40154648
0.40153474
0.4015232
0.40151277
0.40150392
0.40149742
0.40149352
0.4014927
0.4014952
0.4015012
0.4015111
0.40152493
0.4015428
0.4015645
0.40158954
0.4016173
0.40164658
0.40167624
0.4017049
0.40173104
0.4017532
0.40177026
0.40178132
0.4017857
0.4017833
0.4017746
0.4017602
0.4017412
0.40171885
0.40169457
0.4016698
0.4016459
0.40162393
0.40160447
0.40158772
0.40157354
0.40156138
0.40155056
0.4015403
0.40153003
0.40151912
0.40150735
0.4014952
0.40148294
0.4014712
0.4014606
0.4014518
0.40144533
0.40144157
0.4014409
0.4014434
0.4014491
0.4014579
0.40146914
0.40148237
0.40149662
0.40151083
0.4015239
0.40153494
0.40154308
0.40154797
0.40154952
0.4015477
0.40154293
0.40153536
0.4015256
0.4015142
0.40150204
0.40148988
0.40147886
0.4014694
0.40146223
0.40145764
0.40145576
0.40145686
0.40146068
0.40146685
0.4014748
0.40148386
0.4014935
0.4015032
0.40151265
0.40152225
0.4015326
0.40154472
0.40156
0.40158004
0.4016071
0.4016443
0.4016961
0.4017689
0.40187123
0.40201503
0.40221736
0.40250006
0.40289244
0.40343547
0.40418553
0.40521923
0.40664142
0.40859282
0.41129357
0.41496715
0.41992334
0.42663583
0.43574774
0.44787216
