0.44256553
0.4320562
0.4241695
0.4182271
0.41378546
0.4104991
0.40808418
0.4063007
0.4049881
0.4040286
0.40332595
0.4028127
0.40243897
0.40216783
0.40197235
0.40183237
0.40173322
0.4016643
0.40161756
0.40158752
0.40156993
0.40156183
0.40156052
0.40156394
0.40157008
0.40157706
0.40158334
0.4015877
0.4015892
0.401588
0.4015845
0.4015795
0.40157416
0.4015696
0.4015664
0.40156496
0.4015652
0.40156662
0.40156856
0.40157038
0.40157163
0.40157223
0.4015726
0.4015731
0.40157413
0.40157613
0.40157926
0.40158337
0.40158826
0.40159315
0.40159774
0.40160167
0.40160516
0.40160832
0.40161175
0.40161562
0.40161988
0.40162382
0.40162668
0.40162736
0.40162498
0.4016191
0.40161005
0.4015985
0.4015856
0.40157256
0.40156037
0.40154994
0.40154183
0.40153643
0.401534
0.40153444
0.4015379
0.4015441
0.4015525
0.40156236
0.40157261
0.40158212
0.40158996
0.40159577
0.40159944
0.40160173
0.40160355
0.40160593
0.40160972
0.40161535
0.40162277
0.40163133
0.40164027
0.40164828
0.40165433
0.40165758
0.40165776
0.40165487
0.40164956
0.40164256
0.40163478
0.40162712
0.40162048
0.4016157
0.4016138
0.40161514
0.4016196
0.40162653
0.40163478
0.4016429
0.4016494
0.40165293
0.40165278
0.40164873
0.40164107
0.40163076
0.40161884
0.40160635
0.40159422
0.40158275
0.40157205
0.4015619
0.40155172
0.401541
0.40152943
0.401517
0.40150416
0.4014914
0.40147948
0.4014694
0.40146205
0.40145835
0.4014589
0.4014638
0.4014729
0.40148535
0.40149996
0.4015152
0.4015293
0.40154085
0.40154856
0.4015519
0.40155116
0.40154696
0.40154046
0.40153274
0.40152466
0.40151697
0.40150985
0.40150332
0.40149742
0.40149227
0.40148777
0.401484
0.40148082
0.40147817
0.4014763
0.40147558
0.40147677
0.4014803
0.40148675
0.40149638
0.40150887
0.40152362
0.4015399
0.4015564
0.40157196
0.4015852
0.40159547
0.40160263
0.401607
0.40160954
0.40161112
0.40161294
0.40161592
0.40162063
0.40162694
0.40163448
0.40164223
0.40164888
0.40165335
0.40165475
0.40165275
0.4016475
0.4016399
0.40163067
0.4016208
0.4016111
0.401602
0.4015941
0.4015878
0.40158382
0.40158275
0.40158504
0.40159068
0.40159935
0.40161023
0.40162215
0.40163377
0.40164343
0.40164992
0.40165257
0.4016513
0.40164655
0.40163958
0.40163147
0.40162337
0.40161595
0.40160945
0.40160385
0.40159857
0.40159306
0.4015868
0.40157968
0.40157193
0.40156412
0.40155673
0.4015505
0.4015459
0.40154362
0.40154406
0.40154764
0.4015546
0.40156505
0.40157858
0.40159458
0.40161192
0.401629
0.40164402
0.40165538
0.4016621
0.40166357
0.40166008
0.40165222
0.40164107
0.40162772
0.40161332
0.401599
0.40158555
0.4015735
0.40156278
0.40155292
0.40154335
0.40153345
0.40152296
0.40151212
0.40150142
0.40149137
0.40148243
0.401475
0.40146923
0.40146524
0.40146333
0.40146402
0.4014678
0.40147486
0.40148512
0.40149826
0.40151367
0.40153065
0.40154815
0.40156505
0.40158033
0.40159312
0.40160275
0.4016086
0.40161046
0.40160826
0.4016026
0.4015945
0.40158513
0.4015758
0.4015678
0.40156195
0.40155867
0.40155822
0.40156046
0.40156513
0.401572
0.40158033
0.40158966
0.4015997
0.40160978
0.40161934
0.40162745
0.40163353
0.4016372
0.40163827
0.40163702
0.40163356
0.40162832
0.40162155
0.40161386
0.40160602
0.4015985
0.40159187
0.4015862
0.40158185
0.40157878
0.40157658
0.40157494
0.40157342
0.40157163
0.4015694
0.40156677
0.40156403
0.40156168
0.40156046
0.4015611
0.40156427
0.40157017
0.40157878
0.40158954
0.40160164
0.40161374
0.40162462
0.40163293
0.4016377
0.40163833
0.40163442
0.4016261
0.40161395
0.4015987
0.40158153
0.4015635
0.40154567
0.40152895
0.401514
0.40150127
0.40149137
0.4014846
0.4014814
0.4014819
0.40148598
0.40149355
0.4015039
0.40151623
0.4015293
0.40154186
0.40155253
0.4015602
0.40156442
0.40156546
0.4015641
0.4015617
0.4015596
0.40155876
0.40155986
0.401563
0.4015679
0.40157387
0.40158018
0.40158617
0.4015916
0.40159622
0.40160015
0.40160328
0.4016051
0.401605
0.40160218
0.40159592
0.40158623
0.40157345
0.40155873
0.40154332
0.40152875
0.40151623
0.40150657
0.4015003
0.4014977
0.40149844
0.4015022
0.40150842
0.40151635
0.40152496
0.40153325
0.40154013
0.40154493
0.40154734
0.40154764
0.40154654
0.401545
0.4015441
0.4015448
0.40154788
0.40155375
0.40156257
0.40157452
0.40158936
0.40160707
0.40162703
0.4016485
0.4016704
0.40169144
0.40171036
0.4017263
0.4017385
0.40174687
0.4017517
0.40175378
0.40175417
0.40175354
0.40175235
0.4017504
0.40174723
0.40174225
0.401735
0.40172532
0.4017134
0.40169954
0.40168458
0.40166947
0.40165505
0.40164196
0.40163058
0.40162113
0.40161365
0.4016081
0.40160447
0.40160295
0.4016036
0.40160647
0.40161148
0.40161866
0.40162802
0.4016394
0.4016525
0.4016663
0.40168
0.40169233
0.40170208
0.40170842
0.401711
0.40171006
0.40170598
0.4016996
0.40169185
0.40168363
0.4016755
0.40166783
0.40166056
0.40165332
0.40164554
0.40163675
0.40162677
0.4016156
0.40160307
0.40158972
0.40157607
0.4015633
0.40155253
0.40154514
0.40154198
0.40154362
0.4015501
0.40156102
0.40157548
0.4015921
0.40160945
0.40162584
0.4016399
0.40165064
0.40165734
0.40165955
0.40165716
0.40165016
0.40163878
0.4016237
0.401606
0.40158713
0.40156862
0.401552
0.4015384
0.40152848
0.40152264
0.40152073
0.40152243
0.40152723
0.4015346
0.40154362
0.4015536
0.40156394
0.40157387
0.40158263
0.4015896
0.40159407
0.40159565
0.4015943
0.4015904
0.4015847
0.40157843
0.40157261
0.40156847
0.40156704
0.40156907
0.40157488
0.4015844
0.40159705
0.40161192
0.40162817
0.40164465
0.4016599
0.4016728
0.40168226
0.40168726
0.40168715
0.40168175
0.40167135
0.40165645
0.4016381
0.40161708
0.4015946
0.4015717
0.40154937
0.4015285
0.40150976
0.40149358
0.40148026
0.40147004
0.40146324
0.4014598
0.40145978
0.4014631
0.40146956
0.4014792
0.40149176
0.40150687
0.40152407
0.40154293
0.401563
0.4015841
0.4016056
0.40162686
0.4016466
0.4016636
0.40167654
0.40168455
0.40168715
0.40168452
0.4016774
0.4016669
0.40165427
0.40164065
0.40162703
0.40161443
0.40160346
0.40159497
0.4015894
0.4015868
0.40158743
0.40159082
0.4015969
0.40160528
0.40161583
0.40162846
0.40164283
0.4016587
0.40167576
0.40169367
0.4017125
0.40173203
0.40175182
0.40177107
0.40178883
0.40180406
0.40181583
0.40182337
0.4018265
0.40182513
0.40181956
0.4018105
0.40179896
0.40178618
0.40177372
0.40176323
0.40175614
0.40175346
0.4017555
0.40176153
0.4017705
0.40178055
0.40178993
0.40179694
0.4018005
0.40179968
0.40179422
0.4017843
0.40177044
0.4017535
0.40173456
0.4017148
0.40169516
0.40167648
0.401659
0.40164283
0.40162778
0.4016137
0.4016008
0.40158913
0.4015789
0.4015705
0.4015641
0.40156013
0.40155867
0.40156
0.40156442
0.40157223
0.4015832
0.40159717
0.40161338
0.40163103
0.40164876
0.40166524
0.40167928
0.40169007
0.40169746
0.4017015
0.40170258
0.40170118
0.40169773
0.4016929
0.4016877
0.4016833
0.40168107
0.4016824
0.40168875
0.40170053
0.40171784
0.40173995
0.40176564
0.40179318
0.40182093
0.40184712
0.4018703
0.40188926
0.4019034
0.4019123
0.4019162
0.40191525
0.40190992
0.40190062
0.4018878
0.40187177
0.4018529
0.40183157
0.40180796
0.40178278
0.40175635
0.4017296
0.40170333
0.4016782
0.40165487
0.4016338
0.40161508
0.4015987
0.40158436
0.40157196
0.4015613
0.40155214
0.40154412
0.4015367
0.40152952
0.4015222
0.40151474
0.40150714
0.40149948
0.40149173
0.40148428
0.40147766
0.4014727
0.4014703
0.40147114
0.40147564
0.40148368
0.40149492
0.40150887
0.40152463
0.4015415
0.4015585
0.40157503
0.4015906
0.40160516
0.40161896
0.4016324
0.40164572
0.4016587
0.40167084
0.40168092
0.4016881
0.4016916
0.40169114
0.40168694
0.40167958
0.4016699
0.40165895
0.40164766
0.4016368
0.4016272
0.40161943
0.4016139
0.40161073
0.40160978
0.40161052
0.4016122
0.40161425
0.40161633
0.4016183
0.40162036
0.40162286
0.4016262
0.40163034
0.4016355
0.40164158
0.4016485
0.4016564
0.40166563
0.4016767
0.40169004
0.40170568
0.40172347
0.40174282
0.4017628
0.4017822
0.40179977
0.40181443
0.4018255
0.4018326
0.401836
0.40183613
0.40183353
0.40182942
0.40182483
0.4018209
0.40181872
0.4018188
0.40182146
0.40182665
0.40183392
0.4018427
0.4018523
0.40186206
0.40187126
0.4018796
0.4018868
0.40189248
0.40189654
0.4018988
0.40189913
0.4018976
0.40189454
0.40189052
0.4018864
0.40188318
0.40188184
0.40188295
0.40188676
0.40189275
0.40189984
0.40190673
0.40191236
0.40191567
0.40191597
0.40191287
0.40190625
0.40189633
0.4018834
0.40186775
0.40185001
0.40183055
0.40180972
0.40178812
0.40176597
0.4017437
0.40172148
0.40169936
0.40167728
0.40165505
0.40163276
0.4016106
0.4015892
0.40156916
0.40155086
0.4015347
0.40152058
0.40150854
0.40149838
0.40149006
0.40148333
0.40147784
0.40147328
0.4014695
0.40146616
0.4014635
0.4014613
0.40145972
0.40145838
0.40145725
0.401456
0.4014546
0.4014532
0.4014522
0.40145227
0.4014536
0.40145668
0.40146154
0.40146858
0.40147784
0.40148965
0.40150383
0.40152013
0.40153784
0.401556
0.40157348
0.40158916
0.40160218
0.40161216
0.40161937
0.40162456
0.40162855
0.4016324
0.40163693
0.40164262
0.40164965
0.4016575
0.4016654
0.40167224
0.4016773
0.4016801
0.40168062
0.40167964
0.40167806
0.40167716
0.4016779
0.4016808
0.4016859
0.40169257
0.40169966
0.4017059
0.4017099
0.40171105
0.40170884
0.4017035
0.40169576
0.40168682
0.40167806
0.40167078
0.40166563
0.40166306
0.40166312
0.40166554
0.40167028
0.40167767
0.40168813
0.40170205
0.40171918
0.4017391
0.40176085
0.4017829
0.40180352
0.4018211
0.4018342
0.4018418
0.40184328
0.4018385
0.40182757
0.40181103
0.40178978
0.40176514
0.40173858
0.4017119
0.4016866
0.40166378
0.4016442
0.4016282
0.40161592
0.40160725
0.4016022
0.40160108
0.40160382
0.40161002
0.40161934
0.40163088
0.40164378
0.4016573
0.4016715
0.40168622
0.40170166
0.4017177
0.4017338
0.4017491
0.40176243
0.40177277
0.40177926
0.40178183
0.40178058
0.40177637
0.40177026
0.40176353
0.40175736
0.4017524
0.40174896
0.4017467
0.40174493
0.401743
0.40174022
0.4017362
0.40173104
0.40172508
0.40171915
0.4017137
0.4017093
0.40170616
0.4017042
0.401703
0.40170237
0.401702
0.401702
0.40170255
0.401704
0.40170643
0.40170938
0.4017121
0.40171346
0.40171236
0.40170807
0.40170026
0.40168917
0.40167552
0.40166047
0.40164563
0.40163252
0.40162218
0.40161583
0.4016139
0.4016162
0.40162215
0.40163088
0.4016409
0.40165085
0.40165988
0.40166762
0.40167397
0.40167964
0.40168557
0.40169287
0.40170223
0.40171385
0.40172747
0.40174216
0.40175685
0.40177038
0.401782
0.40179136
0.40179834
0.40180326
0.40180647
0.40180844
0.40180913
0.40180853
0.4018066
0.401803
0.40179753
0.4017901
0.4017808
0.40176982
0.40175754
0.40174472
0.4017318
0.40171903
0.40170673
0.40169457
0.40168208
0.401669
0.4016549
0.4016398
0.40162396
0.4016079
0.4015922
0.40157747
0.40156403
0.40155202
0.4015413
0.40153155
0.40152222
0.40151295
0.40150347
0.401494
0.40148512
0.4014774
0.40147147
0.4014678
0.40146667
0.40146825
0.40147296
0.40148112
0.40149298
0.40150887
0.40152842
0.40155107
0.40157592
0.40160167
0.40162712
0.4016513
0.4016735
0.40169346
0.4017113
0.40172687
0.40174043
0.40175164
0.40176022
0.40176588
0.40176833
0.401767
0.4017617
0.40175232
0.40173927
0.401723
0.40170452
0.40168485
0.40166533
0.40164718
0.4016314
0.4016185
0.4016086
0.4016014
0.40159652
0.40159342
0.4015917
0.4015915
0.4015927
0.40159532
0.40159917
0.40160406
0.40160936
0.4016148
0.40161994
0.40162438
0.40162736
0.40162832
0.4016264
0.4016214
0.40161344
0.4016031
0.4015915
0.40157974
0.4015689
0.40156
0.40155387
0.4015511
0.40155202
0.40155673
0.40156475
0.4015754
0.40158775
0.40160108
0.40161467
0.40162832
0.40164202
0.40165582
0.40166947
0.4016826
0.40169457
0.40170422
0.40171045
0.40171218
0.4017088
0.4017003
0.4016869
0.40166962
0.4016495
0.401628
0.40160632
0.40158594
0.40156803
0.4015537
0.4015435
0.40153766
0.4015361
0.4015384
0.4015439
0.40155175
0.4015613
0.40157205
0.4015841
0.40159783
0.40161356
0.40163118
0.40165043
0.4016704
0.40168992
0.40170753
0.4017219
0.40173236
0.4017388
0.4017416
0.40174198
0.40174118
0.40174085
0.40174228
0.40174642
0.40175357
0.40176326
0.40177432
0.40178522
0.40179414
0.40179956
0.40180025
0.40179518
0.40178403
0.4017668
0.40174413
0.40171677
0.4016861
0.40165374
0.40162134
0.40159023
0.40156165
0.4015362
0.4015143
0.4014961
0.4014816
0.40147078
0.40146315
0.40145856
0.40145656
0.4014568
0.40145886
0.40146232
0.40146667
0.40147164
0.40147677
0.401482
0.40148753
0.4014936
0.40150076
0.40150982
0.4015214
0.40153626
0.4015549
0.40157738
0.4016031
0.4016313
0.40166065
0.40168965
0.4017168
0.40174082
0.40176052
0.401775
0.40178367
0.40178645
0.4017837
0.40177605
0.40176454
0.40175018
0.40173423
0.40171775
0.4017018
0.40168694
0.40167332
0.40166086
0.4016492
0.40163794
0.4016269
0.40161628
0.4016065
0.40159842
0.40159255
0.40158954
0.40158936
0.40159202
0.40159693
0.4016033
0.40161005
0.4016161
0.40162063
0.401623
0.4016232
0.4016214
0.40161824
0.40161473
0.40161175
0.40161014
0.4016104
0.4016126
0.40161678
0.4016226
0.40162995
0.40163875
0.40164864
0.40165907
0.40166894
0.40167713
0.40168256
0.401684
0.4016808
0.40167242
0.40165895
0.40164077
0.40161857
0.40159348
0.40156668
0.40153956
0.40151316
0.40148848
0.40146607
0.4014464
0.4014296
0.40141574
0.4014046
0.4013958
0.40138918
0.4013844
0.40138122
0.40137976
0.4013799
0.40138164
0.4013849
0.40138978
0.40139604
0.40140358
0.40141234
0.40142247
0.40143457
0.40144923
0.4014669
0.40148774
0.40151158
0.40153807
0.40156633
0.4015951
0.40162295
0.40164816
0.40166935
0.40168557
0.4016964
0.40170193
0.40170282
0.40170035
0.4016961
0.40169173
0.40168867
0.40168798
0.4016901
0.401695
0.40170214
0.4017104
0.40171844
0.401725
0.40172884
0.40172943
0.40172648
0.40172032
0.40171137
0.40170056
0.4016888
0.40167698
0.40166572
0.4016552
0.4016453
0.40163565
0.40162602
0.40161583
0.4016051
0.40159398
0.40158316
0.4015736
0.4015664
0.40156287
0.4015637
0.40156934
0.40157956
0.40159383
0.401611
0.4016296
0.40164793
0.40166447
0.40167776
0.4016866
0.40169057
0.40168974
0.40168464
0.4016765
0.40166658
0.4016565
0.4016477
0.40164122
0.40163788
0.4016378
0.40164068
0.40164572
0.40165204
0.40165818
0.40166283
0.4016648
0.4016633
0.40165833
0.40165022
0.40163976
0.40162805
0.40161628
0.40160543
0.40159622
0.40158913
0.4015841
0.4015811
0.40157977
0.40157974
0.4015802
0.40158093
0.40158135
0.4015815
0.4015812
0.40158048
0.4015795
0.40157828
0.40157685
0.4015752
0.40157333
0.401571
0.40156838
0.40156546
0.40156224
0.40155873
0.40155506
0.40155166
0.40154904
0.40154782
0.4015485
0.40155146
0.40155682
0.40156433
0.4015736
0.40158376
0.40159422
0.40160447
0.40161422
0.40162334
0.40163147
0.40163857
0.4016448
0.4016501
0.40165424
0.40165707
0.40165836
0.40165803
0.4016562
0.40165284
0.4016481
0.40164188
0.40163445
0.4016262
0.40161732
0.40160844
0.4016004
0.40159392
0.4015896
0.40158758
0.40158758
0.401589
0.40159094
0.40159264
0.40159348
0.4015933
0.40159267
0.40159246
0.4015938
0.4015976
0.40160438
0.4016143
0.401627
0.40164155
0.40165657
0.40167066
0.401682
0.4016893
0.40169144
0.40168786
0.4016787
0.40166447
0.401646
0.40162456
0.4016014
0.4015778
0.40155497
0.4015338
0.40151516
0.40149948
0.401487
0.4014777
0.40147144
0.40146777
0.40146634
0.4014668
0.4014687
0.4014721
0.40147716
0.40148407
0.4014929
0.40150356
0.40151584
0.40152916
0.40154308
0.40155682
0.40157
0.40158254
0.4015947
0.40160695
0.40161994
0.40163422
0.4016501
0.40166736
0.40168563
0.4017039
0.40172097
0.40173563
0.40174696
0.40175432
0.4017575
0.40175685
0.40175283
0.4017465
0.40173885
0.40173075
0.40172276
0.40171525
0.40170825
0.4017015
0.40169495
0.4016883
0.4016816
0.40167493
0.40166834
0.40166205
0.40165624
0.4016511
0.4016471
0.4016447
0.40164453
0.40164685
0.40165177
0.4016589
0.40166727
0.40167543
0.40168175
0.40168464
0.40168303
0.40167612
0.4016642
0.40164798
0.4016288
0.4016085
0.40158877
0.4015714
0.40155765
0.40154848
0.4015442
0.4015447
0.40154937
0.40155718
0.40156665
0.4015764
0.40158468
0.40159014
0.40159175
0.40158898
0.40158197
0.40157136
0.40155807
0.40154344
0.40152875
0.401515
0.40150315
0.40149367
0.40148684
0.40148276
0.40148118
0.4014819
0.4014846
0.40148896
0.40149468
0.4015018
0.40151066
0.40152162
0.40153524
0.40155193
0.40157202
0.40159568
0.401623
0.40165418
0.40168935
0.4017294
0.40177643
0.40183392
0.4019075
0.40200537
0.4021394
0.4023261
0.4025899
0.40296048
0.4034803
0.40420732
0.40521982
0.40662384
0.4085611
0.41125247
0.41492176
0.4198781
0.42659417
0.43571332
0.4478467
