0.44250602
0.43198016
0.42408165
0.41813213
0.41368875
0.41040653
0.4080014
0.40623274
0.40493935
0.40400225
0.40332448
0.40283749
0.40248978
0.40224263
0.40206757
0.40194342
0.40185496
0.4017915
0.40174556
0.401712
0.40168738
0.4016692
0.40165573
0.4016459
0.40163916
0.4016354
0.40163478
0.40163743
0.40164366
0.40165335
0.4016662
0.40168175
0.40169936
0.40171838
0.40173802
0.4017574
0.40177545
0.40179133
0.4018045
0.40181497
0.40182275
0.40182832
0.4018321
0.40183443
0.40183517
0.40183416
0.40183067
0.40182453
0.4018153
0.40180296
0.4017875
0.4017694
0.40174934
0.40172806
0.40170604
0.40168363
0.40166086
0.40163803
0.40161538
0.4015935
0.40157267
0.40155327
0.4015353
0.40151897
0.40150437
0.40149155
0.4014806
0.40147164
0.40146476
0.4014603
0.40145835
0.401459
0.4014625
0.4014686
0.40147722
0.40148818
0.40150118
0.40151542
0.40153012
0.40154415
0.40155628
0.40156558
0.40157145
0.40157428
0.4015748
0.4015741
0.4015736
0.40157428
0.40157714
0.40158272
0.40159094
0.40160137
0.4016132
0.40162516
0.4016357
0.40164354
0.40164736
0.40164635
0.40164044
0.40163004
0.40161607
0.4015998
0.40158257
0.4015658
0.40155053
0.40153745
0.401527
0.40151894
0.40151307
0.40150893
0.40150598
0.40150374
0.40150186
0.40150025
0.40149847
0.40149638
0.4014937
0.4014906
0.40148708
0.40148342
0.4014798
0.40147644
0.40147334
0.40147057
0.401468
0.40146562
0.40146384
0.40146267
0.4014625
0.40146324
0.40146497
0.40146768
0.4014716
0.40147692
0.4014841
0.4014933
0.40150476
0.40151846
0.4015339
0.40155053
0.40156743
0.40158355
0.4015979
0.40160987
0.40161943
0.4016269
0.40163305
0.40163878
0.40164486
0.40165177
0.4016596
0.40166816
0.40167698
0.4016855
0.40169337
0.40170035
0.40170664
0.40171278
0.40171906
0.40172577
0.40173241
0.4017381
0.40174177
0.40174234
0.40173894
0.4017314
0.4017198
0.40170494
0.40168798
0.40167034
0.40165362
0.40163907
0.40162766
0.4016197
0.40161535
0.40161413
0.40161535
0.40161803
0.40162134
0.40162468
0.4016279
0.40163094
0.40163377
0.40163642
0.40163895
0.40164137
0.4016442
0.40164804
0.40165415
0.4016638
0.4016785
0.40169984
0.4017291
0.40176785
0.40181777
0.40188172
0.4019643
0.40207255
0.4022171
0.40241385
0.40268663
0.40306515
0.4035916
0.40432388
0.40533984
0.4067452
0.4086811
0.4113675
0.41502863
0.41997367
0.42667496
0.43577752
0.4478934
