0.44267762
0.43220547
0.4243541
0.41844624
0.4140379
0.41078442
0.40839878
0.40664136
0.40535158
0.40441036
0.40372172
0.40321782
0.40284827
0.40257546
0.40237203
0.40221795
0.40209913
0.40200558
0.40193072
0.40187007
0.40182066
0.4017803
0.40174717
0.40171954
0.4016959
0.40167516
0.40165687
0.40164095
0.401628
0.40161836
0.4016125
0.40161014
0.4016107
0.40161315
0.40161628
0.40161884
0.4016202
0.40162003
0.40161887
0.4016174
0.40161636
0.40161628
0.40161744
0.4016195
0.40162182
0.4016235
0.40162337
0.4016207
0.40161517
0.40160707
0.40159705
0.40158606
0.40157524
0.40156546
0.40155762
0.40155232
0.40155023
0.40155178
0.40155736
0.40156683
0.40158004
0.40159646
0.40161535
0.4016361
0.40165776
0.40167928
0.40169924
0.4017163
0.4017292
0.4017371
0.4017397
0.40173706
0.4017299
0.4017192
0.40170616
0.40169227
0.401679
0.401668
0.40166047
0.4016573
0.40165886
0.40166464
0.40167382
0.40168515
0.40169695
0.40170744
0.40171498
0.40171844
0.40171716
0.40171087
0.40170002
0.40168536
0.40166816
0.4016498
0.4016318
0.401615
0.4015999
0.40158665
0.40157476
0.40156373
0.40155286
0.4015416
0.40152946
0.40151608
0.4015015
0.40148604
0.40147042
0.40145564
0.40144232
0.4014313
0.40142286
0.4014174
0.401415
0.4014158
0.40141985
0.40142703
0.40143737
0.40145043
0.40146613
0.40148428
0.4015047
0.40152726
0.40155149
0.40157676
0.40160167
0.40162498
0.4016451
0.40166065
0.40167055
0.40167427
0.40167165
0.40166304
0.4016495
0.40163234
0.401613
0.40159318
0.40157434
0.40155765
0.40154397
0.40153384
0.40152746
0.40152493
0.40152606
0.40153056
0.4015381
0.4015483
0.40156078
0.40157518
0.40159073
0.4016064
0.40162107
0.4016334
0.40164223
0.40164676
0.4016463
0.4016405
0.4016295
0.4016137
0.4015941
0.401572
0.40154898
0.40152678
0.40150678
0.4014901
0.40147722
0.4014685
0.40146372
0.4014626
0.40146458
0.40146884
0.40147454
0.4014807
0.40148672
0.40149212
0.4014966
0.4014998
0.4015016
0.40150222
0.4015019
0.40150154
0.40150177
0.4015028
0.4015046
0.40150696
0.4015094
0.40151143
0.40151262
0.4015127
0.40151125
0.40150782
0.40150222
0.40149444
0.40148503
0.40147462
0.4014641
0.40145424
0.40144575
0.40143922
0.4014349
0.40143323
0.4014343
0.40143806
0.40144458
0.4014536
0.40146488
0.40147802
0.40149263
0.40150815
0.40152413
0.40154
0.40155533
0.40156934
0.4015812
0.40158996
0.40159473
0.40159443
0.40158868
0.40157768
0.40156212
0.4015437
0.40152416
0.40150535
0.4014891
0.40147665
0.4014691
0.40146673
0.40146947
0.4014766
0.40148708
0.40149957
0.40151286
0.40152586
0.401538
0.40154913
0.4015596
0.40156975
0.40158024
0.40159133
0.40160337
0.40161636
0.4016301
0.4016442
0.4016578
0.40167007
0.40168014
0.4016874
0.4016912
0.401691
0.4016866
0.40167803
0.40166554
0.4016495
0.40163043
0.4016088
0.40158528
0.40156078
0.40153608
0.40151203
0.40148923
0.4014681
0.401449
0.4014322
0.40141767
0.4014056
0.40139598
0.40138894
0.40138456
0.4013831
0.40138456
0.4013891
0.40139663
0.40140703
0.40142003
0.4014352
0.40145186
0.4014694
0.40148723
0.40150467
0.40152103
0.40153557
0.40154755
0.40155625
0.4015615
0.40156338
0.4015623
0.40155914
0.4015547
0.40154994
0.40154573
0.40154302
0.40154225
0.40154368
0.40154704
0.40155178
0.40155703
0.40156147
0.40156397
0.4015636
0.40155983
0.40155277
0.401543
0.40153137
0.40151894
0.40150672
0.40149555
0.40148598
0.4014783
0.40147245
0.4014685
0.40146598
0.4014647
0.40146422
0.4014641
0.40146416
0.4014641
0.4014636
0.40146276
0.40146163
0.4014606
0.40146014
0.40146065
0.40146255
0.40146607
0.4014712
0.40147775
0.40148538
0.4014934
0.40150118
0.40150794
0.401513
0.40151602
0.40151694
0.40151623
0.40151435
0.40151227
0.40151048
0.4015097
0.40151015
0.401512
0.40151492
0.4015186
0.4015228
0.40152702
0.40153104
0.4015348
0.4015382
0.4015414
0.40154472
0.40154845
0.40155303
0.40155882
0.40156627
0.4015757
0.4015872
0.40160048
0.4016149
0.40162936
0.4016424
0.40165278
0.40165922
0.40166107
0.4016578
0.40164948
0.4016365
0.40161946
0.40159947
0.40157777
0.40155575
0.40153491
0.40151644
0.40150148
0.40149084
0.4014851
0.40148428
0.40148836
0.4014968
0.40150917
0.40152442
0.40154153
0.401559
0.40157548
0.40158954
0.40160015
0.40160653
0.4016086
0.40160656
0.40160108
0.4015928
0.40158263
0.40157145
0.40156028
0.40154973
0.40154037
0.40153262
0.40152672
0.40152285
0.40152133
0.40152213
0.40152526
0.40153065
0.40153804
0.40154704
0.4015572
0.40156808
0.40157896
0.40158886
0.40159672
0.4016014
0.40160203
0.40159824
0.40158996
0.40157786
0.40156287
0.40154648
0.40153012
0.401515
0.40150228
0.40149263
0.40148672
0.40148503
0.40148792
0.40149552
0.40150768
0.401524
0.40154406
0.40156728
0.401593
0.40162072
0.40164986
0.40167943
0.4017084
0.4017352
0.40175864
0.40177774
0.40179172
0.4018001
0.40180278
0.40179968
0.40179107
0.4017772
0.40175864
0.40173602
0.40171033
0.40168288
0.40165505
0.40162805
0.40160322
0.40158135
0.40156275
0.40154737
0.40153503
0.40152517
0.40151742
0.4015115
0.40150756
0.40150565
0.40150553
0.4015069
0.4015092
0.40151167
0.40151364
0.4015146
0.40151438
0.40151337
0.40151218
0.40151155
0.40151227
0.4015149
0.40151998
0.40152764
0.40153787
0.40155038
0.40156454
0.40157983
0.40159535
0.4016104
0.40162438
0.40163714
0.4016488
0.40165976
0.40167055
0.40168166
0.4016931
0.40170458
0.40171546
0.40172493
0.4017321
0.40173653
0.40173808
0.4017372
0.4017348
0.4017318
0.40172905
0.40172726
0.40172657
0.40172663
0.4017269
0.40172645
0.40172452
0.40172052
0.401714
0.40170503
0.40169373
0.4016808
0.4016669
0.4016532
0.4016405
0.4016297
0.40162122
0.4016154
0.40161225
0.40161145
0.4016129
0.40161654
0.40162227
0.4016299
0.401639
0.40164897
0.4016587
0.4016672
0.40167347
0.4016767
0.4016767
0.40167356
0.40166783
0.4016605
0.40165254
0.40164512
0.40163907
0.4016347
0.40163198
0.40163058
0.40162992
0.40162984
0.40163028
0.4016315
0.4016342
0.40163872
0.40164518
0.40165353
0.40166315
0.40167326
0.40168315
0.40169236
0.4017008
0.4017085
0.40171582
0.40172297
0.4017304
0.40173778
0.40174496
0.40175146
0.401757
0.40176108
0.4017634
0.40176374
0.40176153
0.4017565
0.40174824
0.40173706
0.40172356
0.40170872
0.4016938
0.40168002
0.40166858
0.40166023
0.40165552
0.4016549
0.40165818
0.40166518
0.40167534
0.40168798
0.4017022
0.40171662
0.40172988
0.40174085
0.4017486
0.4017526
0.40175313
0.40175062
0.40174577
0.40173963
0.40173277
0.40172562
0.40171802
0.4017095
0.4016994
0.40168715
0.40167224
0.4016548
0.40163535
0.40161484
0.4015947
0.40157625
0.40156075
0.4015489
0.4015412
0.40153748
0.4015374
0.40154037
0.40154573
0.4015533
0.4015629
0.40157455
0.40158814
0.4016034
0.40161988
0.40163648
0.40165246
0.4016668
0.4016791
0.40168926
0.40169778
0.40170532
0.40171263
0.40172008
0.40172762
0.4017347
0.40174025
0.4017432
0.4017426
0.40173775
0.40172845
0.40171504
0.4016982
0.40167925
0.40165928
0.4016394
0.40162045
0.40160272
0.40158653
0.4015722
0.40155983
0.40154964
0.40154186
0.40153652
0.40153357
0.40153292
0.4015343
0.4015379
0.401544
0.4015529
0.40156478
0.40157974
0.4015975
0.40161765
0.4016393
0.40166143
0.40168256
0.40170136
0.40171665
0.40172762
0.4017337
0.4017349
0.4017317
0.40172508
0.40171617
0.4017061
0.40169585
0.4016861
0.4016773
0.40166995
0.40166417
0.40166032
0.40165836
0.40165818
0.40165946
0.40166163
0.40166408
0.40166613
0.40166706
0.4016665
0.4016644
0.4016611
0.40165734
0.40165383
0.4016513
0.40164965
0.4016486
0.40164736
0.40164495
0.4016404
0.40163335
0.4016236
0.40161148
0.40159762
0.40158278
0.40156788
0.40155354
0.40154046
0.40152913
0.40151972
0.40151218
0.40150627
0.40150127
0.4014967
0.40149203
0.40148667
0.40148026
0.4014728
0.40146446
0.4014561
0.4014484
0.40144217
0.40143806
0.40143627
0.4014366
0.40143868
0.40144214
0.40144643
0.40145144
0.40145698
0.40146306
0.40146974
0.401477
0.40148512
0.40149426
0.4015045
0.40151563
0.40152705
0.4015379
0.40154722
0.40155414
0.4015583
0.40155965
0.40155867
0.4015561
0.40155283
0.40154955
0.40154675
0.40154448
0.4015427
0.40154105
0.4015394
0.4015374
0.4015348
0.4015315
0.4015272
0.4015218
0.4015155
0.4015085
0.40150124
0.40149418
0.401488
0.4014834
0.401481
0.40148163
0.40148598
0.40149432
0.40150663
0.40152252
0.4015415
0.4015627
0.40158552
0.40160963
0.40163478
0.40166068
0.40168682
0.40171242
0.4017362
0.4017569
0.4017734
0.4017846
0.40178984
0.40178883
0.40178177
0.40176922
0.40175208
0.40173167
0.40170932
0.40168628
0.4016635
0.4016418
0.4016214
0.40160248
0.4015852
0.40156975
0.4015564
0.40154555
0.40153727
0.40153188
0.40152952
0.4015302
0.4015339
0.40154025
0.4015486
0.40155813
0.4015681
0.40157822
0.4015883
0.40159878
0.40160993
0.40162182
0.40163454
0.4016477
0.4016604
0.40167165
0.4016803
0.40168542
0.40168664
0.4016841
0.40167865
0.40167138
0.40166363
0.4016568
0.4016517
0.40164876
0.40164784
0.40164813
0.40164876
0.40164873
0.4016471
0.40164334
0.40163702
0.40162838
0.40161756
0.4016051
0.4015915
0.40157717
0.4015624
0.40154758
0.40153307
0.40151954
0.40150753
0.4014977
0.40149033
0.4014858
0.40148416
0.4014854
0.4014893
0.40149546
0.40150332
0.4015124
0.4015221
0.40153185
0.40154108
0.4015495
0.40155703
0.40156412
0.40157133
0.4015794
0.40158913
0.40160093
0.4016151
0.4016319
0.40165117
0.40167245
0.40169504
0.4017183
0.4017413
0.4017635
0.40178424
0.401803
0.40181938
0.40183297
0.40184334
0.40185028
0.40185365
0.4018534
0.4018498
0.40184334
0.4018345
0.40182385
0.40181223
0.40180025
0.4017887
0.40177852
0.40177023
0.40176427
0.40176052
0.40175846
0.40175763
0.40175754
0.40175802
0.40175864
0.4017592
0.40175924
0.401758
0.40175468
0.4017486
0.40173936
0.40172684
0.40171158
0.40169445
0.40167704
0.40166134
0.40164965
0.4016448
0.40164968
0.40166736
0.40170118
0.40175536
0.4018349
0.40194723
0.40210223
0.40231532
0.40260652
0.4030041
0.4035482
0.40429544
0.40532285
0.40673608
0.408677
0.4113661
0.41502863
0.41997424
0.42667592
0.43577838
0.44789413
