0.44255167
0.43204054
0.42415556
0.41821864
0.4137864
0.41051376
0.40811566
0.40635157
0.40506077
0.4041242
0.40344515
0.40295509
0.40260252
0.40234932
0.40216726
0.40203595
0.40194106
0.40187252
0.40182328
0.4017884
0.40176392
0.4017469
0.40173492
0.40172637
0.40172037
0.40171653
0.4017146
0.40171418
0.40171468
0.4017154
0.40171528
0.40171367
0.40171006
0.40170437
0.40169677
0.4016877
0.40167746
0.4016665
0.40165508
0.4016433
0.40163133
0.40161952
0.40160832
0.4015986
0.40159127
0.40158743
0.40158793
0.40159342
0.4016036
0.4016179
0.4016351
0.4016536
0.40167135
0.40168685
0.401699
0.40170735
0.40171215
0.40171415
0.4017147
0.40171495
0.40171564
0.40171698
0.40171862
0.40171978
0.4017193
0.40171632
0.40171006
0.4017
0.40168625
0.40166935
0.40165022
0.40163028
0.401611
0.40159383
0.40157983
0.40156966
0.4015636
0.4015616
0.40156326
0.40156826
0.40157586
0.40158534
0.40159565
0.40160576
0.40161493
0.40162253
0.40162814
0.4016314
0.4016318
0.4016291
0.40162328
0.40161505
0.4016054
0.40159586
0.4015877
0.40158203
0.4015796
0.4015807
0.40158516
0.40159237
0.40160134
0.40161073
0.40161917
0.40162575
0.4016299
0.4016317
0.40163198
0.4016319
0.40163276
0.40163565
0.40164152
0.40165052
0.40166256
0.40167686
0.4016925
0.40170816
0.40172297
0.40173644
0.40174833
0.40175888
0.40176862
0.40177774
0.4017863
0.40179408
0.4018003
0.4018043
0.40180516
0.40180215
0.40179503
0.40178365
0.40176827
0.40174967
0.40172878
0.4017069
0.40168557
0.40166605
0.40164965
0.40163746
0.40163007
0.4016279
0.4016308
0.40163806
0.40164843
0.40166056
0.4016732
0.40168524
0.40169612
0.40170553
0.4017131
0.4017184
0.4017207
0.4017192
0.4017134
0.40170312
0.40168858
0.40167066
0.40165055
0.40162975
0.40160963
0.40159172
0.40157717
0.40156716
0.40156224
0.40156257
0.40156782
0.40157726
0.40158963
0.40160355
0.4016173
0.4016293
0.40163848
0.4016441
0.40164608
0.40164483
0.40164125
0.4016362
0.4016307
0.4016253
0.40162084
0.40161765
0.4016161
0.40161678
0.40161997
0.4016259
0.4016345
0.40164542
0.40165812
0.40167186
0.40168574
0.4016987
0.40170988
0.40171847
0.40172398
0.40172616
0.40172523
0.40172157
0.40171593
0.40170923
0.4017025
0.40169647
0.40169206
0.4016901
0.40169096
0.4016949
0.40170163
0.40171054
0.40172085
0.40173122
0.40174034
0.40174693
0.4017499
0.40174866
0.40174308
0.40173373
0.4017217
0.40170833
0.40169528
0.40168408
0.40167603
0.40167186
0.40167162
0.40167508
0.4016813
0.4016895
0.40169892
0.4017088
0.40171847
0.40172714
0.4017338
0.4017374
0.4017372
0.40173298
0.40172493
0.40171376
0.40170053
0.40168637
0.4016727
0.40166047
0.40165052
0.40164316
0.4016384
0.40163583
0.40163526
0.40163645
0.40163937
0.40164402
0.40165028
0.40165776
0.40166593
0.40167394
0.40168074
0.4016854
0.40168706
0.40168524
0.40168002
0.40167177
0.40166134
0.40164974
0.40163812
0.40162712
0.4016172
0.40160832
0.40160036
0.4015925
0.40158397
0.40157402
0.401562
0.40154788
0.40153185
0.4015144
0.40149638
0.4014783
0.40146095
0.4014449
0.40143096
0.40141973
0.40141177
0.40140748
0.40140715
0.40141088
0.4014187
0.40143037
0.4014454
0.401463
0.4014824
0.40150243
0.40152177
0.4015389
0.4015523
0.4015609
0.4015642
0.40156215
0.40155566
0.40154594
0.40153474
0.40152374
0.40151432
0.40150762
0.40150425
0.40150443
0.4015084
0.40151593
0.40152696
0.401541
0.4015576
0.40157595
0.40159523
0.4016143
0.40163186
0.4016464
0.40165657
0.40166146
0.40166074
0.40165478
0.4016442
0.40163028
0.4016142
0.40159732
0.40158084
0.40156555
0.40155205
0.40154067
0.40153143
0.40152422
0.40151888
0.40151507
0.4015126
0.40151113
0.40151086
0.4015121
0.40151522
0.40152067
0.40152875
0.40153968
0.40155354
0.4015701
0.40158898
0.40160945
0.4016306
0.40165108
0.40166947
0.4016845
0.40169534
0.40170184
0.40170434
0.40170386
0.40170145
0.40169844
0.40169623
0.40169585
0.40169773
0.40170178
0.40170774
0.40171486
0.40172192
0.40172794
0.40173185
0.40173292
0.401731
0.40172607
0.40171844
0.40170872
0.40169734
0.4016849
0.40167177
0.4016581
0.40164393
0.40162927
0.40161425
0.40159938
0.40158534
0.40157312
0.40156373
0.40155795
0.4015564
0.40155917
0.40156633
0.40157732
0.4015916
0.40160817
0.40162572
0.40164283
0.4016581
0.40167028
0.40167865
0.40168312
0.40168405
0.4016826
0.40168017
0.40167832
0.40167877
0.40168262
0.4016906
0.40170282
0.40171862
0.40173694
0.40175655
0.40177596
0.4017941
0.4018099
0.40182263
0.4018319
0.40183717
0.40183827
0.40183508
0.40182742
0.4018151
0.401798
0.40177625
0.40175024
0.4017207
0.40168884
0.40165603
0.4016237
0.4015929
0.4015644
0.40153855
0.4015155
0.40149528
0.40147793
0.40146354
0.40145236
0.40144444
0.40143985
0.40143862
0.4014406
0.40144548
0.40145308
0.40146282
0.40147442
0.4014877
0.4015027
0.4015197
0.40153894
0.40156016
0.40158278
0.40160605
0.40162873
0.4016495
0.40166733
0.40168166
0.40169224
0.40169948
0.40170437
0.40170807
0.4017117
0.40171617
0.4017217
0.4017281
0.40173477
0.40174055
0.4017442
0.40174472
0.40174133
0.4017337
0.4017218
0.4017061
0.4016872
0.40166613
0.40164393
0.40162155
0.40159985
0.4015796
0.4015615
0.40154597
0.40153304
0.40152264
0.40151435
0.40150782
0.4015028
0.40149894
0.4014964
0.4014953
0.4014959
0.401498
0.4015015
0.40150622
0.40151176
0.4015179
0.40152466
0.40153235
0.4015415
0.40155247
0.40156564
0.40158114
0.40159884
0.40161836
0.40163898
0.40165982
0.4016797
0.40169725
0.4017115
0.40172157
0.40172708
0.40172789
0.40172416
0.40171665
0.4017063
0.4016943
0.40168202
0.401671
0.40166238
0.40165734
0.40165672
0.40166125
0.40167105
0.4016858
0.40170464
0.40172604
0.40174833
0.4017696
0.40178812
0.4018025
0.40181172
0.40181503
0.4018121
0.40180287
0.40178785
0.40176776
0.40174347
0.40171608
0.4016868
0.4016565
0.4016264
0.4015973
0.40156993
0.40154502
0.4015234
0.40150562
0.4014923
0.40148368
0.4014797
0.40148
0.40148377
0.40149015
0.40149832
0.4015074
0.40151665
0.40152544
0.40153313
0.40153968
0.4015453
0.40155068
0.4015566
0.401564
0.40157336
0.40158495
0.40159872
0.40161413
0.40163028
0.4016464
0.40166178
0.40167636
0.4016902
0.401704
0.40171862
0.40173465
0.4017525
0.40177196
0.40179244
0.40181303
0.40183273
0.40185052
0.40186545
0.40187663
0.40188333
0.40188515
0.401882
0.40187413
0.40186197
0.4018463
0.4018281
0.4018083
0.40178785
0.40176782
0.40174893
0.40173176
0.4017166
0.40170336
0.4016921
0.40168285
0.4016761
0.40167218
0.4016716
0.40167454
0.4016809
0.40169054
0.40170288
0.40171716
0.40173218
0.40174666
0.40175933
0.40176877
0.40177402
0.4017745
0.40177009
0.40176135
0.40174934
0.40173542
0.40172127
0.4017084
0.40169832
0.40169206
0.40169027
0.40169302
0.40169984
0.40171
0.40172225
0.40173534
0.40174755
0.40175754
0.4017643
0.40176702
0.40176556
0.40176025
0.40175197
0.401742
0.4017321
0.40172365
0.40171868
0.4017183
0.40172297
0.4017326
0.4017461
0.4017618
0.40177777
0.40179217
0.40180334
0.4018102
0.4018123
0.40180978
0.40180326
0.40179378
0.4017827
0.4017718
0.40176255
0.40175593
0.4017524
0.4017518
0.40175316
0.4017554
0.4017569
0.40175658
0.40175343
0.40174696
0.40173712
0.40172434
0.40170926
0.4016925
0.401675
0.4016573
0.4016399
0.4016227
0.40160555
0.40158808
0.4015702
0.401552
0.40153363
0.40151548
0.40149805
0.40148163
0.40146667
0.40145332
0.40144196
0.40143266
0.40142542
0.40142012
0.40141654
0.40141428
0.40141302
0.40141237
0.40141207
0.40141186
0.40141156
0.4014109
0.4014098
0.40140843
0.4014072
0.40140656
0.40140668
0.40140787
0.40141016
0.40141362
0.40141833
0.4014242
0.40143117
0.40143907
0.40144753
0.40145645
0.40146568
0.40147513
0.4014847
0.40149456
0.40150452
0.40151474
0.40152502
0.401535
0.40154403
0.40155157
0.40155682
0.4015595
0.40155983
0.40155846
0.4015561
0.4015533
0.40155065
0.40154815
0.40154594
0.40154395
0.4015421
0.40154013
0.4015378
0.40153474
0.40153098
0.40152636
0.40152106
0.4015153
0.4015096
0.40150467
0.40150073
0.40149817
0.4014971
0.4014975
0.40149957
0.40150356
0.4015098
0.4015187
0.40153047
0.4015451
0.4015623
0.4015815
0.40160173
0.40162203
0.40164128
0.40165868
0.40167385
0.40168706
0.40169892
0.40171075
0.40172362
0.40173852
0.40175584
0.40177512
0.40179566
0.4018162
0.4018356
0.40185282
0.4018672
0.40187827
0.4018858
0.40188965
0.4018899
0.4018866
0.40187997
0.40187028
0.40185767
0.40184227
0.4018241
0.4018034
0.40178034
0.4017555
0.40172952
0.40170342
0.40167814
0.4016546
0.4016337
0.40161607
0.40160227
0.4015927
0.40158713
0.40158513
0.40158606
0.401589
0.4015934
0.40159878
0.40160456
0.40161014
0.4016146
0.40161747
0.40161857
0.40161824
0.40161747
0.40161747
0.40161946
0.40162423
0.4016321
0.4016427
0.4016551
0.4016681
0.40168002
0.40168962
0.40169552
0.4016972
0.40169427
0.40168703
0.40167597
0.40166193
0.4016458
0.40162858
0.4016116
0.4015962
0.40158358
0.40157488
0.40157086
0.4015719
0.40157768
0.40158758
0.40160042
0.40161473
0.40162873
0.4016411
0.40165052
0.40165636
0.40165827
0.4016565
0.40165144
0.401644
0.40163496
0.40162513
0.40161508
0.40160534
0.40159622
0.40158805
0.40158114
0.401576
0.40157312
0.40157264
0.4015746
0.401579
0.40158573
0.40159458
0.40160507
0.40161654
0.40162817
0.40163898
0.4016482
0.4016554
0.4016604
0.4016633
0.40166458
0.40166447
0.401663
0.40166
0.40165478
0.40164703
0.40163633
0.4016228
0.40160698
0.40158948
0.40157127
0.4015535
0.40153715
0.40152302
0.40151185
0.4015039
0.4014993
0.40149802
0.40149993
0.40150464
0.40151176
0.40152073
0.40153074
0.401541
0.40155053
0.40155855
0.4015643
0.40156755
0.40156803
0.40156606
0.4015618
0.40155584
0.40154862
0.4015408
0.40153277
0.40152517
0.4015185
0.4015135
0.4015104
0.4015096
0.40151143
0.40151596
0.4015235
0.40153396
0.40154737
0.40156335
0.40158147
0.4016009
0.40162036
0.4016385
0.40165403
0.40166587
0.4016731
0.40167585
0.4016742
0.40166906
0.40166152
0.40165284
0.4016442
0.40163663
0.40163076
0.40162686
0.4016245
0.40162292
0.40162134
0.40161908
0.401616
0.4016123
0.40160844
0.4016048
0.40160167
0.40159902
0.40159655
0.4015939
0.40159073
0.40158707
0.4015833
0.40157983
0.4015772
0.40157586
0.40157607
0.40157792
0.40158108
0.40158528
0.4015898
0.40159413
0.40159798
0.40160167
0.40160564
0.4016105
0.40161675
0.40162447
0.40163362
0.40164346
0.4016532
0.40166175
0.40166798
0.40167108
0.4016704
0.401666
0.40165848
0.40164897
0.40163913
0.40163094
0.40162635
0.40162766
0.40163702
0.40165713
0.40169087
0.4017422
0.4018163
0.40192038
0.40206507
0.4022661
0.40254527
0.4029315
0.40346628
0.40420705
0.40523162
0.40664575
0.4085908
0.41128695
0.414958
0.41991323
0.4266259
0.4357393
0.44786587
