0.4425226
0.43200314
0.42411166
0.41817063
0.413737
0.4104661
0.40807283
0.40631595
0.4050338
0.40410593
0.40343496
0.4029515
0.40260354
0.40235257
0.40216994
0.40203497
0.40193275
0.40185302
0.4017886
0.40173504
0.40168944
0.40165007
0.4016162
0.40158725
0.40156317
0.4015438
0.40152863
0.40151742
0.40150955
0.40150493
0.40150318
0.40150422
0.40150788
0.40151358
0.40152073
0.40152842
0.40153557
0.40154096
0.40154362
0.4015429
0.40153894
0.40153202
0.4015231
0.40151322
0.40150347
0.40149468
0.40148786
0.40148357
0.4014823
0.40148437
0.40148985
0.40149862
0.4015104
0.40152448
0.40154043
0.40155745
0.40157515
0.4015927
0.4016092
0.40162322
0.40163356
0.40163904
0.40163898
0.40163335
0.40162274
0.4016083
0.4015912
0.40157282
0.40155452
0.40153748
0.4015228
0.40151137
0.40150374
0.40149996
0.40150014
0.40150383
0.4015105
0.4015195
0.40153047
0.4015427
0.40155575
0.40156892
0.40158185
0.40159443
0.4016066
0.40161818
0.40162897
0.40163878
0.40164718
0.40165368
0.40165794
0.40165988
0.40165988
0.40165854
0.40165657
0.40165478
0.40165365
0.4016536
0.40165475
0.40165764
0.40166298
0.40167153
0.40168393
0.40170032
0.4017204
0.40174323
0.40176752
0.4017917
0.40181392
0.40183252
0.40184593
0.40185323
0.40185377
0.40184736
0.40183437
0.40181556
0.4017921
0.4017656
0.40173805
0.40171117
0.40168688
0.40166673
0.40165165
0.40164223
0.40163842
0.40163967
0.40164503
0.40165323
0.4016627
0.4016718
0.40167928
0.40168425
0.40168652
0.4016863
0.40168437
0.4016816
0.40167883
0.4016767
0.40167564
0.4016757
0.4016767
0.4016783
0.40167984
0.4016808
0.4016807
0.40167886
0.4016748
0.40166816
0.40165895
0.4016476
0.40163523
0.40162304
0.40161252
0.40160534
0.40160245
0.40160483
0.40161303
0.40162694
0.40164632
0.40167052
0.4016985
0.40172893
0.40176
0.40179038
0.4018187
0.4018441
0.40186584
0.40188354
0.401897
0.40190613
0.4019108
0.4019109
0.40190616
0.4018966
0.40188226
0.4018634
0.4018404
0.40181375
0.4017844
0.40175328
0.40172148
0.40169033
0.40166092
0.40163413
0.40161046
0.40159026
0.40157384
0.40156138
0.40155283
0.40154782
0.40154573
0.4015459
0.40154764
0.40155038
0.40155372
0.40155753
0.4015615
0.40156564
0.4015701
0.4015752
0.4015812
0.4015881
0.40159598
0.4016044
0.4016131
0.4016212
0.40162757
0.4016313
0.40163174
0.40162835
0.40162122
0.40161073
0.40159777
0.40158316
0.40156817
0.4015538
0.40154085
0.40153012
0.40152207
0.40151724
0.4015161
0.4015188
0.40152553
0.4015361
0.4015501
0.401567
0.40158588
0.40160573
0.4016252
0.4016429
0.40165758
0.40166828
0.40167424
0.4016753
0.40167138
0.40166298
0.40165102
0.40163657
0.40162095
0.4016051
0.40158987
0.4015758
0.40156338
0.4015525
0.40154296
0.40153417
0.40152574
0.40151748
0.40150973
0.40150324
0.40149894
0.4014975
0.4014994
0.40150467
0.40151322
0.4015244
0.4015373
0.40155074
0.4015635
0.40157455
0.40158296
0.40158838
0.401591
0.40159178
0.40159193
0.40159297
0.40159595
0.40160185
0.4016109
0.40162295
0.4016372
0.4016523
0.40166673
0.40167874
0.40168706
0.4016908
0.40168977
0.4016845
0.40167594
0.4016655
0.4016549
0.4016457
0.40163895
0.4016352
0.40163437
0.40163556
0.40163767
0.4016395
0.40163994
0.40163848
0.40163496
0.40162945
0.40162218
0.40161312
0.40160233
0.40159005
0.40157676
0.40156364
0.40155178
0.40154287
0.4015379
0.40153825
0.40154454
0.40155706
0.4015757
0.4015999
0.4016287
0.40166065
0.4016941
0.40172708
0.40175787
0.40178484
0.40180686
0.4018231
0.4018331
0.40183678
0.40183446
0.40182677
0.40181473
0.40179974
0.4017834
0.40176743
0.40175325
0.40174192
0.401734
0.40172946
0.40172794
0.4017288
0.40173134
0.40173507
0.4017391
0.40174285
0.40174538
0.40174636
0.40174544
0.40174273
0.40173844
0.40173277
0.40172568
0.40171683
0.401706
0.40169322
0.4016789
0.40166378
0.40164903
0.40163562
0.40162456
0.40161613
0.40160993
0.40160528
0.40160096
0.40159568
0.4015887
0.40157965
0.4015688
0.40155685
0.40154454
0.4015325
0.40152118
0.40151078
0.40150136
0.40149298
0.4014859
0.40148044
0.40147707
0.40147635
0.40147844
0.4014836
0.40149167
0.40150252
0.40151578
0.40153122
0.4015486
0.4015677
0.40158805
0.40160945
0.40163133
0.40165332
0.40167496
0.40169603
0.40171647
0.40173638
0.40175584
0.40177476
0.4017932
0.401811
0.40182793
0.40184334
0.4018567
0.40186736
0.4018751
0.40187955
0.4018808
0.40187865
0.4018732
0.40186444
0.4018525
0.40183756
0.4018198
0.40179965
0.40177768
0.40175486
0.40173218
0.40171093
0.40169257
0.4016783
0.4016692
0.401666
0.40166885
0.4016773
0.40169036
0.4017068
0.40172482
0.40174267
0.40175882
0.40177187
0.40178087
0.40178502
0.40178415
0.40177843
0.4017683
0.40175435
0.40173766
0.40171883
0.40169865
0.40167764
0.40165597
0.4016339
0.40161163
0.40158957
0.4015688
0.40155038
0.40153536
0.4015248
0.40151945
0.4015195
0.40152493
0.40153554
0.4015508
0.40157044
0.401594
0.40162072
0.4016498
0.40168005
0.40171018
0.40173873
0.4017648
0.40178758
0.40180674
0.40182227
0.40183434
0.4018433
0.40184948
0.4018532
0.40185472
0.40185428
0.40185183
0.401847
0.40183914
0.4018273
0.40181118
0.40179053
0.4017659
0.40173838
0.40170932
0.4016806
0.40165398
0.40163085
0.40161225
0.4015985
0.40158963
0.40158546
0.40158528
0.40158886
0.40159553
0.4016044
0.40161473
0.40162545
0.40163618
0.40164655
0.40165633
0.4016651
0.401672
0.4016764
0.40167725
0.40167397
0.40166646
0.4016552
0.40164122
0.4016259
0.401611
0.40159765
0.40158707
0.40158
0.40157658
0.40157667
0.40157986
0.40158555
0.40159288
0.4016008
0.40160826
0.40161398
0.401617
0.40161642
0.40161237
0.4016051
0.40159556
0.4015851
0.4015751
0.40156692
0.40156183
0.4015603
0.40156287
0.4015696
0.4015802
0.40159434
0.40161106
0.40162963
0.40164912
0.40166885
0.40168816
0.401707
0.40172517
0.40174285
0.40176004
0.40177637
0.4017911
0.4018035
0.40181282
0.40181848
0.40182024
0.40181783
0.4018115
0.4018013
0.4017879
0.4017721
0.40175498
0.40173787
0.40172246
0.40171036
0.40170303
0.40170148
0.40170586
0.40171593
0.40173048
0.4017481
0.401767
0.4017856
0.4018028
0.4018175
0.40182918
0.40183714
0.40184143
0.40184188
0.40183842
0.40183106
0.4018198
0.4018049
0.40178663
0.40176573
0.40174338
0.40172085
0.40169957
0.40168086
0.40166533
0.40165326
0.40164417
0.40163755
0.4016326
0.40162873
0.40162575
0.40162376
0.40162307
0.40162423
0.40162754
0.401633
0.4016401
0.4016479
0.40165502
0.4016599
0.40166152
0.4016588
0.4016513
0.40163913
0.40162322
0.4016044
0.4015841
0.40156358
0.40154406
0.4015264
0.4015113
0.40149945
0.40149143
0.40148792
0.40148953
0.40149632
0.40150833
0.40152526
0.40154666
0.40157172
0.4015996
0.40162903
0.40165868
0.40168682
0.4017116
0.4017313
0.40174448
0.40175027
0.4017482
0.40173852
0.40172213
0.4017001
0.40167424
0.4016462
0.40161797
0.40159127
0.4015677
0.40154842
0.4015341
0.40152505
0.40152115
0.4015221
0.40152773
0.4015374
0.40155026
0.40156513
0.4015806
0.40159523
0.40160763
0.40161687
0.4016226
0.40162507
0.4016249
0.40162307
0.4016207
0.40161857
0.4016173
0.40161705
0.40161747
0.40161812
0.40161866
0.40161887
0.401619
0.4016192
0.40161958
0.40162048
0.40162155
0.401623
0.4016248
0.40162706
0.40162984
0.40163332
0.40163746
0.40164188
0.40164608
0.40164948
0.40165162
0.40165222
0.40165162
0.40165034
0.40164915
0.40164897
0.40165073
0.40165517
0.4016629
0.40167388
0.4016878
0.4017039
0.40172085
0.40173718
0.40175128
0.4017617
0.4017674
0.40176776
0.40176263
0.4017525
0.40173823
0.40172097
0.40170205
0.40168273
0.40166405
0.40164658
0.4016309
0.40161747
0.40160674
0.40159935
0.40159595
0.40159687
0.40160218
0.4016112
0.401623
0.40163627
0.4016494
0.4016611
0.4016702
0.40167564
0.4016767
0.40167278
0.40166387
0.40165046
0.40163335
0.40161392
0.40159324
0.40157253
0.40155295
0.4015353
0.40152073
0.4015099
0.40150356
0.40150192
0.40150502
0.40151247
0.40152374
0.40153807
0.4015545
0.401572
0.40158954
0.40160638
0.40162173
0.40163478
0.40164477
0.40165076
0.40165237
0.40164992
0.40164402
0.40163592
0.4016269
0.40161803
0.40160993
0.40160277
0.40159652
0.4015907
0.40158513
0.40157998
0.4015757
0.4015734
0.4015737
0.4015773
0.40158433
0.4015946
0.4016074
0.40162188
0.40163717
0.4016522
0.40166613
0.40167862
0.40168953
0.40169883
0.40170684
0.40171376
0.40171978
0.40172476
0.40172878
0.40173167
0.40173346
0.40173423
0.40173382
0.4017322
0.4017291
0.40172404
0.40171677
0.40170693
0.40169457
0.40167984
0.4016634
0.40164608
0.40162858
0.40161163
0.4015956
0.4015808
0.40156755
0.40155566
0.40154558
0.4015375
0.4015318
0.40152872
0.40152848
0.40153125
0.40153712
0.40154618
0.40155813
0.40157223
0.4015875
0.40160277
0.4016168
0.4016289
0.40163878
0.40164658
0.40165308
0.401659
0.40166512
0.40167183
0.40167913
0.4016868
0.40169382
0.40169942
0.4017025
0.40170264
0.40169984
0.40169457
0.40168768
0.4016802
0.4016733
0.40166777
0.4016642
0.40166283
0.40166366
0.40166643
0.40167114
0.401678
0.4016872
0.40169883
0.40171286
0.40172866
0.40174544
0.4017621
0.40177733
0.40178978
0.40179837
0.4018023
0.40180105
0.4017944
0.40178254
0.40176618
0.40174618
0.4017236
0.40169972
0.40167582
0.40165275
0.40163136
0.40161258
0.40159726
0.40158617
0.40157998
0.40157902
0.40158355
0.40159333
0.401608
0.4016267
0.40164828
0.40167156
0.40169522
0.4017183
0.40173978
0.40175852
0.4017732
0.4017827
0.40178618
0.4017833
0.40177405
0.40175906
0.40173918
0.40171576
0.40169019
0.40166378
0.40163794
0.40161386
0.40159243
0.40157443
0.40156037
0.40155017
0.40154362
0.40154013
0.40153942
0.40154114
0.40154558
0.40155277
0.4015631
0.40157673
0.40159371
0.40161413
0.40163755
0.40166333
0.40169033
0.40171716
0.4017421
0.40176374
0.40178078
0.40179235
0.40179798
0.40179777
0.401792
0.4017815
0.4017673
0.40175092
0.40173396
0.40171817
0.40170515
0.40169594
0.4016913
0.40169176
0.4016976
0.4017087
0.40172464
0.40174457
0.40176755
0.40179226
0.40181774
0.401843
0.40186745
0.4018903
0.40191114
0.40192974
0.40194583
0.40195927
0.4019702
0.40197846
0.40198407
0.40198684
0.4019864
0.40198237
0.40197435
0.4019621
0.40194538
0.40192395
0.40189794
0.4018674
0.40183267
0.40179428
0.40175328
0.40171093
0.40166885
0.40162873
0.4015922
0.40156025
0.4015334
0.40151167
0.40149468
0.40148172
0.40147212
0.40146524
0.4014604
0.40145728
0.40145573
0.40145567
0.4014572
0.40146026
0.40146497
0.4014715
0.4014798
0.40149003
0.40150207
0.40151605
0.401532
0.40155008
0.4015707
0.40159366
0.4016191
0.40164644
0.40167487
0.40170333
0.40173045
0.4017547
0.4017749
0.4017902
0.40179977
0.40180323
0.4018002
0.40179104
0.40177628
0.40175706
0.40173453
0.40171018
0.40168542
0.40166128
0.40163872
0.40161818
0.40159974
0.40158343
0.40156904
0.40155652
0.4015461
0.40153807
0.40153274
0.40153039
0.40153113
0.4015353
0.40154296
0.4015543
0.40156934
0.40158805
0.40161037
0.40163577
0.40166378
0.4016932
0.4017228
0.40175113
0.4017768
0.40179852
0.40181544
0.40182692
0.40183252
0.40183228
0.40182662
0.40181598
0.40180123
0.40178332
0.40176365
0.4017436
0.40172446
0.40170726
0.40169293
0.4016819
0.4016743
0.40166986
0.40166783
0.4016672
0.40166655
0.40166444
0.40165982
0.4016521
0.4016414
0.40162846
0.40161446
0.40160078
0.401589
0.40158054
0.40157643
0.40157738
0.40158367
0.40159512
0.4016113
0.40163136
0.40165436
0.40167904
0.40170375
0.40172705
0.40174744
0.40176386
0.40177593
0.40178365
0.4017875
0.40178826
0.40178692
0.40178448
0.40178156
0.40177876
0.40177575
0.4017722
0.40176776
0.40176195
0.4017547
0.40174633
0.4017372
0.40172806
0.40171945
0.40171197
0.4017058
0.40170082
0.40169647
0.401692
0.40168628
0.4016785
0.401668
0.40165478
0.4016393
0.40162253
0.40160567
0.40159008
0.401577
0.40156776
0.40156323
0.40156403
0.40157026
0.40158144
0.4015967
0.4016145
0.40163305
0.40165028
0.4016644
0.40167415
0.40167874
0.40167806
0.4016725
0.40166304
0.40165102
0.40163773
0.40162483
0.4016136
0.40160504
0.40160012
0.4015992
0.40160245
0.40160996
0.4016217
0.4016376
0.40165728
0.40167996
0.40170455
0.40172932
0.4017526
0.4017727
0.4017882
0.40179816
0.40180212
0.4018001
0.4017927
0.40178078
0.40176556
0.40174866
0.40173182
0.40171692
0.4017051
0.40169725
0.40169355
0.40169388
0.40169743
0.4017035
0.40171063
0.40171736
0.40172195
0.40172297
0.40171948
0.4017112
0.40169847
0.40168226
0.40166414
0.40164575
0.40162864
0.40161404
0.40160263
0.40159422
0.40158847
0.40158436
0.40158066
0.40157607
0.40156975
0.40156168
0.40155223
0.40154243
0.4015335
0.40152648
0.40152222
0.40152133
0.40152395
0.40153033
0.4015403
0.40155375
0.40157044
0.40158993
0.40161192
0.40163556
0.40165964
0.40168273
0.40170327
0.40171996
0.40173218
0.40173945
0.40174225
0.40174115
0.4017372
0.40173143
0.40172434
0.40171573
0.40170532
0.40169245
0.40167665
0.40165788
0.40163648
0.40161347
0.40158993
0.40156704
0.40154594
0.40152782
0.40151355
0.4015039
0.4014992
0.40149948
0.40150464
0.4015143
0.4015281
0.40154526
0.40156502
0.40158638
0.40160832
0.40163
0.4016506
0.4016698
0.4016877
0.40170467
0.40172127
0.40173784
0.4017542
0.40176997
0.4017845
0.40179688
0.4018064
0.40181223
0.4018139
0.401811
0.40180352
0.40179178
0.40177637
0.4017581
0.4017384
0.4017186
0.4016999
0.40168348
0.40167013
0.40166005
0.4016531
0.40164864
0.40164572
0.4016432
0.4016399
0.4016353
0.40162885
0.4016207
0.40161142
0.40160185
0.40159294
0.4015856
0.401581
0.40157983
0.40158257
0.40158918
0.40159938
0.40161252
0.401628
0.40164506
0.4016633
0.40168202
0.40170062
0.40171814
0.40173346
0.40174526
0.40175247
0.40175432
0.4017506
0.40174168
0.4017285
0.40171257
0.4016956
0.40167958
0.4016662
0.40165678
0.40165222
0.4016526
0.4016578
0.4016669
0.40167892
0.4016926
0.4017066
0.40172008
0.4017319
0.40174097
0.4017465
0.401748
0.40174532
0.40173894
0.40172973
0.4017187
0.40170702
0.4016954
0.40168408
0.4016731
0.40166217
0.40165105
0.40164
0.40162963
0.40162072
0.401614
0.40160984
0.40160823
0.4016089
0.40161148
0.4016154
0.40162033
0.4016256
0.4016307
0.40163475
0.4016372
0.40163767
0.40163624
0.40163326
0.4016289
0.40162337
0.40161666
0.40160882
0.40160012
0.40159088
0.40158185
0.40157375
0.40156752
0.40156367
0.40156242
0.4015637
0.40156716
0.40157208
0.4015778
0.40158334
0.4015881
0.40159178
0.40159458
0.4015975
0.4016012
0.40160656
0.40161407
0.4016239
0.40163553
0.40164828
0.40166125
0.40167332
0.4016837
0.40169173
0.40169707
0.4016997
0.4017
0.40169865
0.40169626
0.40169337
0.4016904
0.4016879
0.4016859
0.40168428
0.40168267
0.4016806
0.40167767
0.40167397
0.40167013
0.4016668
0.40166512
0.401666
0.40167022
0.40167835
0.40169054
0.40170667
0.40172583
0.40174696
0.4017687
0.4017896
0.40180823
0.40182367
0.40183488
0.40184137
0.4018432
0.4018402
0.40183297
0.40182194
0.4018081
0.40179226
0.40177518
0.4017574
0.40173894
0.4017198
0.40169972
0.4016788
0.40165716
0.4016355
0.40161476
0.40159583
0.4015798
0.4015674
0.40155908
0.40155506
0.4015553
0.40155932
0.4015664
0.40157548
0.40158534
0.40159526
0.40160468
0.40161356
0.4016219
0.40162992
0.40163764
0.40164503
0.4016519
0.4016584
0.401665
0.40167215
0.40168017
0.40168917
0.40169865
0.40170798
0.40171608
0.4017223
0.40172622
0.40172789
0.40172774
0.4017263
0.4017241
0.40172118
0.4017171
0.4017111
0.40170237
0.40169027
0.40167466
0.40165603
0.40163535
0.40161404
0.40159383
0.40157625
0.40156248
0.4015531
0.40154818
0.40154707
0.40154886
0.40155226
0.40155613
0.40155947
0.40156177
0.40156275
0.40156242
0.4015605
0.40155685
0.40155146
0.4015442
0.40153536
0.4015256
0.4015156
0.4015063
0.40149814
0.40149158
0.4014867
0.40148345
0.4014819
0.40148205
0.40148443
0.4014893
0.40149674
0.40150696
0.40151954
0.40153405
0.40154985
0.40156633
0.40158314
0.4016
0.4016165
0.40163207
0.4016459
0.40165716
0.40166512
0.40166962
0.4016709
0.40166965
0.40166667
0.40166256
0.40165758
0.40165195
0.40164566
0.40163898
0.40163225
0.40162614
0.40162095
0.40161723
0.40161532
0.40161577
0.401619
0.40162542
0.40163505
0.4016481
0.40166444
0.4016837
0.40170512
0.40172774
0.4017503
0.40177128
0.40178943
0.40180352
0.40181273
0.40181664
0.40181512
0.40180874
0.4017983
0.40178517
0.40177068
0.40175644
0.40174353
0.4017326
0.4017238
0.40171638
0.4017092
0.4017008
0.40168995
0.4016759
0.40165842
0.40163794
0.40161523
0.40159172
0.40156862
0.40154746
0.4015293
0.40151483
0.4015046
0.40149844
0.40149605
0.40149683
0.40150008
0.4015052
0.4015114
0.40151834
0.401526
0.40153474
0.4015449
0.40155652
0.4015694
0.40158275
0.4015955
0.4016065
0.4016145
0.4016185
0.4016184
0.4016145
0.40160713
0.40159762
0.40158665
0.40157512
0.4015636
0.4015524
0.40154183
0.4015319
0.4015231
0.4015157
0.4015102
0.40150717
0.40150678
0.40150955
0.40151575
0.40152583
0.40154
0.40155837
0.40158042
0.40160525
0.4016315
0.40165767
0.40168214
0.40170333
0.40172005
0.40173143
0.40173718
0.4017372
0.4017321
0.40172246
0.4017095
0.4016944
0.40167838
0.40166268
0.4016484
0.40163624
0.40162697
0.40162072
0.4016176
0.40161705
0.40161866
0.4016219
0.4016261
0.40163085
0.40163526
0.40163848
0.40163952
0.40163764
0.4016327
0.40162498
0.40161505
0.40160382
0.4015921
0.40158093
0.40157107
0.40156323
0.40155765
0.40155447
0.40155342
0.4015543
0.4015567
0.4015602
0.4015643
0.40156865
0.40157327
0.40157843
0.40158463
0.40159237
0.40160203
0.40161422
0.401629
0.4016458
0.40166366
0.40168113
0.40169644
0.4017079
0.40171418
0.40171435
0.4017083
0.4016964
0.40167975
0.40166005
0.40163907
0.40161884
0.4016008
0.4015862
0.4015758
0.40156966
0.40156764
0.40156925
0.40157402
0.40158147
0.40159136
0.40160325
0.401617
0.40163216
0.40164873
0.40166655
0.40168568
0.4017063
0.40172842
0.4017517
0.4017755
0.4017994
0.40182272
0.40184548
0.40186802
0.4018913
0.40191713
0.4019481
0.4019882
0.40204343
0.40212214
0.40223643
0.4024026
0.40264466
0.4029941
0.40349224
0.40419695
0.4051871
0.4065697
0.40848795
0.41116372
0.41482344
0.4197771
0.4264973
0.43562996
0.4477836
