0.44250035
0.4319729
0.42407304
0.4181229
0.41367963
0.4103986
0.40799585
0.40623054
0.40494132
0.4040085
0.40333465
0.40285045
0.4025036
0.40225518
0.4020761
0.40194532
0.40184778
0.40177286
0.4017138
0.401666
0.4016268
0.4015948
0.4015694
0.40155
0.40153605
0.4015269
0.40152174
0.40151983
0.40152058
0.40152335
0.40152785
0.40153405
0.40154198
0.40155178
0.40156373
0.40157762
0.40159318
0.4016101
0.40162763
0.4016453
0.4016629
0.40168032
0.40169805
0.4017165
0.4017357
0.40175542
0.40177476
0.40179262
0.40180737
0.4018181
0.4018239
0.4018244
0.40181962
0.40181008
0.40179685
0.4017811
0.4017641
0.40174702
0.40173048
0.40171453
0.40169913
0.40168414
0.40166938
0.40165523
0.4016421
0.40163025
0.40162003
0.40161118
0.40160355
0.40159678
0.40159062
0.40158486
0.40157914
0.40157336
0.4015674
0.40156135
0.4015555
0.4015501
0.40154564
0.40154222
0.40153977
0.40153804
0.4015368
0.401536
0.40153578
0.4015362
0.4015375
0.40153956
0.40154198
0.4015442
0.40154555
0.40154555
0.4015441
0.40154138
0.40153787
0.40153414
0.401531
0.4015293
0.40152964
0.40153223
0.401537
0.40154353
0.40155113
0.40155894
0.40156642
0.40157315
0.40157863
0.4015827
0.4015854
0.40158722
0.40158904
0.4015916
0.40159553
0.40160108
0.401608
0.40161592
0.4016238
0.4016306
0.40163553
0.40163794
0.4016377
0.40163532
0.40163162
0.4016279
0.40162525
0.40162444
0.40162575
0.4016289
0.40163314
0.40163746
0.40164077
0.40164223
0.40164152
0.40163848
0.40163344
0.4016268
0.4016191
0.4016114
0.40160456
0.40159956
0.40159684
0.4015968
0.4015993
0.40160364
0.4016091
0.40161464
0.40161943
0.4016229
0.40162465
0.40162438
0.40162215
0.40161818
0.40161276
0.4016062
0.4015987
0.4015904
0.4015815
0.4015723
0.40156335
0.40155542
0.40154925
0.40154532
0.40154395
0.401545
0.40154827
0.40155333
0.40155992
0.4015677
0.40157643
0.40158597
0.40159595
0.4016061
0.40161562
0.40162385
0.40163
0.4016338
0.40163532
0.40163505
0.40163356
0.4016313
0.40162817
0.40162387
0.40161774
0.401609
0.40159714
0.4015823
0.40156478
0.40154555
0.40152574
0.40150666
0.4014894
0.40147483
0.40146366
0.40145615
0.40145233
0.40145195
0.4014547
0.40146023
0.40146837
0.4014789
0.40149182
0.40150708
0.40152445
0.40154353
0.4015635
0.40158352
0.40160233
0.4016189
0.40163252
0.40164286
0.40165037
0.40165555
0.40165928
0.40166238
0.4016654
0.4016686
0.40167218
0.40167585
0.4016792
0.40168175
0.40168297
0.40168235
0.4016796
0.40167397
0.40166485
0.40165162
0.4016343
0.40161312
0.40158892
0.40156272
0.4015355
0.40150824
0.40148187
0.40145728
0.401435
0.40141544
0.4013986
0.4013845
0.40137294
0.40136367
0.4013563
0.40135065
0.4013465
0.4013437
0.40134227
0.40134212
0.40134326
0.4013458
0.4013495
0.40135434
0.40135992
0.4013658
0.40137148
0.40137643
0.4013803
0.40138304
0.40138468
0.40138587
0.4013872
0.40138927
0.4013924
0.40139693
0.40140277
0.40140986
0.40141788
0.4014266
0.4014357
0.401445
0.40145436
0.40146363
0.4014727
0.4014816
0.40149048
0.40149966
0.4015092
0.40151945
0.40153039
0.4015421
0.40155444
0.4015671
0.40157968
0.40159166
0.40160277
0.40161318
0.40162337
0.40163404
0.40164572
0.4016585
0.40167204
0.40168568
0.40169904
0.40171164
0.4017236
0.4017354
0.40174755
0.40176052
0.40177444
0.40178907
0.40180385
0.40181792
0.4018305
0.4018409
0.40184847
0.40185267
0.4018532
0.4018499
0.40184274
0.401832
0.40181804
0.40180138
0.40178272
0.40176305
0.40174338
0.4017248
0.40170863
0.40169573
0.4016865
0.40168086
0.40167817
0.4016772
0.4016766
0.40167496
0.40167144
0.4016656
0.40165788
0.40164873
0.40163904
0.40162933
0.40161994
0.401611
0.40160254
0.40159452
0.4015868
0.40157923
0.40157145
0.40156335
0.40155455
0.4015449
0.40153465
0.40152407
0.401514
0.40150505
0.40149796
0.40149307
0.4014905
0.40149042
0.40149277
0.40149757
0.4015046
0.40151355
0.40152386
0.40153483
0.40154588
0.40155622
0.40156513
0.40157193
0.40157607
0.40157738
0.40157598
0.40157256
0.40156785
0.40156287
0.40155837
0.4015552
0.40155396
0.4015546
0.40155706
0.40156075
0.40156487
0.40156862
0.40157142
0.40157282
0.4015731
0.40157247
0.40157112
0.4015692
0.4015665
0.40156284
0.4015583
0.40155342
0.4015488
0.401545
0.40154254
0.40154165
0.4015425
0.40154514
0.4015496
0.40155575
0.40156335
0.40157202
0.40158096
0.4015892
0.40159565
0.40159962
0.4016008
0.40159968
0.40159696
0.40159366
0.40159065
0.4015885
0.4015875
0.40158775
0.4015892
0.40159157
0.40159437
0.4015971
0.4015991
0.40159994
0.40159947
0.40159804
0.40159613
0.4015946
0.40159434
0.40159598
0.40159962
0.40160528
0.4016125
0.40162066
0.40162933
0.4016384
0.40164754
0.40165654
0.4016649
0.40167195
0.40167704
0.4016799
0.40168047
0.40167904
0.4016758
0.40167108
0.40166545
0.40165946
0.40165392
0.40164965
0.40164766
0.40164864
0.40165308
0.40166083
0.40167135
0.40168378
0.40169686
0.40170935
0.4017204
0.40172946
0.40173638
0.4017412
0.40174422
0.40174553
0.40174517
0.40174276
0.40173784
0.40172982
0.40171865
0.40170455
0.40168813
0.40167063
0.40165338
0.4016378
0.40162492
0.4016154
0.40160963
0.40160733
0.40160802
0.4016109
0.40161502
0.40161943
0.4016236
0.40162718
0.40163037
0.40163332
0.4016362
0.40163916
0.40164217
0.40164495
0.4016469
0.40164787
0.40164724
0.40164512
0.40164182
0.4016381
0.40163505
0.40163413
0.40163624
0.40164217
0.40165192
0.40166494
0.40168032
0.40169683
0.40171307
0.4017275
0.40173867
0.4017458
0.4017484
0.40174648
0.40174043
0.40173098
0.40171885
0.4017048
0.4016898
0.4016748
0.40166092
0.40164894
0.40163958
0.4016328
0.4016285
0.40162623
0.40162542
0.40162575
0.40162703
0.40162933
0.40163252
0.401636
0.40163937
0.40164196
0.4016432
0.40164274
0.40164074
0.40163717
0.4016324
0.40162638
0.4016191
0.40161055
0.401601
0.40159097
0.40158135
0.40157327
0.4015677
0.4015654
0.4015669
0.40157223
0.4015811
0.40159276
0.4016063
0.40162045
0.40163386
0.40164495
0.40165251
0.401656
0.4016555
0.40165162
0.40164545
0.40163845
0.4016319
0.40162694
0.40162447
0.40162498
0.40162832
0.40163407
0.40164122
0.40164852
0.4016546
0.40165824
0.40165848
0.40165478
0.40164724
0.40163636
0.40162307
0.4016086
0.40159416
0.40158102
0.40157035
0.40156305
0.40155968
0.40156043
0.40156513
0.40157348
0.4015847
0.4015979
0.4016119
0.40162542
0.40163732
0.40164658
0.40165275
0.4016558
0.40165642
0.40165552
0.4016547
0.40165547
0.401659
0.401666
0.40167627
0.40168884
0.40170214
0.40171424
0.40172318
0.4017275
0.40172595
0.4017183
0.40170464
0.40168574
0.40166304
0.4016382
0.40161267
0.40158775
0.40156424
0.40154257
0.4015231
0.40150574
0.40149045
0.4014772
0.40146556
0.40145546
0.40144667
0.40143943
0.40143383
0.40143016
0.40142864
0.40142944
0.40143272
0.40143856
0.40144697
0.4014581
0.40147194
0.40148833
0.4015069
0.40152705
0.40154788
0.40156856
0.40158847
0.40160707
0.4016238
0.40163806
0.40164918
0.40165666
0.40166038
0.40166065
0.4016582
0.40165398
0.40164945
0.401646
0.40164495
0.401647
0.40165275
0.4016621
0.40167508
0.40169096
0.40170872
0.401727
0.40174413
0.40175864
0.40176925
0.4017751
0.40177575
0.40177122
0.40176222
0.40174988
0.401736
0.40172246
0.40171134
0.4017043
0.40170273
0.4017072
0.40171817
0.4017354
0.40175804
0.40178493
0.4018143
0.40184444
0.40187353
0.4019
0.40192267
0.40194055
0.4019531
0.40196005
0.4019613
0.40195704
0.40194735
0.4019326
0.40191308
0.40188944
0.40186217
0.40183204
0.40179983
0.40176657
0.401733
0.4017
0.40166855
0.40163884
0.40161136
0.40158623
0.40156376
0.40154412
0.40152723
0.40151316
0.40150157
0.40149218
0.4014847
0.4014789
0.40147445
0.40147135
0.4014694
0.4014683
0.40146795
0.40146804
0.40146858
0.4014693
0.40147018
0.4014712
0.40147266
0.40147498
0.40147862
0.40148383
0.40149084
0.4014995
0.40150973
0.40152138
0.40153456
0.4015492
0.40156496
0.40158165
0.40159842
0.4016143
0.40162832
0.4016395
0.40164706
0.40165094
0.40165138
0.40164918
0.40164548
0.40164188
0.4016394
0.40163904
0.4016411
0.4016454
0.40165135
0.40165806
0.40166482
0.40167114
0.4016771
0.40168306
0.40168983
0.4016981
0.40170848
0.40172115
0.40173587
0.40175197
0.40176845
0.40178427
0.40179816
0.40180913
0.4018163
0.40181887
0.40181634
0.40180865
0.40179563
0.40177765
0.4017553
0.40172935
0.40170076
0.4016709
0.40164122
0.40161294
0.40158707
0.4015642
0.40154448
0.4015279
0.40151423
0.40150297
0.4014935
0.4014855
0.40147865
0.40147284
0.40146795
0.40146393
0.4014605
0.40145764
0.40145463
0.40145132
0.40144724
0.4014426
0.40143752
0.40143242
0.4014279
0.40142444
0.40142268
0.40142316
0.4014263
0.40143216
0.40144062
0.40145102
0.4014627
0.4014747
0.40148625
0.40149626
0.40150437
0.40151033
0.4015143
0.40151638
0.40151685
0.40151605
0.40151417
0.4015114
0.40150833
0.4015052
0.40150264
0.40150103
0.4015006
0.40150136
0.40150297
0.4015051
0.40150732
0.4015093
0.40151113
0.40151295
0.40151533
0.4015187
0.40152347
0.40152997
0.40153837
0.40154868
0.40156084
0.4015746
0.40158963
0.40160546
0.40162167
0.40163785
0.4016538
0.40166956
0.40168536
0.40170118
0.40171698
0.4017324
0.40174663
0.40175894
0.40176836
0.40177417
0.40177566
0.40177262
0.40176496
0.40175334
0.4017388
0.4017227
0.40170693
0.40169367
0.40168464
0.4016812
0.40168405
0.4016929
0.401707
0.40172493
0.40174484
0.4017648
0.40178287
0.40179732
0.40180698
0.40181085
0.40180865
0.40180022
0.40178585
0.401766
0.40174147
0.4017133
0.4016827
0.4016511
0.40162018
0.40159124
0.40156567
0.4015443
0.40152755
0.40151545
0.40150785
0.40150458
0.40150538
0.40151006
0.40151834
0.40152982
0.4015441
0.40156052
0.40157828
0.4015965
0.40161398
0.40162984
0.40164343
0.40165442
0.40166315
0.40167007
0.40167603
0.40168196
0.4016886
0.4016967
0.4017066
0.40171832
0.40173122
0.40174457
0.40175712
0.40176776
0.40177536
0.40177897
0.40177777
0.4017716
0.40176034
0.40174434
0.4017246
0.40170234
0.401679
0.4016562
0.40163526
0.4016173
0.4016026
0.4015915
0.4015835
0.40157795
0.40157425
0.4015719
0.4015704
0.4015698
0.40156966
0.4015695
0.40156877
0.40156674
0.40156293
0.40155733
0.40155023
0.4015424
0.40153465
0.40152788
0.4015228
0.4015198
0.40151912
0.40152055
0.40152362
0.4015279
0.40153265
0.401537
0.40154028
0.4015421
0.4015423
0.40154162
0.40154064
0.4015402
0.4015412
0.4015445
0.4015505
0.40155947
0.40157136
0.4015855
0.40160114
0.4016173
0.40163302
0.40164796
0.40166205
0.40167567
0.40168926
0.40170315
0.4017174
0.40173155
0.4017449
0.40175644
0.4017651
0.40177006
0.4017705
0.4017663
0.40175736
0.40174422
0.40172762
0.40170863
0.4016885
0.40166843
0.40164962
0.40163293
0.40161896
0.4016079
0.40159985
0.40159494
0.40159366
0.40159705
0.40160698
0.4016259
0.4016573
0.40170583
0.4017773
0.40187976
0.40202442
0.40222755
0.40251058
0.4029026
0.40344456
0.40419325
0.40522557
0.40664658
0.4085972
0.41129768
0.41497138
0.41992787
0.42664048
0.43575212
0.44787565
