0.4425262
0.43200955
0.42412224
0.41818675
0.41375932
0.4104947
0.40810636
0.40635258
0.40507093
0.4041408
0.4034647
0.40297413
0.40261817
0.4023595
0.40217075
0.4020325
0.40193087
0.4018559
0.40180036
0.40175882
0.40172702
0.40170178
0.40168077
0.40166262
0.40164685
0.4016336
0.401623
0.4016155
0.40161106
0.40160933
0.40160966
0.40161106
0.4016122
0.4016118
0.4016091
0.40160355
0.40159526
0.40158477
0.40157297
0.40156066
0.40154877
0.40153804
0.40152922
0.40152314
0.40152037
0.4015213
0.4015261
0.40153491
0.40154764
0.40156403
0.40158358
0.40160552
0.40162885
0.4016529
0.4016775
0.4017036
0.40173346
0.4017713
0.40182373
0.40190008
0.4020134
0.40218115
0.40242934
0.4027883
0.40330073
0.4040247
0.40503857
0.40644833
0.4083955
0.41110048
0.41478553
0.41975975
0.42649657
0.4356366
0.4477912
