0.4426118
0.4321156
0.42423877
0.41830304
0.4138646
0.4105786
0.40816134
0.4063738
0.40505657
0.40409288
0.40338746
0.40287334
0.40250042
0.40223143
0.4020386
0.4019014
0.40180463
0.4017368
0.40168935
0.40165585
0.401632
0.40161476
0.4016022
0.40159324
0.40158686
0.4015823
0.4015788
0.4015758
0.40157288
0.40156993
0.40156665
0.4015628
0.40155786
0.40155146
0.40154362
0.40153465
0.40152526
0.40151632
0.4015086
0.4015028
0.4014995
0.4014989
0.40150103
0.40150568
0.4015123
0.40152055
0.40152994
0.40154055
0.4015524
0.40156555
0.40157974
0.4015943
0.40160844
0.40162107
0.4016314
0.40163904
0.40164393
0.4016464
0.401647
0.40164632
0.40164506
0.40164357
0.40164182
0.40163958
0.4016364
0.40163207
0.40162668
0.40162066
0.40161458
0.40160888
0.4016041
0.40160048
0.4015985
0.40159845
0.40160033
0.40160385
0.40160847
0.40161332
0.40161747
0.40162003
0.4016202
0.40161765
0.40161252
0.4016056
0.40159774
0.40159017
0.40158385
0.40157965
0.40157798
0.40157914
0.4015829
0.40158877
0.40159622
0.40160456
0.40161312
0.40162125
0.40162885
0.40163592
0.4016428
0.40164956
0.40165615
0.40166247
0.40166822
0.4016733
0.40167776
0.40168196
0.4016861
0.40169057
0.40169573
0.40170205
0.40171006
0.40172046
0.40173388
0.40175042
0.40176964
0.40179062
0.4018117
0.40183115
0.4018477
0.4018601
0.4018676
0.40186995
0.40186706
0.40185922
0.40184668
0.40182987
0.40180907
0.40178484
0.40175763
0.40172815
0.4016972
0.40166575
0.4016348
0.40160534
0.40157813
0.40155414
0.40153426
0.4015193
0.40150973
0.40150562
0.4015068
0.40151256
0.40152204
0.40153432
0.4015483
0.40156332
0.40157828
0.40159273
0.40160593
0.40161732
0.40162635
0.4016331
0.40163797
0.4016419
0.4016459
0.40165073
0.40165707
0.40166503
0.40167454
0.40168542
0.4016977
0.4017115
0.4017267
0.4017429
0.40175942
0.40177518
0.4017892
0.40180045
0.40180796
0.40181136
0.40181017
0.4018043
0.40179396
0.4017797
0.40176255
0.40174353
0.40172407
0.40170524
0.4016877
0.40167204
0.4016582
0.40164623
0.40163642
0.40162915
0.401625
0.40162444
0.40162772
0.40163475
0.401645
0.4016574
0.40167043
0.40168226
0.4016911
0.40169546
0.40169424
0.4016868
0.4016731
0.4016539
0.4016301
0.40160325
0.40157485
0.40154633
0.40151912
0.40149406
0.40147203
0.40145347
0.40143865
0.40142787
0.40142116
0.4014186
0.4014202
0.4014261
0.4014364
0.40145105
0.4014701
0.40149334
0.40152028
0.40155068
0.40158373
0.4016185
0.40165392
0.40168858
0.40172127
0.4017511
0.40177742
0.40179986
0.4018179
0.4018315
0.40184042
0.40184462
0.4018441
0.4018391
0.4018298
0.40181652
0.4018
0.4017814
0.40176228
0.40174413
0.4017287
0.40171713
0.4017101
0.40170768
0.40170908
0.40171322
0.40171844
0.401723
0.4017253
0.40172404
0.4017185
0.4017086
0.40169477
0.40167817
0.40166032
0.40164292
0.40162742
0.40161505
0.4016065
0.4016019
0.40160096
0.401603
0.4016071
0.40161237
0.40161797
0.4016238
0.4016302
0.40163767
0.40164664
0.40165716
0.4016687
0.4016804
0.40169108
0.4016995
0.40170506
0.40170744
0.40170693
0.40170413
0.40169957
0.40169355
0.40168634
0.40167776
0.40166718
0.40165433
0.40163893
0.40162107
0.40160125
0.40158054
0.40156
0.4015408
0.4015238
0.4015098
0.40149924
0.40149245
0.40148938
0.40148988
0.40149397
0.401501
0.40151033
0.4015211
0.40153235
0.40154308
0.4015526
0.40156037
0.4015665
0.40157124
0.4015754
0.40157974
0.40158504
0.4015921
0.40160125
0.40161237
0.40162483
0.4016376
0.40164965
0.40165955
0.40166646
0.40166995
0.40167007
0.40166727
0.40166256
0.401657
0.4016519
0.40164816
0.40164658
0.40164754
0.40165088
0.40165642
0.40166348
0.40167123
0.4016785
0.40168437
0.40168786
0.40168858
0.4016862
0.40168092
0.40167356
0.4016651
0.40165654
0.40164912
0.40164372
0.40164104
0.40164164
0.40164572
0.40165332
0.4016642
0.40167767
0.40169266
0.40170768
0.40172112
0.40173143
0.40173754
0.40173864
0.40173456
0.40172562
0.40171272
0.40169728
0.40168062
0.40166426
0.40164933
0.40163663
0.4016266
0.4016191
0.4016137
0.4016097
0.40160617
0.4016023
0.401598
0.40159348
0.4015894
0.40158647
0.4015857
0.40158802
0.40159416
0.40160468
0.40161934
0.40163764
0.40165865
0.40168083
0.4017024
0.40172148
0.40173635
0.40174577
0.4017488
0.40174532
0.40173584
0.40172148
0.40170375
0.40168467
0.40166637
0.40165058
0.4016388
0.40163174
0.40162942
0.40163127
0.40163618
0.40164274
0.40164906
0.4016535
0.40165454
0.40165138
0.40164384
0.40163234
0.40161783
0.40160164
0.401585
0.40156934
0.40155542
0.4015439
0.40153491
0.4015282
0.40152323
0.40151912
0.40151486
0.40150973
0.40150347
0.4014962
0.40148836
0.4014804
0.40147293
0.40146625
0.4014604
0.4014554
0.40145114
0.40144765
0.40144494
0.40144306
0.40144214
0.40144214
0.40144303
0.4014446
0.40144697
0.40145028
0.40145478
0.40146038
0.40146726
0.40147522
0.40148398
0.4014933
0.4015031
0.40151298
0.4015231
0.40153354
0.4015441
0.40155473
0.4015657
0.40157712
0.40158904
0.40160125
0.4016135
0.40162525
0.40163597
0.4016453
0.40165287
0.40165842
0.40166175
0.401663
0.4016623
0.4016596
0.40165493
0.40164796
0.4016388
0.40162772
0.40161517
0.40160173
0.4015883
0.40157565
0.4015651
0.40155745
0.40155342
0.40155336
0.40155736
0.40156513
0.40157634
0.40159032
0.4016063
0.40162352
0.40164095
0.40165734
0.40167114
0.401681
0.40168568
0.40168473
0.40167814
0.40166673
0.40165165
0.40163445
0.40161648
0.40159896
0.40158254
0.4015677
0.40155488
0.4015442
0.4015361
0.40153068
0.40152806
0.40152815
0.40153068
0.40153518
0.40154102
0.4015477
0.4015546
0.40156156
0.40156803
0.40157375
0.4015782
0.40158093
0.4015816
0.40158018
0.40157685
0.401572
0.40156624
0.4015602
0.40155435
0.40154937
0.40154546
0.40154293
0.40154174
0.40154207
0.40154362
0.4015463
0.4015501
0.40155485
0.40156057
0.40156728
0.4015751
0.40158388
0.4015934
0.40160337
0.4016132
0.40162233
0.4016302
0.40163642
0.4016404
0.4016417
0.40164024
0.40163597
0.40162927
0.40162057
0.40161055
0.40159997
0.40158978
0.40158066
0.4015732
0.40156743
0.40156302
0.40155923
0.4015554
0.4015505
0.40154415
0.40153646
0.401528
0.40151945
0.40151176
0.40150577
0.40150228
0.40150207
0.40150595
0.4015146
0.40152878
0.40154907
0.4015758
0.40160936
0.40164992
0.40169805
0.40175495
0.40182263
0.4019054
0.40200984
0.40214697
0.40233266
0.4025915
0.40295374
0.40346304
0.40417862
0.4051804
0.4065758
0.40850732
0.41119605
0.41486594
0.41982564
0.42654786
0.43567532
0.4478186
