0.44269195
0.43222293
0.4243725
0.41846284
0.4140497
0.41078806
0.40839115
0.40661973
0.4053135
0.4043547
0.4036481
0.4031272
0.40274307
0.40245995
0.40225175
0.40209973
0.40199023
0.40191317
0.40186086
0.40182707
0.40180683
0.40179566
0.4017901
0.4017875
0.40178603
0.4017846
0.40178284
0.40178084
0.40177912
0.40177852
0.4017798
0.40178376
0.40179065
0.40180013
0.4018116
0.40182385
0.40183583
0.4018465
0.40185484
0.40186018
0.40186197
0.40185997
0.40185407
0.40184426
0.40183127
0.4018159
0.4017994
0.4017831
0.4017683
0.4017558
0.40174627
0.40173933
0.4017343
0.40173033
0.40172666
0.40172294
0.40171912
0.40171564
0.4017129
0.40171134
0.4017111
0.40171167
0.4017122
0.40171152
0.40170884
0.40170342
0.4016952
0.40168455
0.40167224
0.40165925
0.40164647
0.40163457
0.4016241
0.40161535
0.4016086
0.40160388
0.4016011
0.4015998
0.40159896
0.4015975
0.4015942
0.40158838
0.40157983
0.40156916
0.40155742
0.40154603
0.4015363
0.40152958
0.40152672
0.40152833
0.40153468
0.40154573
0.40156144
0.40158153
0.40160578
0.40163404
0.4016657
0.40170014
0.40173662
0.4017739
0.40181074
0.4018459
0.40187842
0.40190747
0.40193248
0.40195316
0.4019693
0.4019809
0.4019878
0.40199012
0.4019879
0.4019815
0.4019712
0.4019572
0.40193984
0.4019192
0.4018957
0.40186962
0.40184143
0.401812
0.40178245
0.4017541
0.4017281
0.40170538
0.40168634
0.4016708
0.40165848
0.4016482
0.40163934
0.40163115
0.401623
0.40161487
0.40160686
0.40159914
0.4015921
0.40158588
0.40158054
0.40157574
0.40157086
0.40156513
0.40155822
0.40154994
0.40154085
0.4015319
0.4015239
0.40151778
0.40151426
0.40151352
0.40151572
0.40152043
0.40152705
0.40153491
0.40154287
0.40155023
0.4015564
0.40156147
0.40156573
0.40157
0.40157512
0.40158197
0.40159118
0.40160316
0.40161765
0.401634
0.40165094
0.40166697
0.40168035
0.40168947
0.4016929
0.40168977
0.4016801
0.40166438
0.4016439
0.40162048
0.40159598
0.4015726
0.40155232
0.40153673
0.40152705
0.4015238
0.40152732
0.4015373
0.4015532
0.40157387
0.4015981
0.40162423
0.40165058
0.40167594
0.40169916
0.40171975
0.40173754
0.40175277
0.4017656
0.4017765
0.40178543
0.40179226
0.40179685
0.40179908
0.40179867
0.40179548
0.40178928
0.40177974
0.40176684
0.40175077
0.40173218
0.40171206
0.40169168
0.40167207
0.40165406
0.4016381
0.40162423
0.4016125
0.40160254
0.4015939
0.4015859
0.40157813
0.40157026
0.40156224
0.4015545
0.40154743
0.4015415
0.401537
0.40153438
0.40153387
0.40153566
0.40153986
0.4015464
0.40155488
0.40156478
0.40157503
0.40158436
0.40159166
0.40159628
0.40159833
0.40159836
0.40159774
0.4015984
0.40160194
0.40160978
0.40162274
0.40164113
0.40166423
0.40169102
0.40171972
0.40174833
0.401775
0.40179795
0.4018159
0.40182784
0.4018334
0.4018325
0.40182543
0.40181285
0.40179577
0.40177524
0.40175277
0.4017296
0.40170684
0.40168494
0.4016639
0.4016436
0.40162346
0.4016035
0.4015838
0.4015649
0.40154734
0.4015313
0.40151706
0.40150452
0.40149352
0.4014842
0.40147656
0.4014706
0.40146655
0.4014646
0.40146515
0.4014685
0.4014746
0.4014834
0.40149453
0.4015075
0.40152192
0.4015373
0.40155324
0.40156943
0.40158585
0.40160212
0.40161777
0.40163198
0.4016438
0.40165251
0.4016575
0.40165877
0.4016565
0.4016514
0.4016442
0.4016354
0.40162528
0.40161386
0.40160134
0.40158796
0.40157425
0.4015612
0.40154994
0.40154105
0.401535
0.40153202
0.40153176
0.40153408
0.40153858
0.401545
0.40155274
0.40156123
0.4015696
0.40157712
0.40158316
0.4015874
0.4015898
0.40159106
0.40159196
0.4015936
0.40159672
0.4016018
0.40160885
0.40161765
0.40162775
0.40163854
0.40164915
0.40165842
0.4016653
0.401669
0.40166897
0.40166542
0.40165895
0.40165064
0.40164182
0.40163353
0.4016268
0.401622
0.4016196
0.40161976
0.4016226
0.4016279
0.40163532
0.40164408
0.4016532
0.40166134
0.40166718
0.40166947
0.4016675
0.40166137
0.40165144
0.4016388
0.40162456
0.40160963
0.4015951
0.40158144
0.40156916
0.40155834
0.40154907
0.4015413
0.40153494
0.40153003
0.40152636
0.4015239
0.4015227
0.40152264
0.4015238
0.401526
0.40152898
0.40153238
0.40153578
0.40153876
0.4015412
0.40154344
0.401546
0.40154967
0.40155524
0.4015636
0.40157512
0.40159008
0.40160817
0.40162882
0.40165094
0.40167338
0.40169472
0.4017136
0.40172893
0.40173972
0.4017456
0.40174633
0.40174225
0.40173388
0.40172207
0.40170804
0.40169314
0.40167898
0.4016667
0.40165716
0.40165085
0.40164778
0.40164793
0.40165117
0.40165713
0.4016651
0.40167388
0.4016824
0.40168926
0.4016937
0.40169522
0.40169412
0.40169114
0.40168738
0.40168405
0.4016824
0.40168318
0.4016872
0.4016949
0.4017063
0.40172186
0.40174124
0.401764
0.4017892
0.4018153
0.40184098
0.4018647
0.40188506
0.401901
0.40191177
0.40191683
0.40191603
0.40190914
0.4018964
0.40187806
0.40185446
0.40182656
0.40179548
0.40176257
0.40172943
0.4016974
0.40166736
0.4016399
0.40161505
0.4015926
0.40157232
0.40155396
0.4015376
0.40152347
0.40151167
0.40150252
0.4014961
0.40149245
0.40149146
0.40149298
0.40149707
0.40150374
0.40151292
0.40152442
0.4015379
0.40155312
0.4015696
0.40158692
0.40160483
0.40162298
0.40164092
0.4016581
0.401674
0.40168825
0.4017001
0.401709
0.40171444
0.40171638
0.40171513
0.40171105
0.40170464
0.40169632
0.4016867
0.40167654
0.40166646
0.40165707
0.40164876
0.4016417
0.40163615
0.4016319
0.40162858
0.40162587
0.4016232
0.4016197
0.40161473
0.40160772
0.4015987
0.4015879
0.40157586
0.40156302
0.4015497
0.40153617
0.4015227
0.40150955
0.40149742
0.401487
0.40147898
0.4014742
0.40147316
0.4014765
0.40148434
0.40149674
0.40151337
0.40153334
0.40155548
0.40157828
0.4016
0.40161908
0.4016339
0.40164343
0.40164718
0.40164554
0.40163913
0.40162918
0.40161675
0.40160286
0.4015884
0.40157375
0.4015594
0.40154567
0.40153322
0.40152243
0.4015139
0.40150818
0.40150553
0.40150604
0.40150928
0.40151486
0.40152165
0.40152895
0.40153545
0.4015403
0.40154332
0.40154442
0.40154424
0.40154347
0.40154257
0.40154257
0.4015441
0.40154752
0.40155295
0.40156004
0.40156853
0.4015776
0.4015867
0.40159535
0.40160355
0.4016113
0.40161884
0.40162638
0.4016336
0.4016398
0.40164393
0.40164506
0.40164238
0.40163556
0.4016249
0.40161115
0.40159565
0.4015795
0.4015636
0.40154853
0.40153465
0.4015221
0.40151092
0.40150118
0.4014926
0.40148503
0.40147823
0.40147185
0.4014659
0.40146053
0.40145588
0.40145224
0.40144968
0.40144828
0.4014482
0.40144968
0.401453
0.40145823
0.40146574
0.40147558
0.40148783
0.40150234
0.40151876
0.40153655
0.40155506
0.40157342
0.40159094
0.40160728
0.40162227
0.40163615
0.40164924
0.4016616
0.4016733
0.40168387
0.40169266
0.40169922
0.40170312
0.40170446
0.40170363
0.40170118
0.40169734
0.4016922
0.40168568
0.4016774
0.40166718
0.40165517
0.4016417
0.4016276
0.4016135
0.40160015
0.4015881
0.40157813
0.4015706
0.40156585
0.40156394
0.40156496
0.40156904
0.401576
0.40158594
0.40159863
0.40161383
0.40163118
0.40165028
0.4016704
0.40169054
0.4017097
0.40172714
0.40174234
0.40175506
0.40176558
0.40177462
0.40178305
0.40179157
0.40180078
0.40181077
0.4018211
0.40183124
0.40184063
0.40184906
0.4018567
0.401864
0.40187162
0.40188012
0.4018898
0.4019007
0.40191245
0.4019244
0.40193596
0.40194663
0.401956
0.40196383
0.4019701
0.40197495
0.40197828
0.40198025
0.40198088
0.4019801
0.4019777
0.40197334
0.4019668
0.4019578
0.40194613
0.40193143
0.4019133
0.40189165
0.40186656
0.40183824
0.40180752
0.4017752
0.4017423
0.40170997
0.40167898
0.40164992
0.4016232
0.40159923
0.4015781
0.40155995
0.40154463
0.40153188
0.4015216
0.40151373
0.40150833
0.40150526
0.40150434
0.401505
0.40150663
0.40150863
0.40151072
0.40151295
0.40151578
0.40151972
0.4015251
0.40153217
0.40154064
0.40155002
0.40155986
0.4015694
0.4015784
0.40158698
0.4015954
0.40160438
0.4016142
0.4016251
0.40163702
0.40164965
0.4016623
0.40167388
0.4016832
0.4016895
0.4016923
0.40169162
0.40168804
0.40168226
0.40167502
0.40166688
0.40165836
0.40164992
0.40164167
0.40163335
0.40162456
0.40161476
0.40160364
0.40159124
0.40157798
0.40156436
0.4015509
0.40153784
0.40152544
0.401514
0.40150374
0.40149468
0.401487
0.40148064
0.40147555
0.4014717
0.40146878
0.40146685
0.4014658
0.40146625
0.4014687
0.4014737
0.40148163
0.4014929
0.40150738
0.4015248
0.40154463
0.4015659
0.40158728
0.40160742
0.4016248
0.40163824
0.40164724
0.40165162
0.40165204
0.40164953
0.4016453
0.40164042
0.40163574
0.40163165
0.40162867
0.40162686
0.40162635
0.401627
0.4016286
0.40163088
0.4016337
0.40163743
0.40164253
0.4016497
0.40165937
0.4016716
0.40168607
0.40170196
0.40171784
0.40173227
0.4017437
0.40175086
0.401753
0.4017495
0.40174034
0.4017259
0.40170702
0.4016849
0.40166113
0.40163735
0.40161517
0.40159586
0.40158033
0.40156922
0.40156284
0.40156138
0.40156454
0.4015719
0.4015824
0.40159506
0.4016086
0.4016219
0.40163404
0.4016441
0.40165108
0.40165406
0.4016525
0.4016462
0.40163568
0.40162164
0.40160537
0.40158817
0.40157118
0.40155548
0.4015421
0.40153152
0.40152413
0.40152007
0.40151906
0.4015205
0.4015235
0.40152708
0.4015302
0.40153182
0.4015314
0.40152898
0.40152475
0.40151933
0.40151334
0.40150756
0.40150255
0.40149868
0.4014962
0.40149543
0.40149638
0.40149924
0.40150443
0.40151203
0.40152207
0.4015343
0.40154833
0.4015635
0.401579
0.4015941
0.40160802
0.40162045
0.40163127
0.40164036
0.4016476
0.40165275
0.40165538
0.40165508
0.4016518
0.40164563
0.40163702
0.40162653
0.40161487
0.40160263
0.40159026
0.40157768
0.40156513
0.40155268
0.40154052
0.40152898
0.4015185
0.40150946
0.40150228
0.40149724
0.40149444
0.40149376
0.4014948
0.40149698
0.40149975
0.4015024
0.40150464
0.4015062
0.4015069
0.4015066
0.40150547
0.40150392
0.40150252
0.4015019
0.4015026
0.4015052
0.40151033
0.40151876
0.4015313
0.4015483
0.40156993
0.40159583
0.40162534
0.40165743
0.40169066
0.4017234
0.40175405
0.40178135
0.40180385
0.40182057
0.40183082
0.4018343
0.401831
0.4018213
0.40180588
0.4017857
0.4017619
0.40173584
0.40170914
0.4016834
0.40166
0.40164018
0.40162465
0.4016137
0.401607
0.40160394
0.40160355
0.40160483
0.40160725
0.40161026
0.40161398
0.40161866
0.40162432
0.40163088
0.40163785
0.40164444
0.40164986
0.40165362
0.40165538
0.4016555
0.40165457
0.4016536
0.40165332
0.40165415
0.4016562
0.40165868
0.40166077
0.40166157
0.4016608
0.4016585
0.40165505
0.40165094
0.40164647
0.40164152
0.40163592
0.40162936
0.4016217
0.40161297
0.4016034
0.40159357
0.40158397
0.40157506
0.4015672
0.40156093
0.40155685
0.40155515
0.4015561
0.40155935
0.40156457
0.40157095
0.4015776
0.40158385
0.40158927
0.40159398
0.40159822
0.40160194
0.40160507
0.4016073
0.40160805
0.4016068
0.40160313
0.40159732
0.40159
0.40158203
0.4015745
0.40156803
0.40156323
0.40156025
0.40155894
0.40155908
0.40156037
0.4015626
0.40156567
0.40156934
0.4015733
0.40157735
0.401581
0.40158427
0.40158725
0.40159026
0.40159374
0.4015981
0.40160352
0.4016098
0.4016166
0.40162364
0.40163025
0.40163592
0.40164018
0.4016429
0.40164423
0.40164435
0.4016436
0.40164208
0.4016401
0.4016382
0.40163717
0.40163788
0.40164128
0.40164763
0.40165678
0.40166816
0.40168056
0.40169257
0.40170264
0.40170968
0.401713
0.40171257
0.40170884
0.401703
0.40169638
0.40169036
0.40168592
0.40168342
0.40168276
0.40168336
0.40168455
0.40168563
0.4016862
0.40168604
0.40168518
0.40168336
0.40168026
0.40167555
0.40166935
0.40166202
0.40165395
0.40164575
0.40163797
0.4016308
0.40162444
0.40161887
0.40161416
0.40161005
0.40160674
0.40160412
0.40160212
0.40160048
0.4015987
0.40159637
0.40159282
0.40158743
0.40157992
0.40157038
0.40155917
0.40154687
0.4015343
0.4015221
0.4015109
0.40150118
0.40149334
0.40148774
0.40148467
0.40148416
0.40148616
0.40149033
0.40149632
0.40150386
0.4015127
0.4015225
0.40153295
0.40154386
0.4015552
0.40156725
0.40157998
0.4015928
0.401605
0.4016155
0.4016231
0.40162686
0.40162635
0.40162152
0.4016128
0.40160102
0.40158716
0.40157214
0.40155685
0.40154186
0.40152788
0.40151542
0.4015052
0.40149775
0.40149343
0.40149245
0.4014947
0.40149996
0.40150774
0.4015172
0.40152776
0.40153843
0.40154815
0.40155575
0.4015603
0.40156138
0.40155932
0.4015548
0.40154892
0.4015427
0.40153703
0.40153268
0.40152994
0.401529
0.40152988
0.40153265
0.4015373
0.4015437
0.40155172
0.40156102
0.40157142
0.40158266
0.4015944
0.4016061
0.4016171
0.4016268
0.4016345
0.40164033
0.40164408
0.40164608
0.40164605
0.40164408
0.40164015
0.4016341
0.40162623
0.4016171
0.40160748
0.4015985
0.40159106
0.40158606
0.4015841
0.4015854
0.4015898
0.401597
0.40160602
0.40161592
0.40162534
0.40163335
0.4016396
0.40164408
0.40164724
0.40165
0.40165305
0.40165696
0.40166184
0.40166765
0.4016739
0.40167987
0.40168497
0.401689
0.40169197
0.4016943
0.40169674
0.40170032
0.4017059
0.40171415
0.4017253
0.40173876
0.40175354
0.40176836
0.40178195
0.40179336
0.40180203
0.40180805
0.40181184
0.40181437
0.40181664
0.40181994
0.40182468
0.401831
0.40183806
0.40184477
0.40184978
0.40185192
0.40185052
0.40184525
0.40183637
0.4018244
0.4018104
0.40179545
0.401781
0.40176845
0.40175894
0.40175295
0.40175053
0.4017511
0.40175387
0.4017579
0.4017625
0.40176716
0.4017716
0.4017758
0.40177938
0.40178224
0.40178394
0.4017838
0.40178108
0.40177518
0.40176585
0.4017529
0.40173653
0.40171698
0.40169486
0.40167084
0.40164584
0.40162095
0.40159717
0.40157524
0.40155593
0.4015396
0.4015264
0.40151623
0.40150887
0.40150407
0.40150136
0.40150043
0.40150127
0.40150374
0.40150785
0.4015134
0.4015199
0.40152696
0.401534
0.40154013
0.40154514
0.40154892
0.4015518
0.4015543
0.40155703
0.40156078
0.40156633
0.40157443
0.40158585
0.40160093
0.40161958
0.40164164
0.401666
0.40169156
0.40171674
0.4017403
0.4017611
0.40177825
0.40179113
0.4017995
0.40180308
0.4018021
0.40179724
0.40178922
0.40177947
0.4017692
0.40175942
0.4017511
0.40174472
0.40174043
0.40173784
0.4017362
0.40173447
0.4017316
0.40172714
0.40172097
0.40171343
0.40170547
0.40169835
0.40169314
0.40169084
0.40169197
0.40169662
0.40170464
0.40171528
0.4017276
0.40174
0.4017507
0.40175796
0.40176034
0.4017568
0.40174702
0.4017311
0.40170985
0.40168437
0.4016562
0.40162686
0.40159792
0.40157053
0.4015457
0.40152407
0.40150607
0.40149197
0.40148202
0.40147653
0.40147558
0.40147918
0.40148708
0.40149888
0.401514
0.40153155
0.40155044
0.4015695
0.4015874
0.4016033
0.40161642
0.40162668
0.40163374
0.40163723
0.40163687
0.40163252
0.4016242
0.40161267
0.40159893
0.401584
0.40156907
0.4015549
0.4015424
0.40153173
0.4015233
0.4015168
0.4015123
0.40150943
0.40150785
0.40150726
0.40150723
0.4015076
0.4015085
0.40150997
0.40151212
0.40151507
0.40151867
0.40152285
0.40152758
0.4015329
0.401539
0.4015465
0.40155557
0.40156633
0.40157852
0.40159178
0.40160543
0.40161884
0.4016313
0.40164196
0.40165007
0.40165466
0.40165505
0.40165105
0.40164307
0.4016319
0.40161863
0.40160456
0.401591
0.40157908
0.40156946
0.4015626
0.40155837
0.40155637
0.4015556
0.4015552
0.40155455
0.40155318
0.40155113
0.40154848
0.4015453
0.40154138
0.40153638
0.40152973
0.40152097
0.4015101
0.40149757
0.40148437
0.40147167
0.40146068
0.40145266
0.4014485
0.40144876
0.4014537
0.40146324
0.40147683
0.40149382
0.4015135
0.40153515
0.4015581
0.40158156
0.40160447
0.40162575
0.4016442
0.4016588
0.4016687
0.40167364
0.40167364
0.40166938
0.401662
0.4016528
0.4016436
0.40163586
0.40163073
0.40162888
0.40163037
0.4016348
0.4016415
0.40164933
0.4016576
0.40166587
0.40167415
0.40168273
0.40169173
0.4017013
0.4017111
0.40172082
0.40173012
0.40173844
0.4017449
0.4017489
0.40175003
0.4017482
0.40174353
0.40173662
0.4017281
0.40171844
0.40170822
0.40169775
0.40168712
0.4016762
0.4016648
0.4016528
0.40164053
0.40162867
0.40161797
0.40160945
0.4016039
0.4016021
0.40160424
0.4016102
0.40161955
0.40163153
0.40164503
0.40165886
0.40167183
0.40168267
0.4016907
0.4016955
0.4016971
0.4016961
0.40169334
0.40168992
0.40168688
0.40168527
0.4016857
0.4016889
0.40169504
0.401704
0.4017152
0.4017276
0.40173995
0.40175104
0.40175983
0.40176564
0.40176785
0.4017665
0.40176153
0.40175372
0.4017439
0.40173367
0.40172553
0.40172255
0.40172893
0.40174997
0.40179262
0.40186563
0.401981
0.4021548
0.40241098
0.40277806
0.40329733
0.40402612
0.40504244
0.4064524
0.40839767
0.41109967
0.41478163
0.41975325
0.42648834
0.43562853
0.44778478
