0.442559
0.43204913
0.424164
0.4182261
0.41379306
0.41052097
0.40812558
0.4063671
0.40508494
0.4041595
0.40349394
0.40301928
0.4026834
0.4024473
0.40228167
0.4021648
0.40208077
0.40201816
0.4019688
0.40192708
0.40188923
0.4018529
0.40181687
0.40178058
0.40174425
0.40170828
0.4016735
0.40164044
0.40160942
0.40158057
0.401554
0.4015296
0.40150732
0.4014871
0.4014689
0.4014527
0.4014384
0.40142584
0.4014148
0.4014052
0.40139678
0.40138966
0.40138394
0.40137994
0.40137783
0.40137777
0.40137964
0.40138343
0.40138903
0.40139645
0.40140593
0.40141782
0.40143248
0.40145037
0.4014716
0.4014961
0.4015232
0.401552
0.40158117
0.40160936
0.4016353
0.401658
0.40167713
0.40169293
0.40170586
0.40171674
0.40172645
0.40173542
0.40174383
0.4017515
0.40175804
0.40176323
0.40176663
0.4017678
0.40176633
0.4017619
0.40175468
0.4017449
0.4017332
0.4017205
0.40170792
0.40169653
0.40168738
0.40168092
0.40167713
0.40167552
0.40167496
0.4016744
0.40167245
0.40166792
0.40165985
0.4016479
0.40163222
0.40161356
0.4015926
0.40157068
0.40154913
0.40152892
0.4015111
0.40149617
0.4014847
0.40147677
0.401472
0.40147004
0.40147018
0.40147188
0.40147462
0.40147805
0.40148196
0.40148616
0.40149048
0.40149483
0.40149906
0.40150347
0.4015081
0.40151277
0.40151727
0.4015211
0.4015238
0.40152514
0.4015254
0.40152535
0.40152606
0.40152857
0.40153384
0.40154213
0.4015533
0.40156686
0.4015817
0.40159646
0.4016096
0.40161988
0.4016264
0.40162903
0.401628
0.4016237
0.40161705
0.40160885
0.4015999
0.40159085
0.40158197
0.4015738
0.40156665
0.40156096
0.40155685
0.4015546
0.4015544
0.40155616
0.40155986
0.40156502
0.40157127
0.40157828
0.40158558
0.40159294
0.4016002
0.40160725
0.40161347
0.40161842
0.40162137
0.4016215
0.40161818
0.40161106
0.4016004
0.40158668
0.40157104
0.40155455
0.40153852
0.40152416
0.4015123
0.40150368
0.40149888
0.40149835
0.40150225
0.4015104
0.40152234
0.4015373
0.40155435
0.40157247
0.4015904
0.40160707
0.40162155
0.4016333
0.40164226
0.40164882
0.40165335
0.4016564
0.40165824
0.40165913
0.40165907
0.4016581
0.40165603
0.40165266
0.4016477
0.4016411
0.40163326
0.40162507
0.40161768
0.4016125
0.40161046
0.4016125
0.40161866
0.40162873
0.40164208
0.40165734
0.4016731
0.4016879
0.40170044
0.4017098
0.4017156
0.40171793
0.4017169
0.40171307
0.40170693
0.4016985
0.40168777
0.40167445
0.40165842
0.40163985
0.4016193
0.4015975
0.4015757
0.40155515
0.40153676
0.4015215
0.40150982
0.40150213
0.40149844
0.40149853
0.40150177
0.40150744
0.4015146
0.40152237
0.40152967
0.40153563
0.40153944
0.40154076
0.4015396
0.4015366
0.4015329
0.4015298
0.40152875
0.4015308
0.4015367
0.40154654
0.40156022
0.40157714
0.4015965
0.40161732
0.40163827
0.4016581
0.4016751
0.40168807
0.40169612
0.40169892
0.40169668
0.40169013
0.40168047
0.40166894
0.4016569
0.40164542
0.4016355
0.4016276
0.4016221
0.401619
0.40161824
0.4016193
0.40162146
0.4016237
0.4016249
0.40162396
0.4016202
0.40161332
0.40160355
0.40159136
0.40157777
0.40156397
0.40155113
0.4015402
0.40153208
0.40152735
0.40152636
0.40152922
0.40153566
0.40154532
0.40155745
0.40157115
0.40158528
0.40159848
0.40160963
0.40161744
0.4016208
0.401619
0.40161175
0.40159935
0.40158248
0.40156248
0.40154073
0.40151882
0.4014982
0.40147978
0.40146407
0.4014512
0.40144098
0.40143302
0.40142688
0.4014218
0.40141714
0.40141225
0.40140712
0.4014019
0.40139693
0.40139285
0.40139043
0.4013904
0.4013933
0.4013996
0.40140986
0.40142405
0.4014424
0.4014646
0.40149024
0.40151837
0.401548
0.40157795
0.40160713
0.40163463
0.40165973
0.40168193
0.40170118
0.40171784
0.40173247
0.40174562
0.40175778
0.40176922
0.4017799
0.40178928
0.40179697
0.40180224
0.40180498
0.4018053
0.4018036
0.40180048
0.40179652
0.4017921
0.40178755
0.40178257
0.40177673
0.4017693
0.4017598
0.40174773
0.40173277
0.40171516
0.40169513
0.40167326
0.40165037
0.4016276
0.40160614
0.40158725
0.4015721
0.40156147
0.40155563
0.4015544
0.40155736
0.4015638
0.401573
0.40158442
0.4015974
0.4016117
0.4016268
0.40164208
0.40165672
0.40166995
0.4016809
0.40168944
0.4016959
0.40170118
0.40170604
0.4017115
0.4017178
0.40172496
0.4017325
0.40173984
0.40174654
0.40175223
0.4017569
0.40176094
0.40176445
0.40176773
0.40177038
0.4017717
0.4017711
0.401768
0.40176225
0.40175408
0.40174407
0.40173283
0.40172106
0.40170938
0.40169832
0.40168816
0.40167964
0.4016732
0.40166926
0.4016681
0.40166974
0.40167403
0.4016805
0.4016881
0.40169564
0.4017021
0.4017065
0.4017084
0.40170768
0.40170494
0.40170094
0.40169677
0.40169343
0.40169153
0.40169144
0.40169296
0.40169564
0.40169883
0.401702
0.4017046
0.40170693
0.40170896
0.40171078
0.4017122
0.40171266
0.40171123
0.4017071
0.40169972
0.40168896
0.401675
0.4016585
0.40164027
0.4016214
0.40160286
0.4015857
0.4015706
0.40155816
0.40154892
0.40154302
0.40154073
0.40154213
0.40154722
0.40155593
0.40156817
0.40158346
0.40160105
0.40161958
0.40163773
0.40165353
0.4016656
0.40167263
0.40167388
0.40166903
0.40165854
0.40164343
0.40162513
0.40160516
0.40158516
0.40156633
0.40154943
0.401535
0.40152335
0.40151456
0.40150854
0.40150493
0.40150332
0.40150318
0.40150383
0.40150484
0.4015058
0.40150663
0.4015074
0.40150824
0.4015094
0.40151057
0.40151152
0.40151176
0.40151078
0.40150818
0.40150353
0.40149647
0.40148705
0.4014759
0.4014637
0.40145147
0.4014401
0.40143037
0.40142286
0.40141812
0.4014167
0.40141892
0.40142483
0.40143412
0.4014465
0.40146112
0.40147698
0.40149322
0.40150878
0.40152314
0.40153587
0.401547
0.40155697
0.40156615
0.40157488
0.4015834
0.4015916
0.40159932
0.40160584
0.40161026
0.40161166
0.40160954
0.40160373
0.40159488
0.40158358
0.40157068
0.40155685
0.40154257
0.40152854
0.4015156
0.40150443
0.40149572
0.40149
0.40148768
0.40148896
0.4014941
0.4015034
0.40151715
0.40153548
0.40155837
0.4015858
0.40161684
0.40165043
0.40168497
0.4017187
0.40174988
0.40177703
0.4017989
0.4018146
0.40182367
0.40182573
0.401821
0.40181005
0.4017938
0.40177348
0.40175027
0.4017255
0.4017
0.40167466
0.4016498
0.40162584
0.40160295
0.40158162
0.40156233
0.40154558
0.40153167
0.40152088
0.4015131
0.40150836
0.40150636
0.4015069
0.40150958
0.4015142
0.40152055
0.40152878
0.40153894
0.40155116
0.40156594
0.40158364
0.40160483
0.4016297
0.4016581
0.40168962
0.40172312
0.4017574
0.40179077
0.40182194
0.40184975
0.40187353
0.40189275
0.40190732
0.40191725
0.40192267
0.40192384
0.401921
0.40191442
0.4019043
0.4018906
0.40187365
0.40185368
0.40183148
0.40180802
0.40178436
0.40176174
0.40174115
0.40172336
0.40170828
0.40169555
0.40168437
0.40167415
0.4016646
0.40165606
0.40164924
0.40164512
0.40164465
0.401648
0.4016552
0.40166554
0.40167785
0.40169066
0.40170246
0.40171188
0.401718
0.40172035
0.40171897
0.4017145
0.4017079
0.40170044
0.40169337
0.4016877
0.40168422
0.40168336
0.40168524
0.40168998
0.40169755
0.40170813
0.40172192
0.40173924
0.4017599
0.40178344
0.40180916
0.40183583
0.40186247
0.40188798
0.40191165
0.40193304
0.40195194
0.4019683
0.4019822
0.40199363
0.40200278
0.40200996
0.40201545
0.40201953
0.4020223
0.40202364
0.40202338
0.40202132
0.40201712
0.4020105
0.4020012
0.40198922
0.40197426
0.40195644
0.4019359
0.401913
0.40188813
0.4018624
0.40183678
0.40181223
0.4017896
0.40176934
0.4017515
0.40173534
0.40172017
0.40170506
0.40168917
0.40167227
0.4016546
0.40163675
0.4016196
0.40160415
0.40159088
0.40158018
0.40157196
0.40156573
0.40156093
0.40155718
0.4015542
0.40155196
0.40155065
0.40155002
0.40154994
0.40155
0.40154964
0.4015483
0.4015454
0.4015407
0.40153453
0.40152752
0.4015204
0.40151364
0.40150744
0.40150163
0.40149584
0.40149
0.401484
0.40147808
0.40147233
0.40146708
0.40146247
0.40145898
0.40145692
0.40145645
0.4014578
0.40146086
0.40146556
0.40147176
0.40147904
0.40148726
0.40149605
0.4015049
0.4015131
0.40152
0.40152475
0.40152678
0.40152565
0.4015214
0.4015143
0.40150487
0.4014938
0.4014816
0.40146908
0.40145677
0.40144515
0.401435
0.40142688
0.40142107
0.40141788
0.4014172
0.40141892
0.40142304
0.40142936
0.40143797
0.40144882
0.4014618
0.40147677
0.40149316
0.40151057
0.40152845
0.40154633
0.40156364
0.40157974
0.40159407
0.40160656
0.40161747
0.40162736
0.4016367
0.40164584
0.40165472
0.40166298
0.4016704
0.40167668
0.40168184
0.4016861
0.40168992
0.40169343
0.40169677
0.4016996
0.40170145
0.40170178
0.40170044
0.40169746
0.40169317
0.401688
0.40168244
0.40167668
0.4016711
0.4016663
0.4016627
0.40166074
0.40166047
0.4016617
0.4016635
0.40166512
0.40166518
0.4016627
0.401657
0.4016477
0.40163523
0.40162024
0.4016041
0.40158793
0.40157318
0.40156087
0.40155175
0.40154618
0.4015441
0.40154502
0.4015483
0.40155295
0.40155786
0.40156215
0.40156496
0.40156615
0.40156573
0.40156424
0.40156236
0.40156066
0.40155974
0.40155983
0.4015611
0.40156373
0.4015678
0.40157327
0.40157998
0.40158752
0.40159565
0.4016042
0.40161303
0.40162227
0.4016319
0.4016419
0.40165222
0.4016623
0.40167138
0.4016785
0.40168267
0.4016833
0.40168002
0.40167323
0.40166372
0.40165266
0.40164137
0.40163088
0.401622
0.40161523
0.40161103
0.40160936
0.4016103
0.40161368
0.401619
0.4016256
0.40163258
0.40163872
0.40164334
0.40164605
0.4016469
0.40164644
0.40164533
0.40164447
0.40164426
0.40164497
0.40164658
0.40164885
0.40165153
0.4016545
0.401658
0.40166217
0.40166733
0.40167356
0.40168047
0.40168735
0.4016932
0.4016972
0.4016987
0.40169773
0.40169448
0.40168992
0.40168515
0.4016815
0.4016801
0.40168163
0.40168643
0.4016943
0.40170425
0.40171507
0.4017252
0.4017331
0.40173757
0.40173787
0.40173373
0.40172538
0.40171367
0.40169954
0.4016843
0.40166935
0.40165582
0.40164486
0.40163726
0.40163308
0.40163216
0.40163344
0.40163562
0.40163717
0.4016366
0.40163293
0.40162578
0.40161562
0.40160334
0.40158996
0.40157658
0.40156373
0.40155208
0.40154183
0.4015333
0.40152663
0.40152183
0.40151873
0.40151715
0.40151697
0.40151808
0.4015204
0.40152374
0.401528
0.40153292
0.40153855
0.40154508
0.40155265
0.40156147
0.40157115
0.40158144
0.40159163
0.40160105
0.4016093
0.40161648
0.40162346
0.40163162
0.40164328
0.4016611
0.40168858
0.4017303
0.40179223
0.40188244
0.4020123
0.40219808
0.4024631
0.4028368
0.40336096
0.40409335
0.40511215
0.40652344
0.40846893
0.41116968
0.41484857
0.41981503
0.42654246
0.43567276
0.44781736
