0.4425902
0.43208778
0.4242063
0.41826755
0.41382834
0.41054416
0.4081314
0.40635055
0.40504175
0.40408766
0.4033927
0.40288976
0.4025282
0.40227067
0.40208858
0.4019609
0.40187183
0.40180975
0.4017657
0.40173328
0.40170786
0.40168664
0.40166816
0.4016519
0.4016378
0.40162626
0.40161762
0.40161207
0.40160996
0.40161133
0.40161595
0.40162334
0.40163282
0.40164343
0.40165392
0.40166315
0.40167016
0.40167466
0.4016769
0.40167773
0.40167832
0.40167987
0.4016832
0.4016886
0.40169576
0.40170386
0.4017116
0.40171802
0.4017225
0.40172487
0.40172535
0.4017246
0.4017233
0.4017223
0.40172192
0.40172222
0.4017227
0.4017227
0.4017212
0.4017175
0.4017111
0.4017018
0.4016896
0.40167508
0.40165836
0.40163988
0.40161994
0.40159893
0.40157735
0.40155593
0.40153554
0.40151694
0.40150067
0.40148687
0.40147555
0.40146664
0.40146002
0.4014558
0.4014538
0.40145394
0.4014558
0.40145892
0.4014628
0.40146685
0.4014706
0.40147406
0.40147722
0.40148062
0.40148488
0.40149048
0.40149784
0.40150675
0.40151677
0.40152708
0.40153673
0.4015448
0.40155044
0.40155336
0.4015537
0.40155217
0.4015495
0.40154645
0.40154362
0.40154126
0.40153936
0.40153763
0.40153566
0.4015331
0.40152997
0.40152627
0.40152243
0.4015186
0.40151533
0.40151286
0.40151167
0.4015119
0.40151367
0.4015167
0.40152088
0.40152568
0.401531
0.40153655
0.40154243
0.4015486
0.4015555
0.40156335
0.40157247
0.40158263
0.4015934
0.40160406
0.40161344
0.40162084
0.4016255
0.40162715
0.40162575
0.40162143
0.40161422
0.40160424
0.40159166
0.40157685
0.4015605
0.40154353
0.40152723
0.40151244
0.40150008
0.40149054
0.4014841
0.4014806
0.4014798
0.40148127
0.40148437
0.40148878
0.40149403
0.4014998
0.40150595
0.4015123
0.40151927
0.4015272
0.40153626
0.40154666
0.40155843
0.40157145
0.40158543
0.40159997
0.40161484
0.40162933
0.40164265
0.4016537
0.40166184
0.40166664
0.40166825
0.40166724
0.40166414
0.40165958
0.40165395
0.40164772
0.40164164
0.40163645
0.40163302
0.40163207
0.4016337
0.4016376
0.40164286
0.4016484
0.40165287
0.40165552
0.40165588
0.4016542
0.40165126
0.4016477
0.40164426
0.40164128
0.4016388
0.40163672
0.40163472
0.4016326
0.40163058
0.40162882
0.40162763
0.40162727
0.40162754
0.401628
0.40162805
0.40162683
0.40162364
0.40161797
0.40160978
0.40159956
0.40158784
0.40157548
0.4015633
0.40155157
0.4015411
0.40153223
0.4015252
0.40151998
0.4015164
0.40151408
0.40151256
0.40151125
0.40151
0.40150857
0.40150732
0.40150693
0.40150806
0.40151116
0.40151653
0.40152422
0.40153396
0.40154546
0.4015583
0.40157214
0.4015867
0.40160152
0.40161604
0.40162945
0.40164098
0.40164965
0.40165445
0.40165478
0.40165058
0.40164217
0.40163055
0.40161654
0.4016013
0.4015857
0.40157053
0.40155652
0.4015442
0.401534
0.4015261
0.4015209
0.40151885
0.40152
0.40152463
0.40153262
0.40154403
0.40155864
0.40157613
0.40159583
0.40161663
0.4016372
0.4016557
0.4016705
0.4016802
0.40168396
0.40168142
0.40167296
0.40165946
0.40164214
0.40162244
0.401602
0.4015824
0.4015647
0.40155008
0.40153942
0.40153307
0.4015313
0.40153393
0.40154028
0.4015496
0.40156066
0.40157235
0.4015833
0.40159306
0.4016011
0.4016079
0.40161377
0.4016195
0.40162542
0.40163174
0.40163866
0.40164635
0.4016546
0.4016634
0.40167236
0.4016812
0.40169019
0.40169922
0.40170866
0.4017184
0.40172836
0.40173796
0.4017468
0.40175402
0.40175873
0.40175974
0.40175635
0.4017482
0.40173545
0.40171888
0.40169957
0.40167928
0.40165964
0.40164247
0.40162933
0.4016214
0.40161923
0.40162304
0.40163222
0.40164608
0.4016632
0.40168175
0.4017
0.40171614
0.40172896
0.40173718
0.40174013
0.40173736
0.40172878
0.40171486
0.40169623
0.40167424
0.4016504
0.40162656
0.40160465
0.4015862
0.40157276
0.40156478
0.4015624
0.40156513
0.40157178
0.40158102
0.40159145
0.40160188
0.40161172
0.4016204
0.4016278
0.40163445
0.40164128
0.4016494
0.40165988
0.40167338
0.40168998
0.401709
0.40172938
0.40174976
0.40176845
0.40178412
0.4017956
0.40180182
0.40180248
0.40179747
0.40178767
0.401774
0.40175813
0.40174174
0.40172657
0.40171373
0.40170377
0.40169644
0.40169096
0.4016861
0.40168047
0.40167284
0.40166262
0.40164936
0.40163353
0.40161577
0.4015973
0.40157938
0.40156332
0.40154994
0.40153986
0.40153337
0.40153039
0.40153098
0.40153515
0.40154302
0.40155435
0.40156874
0.40158546
0.40160355
0.40162152
0.40163812
0.40165222
0.40166345
0.40167177
0.40167758
0.4016816
0.40168428
0.40168568
0.40168542
0.40168276
0.40167698
0.40166745
0.40165418
0.40163735
0.40161797
0.40159723
0.40157658
0.40155727
0.40154052
0.40152737
0.40151843
0.401514
0.40151423
0.40151945
0.40152952
0.40154397
0.40156215
0.4015829
0.4016049
0.40162662
0.4016464
0.4016629
0.40167516
0.40168297
0.40168625
0.40168542
0.4016808
0.4016726
0.40166092
0.40164608
0.40162906
0.40161085
0.40159288
0.40157643
0.401563
0.4015534
0.40154815
0.40154693
0.40154916
0.4015536
0.40155882
0.40156344
0.40156606
0.40156567
0.40156183
0.40155488
0.40154585
0.40153605
0.40152678
0.40151936
0.40151486
0.40151364
0.40151596
0.4015214
0.40152943
0.40153953
0.40155095
0.40156326
0.40157622
0.40158948
0.40160277
0.40161547
0.40162686
0.40163583
0.40164134
0.4016423
0.4016382
0.4016289
0.40161484
0.40159705
0.401577
0.40155625
0.4015362
0.40151802
0.4015022
0.40148914
0.4014789
0.40147144
0.4014668
0.4014647
0.4014654
0.4014688
0.4014748
0.40148315
0.4014935
0.40150523
0.40151775
0.40153033
0.40154243
0.4015539
0.40156454
0.40157402
0.40158218
0.40158892
0.40159383
0.40159658
0.4015968
0.4015946
0.4015902
0.40158418
0.40157717
0.40156975
0.40156272
0.4015566
0.4015518
0.40154848
0.4015464
0.401545
0.40154356
0.40154156
0.4015385
0.4015343
0.40152913
0.40152347
0.4015179
0.401513
0.40150902
0.40150598
0.40150356
0.40150163
0.40150025
0.4014998
0.401501
0.40150416
0.4015096
0.4015174
0.40152708
0.40153834
0.40155044
0.4015627
0.40157443
0.40158546
0.4015957
0.40160543
0.40161464
0.4016234
0.4016314
0.4016382
0.40164366
0.4016475
0.40164995
0.401651
0.4016505
0.4016482
0.4016436
0.40163633
0.4016262
0.40161327
0.4015985
0.40158302
0.40156808
0.40155488
0.4015444
0.4015368
0.40153217
0.40152988
0.401529
0.4015286
0.40152735
0.40152434
0.4015187
0.4015104
0.4014998
0.40148795
0.40147585
0.40146455
0.4014548
0.40144712
0.40144163
0.40143853
0.40143752
0.4014385
0.40144095
0.40144458
0.40144876
0.40145296
0.40145686
0.40146032
0.40146315
0.40146533
0.4014667
0.4014674
0.40146744
0.40146726
0.40146747
0.40146863
0.40147126
0.40147555
0.4014816
0.4014894
0.4014988
0.40150946
0.4015208
0.4015323
0.40154323
0.40155372
0.40156388
0.40157428
0.40158564
0.40159848
0.40161285
0.40162873
0.4016457
0.40166298
0.40167966
0.40169457
0.4017065
0.40171444
0.40171775
0.40171608
0.40170965
0.40169904
0.4016854
0.40167007
0.40165427
0.40163904
0.40162534
0.40161332
0.40160304
0.40159434
0.4015866
0.40157923
0.40157193
0.40156457
0.40155742
0.40155083
0.40154532
0.4015412
0.40153864
0.4015379
0.40153927
0.40154308
0.4015495
0.40155882
0.40157107
0.40158623
0.40160426
0.40162456
0.4016464
0.4016687
0.4016902
0.4017096
0.40172568
0.40173772
0.401745
0.40174752
0.4017455
0.40173933
0.4017297
0.4017177
0.40170407
0.40168965
0.4016752
0.40166137
0.40164888
0.40163836
0.40162995
0.40162367
0.40161952
0.401617
0.4016155
0.40161458
0.40161377
0.40161312
0.4016126
0.40161258
0.40161332
0.40161508
0.40161806
0.40162215
0.40162736
0.40163305
0.40163893
0.40164423
0.4016486
0.40165186
0.40165362
0.4016539
0.4016525
0.4016496
0.40164563
0.4016415
0.40163803
0.40163592
0.4016356
0.4016369
0.4016393
0.40164196
0.401644
0.40164468
0.40164378
0.40164167
0.40163904
0.4016368
0.4016356
0.40163583
0.40163743
0.4016401
0.4016428
0.4016451
0.40164652
0.401647
0.40164673
0.40164596
0.40164512
0.40164462
0.40164453
0.40164497
0.40164617
0.40164846
0.4016525
0.40165865
0.4016673
0.40167817
0.40169045
0.40170288
0.4017141
0.40172255
0.40172705
0.40172645
0.40172008
0.4017079
0.4016904
0.4016687
0.4016442
0.4016184
0.40159303
0.40156937
0.40154845
0.40153113
0.40151823
0.40151042
0.40150824
0.40151227
0.40152255
0.40153894
0.40156063
0.40158662
0.4016151
0.4016445
0.40167275
0.40169814
0.40171933
0.40173537
0.40174574
0.40175012
0.40174866
0.40174156
0.40172943
0.4017131
0.4016937
0.40167236
0.40165067
0.40162995
0.401611
0.40159458
0.40158075
0.4015693
0.4015596
0.40155086
0.4015425
0.4015339
0.40152475
0.4015151
0.40150508
0.4014953
0.4014864
0.40147898
0.4014738
0.4014712
0.4014714
0.40147424
0.40147945
0.40148658
0.401495
0.40150416
0.40151325
0.40152162
0.401529
0.40153524
0.4015405
0.40154508
0.40154934
0.40155375
0.40155876
0.4015644
0.4015707
0.4015773
0.4015837
0.40158936
0.40159383
0.4015965
0.40159717
0.40159586
0.40159306
0.40158957
0.40158594
0.401583
0.4015809
0.4015797
0.4015793
0.40157944
0.40157968
0.4015793
0.401578
0.40157554
0.40157217
0.40156838
0.40156513
0.40156308
0.40156284
0.40156496
0.40156996
0.4015778
0.40158835
0.40160114
0.40161568
0.40163162
0.40164858
0.40166628
0.40168422
0.4017018
0.40171862
0.40173447
0.40174937
0.40176368
0.40177757
0.401791
0.40180382
0.4018153
0.40182498
0.4018322
0.4018367
0.40183836
0.40183735
0.40183422
0.40182996
0.40182552
0.40182206
0.4018206
0.40182126
0.40182382
0.40182713
0.4018298
0.40182996
0.40182644
0.40181822
0.40180477
0.40178633
0.40176344
0.4017373
0.40170932
0.40168092
0.4016535
0.401628
0.401605
0.40158546
0.40156963
0.40155786
0.4015503
0.40154678
0.40154722
0.4015512
0.4015588
0.4015695
0.40158308
0.4015991
0.40161705
0.40163612
0.40165538
0.40167367
0.40169024
0.4017042
0.40171522
0.40172315
0.40172836
0.40173137
0.4017329
0.40173358
0.40173364
0.40173292
0.40173098
0.40172678
0.4017197
0.40170905
0.40169477
0.40167713
0.40165684
0.40163475
0.40161192
0.4015892
0.40156713
0.40154615
0.40152654
0.40150887
0.40149385
0.40148216
0.40147462
0.40147182
0.4014742
0.4014816
0.4014939
0.4015105
0.40153047
0.40155265
0.40157592
0.4015987
0.40161988
0.40163842
0.40165383
0.4016662
0.40167585
0.4016832
0.40168884
0.4016932
0.40169668
0.4016994
0.40170112
0.40170136
0.4016998
0.40169623
0.4016909
0.40168417
0.4016767
0.40166947
0.40166306
0.40165806
0.40165445
0.4016519
0.40165007
0.40164852
0.4016468
0.4016447
0.40164196
0.4016384
0.40163368
0.40162736
0.40161943
0.40160984
0.40159878
0.40158662
0.4015735
0.4015595
0.40154472
0.40152934
0.40151402
0.40149978
0.40148747
0.4014781
0.4014724
0.4014706
0.401473
0.4014794
0.40148947
0.40150264
0.4015186
0.4015367
0.40155604
0.40157565
0.4015942
0.4016108
0.40162465
0.40163532
0.40164283
0.40164754
0.40164983
0.40165025
0.40164915
0.40164676
0.4016432
0.4016384
0.40163267
0.40162632
0.40161988
0.40161362
0.40160817
0.40160355
0.40159997
0.40159732
0.40159535
0.40159345
0.4015909
0.40158698
0.40158126
0.40157372
0.4015649
0.4015556
0.40154657
0.4015385
0.40153202
0.4015274
0.40152493
0.40152422
0.40152526
0.4015277
0.4015313
0.4015355
0.40153986
0.4015437
0.40154633
0.4015471
0.4015457
0.40154222
0.40153703
0.40153083
0.40152448
0.40151894
0.401515
0.4015135
0.4015147
0.40151876
0.40152535
0.401534
0.40154415
0.40155548
0.40156755
0.40157968
0.401591
0.4016004
0.4016066
0.4016087
0.401606
0.40159842
0.40158656
0.40157133
0.40155417
0.40153652
0.40151954
0.40150428
0.40149134
0.40148154
0.40147528
0.4014729
0.40147445
0.40147963
0.40148795
0.4014983
0.4015096
0.40152085
0.40153065
0.40153837
0.40154377
0.40154696
0.4015486
0.40154898
0.40154862
0.4015483
0.4015486
0.4015504
0.40155447
0.40156105
0.40157053
0.40158245
0.40159598
0.40161005
0.4016231
0.40163362
0.40164068
0.40164396
0.4016438
0.40164137
0.40163818
0.40163592
0.40163627
0.40163997
0.4016478
0.4016593
0.40167394
0.40169013
0.4017063
0.401721
0.40173277
0.40174055
0.40174404
0.40174317
0.4017384
0.4017309
0.40172192
0.40171307
0.40170556
0.4017001
0.4016969
0.40169522
0.40169403
0.401692
0.40168792
0.40168115
0.40167156
0.40165925
0.40164486
0.4016292
0.40161297
0.4015966
0.40158042
0.40156442
0.4015486
0.40153304
0.40151817
0.4015046
0.40149292
0.40148368
0.40147707
0.40147325
0.40147203
0.40147308
0.40147573
0.40147942
0.40148354
0.40148732
0.4014904
0.40149227
0.40149304
0.4014933
0.40149426
0.40149692
0.40150237
0.40151143
0.40152457
0.40154183
0.40156266
0.40158606
0.40161046
0.401634
0.40165496
0.40167177
0.40168345
0.40168968
0.40169048
0.40168655
0.40167877
0.40166855
0.40165707
0.40164575
0.40163556
0.401627
0.40162036
0.40161568
0.40161267
0.40161103
0.40160996
0.40160885
0.40160668
0.40160245
0.40159535
0.40158486
0.40157086
0.40155393
0.4015349
0.40151492
0.40149495
0.40147588
0.40145856
0.40144345
0.4014311
0.40142164
0.40141526
0.4014117
0.40141052
0.40141132
0.40141353
0.40141663
0.40142015
0.4014239
0.4014278
0.40143183
0.40143594
0.40144002
0.401444
0.4014477
0.40145105
0.40145436
0.401458
0.40146253
0.4014683
0.40147555
0.40148446
0.40149492
0.40150678
0.40152004
0.4015343
0.40154916
0.4015639
0.40157765
0.4015898
0.40160015
0.4016088
0.40161654
0.4016241
0.40163225
0.40164125
0.40165105
0.4016612
0.401671
0.4016798
0.40168703
0.40169242
0.4016958
0.4016972
0.40169692
0.401695
0.40169156
0.40168694
0.4016818
0.4016771
0.40167367
0.40167236
0.40167338
0.40167645
0.40168074
0.40168527
0.4016891
0.40169147
0.40169212
0.4016914
0.40169007
0.40168884
0.4016885
0.40168935
0.4016917
0.40169528
0.40169993
0.4017054
0.4017115
0.40171784
0.4017243
0.40173075
0.40173733
0.4017437
0.40174928
0.40175334
0.40175506
0.401754
0.40175012
0.4017438
0.4017356
0.4017264
0.40171695
0.40170807
0.40170038
0.40169457
0.40169114
0.40169087
0.40169388
0.40169984
0.40170792
0.40171683
0.4017251
0.40173137
0.4017341
0.40173224
0.4017249
0.4017118
0.40169325
0.40167016
0.40164393
0.40161636
0.40158957
0.40156555
0.40154603
0.40153217
0.4015249
0.40152448
0.40153083
0.40154332
0.40156114
0.4015829
0.40160698
0.40163162
0.4016552
0.40167624
0.40169367
0.40170658
0.40171427
0.40171656
0.4017134
0.40170503
0.40169218
0.40167588
0.40165707
0.401637
0.40161678
0.40159783
0.40158093
0.40156692
0.40155634
0.4015492
0.4015454
0.40154448
0.4015461
0.4015497
0.40155515
0.4015624
0.40157154
0.40158254
0.40159523
0.40160918
0.40162405
0.4016395
0.40165508
0.401671
0.4016871
0.40170336
0.4017193
0.40173423
0.40174714
0.40175703
0.40176344
0.4017658
0.40176392
0.40175766
0.40174717
0.40173286
0.40171555
0.4016962
0.4016765
0.4016581
0.40164262
0.40163156
0.40162575
0.4016256
0.40163118
0.4016417
0.4016565
0.40167406
0.40169266
0.40171024
0.40172496
0.4017354
0.40174043
0.40173972
0.40173343
0.40172222
0.40170717
0.40168974
0.40167156
0.4016541
0.40163878
0.4016266
0.40161824
0.4016137
0.40161234
0.40161356
0.40161583
0.40161803
0.40161884
0.4016174
0.40161356
0.40160733
0.40159932
0.40159014
0.40158057
0.4015716
0.40156403
0.40155864
0.40155616
0.40155703
0.40156168
0.4015699
0.40158138
0.40159526
0.40161073
0.40162683
0.40164244
0.40165678
0.40166935
0.40167987
0.40168828
0.4016946
0.40169865
0.40170038
0.40169984
0.40169737
0.40169343
0.4016884
0.4016827
0.4016764
0.40166962
0.4016627
0.401656
0.40165022
0.40164587
0.4016437
0.40164426
0.4016477
0.4016541
0.40166304
0.40167412
0.40168646
0.401699
0.4017106
0.40171978
0.40172523
0.401726
0.4017218
0.4017125
0.40169874
0.40168133
0.40166134
0.40164
0.40161824
0.401597
0.401577
0.40155897
0.40154353
0.40153077
0.4015207
0.40151295
0.40150708
0.40150264
0.40149915
0.40149668
0.40149546
0.40149605
0.40149906
0.40150526
0.40151536
0.40152985
0.40154868
0.40157145
0.40159756
0.40162575
0.40165505
0.40168405
0.40171158
0.40173653
0.401758
0.40177545
0.4017884
0.4017968
0.4018007
0.40180075
0.4017978
0.40179303
0.40178788
0.40178356
0.40178117
0.40178123
0.40178367
0.4017877
0.40179208
0.4017956
0.40179712
0.40179583
0.40179148
0.40178415
0.4017745
0.40176362
0.40175223
0.4017414
0.40173185
0.40172398
0.4017183
0.40171483
0.40171352
0.4017146
0.40171808
0.40172407
0.4017324
0.40174237
0.40175316
0.40176377
0.40177315
0.40178064
0.40178528
0.40178663
0.4017843
0.4017783
0.40176886
0.40175644
0.4017418
0.40172595
0.40170965
0.40169394
0.4016798
0.40166825
0.40166032
0.40165645
0.40165702
0.40166143
0.40166923
0.40167952
0.40169182
0.40170586
0.4017215
0.40173852
0.4017566
0.40177503
0.40179256
0.40180808
0.4018204
0.4018286
0.40183184
0.4018297
0.4018219
0.4018088
0.40179095
0.40176937
0.4017452
0.4017198
0.40169454
0.40167052
0.40164888
0.40163025
0.4016151
0.40160364
0.40159556
0.4015906
0.4015883
0.40158817
0.4015899
0.4015928
0.40159664
0.40160108
0.4016062
0.40161175
0.40161762
0.40162343
0.40162924
0.40163526
0.40164205
0.4016501
0.40165958
0.40167043
0.401682
0.40169314
0.40170246
0.40170908
0.40171218
0.40171143
0.40170693
0.40169942
0.40168944
0.4016779
0.40166524
0.40165192
0.40163854
0.40162557
0.4016137
0.40160334
0.40159494
0.40158856
0.40158442
0.40158275
0.40158382
0.4015877
0.4015939
0.40160173
0.40160987
0.4016168
0.40162113
0.40162176
0.40161833
0.40161106
0.40160084
0.40158892
0.40157676
0.40156555
0.40155667
0.40155086
0.40154865
0.4015501
0.4015552
0.40156373
0.40157488
0.40158784
0.40160143
0.4016146
0.40162638
0.40163583
0.40164214
0.40164503
0.40164444
0.40164095
0.4016355
0.40162888
0.401622
0.40161517
0.4016084
0.40160125
0.40159324
0.40158412
0.40157375
0.4015622
0.4015497
0.4015368
0.40152407
0.40151238
0.40150246
0.4014948
0.40148973
0.40148735
0.40148804
0.40149182
0.40149894
0.4015095
0.40152335
0.40154
0.40155882
0.4015788
0.40159872
0.4016175
0.40163398
0.4016471
0.4016564
0.40166178
0.40166348
0.4016621
0.40165818
0.40165237
0.4016456
0.40163857
0.40163207
0.4016268
0.40162307
0.4016211
0.40162078
0.40162158
0.40162316
0.40162498
0.40162712
0.40162954
0.40163246
0.4016361
0.40164068
0.40164602
0.4016519
0.40165794
0.4016639
0.40166968
0.4016752
0.40168053
0.40168628
0.40169305
0.4017012
0.4017112
0.4017229
0.40173575
0.40174899
0.40176174
0.40177336
0.4017834
0.40179157
0.4017977
0.40180147
0.4018022
0.40179917
0.40179145
0.40177852
0.40175992
0.40173575
0.40170658
0.4016735
0.40163788
0.40160134
0.4015656
0.40153217
0.40150237
0.40147725
0.40145764
0.40144393
0.40143645
0.40143505
0.4014394
0.40144876
0.4014621
0.40147832
0.401496
0.40151355
0.40152958
0.401543
0.40155324
0.40156034
0.40156454
0.40156597
0.40156478
0.40156123
0.40155566
0.4015485
0.4015405
0.40153247
0.40152535
0.4015199
0.40151694
0.40151703
0.40152073
0.40152815
0.4015392
0.40155354
0.40157053
0.40158954
0.40160993
0.4016309
0.40165162
0.4016711
0.4016885
0.4017031
0.40171492
0.40172386
0.4017304
0.4017349
0.4017378
0.40173933
0.40173978
0.40173933
0.4017385
0.4017379
0.40173772
0.40173808
0.40173852
0.40173838
0.4017369
0.40173337
0.40172735
0.4017184
0.4017063
0.40169114
0.40167338
0.40165362
0.40163314
0.4016131
0.40159446
0.4015782
0.4015646
0.40155393
0.4015457
0.40153933
0.4015341
0.4015292
0.4015242
0.40151882
0.4015132
0.40150714
0.40150085
0.40149486
0.40148956
0.401486
0.4014852
0.40148783
0.40149462
0.40150595
0.40152192
0.40154243
0.40156686
0.40159458
0.40162447
0.4016555
0.40168637
0.40171564
0.40174186
0.40176407
0.40178114
0.40179244
0.40179744
0.40179577
0.40178743
0.4017727
0.40175223
0.40172735
0.40169972
0.4016715
0.40164474
0.4016214
0.40160322
0.401591
0.40158546
0.40158665
0.40159428
0.40160757
0.40162548
0.4016465
0.40166885
0.40169045
0.40170938
0.40172383
0.40173268
0.40173516
0.40173122
0.40172142
0.40170655
0.40168786
0.40166682
0.401645
0.40162346
0.4016033
0.40158528
0.4015696
0.40155625
0.40154532
0.40153646
0.4015296
0.40152448
0.4015211
0.40151924
0.40151864
0.40151888
0.40151945
0.4015198
0.40151918
0.40151712
0.40151337
0.40150845
0.4015028
0.40149724
0.40149257
0.4014894
0.40148827
0.40148947
0.401493
0.4014989
0.401507
0.40151703
0.4015287
0.40154132
0.40155432
0.40156692
0.4015783
0.40158752
0.40159357
0.40159607
0.4015951
0.40159154
0.40158615
0.40158033
0.40157506
0.40157124
0.4015695
0.40157017
0.40157324
0.40157855
0.4015852
0.4015924
0.40159887
0.4016034
0.40160483
0.40160245
0.40159622
0.40158647
0.40157416
0.4015606
0.40154693
0.4015343
0.40152374
0.40151575
0.40151066
0.40150854
0.40150896
0.4015115
0.40151528
0.40151936
0.4015231
0.40152588
0.40152705
0.40152612
0.40152276
0.4015168
0.40150854
0.40149865
0.40148807
0.40147755
0.40146783
0.40145934
0.4014524
0.40144745
0.40144467
0.40144423
0.4014459
0.40144965
0.4014549
0.40146127
0.40146822
0.40147507
0.40148118
0.401486
0.4014889
0.40148953
0.40148798
0.4014847
0.40148008
0.4014747
0.40146917
0.40146407
0.40146023
0.40145844
0.4014595
0.4014638
0.4014718
0.4014834
0.4014983
0.40151593
0.40153557
0.40155625
0.40157726
0.40159822
0.40161887
0.401639
0.4016583
0.40167615
0.40169168
0.40170386
0.4017118
0.401715
0.40171334
0.4017071
0.40169725
0.40168515
0.40167236
0.40166023
0.40164998
0.40164232
0.4016375
0.40163532
0.40163505
0.40163577
0.4016361
0.4016349
0.40163127
0.40162492
0.401616
0.4016053
0.40159374
0.40158236
0.40157226
0.4015642
0.40155873
0.40155622
0.4015568
0.40156
0.40156543
0.40157205
0.4015786
0.401584
0.4015873
0.4015881
0.40158683
0.4015841
0.40158108
0.40157908
0.40157872
0.40158078
0.40158522
0.4015921
0.4016009
0.40161106
0.40162152
0.40163115
0.4016385
0.40164262
0.4016428
0.40163878
0.40163076
0.40161952
0.4016059
0.40159076
0.40157494
0.4015589
0.4015431
0.4015281
0.4015141
0.40150145
0.4014899
0.40147963
0.40147045
0.40146273
0.40145686
0.40145326
0.40145227
0.4014542
0.40145886
0.40146607
0.401475
0.40148476
0.40149432
0.4015024
0.40150803
0.4015105
0.40150943
0.40150526
0.40149888
0.40149134
0.40148395
0.4014777
0.4014734
0.40147176
0.401473
0.40147692
0.4014831
0.40149057
0.40149844
0.4015056
0.40151146
0.4015155
0.40151784
0.4015185
0.40151763
0.40151522
0.4015114
0.40150633
0.40150067
0.401495
0.40149018
0.40148696
0.4014857
0.40148675
0.40149042
0.4014967
0.4015056
0.40151712
0.40153158
0.40154925
0.4015712
0.4015992
0.40163565
0.40168437
0.4017512
0.40184435
0.40197584
0.4021628
0.40242893
0.4028044
0.4033317
0.40406865
0.40509334
0.40651137
0.40846384
0.4111711
0.4148549
0.41982436
0.42655334
0.4356828
0.44782522
