0.44257015
0.43206665
0.42419055
0.41826442
0.41384482
0.4105869
0.408204
0.40645474
0.40517738
0.40425134
0.40357986
0.40309465
0.40274486
0.40249318
0.40231207
0.4021815
0.40208662
0.40201637
0.40196267
0.40191948
0.40188235
0.40184808
0.4018145
0.40178052
0.4017458
0.4017107
0.40167585
0.4016424
0.40161148
0.40158406
0.40156054
0.40154096
0.40152508
0.40151238
0.40150213
0.40149373
0.40148652
0.40148002
0.40147394
0.4014683
0.40146342
0.40145978
0.40145814
0.40145925
0.4014637
0.4014718
0.4014835
0.40149847
0.4015161
0.4015355
0.4015556
0.40157533
0.40159312
0.40160796
0.40161848
0.4016238
0.40162355
0.4016179
0.40160763
0.401594
0.40157855
0.40156266
0.40154773
0.40153447
0.40152353
0.40151498
0.40150872
0.40150452
0.4015021
0.4015011
0.40150118
0.40150216
0.40150392
0.40150645
0.40150973
0.40151358
0.4015176
0.40152144
0.40152475
0.40152737
0.4015298
0.40153262
0.4015366
0.40154248
0.40155068
0.40156087
0.4015726
0.40158486
0.4015969
0.4016079
0.40161765
0.4016262
0.40163362
0.40164024
0.40164596
0.40165052
0.40165323
0.40165377
0.4016519
0.40164763
0.40164164
0.40163448
0.4016267
0.40161872
0.401611
0.40160346
0.40159652
0.4015904
0.4015855
0.40158206
0.40158018
0.40157977
0.40158045
0.40158162
0.4015828
0.40158352
0.4015838
0.40158373
0.4015835
0.4015832
0.40158254
0.4015811
0.40157837
0.40157416
0.4015687
0.40156248
0.401556
0.40154994
0.40154463
0.40154028
0.4015371
0.40153515
0.40153447
0.40153533
0.4015376
0.40154123
0.4015459
0.4015513
0.40155718
0.40156308
0.4015689
0.40157455
0.4015802
0.4015862
0.4015923
0.40159824
0.40160343
0.4016071
0.40160877
0.40160826
0.40160587
0.40160185
0.4015966
0.40159047
0.40158373
0.4015767
0.4015698
0.40156376
0.40155917
0.40155652
0.40155593
0.4015573
0.40156
0.40156335
0.4015666
0.40156925
0.40157124
0.40157282
0.40157485
0.40157822
0.4015839
0.40159282
0.40160528
0.40162113
0.40163973
0.40165997
0.40168014
0.40169835
0.40171307
0.40172282
0.4017268
0.40172458
0.40171638
0.40170324
0.40168643
0.40166768
0.4016488
0.4016317
0.40161768
0.40160766
0.40160212
0.40160108
0.40160418
0.40161052
0.40161914
0.40162885
0.40163884
0.4016485
0.40165764
0.40166643
0.4016751
0.401684
0.40169325
0.40170315
0.40171385
0.4017255
0.40173787
0.40175122
0.40176547
0.40178075
0.40179655
0.4018123
0.4018268
0.40183902
0.4018477
0.4018519
0.40185094
0.4018444
0.40183225
0.4018146
0.40179208
0.40176556
0.40173638
0.40170604
0.40167627
0.40164873
0.40162486
0.40160576
0.4015922
0.4015841
0.40158123
0.40158278
0.40158775
0.40159494
0.4016031
0.40161142
0.40161902
0.4016253
0.40162954
0.40163103
0.40162948
0.4016249
0.40161756
0.40160805
0.40159687
0.40158513
0.40157372
0.4015636
0.40155548
0.40154967
0.40154603
0.40154424
0.4015437
0.40154362
0.4015433
0.401542
0.40153912
0.4015344
0.40152794
0.40152037
0.4015126
0.40150544
0.40149954
0.40149534
0.4014929
0.40149197
0.4014921
0.4014927
0.40149328
0.4014929
0.40149125
0.40148833
0.4014846
0.40148094
0.4014783
0.4014775
0.40147907
0.4014832
0.40148997
0.40149894
0.4015095
0.4015209
0.40153238
0.40154323
0.40155292
0.40156153
0.40156946
0.40157726
0.40158552
0.4015945
0.4016042
0.40161437
0.40162444
0.4016335
0.40164047
0.40164438
0.40164453
0.40164095
0.40163404
0.40162456
0.40161344
0.4016016
0.40158975
0.40157852
0.4015683
0.40155944
0.40155205
0.40154618
0.40154156
0.40153807
0.4015354
0.40153354
0.40153214
0.40153116
0.4015305
0.40153033
0.4015307
0.40153202
0.4015345
0.4015386
0.4015444
0.401552
0.40156123
0.40157175
0.4015827
0.401593
0.4016018
0.40160826
0.40161222
0.4016138
0.40161344
0.40161175
0.40160963
0.4016082
0.40160912
0.40161464
0.40162736
0.40165025
0.40168718
0.40174252
0.40182188
0.40193316
0.4020868
0.4022988
0.40258977
0.40298808
0.40353397
0.40428397
0.4053147
0.40673152
0.40867573
0.41136762
0.4150319
0.41997838
0.42668024
0.43578213
0.4478969
