0.44260478
0.43210885
0.42423528
0.4183063
0.4138781
0.41060567
0.4082033
0.4064303
0.40512553
0.40417057
0.4034694
0.40295497
0.40257737
0.40229988
0.4020949
0.40194204
0.4018262
0.4017365
0.40166533
0.40160763
0.40156
0.40152028
0.40148702
0.40145946
0.4014372
0.4014201
0.40140808
0.40140107
0.40139887
0.4014012
0.4014079
0.4014188
0.4014338
0.4014525
0.40147465
0.40149984
0.4015275
0.40155676
0.40158677
0.40161672
0.4016453
0.4016714
0.4016937
0.40171093
0.40172237
0.40172774
0.4017272
0.40172118
0.4017105
0.4016963
0.4016797
0.40166184
0.40164348
0.40162542
0.401608
0.4015918
0.4015771
0.40156397
0.40155253
0.40154284
0.40153491
0.4015289
0.4015251
0.4015235
0.4015244
0.40152773
0.40153366
0.40154243
0.40155402
0.4015683
0.40158486
0.40160322
0.40162233
0.4016411
0.4016582
0.4016722
0.4016822
0.4016874
0.40168765
0.4016831
0.40167442
0.4016628
0.40164974
0.40163714
0.40162647
0.40161887
0.4016149
0.40161443
0.40161672
0.40162054
0.40162444
0.401627
0.40162715
0.40162438
0.40161884
0.40161106
0.40160203
0.4015927
0.40158376
0.4015755
0.4015683
0.4015623
0.40155765
0.40155435
0.40155226
0.4015512
0.40155107
0.4015519
0.40155384
0.40155697
0.40156138
0.4015671
0.40157375
0.4015809
0.40158775
0.40159354
0.40159765
0.4016002
0.40160152
0.4016024
0.40160337
0.40160498
0.40160748
0.40161115
0.40161604
0.4016223
0.40162995
0.40163898
0.4016495
0.40166125
0.40167397
0.40168712
0.40170008
0.40171227
0.40172318
0.4017322
0.40173858
0.40174142
0.4017398
0.4017333
0.40172178
0.40170583
0.40168652
0.40166527
0.40164354
0.40162265
0.40160358
0.4015869
0.40157285
0.40156135
0.4015519
0.4015442
0.40153798
0.40153348
0.40153116
0.40153167
0.40153575
0.4015439
0.40155658
0.40157402
0.4015962
0.4016229
0.40165356
0.40168732
0.40172264
0.40175796
0.40179154
0.40182194
0.40184787
0.40186843
0.40188304
0.40189135
0.4018936
0.40189
0.40188134
0.40186846
0.40185264
0.40183538
0.40181813
0.40180224
0.40178883
0.4017782
0.4017702
0.40176418
0.40175924
0.40175453
0.4017494
0.40174365
0.40173712
0.40173015
0.40172324
0.4017171
0.4017123
0.40170926
0.40170762
0.40170693
0.40170616
0.40170416
0.4017001
0.40169346
0.40168422
0.40167278
0.40166
0.4016471
0.4016355
0.4016264
0.40162092
0.4016199
0.40162385
0.40163282
0.4016465
0.40166426
0.40168512
0.40170777
0.40173087
0.40175286
0.40177256
0.40178892
0.401801
0.4018082
0.40181008
0.40180665
0.40179828
0.40178543
0.401769
0.4017501
0.40173006
0.40171054
0.40169296
0.40167862
0.40166858
0.40166333
0.40166336
0.40166885
0.40167943
0.4016947
0.4017137
0.40173534
0.4017582
0.40178114
0.40180314
0.4018233
0.40184104
0.4018559
0.40186763
0.4018762
0.40188205
0.40188548
0.40188685
0.40188634
0.40188396
0.40187958
0.40187287
0.4018634
0.401851
0.40183547
0.4018169
0.40179542
0.40177152
0.40174565
0.4017187
0.4016917
0.40166587
0.4016426
0.401623
0.401608
0.40159792
0.4015928
0.4015921
0.40159494
0.4016002
0.40160668
0.40161356
0.40162036
0.40162715
0.40163428
0.4016419
0.4016501
0.40165806
0.4016649
0.40166923
0.4016699
0.40166605
0.40165743
0.4016443
0.40162745
0.40160832
0.40158862
0.40156993
0.40155354
0.4015403
0.4015305
0.4015244
0.40152183
0.4015227
0.4015267
0.4015333
0.40154168
0.40155068
0.4015589
0.40156513
0.40156823
0.40156758
0.40156326
0.40155566
0.40154555
0.40153405
0.4015222
0.4015108
0.40150073
0.40149218
0.40148544
0.40148053
0.40147752
0.4014766
0.4014777
0.4014808
0.40148577
0.40149248
0.40150073
0.40151024
0.4015205
0.40153104
0.4015411
0.40154967
0.4015557
0.40155855
0.40155795
0.4015543
0.40154842
0.40154156
0.4015349
0.40152973
0.40152678
0.40152666
0.40152952
0.40153518
0.40154302
0.40155256
0.40156308
0.4015737
0.40158328
0.40159056
0.4015945
0.40159416
0.40158927
0.40158007
0.40156734
0.401552
0.40153506
0.40151772
0.40150085
0.40148535
0.4014721
0.40146145
0.4014538
0.40144917
0.40144736
0.40144777
0.40144995
0.40145284
0.40145576
0.4014581
0.40145952
0.40145972
0.4014589
0.40145737
0.40145567
0.40145436
0.4014539
0.40145478
0.40145686
0.40146035
0.40146518
0.4014713
0.4014789
0.4014882
0.40149912
0.40151155
0.40152505
0.40153876
0.4015519
0.4015633
0.40157193
0.401577
0.40157828
0.40157586
0.4015706
0.40156335
0.40155515
0.4015468
0.4015391
0.40153238
0.40152678
0.40152213
0.40151802
0.40151384
0.4015094
0.40150452
0.4014993
0.40149423
0.40148968
0.40148625
0.40148437
0.40148464
0.40148705
0.40149158
0.40149757
0.40150434
0.40151098
0.40151688
0.40152162
0.40152505
0.40152755
0.40152964
0.40153208
0.4015353
0.40153986
0.40154636
0.40155515
0.40156683
0.4015817
0.4015999
0.4016214
0.40164563
0.4016721
0.40169993
0.4017282
0.40175614
0.40178314
0.40180925
0.40183493
0.40186143
0.4018907
0.4019254
0.40196967
0.4020292
0.40211228
0.40223065
0.40240064
0.40264645
0.40299946
0.4035017
0.40421182
0.40520874
0.4065993
0.40852576
0.41120896
0.41487375
0.41982928
0.42654812
0.43567425
0.44781736
