0.44259626
0.4321007
0.42423072
0.41830838
0.41388935
0.4106277
0.40823632
0.40647373
0.40517777
0.4042292
0.40353143
0.40301716
0.40263683
0.40235442
0.4021439
0.40198648
0.40186885
0.40178132
0.40171674
0.40167007
0.40163702
0.40161422
0.40159914
0.40158948
0.40158325
0.40157846
0.40157354
0.40156755
0.4015601
0.40155193
0.4015439
0.4015372
0.4015327
0.40153104
0.40153253
0.40153694
0.40154353
0.4015513
0.40155926
0.40156606
0.40157104
0.40157345
0.40157375
0.4015725
0.4015707
0.40156934
0.40156934
0.40157145
0.4015758
0.4015824
0.40159068
0.40160006
0.40160966
0.40161866
0.40162626
0.40163195
0.40163592
0.4016382
0.40163937
0.40163964
0.40163913
0.40163806
0.40163624
0.40163386
0.40163088
0.40162736
0.401623
0.40161774
0.40161136
0.4016039
0.40159553
0.40158692
0.4015787
0.40157172
0.4015666
0.4015638
0.4015636
0.40156564
0.4015695
0.40157434
0.40157917
0.40158308
0.4015854
0.40158588
0.40158463
0.40158197
0.40157837
0.40157455
0.40157086
0.40156788
0.401566
0.40156564
0.40156692
0.40157014
0.40157548
0.40158296
0.40159234
0.40160307
0.4016145
0.4016258
0.40163618
0.4016449
0.40165162
0.4016564
0.40166
0.4016633
0.40166736
0.40167332
0.4016814
0.4016915
0.401703
0.4017147
0.40172526
0.40173364
0.40173903
0.40174115
0.40174025
0.4017372
0.40173304
0.401729
0.4017261
0.40172505
0.40172622
0.4017293
0.40173355
0.40173784
0.4017416
0.40174428
0.4017458
0.4017468
0.40174815
0.40175074
0.40175527
0.40176213
0.40177143
0.4017827
0.40179506
0.4018073
0.4018181
0.40182632
0.4018307
0.4018303
0.4018246
0.4018132
0.4017965
0.40177476
0.40174913
0.4017209
0.4016914
0.4016621
0.40163442
0.40160936
0.40158784
0.40157044
0.4015578
0.40155014
0.40154782
0.40155053
0.40155807
0.40157026
0.40158632
0.401606
0.4016284
0.4016525
0.40167683
0.40169993
0.4017201
0.40173584
0.40174577
0.40174907
0.4017456
0.40173554
0.40171972
0.40169942
0.401676
0.4016512
0.40162662
0.40160364
0.40158358
0.40156725
0.40155506
0.40154704
0.401543
0.40154245
0.401545
0.40154982
0.40155622
0.40156323
0.40157
0.40157565
0.40157932
0.4015807
0.40157962
0.40157637
0.40157118
0.40156433
0.40155604
0.40154645
0.40153578
0.40152434
0.4015127
0.4015015
0.40149128
0.40148255
0.40147546
0.4014701
0.4014664
0.40146428
0.40146396
0.4014658
0.40147048
0.40147847
0.4014903
0.4015059
0.40152505
0.40154713
0.40157118
0.4015962
0.40162095
0.4016444
0.40166542
0.4016832
0.40169743
0.40170813
0.40171555
0.40172008
0.40172192
0.401721
0.40171683
0.40170914
0.40169805
0.40168378
0.40166718
0.40164912
0.4016309
0.40161362
0.40159833
0.40158585
0.40157658
0.4015707
0.40156782
0.40156728
0.4015681
0.40156937
0.40157026
0.40157044
0.40157
0.40156916
0.40156823
0.40156782
0.4015686
0.401571
0.40157548
0.40158203
0.40159068
0.40160108
0.40161303
0.401626
0.40163958
0.40165314
0.40166637
0.40167883
0.40169013
0.4017001
0.40170857
0.40171546
0.40172055
0.40172374
0.40172508
0.40172523
0.40172493
0.40172535
0.40172753
0.4017321
0.401739
0.40174776
0.40175718
0.40176573
0.40177178
0.401774
0.40177152
0.4017637
0.40175062
0.40173277
0.40171102
0.40168652
0.40166053
0.4016347
0.40161037
0.40158877
0.40157086
0.4015573
0.4015484
0.4015442
0.4015448
0.40154958
0.4015577
0.40156797
0.40157887
0.401589
0.40159738
0.40160346
0.40160748
0.4016101
0.40161204
0.40161413
0.40161672
0.40162
0.40162364
0.4016269
0.4016289
0.40162894
0.40162656
0.40162158
0.40161386
0.40160364
0.40159085
0.40157548
0.40155816
0.40153962
0.4015211
0.40150347
0.4014875
0.4014736
0.40146208
0.40145275
0.40144572
0.40144074
0.40143788
0.40143722
0.40143865
0.40144232
0.40144837
0.4014568
0.40146786
0.4014815
0.40149742
0.40151522
0.40153423
0.40155393
0.40157384
0.40159407
0.4016149
0.40163645
0.40165886
0.40168148
0.40170354
0.40172386
0.40174142
0.40175548
0.40176564
0.4017719
0.4017747
0.401775
0.40177414
0.4017736
0.40177476
0.40177837
0.40178457
0.401793
0.40180272
0.40181255
0.40182132
0.40182808
0.40183198
0.4018326
0.40182954
0.4018227
0.4018121
0.4017979
0.40178046
0.40176034
0.40173858
0.40171608
0.40169403
0.4016732
0.40165436
0.40163782
0.40162367
0.40161175
0.40160185
0.4015934
0.40158564
0.40157795
0.40156966
0.40156046
0.4015505
0.40154013
0.40153006
0.40152073
0.40151262
0.4015061
0.40150118
0.40149802
0.4014967
0.40149754
0.40150115
0.40150818
0.40151954
0.4015356
0.40155658
0.401582
0.40161106
0.4016424
0.40167442
0.40170506
0.4017326
0.40175554
0.40177286
0.40178403
0.4017889
0.4017876
0.4017808
0.40176937
0.40175423
0.40173656
0.4017175
0.40169814
0.40167925
0.40166125
0.40164408
0.40162772
0.40161175
0.40159628
0.4015817
0.40156865
0.4015578
0.40154967
0.401545
0.4015444
0.40154818
0.4015563
0.40156856
0.40158433
0.40160295
0.4016237
0.40164593
0.40166897
0.4016919
0.40171343
0.40173224
0.40174696
0.40175658
0.40176043
0.40175846
0.40175095
0.4017386
0.40172252
0.40170404
0.40168422
0.40166417
0.40164468
0.40162608
0.4016085
0.40159205
0.40157697
0.40156344
0.40155184
0.40154216
0.40153444
0.40152833
0.40152347
0.40151945
0.40151596
0.40151298
0.4015105
0.40150842
0.40150663
0.4015049
0.4015028
0.40149996
0.40149644
0.40149245
0.40148848
0.40148488
0.4014824
0.40148178
0.40148365
0.40148827
0.4014957
0.40150583
0.40151805
0.4015315
0.40154514
0.40155813
0.40156955
0.40157917
0.4015872
0.40159404
0.40160015
0.40160567
0.40161046
0.40161428
0.40161666
0.40161687
0.4016145
0.40160915
0.40160108
0.4015907
0.40157872
0.4015662
0.40155444
0.4015447
0.40153807
0.40153524
0.40153643
0.40154156
0.4015499
0.4015605
0.40157208
0.40158322
0.40159285
0.40160042
0.4016057
0.4016088
0.40161005
0.4016098
0.4016083
0.40160602
0.40160373
0.4016024
0.40160295
0.4016064
0.40161344
0.4016243
0.4016388
0.40165648
0.40167636
0.40169743
0.40171912
0.4017405
0.40176052
0.40177822
0.40179256
0.40180266
0.4018078
0.40180767
0.40180206
0.401791
0.40177506
0.4017548
0.40173137
0.401706
0.40168014
0.40165517
0.40163252
0.40161294
0.40159762
0.40158683
0.4015806
0.4015787
0.40158048
0.4015854
0.4015925
0.4016013
0.40161145
0.40162292
0.40163583
0.40164992
0.4016648
0.40167928
0.4016923
0.40170273
0.40171006
0.40171418
0.40171573
0.40171582
0.40171582
0.4017171
0.40172055
0.40172687
0.40173644
0.40174907
0.4017647
0.40178242
0.4018018
0.4018222
0.40184325
0.4018647
0.40188625
0.4019075
0.4019279
0.4019469
0.40196413
0.40197906
0.40199122
0.40200037
0.40200603
0.40200806
0.40200633
0.4020008
0.40199155
0.4019786
0.40196234
0.40194297
0.40192124
0.40189803
0.40187445
0.4018518
0.40183142
0.4018145
0.40180174
0.40179324
0.40178856
0.40178674
0.40178642
0.4017862
0.4017849
0.40178138
0.40177503
0.40176576
0.40175375
0.40173978
0.40172458
0.40170914
0.40169442
0.40168124
0.40166998
0.4016612
0.40165478
0.40165102
0.4016497
0.4016506
0.401653
0.4016559
0.40165818
0.4016588
0.401657
0.40165222
0.40164477
0.40163523
0.40162468
0.4016145
0.40160573
0.4015996
0.40159672
0.4015976
0.40160224
0.40161052
0.40162197
0.40163592
0.40165144
0.4016674
0.40168297
0.40169758
0.40171146
0.40172485
0.40173835
0.40175208
0.40176618
0.40178046
0.40179455
0.4018076
0.40181884
0.40182728
0.4018323
0.4018337
0.40183148
0.40182614
0.40181845
0.40180925
0.40179947
0.40178984
0.4017808
0.4017722
0.4017635
0.4017536
0.40174156
0.4017267
0.40170887
0.40168858
0.4016669
0.40164512
0.4016248
0.40160733
0.40159407
0.4015858
0.401583
0.40158555
0.40159306
0.40160447
0.4016186
0.401634
0.40164942
0.40166345
0.40167502
0.4016833
0.4016877
0.40168837
0.40168595
0.40168148
0.4016767
0.4016733
0.40167266
0.40167576
0.4016829
0.4016936
0.40170684
0.40172124
0.4017351
0.40174714
0.40175608
0.4017615
0.40176305
0.40176097
0.401756
0.40174899
0.4017409
0.40173283
0.4017253
0.4017182
0.4017111
0.40170318
0.4016938
0.40168267
0.4016699
0.40165612
0.40164223
0.4016291
0.40161762
0.40160832
0.40160188
0.40159857
0.4015985
0.4016014
0.4016067
0.40161347
0.40162075
0.40162727
0.4016322
0.40163505
0.40163592
0.40163532
0.40163428
0.4016337
0.40163442
0.40163672
0.40164018
0.40164387
0.4016464
0.40164617
0.40164196
0.40163308
0.40161976
0.40160257
0.40158316
0.40156314
0.40154424
0.4015281
0.40151572
0.4015078
0.40150464
0.40150625
0.40151235
0.40152255
0.4015359
0.40155166
0.4015687
0.40158594
0.40160242
0.40161678
0.4016279
0.40163517
0.4016382
0.40163726
0.4016331
0.40162668
0.401619
0.40161115
0.40160364
0.40159705
0.4015918
0.4015881
0.40158588
0.40158466
0.40158403
0.40158346
0.4015824
0.40158042
0.40157735
0.401573
0.40156797
0.40156245
0.40155703
0.40155217
0.40154812
0.4015451
0.40154335
0.40154302
0.40154418
0.40154722
0.40155223
0.40155944
0.4015685
0.40157878
0.40158966
0.4016
0.4016089
0.40161526
0.4016179
0.4016164
0.40161058
0.40160102
0.40158865
0.4015748
0.40156054
0.40154696
0.40153447
0.40152374
0.401515
0.40150833
0.40150356
0.40150037
0.4014984
0.4014973
0.40149665
0.40149587
0.40149468
0.4014929
0.40149045
0.40148768
0.40148512
0.40148318
0.4014823
0.40148306
0.40148553
0.40148988
0.40149602
0.40150353
0.40151206
0.40152133
0.40153122
0.4015418
0.40155324
0.40156576
0.4015796
0.40159476
0.40161085
0.40162736
0.4016436
0.40165883
0.40167278
0.40168542
0.4016967
0.4017067
0.40171513
0.4017216
0.40172535
0.40172556
0.40172178
0.40171367
0.40170148
0.40168583
0.40166786
0.4016485
0.40162873
0.40160936
0.40159082
0.40157384
0.40155867
0.40154555
0.40153447
0.40152514
0.40151715
0.40150973
0.40150243
0.401495
0.40148762
0.40148053
0.40147418
0.40146944
0.4014667
0.40146637
0.40146863
0.40147346
0.4014806
0.40148968
0.40150008
0.40151134
0.4015233
0.4015357
0.40154842
0.40156132
0.4015741
0.4015865
0.40159792
0.4016079
0.40161613
0.40162277
0.40162817
0.40163308
0.4016381
0.4016436
0.40164986
0.40165657
0.4016629
0.40166765
0.40166962
0.40166765
0.40166137
0.4016507
0.40163624
0.40161926
0.4016009
0.40158215
0.40156394
0.40154672
0.4015309
0.40151653
0.40150377
0.4014927
0.40148342
0.40147626
0.4014711
0.40146795
0.40146658
0.40146667
0.40146795
0.40147027
0.40147367
0.40147826
0.4014839
0.40149045
0.4014976
0.40150508
0.40151298
0.4015215
0.40153104
0.4015418
0.40155402
0.4015679
0.4015833
0.40159968
0.40161607
0.40163112
0.40164337
0.4016517
0.40165538
0.4016541
0.4016484
0.40163904
0.40162748
0.40161484
0.40160203
0.40158957
0.4015775
0.40156573
0.40155414
0.40154284
0.40153226
0.40152335
0.40151682
0.40151322
0.40151316
0.4015166
0.40152338
0.4015331
0.4015454
0.40155956
0.40157512
0.40159097
0.4016064
0.40162036
0.40163156
0.4016388
0.40164098
0.4016377
0.40162918
0.40161636
0.40160075
0.40158433
0.40156904
0.4015567
0.4015487
0.40154603
0.40154892
0.40155742
0.40157077
0.40158793
0.40160772
0.40162826
0.40164766
0.4016639
0.40167546
0.4016813
0.4016811
0.40167552
0.40166545
0.40165257
0.40163875
0.40162563
0.40161481
0.4016074
0.40160415
0.40160528
0.40161052
0.4016193
0.40163046
0.40164316
0.40165633
0.40166903
0.40168002
0.40168825
0.4016926
0.4016926
0.40168813
0.4016797
0.40166798
0.40165418
0.40163904
0.40162376
0.4016092
0.40159604
0.40158486
0.40157595
0.4015694
0.40156546
0.4015644
0.40156648
0.40157202
0.4015814
0.4015945
0.4016108
0.40162948
0.40164915
0.4016686
0.4016867
0.4017031
0.40171775
0.40173152
0.40174517
0.40175974
0.40177587
0.40179378
0.40181312
0.40183336
0.40185368
0.4018733
0.40189156
0.40190774
0.40192127
0.40193135
0.40193748
0.4019392
0.40193623
0.40192854
0.4019163
0.4019001
0.40188086
0.40185985
0.40183866
0.40181908
0.40180254
0.4017901
0.4017821
0.40177828
0.4017777
0.40177894
0.4017803
0.40177998
0.40177673
0.40176952
0.40175802
0.4017421
0.4017222
0.40169922
0.40167418
0.40164858
0.40162387
0.4016014
0.40158212
0.40156645
0.4015543
0.40154535
0.40153876
0.4015338
0.4015296
0.4015256
0.40152135
0.40151688
0.40151235
0.40150833
0.40150556
0.40150476
0.40150627
0.40151033
0.40151665
0.40152478
0.40153372
0.40154222
0.40154916
0.4015538
0.40155557
0.40155488
0.40155232
0.40154913
0.40154642
0.40154555
0.4015472
0.40155208
0.40156057
0.4015725
0.40158725
0.4016041
0.40162176
0.4016391
0.4016551
0.40166876
0.40167928
0.40168568
0.4016875
0.40168464
0.40167758
0.40166724
0.40165505
0.40164247
0.4016312
0.40162262
0.40161806
0.40161824
0.40162334
0.401633
0.4016462
0.4016617
0.40167785
0.40169293
0.4017051
0.40171286
0.40171513
0.40171143
0.40170178
0.40168694
0.401668
0.4016464
0.40162352
0.40160084
0.40157944
0.4015601
0.40154335
0.40152925
0.40151775
0.40150842
0.40150112
0.40149555
0.40149155
0.4014889
0.40148717
0.40148595
0.40148506
0.40148416
0.40148324
0.40148205
0.40148067
0.40147924
0.40147796
0.40147725
0.40147778
0.4014804
0.40148565
0.4014939
0.4015055
0.40152016
0.40153763
0.40155718
0.40157786
0.4015985
0.40161774
0.40163413
0.4016465
0.40165403
0.40165672
0.4016548
0.40164906
0.40164068
0.40163088
0.4016207
0.40161106
0.40160248
0.40159512
0.40158913
0.40158397
0.4015796
0.40157574
0.4015723
0.401569
0.40156573
0.4015623
0.40155873
0.40155542
0.40155265
0.40155086
0.40155
0.40155002
0.4015507
0.4015519
0.4015532
0.40155402
0.40155378
0.40155196
0.40154812
0.40154225
0.40153483
0.40152642
0.40151775
0.40150985
0.40150347
0.4014992
0.4014975
0.40149888
0.40150362
0.4015119
0.40152374
0.40153894
0.40155745
0.40157917
0.40160397
0.40163144
0.40166047
0.4016901
0.4017188
0.40174508
0.40176788
0.40178585
0.40179822
0.40180445
0.40180472
0.40179953
0.40178993
0.40177715
0.4017627
0.40174788
0.40173408
0.4017222
0.40171322
0.40170735
0.40170437
0.40170342
0.40170342
0.40170342
0.40170255
0.40170085
0.40169853
0.4016963
0.40169513
0.4016955
0.40169773
0.40170145
0.40170595
0.40171006
0.40171275
0.40171304
0.4017105
0.40170524
0.4016977
0.40168884
0.40167984
0.4016716
0.40166458
0.40165898
0.40165454
0.40165085
0.40164724
0.40164387
0.40164077
0.40163854
0.4016378
0.40163898
0.40164202
0.40164658
0.4016516
0.40165567
0.40165764
0.40165657
0.40165198
0.401644
0.40163344
0.4016215
0.4016097
0.4015996
0.4015925
0.40158954
0.40159145
0.40159863
0.40161103
0.40162802
0.4016484
0.4016704
0.40169215
0.40171152
0.40172684
0.40173662
0.4017401
0.40173706
0.40172806
0.40171406
0.40169668
0.4016779
0.40165946
0.4016431
0.4016301
0.40162113
0.4016166
0.40161625
0.40161923
0.40162444
0.40163046
0.40163562
0.4016384
0.4016375
0.40163237
0.4016229
0.40160936
0.40159237
0.40157306
0.40155232
0.4015313
0.40151113
0.40149274
0.40147725
0.4014654
0.40145746
0.4014534
0.4014527
0.4014546
0.4014579
0.40146148
0.4014644
0.40146616
0.40146685
0.4014669
0.40146697
0.40146753
0.40146908
0.40147153
0.4014751
0.40147972
0.40148556
0.40149283
0.40150186
0.40151295
0.40152642
0.4015423
0.4015609
0.40158197
0.401605
0.40162918
0.40165323
0.4016757
0.40169516
0.4017103
0.40172014
0.40172416
0.4017221
0.401714
0.40170035
0.40168193
0.40166
0.40163606
0.4016119
0.40158904
0.40156916
0.40155324
0.40154243
0.4015372
0.4015379
0.4015444
0.4015564
0.40157342
0.40159485
0.40162012
0.40164846
0.40167886
0.40171
0.40174043
0.40176857
0.40179294
0.40181246
0.40182638
0.40183416
0.40183538
0.40183014
0.4018186
0.4018014
0.40177965
0.40175444
0.40172732
0.40169987
0.40167356
0.4016495
0.40162832
0.40161052
0.40159613
0.4015852
0.40157756
0.40157276
0.40156993
0.4015682
0.40156657
0.40156427
0.40156084
0.40155643
0.40155128
0.40154585
0.4015407
0.4015361
0.40153235
0.40152943
0.4015274
0.4015262
0.40152588
0.4015265
0.40152833
0.4015315
0.4015359
0.4015415
0.4015481
0.40155542
0.4015631
0.40157077
0.40157795
0.40158433
0.40158978
0.40159392
0.40159658
0.4015975
0.401597
0.40159535
0.40159297
0.40159023
0.40158758
0.401585
0.40158272
0.40158066
0.4015788
0.40157685
0.40157488
0.40157315
0.401572
0.40157163
0.40157223
0.40157342
0.40157512
0.401577
0.401579
0.4015811
0.4015832
0.40158546
0.40158784
0.4015905
0.40159348
0.40159675
0.40160048
0.40160465
0.401609
0.40161362
0.4016184
0.40162346
0.40162858
0.40163344
0.40163743
0.40164027
0.40164152
0.4016416
0.4016411
0.4016411
0.4016426
0.40164658
0.40165383
0.40166464
0.4016786
0.4016946
0.40171093
0.40172553
0.40173656
0.40174234
0.401742
0.40173522
0.40172237
0.40170437
0.40168276
0.40165922
0.40163562
0.40161353
0.40159416
0.40157822
0.40156567
0.4015563
0.4015495
0.4015445
0.4015408
0.4015379
0.40153545
0.4015331
0.4015307
0.40152815
0.40152553
0.401523
0.40152073
0.40151867
0.40151665
0.40151456
0.40151218
0.40150946
0.4015064
0.401503
0.40149966
0.40149665
0.40149438
0.40149307
0.40149316
0.40149468
0.4014979
0.40150318
0.4015104
0.40151963
0.40153068
0.40154317
0.40155688
0.40157112
0.40158513
0.40159792
0.4016089
0.4016175
0.4016236
0.40162775
0.40163046
0.4016323
0.40163353
0.40163404
0.40163347
0.40163147
0.40162796
0.40162313
0.40161747
0.40161142
0.40160543
0.40159962
0.40159407
0.40158877
0.4015839
0.40157938
0.4015752
0.40157145
0.40156803
0.401565
0.40156224
0.40155974
0.40155745
0.40155524
0.40155283
0.40155047
0.40154815
0.40154597
0.4015441
0.40154272
0.40154186
0.4015415
0.4015415
0.40154183
0.40154248
0.40154368
0.40154558
0.40154848
0.4015525
0.40155795
0.40156496
0.40157387
0.40158504
0.40159863
0.40161434
0.40163136
0.40164846
0.40166384
0.40167564
0.40168226
0.4016824
0.4016755
0.40166178
0.40164214
0.4016179
0.40159124
0.40156394
0.4015379
0.40151432
0.4014942
0.40147778
0.40146542
0.401457
0.40145248
0.4014514
0.40145376
0.40145943
0.40146807
0.40147913
0.40149185
0.40150508
0.4015179
0.40152904
0.40153787
0.401544
0.40154743
0.40154842
0.40154737
0.40154478
0.40154138
0.40153798
0.40153518
0.40153348
0.40153298
0.40153337
0.40153408
0.40153438
0.4015337
0.4015319
0.4015293
0.40152645
0.40152395
0.4015226
0.40152317
0.40152627
0.40153208
0.40154064
0.4015513
0.40156317
0.40157512
0.40158585
0.4015939
0.4015985
0.4015993
0.40159646
0.40159085
0.40158346
0.40157512
0.40156648
0.40155807
0.40155017
0.40154287
0.40153623
0.4015304
0.4015255
0.4015215
0.4015186
0.40151688
0.40151614
0.40151626
0.40151712
0.40151876
0.40152106
0.40152407
0.40152767
0.4015319
0.40153646
0.40154132
0.40154633
0.40155172
0.4015578
0.40156487
0.40157315
0.40158305
0.40159476
0.4016082
0.40162313
0.40163916
0.40165552
0.40167168
0.40168676
0.4016998
0.4017099
0.40171638
0.40171874
0.40171692
0.4017113
0.40170228
0.4016908
0.40167737
0.40166256
0.40164647
0.40162927
0.4016111
0.40159222
0.40157324
0.401555
0.4015385
0.40152475
0.40151468
0.40150914
0.40150857
0.40151316
0.40152285
0.40153715
0.40155533
0.40157625
0.40159857
0.40162128
0.40164307
0.40166292
0.40167996
0.4016938
0.40170434
0.4017121
0.40171754
0.40172124
0.40172398
0.40172654
0.40172997
0.40173495
0.40174183
0.40175036
0.40175974
0.40176886
0.40177646
0.40178156
0.40178344
0.40178177
0.40177673
0.40176886
0.4017588
0.4017475
0.4017357
0.4017238
0.40171164
0.40169913
0.40168634
0.40167367
0.40166196
0.40165222
0.40164563
0.40164304
0.40164497
0.40165132
0.4016617
0.40167505
0.4016901
0.4017055
0.40171972
0.4017314
0.40173933
0.40174294
0.40174156
0.40173545
0.40172505
0.40171137
0.4016958
0.40167996
0.40166533
0.40165326
0.40164453
0.4016396
0.40163866
0.40164104
0.40164572
0.40165135
0.40165597
0.4016581
0.4016564
0.40165016
0.40163937
0.40162456
0.4016068
0.40158758
0.40156844
0.40155104
0.40153652
0.40152586
0.40151933
0.401517
0.4015185
0.40152317
0.40153012
0.4015385
0.40154722
0.4015554
0.4015623
0.40156764
0.40157118
0.4015729
0.40157288
0.40157142
0.4015689
0.4015662
0.40156427
0.40156412
0.40156665
0.40157238
0.4015814
0.4015934
0.40160745
0.4016224
0.40163678
0.4016494
0.4016594
0.40166646
0.40167084
0.4016727
0.4016725
0.40167043
0.40166655
0.40166056
0.4016526
0.40164277
0.40163156
0.40161937
0.4016067
0.40159383
0.40158138
0.40157008
0.40156114
0.4015555
0.40155387
0.40155688
0.40156472
0.40157717
0.4015939
0.40161404
0.4016366
0.40166017
0.40168345
0.40170488
0.40172374
0.40173963
0.4017531
0.40176564
0.40177986
0.40179956
0.40183014
0.40187877
0.40195498
0.4020714
0.40224454
0.4024992
0.4028646
0.40338263
0.40411082
0.40512702
0.40653694
0.40848193
0.4111825
0.41486102
0.41982678
0.42655286
0.4356813
0.44782367
