0.4426361
0.4321482
0.42427948
0.4183518
0.41392124
0.41064307
0.40823266
0.40645128
0.40513965
0.40418074
0.40347946
0.4029688
0.40259862
0.4023316
0.40213978
0.40200213
0.40190288
0.40183052
0.40177655
0.401735
0.40170175
0.40167382
0.40164933
0.4016268
0.40160528
0.40158442
0.40156403
0.4015442
0.40152544
0.40150836
0.40149382
0.4014824
0.40147454
0.40147033
0.40146983
0.4014728
0.40147886
0.40148756
0.40149835
0.40151048
0.40152347
0.40153658
0.40154955
0.40156236
0.4015753
0.40158865
0.40160248
0.4016166
0.4016306
0.40164396
0.4016562
0.40166682
0.40167508
0.40168044
0.40168235
0.4016809
0.40167642
0.40166968
0.40166175
0.4016534
0.40164557
0.40163872
0.40163347
0.4016301
0.40162873
0.40162933
0.40163147
0.40163463
0.40163866
0.40164337
0.40164912
0.4016562
0.401665
0.4016756
0.40168777
0.40170097
0.40171453
0.40172777
0.40173995
0.4017508
0.4017601
0.40176776
0.40177324
0.40177575
0.40177453
0.40176892
0.40175855
0.4017434
0.401724
0.40170118
0.40167624
0.40165082
0.4016264
0.40160426
0.40158525
0.40156975
0.40155804
0.4015503
0.40154654
0.40154675
0.40155065
0.40155762
0.40156692
0.4015778
0.40158933
0.40160093
0.40161198
0.40162203
0.4016302
0.40163556
0.40163714
0.40163428
0.40162712
0.40161595
0.40160167
0.4015854
0.4015679
0.40155014
0.40153277
0.40151647
0.40150177
0.40148914
0.40147865
0.40147033
0.401464
0.4014593
0.40145606
0.40145415
0.40145358
0.40145463
0.40145752
0.4014624
0.40146956
0.40147907
0.4014907
0.4015044
0.40152007
0.40153757
0.40155667
0.4015769
0.40159783
0.4016191
0.40164062
0.40166238
0.4016845
0.40170717
0.4017314
0.40175876
0.40179178
0.40183404
0.40189028
0.4019666
0.4020714
0.4022159
0.40241587
0.4026945
0.40307987
0.4036127
0.4043499
0.40536872
0.40677464
0.4087093
0.41139278
0.41505045
0.41999173
0.42668906
0.4357881
0.44790086
