0.44264057
0.43215376
0.42428574
0.4183582
0.41392723
0.41064787
0.40823594
0.40645272
0.4051392
0.40417895
0.4034772
0.40296733
0.40259954
0.40233633
0.40214968
0.40201834
0.40192667
0.40186337
0.40182006
0.4017907
0.40177077
0.4017564
0.4017444
0.4017323
0.40171862
0.40170255
0.40168428
0.40166476
0.4016454
0.40162772
0.40161312
0.40160272
0.4015975
0.40159804
0.4016045
0.40161684
0.4016343
0.40165585
0.40168005
0.40170488
0.40172818
0.40174794
0.4017624
0.40177056
0.40177205
0.4017669
0.4017559
0.40174025
0.40172133
0.40170044
0.4016786
0.40165666
0.40163532
0.40161535
0.40159765
0.40158275
0.40157112
0.40156257
0.4015566
0.4015522
0.40154815
0.40154308
0.40153605
0.40152645
0.40151432
0.4015004
0.40148565
0.40147102
0.40145776
0.40144676
0.40143877
0.4014344
0.40143389
0.4014374
0.4014446
0.40145516
0.40146837
0.40148357
0.40149996
0.40151656
0.4015323
0.401546
0.40155658
0.40156287
0.4015642
0.4015606
0.40155268
0.40154162
0.40152895
0.4015163
0.40150493
0.40149614
0.40149096
0.40149015
0.4014944
0.40150392
0.40151894
0.40153936
0.40156487
0.4015947
0.401628
0.40166348
0.4016998
0.40173563
0.40176982
0.40180138
0.4018296
0.40185407
0.40187445
0.4018906
0.40190235
0.40190962
0.4019124
0.40191048
0.40190393
0.4018927
0.40187663
0.4018557
0.40182996
0.40179956
0.40176514
0.40172762
0.40168858
0.4016499
0.40161362
0.4015817
0.40155563
0.40153652
0.40152478
0.40152028
0.4015223
0.40152952
0.4015403
0.40155277
0.40156507
0.40157548
0.40158293
0.40158707
0.4015883
0.4015874
0.40158546
0.40158364
0.40158278
0.40158358
0.4015865
0.4015916
0.4015991
0.40160882
0.4016203
0.4016328
0.40164542
0.40165722
0.40166733
0.40167534
0.40168124
0.4016855
0.40168875
0.40169123
0.40169322
0.40169448
0.4016949
0.4016946
0.40169403
0.40169385
0.40169483
0.4016974
0.40170154
0.40170705
0.40171334
0.40171978
0.40172613
0.40173218
0.4017381
0.4017443
0.40175077
0.40175742
0.40176383
0.40176928
0.40177295
0.401774
0.40177187
0.4017665
0.40175804
0.40174744
0.4017355
0.4017236
0.40171283
0.40170395
0.40169746
0.40169302
0.40169004
0.40168747
0.40168425
0.40167964
0.4016731
0.401665
0.4016557
0.4016459
0.40163648
0.40162826
0.40162206
0.40161842
0.40161765
0.4016197
0.40162423
0.4016303
0.40163693
0.4016427
0.40164652
0.40164775
0.40164617
0.40164202
0.4016361
0.40162918
0.40162215
0.40161562
0.40160975
0.40160474
0.40160048
0.40159672
0.40159327
0.4015899
0.40158653
0.40158328
0.4015802
0.401578
0.40157712
0.40157798
0.401581
0.40158606
0.4015928
0.40160066
0.40160877
0.40161622
0.40162215
0.40162557
0.4016253
0.40162045
0.40161073
0.40159616
0.40157774
0.40155676
0.401535
0.40151414
0.4014956
0.4014806
0.40146953
0.40146253
0.40145928
0.4014591
0.4014612
0.40146467
0.40146852
0.40147188
0.40147418
0.401475
0.40147436
0.40147257
0.40146998
0.40146694
0.40146387
0.40146095
0.4014583
0.40145603
0.40145418
0.4014528
0.40145168
0.40145096
0.40145054
0.40145043
0.40145037
0.40145
0.4014489
0.40144676
0.40144348
0.40143943
0.4014354
0.40143234
0.40143123
0.401433
0.40143818
0.40144718
0.40146
0.40147632
0.40149552
0.40151665
0.40153867
0.4015603
0.40158048
0.40159824
0.40161267
0.40162346
0.40163058
0.40163454
0.4016364
0.40163714
0.40163806
0.40164015
0.40164375
0.40164876
0.40165445
0.40165964
0.40166304
0.40166363
0.40166083
0.40165433
0.4016447
0.40163267
0.40161943
0.40160605
0.40159354
0.40158257
0.40157366
0.40156686
0.40156215
0.40155923
0.40155804
0.40155816
0.4015593
0.4015611
0.40156335
0.40156573
0.40156838
0.40157148
0.40157515
0.40157932
0.40158376
0.40158802
0.40159154
0.4015939
0.40159482
0.401594
0.40159112
0.4015859
0.4015788
0.40157035
0.40156165
0.40155363
0.40154725
0.40154317
0.40154186
0.40154323
0.40154693
0.40155205
0.40155804
0.40156406
0.4015698
0.4015754
0.40158126
0.4015878
0.40159547
0.40160424
0.4016139
0.4016236
0.4016327
0.40164027
0.40164602
0.40164998
0.40165275
0.40165505
0.40165776
0.40166137
0.40166587
0.40167126
0.40167725
0.4016832
0.40168813
0.40169096
0.40169078
0.40168694
0.40167937
0.4016682
0.4016539
0.40163717
0.4016187
0.40159923
0.4015793
0.4015595
0.4015405
0.40152287
0.40150705
0.40149352
0.40148255
0.40147436
0.40146893
0.40146634
0.40146652
0.4014694
0.40147504
0.40148318
0.40149328
0.40150464
0.4015163
0.40152705
0.401536
0.4015421
0.40154457
0.40154323
0.40153834
0.40153056
0.4015209
0.40151048
0.40150023
0.40149093
0.40148282
0.40147588
0.40146977
0.40146402
0.40145814
0.4014519
0.4014454
0.40143907
0.40143347
0.40142933
0.40142727
0.40142766
0.4014307
0.40143666
0.40144557
0.40145767
0.40147272
0.40149057
0.40151042
0.40153122
0.40155154
0.40156978
0.4015845
0.4015948
0.40160033
0.40160134
0.40159878
0.40159383
0.40158767
0.40158135
0.40157598
0.40157172
0.40156877
0.40156683
0.4015656
0.40156478
0.40156427
0.4015643
0.40156528
0.40156803
0.40157324
0.40158156
0.40159371
0.4016102
0.4016313
0.40165663
0.40168545
0.40171647
0.40174815
0.4017786
0.40180647
0.40183055
0.4018501
0.40186477
0.40187415
0.40187836
0.4018773
0.40187114
0.40185994
0.40184405
0.40182397
0.40180048
0.40177444
0.40174693
0.4017192
0.40169227
0.40166697
0.40164393
0.40162346
0.40160552
0.4015898
0.40157604
0.40156394
0.401553
0.40154293
0.40153354
0.4015248
0.40151706
0.40151066
0.4015063
0.4015045
0.4015061
0.4015117
0.40152165
0.4015364
0.40155572
0.40157932
0.40160677
0.4016372
0.40166962
0.40170273
0.40173498
0.40176493
0.40179107
0.40181214
0.40182713
0.40183556
0.40183717
0.401832
0.4018205
0.40180308
0.40178052
0.40175384
0.40172413
0.40169257
0.40166056
0.40162945
0.4016002
0.40157342
0.40154946
0.4015281
0.40150887
0.40149114
0.40147462
0.4014592
0.4014451
0.40143275
0.4014228
0.4014156
0.40141183
0.40141183
0.4014159
0.4014245
0.40143743
0.4014548
0.40147626
0.40150118
0.4015286
0.40155715
0.40158528
0.4016114
0.4016339
0.40165162
0.401664
0.4016709
0.40167275
0.4016704
0.4016649
0.40165755
0.40164945
0.40164167
0.40163514
0.40163043
0.40162796
0.4016276
0.4016291
0.40163213
0.40163627
0.40164134
0.40164727
0.40165392
0.40166122
0.40166903
0.40167704
0.40168473
0.40169117
0.40169558
0.4016972
0.40169582
0.4016917
0.40168542
0.40167806
0.40167075
0.4016642
0.40165895
0.40165505
0.40165195
0.40164915
0.40164593
0.40164182
0.40163645
0.40162984
0.40162227
0.40161422
0.4016063
0.40159926
0.40159374
0.4015905
0.40159023
0.40159324
0.40159944
0.4016087
0.40162027
0.4016334
0.40164718
0.40166092
0.40167433
0.40168723
0.4016999
0.4017124
0.4017248
0.40173686
0.40174806
0.40175754
0.40176433
0.4017678
0.40176743
0.40176314
0.40175512
0.40174395
0.4017303
0.40171555
0.40170094
0.40168774
0.40167698
0.4016692
0.4016644
0.40166238
0.4016629
0.40166548
0.40166995
0.40167564
0.401682
0.40168816
0.4016932
0.4016961
0.40169635
0.40169367
0.4016884
0.40168086
0.40167177
0.4016616
0.4016509
0.40163994
0.401629
0.40161824
0.401608
0.40159896
0.4015916
0.40158665
0.40158454
0.40158555
0.40158996
0.40159807
0.40160948
0.40162382
0.4016402
0.40165752
0.4016743
0.40168908
0.40170044
0.40170735
0.40170932
0.4017061
0.40169784
0.40168482
0.4016675
0.4016465
0.40162286
0.4015978
0.40157264
0.40154883
0.40152737
0.4015092
0.4014947
0.401484
0.4014767
0.40147227
0.4014701
0.40146974
0.40147093
0.40147388
0.4014789
0.40148625
0.40149626
0.401509
0.40152442
0.40154237
0.40156257
0.4015845
0.40160754
0.40163034
0.40165162
0.4016699
0.40168396
0.4016929
0.40169635
0.40169436
0.40168723
0.40167594
0.4016617
0.40164593
0.40163004
0.4016151
0.40160194
0.4015906
0.40158066
0.40157166
0.40156287
0.40155363
0.40154362
0.40153304
0.4015225
0.40151262
0.40150434
0.4014981
0.4014946
0.40149406
0.4014967
0.4015027
0.40151173
0.40152323
0.40153626
0.40154964
0.401562
0.40157208
0.401579
0.40158224
0.4015817
0.40157786
0.40157145
0.40156317
0.40155402
0.40154448
0.401535
0.4015258
0.40151715
0.40150946
0.40150297
0.40149814
0.40149528
0.40149465
0.40149617
0.40149978
0.4015051
0.40151173
0.40151897
0.4015263
0.40153295
0.40153864
0.4015433
0.40154737
0.40155172
0.40155718
0.40156427
0.40157333
0.4015845
0.4015979
0.40161276
0.40162832
0.40164334
0.40165672
0.40166754
0.40167534
0.4016803
0.40168306
0.40168458
0.40168574
0.40168718
0.40168935
0.40169215
0.40169537
0.40169844
0.4017007
0.40170196
0.40170228
0.40170208
0.40170175
0.40170145
0.40170103
0.40170032
0.4016986
0.40169513
0.40168917
0.4016803
0.40166834
0.40165377
0.40163752
0.40162054
0.4016038
0.40158802
0.40157348
0.40156046
0.4015489
0.4015387
0.40152964
0.40152144
0.401514
0.40150705
0.40150082
0.4014951
0.40149
0.40148547
0.4014814
0.40147758
0.40147388
0.40147027
0.4014669
0.40146393
0.40146154
0.40146002
0.40145934
0.4014592
0.40145934
0.4014595
0.40145928
0.4014588
0.40145823
0.4014579
0.40145838
0.4014601
0.40146354
0.40146893
0.40147632
0.40148577
0.40149698
0.4015099
0.40152448
0.40154037
0.4015571
0.40157408
0.40159068
0.4016064
0.40162122
0.40163523
0.40164885
0.40166244
0.40167618
0.40168992
0.40170315
0.4017153
0.40172595
0.40173483
0.40174234
0.4017488
0.40175503
0.4017615
0.40176842
0.40177554
0.40178198
0.40178663
0.40178838
0.40178615
0.4017792
0.4017672
0.4017503
0.401729
0.40170437
0.40167764
0.40165007
0.40162304
0.4015975
0.40157443
0.40155447
0.40153757
0.40152362
0.4015123
0.40150294
0.40149534
0.40148965
0.4014857
0.40148357
0.40148282
0.40148306
0.4014838
0.40148488
0.40148646
0.4014889
0.4014927
0.40149838
0.40150622
0.40151635
0.40152848
0.40154213
0.40155628
0.40157002
0.40158245
0.40159252
0.40159968
0.4016035
0.40160406
0.4016024
0.40159953
0.40159684
0.40159592
0.4015981
0.4016046
0.40161607
0.4016325
0.40165338
0.40167737
0.40170273
0.4017274
0.4017494
0.40176705
0.40177888
0.40178433
0.40178323
0.4017761
0.4017641
0.4017484
0.40173063
0.40171257
0.4016956
0.4016808
0.40166867
0.4016591
0.40165153
0.40164512
0.40163887
0.4016323
0.401625
0.4016173
0.4016092
0.40160066
0.40159166
0.40158224
0.40157276
0.4015635
0.40155506
0.40154764
0.40154156
0.40153676
0.4015334
0.40153167
0.40153185
0.401534
0.40153816
0.40154412
0.40155163
0.40156057
0.4015706
0.40158108
0.40159145
0.40160048
0.40160725
0.40161088
0.40161115
0.40160826
0.40160277
0.40159547
0.40158695
0.4015778
0.40156847
0.40155914
0.4015503
0.40154243
0.40153617
0.4015319
0.40152994
0.40153047
0.40153342
0.40153867
0.4015459
0.40155473
0.40156463
0.40157515
0.40158582
0.40159613
0.40160578
0.40161458
0.40162292
0.40163127
0.40164018
0.4016502
0.4016615
0.40167385
0.40168664
0.40169895
0.40170965
0.40171802
0.40172365
0.4017268
0.40172815
0.4017285
0.40172887
0.40173003
0.40173244
0.40173608
0.40174055
0.40174526
0.4017497
0.40175316
0.40175495
0.40175447
0.4017515
0.40174603
0.4017384
0.40172917
0.40171903
0.40170872
0.40169853
0.40168875
0.40167907
0.4016689
0.4016576
0.40164456
0.40162972
0.40161327
0.40159598
0.40157855
0.4015617
0.4015461
0.40153235
0.40152115
0.40151286
0.40150777
0.40150598
0.40150735
0.40151167
0.4015185
0.40152732
0.40153736
0.40154785
0.40155816
0.4015677
0.40157592
0.40158272
0.40158826
0.40159276
0.4015967
0.40160033
0.40160412
0.40160865
0.40161493
0.40162385
0.40163597
0.4016517
0.40167075
0.4016924
0.40171546
0.40173838
0.4017595
0.4017776
0.4017915
0.4018007
0.4018049
0.40180403
0.4017985
0.4017889
0.40177613
0.4017614
0.40174606
0.40173134
0.40171802
0.40170646
0.4016964
0.4016872
0.40167806
0.40166843
0.4016579
0.40164658
0.40163472
0.40162265
0.4016106
0.4015987
0.40158677
0.40157497
0.40156344
0.40155244
0.40154225
0.4015332
0.4015253
0.40151873
0.40151337
0.4015092
0.4015059
0.40150306
0.4015004
0.40149775
0.40149498
0.40149212
0.40148923
0.40148646
0.4014841
0.40148222
0.401481
0.4014806
0.401481
0.40148225
0.4014844
0.40148732
0.40149137
0.40149692
0.40150458
0.40151486
0.401528
0.4015439
0.40156204
0.40158153
0.4016012
0.40162003
0.4016376
0.40165374
0.4016685
0.401682
0.40169415
0.4017048
0.4017135
0.40171984
0.40172347
0.401724
0.40172142
0.40171605
0.40170842
0.40169936
0.40168992
0.40168124
0.4016743
0.40166986
0.40166834
0.40166974
0.40167356
0.40167868
0.40168396
0.40168825
0.40169057
0.40169036
0.40168738
0.40168166
0.40167397
0.40166545
0.40165702
0.40164992
0.40164477
0.4016417
0.40164062
0.40164053
0.40164047
0.40163904
0.40163523
0.4016282
0.4016179
0.40160447
0.40158868
0.4015715
0.40155414
0.4015376
0.40152314
0.4015117
0.40150407
0.401501
0.40150273
0.40150955
0.40152183
0.40154004
0.40156502
0.40159842
0.4016426
0.40170062
0.40177733
0.4018796
0.40201786
0.40220818
0.40247318
0.40284294
0.40336
0.40408286
0.40509075
0.4064908
0.40842575
0.41111743
0.41479057
0.41975507
0.42648458
0.4356227
0.4477793
