0.4426432
0.43215713
0.42428967
0.41836268
0.41393223
0.41065368
0.40824267
0.40646046
0.40514785
0.40418804
0.403486
0.4029748
0.40260416
0.40233654
0.40214345
0.40200362
0.4019016
0.40182605
0.40176877
0.4017238
0.4016868
0.40165466
0.40162566
0.40159878
0.40157387
0.401551
0.40153065
0.40151304
0.4014985
0.4014872
0.40147913
0.40147436
0.40147305
0.40147543
0.4014816
0.4014918
0.4015058
0.4015233
0.4015437
0.40156597
0.40158874
0.40161055
0.40162995
0.4016456
0.40165675
0.40166298
0.4016645
0.4016621
0.40165654
0.40164882
0.40163988
0.40163037
0.40162086
0.4016119
0.40160385
0.4015973
0.4015927
0.40159065
0.4015917
0.40159637
0.401605
0.4016179
0.401635
0.40165594
0.4016799
0.4017056
0.40173152
0.40175596
0.40177733
0.40179422
0.4018055
0.4018104
0.4018085
0.40179977
0.4017846
0.40176377
0.4017384
0.40171018
0.40168083
0.4016521
0.40162554
0.40160194
0.4015817
0.40156454
0.40155008
0.40153798
0.40152806
0.4015205
0.4015156
0.40151373
0.40151474
0.4015185
0.40152454
0.40153235
0.40154114
0.4015504
0.40155974
0.4015692
0.401579
0.40158945
0.40160066
0.4016123
0.40162385
0.40163445
0.40164325
0.40164968
0.4016536
0.40165508
0.40165493
0.40165418
0.4016538
0.4016546
0.4016567
0.40165973
0.40166298
0.40166542
0.40166628
0.40166524
0.4016623
0.40165803
0.40165335
0.40164933
0.40164724
0.40164846
0.40165395
0.40166435
0.4016798
0.40169978
0.40172336
0.4017492
0.40177575
0.4018015
0.40182513
0.40184537
0.40186134
0.40187234
0.4018779
0.4018779
0.40187243
0.40186188
0.40184683
0.40182817
0.40180686
0.40178403
0.4017607
0.4017378
0.4017163
0.40169713
0.40168145
0.4016705
0.40166494
0.40166512
0.40167058
0.40168023
0.40169212
0.40170398
0.40171346
0.40171847
0.4017175
0.40170988
0.40169558
0.40167534
0.40165052
0.4016229
0.4015944
0.40156686
0.40154183
0.40152046
0.40150344
0.4014912
0.40148386
0.40148127
0.40148297
0.4014881
0.40149558
0.40150425
0.40151262
0.40151948
0.40152374
0.40152475
0.4015223
0.40151674
0.40150854
0.40149835
0.4014871
0.40147573
0.4014651
0.40145594
0.40144888
0.40144444
0.40144318
0.40144542
0.40145165
0.40146172
0.40147555
0.40149257
0.401512
0.40153277
0.40155375
0.4015737
0.40159145
0.40160605
0.40161678
0.40162367
0.40162694
0.40162745
0.40162626
0.40162468
0.40162387
0.40162486
0.40162805
0.4016336
0.40164104
0.40164965
0.40165812
0.4016652
0.40166962
0.40167066
0.40166792
0.40166196
0.40165335
0.40164316
0.40163243
0.40162188
0.40161252
0.40160516
0.4016005
0.401599
0.40160054
0.4016048
0.40161088
0.40161765
0.40162387
0.40162858
0.4016312
0.4016319
0.4016312
0.4016301
0.40162963
0.40163103
0.4016349
0.40164173
0.40165156
0.40166363
0.4016774
0.40169176
0.40170583
0.40171856
0.40172896
0.40173596
0.40173888
0.40173736
0.4017315
0.40172204
0.4017099
0.4016965
0.4016832
0.40167135
0.40166175
0.40165505
0.40165144
0.40165076
0.40165237
0.40165547
0.40165886
0.40166187
0.40166414
0.40166563
0.40166652
0.40166718
0.4016676
0.40166774
0.40166742
0.401666
0.40166295
0.40165743
0.40164882
0.40163678
0.4016214
0.4016035
0.401584
0.4015645
0.40154645
0.40153122
0.4015198
0.4015129
0.40151083
0.40151355
0.40152085
0.4015321
0.4015466
0.40156335
0.40158093
0.4015982
0.4016139
0.4016269
0.40163654
0.4016426
0.4016453
0.4016453
0.40164307
0.4016396
0.40163577
0.40163222
0.40162963
0.40162814
0.4016279
0.40162903
0.401632
0.40163752
0.40164617
0.40165836
0.40167415
0.40169302
0.40171406
0.401736
0.4017573
0.40177652
0.40179244
0.40180403
0.4018106
0.4018117
0.40180722
0.40179735
0.40178245
0.40176344
0.40174133
0.40171728
0.40169302
0.40167007
0.40165007
0.40163457
0.40162468
0.40162122
0.40162438
0.40163368
0.40164793
0.40166572
0.40168497
0.40170392
0.40172046
0.4017331
0.4017406
0.40174228
0.401738
0.4017281
0.40171367
0.40169612
0.40167713
0.4016585
0.40164185
0.40162858
0.4016196
0.40161532
0.40161562
0.40161997
0.40162766
0.4016378
0.40164948
0.4016623
0.40167585
0.40168998
0.40170437
0.40171844
0.4017316
0.40174314
0.4017527
0.40176016
0.40176556
0.40176937
0.40177214
0.40177417
0.4017755
0.4017762
0.401776
0.40177506
0.40177357
0.40177187
0.40177026
0.40176877
0.40176722
0.40176523
0.40176257
0.4017593
0.40175548
0.4017515
0.4017473
0.40174285
0.40173772
0.40173158
0.40172416
0.40171558
0.40170598
0.40169576
0.40168548
0.4016757
0.40166682
0.4016587
0.40165117
0.4016436
0.40163532
0.40162578
0.40161496
0.40160322
0.40159082
0.4015786
0.40156683
0.40155587
0.40154603
0.4015374
0.40153039
0.4015251
0.40152192
0.40152082
0.40152177
0.40152434
0.401528
0.40153193
0.40153545
0.40153772
0.40153852
0.40153784
0.40153587
0.4015331
0.40152988
0.40152627
0.40152192
0.40151656
0.40150955
0.40150085
0.40149045
0.40147898
0.40146726
0.40145633
0.40144697
0.40143993
0.40143558
0.4014343
0.40143612
0.40144086
0.4014481
0.40145737
0.40146807
0.40147972
0.4014918
0.4015039
0.40151605
0.40152827
0.40154067
0.40155354
0.4015672
0.4015817
0.40159693
0.4016122
0.40162656
0.40163904
0.4016488
0.40165514
0.4016575
0.40165552
0.40164915
0.40163854
0.40162426
0.4016067
0.40158665
0.40156516
0.4015435
0.40152267
0.4015038
0.40148783
0.4014755
0.4014673
0.4014637
0.40146485
0.4014707
0.40148094
0.4014949
0.4015116
0.40153006
0.4015489
0.4015668
0.40158254
0.40159538
0.40160534
0.40161267
0.4016184
0.4016234
0.4016284
0.4016337
0.40163907
0.401644
0.40164754
0.40164873
0.401647
0.40164217
0.4016347
0.40162548
0.40161586
0.4016071
0.40160057
0.40159735
0.4015982
0.40160352
0.40161335
0.4016273
0.4016443
0.4016629
0.40168115
0.40169725
0.40170947
0.40171665
0.4017182
0.4017142
0.4017055
0.4016932
0.40167892
0.4016642
0.40165025
0.4016381
0.40162826
0.4016211
0.40161663
0.40161446
0.4016137
0.40161356
0.40161282
0.4016109
0.40160754
0.4016029
0.4015975
0.40159228
0.40158793
0.40158498
0.4015833
0.4015824
0.40158135
0.4015794
0.40157586
0.4015706
0.40156358
0.40155506
0.40154526
0.4015343
0.4015228
0.4015112
0.40150025
0.4014903
0.4014816
0.40147424
0.40146786
0.4014624
0.40145773
0.40145385
0.40145075
0.40144843
0.40144667
0.4014453
0.4014441
0.40144303
0.40144214
0.40144166
0.4014418
0.40144318
0.4014461
0.40145078
0.401457
0.40146458
0.4014729
0.40148127
0.40148893
0.40149525
0.40149984
0.4015028
0.4015043
0.40150452
0.40150368
0.40150207
0.40150017
0.4014984
0.40149724
0.40149707
0.4014984
0.4015015
0.40150642
0.40151343
0.40152252
0.40153354
0.4015459
0.40155882
0.40157115
0.4015818
0.40158936
0.40159324
0.40159285
0.40158844
0.40158033
0.40156946
0.40155655
0.40154248
0.4015279
0.40151322
0.40149873
0.40148473
0.40147126
0.40145865
0.40144712
0.40143695
0.40142837
0.40142146
0.4014163
0.40141273
0.40141046
0.40140912
0.40140808
0.40140697
0.4014054
0.40140322
0.4014003
0.40139672
0.40139285
0.40138912
0.4013861
0.40138426
0.40138426
0.40138638
0.40139073
0.40139732
0.40140602
0.40141663
0.40142885
0.40144232
0.4014566
0.4014712
0.4014855
0.40149906
0.4015114
0.4015227
0.40153304
0.40154287
0.40155235
0.401562
0.401572
0.40158206
0.40159178
0.4016003
0.40160704
0.40161142
0.40161335
0.40161327
0.4016117
0.40160942
0.40160707
0.4016051
0.40160385
0.40160316
0.40160286
0.40160254
0.40160152
0.40159938
0.40159622
0.40159237
0.40158856
0.40158546
0.40158376
0.40158397
0.40158612
0.40159002
0.4015953
0.40160152
0.40160856
0.40161636
0.401625
0.40163428
0.40164348
0.40165198
0.40165862
0.4016626
0.4016633
0.4016606
0.4016549
0.4016469
0.40163764
0.40162808
0.401619
0.4016111
0.4016051
0.4016018
0.40160158
0.40160438
0.4016096
0.40161633
0.40162355
0.40163025
0.40163565
0.40163904
0.40163958
0.40163675
0.40163034
0.40162072
0.40160865
0.401595
0.4015806
0.40156624
0.40155244
0.40153962
0.4015281
0.40151817
0.40151036
0.4015052
0.40150315
0.40150458
0.40150955
0.40151784
0.4015288
0.40154147
0.4015546
0.40156722
0.40157855
0.40158793
0.4015955
0.401601
0.40160424
0.4016049
0.40160248
0.4015966
0.40158725
0.40157485
0.40156028
0.4015445
0.4015287
0.40151373
0.4015003
0.40148905
0.40148053
0.4014749
0.40147242
0.4014731
0.40147668
0.4014828
0.40149108
0.40150118
0.40151274
0.40152568
0.4015402
0.40155604
0.40157306
0.40159082
0.40160894
0.40162638
0.40164217
0.40165508
0.401664
0.40166822
0.40166774
0.4016629
0.40165445
0.40164334
0.40163046
0.40161642
0.40160182
0.4015868
0.40157175
0.4015565
0.40154117
0.40152588
0.40151128
0.401498
0.40148658
0.4014777
0.4014718
0.4014691
0.40146977
0.40147358
0.40148008
0.40148854
0.40149802
0.4015075
0.40151605
0.40152293
0.40152788
0.40153122
0.40153384
0.4015367
0.4015409
0.40154696
0.40155512
0.40156546
0.40157756
0.40159106
0.40160567
0.40162152
0.4016388
0.40165767
0.40167806
0.4016995
0.40172118
0.4017418
0.40176016
0.40177503
0.40178522
0.40178993
0.40178883
0.40178165
0.4017687
0.4017504
0.40172738
0.40170074
0.40167168
0.4016417
0.40161225
0.4015846
0.40155974
0.40153837
0.40152085
0.40150717
0.4014972
0.40149045
0.40148646
0.40148452
0.40148404
0.4014847
0.40148607
0.40148774
0.40148932
0.4014908
0.40149212
0.4014935
0.40149513
0.40149716
0.40149927
0.40150118
0.4015023
0.4015023
0.40150085
0.4014979
0.40149403
0.40148988
0.40148643
0.4014844
0.40148434
0.40148646
0.40149087
0.40149724
0.4015054
0.40151507
0.40152615
0.40153876
0.401553
0.40156904
0.4015868
0.4016064
0.4016274
0.40164888
0.40166986
0.40168867
0.4017039
0.40171444
0.4017196
0.40171906
0.40171307
0.40170217
0.40168738
0.40166995
0.40165135
0.40163267
0.40161508
0.4015994
0.4015862
0.40157598
0.40156895
0.4015657
0.4015665
0.40157175
0.4015815
0.4015954
0.40161294
0.401633
0.4016541
0.40167466
0.40169293
0.40170753
0.4017171
0.40172097
0.4017189
0.40171123
0.40169874
0.40168267
0.40166438
0.40164563
0.4016278
0.401612
0.40159932
0.40159026
0.4015849
0.4015832
0.4015848
0.40158886
0.40159467
0.4016014
0.40160817
0.4016139
0.40161744
0.40161797
0.40161484
0.40160805
0.40159822
0.40158638
0.40157387
0.4015618
0.4015514
0.4015433
0.40153807
0.4015359
0.4015368
0.4015402
0.40154517
0.40155068
0.40155542
0.40155867
0.40155986
0.40155926
0.40155745
0.4015555
0.40155455
0.4015557
0.40156
0.40156844
0.40158188
0.40160048
0.4016241
0.4016519
0.4016823
0.4017135
0.40174335
0.40176982
0.40179154
0.40180755
0.4018174
0.40182117
0.40181914
0.40181205
0.4018007
0.40178618
0.40176985
0.401753
0.40173706
0.401723
0.4017118
0.40170386
0.40169978
0.40169975
0.4017036
0.4017111
0.40172178
0.4017348
0.40174925
0.4017638
0.4017772
0.40178823
0.40179583
0.40179887
0.40179685
0.40178946
0.4017766
0.40175885
0.40173686
0.4017117
0.40168455
0.40165657
0.4016289
0.4016025
0.4015783
0.4015569
0.40153897
0.40152493
0.40151533
0.40151083
0.40151152
0.40151766
0.401529
0.40154517
0.40156555
0.40158924
0.40161493
0.40164128
0.40166664
0.40168986
0.40171003
0.40172672
0.40174007
0.40175056
0.40175912
0.40176684
0.40177476
0.40178382
0.4017946
0.40180737
0.4018217
0.40183678
0.40185162
0.4018652
0.40187645
0.4018844
0.40188846
0.40188798
0.40188274
0.40187252
0.40185735
0.40183762
0.40181378
0.4017868
0.40175775
0.40172789
0.40169868
0.4016716
0.40164787
0.40162864
0.40161505
0.4016079
0.401608
0.4016162
0.40163386
0.40166304
0.40170735
0.4017723
0.4018657
0.40199867
0.40218753
0.40245512
0.40283048
0.40335503
0.40408617
0.4051017
0.40650806
0.40844774
0.4111425
0.41481686
0.41978094
0.4265085
0.43564275
0.44779435
