0.4427125
0.4322508
0.42440796
0.4185068
0.4141031
0.41085207
0.40846634
0.40670642
0.40541184
0.40446392
0.40376684
0.4032531
0.4028723
0.40258712
0.40237
0.4022011
0.40206635
0.40195587
0.40186313
0.40178406
0.40171617
0.4016581
0.4016092
0.40156907
0.4015374
0.4015139
0.40149805
0.4014893
0.401487
0.40149045
0.40149868
0.40151066
0.4015251
0.4015405
0.40155548
0.40156862
0.40157914
0.40158677
0.40159178
0.40159458
0.4015959
0.40159583
0.4015945
0.4015917
0.40158698
0.4015797
0.4015694
0.40155596
0.4015398
0.40152165
0.4015028
0.40148443
0.40146777
0.4014539
0.40144393
0.40143853
0.40143806
0.40144268
0.40145192
0.40146497
0.40148085
0.40149844
0.40151665
0.40153456
0.40155163
0.40156758
0.4015827
0.40159717
0.4016112
0.40162498
0.4016382
0.40165076
0.40166232
0.40167302
0.40168303
0.40169236
0.401701
0.40170854
0.40171486
0.40171954
0.40172252
0.40172344
0.4017221
0.40171868
0.40171325
0.40170616
0.4016974
0.40168706
0.40167546
0.40166274
0.40164906
0.40163445
0.40161917
0.40160334
0.40158752
0.4015721
0.40155748
0.4015439
0.40153158
0.40152067
0.4015114
0.401504
0.40149847
0.40149477
0.4014929
0.40149254
0.40149358
0.40149584
0.40149924
0.40150383
0.40150973
0.40151733
0.40152687
0.40153822
0.40155113
0.40156493
0.40157887
0.40159187
0.40160295
0.40161115
0.40161622
0.4016181
0.40161735
0.4016145
0.40161014
0.4016046
0.40159822
0.40159118
0.40158382
0.40157667
0.4015707
0.4015671
0.40156692
0.40157112
0.40158066
0.40159595
0.40161732
0.40164438
0.40167654
0.4017129
0.40175205
0.40179262
0.40183297
0.40187207
0.40190917
0.40194404
0.40197673
0.40200797
0.40203866
0.4020707
0.4021062
0.40214846
0.40220174
0.40227208
0.40236744
0.40249914
0.40268278
0.40294126
0.403306
0.40381742
0.40453312
0.40553105
0.40691724
0.4088335
0.41149923
0.41514114
0.42006752
0.4267495
0.4358348
0.44793436
