0.44253966
0.4320263
0.42414075
0.4182052
0.4137759
0.41050747
0.4081141
0.40635455
0.40506727
0.40413272
0.4034544
0.4029643
0.40261155
0.40235835
0.40217665
0.40204597
0.40195152
0.4018828
0.40183255
0.40179577
0.40176895
0.40175027
0.40173888
0.40173477
0.40173855
0.40175122
0.40177417
0.40180907
0.40185827
0.40192488
0.4020133
0.40213007
0.40228513
0.4024932
0.40277675
0.40316418
0.40369663
0.4044313
0.4054461
0.40684688
0.4087757
0.4114526
0.41510352
0.4200377
0.42672706
0.43581802
0.4479226
