0.442633
0.43214285
0.42427072
0.418338
0.41390094
0.4106143
0.40819442
0.40640238
0.40507883
0.4041076
0.40339348
0.4028695
0.4024854
0.40220377
0.4019966
0.40184334
0.40172914
0.4016436
0.4015794
0.4015313
0.40149596
0.40147063
0.40145367
0.40144366
0.40143955
0.40144056
0.40144584
0.40145463
0.40146607
0.40147915
0.40149316
0.40150762
0.4015226
0.40153807
0.40155414
0.40157056
0.40158668
0.40160158
0.40161386
0.40162244
0.40162635
0.40162534
0.40162003
0.40161142
0.4016009
0.40159
0.40157956
0.40157053
0.40156326
0.40155804
0.4015549
0.40155414
0.4015556
0.40155923
0.401565
0.40157205
0.4015799
0.40158755
0.4015938
0.40159732
0.401597
0.40159202
0.4015823
0.4015683
0.40155104
0.4015319
0.40151244
0.40149423
0.40147856
0.40146652
0.40145865
0.4014552
0.40145588
0.40146023
0.40146768
0.40147758
0.40148923
0.40150195
0.40151498
0.401528
0.40154037
0.40155172
0.40156162
0.4015694
0.40157446
0.40157634
0.40157512
0.401571
0.4015649
0.4015576
0.40155
0.40154308
0.40153748
0.40153354
0.4015315
0.40153134
0.4015331
0.4015368
0.40154225
0.40154928
0.40155745
0.40156636
0.40157554
0.4015848
0.40159407
0.4016039
0.4016151
0.40162846
0.40164447
0.4016632
0.40168473
0.4017087
0.4017343
0.40176046
0.4017856
0.40180847
0.40182757
0.4018419
0.4018507
0.40185356
0.40185064
0.40184224
0.401829
0.40181166
0.40179136
0.40176937
0.4017473
0.40172645
0.40170783
0.401692
0.4016791
0.40166885
0.40166077
0.40165392
0.40164742
0.40164044
0.4016324
0.40162325
0.40161327
0.40160272
0.40159208
0.40158167
0.40157154
0.401562
0.4015532
0.40154502
0.40153748
0.4015302
0.40152302
0.40151563
0.4015079
0.40150005
0.4014924
0.40148553
0.40148026
0.40147743
0.4014777
0.4014816
0.40148953
0.40150145
0.40151715
0.40153593
0.40155703
0.4015793
0.4016014
0.40162185
0.40163925
0.40165234
0.40166047
0.40166363
0.4016623
0.4016573
0.4016502
0.40164223
0.40163502
0.40162957
0.401627
0.40162796
0.40163276
0.40164164
0.40165424
0.40166974
0.40168673
0.40170354
0.40171826
0.40172923
0.4017351
0.4017351
0.40172902
0.4017171
0.40169993
0.4016785
0.40165398
0.40162754
0.40160072
0.40157494
0.40155146
0.40153167
0.40151653
0.401507
0.40150374
0.401507
0.4015168
0.40153268
0.40155378
0.40157914
0.40160707
0.40163592
0.40166375
0.4016889
0.40171027
0.40172714
0.40173966
0.40174842
0.40175438
0.40175846
0.40176126
0.4017632
0.40176377
0.40176263
0.4017594
0.40175372
0.4017455
0.401735
0.40172246
0.40170884
0.4016949
0.40168178
0.40167066
0.40166247
0.40165797
0.4016572
0.40165967
0.4016642
0.40166944
0.40167356
0.40167502
0.40167263
0.4016654
0.40165296
0.40163562
0.40161398
0.40158927
0.40156284
0.40153605
0.40151006
0.4014859
0.4014641
0.4014453
0.40142977
0.40141767
0.40140894
0.40140346
0.401401
0.40140113
0.4014038
0.40140876
0.40141612
0.4014257
0.40143725
0.40145043
0.40146476
0.40147966
0.40149435
0.4015081
0.4015203
0.4015303
0.40153745
0.40154183
0.40154347
0.40154287
0.40154094
0.40153843
0.4015361
0.4015345
0.40153378
0.40153384
0.40153417
0.40153408
0.40153253
0.40152875
0.4015221
0.4015126
0.40150058
0.40148672
0.40147212
0.40145764
0.4014442
0.40143275
0.40142408
0.4014187
0.40141693
0.40141895
0.40142465
0.4014337
0.40144572
0.40146
0.4014759
0.40149277
0.40150988
0.4015265
0.4015422
0.4015566
0.40156975
0.40158173
0.40159318
0.40160477
0.40161732
0.4016313
0.40164706
0.4016644
0.40168267
0.40170106
0.4017183
0.40173307
0.40174457
0.4017518
0.40175405
0.40175122
0.40174317
0.40173057
0.40171453
0.40169653
0.4016783
0.40166172
0.40164825
0.4016389
0.40163404
0.4016333
0.40163574
0.40163985
0.401644
0.40164694
0.4016477
0.4016459
0.40164194
0.4016365
0.40163055
0.40162495
0.40162063
0.40161812
0.40161765
0.4016191
0.40162233
0.40162712
0.4016333
0.40164047
0.4016482
0.40165555
0.40166202
0.40166706
0.40167066
0.40167305
0.40167475
0.4016764
0.40167823
0.40168062
0.4016835
0.4016868
0.40169024
0.40169406
0.40169847
0.4017038
0.40171015
0.4017171
0.40172416
0.4017306
0.40173548
0.40173844
0.40173927
0.40173814
0.40173563
0.40173188
0.40172714
0.40172157
0.4017147
0.4017063
0.4016962
0.40168422
0.4016704
0.4016551
0.40163875
0.4016219
0.40160543
0.40159044
0.4015782
0.40157
0.40156686
0.40156943
0.40157786
0.40159178
0.40161014
0.40163147
0.40165403
0.40167594
0.4016955
0.40171137
0.40172282
0.4017294
0.4017313
0.40172896
0.40172318
0.40171525
0.40170652
0.40169805
0.40169063
0.4016846
0.40167987
0.40167606
0.40167236
0.40166855
0.40166423
0.40165973
0.40165538
0.4016513
0.40164742
0.40164343
0.40163884
0.4016334
0.40162712
0.4016203
0.4016137
0.40160817
0.40160438
0.40160254
0.40160272
0.40160424
0.40160635
0.40160853
0.40161005
0.40161106
0.40161192
0.40161312
0.40161523
0.4016188
0.40162402
0.40163103
0.40163985
0.4016501
0.4016612
0.40167236
0.4016824
0.40169027
0.4016949
0.40169567
0.40169248
0.40168598
0.40167686
0.40166637
0.40165552
0.40164533
0.4016366
0.40162954
0.40162444
0.40162146
0.40162054
0.40162143
0.4016238
0.40162694
0.40163028
0.4016335
0.4016365
0.40163967
0.40164334
0.4016477
0.4016525
0.40165684
0.40165982
0.40166032
0.40165764
0.4016511
0.40164068
0.40162653
0.40160924
0.4015898
0.40156922
0.4015486
0.40152892
0.40151083
0.40149492
0.40148163
0.40147087
0.40146253
0.40145612
0.40145096
0.4014465
0.40144226
0.40143842
0.4014353
0.40143344
0.4014335
0.40143576
0.40144035
0.40144712
0.40145573
0.40146548
0.4014753
0.40148446
0.4014916
0.40149623
0.40149787
0.40149692
0.4014941
0.4014905
0.4014874
0.40148598
0.40148702
0.40149102
0.4014981
0.4015081
0.4015208
0.40153578
0.40155256
0.40157035
0.40158856
0.4016067
0.4016245
0.40164173
0.40165803
0.40167296
0.40168616
0.40169773
0.40170753
0.40171582
0.40172252
0.40172753
0.4017304
0.40173104
0.40172967
0.40172672
0.4017227
0.4017177
0.40171188
0.40170506
0.4016974
0.4016888
0.4016796
0.40167013
0.40166065
0.4016515
0.40164295
0.40163514
0.4016284
0.40162292
0.40161863
0.4016152
0.40161237
0.40161005
0.40160853
0.40160844
0.40161058
0.40161613
0.4016257
0.40163964
0.40165764
0.4016785
0.40170062
0.401722
0.40174064
0.40175495
0.4017635
0.40176564
0.40176123
0.40175042
0.40173396
0.40171292
0.40168852
0.40166196
0.40163463
0.40160772
0.40158212
0.4015585
0.40153736
0.40151918
0.40150428
0.4014929
0.40148517
0.40148118
0.40148085
0.401484
0.40149066
0.4015004
0.4015129
0.40152755
0.40154353
0.4015595
0.40157416
0.40158617
0.40159416
0.4015975
0.4015958
0.40158936
0.40157896
0.40156522
0.4015492
0.40153158
0.40151316
0.40149453
0.40147617
0.40145838
0.40144172
0.40142652
0.40141305
0.40140146
0.40139169
0.40138364
0.40137705
0.40137178
0.40136755
0.40136433
0.40136224
0.40136135
0.4013616
0.40136296
0.40136522
0.40136808
0.40137142
0.40137506
0.40137896
0.40138295
0.40138704
0.40139106
0.401395
0.40139902
0.4014035
0.40140894
0.40141577
0.40142456
0.4014357
0.40144962
0.4014664
0.401486
0.40150818
0.40153223
0.40155745
0.4015829
0.40160742
0.4016302
0.4016505
0.40166798
0.40168256
0.4016943
0.40170318
0.40170878
0.4017105
0.4017077
0.4017
0.40168768
0.40167114
0.40165165
0.40163058
0.4016091
0.4015886
0.40157
0.40155417
0.40154165
0.40153253
0.4015268
0.40152422
0.40152413
0.40152612
0.40152994
0.4015355
0.40154287
0.40155187
0.40156206
0.40157282
0.40158316
0.40159193
0.40159786
0.4016001
0.40159842
0.40159324
0.40158552
0.4015763
0.40156665
0.40155745
0.40154913
0.4015421
0.40153614
0.4015315
0.40152797
0.40152568
0.40152448
0.40152463
0.40152672
0.40153158
0.40153986
0.40155214
0.40156847
0.4015885
0.4016113
0.4016354
0.40165928
0.40168107
0.4016993
0.40171322
0.4017227
0.40172827
0.4017311
0.40173244
0.40173364
0.4017355
0.40173855
0.40174228
0.40174595
0.40174797
0.4017473
0.4017426
0.4017334
0.4017194
0.40170085
0.4016786
0.40165368
0.40162757
0.4016018
0.40157768
0.40155637
0.4015385
0.40152448
0.40151438
0.40150782
0.40150467
0.4015045
0.4015069
0.40151122
0.40151688
0.40152347
0.401531
0.40153942
0.40154877
0.4015589
0.40156972
0.40158102
0.4015927
0.40160456
0.4016166
0.4016286
0.40164024
0.40165073
0.40165907
0.4016642
0.4016654
0.40166202
0.40165448
0.4016431
0.40162885
0.40161288
0.4015965
0.40158075
0.40156665
0.4015549
0.40154576
0.401539
0.4015344
0.4015316
0.4015302
0.40153006
0.40153107
0.40153348
0.4015373
0.40154257
0.40154925
0.40155703
0.40156558
0.4015743
0.40158242
0.40158904
0.40159357
0.4015957
0.40159562
0.4015935
0.40158966
0.40158382
0.40157628
0.4015671
0.4015569
0.40154627
0.4015358
0.40152615
0.40151775
0.40151095
0.4015058
0.4015021
0.4014996
0.40149784
0.40149638
0.40149486
0.40149304
0.40149084
0.40148804
0.40148452
0.40148002
0.4014745
0.40146807
0.4014612
0.40145445
0.40144882
0.401445
0.40144396
0.40144616
0.40145218
0.4014618
0.40147495
0.40149108
0.40150955
0.4015298
0.4015513
0.4015735
0.4015958
0.40161738
0.40163738
0.4016551
0.4016702
0.40168267
0.4016932
0.40170288
0.40171286
0.4017238
0.40173602
0.40174916
0.4017623
0.4017743
0.4017838
0.40178952
0.40179047
0.40178612
0.40177628
0.40176138
0.40174216
0.40172002
0.40169644
0.40167302
0.40165105
0.40163174
0.40161592
0.40160432
0.4015976
0.40159622
0.40160066
0.4016105
0.40162525
0.40164378
0.4016646
0.401686
0.4017063
0.40172416
0.40173817
0.4017474
0.40175137
0.40174994
0.40174323
0.4017319
0.40171665
0.40169865
0.40167895
0.4016588
0.40163943
0.4016218
0.40160635
0.4015935
0.401583
0.40157452
0.4015677
0.40156236
0.40155804
0.4015543
0.40155047
0.40154612
0.4015409
0.40153474
0.40152782
0.4015205
0.40151295
0.40150535
0.4014978
0.40149045
0.40148374
0.40147802
0.40147376
0.40147153
0.40147164
0.401474
0.40147853
0.4014851
0.40149355
0.40150374
0.40151536
0.40152818
0.40154183
0.401556
0.40157
0.40158284
0.40159357
0.40160108
0.4016045
0.40160358
0.4015984
0.4015897
0.40157855
0.401566
0.40155318
0.40154108
0.40153033
0.4015211
0.40151328
0.4015066
0.40150058
0.4014948
0.40148914
0.40148383
0.40147915
0.40147576
0.40147436
0.40147555
0.40148
0.4014878
0.40149906
0.40151322
0.40152997
0.40154842
0.40156752
0.40158615
0.40160286
0.40161636
0.4016256
0.40163016
0.40163
0.40162587
0.40161875
0.40160963
0.40159956
0.4015892
0.40157914
0.40156966
0.4015609
0.40155298
0.40154585
0.40153962
0.40153435
0.40153039
0.40152845
0.40152943
0.40153426
0.40154347
0.4015574
0.40157598
0.40159884
0.4016251
0.40165347
0.40168262
0.40171105
0.40173736
0.40175998
0.40177774
0.4017898
0.40179577
0.40179566
0.40178978
0.40177894
0.40176392
0.40174562
0.40172508
0.4017036
0.40168223
0.401662
0.40164375
0.40162802
0.40161517
0.40160543
0.40159875
0.4015948
0.40159306
0.4015928
0.40159324
0.4015939
0.40159458
0.4015957
0.40159768
0.40160108
0.4016061
0.40161315
0.4016225
0.4016343
0.4016484
0.40166438
0.4016815
0.40169874
0.40171543
0.40173075
0.40174437
0.401756
0.40176517
0.4017714
0.40177408
0.40177256
0.4017666
0.40175608
0.4017414
0.40172333
0.401703
0.40168172
0.40166062
0.40164068
0.40162253
0.40160665
0.4015931
0.40158203
0.40157342
0.40156722
0.40156308
0.4015605
0.4015589
0.40155768
0.40155616
0.40155414
0.40155146
0.40154848
0.40154558
0.40154335
0.4015419
0.40154114
0.4015406
0.40153977
0.40153793
0.4015351
0.40153158
0.40152824
0.40152586
0.40152523
0.40152696
0.4015314
0.40153852
0.4015479
0.40155873
0.4015698
0.40158024
0.4015889
0.40159526
0.40159932
0.40160134
0.4016019
0.4016018
0.4016018
0.40160295
0.40160605
0.40161192
0.4016207
0.40163237
0.40164676
0.40166315
0.40168083
0.40169865
0.4017153
0.40172935
0.40173963
0.40174517
0.40174538
0.40174034
0.40173024
0.4017159
0.40169838
0.401679
0.40165907
0.4016396
0.40162125
0.40160415
0.40158832
0.40157387
0.40156135
0.4015513
0.4015447
0.40154216
0.4015444
0.40155146
0.40156344
0.40157956
0.40159902
0.40162045
0.40164247
0.40166375
0.40168312
0.40170017
0.40171486
0.4017276
0.40173936
0.40175095
0.4017629
0.40177506
0.40178663
0.40179658
0.40180358
0.4018067
0.40180486
0.4017974
0.40178424
0.40176547
0.40174183
0.4017144
0.40168464
0.40165392
0.40162385
0.40159568
0.4015707
0.40154982
0.40153354
0.4015221
0.40151557
0.40151355
0.4015157
0.40152118
0.4015293
0.4015391
0.4015497
0.4015606
0.4015714
0.40158212
0.4015928
0.40160328
0.40161353
0.40162355
0.40163326
0.40164313
0.4016535
0.40166494
0.40167746
0.40169087
0.4017042
0.40171626
0.4017257
0.40173122
0.40173188
0.40172735
0.40171772
0.40170345
0.40168568
0.40166572
0.40164486
0.40162468
0.4016061
0.40158996
0.40157685
0.40156713
0.4015611
0.40155858
0.4015593
0.40156257
0.40156785
0.40157434
0.40158156
0.40158904
0.4015965
0.4016035
0.40160957
0.40161434
0.40161788
0.40162018
0.40162167
0.40162244
0.4016226
0.40162173
0.40161967
0.40161636
0.40161198
0.40160683
0.40160134
0.40159583
0.4015905
0.40158534
0.40158033
0.4015754
0.4015705
0.40156618
0.40156284
0.40156147
0.4015627
0.40156716
0.40157527
0.40158725
0.40160286
0.40162155
0.40164226
0.40166357
0.40168414
0.4017022
0.40171632
0.40172535
0.40172824
0.40172473
0.40171477
0.40169895
0.40167832
0.40165433
0.4016284
0.40160212
0.40157703
0.4015548
0.40153664
0.40152356
0.40151617
0.40151474
0.4015191
0.40152892
0.40154317
0.4015609
0.40158084
0.40160167
0.40162244
0.40164274
0.40166226
0.40168136
0.40170056
0.40172023
0.40174037
0.40176094
0.40178147
0.4018011
0.4018189
0.40183404
0.4018457
0.40185344
0.40185684
0.4018557
0.40184978
0.40183914
0.40182394
0.40180457
0.40178156
0.40175566
0.4017279
0.40169948
0.4016715
0.40164506
0.4016214
0.40160125
0.40158528
0.4015736
0.40156618
0.4015625
0.40156198
0.40156367
0.40156633
0.40156862
0.40156922
0.40156707
0.40156147
0.40155247
0.40154058
0.40152663
0.4015115
0.40149596
0.40148088
0.40146685
0.40145433
0.40144378
0.40143567
0.40143055
0.40142915
0.4014322
0.40144044
0.40145418
0.40147376
0.40149888
0.401529
0.4015634
0.40160072
0.4016393
0.40167758
0.40171364
0.40174595
0.4017734
0.40179506
0.40181035
0.40181902
0.40182117
0.401817
0.40180677
0.401791
0.4017702
0.40174505
0.40171665
0.40168616
0.4016552
0.40162498
0.4015968
0.4015717
0.4015501
0.4015323
0.40151814
0.4015073
0.40149903
0.4014927
0.40148744
0.40148255
0.4014776
0.4014723
0.4014668
0.40146112
0.40145564
0.40145043
0.40144572
0.40144154
0.40143824
0.40143603
0.40143535
0.40143666
0.40144068
0.4014481
0.4014596
0.4014758
0.40149674
0.40152252
0.40155268
0.40158615
0.40162188
0.40165854
0.4016943
0.40172732
0.40175605
0.40177912
0.40179566
0.4018051
0.40180734
0.40180284
0.40179184
0.40177536
0.40175456
0.4017309
0.4017064
0.401683
0.4016628
0.40164718
0.40163717
0.4016332
0.40163475
0.40164095
0.4016505
0.40166196
0.40167412
0.401686
0.40169725
0.40170735
0.40171602
0.40172252
0.40172654
0.4017276
0.4017255
0.40172014
0.4017118
0.40170103
0.4016883
0.4016744
0.40165988
0.4016458
0.40163258
0.40162048
0.40160924
0.40159848
0.40158734
0.4015752
0.40156168
0.4015467
0.40153027
0.40151286
0.40149486
0.40147692
0.40145972
0.40144396
0.4014302
0.40141907
0.40141124
0.40140688
0.40140656
0.40141058
0.40141925
0.40143266
0.40145057
0.40147254
0.40149766
0.40152496
0.40155292
0.40158007
0.4016045
0.40162486
0.4016399
0.40164912
0.40165246
0.4016504
0.40164423
0.40163547
0.40162557
0.4016162
0.40160844
0.4016031
0.40160072
0.40160158
0.40160578
0.40161335
0.40162438
0.40163866
0.40165594
0.40167588
0.4016979
0.40172118
0.4017444
0.40176642
0.40178585
0.40180168
0.40181312
0.40181962
0.4018211
0.40181768
0.4018098
0.40179813
0.4017833
0.40176624
0.4017482
0.40173048
0.40171432
0.40170085
0.40169108
0.4016852
0.40168348
0.40168557
0.40169093
0.4016986
0.40170723
0.40171608
0.4017243
0.4017316
0.40173823
0.40174472
0.4017519
0.40176055
0.401771
0.40178314
0.40179616
0.40180907
0.40182057
0.4018294
0.4018345
0.40183496
0.40183023
0.40182003
0.40180448
0.40178448
0.40176088
0.4017353
0.4017093
0.4016843
0.40166166
0.40164205
0.40162593
0.40161318
0.4016036
0.40159655
0.40159148
0.4015874
0.40158358
0.40157956
0.4015752
0.40157062
0.40156648
0.40156314
0.40156102
0.40156043
0.4015613
0.40156353
0.40156707
0.40157172
0.40157762
0.40158495
0.40159374
0.40160364
0.40161398
0.40162396
0.4016322
0.40163738
0.4016384
0.4016344
0.40162534
0.4016114
0.40159357
0.40157297
0.40155125
0.4015298
0.40150955
0.40149146
0.4014759
0.40146318
0.4014537
0.40144786
0.40144596
0.40144798
0.40145376
0.401463
0.40147513
0.40148947
0.40150535
0.40152255
0.4015405
0.40155897
0.40157768
0.40159577
0.40161252
0.401627
0.40163848
0.40164676
0.4016522
0.4016552
0.4016569
0.40165818
0.40166008
0.401663
0.4016669
0.40167123
0.40167508
0.4016774
0.40167707
0.40167344
0.4016664
0.401656
0.40164292
0.4016281
0.4016126
0.40159738
0.4015832
0.4015706
0.40155986
0.40155098
0.4015439
0.40153837
0.40153396
0.40153056
0.40152842
0.40152776
0.401529
0.40153277
0.40153942
0.40154928
0.40156233
0.40157855
0.40159783
0.40161955
0.40164307
0.40166724
0.4016908
0.40171242
0.40173095
0.40174538
0.40175506
0.40175948
0.4017588
0.40175354
0.40174472
0.4017334
0.4017209
0.40170836
0.40169686
0.40168688
0.401679
0.40167338
0.40167022
0.40166938
0.40167072
0.40167394
0.40167883
0.40168485
0.40169126
0.40169695
0.4017011
0.40170306
0.40170267
0.4017001
0.4016959
0.40169078
0.40168515
0.4016796
0.4016745
0.4016702
0.40166646
0.40166312
0.4016593
0.40165418
0.40164685
0.40163687
0.40162405
0.401609
0.4015924
0.40157562
0.4015597
0.4015459
0.40153542
0.40152904
0.4015273
0.4015301
0.4015373
0.40154812
0.4015617
0.40157703
0.4015925
0.40160683
0.40161854
0.40162653
0.40162972
0.401628
0.4016212
0.40160996
0.40159526
0.40157798
0.40155923
0.40154004
0.40152118
0.40150315
0.4014864
0.40147147
0.40145865
0.40144843
0.40144113
0.40143692
0.4014361
0.40143853
0.40144402
0.40145218
0.40146247
0.4014746
0.40148795
0.40150207
0.4015163
0.40152976
0.40154168
0.4015516
0.40155917
0.40156454
0.401568
0.4015698
0.40157026
0.40156934
0.4015671
0.40156326
0.40155798
0.40155157
0.40154463
0.40153793
0.40153223
0.401528
0.4015256
0.40152496
0.40152594
0.40152833
0.4015315
0.40153483
0.4015378
0.40154
0.4015418
0.40154323
0.4015448
0.40154672
0.40154904
0.40155172
0.40155503
0.40155926
0.401565
0.4015727
0.40158284
0.40159535
0.4016098
0.40162525
0.4016404
0.40165362
0.40166357
0.40166909
0.40166962
0.40166518
0.4016563
0.4016441
0.40163
0.40161553
0.40160182
0.40158978
0.40157998
0.4015727
0.40156785
0.40156516
0.4015643
0.40156472
0.4015655
0.4015659
0.40156516
0.40156302
0.40155956
0.4015557
0.4015525
0.40155113
0.4015526
0.4015577
0.4015671
0.40158108
0.4015999
0.4016231
0.40164986
0.401679
0.4017092
0.40173915
0.4017677
0.4017938
0.4018169
0.40183648
0.4018523
0.40186432
0.4018732
0.40187964
0.40188488
0.40189093
0.40190044
0.40191737
0.40194702
0.40199676
0.40207604
0.40219715
0.40237662
0.4026384
0.4030116
0.4035365
0.4042695
0.40528727
0.40669486
0.40863326
0.41132274
0.41498762
0.41993716
0.4266444
0.43575326
0.44787586
