0.44262055
0.43212804
0.42425558
0.41832525
0.41389328
0.41061527
0.4082069
0.40642905
0.40512162
0.40416655
0.4034672
0.40295517
0.40257916
0.4023017
0.40209505
0.40193957
0.40182123
0.40173048
0.40166044
0.4016064
0.40156496
0.40153363
0.40151048
0.40149403
0.40148285
0.40147585
0.401472
0.40147033
0.4014701
0.40147066
0.40147153
0.40147254
0.40147358
0.40147495
0.4014769
0.40148008
0.40148512
0.40149266
0.40150315
0.40151653
0.40153268
0.40155086
0.40157026
0.40158975
0.4016086
0.40162554
0.40163952
0.4016494
0.40165433
0.4016541
0.4016488
0.40163898
0.40162557
0.4016097
0.4015923
0.40157452
0.40155703
0.40154055
0.4015254
0.401512
0.40150008
0.40148956
0.4014802
0.4014716
0.40146375
0.40145668
0.4014505
0.4014453
0.40144125
0.40143847
0.40143728
0.4014378
0.40144038
0.40144518
0.4014521
0.40146068
0.40147036
0.4014803
0.40148953
0.40149692
0.4015015
0.40150288
0.401501
0.40149665
0.40149093
0.40148515
0.4014805
0.40147796
0.40147832
0.40148222
0.40148973
0.4015009
0.40151528
0.40153214
0.40155065
0.4015697
0.4015881
0.40160465
0.40161777
0.40162668
0.40163088
0.40163067
0.40162674
0.40162024
0.40161243
0.40160432
0.40159678
0.40159014
0.40158466
0.4015803
0.40157714
0.40157512
0.4015742
0.40157387
0.4015737
0.40157267
0.40157017
0.40156555
0.40155882
0.40155047
0.40154132
0.40153223
0.40152422
0.40151802
0.40151444
0.40151432
0.40151823
0.40152663
0.4015394
0.40155637
0.40157685
0.40159988
0.40162423
0.40164828
0.40167058
0.40168956
0.40170443
0.4017147
0.40172064
0.40172276
0.40172213
0.40172008
0.40171784
0.40171647
0.40171665
0.40171838
0.40172118
0.40172434
0.401727
0.4017287
0.40172938
0.4017294
0.40172946
0.40173048
0.40173286
0.40173706
0.4017428
0.40174937
0.40175608
0.4017621
0.40176645
0.40176827
0.40176693
0.4017618
0.40175274
0.40173972
0.40172297
0.4017031
0.4016808
0.4016571
0.40163305
0.40160963
0.40158767
0.40156803
0.40155113
0.40153742
0.40152726
0.40152073
0.40151793
0.4015186
0.4015225
0.401529
0.40153754
0.40154728
0.40155736
0.40156683
0.40157464
0.4015801
0.40158272
0.4015823
0.40157908
0.40157297
0.4015644
0.40155375
0.40154165
0.40152872
0.40151566
0.40150315
0.40149158
0.40148145
0.40147296
0.40146625
0.4014614
0.40145838
0.40145707
0.40145755
0.40145972
0.4014636
0.40146914
0.401476
0.40148386
0.4014924
0.4015012
0.4015103
0.40151998
0.40153086
0.40154427
0.40156147
0.401584
0.40161353
0.40165186
0.40170094
0.4017637
0.40184438
0.40194947
0.40208885
0.402278
0.4025399
0.40290442
0.40341425
0.40412855
0.40512726
0.40651837
0.4084453
0.41113025
0.41479865
0.41976
0.42648748
0.43562463
0.4477807
