0.44251603
0.43199405
0.42409977
0.41815537
0.413718
0.41044325
0.40804675
0.40628788
0.40500557
0.40407988
0.40341377
0.40293837
0.4026019
0.40236574
0.40220064
0.4020849
0.40200266
0.40194237
0.40189576
0.4018568
0.4018216
0.40178758
0.40175328
0.40171835
0.40168327
0.401649
0.401617
0.40158856
0.4015647
0.40154636
0.40153342
0.4015258
0.40152267
0.40152296
0.40152553
0.4015291
0.4015327
0.40153563
0.40153793
0.40153995
0.40154222
0.40154514
0.40154904
0.40155366
0.40155855
0.4015628
0.40156546
0.40156573
0.4015634
0.40155855
0.4015518
0.40154397
0.40153605
0.40152884
0.40152335
0.40152022
0.40152
0.40152296
0.40152928
0.40153876
0.40155098
0.40156502
0.4015798
0.4015944
0.40160796
0.40162003
0.40163046
0.40163895
0.4016451
0.40164843
0.4016484
0.40164477
0.40163782
0.40162817
0.40161687
0.401605
0.40159366
0.40158373
0.4015758
0.40157032
0.40156737
0.40156657
0.40156728
0.40156844
0.40156925
0.40156865
0.40156627
0.401562
0.40155607
0.40154904
0.40154126
0.40153354
0.4015266
0.40152118
0.401518
0.4015174
0.40151954
0.4015243
0.40153122
0.40153968
0.40154907
0.40155876
0.40156785
0.40157557
0.40158102
0.40158376
0.4015838
0.4015817
0.4015787
0.40157598
0.40157503
0.40157676
0.4015817
0.40158993
0.40160096
0.4016137
0.40162706
0.4016393
0.4016492
0.4016554
0.40165684
0.40165287
0.4016434
0.40162882
0.40161002
0.40158844
0.4015656
0.4015431
0.40152213
0.40150353
0.4014881
0.40147632
0.4014687
0.40146545
0.40146667
0.4014724
0.40148246
0.40149653
0.40151387
0.40153372
0.40155512
0.401577
0.4015987
0.4016199
0.40164077
0.40166172
0.40168288
0.4017042
0.40172505
0.40174478
0.40176272
0.4017787
0.40179244
0.40180436
0.40181473
0.40182436
0.40183398
0.40184432
0.40185568
0.40186808
0.40188125
0.4018947
0.40190798
0.4019208
0.40193263
0.40194306
0.4019516
0.40195784
0.4019613
0.40196142
0.4019578
0.40195003
0.401938
0.40192142
0.40190056
0.4018756
0.40184712
0.40181577
0.40178245
0.4017483
0.40171453
0.40168285
0.40165487
0.40163207
0.40161544
0.40160543
0.401602
0.40160468
0.40161222
0.40162328
0.40163612
0.40164894
0.40166026
0.40166885
0.40167394
0.4016751
0.40167245
0.4016663
0.4016576
0.40164754
0.4016376
0.40162903
0.40162244
0.4016179
0.4016145
0.40161115
0.40160644
0.4015991
0.40158856
0.4015747
0.4015584
0.40154073
0.4015232
0.4015069
0.4014927
0.40148112
0.40147203
0.4014654
0.40146086
0.4014583
0.4014574
0.40145823
0.40146095
0.40146554
0.40147212
0.40148064
0.40149102
0.4015033
0.4015176
0.40153396
0.40155223
0.401572
0.40159282
0.40161422
0.4016359
0.4016576
0.4016791
0.4017002
0.40172023
0.40173814
0.4017529
0.4017635
0.40176904
0.40176937
0.40176457
0.401755
0.40174147
0.40172502
0.40170687
0.40168804
0.40166947
0.40165174
0.40163547
0.4016208
0.4016079
0.40159667
0.40158677
0.40157777
0.40156916
0.40156034
0.40155104
0.40154123
0.4015311
0.4015211
0.4015117
0.4015034
0.4014969
0.4014928
0.40149158
0.4014935
0.40149844
0.40150604
0.40151548
0.40152586
0.40153593
0.4015447
0.40155146
0.4015558
0.40155792
0.40155792
0.40155625
0.4015533
0.4015496
0.40154558
0.40154177
0.40153855
0.40153655
0.4015361
0.40153742
0.40154073
0.401546
0.40155327
0.40156224
0.40157267
0.40158427
0.40159622
0.4016078
0.4016179
0.40162557
0.40163025
0.40163156
0.40162984
0.4016259
0.40162104
0.40161636
0.40161327
0.4016127
0.40161523
0.40162125
0.40163058
0.40164283
0.40165725
0.40167254
0.4016872
0.40169933
0.40170735
0.40171
0.40170646
0.4016966
0.4016808
0.40166005
0.4016357
0.40160948
0.4015829
0.4015574
0.40153402
0.40151376
0.4014971
0.4014842
0.40147513
0.4014695
0.40146694
0.401467
0.4014694
0.40147373
0.40148008
0.4014887
0.40149972
0.40151304
0.40152845
0.40154535
0.4015629
0.40157992
0.40159532
0.40160787
0.40161705
0.4016227
0.40162542
0.4016262
0.4016263
0.40162718
0.40162998
0.40163562
0.40164453
0.40165693
0.40167248
0.4016903
0.40170905
0.40172702
0.40174252
0.40175393
0.4017602
0.40176052
0.40175474
0.4017432
0.40172672
0.4017066
0.40168455
0.40166202
0.40164047
0.40162113
0.401605
0.4015928
0.40158492
0.40158153
0.40158242
0.40158716
0.401595
0.4016049
0.4016157
0.40162626
0.40163574
0.40164363
0.40164998
0.40165496
0.4016589
0.40166196
0.4016639
0.40166458
0.40166348
0.40166032
0.40165484
0.40164718
0.40163764
0.40162662
0.40161437
0.40160108
0.40158692
0.40157238
0.40155792
0.4015442
0.40153193
0.40152183
0.40151438
0.4015099
0.40150866
0.40151057
0.40151554
0.4015235
0.40153417
0.40154737
0.40156257
0.40157947
0.4015974
0.40161598
0.4016346
0.40165266
0.40166983
0.40168574
0.40170026
0.40171307
0.40172356
0.401731
0.40173465
0.40173423
0.4017296
0.40172133
0.40171024
0.40169746
0.40168455
0.40167305
0.4016646
0.40166047
0.4016617
0.40166903
0.40168303
0.40170392
0.40173185
0.40176675
0.40180907
0.4018599
0.40192172
0.40199932
0.40209997
0.40223482
0.40241995
0.40268004
0.4030457
0.40355954
0.40428028
0.4052867
0.40668502
0.40861714
0.4113031
0.41496703
0.41991758
0.42662704
0.43573928
0.44786555
