0.44261083
0.4321198
0.42425373
0.41833484
0.41391838
0.41065845
0.40826783
0.4065057
0.40521118
0.4042658
0.40357393
0.4030689
0.40270138
0.402435
0.4022429
0.40210488
0.40200615
0.40193564
0.40188554
0.40185007
0.4018256
0.40180957
0.4018006
0.40179768
0.4017998
0.40180567
0.4018136
0.4018219
0.40182918
0.40183398
0.40183568
0.40183398
0.40182933
0.40182257
0.40181503
0.40180793
0.40180254
0.40179908
0.40179756
0.40179735
0.40179783
0.40179795
0.40179703
0.4017945
0.4017899
0.4017831
0.40177414
0.40176332
0.40175158
0.40173978
0.4017291
0.40172037
0.4017139
0.4017096
0.40170658
0.4017036
0.40169907
0.40169173
0.40168035
0.40166458
0.40164435
0.40162036
0.40159371
0.40156606
0.40153894
0.40151384
0.4014924
0.40147597
0.401466
0.40146413
0.4014723
0.40149257
0.4015275
0.40158042
0.40165603
0.40176097
0.4019051
0.40210432
0.40237913
0.40275958
0.40328783
0.40402225
0.40504178
0.40645328
0.40839934
0.41110146
0.4147833
0.41975465
0.42648935
0.43562916
0.44778505
