0.44261643
0.43212163
0.42424598
0.41831103
0.41387308
0.41058692
0.4081686
0.4063793
0.4050596
0.40409335
0.40338558
0.40286976
0.4024959
0.40222654
0.40203372
0.40189624
0.40179852
0.4017293
0.4016804
0.40164644
0.40162364
0.40160927
0.4016013
0.40159822
0.4015985
0.401601
0.40160465
0.40160874
0.4016128
0.4016165
0.40161934
0.40162048
0.40161902
0.40161428
0.40160564
0.40159318
0.4015776
0.40156004
0.401542
0.4015248
0.40150982
0.40149784
0.40148953
0.40148503
0.40148428
0.40148702
0.401493
0.40150198
0.40151367
0.40152782
0.401544
0.401562
0.4015816
0.40160215
0.40162298
0.40164292
0.40166053
0.40167454
0.40168372
0.40168744
0.40168548
0.40167817
0.4016663
0.40165105
0.40163362
0.40161505
0.40159643
0.4015786
0.4015623
0.4015483
0.40153715
0.401529
0.40152404
0.40152225
0.40152362
0.40152776
0.4015343
0.4015427
0.40155205
0.40156144
0.40156978
0.40157607
0.4015796
0.40158
0.4015773
0.40157202
0.40156496
0.40155718
0.40154958
0.4015431
0.40153834
0.40153515
0.40153337
0.40153217
0.40153074
0.4015286
0.40152553
0.4015216
0.4015174
0.40151337
0.40151045
0.40150928
0.40151036
0.40151402
0.40152046
0.4015296
0.40154114
0.4015546
0.4015693
0.40158406
0.40159783
0.40160936
0.4016175
0.40162143
0.40162072
0.40161553
0.4016066
0.40159488
0.40158153
0.40156788
0.40155476
0.40154287
0.4015326
0.4015239
0.40151674
0.40151128
0.40150782
0.40150657
0.40150782
0.40151167
0.401518
0.40152648
0.4015368
0.40154848
0.40156087
0.40157333
0.40158474
0.40159407
0.4016003
0.40160304
0.40160248
0.40159947
0.40159526
0.40159163
0.40159023
0.40159252
0.40159953
0.4016116
0.40162858
0.4016497
0.40167356
0.4016982
0.40172184
0.4017427
0.4017596
0.40177172
0.40177882
0.40178132
0.4017798
0.4017754
0.40176955
0.4017636
0.40175897
0.4017567
0.40175718
0.4017604
0.40176558
0.40177175
0.40177792
0.40178272
0.401785
0.40178403
0.40177915
0.40177035
0.40175778
0.40174213
0.40172425
0.4017053
0.40168634
0.40166858
0.40165314
0.4016406
0.4016312
0.40162516
0.40162244
0.40162274
0.40162587
0.40163115
0.4016376
0.40164447
0.40165058
0.40165487
0.4016565
0.40165487
0.4016499
0.40164164
0.4016307
0.40161756
0.40160304
0.40158775
0.40157256
0.40155804
0.40154508
0.40153447
0.40152675
0.40152228
0.40152103
0.40152285
0.40152705
0.40153295
0.40153953
0.40154603
0.40155146
0.40155545
0.4015573
0.4015567
0.40155354
0.4015481
0.40154102
0.40153322
0.40152535
0.40151823
0.40151244
0.4015087
0.40150738
0.40150896
0.40151355
0.4015213
0.4015319
0.4015451
0.40156004
0.4015757
0.40159068
0.40160343
0.4016128
0.40161783
0.40161818
0.401614
0.40160576
0.40159416
0.40157992
0.40156367
0.40154585
0.40152705
0.40150788
0.40148887
0.40147054
0.40145317
0.40143698
0.40142226
0.40140912
0.40139765
0.40138796
0.4013803
0.40137503
0.40137228
0.4013722
0.40137485
0.40138024
0.4013883
0.40139875
0.40141132
0.40142572
0.4014415
0.40145823
0.4014755
0.40149277
0.40150988
0.4015266
0.40154266
0.40155804
0.40157267
0.4015866
0.40159962
0.40161148
0.40162158
0.4016295
0.40163463
0.40163702
0.4016365
0.40163335
0.40162766
0.40161967
0.40160972
0.40159833
0.40158588
0.4015731
0.40156052
0.40154868
0.4015379
0.40152836
0.40152004
0.40151304
0.4015077
0.4015042
0.40150288
0.40150386
0.4015074
0.40151337
0.40152186
0.40153262
0.4015454
0.4015601
0.40157667
0.40159476
0.40161398
0.40163392
0.401654
0.40167382
0.40169325
0.40171236
0.40173116
0.40174952
0.401767
0.4017828
0.40179625
0.4018064
0.40181258
0.40181428
0.40181136
0.40180412
0.40179318
0.40177932
0.40176353
0.40174654
0.40172875
0.4017107
0.4016925
0.40167454
0.4016573
0.4016416
0.40162802
0.40161732
0.40160996
0.40160653
0.40160725
0.4016121
0.40162134
0.40163475
0.40165222
0.40167326
0.40169695
0.40172216
0.40174744
0.40177146
0.40179303
0.40181127
0.40182537
0.40183482
0.4018391
0.40183797
0.40183148
0.40182006
0.4018043
0.40178525
0.40176436
0.40174308
0.4017229
0.40170506
0.4016901
0.40167832
0.40166932
0.40166244
0.4016569
0.40165222
0.4016484
0.40164563
0.4016444
0.4016451
0.40164778
0.4016523
0.40165818
0.40166453
0.40167055
0.4016758
0.40167955
0.40168166
0.40168226
0.40168133
0.40167895
0.40167552
0.40167174
0.40166867
0.40166742
0.4016687
0.401673
0.4016802
0.40168977
0.40170076
0.4017118
0.40172145
0.40172812
0.40173054
0.4017279
0.40172014
0.4017076
0.4016913
0.40167263
0.4016529
0.40163335
0.40161505
0.4015986
0.40158427
0.401572
0.40156138
0.4015519
0.40154302
0.40153474
0.4015269
0.40151972
0.4015133
0.4015076
0.40150237
0.40149742
0.4014927
0.4014886
0.4014853
0.4014831
0.40148205
0.40148225
0.40148383
0.40148655
0.40149042
0.40149534
0.4015013
0.4015084
0.401517
0.40152755
0.4015401
0.40155455
0.40157053
0.40158716
0.4016033
0.40161783
0.40162966
0.40163848
0.4016441
0.40164682
0.4016471
0.40164524
0.4016415
0.4016361
0.4016295
0.40162244
0.40161568
0.40161055
0.40160847
0.40161115
0.40162116
0.4016418
0.4016775
0.4017345
0.40182114
0.40194884
0.402134
0.4023993
0.40277386
0.40329936
0.4040336
0.4050549
0.40646964
0.40841964
0.41112572
0.41481057
0.41978317
0.4265173
0.4356536
0.4478038
