0.44255412
0.43204406
0.42416012
0.41822383
0.41379127
0.41051638
0.4081138
0.40634227
0.40503994
0.40408808
0.40339032
0.40287927
0.40250516
0.40223125
0.4020307
0.40188366
0.40177587
0.40169713
0.4016399
0.40159902
0.4015706
0.4015519
0.4015409
0.40153575
0.40153474
0.40153652
0.40153968
0.4015431
0.40154615
0.40154874
0.40155134
0.40155435
0.40155804
0.4015623
0.40156692
0.40157127
0.40157467
0.40157676
0.40157732
0.401577
0.40157658
0.40157744
0.401581
0.40158835
0.40160018
0.40161657
0.40163702
0.4016606
0.40168568
0.4017105
0.40173328
0.40175223
0.40176612
0.40177417
0.401776
0.40177175
0.40176207
0.40174803
0.4017309
0.40171242
0.40169397
0.40167683
0.40166184
0.40164912
0.40163827
0.40162835
0.40161818
0.4016065
0.40159252
0.401576
0.4015574
0.40153757
0.40151793
0.40149978
0.40148428
0.4014724
0.4014646
0.40146127
0.40146214
0.40146688
0.40147445
0.40148377
0.40149367
0.40150294
0.40151057
0.4015158
0.4015185
0.40151894
0.4015179
0.4015164
0.40151536
0.40151557
0.40151766
0.40152213
0.4015293
0.4015395
0.40155277
0.4015693
0.40158904
0.40161163
0.40163642
0.40166238
0.40168816
0.4017122
0.40173316
0.4017496
0.40176052
0.4017652
0.40176344
0.40175557
0.40174228
0.40172464
0.40170392
0.4016814
0.40165818
0.40163538
0.4016137
0.40159366
0.40157568
0.40156
0.40154698
0.40153688
0.4015296
0.40152526
0.4015238
0.4015249
0.40152818
0.40153304
0.40153855
0.40154395
0.4015485
0.40155196
0.4015543
0.40155542
0.4015555
0.4015547
0.40155306
0.4015508
0.40154824
0.40154585
0.4015442
0.40154386
0.40154505
0.40154788
0.40155205
0.40155718
0.40156272
0.40156874
0.4015752
0.40158287
0.40159234
0.40160415
0.40161857
0.40163556
0.40165487
0.40167594
0.4016977
0.4017188
0.4017378
0.40175357
0.40176514
0.40177202
0.40177417
0.4017722
0.401767
0.40175983
0.40175188
0.40174398
0.40173653
0.4017296
0.40172306
0.40171665
0.40171033
0.40170428
0.40169883
0.4016943
0.40169066
0.4016878
0.40168542
0.4016835
0.4016824
0.40168253
0.40168434
0.4016881
0.40169367
0.4017007
0.40170863
0.4017166
0.40172347
0.4017285
0.40173137
0.4017321
0.40173134
0.40172988
0.4017287
0.40172836
0.40172896
0.40173024
0.40173167
0.4017327
0.4017329
0.40173227
0.4017308
0.401729
0.40172687
0.40172467
0.40172178
0.40171745
0.40171078
0.40170103
0.4016878
0.40167102
0.40165102
0.40162846
0.4016044
0.40158007
0.4015567
0.40153533
0.4015172
0.401503
0.4014933
0.40148833
0.40148777
0.40149125
0.40149805
0.40150723
0.4015178
0.40152875
0.4015391
0.4015478
0.40155375
0.40155643
0.40155572
0.40155235
0.40154725
0.40154213
0.4015384
0.40153745
0.4015403
0.40154755
0.40155923
0.40157533
0.40159494
0.4016173
0.40164137
0.40166572
0.40168875
0.40170887
0.40172473
0.4017355
0.401741
0.40174153
0.4017379
0.40173107
0.40172243
0.40171292
0.40170342
0.4016946
0.40168688
0.40168092
0.40167725
0.40167627
0.40167832
0.4016833
0.4016906
0.4016994
0.4017084
0.4017159
0.4017205
0.40172124
0.40171725
0.4017084
0.40169486
0.4016774
0.4016572
0.40163553
0.4016137
0.40159297
0.40157443
0.4015589
0.40154696
0.40153894
0.40153477
0.40153426
0.4015367
0.40154096
0.401546
0.4015506
0.4015537
0.40155473
0.40155363
0.40155086
0.40154704
0.4015429
0.40153912
0.40153608
0.40153387
0.40153253
0.40153176
0.40153098
0.4015296
0.40152705
0.40152273
0.40151674
0.40150946
0.40150186
0.40149522
0.40149122
0.40149188
0.40149966
0.40151727
0.40154815
0.40159664
0.40166828
0.4017708
0.40191483
0.40211657
0.40239623
0.40278253
0.40331656
0.40405554
0.40507767
0.40649
0.4084351
0.41113514
0.414814
0.41978174
0.42651233
0.4356477
0.44779873
