0.4425203
0.43199834
0.42410246
0.41815442
0.41371077
0.4104266
0.40801802
0.4062446
0.4049458
0.4040032
0.40332052
0.40282995
0.40248057
0.4022343
0.40206265
0.401944
0.40186214
0.40180504
0.401764
0.40173286
0.4017075
0.4016856
0.40166578
0.4016478
0.40163162
0.4016175
0.4016057
0.40159613
0.40158835
0.40158203
0.40157664
0.401572
0.4015679
0.40156442
0.40156174
0.40155992
0.40155914
0.40155923
0.4015603
0.40156212
0.40156463
0.4015678
0.40157124
0.40157452
0.4015772
0.4015794
0.40158126
0.40158337
0.4015865
0.40159088
0.40159705
0.40160477
0.40161356
0.40162247
0.40163052
0.40163618
0.4016384
0.40163642
0.4016301
0.4016199
0.40160698
0.4015927
0.4015788
0.40156683
0.40155795
0.401553
0.40155235
0.40155587
0.40156284
0.40157232
0.40158325
0.40159458
0.4016055
0.40161568
0.40162498
0.40163335
0.40164107
0.40164813
0.40165445
0.40165997
0.40166476
0.4016689
0.40167236
0.40167502
0.40167704
0.40167883
0.40168083
0.40168372
0.4016878
0.40169302
0.40169892
0.4017048
0.4017099
0.4017135
0.40171486
0.4017135
0.4017092
0.40170187
0.4016919
0.40168014
0.40166745
0.40165505
0.4016439
0.40163496
0.40162894
0.4016264
0.40162766
0.40163285
0.40164194
0.40165505
0.401672
0.40169233
0.40171537
0.40173978
0.4017641
0.40178668
0.40180615
0.40182137
0.40183172
0.40183708
0.40183777
0.4018345
0.40182823
0.4018201
0.40181118
0.4018019
0.40179226
0.40178183
0.40177014
0.40175676
0.40174147
0.40172443
0.40170622
0.4016875
0.4016692
0.4016518
0.40163592
0.40162167
0.40160936
0.401599
0.4015906
0.40158403
0.40157914
0.4015758
0.40157413
0.4015743
0.40157652
0.40158084
0.4015875
0.4015964
0.4016074
0.40161994
0.40163326
0.40164623
0.4016578
0.4016671
0.4016733
0.4016762
0.40167567
0.40167168
0.40166435
0.40165374
0.40164036
0.40162465
0.40160736
0.4015891
0.40157056
0.40155223
0.401535
0.40151963
0.40150672
0.40149656
0.40148947
0.40148538
0.4014843
0.40148622
0.4014908
0.40149802
0.40150735
0.40151843
0.4015307
0.40154362
0.40155634
0.40156803
0.40157768
0.40158454
0.40158826
0.40158904
0.40158752
0.40158445
0.40158054
0.40157637
0.40157232
0.4015688
0.401566
0.40156385
0.401562
0.40155992
0.40155682
0.40155217
0.40154585
0.40153813
0.40152958
0.401521
0.40151316
0.40150672
0.40150213
0.4014994
0.40149817
0.40149814
0.4014987
0.40149933
0.4014996
0.40149954
0.40149975
0.4015009
0.40150374
0.40150887
0.40151614
0.40152538
0.40153605
0.40154722
0.40155804
0.40156785
0.4015764
0.40158373
0.40159035
0.401597
0.40160426
0.40161255
0.40162182
0.40163147
0.40164104
0.40164986
0.40165767
0.4016645
0.4016707
0.4016767
0.40168318
0.40169072
0.40169954
0.4017096
0.40172046
0.40173176
0.40174294
0.40175366
0.40176395
0.4017739
0.40178397
0.4017944
0.40180522
0.40181616
0.40182638
0.40183523
0.40184185
0.40184548
0.40184557
0.401842
0.4018346
0.40182382
0.4018103
0.40179464
0.401778
0.40176153
0.40174636
0.4017332
0.4017224
0.4017138
0.40170702
0.40170172
0.4016977
0.40169483
0.4016926
0.40169054
0.40168798
0.40168405
0.40167823
0.40167004
0.40165937
0.4016465
0.4016319
0.4016163
0.4016004
0.40158468
0.4015696
0.4015554
0.4015424
0.40153083
0.40152147
0.40151483
0.40151185
0.4015131
0.40151936
0.401531
0.40154812
0.40157026
0.4015966
0.4016259
0.40165666
0.4016871
0.40171564
0.40174088
0.4017619
0.401778
0.40178883
0.40179417
0.40179428
0.40178943
0.40178013
0.40176705
0.40175104
0.40173304
0.40171376
0.40169412
0.40167484
0.40165612
0.40163824
0.40162116
0.4016048
0.40158924
0.40157485
0.40156224
0.40155208
0.40154508
0.40154177
0.40154275
0.4015487
0.40155986
0.40157598
0.40159646
0.4016201
0.4016453
0.40167013
0.40169266
0.4017112
0.4017243
0.40173104
0.40173095
0.40172416
0.40171143
0.40169403
0.4016735
0.4016518
0.40163055
0.40161106
0.4015942
0.40158033
0.4015695
0.40156138
0.40155563
0.40155166
0.40154892
0.40154678
0.40154502
0.40154344
0.4015422
0.40154147
0.40154165
0.4015433
0.40154696
0.40155277
0.40156096
0.40157166
0.40158463
0.40159962
0.4016163
0.40163437
0.40165314
0.40167174
0.40168884
0.40170318
0.40171334
0.4017185
0.4017182
0.40171215
0.4017007
0.40168467
0.40166527
0.4016439
0.40162215
0.40160152
0.4015829
0.40156662
0.4015529
0.40154132
0.4015318
0.40152413
0.40151823
0.40151414
0.40151206
0.40151218
0.4015146
0.40151954
0.4015271
0.40153727
0.4015495
0.40156317
0.40157717
0.4015905
0.40160212
0.40161148
0.40161866
0.40162396
0.4016284
0.40163293
0.40163884
0.40164757
0.40166035
0.40167883
0.40170464
0.40173995
0.4017884
0.40185502
0.4019475
0.4020768
0.40225917
0.40251905
0.40288633
0.40340397
0.40413046
0.4051444
0.40655214
0.40849537
0.41119456
0.4148722
0.41983715
0.42656216
0.43568915
0.4478296
