0.44256017
0.43205273
0.42417175
0.41823906
0.41381043
0.41053993
0.40814131
0.40637323
0.40507433
0.404126
0.40343237
0.40292636
0.40255854
0.40229246
0.40210092
0.40196395
0.40186688
0.4017991
0.4017531
0.40172336
0.40170598
0.4016978
0.40169623
0.40169883
0.40170336
0.40170795
0.40171123
0.40171245
0.40171123
0.40170762
0.40170157
0.401693
0.40168154
0.40166727
0.40165025
0.40163112
0.40161046
0.40158966
0.40157014
0.40155318
0.4015398
0.40153062
0.4015259
0.40152568
0.4015296
0.40153715
0.40154782
0.40156102
0.40157655
0.40159434
0.40161458
0.4016371
0.4016617
0.40168747
0.4017133
0.40173772
0.4017594
0.40177718
0.4017904
0.40179855
0.4018014
0.4017992
0.40179247
0.40178207
0.40176898
0.40175432
0.40173918
0.40172416
0.40170977
0.40169623
0.40168372
0.40167204
0.40166074
0.40164965
0.40163854
0.40162754
0.40161687
0.40160713
0.40159884
0.40159282
0.4015897
0.40159002
0.40159383
0.4016009
0.40161073
0.40162244
0.40163523
0.4016484
0.40166125
0.40167353
0.4016846
0.40169394
0.4017009
0.40170497
0.40170598
0.40170392
0.40169924
0.4016925
0.4016843
0.40167534
0.40166613
0.40165716
0.40164885
0.40164128
0.40163445
0.4016283
0.40162233
0.4016161
0.4016091
0.40160102
0.4015919
0.40158203
0.40157166
0.4015611
0.40155065
0.40154064
0.40153167
0.4015241
0.4015179
0.40151277
0.4015083
0.4015039
0.4014992
0.40149418
0.40148938
0.40148538
0.4014829
0.40148267
0.40148512
0.40149036
0.4014983
0.40150842
0.40152007
0.40153238
0.40154454
0.40155596
0.40156603
0.40157428
0.40158054
0.40158513
0.40158856
0.40159145
0.40159458
0.4015985
0.40160358
0.40160972
0.40161654
0.40162316
0.4016285
0.40163162
0.4016319
0.40162888
0.40162298
0.40161487
0.40160543
0.4015955
0.40158594
0.40157756
0.40157104
0.40156692
0.401566
0.4015685
0.40157446
0.40158346
0.40159494
0.40160805
0.4016219
0.40163535
0.40164754
0.40165734
0.40166414
0.4016676
0.40166792
0.4016658
0.40166223
0.40165836
0.40165547
0.40165472
0.40165666
0.40166184
0.40166995
0.40168032
0.40169165
0.40170226
0.40171066
0.40171564
0.40171587
0.40171108
0.40170118
0.40168682
0.40166917
0.40164948
0.40162885
0.401608
0.40158752
0.40156785
0.40154988
0.40153435
0.40152222
0.40151423
0.40151086
0.40151215
0.4015179
0.40152746
0.4015398
0.40155354
0.40156725
0.40157956
0.40158916
0.4015951
0.40159717
0.40159553
0.401591
0.40158457
0.4015774
0.4015706
0.4015647
0.40156043
0.40155777
0.40155703
0.40155804
0.40156093
0.40156564
0.40157193
0.40157947
0.4015881
0.40159747
0.40160725
0.4016166
0.40162522
0.40163282
0.4016395
0.4016453
0.40165088
0.40165678
0.40166342
0.401671
0.40167925
0.4016878
0.40169564
0.40170187
0.4017055
0.40170595
0.40170312
0.40169737
0.40168962
0.40168086
0.4016725
0.4016656
0.4016606
0.40165764
0.40165612
0.40165538
0.40165457
0.40165326
0.40165102
0.4016479
0.40164393
0.4016391
0.40163305
0.40162534
0.40161526
0.40160277
0.40158802
0.40157178
0.40155533
0.40153983
0.40152645
0.40151593
0.40150887
0.4015055
0.40150574
0.40150928
0.40151542
0.4015234
0.40153217
0.40154105
0.40154967
0.4015577
0.40156505
0.40157112
0.40157545
0.40157726
0.40157592
0.40157092
0.4015624
0.4015509
0.4015372
0.40152228
0.4015069
0.40149197
0.40147802
0.40146554
0.40145504
0.40144682
0.40144137
0.4014391
0.4014404
0.40144575
0.40145546
0.4014696
0.40148786
0.4015095
0.4015333
0.4015578
0.40158108
0.4016015
0.40161774
0.40162915
0.40163583
0.40163845
0.4016382
0.40163666
0.401635
0.40163416
0.40163457
0.4016361
0.40163827
0.4016404
0.4016415
0.40164077
0.40163788
0.40163276
0.40162542
0.4016162
0.40160546
0.40159413
0.40158293
0.40157256
0.40156314
0.4015546
0.4015465
0.40153834
0.40152943
0.40151992
0.40150976
0.40149954
0.40149015
0.40148252
0.40147734
0.40147486
0.40147513
0.40147755
0.4014815
0.401486
0.40149033
0.401494
0.40149683
0.40149912
0.40150154
0.401505
0.4015103
0.40151784
0.401528
0.40154046
0.40155506
0.40157145
0.40158933
0.40160835
0.4016279
0.40164703
0.40166464
0.40167975
0.4016917
0.40170005
0.4017052
0.40170753
0.40170777
0.4017065
0.4017039
0.4017
0.4016946
0.40168765
0.4016791
0.40166944
0.40165895
0.4016483
0.40163827
0.40162936
0.4016215
0.401615
0.40160975
0.4016057
0.40160277
0.40160102
0.40160063
0.40160173
0.4016044
0.40160835
0.40161327
0.40161872
0.40162435
0.40162978
0.4016347
0.40163878
0.4016416
0.4016429
0.4016426
0.40164053
0.40163746
0.40163386
0.40163052
0.40162843
0.40162814
0.40162992
0.4016336
0.40163827
0.401643
0.40164685
0.40164912
0.40164948
0.40164804
0.40164486
0.40164006
0.40163383
0.40162662
0.40161902
0.40161148
0.4016045
0.40159827
0.4015927
0.40158743
0.401582
0.40157598
0.4015693
0.40156204
0.40155488
0.40154862
0.401544
0.40154177
0.40154225
0.40154567
0.40155205
0.4015611
0.40157238
0.40158528
0.40159923
0.40161327
0.40162647
0.40163773
0.40164632
0.40165222
0.4016558
0.40165794
0.4016597
0.40166196
0.40166524
0.4016701
0.4016768
0.4016855
0.40169594
0.40170735
0.40171862
0.4017284
0.40173522
0.40173796
0.40173584
0.4017286
0.4017164
0.40169984
0.40167987
0.40165764
0.40163413
0.40161029
0.40158692
0.40156478
0.40154466
0.40152702
0.40151232
0.40150067
0.40149197
0.40148586
0.40148222
0.40148064
0.40148085
0.4014822
0.4014844
0.40148675
0.40148917
0.40149143
0.4014933
0.4014946
0.40149486
0.4014938
0.40149134
0.4014876
0.40148306
0.4014783
0.40147367
0.40146968
0.40146643
0.40146428
0.4014632
0.4014634
0.40146494
0.4014679
0.401472
0.4014771
0.40148276
0.4014886
0.40149468
0.40150076
0.40150708
0.40151355
0.40152067
0.40152872
0.40153787
0.40154824
0.40155974
0.401572
0.40158418
0.40159532
0.4016041
0.40160936
0.40161067
0.40160796
0.40160185
0.4015932
0.40158308
0.4015726
0.40156302
0.40155533
0.4015502
0.40154797
0.40154856
0.40155178
0.40155753
0.40156534
0.40157488
0.40158573
0.40159735
0.40160912
0.4016203
0.4016301
0.40163806
0.4016436
0.40164647
0.40164635
0.4016431
0.40163702
0.4016288
0.4016193
0.4016092
0.4015993
0.40158987
0.4015811
0.40157276
0.4015647
0.401557
0.4015495
0.40154243
0.40153593
0.40153033
0.40152565
0.4015221
0.40151963
0.4015185
0.40151894
0.4015209
0.40152457
0.4015298
0.40153652
0.40154472
0.40155417
0.40156463
0.40157565
0.40158653
0.4015966
0.40160504
0.4016114
0.40161508
0.40161565
0.40161258
0.40160587
0.40159583
0.4015833
0.4015696
0.40155578
0.4015432
0.40153274
0.4015254
0.4015221
0.40152287
0.40152773
0.4015362
0.4015476
0.40156084
0.4015746
0.40158743
0.40159816
0.40160605
0.40161073
0.40161267
0.4016126
0.4016114
0.40161002
0.40160945
0.4016104
0.40161332
0.40161854
0.40162602
0.4016355
0.40164652
0.40165862
0.40167105
0.401683
0.4016937
0.40170223
0.40170807
0.40171087
0.4017108
0.4017084
0.40170428
0.4016995
0.40169504
0.40169147
0.401689
0.40168715
0.40168485
0.40168113
0.4016749
0.4016656
0.40165287
0.40163717
0.4016193
0.4016003
0.4015817
0.40156448
0.40154967
0.40153807
0.40153003
0.40152568
0.40152484
0.40152693
0.40153092
0.40153584
0.40154064
0.40154436
0.40154633
0.4015465
0.40154514
0.40154308
0.40154096
0.40153953
0.40153927
0.4015407
0.40154403
0.40154964
0.40155733
0.40156665
0.4015771
0.40158746
0.40159678
0.4016039
0.401608
0.40160874
0.40160647
0.401602
0.40159634
0.4015906
0.4015856
0.40158197
0.40157983
0.40157914
0.40157986
0.40158165
0.40158388
0.40158588
0.40158668
0.40158546
0.40158156
0.4015748
0.40156558
0.4015548
0.40154365
0.40153334
0.40152496
0.40151936
0.4015173
0.40151903
0.40152478
0.40153426
0.40154696
0.4015617
0.4015774
0.40159252
0.40160576
0.40161613
0.4016232
0.4016274
0.4016296
0.40163106
0.40163276
0.40163523
0.40163857
0.4016423
0.40164572
0.40164816
0.40164918
0.40164873
0.401647
0.40164435
0.40164137
0.40163848
0.40163583
0.4016334
0.40163115
0.40162918
0.40162784
0.4016275
0.4016284
0.40163052
0.40163308
0.40163526
0.40163586
0.4016339
0.40162873
0.4016202
0.40160835
0.40159398
0.401578
0.40156135
0.40154472
0.4015289
0.4015143
0.40150145
0.40149093
0.4014833
0.40147904
0.40147838
0.40148127
0.4014874
0.4014965
0.40150774
0.40152046
0.40153378
0.4015467
0.40155822
0.40156755
0.40157378
0.40157616
0.40157455
0.40156925
0.40156135
0.40155205
0.4015428
0.4015346
0.40152815
0.40152413
0.40152264
0.4015236
0.4015265
0.40153092
0.40153614
0.40154183
0.4015477
0.40155366
0.40155953
0.40156505
0.40156978
0.40157336
0.40157524
0.40157512
0.40157261
0.40156764
0.40156028
0.40155113
0.40154073
0.40152988
0.4015194
0.40150946
0.40150064
0.4014929
0.40148613
0.40148038
0.40147564
0.40147182
0.40146905
0.40146703
0.40146583
0.4014653
0.4014653
0.40146583
0.40146697
0.40146863
0.40147096
0.40147406
0.401478
0.40148267
0.4014881
0.40149394
0.40149975
0.4015052
0.40151024
0.40151516
0.40152022
0.40152594
0.40153262
0.40154022
0.40154892
0.40155882
0.40156993
0.40158206
0.401595
0.40160814
0.40162072
0.40163216
0.4016421
0.40165034
0.40165716
0.40166304
0.40166843
0.40167361
0.40167883
0.40168405
0.40168923
0.40169394
0.4016977
0.40169975
0.40169907
0.4016949
0.40168682
0.40167466
0.4016588
0.40163982
0.40161866
0.40159643
0.40157416
0.4015531
0.40153393
0.40151712
0.4015027
0.40149078
0.40148088
0.40147293
0.40146652
0.4014615
0.40145785
0.40145552
0.40145442
0.4014543
0.40145478
0.4014557
0.40145674
0.40145808
0.40145984
0.40146258
0.40146685
0.40147325
0.40148214
0.40149358
0.4015075
0.4015232
0.40153962
0.40155557
0.40156972
0.40158108
0.40158948
0.401595
0.40159848
0.40160096
0.40160358
0.40160707
0.40161175
0.40161762
0.40162405
0.40163043
0.40163618
0.40164113
0.4016453
0.4016493
0.40165344
0.4016582
0.40166345
0.40166885
0.40167364
0.40167707
0.4016785
0.40167764
0.40167457
0.40166977
0.401664
0.4016581
0.40165263
0.40164778
0.40164343
0.4016391
0.40163445
0.4016291
0.40162298
0.4016163
0.40160936
0.40160245
0.40159565
0.40158913
0.4015829
0.40157723
0.40157282
0.4015704
0.401571
0.4015754
0.4015839
0.4015968
0.40161368
0.40163368
0.40165547
0.4016774
0.40169805
0.40171576
0.40172938
0.40173814
0.4017419
0.4017409
0.40173602
0.4017285
0.40171984
0.40171146
0.40170434
0.40169907
0.4016952
0.40169188
0.40168804
0.4016824
0.40167424
0.40166348
0.40165043
0.40163594
0.40162107
0.40160674
0.40159363
0.4015823
0.4015732
0.40156677
0.40156344
0.40156367
0.40156782
0.401576
0.4015883
0.40160438
0.40162396
0.40164685
0.40167296
0.40170226
0.40173486
0.40177092
0.40181068
0.40185514
0.4019063
0.40196744
0.40204385
0.40214303
0.40227622
0.40245906
0.40271544
0.403076
0.40358284
0.40429482
0.40529114
0.40667906
0.4086014
0.41127917
0.41493776
0.419886
0.42659596
0.43571243
0.44784522
