0.44267362
0.4322001
0.4243472
0.41843745
0.41402662
0.41076955
0.40837917
0.40661564
0.40531838
0.40436885
0.40367097
0.40315747
0.40277818
0.40249616
0.40228423
0.40212286
0.40199798
0.40189996
0.40182185
0.4017593
0.401709
0.4016686
0.40163618
0.40161017
0.4015893
0.40157256
0.40155926
0.40154874
0.40154096
0.40153605
0.40153408
0.40153497
0.4015384
0.40154368
0.40155002
0.40155646
0.401562
0.401566
0.40156814
0.40156853
0.40156767
0.401566
0.4015642
0.40156287
0.40156263
0.4015642
0.40156814
0.40157494
0.40158522
0.4015993
0.40161714
0.40163878
0.40166354
0.4016907
0.40171912
0.40174773
0.40177533
0.4018009
0.40182373
0.40184325
0.40185907
0.40187097
0.40187883
0.40188274
0.40188253
0.40187836
0.4018703
0.40185854
0.40184307
0.40182415
0.40180206
0.40177742
0.40175095
0.40172386
0.40169746
0.4016731
0.4016521
0.40163532
0.40162316
0.40161565
0.40161234
0.4016126
0.40161568
0.40162086
0.4016278
0.40163627
0.401646
0.4016564
0.40166673
0.40167603
0.40168363
0.40168908
0.4016922
0.40169325
0.40169218
0.40168884
0.40168318
0.40167534
0.40166548
0.40165415
0.40164167
0.40162846
0.40161517
0.4016024
0.40159094
0.4015818
0.4015758
0.4015737
0.4015758
0.4015823
0.4015927
0.4016062
0.40162164
0.40163732
0.40165162
0.4016633
0.40167135
0.4016755
0.40167612
0.40167364
0.40166903
0.4016632
0.40165722
0.40165192
0.40164798
0.40164587
0.4016456
0.40164736
0.401651
0.40165633
0.40166274
0.40166947
0.40167552
0.40167987
0.40168172
0.40168053
0.4016761
0.40166858
0.40165868
0.40164724
0.4016355
0.40162423
0.40161428
0.401606
0.40159935
0.40159407
0.40158957
0.40158522
0.4015804
0.4015748
0.40156847
0.40156198
0.40155637
0.40155277
0.40155235
0.40155593
0.4015639
0.40157598
0.40159145
0.40160894
0.40162686
0.4016435
0.40165758
0.40166822
0.40167505
0.40167817
0.4016779
0.4016746
0.40166858
0.40166017
0.40164986
0.40163845
0.40162694
0.4016166
0.4016086
0.40160373
0.4016027
0.40160546
0.4016119
0.4016214
0.4016333
0.4016465
0.4016595
0.40167093
0.40167958
0.4016846
0.40168586
0.40168354
0.40167883
0.40167302
0.4016676
0.4016639
0.40166315
0.40166605
0.401673
0.40168378
0.40169775
0.40171364
0.40172997
0.40174532
0.40175855
0.40176877
0.4017757
0.40177915
0.40177932
0.4017761
0.4017695
0.40175912
0.40174472
0.40172628
0.4017041
0.4016785
0.40165034
0.40162048
0.4015898
0.4015597
0.40153107
0.40150476
0.40148148
0.40146172
0.40144587
0.40143424
0.40142703
0.4014245
0.40142643
0.40143296
0.40144378
0.4014585
0.40147653
0.4014971
0.40151903
0.40154105
0.4015617
0.40157956
0.40159357
0.40160286
0.4016076
0.4016082
0.40160576
0.40160158
0.40159678
0.40159237
0.40158913
0.40158752
0.40158802
0.401591
0.4015964
0.40160406
0.40161356
0.40162462
0.4016367
0.40164912
0.4016611
0.40167147
0.4016791
0.40168288
0.40168226
0.4016768
0.4016668
0.40165305
0.40163648
0.40161833
0.40159962
0.40158114
0.40156353
0.40154728
0.40153268
0.40151975
0.4015086
0.4014992
0.4014918
0.40148658
0.40148368
0.40148315
0.4014851
0.40148953
0.4014966
0.40150613
0.4015176
0.40153044
0.40154362
0.40155625
0.40156713
0.40157545
0.40158072
0.40158284
0.40158224
0.4015797
0.40157613
0.40157235
0.4015692
0.40156734
0.40156725
0.4015696
0.40157434
0.4015814
0.40159
0.40159902
0.4016073
0.40161356
0.40161672
0.40161633
0.40161216
0.4016044
0.4015934
0.40157974
0.40156424
0.40154797
0.40153232
0.40151832
0.40150687
0.40149847
0.4014933
0.4014912
0.4014916
0.40149418
0.4014983
0.40150347
0.40150988
0.40151784
0.40152782
0.4015401
0.4015546
0.401571
0.4015886
0.40160647
0.4016239
0.40164018
0.4016552
0.4016686
0.4016802
0.40168944
0.40169552
0.40169728
0.40169367
0.40168396
0.4016681
0.40164667
0.40162063
0.40159178
0.40156177
0.40153244
0.40150538
0.4014814
0.40146112
0.40144488
0.40143263
0.40142405
0.40141904
0.40141737
0.4014189
0.4014236
0.40143147
0.40144232
0.40145576
0.40147144
0.4014888
0.40150723
0.40152603
0.4015444
0.40156138
0.40157646
0.40158927
0.40159938
0.4016064
0.40160996
0.40160987
0.40160632
0.40160015
0.40159217
0.40158355
0.4015754
0.4015686
0.4015639
0.40156165
0.40156198
0.4015646
0.40156898
0.4015745
0.40158033
0.40158615
0.40159187
0.40159783
0.40160435
0.40161175
0.4016202
0.40162948
0.40163922
0.4016486
0.40165672
0.40166244
0.4016646
0.40166256
0.40165606
0.40164557
0.40163207
0.40161705
0.40160212
0.4015886
0.40157753
0.40156972
0.4015655
0.40156493
0.40156773
0.4015736
0.40158188
0.40159234
0.4016043
0.40161714
0.4016301
0.40164232
0.40165275
0.40166044
0.40166476
0.40166545
0.40166247
0.40165642
0.4016477
0.4016373
0.40162584
0.4016143
0.40160364
0.4015943
0.40158722
0.40158263
0.40158102
0.40158263
0.40158755
0.40159565
0.40160656
0.40161934
0.40163276
0.4016453
0.40165564
0.40166298
0.4016669
0.40166745
0.4016648
0.40165892
0.40165004
0.4016382
0.4016236
0.40160707
0.4015894
0.4015718
0.40155524
0.40154073
0.40152875
0.40151978
0.40151381
0.40151066
0.4015097
0.40151018
0.40151146
0.4015131
0.401515
0.40151727
0.40152025
0.40152407
0.40152928
0.4015361
0.4015447
0.40155494
0.40156674
0.40157953
0.40159297
0.4016068
0.40162122
0.40163645
0.40165275
0.4016701
0.40168825
0.4017067
0.4017247
0.4017414
0.401756
0.4017676
0.40177545
0.40177885
0.40177757
0.4017716
0.4017613
0.40174747
0.40173087
0.4017126
0.4016938
0.4016754
0.40165824
0.4016426
0.4016286
0.4016162
0.40160525
0.4015958
0.40158802
0.40158203
0.40157777
0.40157488
0.40157276
0.4015706
0.4015677
0.40156394
0.40155917
0.4015541
0.40154952
0.40154618
0.40154505
0.40154698
0.40155265
0.40156257
0.40157652
0.401594
0.4016139
0.40163478
0.4016551
0.40167335
0.4016881
0.40169847
0.40170375
0.40170375
0.40169862
0.40168867
0.4016747
0.4016575
0.40163788
0.40161678
0.40159482
0.40157282
0.40155175
0.40153235
0.40151548
0.40150177
0.40149158
0.40148497
0.40148163
0.401481
0.4014822
0.4014846
0.4014875
0.4014907
0.40149426
0.40149844
0.40150353
0.40150976
0.40151745
0.40152678
0.4015379
0.40155074
0.4015654
0.40158206
0.4016009
0.401622
0.40164512
0.4016698
0.40169507
0.4017196
0.40174174
0.40175992
0.4017728
0.40177944
0.40177935
0.40177238
0.401759
0.4017402
0.40171742
0.40169257
0.40166765
0.4016447
0.4016252
0.4016102
0.40160015
0.40159503
0.40159446
0.4015979
0.40160453
0.40161377
0.40162504
0.40163803
0.4016521
0.4016671
0.40168282
0.4016988
0.4017146
0.40172943
0.40174237
0.40175223
0.40175775
0.40175802
0.4017524
0.4017407
0.40172324
0.40170053
0.4016737
0.40164414
0.4016132
0.4015823
0.40155286
0.40152603
0.4015028
0.40148368
0.4014691
0.40145925
0.4014541
0.40145344
0.401457
0.4014644
0.40147528
0.4014893
0.40150598
0.40152484
0.40154555
0.40156713
0.4015888
0.4016097
0.4016288
0.4016454
0.40165886
0.40166903
0.4016761
0.40168074
0.401684
0.40168688
0.40169036
0.40169498
0.40170124
0.4017095
0.40172002
0.40173274
0.4017472
0.40176246
0.4017773
0.40179017
0.40179992
0.40180573
0.40180734
0.401805
0.40179935
0.40179136
0.40178216
0.40177307
0.401765
0.40175864
0.40175423
0.40175152
0.40175003
0.40174952
0.40174958
0.40175027
0.40175197
0.40175506
0.40175995
0.40176675
0.4017751
0.40178427
0.40179348
0.401802
0.40180948
0.40181562
0.40182048
0.4018241
0.4018267
0.40182874
0.4018304
0.40183184
0.40183267
0.40183216
0.40182954
0.40182403
0.40181497
0.4018019
0.40178484
0.4017642
0.40174073
0.40171555
0.40168977
0.40166435
0.40163994
0.40161675
0.40159458
0.4015736
0.4015537
0.4015351
0.40151808
0.40150285
0.40148985
0.40147957
0.40147263
0.40146965
0.40147084
0.4014763
0.40148565
0.40149817
0.40151298
0.40152872
0.40154415
0.40155807
0.40156952
0.40157795
0.40158308
0.40158498
0.40158382
0.4015796
0.40157253
0.40156302
0.40155175
0.40153977
0.40152782
0.40151682
0.4015075
0.4015005
0.4014962
0.40149468
0.4014959
0.40149972
0.40150583
0.401514
0.40152383
0.40153533
0.4015484
0.4015626
0.40157747
0.40159214
0.40160564
0.40161693
0.4016247
0.40162814
0.40162665
0.40162048
0.40161017
0.40159696
0.40158203
0.4015665
0.40155125
0.40153676
0.4015232
0.40151048
0.40149862
0.4014875
0.40147725
0.40146807
0.40146035
0.40145418
0.40144995
0.40144756
0.40144694
0.40144777
0.4014498
0.40145263
0.40145618
0.40146062
0.40146595
0.40147257
0.40148062
0.40149042
0.401502
0.40151516
0.40152934
0.4015439
0.4015579
0.4015705
0.40158117
0.4015898
0.4015965
0.4016014
0.40160468
0.40160632
0.4016062
0.4016041
0.4015999
0.40159371
0.4015854
0.4015749
0.40156245
0.40154848
0.40153378
0.40151936
0.40150613
0.40149486
0.40148607
0.40147993
0.4014763
0.401475
0.401476
0.4014792
0.4014848
0.4014927
0.4015032
0.40151608
0.40153116
0.40154803
0.40156633
0.40158576
0.40160614
0.40162745
0.40164986
0.4016732
0.40169698
0.4017203
0.40174192
0.40176094
0.4017765
0.40178832
0.40179652
0.40180156
0.40180436
0.40180582
0.40180704
0.40180883
0.4018113
0.4018146
0.40181828
0.40182158
0.40182397
0.40182486
0.40182355
0.40181988
0.40181357
0.4018048
0.40179396
0.40178195
0.40176982
0.40175876
0.40174976
0.40174326
0.40173915
0.40173674
0.40173477
0.4017319
0.401727
0.40171906
0.4017077
0.40169322
0.4016764
0.40165827
0.40164033
0.40162387
0.40161026
0.4016005
0.4015954
0.40159544
0.40160063
0.40161064
0.4016247
0.4016415
0.4016592
0.40167594
0.40168977
0.40169883
0.4017019
0.4016982
0.40168756
0.4016705
0.40164775
0.40162078
0.40159133
0.40156138
0.4015327
0.40150693
0.40148538
0.40146896
0.4014584
0.40145403
0.4014561
0.40146446
0.401479
0.40149933
0.4015248
0.40155464
0.4015875
0.40162164
0.40165538
0.4016867
0.40171424
0.4017369
0.40175417
0.4017661
0.401773
0.40177545
0.40177426
0.40177038
0.4017647
0.40175804
0.4017512
0.40174478
0.40173963
0.40173632
0.40173575
0.40173852
0.40174487
0.40175444
0.40176633
0.40177917
0.40179163
0.4018025
0.40181077
0.4018159
0.4018177
0.40181637
0.4018125
0.40180668
0.4017996
0.40179163
0.40178302
0.40177372
0.40176326
0.40175128
0.40173736
0.40172136
0.40170366
0.40168482
0.40166578
0.4016478
0.40163195
0.40161964
0.40161166
0.40160862
0.40161088
0.4016183
0.40163055
0.40164694
0.40166646
0.40168813
0.40171033
0.40173143
0.40174985
0.4017644
0.4017742
0.40177906
0.40177897
0.40177462
0.40176693
0.4017569
0.40174606
0.40173522
0.40172502
0.40171584
0.40170768
0.40170047
0.40169412
0.40168822
0.401682
0.40167484
0.40166613
0.40165538
0.40164247
0.40162748
0.40161055
0.4015922
0.40157312
0.40155414
0.4015362
0.40151998
0.40150598
0.40149435
0.40148517
0.4014781
0.40147293
0.40146938
0.40146744
0.40146735
0.40146956
0.40147454
0.40148282
0.40149468
0.40151033
0.40152976
0.4015526
0.40157807
0.4016051
0.40163234
0.40165794
0.40168014
0.40169746
0.4017088
0.40171364
0.4017119
0.4017042
0.4016913
0.40167424
0.401654
0.40163162
0.40160823
0.4015848
0.4015622
0.4015412
0.40152228
0.40150547
0.40149093
0.40147844
0.40146807
0.4014597
0.40145332
0.40144908
0.40144694
0.40144712
0.4014494
0.4014536
0.40145957
0.40146694
0.40147525
0.4014842
0.40149334
0.40150255
0.40151173
0.4015209
0.40152997
0.4015387
0.40154696
0.40155447
0.40156093
0.40156606
0.40156943
0.4015709
0.4015706
0.4015687
0.40156555
0.4015614
0.40155634
0.4015502
0.40154257
0.40153322
0.40152192
0.4015092
0.4014954
0.4014812
0.40146744
0.40145472
0.40144378
0.40143514
0.40142924
0.40142643
0.40142718
0.40143156
0.40143988
0.40145218
0.40146825
0.40148792
0.40151092
0.40153667
0.4015645
0.40159357
0.40162277
0.4016506
0.40167588
0.4016974
0.40171412
0.40172568
0.40173182
0.40173277
0.40172884
0.40172046
0.40170798
0.40169147
0.40167117
0.40164736
0.4016208
0.4015927
0.4015645
0.40153772
0.4015138
0.40149367
0.40147814
0.40146762
0.4014623
0.40146196
0.40146634
0.40147492
0.401487
0.40150177
0.40151846
0.4015362
0.40155432
0.40157226
0.40158948
0.40160534
0.40161902
0.4016299
0.4016373
0.4016411
0.40164164
0.40163958
0.40163565
0.40163067
0.4016251
0.40161926
0.4016132
0.40160665
0.40159902
0.40158993
0.40157896
0.40156624
0.40155205
0.40153724
0.40152255
0.40150887
0.40149722
0.4014882
0.40148237
0.40148014
0.40148178
0.40148735
0.4014968
0.4015096
0.40152535
0.40154332
0.4015628
0.4015829
0.40160263
0.40162116
0.40163746
0.40165055
0.40165973
0.4016648
0.4016659
0.4016639
0.4016599
0.40165478
0.4016495
0.40164444
0.40163943
0.40163413
0.40162775
0.40161982
0.4016101
0.40159896
0.4015872
0.4015757
0.4015654
0.4015569
0.4015508
0.40154728
0.40154675
0.40154925
0.4015548
0.40156323
0.40157434
0.40158775
0.40160328
0.4016209
0.4016404
0.40166107
0.40168208
0.401702
0.40171924
0.4017327
0.40174153
0.40174553
0.40174505
0.40174088
0.40173414
0.401726
0.4017181
0.40171155
0.40170702
0.4017049
0.4017048
0.40170625
0.4017089
0.40171254
0.40171736
0.4017238
0.40173256
0.40174413
0.40175864
0.4017759
0.40179506
0.40181512
0.4018349
0.40185317
0.40186903
0.4018816
0.4018904
0.40189525
0.40189606
0.40189308
0.40188652
0.40187687
0.40186462
0.40185016
0.40183398
0.40181655
0.40179816
0.40177938
0.40176052
0.40174183
0.40172356
0.40170616
0.40168986
0.4016753
0.40166292
0.40165314
0.40164623
0.401642
0.40164015
0.40163988
0.4016404
0.4016409
0.40164068
0.40163982
0.40163857
0.40163785
0.40163848
0.40164113
0.40164623
0.4016537
0.40166298
0.4016732
0.4016834
0.4016924
0.40169933
0.40170345
0.40170446
0.4017025
0.40169817
0.40169233
0.40168583
0.4016797
0.40167433
0.40167013
0.4016669
0.40166426
0.40166163
0.4016585
0.40165472
0.40165046
0.40164635
0.4016431
0.4016416
0.40164247
0.40164596
0.4016522
0.40166116
0.40167296
0.40168726
0.40170395
0.40172237
0.40174165
0.4017608
0.40177897
0.40179566
0.40181038
0.40182304
0.40183336
0.40184096
0.40184557
0.40184686
0.40184465
0.4018385
0.4018284
0.40181443
0.401797
0.40177673
0.40175435
0.40173075
0.40170646
0.40168232
0.4016589
0.4016366
0.40161568
0.4015965
0.401579
0.40156317
0.40154877
0.4015356
0.40152362
0.401513
0.40150407
0.40149692
0.40149185
0.40148887
0.40148804
0.4014893
0.40149254
0.4014975
0.40150404
0.4015116
0.4015198
0.40152827
0.40153658
0.40154424
0.4015508
0.40155593
0.40155977
0.4015629
0.40156606
0.4015701
0.40157574
0.4015835
0.40159374
0.40160647
0.40162137
0.40163788
0.40165508
0.4016718
0.4016868
0.40169838
0.40170538
0.40170693
0.4017025
0.4016925
0.40167773
0.40165967
0.40163994
0.4016203
0.40160224
0.40158695
0.4015752
0.40156725
0.40156314
0.40156224
0.40156397
0.40156752
0.4015719
0.40157616
0.40157974
0.4015818
0.40158197
0.40157977
0.4015755
0.40156966
0.4015631
0.40155685
0.4015519
0.40154925
0.4015496
0.4015536
0.40156144
0.40157306
0.401588
0.4016056
0.40162516
0.40164605
0.40166783
0.40168992
0.40171143
0.40173125
0.4017478
0.4017597
0.40176588
0.40176573
0.40175906
0.40174633
0.4017287
0.40170753
0.4016848
0.40166235
0.40164202
0.40162548
0.40161413
0.4016092
0.40161216
0.4016242
0.40164703
0.40168297
0.4017353
0.40180892
0.4019108
0.40205115
0.40224516
0.40251514
0.40289024
0.40341237
0.40413952
0.40515023
0.40655154
0.4084862
0.41117585
0.41484562
0.41980517
0.42652807
0.4356581
0.44780546
