0.44252533
0.43200773
0.42411876
0.41818056
0.4137497
0.41048086
0.40808836
0.4063306
0.40504533
0.40411234
0.4034342
0.40294203
0.4025845
0.40232393
0.40213272
0.4019909
0.40188444
0.40180352
0.4017412
0.40169296
0.40165576
0.40162757
0.40160707
0.4015932
0.4015854
0.40158302
0.40158534
0.40159145
0.4016002
0.40161017
0.4016199
0.401628
0.40163335
0.4016352
0.40163314
0.4016272
0.4016179
0.401606
0.4015928
0.40157944
0.40156704
0.4015564
0.4015481
0.40154243
0.40153965
0.40153992
0.4015435
0.40155065
0.40156147
0.401576
0.40159374
0.40161374
0.40163505
0.40165666
0.40167797
0.40169924
0.4017219
0.4017488
0.40178487
0.4018371
0.40191534
0.40203264
0.40220648
0.40246227
0.40282947
0.40335023
0.40408218
0.40510285
0.40651768
0.4084675
0.41117257
0.41485488
0.41982344
0.42655185
0.43568122
0.44782388
