0.44257903
0.43207493
0.42419395
0.4182576
0.41382173
0.41054094
0.40813035
0.40634948
0.40503782
0.40407816
0.40337542
0.4028636
0.40249404
0.40223092
0.40204763
0.40192428
0.40184602
0.40180126
0.40178138
0.40177938
0.4017896
0.4018072
0.40182817
0.4018495
0.4018688
0.4018843
0.4018948
0.40189976
0.40189877
0.40189153
0.40187815
0.4018589
0.40183437
0.40180558
0.40177384
0.40174082
0.40170842
0.4016784
0.4016523
0.4016314
0.40161645
0.40160784
0.40160543
0.40160885
0.40161744
0.40163028
0.40164658
0.40166587
0.40168795
0.40171257
0.40173966
0.40176904
0.40180036
0.40183312
0.40186656
0.40189996
0.40193298
0.4019658
0.401999
0.40203398
0.40207285
0.4021185
0.40217525
0.4022488
0.40234727
0.40248185
0.40266815
0.4029291
0.4032959
0.40380913
0.40452638
0.40552562
0.40691286
0.40883002
0.41149652
0.415139
0.4200659
0.4267483
0.4358339
0.4479338
