0.44269234
0.43222356
0.42437357
0.4184647
0.41405272
0.41079268
0.40839785
0.40662906
0.4053259
0.4043703
0.40366662
0.4031474
0.40276283
0.4024758
0.40225935
0.40209374
0.40196505
0.4018634
0.40178192
0.40171608
0.4016627
0.40161946
0.40158442
0.40155604
0.40153286
0.40151381
0.40149814
0.4014857
0.40147644
0.40147045
0.4014676
0.4014679
0.40147075
0.4014759
0.40148267
0.40149084
0.40150002
0.40150988
0.40152004
0.4015299
0.4015391
0.40154696
0.40155262
0.4015553
0.40155423
0.40154907
0.40153998
0.4015278
0.4015136
0.4014989
0.4014851
0.4014733
0.40146458
0.40145946
0.40145823
0.40146098
0.40146747
0.4014774
0.4014902
0.40150547
0.40152228
0.40153986
0.40155768
0.40157485
0.40159062
0.4016044
0.40161544
0.4016231
0.40162715
0.40162775
0.40162554
0.40162137
0.4016162
0.40161073
0.40160578
0.40160158
0.4015985
0.40159658
0.4015954
0.40159458
0.40159306
0.40159008
0.40158495
0.40157753
0.40156808
0.40155733
0.40154618
0.4015355
0.4015263
0.40151927
0.401515
0.4015138
0.4015156
0.40152004
0.40152627
0.4015331
0.40153915
0.401543
0.40154368
0.40154096
0.40153503
0.40152678
0.4015173
0.4015077
0.40149906
0.40149245
0.40148854
0.40148792
0.40149108
0.40149796
0.4015083
0.40152135
0.40153593
0.4015506
0.40156367
0.40157387
0.40158018
0.4015826
0.40158144
0.40157768
0.4015723
0.40156603
0.4015595
0.40155336
0.4015481
0.401544
0.40154147
0.40154067
0.40154147
0.40154383
0.40154764
0.4015533
0.40156135
0.40157223
0.4015863
0.40160337
0.40162277
0.40164334
0.40166354
0.401682
0.40169743
0.40170896
0.40171647
0.40172032
0.4017209
0.4017193
0.40171653
0.40171334
0.40171018
0.4017072
0.40170434
0.4017015
0.4016986
0.4016956
0.4016926
0.40168917
0.40168512
0.4016801
0.4016739
0.40166646
0.40165785
0.40164804
0.40163696
0.40162462
0.40161127
0.40159723
0.4015829
0.40156874
0.40155488
0.40154168
0.40152934
0.4015181
0.40150806
0.40149945
0.40149236
0.4014869
0.401483
0.40148062
0.4014797
0.40148014
0.40148187
0.40148467
0.40148836
0.4014929
0.4014983
0.40150464
0.40151212
0.40152094
0.40153137
0.40154362
0.40155792
0.40157416
0.4015923
0.4016121
0.4016332
0.40165552
0.4016788
0.40170237
0.40172526
0.40174624
0.40176427
0.4017781
0.4017871
0.4017908
0.40178907
0.4017825
0.4017721
0.40175936
0.40174595
0.40173364
0.401724
0.40171784
0.40171564
0.40171728
0.40172225
0.40172997
0.40173966
0.4017506
0.40176198
0.40177253
0.40178108
0.4017865
0.40178806
0.40178537
0.4017787
0.40176877
0.40175688
0.40174437
0.4017326
0.40172255
0.401715
0.40171018
0.40170774
0.4017071
0.40170744
0.4017079
0.40170777
0.40170673
0.40170425
0.4017001
0.4016938
0.40168515
0.40167433
0.4016616
0.4016479
0.4016342
0.4016215
0.40161073
0.4016022
0.4015959
0.4015912
0.40158743
0.4015838
0.40158
0.40157616
0.4015729
0.40157086
0.40157068
0.40157282
0.40157717
0.40158364
0.40159166
0.40160063
0.40160987
0.40161824
0.4016246
0.40162778
0.40162674
0.40162095
0.40161046
0.40159586
0.40157828
0.401559
0.4015393
0.40152028
0.40150288
0.4014874
0.4014743
0.40146384
0.40145633
0.4014518
0.40145034
0.40145195
0.40145653
0.40146387
0.40147376
0.40148562
0.401499
0.40151322
0.40152737
0.40154046
0.40155143
0.40155914
0.4015627
0.40156156
0.4015558
0.40154633
0.40153426
0.40152106
0.40150827
0.4014971
0.40148854
0.4014832
0.4014812
0.40148243
0.4014866
0.40149334
0.40150204
0.40151203
0.4015226
0.4015329
0.40154195
0.40154916
0.40155405
0.40155652
0.40155688
0.40155604
0.40155488
0.4015545
0.40155575
0.40155935
0.40156573
0.40157494
0.40158713
0.40160185
0.4016185
0.40163597
0.40165305
0.4016679
0.4016791
0.40168542
0.40168625
0.40168148
0.40167177
0.40165818
0.4016424
0.40162656
0.4016125
0.40160158
0.40159494
0.40159285
0.40159544
0.4016022
0.4016126
0.40162617
0.40164247
0.401661
0.40168083
0.40170076
0.40171933
0.40173516
0.40174705
0.4017542
0.4017563
0.40175334
0.40174565
0.40173408
0.4017194
0.4017029
0.40168577
0.4016692
0.40165392
0.40164044
0.40162903
0.4016201
0.40161416
0.40161136
0.40161198
0.40161568
0.40162155
0.40162846
0.4016346
0.4016382
0.4016379
0.40163255
0.4016219
0.4016061
0.40158615
0.40156344
0.4015396
0.40151638
0.40149543
0.40147802
0.40146533
0.4014578
0.40145585
0.4014596
0.40146863
0.4014828
0.40150118
0.40152293
0.4015466
0.4015705
0.40159267
0.40161127
0.4016247
0.40163207
0.40163276
0.4016271
0.40161583
0.40160048
0.40158257
0.40156412
0.4015467
0.40153158
0.40151986
0.4015119
0.401508
0.40150782
0.4015109
0.40151647
0.4015236
0.4015313
0.40153894
0.40154585
0.4015516
0.40155575
0.40155804
0.40155816
0.40155637
0.40155315
0.40154934
0.40154576
0.40154287
0.40154123
0.40154076
0.4015415
0.401543
0.4015448
0.40154627
0.40154687
0.40154645
0.40154514
0.40154335
0.40154168
0.40154085
0.40154165
0.40154472
0.4015505
0.40155908
0.4015704
0.40158427
0.40159985
0.40161628
0.40163222
0.4016462
0.4016567
0.40166262
0.40166336
0.40165922
0.4016506
0.4016387
0.40162465
0.40160978
0.4015953
0.40158212
0.40157112
0.4015631
0.40155882
0.40155876
0.4015632
0.40157235
0.4015862
0.40160483
0.40162846
0.40165788
0.40169457
0.40174115
0.40180174
0.40188196
0.40198964
0.4021358
0.40233663
0.40261504
0.40300038
0.40353453
0.40427476
0.40529832
0.40671074
0.40865293
0.41134503
0.41501096
0.4199601
0.42666534
0.43577078
0.44788882
