0.44260833
0.43211824
0.4242551
0.4183418
0.41393375
0.41068566
0.4083093
0.40656358
0.405287
0.40435952
0.40368506
0.40319577
0.40284163
0.40258542
0.4023997
0.40226427
0.4021641
0.40208817
0.40202835
0.40197906
0.40193617
0.40189716
0.40186054
0.4018258
0.4017932
0.40176335
0.40173712
0.401715
0.40169728
0.40168363
0.40167326
0.4016652
0.40165836
0.4016518
0.40164503
0.40163806
0.40163112
0.4016245
0.4016185
0.4016132
0.4016084
0.40160367
0.40159854
0.4015928
0.40158656
0.40158027
0.4015747
0.40157044
0.40156767
0.40156633
0.4015659
0.40156582
0.40156528
0.40156332
0.40155926
0.4015529
0.40154448
0.40153456
0.40152392
0.40151358
0.40150443
0.40149742
0.40149334
0.40149295
0.40149665
0.40150476
0.4015175
0.40153474
0.40155604
0.40158033
0.40160602
0.4016313
0.40165383
0.40167183
0.4016839
0.40168926
0.401688
0.40168083
0.40166876
0.40165323
0.40163583
0.40161777
0.40160027
0.40158424
0.40157017
0.40155825
0.40154842
0.40154043
0.4015338
0.40152845
0.40152434
0.40152165
0.40152076
0.40152174
0.40152448
0.4015287
0.4015339
0.40153974
0.40154594
0.40155217
0.4015581
0.40156358
0.40156832
0.4015726
0.40157652
0.40158033
0.40158415
0.40158802
0.40159193
0.40159553
0.4015987
0.4016012
0.40160322
0.4016049
0.40160638
0.40160722
0.40160722
0.4016057
0.4016022
0.40159634
0.40158826
0.40157822
0.40156686
0.40155485
0.4015426
0.40153065
0.40151948
0.4015099
0.4015028
0.40149876
0.40149835
0.40150157
0.40150842
0.40151867
0.40153173
0.40154698
0.4015636
0.4015809
0.40159833
0.40161517
0.4016306
0.4016436
0.4016532
0.40165886
0.4016606
0.40165886
0.4016547
0.40164962
0.40164527
0.40164322
0.40164453
0.40164974
0.40165865
0.4016707
0.40168473
0.4016994
0.40171322
0.4017246
0.4017321
0.40173483
0.40173244
0.40172517
0.40171367
0.40169898
0.40168235
0.40166464
0.4016467
0.4016291
0.40161243
0.40159696
0.40158305
0.40157086
0.40156022
0.40155086
0.4015427
0.40153578
0.40153027
0.40152645
0.40152448
0.40152436
0.40152618
0.40152988
0.40153542
0.40154254
0.4015507
0.40155917
0.401567
0.40157312
0.40157682
0.40157777
0.4015763
0.40157297
0.4015687
0.40156454
0.40156162
0.40156066
0.40156248
0.40156734
0.40157548
0.4015871
0.401602
0.40162
0.40164018
0.40166152
0.40168267
0.40170228
0.4017192
0.40173244
0.40174106
0.40174457
0.4017428
0.40173557
0.40172324
0.40170628
0.40168542
0.40166166
0.40163627
0.40161073
0.4015862
0.40156418
0.4015453
0.40153015
0.40151903
0.40151203
0.40150926
0.4015104
0.40151498
0.40152222
0.40153098
0.40154
0.40154803
0.401554
0.40155745
0.40155855
0.40155804
0.40155688
0.4015561
0.40155652
0.401559
0.40156388
0.4015714
0.40158138
0.4015934
0.40160713
0.40162173
0.40163615
0.40164915
0.40165943
0.40166607
0.40166858
0.4016671
0.4016622
0.40165505
0.40164706
0.40163967
0.40163416
0.40163147
0.40163213
0.40163618
0.40164325
0.40165228
0.40166205
0.4016711
0.4016783
0.40168273
0.40168405
0.4016824
0.40167835
0.40167263
0.40166652
0.40166107
0.40165734
0.40165597
0.4016575
0.40166202
0.4016692
0.4016785
0.40168917
0.4017004
0.4017112
0.4017203
0.40172645
0.40172878
0.40172675
0.4017205
0.40171066
0.4016986
0.40168557
0.40167338
0.40166333
0.40165663
0.4016539
0.40165493
0.40165928
0.40166587
0.40167305
0.40167928
0.4016829
0.40168318
0.4016796
0.4016725
0.40166274
0.40165144
0.4016396
0.40162832
0.40161824
0.40160972
0.40160277
0.40159714
0.40159252
0.40158844
0.40158424
0.4015794
0.40157384
0.4015677
0.40156174
0.40155676
0.4015537
0.40155318
0.40155575
0.40156147
0.40157
0.40158084
0.40159327
0.40160632
0.40161923
0.40163133
0.40164217
0.40165135
0.40165862
0.4016638
0.40166718
0.40166914
0.40167016
0.40167066
0.4016709
0.4016709
0.40167037
0.4016689
0.4016662
0.4016623
0.40165725
0.40165135
0.4016448
0.40163743
0.40162936
0.40162018
0.40160993
0.40159857
0.40158665
0.40157455
0.40156302
0.40155268
0.40154415
0.40153813
0.401535
0.40153518
0.4015387
0.40154552
0.40155515
0.401567
0.40157992
0.40159288
0.40160453
0.40161413
0.4016215
0.4016268
0.4016307
0.40163416
0.40163812
0.40164337
0.40165043
0.40165928
0.40166935
0.40167984
0.40168932
0.40169695
0.40170184
0.4017037
0.4017025
0.40169844
0.4016917
0.4016822
0.40166995
0.4016552
0.40163848
0.4016207
0.4016028
0.4015861
0.40157163
0.40156037
0.40155298
0.40154967
0.40155038
0.40155476
0.4015624
0.40157294
0.40158606
0.4016014
0.40161833
0.40163586
0.40165275
0.40166736
0.40167835
0.40168428
0.40168446
0.4016785
0.40166682
0.4016503
0.40163043
0.40160877
0.40158686
0.40156615
0.40154737
0.40153113
0.40151775
0.40150732
0.40149987
0.40149543
0.4014938
0.40149474
0.4014981
0.4015036
0.40151116
0.40152088
0.40153313
0.40154848
0.401567
0.40158868
0.4016132
0.40163973
0.40166718
0.40169403
0.40171897
0.40174088
0.40175906
0.40177312
0.4017832
0.4017896
0.4017931
0.40179488
0.40179637
0.4017989
0.40180394
0.40181208
0.40182367
0.4018383
0.40185514
0.401873
0.40189046
0.40190628
0.40191942
0.40192884
0.40193385
0.40193412
0.4019295
0.40191996
0.40190598
0.40188769
0.4018656
0.40184018
0.40181196
0.4017814
0.4017493
0.40171653
0.40168396
0.4016525
0.40162277
0.40159547
0.40157133
0.4015508
0.4015342
0.40152192
0.40151426
0.40151116
0.4015127
0.40151897
0.40152997
0.40154558
0.40156555
0.4015892
0.40161577
0.40164405
0.40167224
0.4016987
0.40172157
0.4017392
0.40175062
0.40175495
0.4017523
0.40174294
0.4017276
0.40170723
0.4016835
0.4016582
0.40163323
0.40161046
0.40159142
0.40157726
0.40156886
0.4015663
0.4015693
0.4015769
0.40158793
0.40160093
0.40161407
0.40162587
0.401635
0.4016406
0.4016424
0.40164053
0.4016357
0.40162903
0.40162155
0.4016143
0.4016082
0.40160388
0.4016019
0.40160277
0.4016069
0.40161464
0.40162635
0.40164188
0.40166062
0.40168157
0.40170315
0.40172377
0.4017417
0.4017555
0.40176395
0.40176642
0.40176272
0.40175325
0.4017388
0.4017207
0.4017007
0.40168074
0.40166262
0.40164787
0.40163743
0.4016319
0.40163088
0.4016336
0.40163872
0.4016446
0.40164965
0.4016525
0.40165222
0.4016486
0.40164194
0.40163264
0.40162137
0.40160865
0.40159476
0.4015797
0.40156335
0.40154573
0.4015273
0.40150836
0.4014896
0.40147164
0.40145504
0.40144038
0.40142852
0.40141982
0.40141484
0.4014136
0.40141612
0.40142226
0.40143174
0.4014443
0.40145916
0.40147564
0.40149263
0.40150902
0.40152356
0.40153506
0.40154284
0.40154645
0.40154612
0.40154245
0.40153652
0.40152916
0.40152118
0.40151322
0.40150595
0.40149957
0.40149435
0.40149015
0.4014868
0.4014841
0.4014819
0.40148026
0.40147948
0.40147975
0.40148118
0.4014837
0.401487
0.40149084
0.40149504
0.4014997
0.40150478
0.4015106
0.40151715
0.40152448
0.4015326
0.40154085
0.40154877
0.40155572
0.40156096
0.40156433
0.40156573
0.40156534
0.40156376
0.40156138
0.40155864
0.40155587
0.40155318
0.40155068
0.4015483
0.40154612
0.4015444
0.40154347
0.40154338
0.40154433
0.4015461
0.4015486
0.40155163
0.40155518
0.40155944
0.4015649
0.40157214
0.4015817
0.401594
0.4016092
0.40162697
0.40164676
0.4016675
0.40168807
0.4017072
0.4017241
0.4017382
0.40174964
0.40175894
0.40176705
0.40177494
0.40178347
0.40179336
0.4018046
0.40181676
0.4018292
0.4018414
0.40185276
0.40186298
0.40187183
0.40187943
0.40188593
0.40189144
0.40189654
0.40190166
0.4019074
0.4019144
0.40192273
0.40193218
0.4019422
0.4019521
0.4019613
0.40196905
0.40197474
0.4019777
0.4019773
0.40197307
0.40196478
0.40195218
0.40193522
0.40191418
0.40188947
0.40186203
0.40183306
0.4018041
0.4017768
0.40175277
0.4017333
0.40171918
0.4017105
0.40170693
0.40170723
0.40171033
0.40171468
0.4017193
0.40172336
0.4017265
0.40172875
0.40173042
0.40173182
0.4017335
0.40173548
0.4017374
0.4017384
0.40173754
0.40173414
0.40172765
0.40171847
0.40170702
0.40169442
0.40168166
0.40166962
0.4016589
0.40164998
0.4016431
0.40163845
0.40163642
0.40163732
0.40164137
0.4016482
0.40165725
0.40166777
0.40167895
0.40169019
0.40170103
0.4017114
0.40172085
0.4017287
0.40173408
0.4017362
0.40173423
0.40172786
0.40171725
0.40170327
0.40168697
0.40166995
0.40165383
0.40163994
0.40162918
0.4016219
0.40161797
0.4016169
0.40161812
0.40162107
0.4016255
0.4016315
0.40163952
0.40164998
0.4016633
0.4016797
0.40169904
0.401721
0.40174484
0.4017695
0.4017937
0.40181616
0.4018357
0.40185156
0.40186283
0.40186918
0.4018705
0.40186688
0.4018589
0.4018475
0.4018338
0.40181923
0.40180522
0.4017928
0.40178284
0.4017755
0.4017706
0.40176743
0.40176502
0.40176246
0.40175885
0.40175375
0.40174747
0.4017404
0.40173346
0.40172768
0.40172383
0.40172222
0.40172282
0.40172496
0.40172836
0.40173244
0.4017373
0.40174294
0.40174985
0.40175813
0.40176812
0.40177935
0.40179124
0.40180284
0.401813
0.40182066
0.40182495
0.40182543
0.40182203
0.40181506
0.40180534
0.40179402
0.40178236
0.4017719
0.401764
0.40175956
0.40175906
0.4017619
0.401767
0.40177298
0.4017783
0.40178156
0.40178168
0.40177792
0.4017704
0.4017596
0.4017463
0.4017319
0.4017177
0.4017049
0.4016944
0.40168664
0.40168166
0.40167892
0.401678
0.40167832
0.40167952
0.40168083
0.40168184
0.40168208
0.40168184
0.40168124
0.40168104
0.40168154
0.40168342
0.40168706
0.40169275
0.40170106
0.40171203
0.40172535
0.40174034
0.401756
0.401771
0.40178406
0.40179425
0.40180078
0.4018033
0.40180203
0.40179715
0.40178946
0.4017797
0.40176904
0.4017584
0.4017489
0.40174112
0.40173516
0.40173075
0.4017269
0.4017225
0.40171638
0.40170744
0.40169498
0.4016786
0.40165842
0.40163523
0.4016103
0.4015854
0.40156198
0.4015415
0.401525
0.40151325
0.40150666
0.40150553
0.40150988
0.4015198
0.401535
0.40155506
0.40157914
0.401606
0.40163413
0.40166178
0.40168712
0.40170822
0.40172356
0.40173218
0.40173364
0.40172827
0.4017171
0.4017014
0.40168294
0.40166366
0.401645
0.40162846
0.40161526
0.4016061
0.40160125
0.4016007
0.40160406
0.4016107
0.40161955
0.4016296
0.40163967
0.40164906
0.40165713
0.40166375
0.40166885
0.4016722
0.40167373
0.40167278
0.40166903
0.40166184
0.4016513
0.40163764
0.40162194
0.40160558
0.40159014
0.40157717
0.40156785
0.4015631
0.40156317
0.40156803
0.40157703
0.40158895
0.40160254
0.4016162
0.4016282
0.40163696
0.40164122
0.40164015
0.40163362
0.40162203
0.4016062
0.40158707
0.401566
0.40154397
0.40152195
0.40150073
0.40148094
0.4014629
0.4014469
0.4014332
0.4014218
0.4014127
0.4014059
0.40140107
0.40139797
0.40139633
0.40139583
0.40139616
0.40139717
0.4013985
0.4014002
0.40140218
0.40140435
0.40140674
0.40140927
0.40141183
0.40141448
0.4014173
0.40142044
0.40142414
0.40142855
0.4014337
0.4014395
0.40144575
0.40145206
0.4014581
0.4014636
0.4014685
0.40147308
0.40147787
0.4014836
0.40149075
0.40149993
0.40151116
0.40152457
0.4015398
0.40155643
0.401574
0.40159178
0.40160903
0.40162486
0.4016384
0.40164885
0.40165612
0.4016604
0.4016621
0.40166166
0.4016594
0.4016554
0.40164974
0.40164232
0.4016335
0.4016238
0.40161416
0.4016056
0.40159908
0.4015951
0.40159386
0.40159476
0.40159687
0.40159914
0.40160036
0.40159974
0.401597
0.40159264
0.4015874
0.40158197
0.401577
0.40157315
0.40157077
0.40157005
0.40157112
0.40157393
0.4015782
0.4015833
0.40158862
0.40159306
0.40159598
0.40159672
0.40159535
0.4015925
0.4015887
0.40158468
0.40158102
0.4015781
0.40157613
0.4015752
0.40157503
0.40157545
0.40157598
0.40157628
0.40157598
0.40157455
0.40157175
0.40156767
0.4015624
0.40155655
0.40155044
0.4015445
0.40153894
0.40153363
0.40152845
0.40152287
0.40151656
0.4015093
0.40150148
0.40149316
0.4014847
0.4014764
0.40146863
0.40146163
0.4014553
0.40144983
0.40144518
0.4014415
0.40143892
0.40143728
0.4014367
0.40143698
0.40143803
0.4014398
0.40144247
0.40144622
0.40145102
0.4014571
0.40146428
0.40147275
0.4014828
0.40149486
0.40150896
0.4015251
0.40154308
0.4015623
0.40158212
0.40160194
0.4016208
0.40163773
0.4016519
0.4016628
0.40166995
0.4016731
0.4016722
0.40166783
0.4016606
0.40165156
0.4016416
0.40163183
0.401623
0.40161577
0.40161017
0.40160602
0.40160304
0.40160036
0.40159726
0.40159303
0.40158716
0.40157947
0.40157026
0.40156
0.4015493
0.4015387
0.4015286
0.4015191
0.40151066
0.40150338
0.40149724
0.40149245
0.40148896
0.40148672
0.40148574
0.40148613
0.4014879
0.40149096
0.40149528
0.40150085
0.40150765
0.40151605
0.4015262
0.4015383
0.40155205
0.4015672
0.40158314
0.401599
0.4016137
0.40162638
0.40163642
0.4016436
0.4016482
0.40165052
0.40165135
0.4016512
0.40165058
0.4016497
0.40164876
0.40164778
0.40164676
0.40164545
0.40164343
0.40164003
0.4016347
0.40162724
0.40161774
0.40160668
0.40159473
0.40158257
0.4015709
0.4015601
0.4015506
0.4015427
0.4015367
0.4015328
0.40153098
0.40153098
0.4015327
0.40153593
0.4015406
0.40154693
0.4015547
0.4015641
0.40157527
0.4015883
0.40160316
0.4016196
0.40163702
0.40165478
0.40167218
0.40168828
0.40170255
0.4017146
0.40172434
0.40173194
0.4017379
0.40174285
0.40174744
0.40175232
0.4017579
0.40176418
0.40177095
0.40177727
0.4017821
0.4017845
0.40178332
0.40177774
0.40176725
0.40175182
0.40173164
0.4017075
0.40168062
0.4016523
0.40162405
0.40159735
0.40157333
0.40155283
0.40153643
0.40152425
0.40151626
0.40151218
0.40151143
0.40151355
0.40151802
0.40152413
0.40153176
0.40154085
0.40155172
0.40156463
0.40157968
0.4015969
0.401616
0.4016365
0.40165767
0.4016784
0.40169743
0.40171376
0.4017263
0.40173483
0.4017392
0.40173978
0.4017369
0.40173116
0.40172327
0.40171376
0.40170333
0.4016926
0.40168196
0.40167177
0.40166244
0.4016546
0.40164885
0.40164557
0.40164465
0.40164542
0.40164703
0.40164816
0.40164787
0.40164545
0.40164095
0.40163475
0.40162763
0.4016206
0.4016145
0.40161029
0.4016086
0.40160987
0.4016143
0.40162206
0.40163276
0.4016459
0.40166092
0.40167767
0.40169668
0.40171966
0.40174943
0.4017908
0.40185025
0.40193683
0.40206265
0.40224445
0.40250656
0.40287825
0.40340182
0.40413493
0.4051557
0.40656948
0.40851745
0.41121954
0.4148981
0.4198621
0.4265847
0.43570775
0.4478434
