0.44268176
0.43221056
0.4243594
0.41845098
0.41404113
0.41078532
0.40839666
0.40663585
0.40534273
0.40439865
0.403708
0.40320352
0.40283522
0.40256616
0.4023694
0.40222526
0.40211955
0.402042
0.4019851
0.4019429
0.40191066
0.4018845
0.40186125
0.40183875
0.40181562
0.4017913
0.40176606
0.40174064
0.40171632
0.4016944
0.4016759
0.4016615
0.40165114
0.40164435
0.40164036
0.40163812
0.4016371
0.40163702
0.40163782
0.40163952
0.40164214
0.40164572
0.40165016
0.4016552
0.4016607
0.40166682
0.40167397
0.40168285
0.40169415
0.40170807
0.40172446
0.40174267
0.4017617
0.40178013
0.40179634
0.4018088
0.40181607
0.40181735
0.40181214
0.40180054
0.40178302
0.40176067
0.40173462
0.4017064
0.4016774
0.40164906
0.40162256
0.40159902
0.40157947
0.40156457
0.40155482
0.4015501
0.4015499
0.40155324
0.40155876
0.40156487
0.40156984
0.40157256
0.40157205
0.4015681
0.40156123
0.40155205
0.4015422
0.40153304
0.40152594
0.40152216
0.40152228
0.4015265
0.40153483
0.40154666
0.40156093
0.4015766
0.40159222
0.4016065
0.4016185
0.4016276
0.4016339
0.40163788
0.40164027
0.4016419
0.40164346
0.40164554
0.40164852
0.4016528
0.40165886
0.40166706
0.4016779
0.40169147
0.4017077
0.40172613
0.40174565
0.4017653
0.4017837
0.4017997
0.40181231
0.40182087
0.40182474
0.40182373
0.40181792
0.40180779
0.40179428
0.4017787
0.4017624
0.40174702
0.40173382
0.40172356
0.40171695
0.40171382
0.4017139
0.40171665
0.40172157
0.40172815
0.40173596
0.40174457
0.4017532
0.40176126
0.40176818
0.40177345
0.40177682
0.40177774
0.40177596
0.40177107
0.40176317
0.4017525
0.40173978
0.40172613
0.40171292
0.4017015
0.40169305
0.40168804
0.40168652
0.4016878
0.4016911
0.4016953
0.4016998
0.40170437
0.40170908
0.40171432
0.4017204
0.40172735
0.40173513
0.4017431
0.40175036
0.4017559
0.40175882
0.40175834
0.4017542
0.40174636
0.40173534
0.40172184
0.40170678
0.40169117
0.40167567
0.40166062
0.40164614
0.40163222
0.40161937
0.40160817
0.40159953
0.40159422
0.4015928
0.40159535
0.40160152
0.40161043
0.4016208
0.40163115
0.40163958
0.40164474
0.40164575
0.40164238
0.40163496
0.4016245
0.4016125
0.4016005
0.40159032
0.4015834
0.40158084
0.40158337
0.4015915
0.4016051
0.40162373
0.4016466
0.4016725
0.40169972
0.4017264
0.40175056
0.40177056
0.40178517
0.4017934
0.40179497
0.40179002
0.4017792
0.40176377
0.401745
0.40172467
0.4017045
0.40168598
0.40167025
0.4016579
0.40164924
0.40164393
0.4016417
0.4016418
0.40164322
0.40164518
0.40164703
0.40164804
0.40164775
0.40164545
0.40164074
0.40163332
0.40162355
0.40161222
0.40160063
0.40159014
0.40158212
0.4015775
0.40157703
0.40158087
0.4015893
0.4016022
0.40161934
0.4016406
0.40166637
0.40169796
0.4017378
0.40179005
0.4018607
0.40195826
0.40209404
0.4022842
0.40255183
0.40292564
0.40344745
0.4041748
0.40518633
0.40658888
0.4085248
0.41121554
0.41488543
0.4198438
0.42656353
0.43568793
0.44782782
