0.44254488
0.43203124
0.42414322
0.41820255
0.41376543
0.41048643
0.40808046
0.40630642
0.40500295
0.404051
0.40335438
0.4028451
0.40247303
0.40220115
0.40200275
0.40185833
0.4017537
0.4016786
0.40162545
0.40158856
0.40156353
0.40154704
0.40153638
0.40152916
0.4015238
0.40151903
0.40151426
0.40150928
0.4015043
0.40149948
0.401495
0.4014912
0.4014885
0.40148744
0.4014887
0.40149286
0.40150025
0.4015108
0.40152448
0.4015408
0.40155903
0.40157855
0.4015986
0.4016184
0.40163702
0.40165368
0.4016673
0.4016769
0.40168193
0.40168202
0.40167746
0.40166888
0.40165707
0.40164307
0.40162772
0.40161178
0.40159622
0.40158162
0.40156856
0.4015573
0.40154782
0.40153995
0.40153363
0.40152878
0.40152535
0.4015233
0.40152228
0.40152192
0.40152165
0.40152094
0.40151936
0.40151685
0.40151376
0.40151092
0.40150955
0.40151075
0.4015157
0.40152526
0.40153986
0.40155926
0.40158275
0.40160912
0.40163675
0.40166366
0.401688
0.40170842
0.40172356
0.40173292
0.40173635
0.4017342
0.40172732
0.40171698
0.4017046
0.40169168
0.40167922
0.40166792
0.4016579
0.4016489
0.40164003
0.40163007
0.40161827
0.4016042
0.4015878
0.40156943
0.40154985
0.40152994
0.40151072
0.40149286
0.40147668
0.40146223
0.40144917
0.401437
0.40142536
0.40141386
0.40140277
0.40139234
0.40138298
0.40137514
0.40136912
0.40136537
0.4013642
0.40136597
0.40137082
0.401379
0.40139052
0.40140548
0.40142378
0.40144524
0.40146944
0.40149575
0.4015231
0.40155008
0.40157512
0.40159625
0.4016119
0.40162084
0.4016227
0.40161774
0.4016068
0.40159115
0.40157261
0.40155283
0.4015333
0.40151533
0.40149987
0.40148777
0.40147963
0.40147588
0.40147695
0.40148294
0.40149367
0.4015087
0.40152735
0.40154877
0.401572
0.40159577
0.40161884
0.40164018
0.40165913
0.40167552
0.4016897
0.40170226
0.4017137
0.40172425
0.40173364
0.40174115
0.40174615
0.40174803
0.4017464
0.4017413
0.4017332
0.4017229
0.40171146
0.40170026
0.40169063
0.40168372
0.40168032
0.4016809
0.40168533
0.4016934
0.40170476
0.40171906
0.40173602
0.401755
0.40177536
0.401796
0.4018157
0.40183336
0.4018478
0.40185818
0.40186432
0.4018659
0.40186295
0.4018557
0.40184456
0.40182984
0.40181217
0.4017922
0.40177056
0.4017478
0.4017242
0.4017
0.4016755
0.4016511
0.4016272
0.4016044
0.4015833
0.4015644
0.40154797
0.4015341
0.4015226
0.40151316
0.4015052
0.4014982
0.40149206
0.40148672
0.40148252
0.4014798
0.40147898
0.40148026
0.40148357
0.40148905
0.40149668
0.40150622
0.4015174
0.4015298
0.4015427
0.40155542
0.40156758
0.40157914
0.40159032
0.40160125
0.40161222
0.40162298
0.4016329
0.40164095
0.4016459
0.4016465
0.40164202
0.40163234
0.40161777
0.40159938
0.40157866
0.40155756
0.40153787
0.40152103
0.4015083
0.40150046
0.40149805
0.4015012
0.40150976
0.4015233
0.40154114
0.4015625
0.4015864
0.40161166
0.40163675
0.4016599
0.40167928
0.4016933
0.401701
0.40170163
0.40169528
0.40168247
0.40166438
0.40164265
0.40161914
0.40159577
0.40157416
0.40155578
0.40154147
0.40153158
0.40152636
0.40152553
0.40152898
0.40153652
0.4015481
0.4015635
0.4015826
0.40160525
0.40163115
0.40165967
0.40168995
0.40172067
0.4017506
0.40177858
0.40180346
0.4018245
0.40184113
0.40185302
0.40186015
0.4018627
0.40186098
0.4018552
0.40184572
0.40183294
0.4018171
0.4017988
0.40177858
0.40175718
0.40173557
0.40171462
0.4016953
0.40167838
0.40166417
0.40165263
0.4016433
0.4016354
0.4016282
0.4016209
0.4016132
0.401605
0.40159655
0.40158808
0.40157974
0.4015716
0.4015639
0.40155682
0.40155074
0.40154618
0.40154323
0.401542
0.40154243
0.40154448
0.4015483
0.40155384
0.40156075
0.40156847
0.40157607
0.40158257
0.40158683
0.40158805
0.40158615
0.40158147
0.40157488
0.40156743
0.40156004
0.40155354
0.4015484
0.40154508
0.4015439
0.40154517
0.40154904
0.4015555
0.4015641
0.40157437
0.40158546
0.40159628
0.401606
0.40161383
0.4016196
0.40162373
0.40162683
0.4016296
0.4016326
0.40163597
0.40163958
0.4016429
0.40164557
0.40164733
0.40164846
0.40164945
0.40165126
0.40165478
0.40166098
0.40167055
0.40168387
0.40170056
0.40171996
0.40174088
0.40176162
0.4017805
0.40179583
0.4018064
0.40181136
0.4018104
0.40180382
0.40179232
0.4017773
0.4017602
0.4017427
0.4017265
0.40171286
0.40170243
0.40169567
0.40169233
0.40169212
0.40169418
0.40169775
0.40170223
0.4017073
0.40171292
0.40171924
0.40172613
0.40173316
0.40173954
0.4017443
0.40174672
0.40174648
0.40174362
0.4017388
0.40173304
0.40172756
0.40172374
0.40172282
0.40172565
0.4017326
0.40174356
0.40175804
0.40177476
0.4017922
0.4018085
0.4018221
0.40183163
0.40183622
0.4018352
0.40182835
0.40181544
0.40179664
0.40177232
0.40174314
0.40171036
0.40167552
0.40164018
0.4016062
0.40157512
0.40154842
0.40152723
0.4015123
0.40150407
0.40150252
0.40150738
0.40151805
0.40153372
0.4015539
0.4015778
0.40160456
0.40163305
0.40166178
0.40168917
0.40171337
0.40173277
0.40174636
0.40175343
0.40175402
0.40174866
0.40173826
0.40172425
0.40170807
0.40169114
0.40167478
0.40166
0.4016475
0.4016376
0.40163
0.40162438
0.40162027
0.4016173
0.40161526
0.40161377
0.40161276
0.40161192
0.40161106
0.40161005
0.40160835
0.4016057
0.40160188
0.40159723
0.40159237
0.40158832
0.4015861
0.40158665
0.40159076
0.401599
0.40161127
0.40162706
0.40164518
0.4016643
0.40168256
0.40169817
0.40170974
0.4017162
0.40171745
0.40171382
0.4017065
0.401697
0.4016872
0.40167898
0.40167373
0.4016727
0.40167627
0.40168455
0.4016971
0.40171304
0.40173116
0.40175018
0.40176845
0.4017845
0.40179697
0.40180463
0.40180668
0.40180257
0.4017921
0.40177557
0.4017535
0.4017269
0.40169683
0.4016651
0.40163305
0.4016026
0.40157515
0.40155175
0.40153328
0.40152013
0.40151244
0.40151006
0.4015129
0.4015204
0.40153214
0.4015473
0.4015653
0.4015854
0.40160707
0.4016304
0.4016559
0.401685
0.4017197
0.40176344
0.40182093
0.40189862
0.40200496
0.40215144
0.40235403
0.40263513
0.40302342
0.40355954
0.40430027
0.40532273
0.40673253
0.40867126
0.41135925
0.41502148
0.41996747
0.4266699
0.43577358
0.44789055
