0.4425724
0.43206733
0.4241871
0.4182539
0.41382426
0.41055295
0.40815437
0.40638736
0.4050902
0.40414384
0.4034518
0.4029465
0.40257794
0.4023095
0.40211403
0.4019716
0.40186748
0.40179068
0.40173304
0.40168872
0.40165368
0.40162528
0.40160212
0.40158352
0.40156904
0.40155822
0.40155053
0.40154532
0.40154165
0.40153876
0.4015362
0.40153396
0.40153253
0.4015324
0.40153405
0.4015375
0.4015426
0.40154892
0.40155575
0.40156257
0.40156913
0.40157545
0.40158173
0.40158817
0.40159476
0.40160134
0.40160757
0.4016128
0.40161675
0.4016194
0.40162086
0.40162152
0.40162164
0.4016215
0.40162116
0.4016207
0.4016201
0.40161955
0.4016194
0.40161988
0.40162116
0.4016232
0.4016256
0.4016278
0.40162873
0.40162745
0.4016232
0.40161556
0.40160468
0.401591
0.4015754
0.40155926
0.40154403
0.40153113
0.4015215
0.4015157
0.40151381
0.40151575
0.40152076
0.40152815
0.40153697
0.40154663
0.40155652
0.40156642
0.4015764
0.40158683
0.40159827
0.4016115
0.40162686
0.40164423
0.4016633
0.40168312
0.4017024
0.40172005
0.401735
0.40174672
0.4017554
0.40176153
0.4017659
0.40176925
0.4017721
0.40177444
0.4017758
0.40177554
0.4017729
0.40176728
0.4017584
0.40174624
0.4017313
0.40171444
0.40169695
0.40168047
0.40166646
0.4016565
0.40165126
0.40165135
0.40165657
0.40166616
0.4016791
0.4016943
0.4017106
0.40172747
0.4017446
0.401762
0.40177938
0.40179634
0.40181214
0.40182605
0.40183738
0.40184578
0.4018513
0.4018542
0.40185508
0.40185475
0.40185407
0.40185353
0.4018537
0.40185472
0.4018561
0.40185744
0.40185785
0.40185666
0.4018531
0.40184656
0.40183654
0.4018229
0.40180555
0.40178493
0.40176183
0.40173742
0.40171307
0.40169033
0.40167055
0.40165493
0.401644
0.4016378
0.40163618
0.40163854
0.40164408
0.4016518
0.40166065
0.4016698
0.40167865
0.40168697
0.4016946
0.40170145
0.40170702
0.40171096
0.40171233
0.40171087
0.4017063
0.40169874
0.40168864
0.40167654
0.40166306
0.40164888
0.40163437
0.40161985
0.40160578
0.4015924
0.40158042
0.40157035
0.40156275
0.4015578
0.40155533
0.40155497
0.40155596
0.40155733
0.40155804
0.4015571
0.40155396
0.40154856
0.40154123
0.40153277
0.40152407
0.4015159
0.40150887
0.4015034
0.4014998
0.40149832
0.401499
0.40150192
0.40150702
0.40151381
0.40152186
0.40153039
0.40153846
0.40154517
0.40154976
0.40155172
0.4015512
0.40154874
0.40154523
0.4015416
0.4015387
0.40153706
0.4015372
0.4015394
0.40154386
0.4015503
0.4015582
0.40156662
0.4015746
0.4015808
0.4015841
0.4015836
0.40157923
0.40157118
0.4015605
0.40154815
0.40153533
0.40152302
0.40151185
0.40150252
0.40149522
0.40149
0.40148672
0.4014851
0.4014846
0.4014851
0.40148622
0.40148777
0.40148973
0.40149212
0.40149495
0.4014981
0.40150177
0.40150616
0.40151167
0.40151873
0.40152764
0.40153876
0.40155232
0.40156826
0.4015862
0.40160576
0.4016262
0.40164658
0.40166655
0.40168568
0.40170377
0.40172035
0.40173483
0.4017465
0.40175483
0.4017595
0.4017608
0.4017592
0.4017557
0.40175092
0.40174532
0.40173903
0.4017318
0.40172356
0.40171465
0.40170527
0.4016961
0.401688
0.40168193
0.4016784
0.40167764
0.4016792
0.40168256
0.40168694
0.40169182
0.40169704
0.40170267
0.4017088
0.40171528
0.40172178
0.40172753
0.4017318
0.40173364
0.40173274
0.40172908
0.40172315
0.40171564
0.40170756
0.40169984
0.4016932
0.40168798
0.40168455
0.40168333
0.40168428
0.4016874
0.40169248
0.40169963
0.40170884
0.40172037
0.40173417
0.40174997
0.40176708
0.40178442
0.40180075
0.40181497
0.4018261
0.40183356
0.40183643
0.40183464
0.40182808
0.4018169
0.40180147
0.40178242
0.40176055
0.4017368
0.40171236
0.40168855
0.40166652
0.4016476
0.40163243
0.40162152
0.40161476
0.40161148
0.4016107
0.40161115
0.40161166
0.40161133
0.40160918
0.40160477
0.40159762
0.4015878
0.40157583
0.4015626
0.40154916
0.40153635
0.40152454
0.4015141
0.40150473
0.40149608
0.40148768
0.4014794
0.40147138
0.40146402
0.40145794
0.40145344
0.4014509
0.40145054
0.40145248
0.40145668
0.40146267
0.40146998
0.40147755
0.4014846
0.4014903
0.401494
0.4014956
0.40149528
0.40149346
0.40149036
0.40148625
0.40148112
0.40147483
0.40146747
0.40145928
0.40145087
0.40144292
0.4014361
0.4014308
0.40142754
0.4014266
0.40142822
0.40143266
0.40143996
0.40145025
0.40146354
0.40147996
0.40149942
0.40152174
0.4015464
0.4015725
0.40159887
0.4016242
0.40164676
0.4016654
0.40167886
0.4016868
0.4016889
0.40168568
0.401678
0.40166706
0.40165415
0.40164086
0.4016284
0.4016179
0.4016104
0.40160677
0.40160757
0.40161303
0.40162337
0.40163824
0.40165734
0.40167978
0.40170446
0.4017299
0.40175453
0.40177658
0.40179476
0.40180793
0.40181544
0.40181693
0.4018125
0.4018024
0.40178728
0.40176812
0.4017461
0.40172264
0.40169904
0.40167654
0.40165597
0.40163788
0.40162244
0.40160975
0.40159962
0.4015918
0.40158594
0.40158153
0.4015778
0.40157428
0.40157065
0.40156683
0.4015629
0.40155932
0.4015564
0.4015546
0.40155435
0.4015561
0.40155983
0.40156573
0.40157324
0.40158203
0.4015912
0.40160015
0.401608
0.40161398
0.40161738
0.4016178
0.40161523
0.40160996
0.401602
0.40159175
0.40157956
0.40156594
0.40155157
0.4015372
0.4015237
0.40151176
0.4015021
0.40149516
0.40149137
0.40149096
0.40149415
0.401501
0.40151173
0.4015263
0.4015445
0.40156648
0.40159175
0.40161988
0.40164986
0.40168056
0.40171048
0.40173814
0.40176255
0.4017827
0.40179822
0.40180886
0.40181458
0.4018153
0.4018112
0.4018025
0.40178978
0.40177366
0.4017549
0.40173438
0.40171334
0.40169284
0.40167397
0.40165752
0.40164378
0.4016325
0.40162364
0.40161654
0.4016112
0.40160757
0.4016059
0.40160647
0.4016095
0.401615
0.4016224
0.40163133
0.401641
0.40165067
0.4016599
0.40166816
0.4016751
0.40168035
0.40168354
0.4016846
0.40168363
0.40168107
0.40167728
0.4016729
0.40166852
0.4016651
0.401663
0.4016627
0.40166414
0.40166673
0.40166962
0.40167162
0.40167147
0.40166828
0.40166172
0.401652
0.40163973
0.40162608
0.40161192
0.4015982
0.4015856
0.40157488
0.40156686
0.40156236
0.40156212
0.40156665
0.40157613
0.40159023
0.4016086
0.40163028
0.40165395
0.40167806
0.4017007
0.4017198
0.40173373
0.40174118
0.4017416
0.4017351
0.40172243
0.4017049
0.4016839
0.40166137
0.40163898
0.4016186
0.40160158
0.40158895
0.4015815
0.40157944
0.40158275
0.401591
0.40160337
0.40161917
0.40163732
0.40165672
0.401676
0.40169367
0.40170854
0.40171993
0.40172756
0.4017319
0.40173388
0.40173456
0.4017353
0.40173724
0.4017412
0.40174744
0.4017557
0.40176496
0.401774
0.4017817
0.40178725
0.40179017
0.40179038
0.40178844
0.40178522
0.401782
0.4017804
0.4017817
0.40178686
0.4017962
0.40180948
0.40182588
0.4018442
0.40186313
0.40188128
0.4018976
0.40191117
0.4019212
0.40192708
0.40192845
0.40192518
0.4019174
0.40190533
0.40188935
0.40186977
0.40184727
0.4018223
0.40179548
0.4017676
0.40173948
0.4017116
0.40168437
0.4016579
0.4016325
0.4016085
0.40158674
0.40156817
0.4015539
0.40154472
0.4015412
0.40154365
0.4015519
0.4015656
0.40158415
0.4016067
0.40163213
0.40165916
0.40168664
0.4017135
0.40173873
0.40176123
0.4017797
0.4017931
0.40180054
0.40180182
0.40179694
0.40178645
0.40177095
0.40175125
0.40172827
0.40170297
0.40167636
0.40164956
0.40162385
0.40160048
0.40158045
0.40156457
0.4015532
0.40154633
0.4015438
0.40154484
0.40154874
0.4015546
0.40156138
0.40156817
0.40157422
0.4015791
0.40158254
0.4015844
0.40158454
0.4015829
0.40157956
0.40157494
0.4015694
0.4015633
0.40155685
0.4015502
0.40154344
0.40153652
0.4015296
0.4015227
0.40151578
0.40150905
0.4015029
0.40149787
0.40149468
0.4014939
0.40149605
0.40150127
0.40150946
0.40152037
0.4015334
0.40154815
0.40156394
0.40158024
0.40159613
0.4016106
0.40162283
0.40163207
0.40163827
0.40164182
0.40164343
0.4016441
0.40164497
0.40164676
0.4016503
0.40165615
0.4016645
0.40167543
0.4016883
0.40170208
0.40171528
0.40172672
0.40173528
0.4017401
0.4017409
0.40173784
0.40173152
0.40172246
0.40171158
0.4016992
0.4016855
0.40167052
0.40165424
0.40163702
0.4016196
0.40160304
0.4015889
0.40157828
0.4015722
0.40157107
0.4015747
0.40158245
0.4015932
0.4016056
0.40161812
0.40162972
0.4016394
0.40164676
0.4016515
0.40165347
0.40165237
0.40164793
0.40164
0.40162873
0.40161458
0.40159798
0.40157968
0.4015603
0.40154043
0.40152076
0.4015023
0.40148577
0.40147173
0.4014605
0.4014525
0.40144768
0.40144607
0.40144756
0.40145186
0.4014585
0.40146694
0.4014767
0.40148735
0.40149832
0.40150926
0.40151954
0.4015287
0.4015361
0.4015412
0.40154415
0.401545
0.40154448
0.40154356
0.40154317
0.4015443
0.40154767
0.40155372
0.40156263
0.40157422
0.40158793
0.40160304
0.4016184
0.4016325
0.40164417
0.40165222
0.40165597
0.40165532
0.40165043
0.4016419
0.4016308
0.40161836
0.40160576
0.4015942
0.40158463
0.40157768
0.40157387
0.40157312
0.4015752
0.4015796
0.40158525
0.40159103
0.40159604
0.4015996
0.40160152
0.40160212
0.40160188
0.40160155
0.40160167
0.40160286
0.40160552
0.40160963
0.40161493
0.40162098
0.40162677
0.4016312
0.40163305
0.4016314
0.40162602
0.4016171
0.40160546
0.40159202
0.4015778
0.40156388
0.4015513
0.401541
0.4015337
0.40152985
0.4015296
0.40153298
0.40153962
0.40154904
0.4015606
0.4015735
0.40158695
0.40160006
0.401612
0.40162238
0.40163097
0.40163794
0.40164348
0.4016479
0.40165108
0.40165305
0.40165386
0.40165338
0.40165177
0.4016491
0.40164554
0.4016416
0.40163836
0.40163702
0.40163887
0.40164512
0.4016563
0.40167272
0.40169406
0.4017195
0.40174776
0.40177727
0.4018063
0.40183347
0.40185753
0.4018775
0.40189272
0.40190297
0.40190828
0.40190884
0.40190533
0.40189835
0.4018891
0.4018783
0.40186706
0.401856
0.40184557
0.40183568
0.40182593
0.4018159
0.4018049
0.4017929
0.40177992
0.4017662
0.4017526
0.40173966
0.401728
0.4017184
0.40171134
0.40170744
0.40170684
0.40170935
0.40171453
0.40172157
0.40172938
0.40173706
0.40174386
0.4017495
0.40175378
0.40175706
0.40175942
0.40176105
0.40176198
0.40176213
0.40176135
0.401759
0.40175465
0.40174785
0.40173858
0.40172708
0.40171382
0.4016998
0.40168616
0.40167427
0.4016654
0.40166044
0.4016606
0.40166637
0.40167823
0.4016964
0.40172112
0.40175253
0.40179104
0.4018374
0.4018932
0.4019613
0.4020465
0.40215608
0.4023007
0.40249598
0.40276602
0.40314016
0.4036607
0.40438578
0.4053937
0.40679058
0.40871835
0.41139683
0.4150514
0.41999093
0.42668742
0.43578655
0.44789967
