0.44263452
0.43215102
0.42429188
0.4183798
0.41397017
0.41071752
0.40833408
0.40657943
0.40529248
0.40435383
0.4036673
0.40316498
0.4027964
0.402524
0.4023202
0.40216482
0.40204355
0.40194622
0.40186617
0.40179902
0.40174213
0.40169397
0.40165332
0.40161926
0.40159073
0.4015666
0.40154558
0.40152693
0.4015103
0.4014959
0.4014843
0.401476
0.40147147
0.40147093
0.4014746
0.40148225
0.40149367
0.401508
0.40152448
0.40154198
0.40155923
0.4015752
0.40158886
0.40159988
0.40160832
0.40161473
0.4016198
0.4016245
0.40162936
0.4016345
0.4016401
0.40164572
0.4016511
0.4016558
0.40165925
0.40166095
0.4016607
0.40165836
0.40165418
0.40164864
0.40164256
0.40163666
0.40163153
0.40162772
0.40162542
0.40162465
0.40162516
0.40162632
0.40162727
0.4016273
0.4016259
0.4016232
0.40161934
0.401615
0.40161076
0.40160725
0.40160453
0.40160248
0.4016007
0.40159842
0.40159497
0.4015897
0.40158242
0.40157318
0.40156248
0.40155077
0.40153867
0.40152645
0.40151456
0.40150344
0.40149346
0.40148473
0.40147725
0.40147102
0.4014659
0.4014618
0.40145895
0.401457
0.40145573
0.40145466
0.4014534
0.40145156
0.40144917
0.40144667
0.40144464
0.40144384
0.4014451
0.40144914
0.40145686
0.40146896
0.401486
0.40150818
0.40153533
0.40156695
0.40160212
0.40163952
0.4016775
0.4017142
0.40174776
0.40177664
0.40179962
0.40181574
0.40182456
0.40182582
0.4018198
0.40180734
0.4017895
0.40176752
0.40174308
0.40171745
0.40169197
0.4016677
0.40164545
0.4016257
0.4016085
0.40159398
0.4015824
0.40157384
0.40156856
0.4015666
0.4015677
0.40157145
0.40157685
0.40158272
0.40158784
0.40159112
0.40159187
0.40159008
0.40158617
0.40158108
0.40157598
0.40157163
0.40156877
0.4015678
0.4015689
0.40157193
0.4015771
0.40158427
0.4015933
0.40160382
0.40161532
0.40162715
0.40163884
0.4016501
0.4016604
0.40166956
0.40167698
0.4016821
0.40168408
0.40168267
0.4016779
0.4016698
0.40165895
0.40164572
0.40163076
0.4016148
0.40159887
0.401584
0.40157127
0.4015616
0.4015556
0.40155372
0.40155622
0.401563
0.401574
0.40158856
0.40160605
0.4016256
0.40164605
0.4016661
0.40168422
0.40169907
0.4017095
0.40171468
0.40171444
0.4017091
0.40169933
0.40168628
0.40167114
0.4016555
0.40164077
0.40162832
0.40161872
0.40161225
0.4016086
0.40160707
0.40160647
0.40160593
0.40160468
0.4016025
0.4015998
0.40159705
0.40159512
0.40159458
0.4015956
0.4015981
0.40160155
0.40160516
0.40160823
0.4016103
0.4016115
0.40161234
0.40161362
0.4016161
0.40162033
0.40162635
0.4016339
0.401642
0.40164965
0.4016555
0.4016588
0.4016591
0.4016564
0.40165132
0.4016447
0.40163746
0.4016302
0.40162364
0.4016179
0.40161344
0.40161058
0.40160993
0.40161166
0.40161595
0.40162244
0.4016307
0.4016399
0.40164965
0.4016594
0.40166876
0.40167713
0.40168372
0.40168813
0.4016901
0.40168962
0.40168694
0.40168267
0.4016773
0.4016715
0.40166587
0.40166107
0.4016576
0.40165582
0.4016558
0.40165707
0.40165895
0.40166062
0.40166128
0.40166047
0.40165806
0.40165418
0.40164906
0.4016429
0.401636
0.40162838
0.4016203
0.40161207
0.40160415
0.40159687
0.40159062
0.40158528
0.40158075
0.4015767
0.40157264
0.40156814
0.40156272
0.40155637
0.401549
0.40154076
0.40153158
0.40152153
0.40151098
0.40150058
0.40149102
0.40148306
0.40147734
0.40147424
0.401474
0.40147683
0.401483
0.40149257
0.40150535
0.40152094
0.40153843
0.40155676
0.40157455
0.40159044
0.4016036
0.4016137
0.40162122
0.4016276
0.40163496
0.4016462
0.40166473
0.4016946
0.40174073
0.40180942
0.4019085
0.40204886
0.40224597
0.40252146
0.40290353
0.40343288
0.40416658
0.4051826
0.40658736
0.40852365
0.41121316
0.41488132
0.41983816
0.42655715
0.4356819
0.4478232
