0.4425364
0.4320208
0.4241322
0.4181925
0.4137583
0.4104844
0.40808558
0.40632054
0.4050278
0.40408775
0.4034035
0.40290663
0.40254632
0.40228486
0.40209407
0.40195343
0.4018483
0.4017687
0.40170807
0.40166232
0.40162894
0.4016062
0.40159267
0.4015872
0.40158835
0.4015947
0.40160447
0.40161598
0.40162757
0.40163812
0.40164706
0.40165427
0.40166003
0.4016647
0.40166858
0.40167186
0.40167472
0.40167686
0.4016783
0.40167883
0.4016786
0.40167764
0.40167606
0.40167373
0.4016705
0.401666
0.40166017
0.40165335
0.40164623
0.4016399
0.40163562
0.40163434
0.4016369
0.40164378
0.40165463
0.40166903
0.40168568
0.40170315
0.4017198
0.4017342
0.40174505
0.40175182
0.40175414
0.40175214
0.4017462
0.40173703
0.4017252
0.40171155
0.40169695
0.4016826
0.40166962
0.4016593
0.40165284
0.401651
0.40165418
0.40166193
0.40167356
0.40168738
0.40170178
0.401715
0.40172586
0.40173364
0.40173814
0.40174013
0.40174046
0.40174034
0.40174055
0.40174156
0.40174362
0.40174648
0.40174988
0.40175378
0.401758
0.40176246
0.40176693
0.4017704
0.40177187
0.40177023
0.4017647
0.40175486
0.40174082
0.4017234
0.40170375
0.40168372
0.40166473
0.40164813
0.40163466
0.4016246
0.40161747
0.40161237
0.401608
0.40160352
0.40159813
0.40159166
0.4015843
0.40157652
0.4015687
0.40156147
0.40155518
0.40155014
0.4015466
0.4015445
0.4015438
0.40154415
0.40154582
0.40154892
0.4015538
0.40156072
0.40156975
0.40158054
0.4015923
0.40160412
0.40161493
0.4016241
0.40163133
0.4016368
0.4016412
0.40164524
0.4016496
0.4016546
0.40166017
0.40166587
0.40167117
0.40167552
0.4016786
0.40168047
0.40168136
0.40168187
0.4016825
0.40168348
0.4016851
0.40168694
0.4016887
0.40168983
0.40168992
0.4016887
0.40168643
0.4016837
0.4016809
0.4016785
0.4016762
0.40167361
0.4016699
0.40166435
0.40165666
0.4016466
0.4016346
0.40162137
0.40160796
0.40159538
0.40158468
0.4015764
0.4015708
0.4015677
0.40156686
0.40156752
0.40156883
0.40156972
0.40156922
0.40156648
0.40156096
0.4015528
0.4015421
0.4015293
0.40151516
0.40150025
0.4014853
0.4014711
0.4014586
0.40144864
0.401442
0.40143898
0.40143967
0.40144378
0.4014508
0.40146023
0.4014712
0.4014829
0.40149418
0.40150416
0.40151173
0.40151605
0.4015169
0.4015146
0.40150982
0.40150356
0.40149674
0.40149015
0.4014842
0.40147924
0.40147522
0.40147203
0.40146968
0.40146795
0.40146694
0.40146667
0.40146726
0.40146855
0.40147027
0.40147233
0.40147454
0.4014772
0.40148085
0.4014861
0.40149328
0.40150255
0.40151373
0.40152645
0.40154004
0.40155354
0.4015658
0.4015758
0.40158263
0.4015857
0.40158495
0.40158084
0.40157425
0.4015664
0.40155858
0.40155178
0.40154696
0.4015444
0.40154418
0.4015459
0.40154883
0.40155205
0.4015545
0.40155548
0.4015548
0.40155253
0.40154934
0.40154606
0.40154365
0.40154287
0.4015444
0.40154848
0.4015554
0.40156496
0.4015769
0.40159068
0.4016057
0.4016214
0.40163702
0.40165162
0.40166458
0.40167502
0.4016826
0.40168718
0.40168914
0.4016891
0.40168795
0.4016865
0.40168577
0.4016868
0.40168995
0.40169528
0.40170223
0.4017099
0.40171725
0.4017232
0.4017272
0.40172884
0.40172815
0.40172544
0.40172118
0.40171605
0.4017103
0.40170392
0.40169668
0.40168792
0.40167716
0.40166432
0.40164933
0.4016326
0.40161481
0.40159693
0.40158
0.40156487
0.40155208
0.40154165
0.40153357
0.4015275
0.4015231
0.40152013
0.4015182
0.401517
0.40151605
0.40151483
0.4015129
0.40151033
0.40150753
0.40150526
0.40150452
0.40150604
0.40151066
0.4015191
0.4015319
0.40154925
0.40157118
0.40159735
0.4016272
0.40165955
0.40169296
0.40172547
0.40175498
0.40177962
0.40179798
0.40180922
0.40181306
0.40180996
0.4018007
0.40178663
0.40176928
0.40175003
0.40173057
0.40171212
0.40169594
0.40168276
0.40167302
0.40166664
0.4016635
0.40166304
0.4016646
0.4016671
0.40166935
0.40166998
0.40166822
0.40166327
0.40165505
0.401644
0.40163085
0.40161648
0.40160185
0.40158758
0.4015741
0.40156168
0.40155056
0.40154123
0.40153396
0.40152916
0.40152678
0.40152654
0.40152812
0.40153083
0.40153414
0.40153787
0.40154198
0.40154687
0.4015529
0.4015602
0.40156853
0.4015772
0.40158528
0.4015916
0.40159512
0.40159553
0.40159276
0.40158746
0.40158075
0.40157387
0.40156758
0.40156284
0.40155986
0.4015585
0.4015584
0.4015589
0.4015596
0.40155974
0.40155914
0.4015577
0.40155575
0.4015538
0.40155256
0.4015525
0.40155387
0.40155682
0.4015613
0.4015671
0.4015741
0.40158203
0.40159076
0.4016002
0.40160993
0.4016192
0.4016271
0.40163237
0.4016342
0.40163216
0.40162644
0.4016179
0.40160775
0.40159747
0.40158844
0.40158182
0.40157837
0.4015782
0.40158108
0.4015865
0.40159327
0.40160066
0.4016077
0.40161377
0.40161866
0.40162253
0.40162602
0.40162987
0.40163487
0.40164173
0.401651
0.4016629
0.40167722
0.4016938
0.4017124
0.40173298
0.4017553
0.40177894
0.40180334
0.40182757
0.40185085
0.4018722
0.40189084
0.40190598
0.4019169
0.4019234
0.4019252
0.40192235
0.40191472
0.40190247
0.4018859
0.40186563
0.40184245
0.40181735
0.4017915
0.40176615
0.4017425
0.40172154
0.40170375
0.40168962
0.4016793
0.4016731
0.401671
0.4016724
0.40167645
0.40168193
0.40168747
0.40169206
0.40169504
0.40169644
0.4016966
0.4016964
0.401697
0.4016993
0.401704
0.4017115
0.4017216
0.4017343
0.40174928
0.4017663
0.40178466
0.40180358
0.40182218
0.4018397
0.40185547
0.401869
0.40188026
0.40188923
0.4018959
0.40190032
0.40190247
0.40190205
0.4018988
0.4018923
0.4018823
0.4018688
0.40185195
0.40183228
0.40181062
0.40178782
0.4017652
0.40174386
0.40172482
0.40170866
0.40169522
0.4016841
0.40167454
0.40166554
0.40165648
0.401647
0.40163723
0.4016275
0.40161797
0.40160885
0.40160006
0.4015915
0.40158308
0.40157443
0.4015654
0.40155593
0.40154624
0.40153673
0.4015279
0.40152028
0.4015143
0.4015106
0.4015096
0.40151152
0.4015163
0.40152365
0.40153337
0.4015448
0.4015573
0.40156993
0.40158197
0.40159306
0.40160316
0.4016128
0.4016226
0.4016333
0.4016453
0.4016589
0.4016738
0.40168962
0.4017056
0.401721
0.40173465
0.4017456
0.4017531
0.40175685
0.40175688
0.40175352
0.4017473
0.40173903
0.40172943
0.40171924
0.40170905
0.40169933
0.40169036
0.4016823
0.4016748
0.40166742
0.40165946
0.40165076
0.40164122
0.4016312
0.40162134
0.40161207
0.4016039
0.40159693
0.40159106
0.4015861
0.40158188
0.4015785
0.40157574
0.4015737
0.401572
0.4015707
0.40156975
0.4015689
0.40156803
0.40156728
0.40156713
0.40156797
0.40157026
0.40157446
0.40158072
0.4015893
0.4016004
0.4016142
0.40163076
0.40164992
0.40167102
0.4016933
0.40171546
0.40173584
0.4017529
0.40176523
0.40177163
0.40177166
0.40176523
0.40175283
0.4017353
0.4017139
0.40168986
0.40166444
0.40163893
0.4016145
0.40159205
0.4015725
0.40155625
0.40154365
0.40153474
0.40152928
0.40152678
0.40152663
0.40152812
0.40153053
0.4015334
0.40153617
0.4015384
0.40153986
0.4015403
0.40154004
0.401539
0.40153754
0.40153575
0.40153387
0.40153235
0.4015319
0.40153325
0.401537
0.40154362
0.40155345
0.4015666
0.401583
0.4016026
0.40162516
0.40165034
0.40167785
0.4017071
0.40173766
0.40176904
0.40180102
0.40183422
0.40186986
0.40191105
0.40196216
0.40202984
0.40212348
0.40225554
0.4024428
0.40270966
0.40308538
0.40361065
0.40434262
0.4053581
0.40676257
0.40869713
0.41138178
0.41504115
0.4199844
0.4266839
0.43578473
0.4478987
