0.44256663
0.43206048
0.42418033
0.41824904
0.41382378
0.41056064
0.40817428
0.40642446
0.40515032
0.4042313
0.40357053
0.40309885
0.40276462
0.40252927
0.40236425
0.40224862
0.4021672
0.40210897
0.40206584
0.4020319
0.40200293
0.4019759
0.4019488
0.40192062
0.40189078
0.40185955
0.4018274
0.4017953
0.40176442
0.40173608
0.40171137
0.40169117
0.4016761
0.4016663
0.40166175
0.40166184
0.4016657
0.40167183
0.4016787
0.40168455
0.4016878
0.4016873
0.40168244
0.40167308
0.40165964
0.4016429
0.40162423
0.4016048
0.40158588
0.40156832
0.40155286
0.40153968
0.4015291
0.40152118
0.4015158
0.40151325
0.40151355
0.4015167
0.40152243
0.40153027
0.4015398
0.40155038
0.40156138
0.40157256
0.40158385
0.40159523
0.40160647
0.40161702
0.40162626
0.40163296
0.40163642
0.40163606
0.4016319
0.40162456
0.4016148
0.40160364
0.4015921
0.40158096
0.40157086
0.40156224
0.4015556
0.40155137
0.40154982
0.40155113
0.4015553
0.40156224
0.40157175
0.40158367
0.40159786
0.40161428
0.40163267
0.40165263
0.40167356
0.40169472
0.40171555
0.40173525
0.4017532
0.40176865
0.4017811
0.40179038
0.4017969
0.40180126
0.4018044
0.40180728
0.40181077
0.40181512
0.40181997
0.40182468
0.40182832
0.40183008
0.40182903
0.4018249
0.40181765
0.40180779
0.40179607
0.40178382
0.40177205
0.40176174
0.4017535
0.40174744
0.40174302
0.4017395
0.40173575
0.40173057
0.40172288
0.40171197
0.4016977
0.40168002
0.40165946
0.4016366
0.401612
0.40158623
0.40155947
0.40153217
0.40150458
0.4014772
0.40145072
0.40142596
0.40140337
0.40138364
0.40136707
0.4013538
0.40134385
0.4013369
0.4013328
0.40133113
0.40133163
0.40133402
0.40133774
0.4013427
0.4013487
0.4013558
0.4013641
0.4013735
0.4013839
0.40139523
0.4014073
0.4014203
0.40143412
0.40144917
0.40146554
0.40148327
0.40150225
0.4015221
0.40154216
0.4015618
0.40158027
0.40159678
0.40161073
0.4016212
0.40162772
0.4016301
0.40162858
0.40162387
0.40161705
0.4016091
0.4016011
0.40159398
0.40158847
0.401585
0.4015839
0.40158522
0.40158892
0.40159476
0.40160248
0.4016116
0.4016219
0.4016334
0.4016465
0.40166146
0.4016786
0.40169787
0.40171897
0.40174118
0.40176347
0.40178457
0.4018033
0.4018188
0.40183026
0.40183747
0.40184057
0.40184012
0.40183696
0.40183192
0.40182608
0.4018199
0.40181348
0.40180662
0.40179858
0.4017887
0.40177655
0.401762
0.40174526
0.40172684
0.4017074
0.40168753
0.401668
0.40164924
0.4016319
0.40161654
0.40160352
0.40159306
0.4015852
0.40157956
0.40157592
0.40157405
0.4015741
0.40157613
0.4015801
0.4015856
0.4015921
0.4015985
0.40160397
0.40160763
0.4016089
0.40160763
0.4016041
0.40159866
0.4015923
0.40158576
0.40157947
0.4015739
0.40156922
0.40156543
0.40156257
0.40156096
0.40156108
0.40156317
0.4015674
0.40157342
0.4015804
0.4015875
0.40159377
0.4015988
0.40160272
0.401606
0.40160945
0.40161386
0.4016198
0.40162712
0.40163562
0.40164453
0.4016529
0.4016598
0.40166467
0.4016676
0.4016691
0.40167022
0.40167204
0.40167513
0.40167993
0.40168604
0.40169284
0.4016991
0.40170392
0.40170655
0.40170678
0.40170497
0.40170163
0.40169746
0.40169284
0.40168777
0.40168214
0.4016756
0.40166792
0.4016593
0.40165013
0.40164083
0.40163207
0.40162423
0.40161765
0.40161237
0.4016083
0.40160528
0.4016029
0.4016006
0.40159822
0.4015958
0.4015936
0.40159193
0.4015909
0.4015906
0.40159056
0.40159023
0.40158916
0.4015868
0.40158322
0.40157837
0.40157253
0.401566
0.40155932
0.40155324
0.40154883
0.40154675
0.4015475
0.40155116
0.40155762
0.4015662
0.40157598
0.40158582
0.40159473
0.401602
0.40160757
0.401612
0.40161642
0.40162224
0.40163082
0.40164316
0.40166
0.40168118
0.4017061
0.40173346
0.4017617
0.40178907
0.40181392
0.4018348
0.40185052
0.40186033
0.4018638
0.40186074
0.4018512
0.4018355
0.40181455
0.40178946
0.40176153
0.40173253
0.401704
0.40167734
0.4016534
0.40163293
0.4016162
0.40160316
0.40159357
0.40158725
0.40158427
0.40158436
0.40158722
0.40159234
0.40159896
0.4016061
0.40161264
0.40161774
0.4016209
0.401622
0.40162155
0.40162045
0.4016196
0.4016197
0.40162134
0.4016249
0.4016306
0.40163827
0.40164763
0.40165803
0.40166903
0.40168005
0.40169063
0.4017
0.40170735
0.40171215
0.40171382
0.4017126
0.40170896
0.40170377
0.40169778
0.40169156
0.40168527
0.40167916
0.40167335
0.40166798
0.4016632
0.40165895
0.40165505
0.40165102
0.4016464
0.40164053
0.4016329
0.4016232
0.4016116
0.40159872
0.4015855
0.40157282
0.40156162
0.40155232
0.40154535
0.40154067
0.4015381
0.40153712
0.4015371
0.40153715
0.40153688
0.40153605
0.40153456
0.40153277
0.40153125
0.401531
0.40153295
0.40153766
0.4015456
0.40155673
0.40157053
0.4015861
0.40160245
0.4016187
0.4016342
0.40164846
0.4016611
0.4016713
0.40167862
0.40168267
0.4016835
0.40168148
0.4016773
0.4016715
0.40166473
0.40165743
0.40165013
0.40164334
0.4016378
0.4016341
0.4016326
0.4016334
0.4016366
0.40164173
0.40164846
0.40165606
0.40166387
0.40167132
0.40167823
0.40168464
0.40169066
0.4016963
0.40170124
0.4017048
0.40170613
0.4017043
0.40169895
0.40168992
0.40167767
0.4016628
0.40164617
0.4016288
0.4016116
0.4015951
0.40157983
0.4015661
0.40155387
0.40154302
0.4015331
0.40152374
0.40151486
0.40150648
0.4014992
0.40149385
0.40149125
0.40149197
0.4014964
0.4015046
0.40151638
0.4015313
0.40154862
0.40156764
0.4015874
0.40160728
0.40162602
0.40164265
0.40165624
0.40166646
0.40167323
0.40167698
0.4016784
0.40167847
0.4016778
0.4016768
0.40167537
0.40167305
0.4016692
0.40166348
0.4016559
0.40164697
0.40163743
0.40162832
0.40162063
0.40161523
0.4016128
0.40161338
0.40161687
0.40162304
0.40163103
0.40164012
0.401649
0.40165642
0.40166137
0.4016629
0.4016611
0.40165624
0.4016492
0.40164104
0.401633
0.40162617
0.40162173
0.4016202
0.4016219
0.40162653
0.40163326
0.40164104
0.40164873
0.4016552
0.40165985
0.4016623
0.40166262
0.40166125
0.40165877
0.4016556
0.40165225
0.401649
0.40164593
0.40164334
0.40164155
0.40164083
0.40164137
0.40164307
0.40164593
0.40164965
0.4016535
0.40165663
0.40165782
0.4016559
0.40164998
0.40163967
0.40162525
0.40160745
0.40158752
0.40156668
0.40154633
0.40152764
0.4015116
0.40149888
0.40148982
0.4014846
0.40148297
0.4014847
0.40148947
0.4014969
0.4015066
0.4015182
0.4015313
0.40154535
0.40156
0.4015746
0.40158862
0.40160134
0.40161192
0.40161994
0.40162545
0.40162873
0.40163055
0.40163153
0.40163213
0.40163225
0.40163156
0.40162918
0.40162426
0.4016164
0.4016056
0.40159222
0.40157717
0.40156135
0.40154538
0.4015299
0.40151536
0.40150186
0.4014894
0.40147805
0.40146795
0.4014592
0.4014522
0.4014475
0.40144578
0.4014477
0.4014537
0.40146402
0.40147868
0.40149742
0.4015196
0.40154445
0.40157083
0.40159732
0.40162235
0.4016443
0.4016617
0.4016734
0.40167883
0.40167767
0.40167028
0.40165764
0.4016412
0.40162256
0.4016036
0.40158588
0.40157086
0.40155926
0.40155146
0.40154737
0.4015465
0.4015483
0.4015524
0.40155825
0.40156546
0.40157345
0.40158185
0.40159023
0.40159833
0.40160564
0.401612
0.4016174
0.40162203
0.401626
0.40162933
0.40163195
0.4016337
0.4016341
0.40163276
0.40162963
0.4016248
0.40161866
0.4016115
0.40160364
0.40159512
0.40158594
0.40157604
0.4015656
0.40155515
0.40154526
0.4015367
0.40153006
0.40152586
0.40152434
0.4015254
0.4015287
0.40153354
0.40153927
0.40154564
0.4015525
0.40156013
0.40156886
0.40157914
0.4015916
0.40160653
0.40162414
0.4016442
0.40166605
0.4016885
0.40171015
0.4017296
0.4017455
0.40175676
0.40176284
0.4017635
0.40175912
0.40175045
0.40173876
0.40172556
0.40171248
0.40170062
0.40169042
0.40168196
0.40167457
0.40166765
0.4016607
0.4016534
0.40164587
0.40163848
0.4016317
0.40162584
0.40162092
0.4016168
0.4016135
0.4016109
0.4016091
0.40160787
0.4016069
0.40160587
0.4016044
0.40160218
0.40159926
0.40159565
0.40159175
0.4015874
0.40158275
0.40157768
0.40157214
0.40156662
0.4015616
0.40155745
0.40155455
0.40155274
0.40155166
0.4015509
0.40154994
0.40154868
0.40154737
0.40154672
0.40154737
0.40155002
0.40155533
0.40156364
0.40157533
0.4015904
0.40160885
0.40163004
0.401653
0.40167615
0.40169805
0.40171665
0.4017303
0.40173784
0.40173852
0.4017324
0.4017199
0.40170234
0.40168115
0.40165818
0.4016354
0.40161428
0.40159622
0.4015821
0.4015725
0.40156764
0.40156725
0.40157083
0.4015772
0.40158534
0.40159392
0.4016019
0.40160844
0.40161327
0.4016165
0.4016188
0.40162075
0.4016227
0.40162516
0.40162817
0.40163147
0.4016345
0.40163654
0.4016367
0.4016343
0.4016292
0.40162158
0.40161225
0.40160194
0.40159163
0.40158203
0.4015737
0.40156683
0.4015613
0.40155682
0.40155283
0.401549
0.40154526
0.40154165
0.40153822
0.401535
0.4015319
0.40152866
0.40152526
0.40152183
0.4015185
0.4015156
0.4015135
0.4015126
0.4015134
0.4015162
0.40152124
0.40152842
0.4015376
0.40154856
0.40156123
0.40157515
0.40159026
0.40160602
0.4016221
0.40163797
0.40165347
0.4016686
0.40168354
0.40169865
0.40171394
0.4017291
0.4017435
0.40175617
0.4017661
0.40177238
0.40177435
0.4017716
0.40176424
0.4017526
0.4017378
0.40172118
0.4017043
0.40168884
0.40167606
0.4016668
0.4016617
0.40166074
0.4016639
0.40167055
0.40168002
0.40169117
0.40170264
0.4017128
0.4017201
0.40172347
0.40172237
0.40171707
0.4017084
0.4016976
0.4016866
0.40167713
0.40167063
0.40166798
0.40166932
0.40167415
0.4016814
0.4016895
0.40169674
0.4017018
0.4017038
0.40170258
0.40169865
0.40169293
0.4016868
0.4016814
0.40167755
0.4016755
0.40167493
0.40167496
0.4016746
0.40167323
0.40167052
0.40166682
0.4016629
0.40165982
0.4016586
0.4016599
0.40166402
0.40167055
0.4016791
0.40168875
0.40169924
0.40171033
0.40172192
0.40173396
0.40174598
0.4017575
0.40176812
0.40177748
0.40178558
0.40179276
0.40179953
0.40180618
0.4018127
0.4018187
0.4018234
0.4018257
0.40182462
0.40181944
0.40180957
0.40179485
0.40177563
0.4017524
0.40172628
0.4016986
0.40167066
0.40164375
0.40161893
0.4015966
0.40157712
0.4015603
0.40154582
0.40153328
0.4015223
0.4015126
0.4015039
0.40149614
0.4014892
0.40148294
0.4014772
0.4014716
0.40146574
0.40145943
0.4014527
0.40144575
0.40143892
0.40143254
0.4014272
0.40142354
0.401422
0.40142286
0.40142635
0.4014324
0.40144098
0.401452
0.4014652
0.40148026
0.40149692
0.40151516
0.401535
0.40155628
0.4015787
0.40160164
0.40162438
0.4016459
0.40166527
0.40168136
0.40169352
0.40170157
0.40170583
0.4017069
0.40170595
0.40170386
0.4017018
0.4017007
0.40170076
0.4017018
0.40170297
0.40170333
0.40170208
0.40169847
0.4016927
0.4016851
0.40167645
0.4016679
0.40166065
0.40165552
0.40165323
0.40165368
0.40165645
0.40166065
0.40166515
0.40166897
0.40167156
0.40167278
0.4016731
0.40167338
0.40167412
0.401676
0.40167928
0.40168372
0.40168914
0.40169492
0.40170088
0.40170658
0.40171212
0.40171772
0.40172338
0.4017291
0.40173444
0.40173864
0.40174082
0.40174004
0.40173578
0.40172774
0.40171608
0.4017014
0.4016843
0.40166578
0.40164655
0.40162727
0.40160844
0.4015904
0.4015736
0.4015578
0.40154317
0.40152973
0.40151745
0.40150663
0.40149724
0.40148923
0.40148234
0.40147623
0.4014706
0.40146548
0.40146062
0.40145615
0.40145227
0.40144902
0.40144655
0.40144494
0.40144432
0.4014448
0.40144634
0.40144905
0.40145302
0.40145832
0.40146536
0.40147457
0.40148628
0.4015006
0.40151733
0.40153584
0.40155524
0.40157443
0.40159193
0.40160656
0.4016173
0.40162402
0.4016271
0.4016276
0.40162668
0.4016254
0.40162456
0.4016244
0.40162498
0.40162587
0.4016268
0.40162727
0.4016275
0.40162754
0.40162742
0.4016274
0.40162736
0.40162706
0.40162626
0.40162495
0.40162337
0.40162215
0.401622
0.4016234
0.40162674
0.40163207
0.40163934
0.40164828
0.40165842
0.40166914
0.4016796
0.401689
0.40169635
0.4017009
0.40170208
0.40169966
0.40169394
0.40168524
0.40167448
0.40166262
0.40165082
0.40164018
0.4016318
0.40162644
0.40162456
0.40162605
0.4016303
0.40163636
0.40164283
0.40164828
0.4016515
0.40165177
0.40164894
0.40164334
0.40163568
0.40162694
0.40161803
0.40160975
0.40160277
0.40159768
0.4015948
0.4015945
0.401597
0.40160254
0.401611
0.40162185
0.40163437
0.40164742
0.4016601
0.4016716
0.40168148
0.40168998
0.40169743
0.40170458
0.40171206
0.40172035
0.40172946
0.40173918
0.40174907
0.40175855
0.4017674
0.40177557
0.40178266
0.4017884
0.40179232
0.40179417
0.4017937
0.4017909
0.40178603
0.40177965
0.40177238
0.401765
0.4017584
0.40175316
0.40174985
0.4017488
0.40175036
0.4017548
0.40176216
0.40177247
0.40178517
0.40179956
0.40181503
0.40183055
0.40184563
0.4018601
0.40187433
0.40188947
0.4019075
0.40193164
0.40196633
0.40201834
0.40209687
0.4022146
0.40238857
0.40264362
0.40301043
0.40353015
0.4042599
0.40527675
0.40668538
0.40862617
0.41131878
0.41498637
0.41993815
0.42664674
0.43575603
0.44787812
