0.4426692
0.4321926
0.42433488
0.4184184
0.41399905
0.41073215
0.40833196
0.40655947
0.40525505
0.40430132
0.40360317
0.4030939
0.40272403
0.40245637
0.40226296
0.4021226
0.4020192
0.40194076
0.40187857
0.40182647
0.4017803
0.40173778
0.40169775
0.40166003
0.40162465
0.40159193
0.40156227
0.4015357
0.4015126
0.40149295
0.40147692
0.40146458
0.40145567
0.40144995
0.40144688
0.40144625
0.40144745
0.40145028
0.40145418
0.4014592
0.40146497
0.40147147
0.4014784
0.40148565
0.40149304
0.40150067
0.40150833
0.4015159
0.4015232
0.4015299
0.40153593
0.40154105
0.40154523
0.40154853
0.4015514
0.40155447
0.40155846
0.40156367
0.4015702
0.40157774
0.40158576
0.4015939
0.401602
0.40161014
0.4016181
0.40162575
0.40163252
0.40163764
0.40164077
0.4016417
0.40164044
0.40163732
0.40163276
0.4016272
0.40162086
0.4016138
0.4016059
0.40159705
0.40158746
0.40157744
0.40156737
0.40155762
0.4015486
0.40154055
0.4015338
0.4015287
0.4015256
0.40152478
0.40152642
0.4015302
0.40153593
0.40154293
0.40155086
0.40155932
0.40156782
0.40157565
0.40158197
0.40158594
0.40158692
0.4015845
0.40157908
0.401571
0.40156165
0.4015519
0.40154344
0.40153763
0.40153578
0.4015388
0.40154737
0.40156174
0.4015818
0.40160722
0.40163732
0.4016711
0.40170762
0.4017455
0.40178338
0.40181997
0.4018541
0.40188485
0.40191123
0.40193272
0.40194872
0.40195894
0.4019633
0.4019619
0.40195498
0.40194297
0.40192625
0.40190518
0.4018805
0.40185264
0.40182236
0.40179017
0.40175658
0.40172255
0.4016889
0.4016569
0.4016278
0.40160277
0.40158278
0.40156877
0.40156117
0.4015603
0.40156618
0.40157825
0.4015953
0.40161586
0.40163788
0.4016595
0.4016785
0.40169337
0.40170282
0.4017064
0.40170422
0.40169713
0.40168625
0.40167326
0.40165967
0.40164676
0.4016356
0.40162674
0.40162054
0.4016172
0.40161687
0.40161982
0.40162626
0.40163624
0.40164936
0.40166456
0.40168065
0.4016963
0.40171024
0.40172172
0.4017303
0.4017362
0.40173995
0.40174264
0.4017456
0.40175036
0.40175804
0.4017692
0.40178365
0.4018006
0.4018189
0.4018371
0.40185383
0.401868
0.4018785
0.40188476
0.4018865
0.40188396
0.40187758
0.40186843
0.40185785
0.4018473
0.40183824
0.40183175
0.40182844
0.40182835
0.40183088
0.40183538
0.40184072
0.40184605
0.40185034
0.40185294
0.401853
0.40184993
0.4018432
0.40183255
0.40181828
0.4018006
0.4017803
0.40175825
0.40173584
0.40171462
0.40169615
0.401682
0.40167338
0.40167138
0.40167642
0.4016884
0.40170658
0.4017294
0.40175483
0.4017804
0.40180385
0.40182313
0.4018368
0.4018441
0.40184465
0.40183875
0.40182713
0.40181103
0.40179208
0.40177205
0.40175295
0.40173653
0.40172434
0.4017171
0.4017152
0.4017182
0.40172505
0.40173456
0.40174517
0.4017554
0.40176404
0.40177032
0.40177396
0.4017749
0.4017738
0.40177137
0.40176868
0.4017665
0.4017652
0.40176493
0.401765
0.4017644
0.4017617
0.401756
0.4017464
0.40173253
0.4017147
0.40169382
0.40167126
0.4016486
0.40162754
0.4016095
0.4015957
0.40158692
0.40158316
0.4015839
0.40158817
0.40159422
0.40160063
0.40160558
0.401608
0.40160748
0.40160415
0.40159866
0.40159175
0.4015841
0.4015764
0.40156916
0.40156335
0.4015595
0.4015583
0.40155992
0.4015643
0.40157118
0.40158036
0.40159172
0.40160468
0.40161878
0.4016332
0.4016468
0.40165848
0.4016671
0.40167207
0.40167344
0.40167195
0.40166852
0.40166453
0.4016609
0.4016585
0.40165764
0.40165833
0.40166053
0.40166453
0.4016704
0.4016786
0.4016893
0.40170217
0.40171674
0.40173244
0.40174872
0.40176505
0.40178123
0.40179685
0.40181148
0.40182468
0.4018363
0.40184635
0.40185475
0.40186194
0.40186766
0.40187195
0.40187466
0.40187597
0.4018759
0.40187484
0.4018729
0.40187067
0.40186834
0.40186596
0.401863
0.40185905
0.40185344
0.40184617
0.40183738
0.40182754
0.40181738
0.40180779
0.4017996
0.40179348
0.40179002
0.40178943
0.40179142
0.40179545
0.4018006
0.4018061
0.4018113
0.4018157
0.4018192
0.40182167
0.40182304
0.4018235
0.4018228
0.40182063
0.4018163
0.4018094
0.40179926
0.4017859
0.40176955
0.40175095
0.40173128
0.4017121
0.4016949
0.4016809
0.4016709
0.40166518
0.4016636
0.4016657
0.40167093
0.40167913
0.40169
0.40170303
0.40171784
0.40173408
0.4017516
0.40177014
0.40178925
0.4018082
0.40182602
0.4018415
0.40185368
0.40186185
0.4018655
0.4018647
0.40185952
0.4018507
0.40183884
0.40182507
0.40181035
0.4017955
0.40178105
0.40176725
0.40175435
0.4017425
0.40173227
0.40172386
0.40171742
0.40171292
0.4017104
0.4017098
0.40171108
0.40171382
0.40171775
0.40172184
0.40172496
0.40172622
0.40172473
0.40172014
0.40171263
0.4017029
0.401692
0.4016812
0.40167168
0.40166414
0.4016591
0.40165675
0.40165722
0.4016608
0.40166748
0.40167698
0.40168872
0.40170208
0.40171635
0.40173122
0.40174666
0.40176213
0.4017772
0.4017908
0.401802
0.40181008
0.40181434
0.4018147
0.40181094
0.4018038
0.4017938
0.40178183
0.40176862
0.40175456
0.40174004
0.40172535
0.40171096
0.40169746
0.40168524
0.40167493
0.40166652
0.40166035
0.40165642
0.40165505
0.4016565
0.40166095
0.4016684
0.40167832
0.40168992
0.40170196
0.4017129
0.40172127
0.401726
0.40172672
0.40172347
0.40171668
0.4017075
0.40169728
0.4016872
0.40167844
0.40167183
0.40166765
0.4016662
0.40166754
0.4016714
0.4016779
0.40168706
0.40169874
0.4017129
0.4017293
0.4017471
0.40176556
0.40178326
0.40179914
0.40181226
0.4018222
0.40182868
0.40183192
0.40183243
0.40183082
0.4018277
0.40182337
0.40181783
0.40181044
0.40180048
0.40178734
0.40177032
0.40174925
0.4017245
0.4016966
0.40166682
0.40163654
0.40160763
0.40158176
0.4015607
0.40154564
0.40153763
0.4015372
0.40154415
0.4015578
0.40157706
0.4016002
0.40162525
0.40164986
0.4016716
0.40168837
0.40169874
0.4017019
0.40169787
0.40168738
0.40167168
0.40165251
0.4016317
0.4016109
0.40159142
0.40157384
0.40155843
0.40154514
0.40153384
0.40152454
0.40151775
0.40151373
0.40151304
0.40151593
0.40152255
0.40153244
0.40154526
0.40156022
0.4015763
0.4015925
0.40160745
0.40162003
0.4016293
0.40163496
0.4016372
0.4016366
0.40163398
0.4016301
0.40162608
0.4016226
0.40162054
0.40162057
0.4016231
0.40162832
0.40163574
0.4016446
0.401654
0.40166333
0.40167195
0.40167946
0.4016855
0.40168932
0.40169013
0.40168715
0.4016802
0.40166953
0.40165573
0.4016399
0.4016232
0.4016068
0.40159196
0.40157992
0.4015716
0.4015677
0.4015685
0.40157384
0.40158337
0.40159658
0.40161237
0.40163
0.40164843
0.4016669
0.40168527
0.4017031
0.40172014
0.40173578
0.40174893
0.40175855
0.40176392
0.40176463
0.4017605
0.40175182
0.40173924
0.40172356
0.40170547
0.40168604
0.40166605
0.4016465
0.40162838
0.4016125
0.40159962
0.40159044
0.40158546
0.40158492
0.40158877
0.4015966
0.40160748
0.4016204
0.4016341
0.40164736
0.4016588
0.4016674
0.40167275
0.4016746
0.40167364
0.40167066
0.40166682
0.40166345
0.40166155
0.4016622
0.40166602
0.40167305
0.40168312
0.4016956
0.40171006
0.40172616
0.4017438
0.4017629
0.4017834
0.4018048
0.4018264
0.40184698
0.40186527
0.40187994
0.40188962
0.40189353
0.40189078
0.40188113
0.40186456
0.40184143
0.40181255
0.40177894
0.401742
0.40170315
0.4016642
0.40162665
0.40159202
0.40156153
0.40153608
0.40151602
0.4015016
0.40149286
0.40148965
0.40149182
0.4014994
0.40151218
0.40152982
0.40155163
0.40157658
0.40160334
0.4016304
0.40165627
0.4016796
0.40169907
0.4017135
0.40172216
0.40172487
0.4017216
0.4017128
0.40169924
0.4016822
0.40166265
0.40164202
0.40162155
0.40160227
0.40158486
0.40156993
0.40155795
0.4015492
0.40154397
0.40154237
0.40154463
0.4015507
0.4015607
0.4015743
0.40159127
0.40161106
0.40163305
0.40165666
0.40168107
0.40170538
0.40172866
0.4017497
0.40176782
0.401782
0.40179166
0.40179643
0.40179574
0.40178946
0.40177718
0.401759
0.40173516
0.4017063
0.40167356
0.40163827
0.40160227
0.40156734
0.4015352
0.4015073
0.40148488
0.4014687
0.4014593
0.40145692
0.40146127
0.40147203
0.40148848
0.40150973
0.40153477
0.4015623
0.4015909
0.4016192
0.4016459
0.4016698
0.40168995
0.4017058
0.40171725
0.40172485
0.40172946
0.40173233
0.40173438
0.4017365
0.4017391
0.4017426
0.40174714
0.40175205
0.40175676
0.40176007
0.40176144
0.4017604
0.40175703
0.40175176
0.40174505
0.4017374
0.4017291
0.40172026
0.40171087
0.40170097
0.40169057
0.40167946
0.40166724
0.4016536
0.40163836
0.40162167
0.4016042
0.40158674
0.4015706
0.40155688
0.40154678
0.40154085
0.4015393
0.40154207
0.40154856
0.40155822
0.40157032
0.40158424
0.40159944
0.4016161
0.40163428
0.4016542
0.40167567
0.40169808
0.40172035
0.40174118
0.40175942
0.40177417
0.40178525
0.40179303
0.40179834
0.4018026
0.4018073
0.4018139
0.4018234
0.40183622
0.40185222
0.40187067
0.4018906
0.401911
0.40193054
0.40194824
0.40196332
0.40197492
0.40198243
0.40198547
0.40198368
0.4019767
0.4019644
0.40194663
0.4019237
0.40189585
0.40186384
0.40182865
0.40179148
0.40175387
0.40171754
0.40168422
0.40165526
0.40163156
0.40161344
0.40160066
0.40159255
0.4015886
0.40158775
0.40158916
0.40159178
0.40159488
0.40159792
0.4016012
0.4016051
0.40161029
0.4016173
0.40162626
0.40163732
0.40165052
0.40166572
0.40168235
0.4016995
0.4017159
0.40172994
0.40174043
0.40174642
0.4017475
0.40174398
0.40173626
0.40172556
0.40171272
0.4016988
0.40168437
0.40166995
0.4016558
0.4016423
0.40162963
0.4016178
0.40160677
0.4015965
0.40158707
0.40157896
0.40157261
0.40156856
0.40156728
0.40156898
0.40157357
0.40158108
0.40159133
0.40160382
0.40161783
0.40163255
0.40164727
0.40166137
0.4016746
0.40168738
0.40169948
0.4017111
0.40172184
0.40173164
0.4017404
0.4017484
0.4017558
0.40176263
0.40176854
0.40177304
0.40177527
0.4017747
0.40177107
0.40176445
0.40175518
0.40174362
0.4017302
0.40171522
0.40169877
0.40168107
0.40166238
0.40164325
0.40162423
0.40160623
0.40158993
0.40157592
0.4015645
0.40155622
0.40155113
0.4015493
0.40155035
0.40155396
0.40155962
0.40156665
0.40157425
0.40158126
0.4015865
0.40158895
0.40158775
0.40158278
0.40157422
0.40156275
0.40154916
0.40153474
0.40152058
0.40150782
0.40149757
0.40149042
0.40148672
0.40148658
0.40148985
0.40149593
0.40150425
0.40151373
0.4015236
0.40153286
0.4015407
0.4015464
0.4015496
0.40155038
0.40154916
0.4015467
0.40154362
0.4015407
0.4015382
0.4015363
0.4015353
0.40153524
0.40153638
0.40153873
0.4015425
0.40154782
0.401555
0.4015645
0.40157667
0.40159178
0.40161014
0.40163144
0.4016552
0.40168056
0.40170625
0.40173084
0.40175292
0.40177128
0.40178522
0.40179414
0.40179816
0.40179753
0.40179294
0.40178558
0.40177676
0.40176797
0.40176058
0.4017554
0.40175277
0.40175235
0.4017534
0.40175495
0.4017557
0.40175465
0.40175086
0.40174437
0.40173522
0.40172392
0.4017112
0.40169778
0.40168428
0.40167126
0.40165928
0.4016486
0.4016397
0.4016328
0.40162832
0.40162617
0.4016264
0.4016285
0.4016319
0.40163577
0.40163943
0.40164196
0.40164277
0.40164092
0.40163568
0.4016268
0.40161458
0.40159988
0.40158382
0.40156782
0.40155315
0.401541
0.40153238
0.40152782
0.40152767
0.4015319
0.40154013
0.40155217
0.4015675
0.40158546
0.40160495
0.4016247
0.40164334
0.40165898
0.40167058
0.4016775
0.4016797
0.40167758
0.4016723
0.40166512
0.4016572
0.40164965
0.40164283
0.40163717
0.40163267
0.40162903
0.4016263
0.40162465
0.40162432
0.4016253
0.40162757
0.4016307
0.40163422
0.40163776
0.40164095
0.40164334
0.40164474
0.40164515
0.40164477
0.40164366
0.40164217
0.40164047
0.4016389
0.40163794
0.40163782
0.40163845
0.40163937
0.40163988
0.40163916
0.4016365
0.4016319
0.40162548
0.40161788
0.40160987
0.4016021
0.40159494
0.40158856
0.40158263
0.40157732
0.40157256
0.4015681
0.4015643
0.40156135
0.40155947
0.401559
0.40155983
0.40156162
0.4015642
0.40156743
0.40157118
0.4015754
0.40157992
0.40158427
0.4015879
0.40159023
0.4015909
0.4015899
0.4015877
0.40158495
0.40158248
0.4015811
0.40158135
0.40158394
0.40158877
0.40159613
0.40160587
0.40161765
0.40163085
0.40164456
0.40165812
0.40167066
0.4016819
0.40169173
0.40170032
0.40170786
0.40171456
0.40172085
0.40172678
0.40173233
0.40173718
0.40174058
0.4017418
0.40173993
0.40173438
0.40172505
0.4017121
0.4016961
0.40167794
0.40165907
0.40164074
0.40162438
0.401611
0.40160134
0.40159577
0.40159422
0.40159628
0.4016015
0.40160877
0.4016172
0.40162534
0.4016319
0.4016358
0.40163663
0.40163472
0.4016307
0.40162566
0.40162045
0.40161607
0.4016129
0.4016115
0.4016121
0.40161458
0.4016188
0.40162444
0.4016313
0.40163925
0.40164843
0.401659
0.40167153
0.40168598
0.4017022
0.40171933
0.40173623
0.40175137
0.40176326
0.40177086
0.40177312
0.4017698
0.40176105
0.40174752
0.4017302
0.40171042
0.40168923
0.40166783
0.4016467
0.40162617
0.40160638
0.40158728
0.4015694
0.40155342
0.40154013
0.4015302
0.40152422
0.40152228
0.40152436
0.40153024
0.40153953
0.40155154
0.40156555
0.40158054
0.4015954
0.40160877
0.40161934
0.40162584
0.40162775
0.40162495
0.40161797
0.401608
0.4015964
0.40158424
0.40157282
0.40156275
0.40155447
0.40154815
0.4015438
0.4015411
0.4015401
0.40154055
0.40154248
0.40154558
0.40155
0.4015558
0.40156344
0.40157282
0.4015839
0.4015962
0.40160894
0.40162122
0.40163177
0.40163967
0.4016442
0.40164512
0.40164274
0.40163755
0.40163037
0.401622
0.4016132
0.4016045
0.40159613
0.40158826
0.40158072
0.4015736
0.401567
0.4015612
0.40155667
0.40155372
0.40155277
0.40155372
0.40155628
0.40155983
0.40156308
0.401565
0.40156403
0.40155944
0.40155098
0.40153882
0.40152422
0.40150833
0.40149245
0.40147784
0.4014653
0.4014553
0.40144807
0.40144345
0.4014412
0.40144086
0.40144226
0.401445
0.40144897
0.4014541
0.4014604
0.40146777
0.40147623
0.40148547
0.40149552
0.40150604
0.40151665
0.40152687
0.40153584
0.40154284
0.40154752
0.4015496
0.4015496
0.40154782
0.40154466
0.4015403
0.401535
0.40152875
0.40152177
0.4015144
0.40150702
0.40149996
0.40149376
0.40148872
0.4014852
0.40148354
0.40148374
0.40148565
0.40148878
0.40149245
0.40149593
0.40149835
0.40149868
0.40149647
0.40149167
0.40148416
0.40147477
0.4014641
0.40145352
0.40144387
0.40143603
0.4014306
0.40142795
0.40142825
0.4014314
0.40143758
0.40144667
0.4014587
0.4014735
0.40149072
0.40151003
0.40153095
0.40155277
0.4015747
0.40159613
0.40161633
0.40163505
0.40165222
0.40166783
0.40168208
0.40169504
0.40170655
0.40171647
0.40172476
0.40173164
0.40173757
0.40174353
0.40175045
0.40175933
0.4017706
0.40178394
0.40179858
0.4018133
0.40182674
0.401838
0.40184662
0.40185228
0.40185544
0.40185657
0.4018564
0.40185577
0.40185553
0.40185615
0.40185785
0.40186024
0.40186277
0.4018643
0.401864
0.40186098
0.40185425
0.40184325
0.40182757
0.40180737
0.401783
0.4017552
0.40172535
0.40169472
0.40166464
0.4016364
0.40161076
0.40158814
0.40156838
0.40155116
0.4015362
0.40152362
0.40151367
0.4015064
0.40150216
0.40150124
0.4015039
0.4015102
0.4015203
0.40153396
0.40155116
0.40157178
0.40159535
0.4016215
0.40164933
0.40167764
0.4017052
0.40173087
0.40175352
0.40177238
0.4017869
0.40179652
0.40180114
0.40180045
0.40179437
0.40178314
0.40176713
0.40174672
0.40172273
0.40169615
0.40166822
0.40164044
0.40161413
0.4015904
0.4015702
0.40155423
0.40154287
0.40153626
0.40153432
0.40153652
0.40154243
0.4015513
0.40156242
0.40157494
0.40158817
0.40160155
0.4016145
0.401627
0.40163872
0.40164936
0.40165862
0.40166622
0.40167233
0.40167698
0.4016808
0.40168437
0.40168798
0.40169138
0.40169412
0.40169534
0.4016944
0.4016907
0.40168405
0.4016748
0.40166357
0.40165135
0.40163913
0.40162826
0.40161952
0.40161377
0.40161148
0.4016129
0.40161783
0.40162575
0.40163565
0.40164617
0.40165567
0.40166253
0.40166545
0.40166357
0.40165666
0.40164512
0.40162978
0.40161192
0.40159264
0.40157318
0.40155444
0.40153697
0.40152118
0.40150726
0.4014952
0.4014848
0.40147588
0.40146837
0.401462
0.40145668
0.40145227
0.4014489
0.40144667
0.401446
0.4014472
0.4014507
0.40145698
0.40146652
0.40147975
0.40149683
0.40151754
0.4015412
0.40156686
0.4015929
0.40161762
0.40163913
0.40165624
0.40166765
0.40167356
0.4016741
0.40167058
0.40166435
0.4016572
0.40165076
0.401646
0.40164393
0.40164512
0.4016495
0.40165702
0.40166673
0.40167785
0.40168902
0.40169933
0.40170795
0.4017146
0.40171945
0.40172288
0.4017252
0.4017267
0.40172765
0.40172842
0.40172896
0.40172917
0.40172884
0.40172714
0.40172338
0.4017171
0.40170777
0.40169576
0.40168172
0.40166652
0.40165132
0.40163714
0.40162495
0.40161532
0.4016086
0.4016046
0.401603
0.40160322
0.4016047
0.40160707
0.40161043
0.40161508
0.4016214
0.40162948
0.4016394
0.40165132
0.40166527
0.40168148
0.4017002
0.4017216
0.40174553
0.40177163
0.40179896
0.40182626
0.40185216
0.40187532
0.4018946
0.4019093
0.40191886
0.4019232
0.4019222
0.4019163
0.40190578
0.4018912
0.4018732
0.40185282
0.40183115
0.40180948
0.40178892
0.4017703
0.4017543
0.40174133
0.4017314
0.40172482
0.4017216
0.40172178
0.4017254
0.40173244
0.4017423
0.4017543
0.40176693
0.40177897
0.4017887
0.40179488
0.4017963
0.40179226
0.40178254
0.40176734
0.40174755
0.40172434
0.40169922
0.40167373
0.4016494
0.40162763
0.4016094
0.4015955
0.4015865
0.4015823
0.40158272
0.4015868
0.40159383
0.40160286
0.40161356
0.40162545
0.4016384
0.4016518
0.4016651
0.4016774
0.40168825
0.40169728
0.40170473
0.40171102
0.40171665
0.40172195
0.40172705
0.40173158
0.40173474
0.4017357
0.4017339
0.40172926
0.40172172
0.40171197
0.4017008
0.40168902
0.4016773
0.40166607
0.4016554
0.4016453
0.40163547
0.40162545
0.40161476
0.40160275
0.40158907
0.40157384
0.40155745
0.40154064
0.40152422
0.40150914
0.4014961
0.4014858
0.4014784
0.40147397
0.4014723
0.40147305
0.40147573
0.40147966
0.40148443
0.40148982
0.40149587
0.40150297
0.4015114
0.4015216
0.40153337
0.40154672
0.4015609
0.40157512
0.4015883
0.4015991
0.40160698
0.40161133
0.40161267
0.40161172
0.40160948
0.40160707
0.4016053
0.40160465
0.40160528
0.40160713
0.4016098
0.40161285
0.40161583
0.4016184
0.40161994
0.40161994
0.4016179
0.40161347
0.4016068
0.4015982
0.40158856
0.40157837
0.40156856
0.40155944
0.40155157
0.40154508
0.40153986
0.4015357
0.40153205
0.40152842
0.4015243
0.4015197
0.40151483
0.40151006
0.4015058
0.40150252
0.40150058
0.40150034
0.4015022
0.4015063
0.40151256
0.40152043
0.40152922
0.4015381
0.4015461
0.40155247
0.40155703
0.40156
0.40156162
0.4015624
0.40156287
0.40156344
0.40156448
0.4015666
0.40157044
0.40157667
0.40158555
0.40159705
0.401611
0.40162668
0.40164316
0.40165955
0.4016746
0.4016872
0.40169662
0.40170237
0.40170452
0.40170366
0.40170085
0.40169755
0.40169477
0.40169343
0.40169385
0.40169606
0.40169936
0.40170288
0.40170535
0.40170538
0.40170214
0.40169513
0.4016844
0.40167043
0.401654
0.40163597
0.40161714
0.4015982
0.40157977
0.4015626
0.40154737
0.40153453
0.40152448
0.4015173
0.4015127
0.40151033
0.40150946
0.40150914
0.40150878
0.401508
0.4015069
0.40150568
0.40150446
0.4015036
0.40150347
0.40150428
0.40150633
0.40151
0.40151528
0.40152243
0.40153167
0.40154314
0.40155685
0.40157256
0.4015899
0.40160856
0.40162772
0.4016464
0.40166336
0.40167767
0.4016883
0.4016949
0.4016973
0.40169576
0.4016908
0.40168276
0.40167218
0.40165943
0.40164486
0.4016289
0.40161198
0.4015945
0.40157673
0.40155914
0.40154195
0.4015256
0.40151045
0.40149674
0.40148467
0.40147436
0.4014659
0.4014596
0.4014558
0.40145457
0.40145627
0.4014612
0.4014694
0.40148088
0.40149546
0.40151268
0.4015322
0.4015535
0.40157583
0.4015987
0.40162098
0.4016417
0.40165958
0.40167356
0.40168285
0.40168688
0.40168592
0.40168047
0.40167117
0.40165886
0.40164426
0.401628
0.40161064
0.4015928
0.4015753
0.401559
0.4015448
0.4015337
0.40152618
0.40152237
0.40152213
0.40152496
0.4015302
0.4015368
0.40154362
0.4015495
0.40155318
0.40155402
0.40155172
0.4015467
0.4015398
0.401532
0.4015244
0.40151766
0.4015125
0.4015092
0.40150782
0.40150845
0.40151086
0.40151498
0.4015204
0.401527
0.4015343
0.40154222
0.4015501
0.40155733
0.40156335
0.40156773
0.40157044
0.40157145
0.40157112
0.4015695
0.40156668
0.40156248
0.40155703
0.40155047
0.40154326
0.40153605
0.40152955
0.40152448
0.40152135
0.4015207
0.40152237
0.40152618
0.4015314
0.4015373
0.40154278
0.40154693
0.40154892
0.40154874
0.40154618
0.40154165
0.4015355
0.401528
0.40151954
0.40151033
0.40150097
0.40149182
0.4014831
0.40147522
0.40146878
0.4014641
0.40146172
0.4014618
0.40146425
0.40146884
0.40147522
0.40148273
0.40149084
0.40149876
0.4015063
0.4015134
0.40152037
0.4015279
0.4015367
0.40154696
0.40155882
0.4015718
0.40158543
0.40159875
0.40161097
0.4016214
0.40162975
0.40163538
0.40163788
0.40163666
0.40163153
0.40162286
0.4016113
0.4015979
0.40158394
0.4015706
0.4015589
0.40155
0.4015444
0.40154254
0.4015444
0.40154955
0.40155703
0.4015655
0.40157342
0.4015794
0.40158212
0.4015811
0.4015763
0.40156847
0.40155834
0.4015471
0.40153557
0.40152448
0.40151474
0.40150696
0.40150177
0.40149972
0.40150106
0.4015058
0.4015135
0.4015236
0.40153533
0.4015477
0.40155935
0.40156925
0.4015766
0.40158135
0.40158394
0.40158522
0.40158674
0.40158966
0.40159523
0.40160424
0.40161732
0.4016346
0.40165594
0.40168047
0.40170678
0.4017333
0.40175807
0.40177965
0.4017967
0.40180817
0.40181363
0.40181282
0.40180603
0.401794
0.40177774
0.4017586
0.40173808
0.4017178
0.40169927
0.40168363
0.40167126
0.40166244
0.4016569
0.40165418
0.40165386
0.40165547
0.40165868
0.4016628
0.40166694
0.4016703
0.4016722
0.4016723
0.4016704
0.40166664
0.4016612
0.401654
0.40164515
0.40163475
0.40162328
0.40161148
0.40160045
0.4015911
0.40158427
0.40158015
0.4015788
0.40157968
0.401582
0.40158528
0.40158916
0.40159318
0.4015971
0.40160045
0.4016028
0.4016041
0.40160435
0.4016037
0.40160245
0.4016006
0.4015985
0.40159664
0.4015956
0.4015959
0.40159792
0.4016016
0.4016068
0.40161312
0.40161985
0.40162617
0.40163088
0.40163264
0.4016306
0.40162438
0.4016142
0.4016009
0.40158588
0.40157053
0.40155628
0.4015444
0.40153566
0.40153053
0.40152898
0.40153053
0.40153465
0.40154067
0.40154794
0.401556
0.4015647
0.4015741
0.4015845
0.40159643
0.4016102
0.40162632
0.40164518
0.40166706
0.4016919
0.40171894
0.40174735
0.40177578
0.40180293
0.4018274
0.40184817
0.4018643
0.40187526
0.40188053
0.4018802
0.40187433
0.40186316
0.40184736
0.4018274
0.40180418
0.40177882
0.40175244
0.40172657
0.40170234
0.4016808
0.4016624
0.4016475
0.40163597
0.4016277
0.40162224
0.40161937
0.4016189
0.40162095
0.4016258
0.4016339
0.40164563
0.4016612
0.40168026
0.4017022
0.4017257
0.40174916
0.40177095
0.4017895
0.40180343
0.40181184
0.40181392
0.40180925
0.4017979
0.40178046
0.40175787
0.40173116
0.4017019
0.40167174
0.40164247
0.40161544
0.4015919
0.40157264
0.4015583
0.4015489
0.4015443
0.40154392
0.40154696
0.40155247
0.40155926
0.40156624
0.40157267
0.40157828
0.40158305
0.4015873
0.40159115
0.4015945
0.40159726
0.4015991
0.40159974
0.4015991
0.40159735
0.40159476
0.40159178
0.40158877
0.40158612
0.40158415
0.4015834
0.4015841
0.4015867
0.4015913
0.40159774
0.4016056
0.4016139
0.40162155
0.4016276
0.4016313
0.40163252
0.4016314
0.40162876
0.40162566
0.40162277
0.40162057
0.4016194
0.40161893
0.40161896
0.40161926
0.40161994
0.40162122
0.40162364
0.40162727
0.40163216
0.40163803
0.4016438
0.40164888
0.4016521
0.4016526
0.40164986
0.40164366
0.40163445
0.401623
0.4016104
0.4015975
0.40158552
0.4015754
0.4015678
0.40156335
0.4015623
0.40156496
0.40157115
0.40158042
0.40159178
0.40160373
0.4016149
0.40162385
0.4016296
0.40163174
0.40163055
0.4016269
0.40162233
0.40161827
0.4016162
0.4016171
0.40162188
0.40163103
0.40164447
0.40166223
0.4016839
0.4017089
0.4017365
0.40176564
0.40179536
0.40182456
0.40185222
0.40187785
0.40190083
0.40192065
0.40193713
0.40194997
0.4019591
0.40196443
0.40196574
0.40196294
0.40195572
0.40194407
0.40192804
0.40190774
0.40188372
0.4018565
0.40182692
0.40179592
0.4017645
0.40173364
0.40170413
0.40167645
0.4016511
0.40162885
0.40161029
0.40159613
0.40158665
0.40158215
0.40158245
0.401587
0.4015952
0.4016064
0.40161976
0.40163434
0.401649
0.40166265
0.4016746
0.40168422
0.40169185
0.40169755
0.40170157
0.40170404
0.4017046
0.4017031
0.40169892
0.40169215
0.40168318
0.40167296
0.40166274
0.4016541
0.4016482
0.401646
0.40164778
0.40165335
0.40166196
0.40167224
0.40168303
0.40169284
0.40170044
0.40170488
0.4017055
0.4017018
0.40169406
0.40168285
0.40166909
0.40165368
0.40163773
0.40162203
0.40160748
0.40159443
0.40158302
0.40157315
0.40156466
0.40155745
0.40155154
0.40154704
0.4015441
0.4015427
0.4015427
0.40154377
0.40154523
0.4015465
0.40154698
0.401546
0.40154302
0.4015378
0.4015304
0.4015214
0.4015115
0.4015015
0.40149254
0.40148517
0.40147993
0.40147704
0.40147653
0.40147844
0.4014829
0.40148973
0.40149897
0.40151092
0.40152562
0.40154284
0.40156224
0.401583
0.40160406
0.401624
0.40164155
0.4016551
0.40166384
0.40166703
0.40166473
0.40165767
0.40164715
0.40163466
0.4016218
0.40161
0.40160048
0.40159407
0.40159118
0.40159166
0.40159503
0.40160033
0.4016065
0.4016126
0.40161806
0.40162227
0.401625
0.40162626
0.40162644
0.401626
0.40162542
0.40162492
0.40162456
0.40162423
0.40162364
0.4016224
0.40162036
0.40161723
0.4016132
0.40160877
0.40160438
0.40160066
0.40159804
0.4015965
0.40159583
0.40159532
0.40159428
0.40159205
0.40158847
0.40158364
0.40157804
0.4015719
0.40156558
0.40155914
0.40155253
0.40154567
0.4015386
0.40153167
0.4015256
0.40152103
0.4015188
0.40151966
0.40152434
0.4015333
0.40154657
0.4015638
0.40158427
0.40160653
0.40162906
0.40165022
0.4016681
0.4016816
0.4016898
0.40169266
0.40169057
0.40168476
0.40167654
0.4016675
0.40165895
0.40165222
0.40164798
0.401647
0.40164933
0.4016552
0.40166423
0.40167594
0.40168944
0.4017039
0.40171817
0.40173134
0.40174243
0.4017511
0.40175736
0.40176153
0.4017641
0.40176547
0.40176573
0.4017648
0.40176216
0.40175745
0.40175027
0.40174055
0.40172842
0.40171444
0.4016993
0.40168375
0.4016687
0.40165493
0.4016435
0.40163532
0.4016312
0.40163162
0.4016366
0.40164557
0.40165767
0.4016719
0.40168706
0.4017018
0.40171492
0.4017252
0.40173182
0.4017343
0.4017328
0.40172806
0.401721
0.4017128
0.40170452
0.40169716
0.40169144
0.40168798
0.40168682
0.40168786
0.40169036
0.40169325
0.40169516
0.40169495
0.40169162
0.40168455
0.40167356
0.4016587
0.40164068
0.40162024
0.40159822
0.4015754
0.4015525
0.40153012
0.401509
0.40148973
0.4014729
0.401459
0.40144828
0.4014407
0.40143627
0.4014349
0.40143657
0.40144134
0.40144908
0.4014598
0.40147316
0.4014888
0.40150604
0.40152416
0.40154216
0.4015589
0.40157345
0.40158504
0.40159336
0.40159875
0.4016018
0.4016034
0.40160426
0.4016049
0.4016054
0.4016054
0.40160424
0.40160108
0.4015952
0.40158632
0.4015747
0.40156093
0.40154624
0.40153176
0.4015185
0.40150744
0.401499
0.40149376
0.4014918
0.40149298
0.4014971
0.4015034
0.40151107
0.40151936
0.40152735
0.40153432
0.40153933
0.4015417
0.4015412
0.40153813
0.40153313
0.4015272
0.40152118
0.40151587
0.40151182
0.4015094
0.4015087
0.4015098
0.40151244
0.4015166
0.40152192
0.40152836
0.40153524
0.4015419
0.40154743
0.40155113
0.40155262
0.4015518
0.4015489
0.4015444
0.4015385
0.40153137
0.40152296
0.401513
0.40150118
0.40148744
0.40147197
0.40145504
0.40143746
0.40141955
0.401402
0.4013853
0.4013698
0.40135583
0.40134373
0.4013338
0.40132615
0.4013208
0.4013176
0.40131626
0.4013167
0.4013188
0.40132254
0.40132803
0.4013352
0.401344
0.40135416
0.4013656
0.40137812
0.40139148
0.40140554
0.4014198
0.40143386
0.40144718
0.40145928
0.40146974
0.4014783
0.4014848
0.4014893
0.4014926
0.401495
0.40149716
0.4014993
0.40150186
0.4015052
0.40150926
0.40151414
0.40151972
0.4015257
0.40153173
0.40153745
0.40154302
0.40154848
0.40155405
0.4015599
0.4015662
0.40157324
0.40158135
0.40159065
0.401601
0.40161225
0.4016241
0.40163592
0.40164685
0.40165597
0.4016622
0.4016648
0.4016634
0.4016583
0.40165013
0.40163958
0.40162736
0.40161413
0.40160015
0.40158606
0.4015723
0.40155968
0.40154904
0.40154096
0.40153593
0.40153387
0.40153456
0.40153778
0.40154302
0.4015501
0.4015588
0.4015689
0.40158
0.40159175
0.40160352
0.4016146
0.4016245
0.40163252
0.40163872
0.4016429
0.40164554
0.40164706
0.40164793
0.4016486
0.40164968
0.4016519
0.40165552
0.4016612
0.40166852
0.4016771
0.40168568
0.40169296
0.40169764
0.40169865
0.40169534
0.4016875
0.40167543
0.40165988
0.40164196
0.4016228
0.40160364
0.40158546
0.40156907
0.401555
0.40154362
0.4015351
0.40152928
0.40152606
0.40152508
0.40152618
0.4015292
0.40153408
0.40154082
0.40154937
0.40155962
0.40157172
0.40158552
0.40160105
0.40161806
0.4016365
0.40165624
0.40167704
0.40169832
0.40171942
0.4017392
0.40175644
0.40176982
0.40177816
0.40178078
0.4017772
0.40176752
0.40175214
0.40173194
0.40170828
0.4016826
0.40165624
0.40163052
0.40160635
0.4015846
0.40156555
0.40154994
0.4015383
0.401531
0.40152842
0.40153047
0.40153685
0.40154684
0.40155944
0.40157375
0.4015887
0.40160355
0.4016179
0.40163162
0.40164468
0.40165675
0.40166724
0.40167558
0.4016812
0.40168414
0.4016844
0.40168273
0.40167987
0.40167654
0.40167314
0.40166995
0.40166718
0.40166482
0.4016633
0.40166327
0.4016651
0.40166903
0.40167537
0.40168414
0.4016954
0.40170974
0.40172854
0.4017543
0.40179038
0.40184167
0.40191412
0.40201607
0.40215865
0.40235755
0.40263537
0.40302032
0.40355325
0.40429097
0.40531108
0.40671927
0.40865716
0.41134515
0.41500795
0.41995504
0.4266591
0.43576485
0.44788408
