0.4426076
0.4321159
0.4242499
0.41833213
0.4139182
0.4106625
0.40827698
0.40652034
0.40523052
0.40428787
0.40359607
0.40308714
0.40271118
0.4024315
0.40222138
0.402062
0.40193996
0.40184617
0.40177444
0.40172058
0.40168175
0.40165597
0.4016417
0.40163743
0.40164155
0.4016523
0.4016676
0.40168497
0.40170214
0.40171665
0.4017267
0.40173098
0.4017288
0.4017203
0.40170604
0.4016874
0.40166605
0.40164363
0.4016217
0.40160152
0.4015839
0.40156975
0.40155953
0.4015537
0.40155268
0.4015564
0.4015648
0.40157744
0.40159392
0.40161347
0.40163508
0.4016575
0.4016791
0.40169832
0.4017137
0.4017243
0.4017296
0.40172985
0.40172556
0.401718
0.40170854
0.40169892
0.40169048
0.4016842
0.40168062
0.40167993
0.4016817
0.40168542
0.40169054
0.4016972
0.40170538
0.40171543
0.40172738
0.40174097
0.40175524
0.401769
0.40178108
0.40179053
0.40179685
0.40179998
0.4018001
0.4017977
0.40179363
0.4017887
0.40178362
0.40177885
0.40177447
0.40177014
0.40176564
0.40176052
0.40175453
0.4017475
0.4017391
0.4017288
0.40171617
0.40170065
0.401682
0.40166005
0.40163532
0.40160835
0.4015802
0.40155205
0.40152508
0.4015004
0.40147898
0.40146163
0.40144885
0.40144092
0.40143788
0.40143958
0.40144557
0.40145522
0.40146735
0.40148082
0.40149415
0.40150598
0.401515
0.40152064
0.4015228
0.4015221
0.4015195
0.40151587
0.40151203
0.40150842
0.4015052
0.40150222
0.40149894
0.40149504
0.4014903
0.40148467
0.40147856
0.40147242
0.4014669
0.40146247
0.40145978
0.40145916
0.4014608
0.4014647
0.40147072
0.40147856
0.40148804
0.40149888
0.4015107
0.4015231
0.40153545
0.40154696
0.40155685
0.40156433
0.40156907
0.40157107
0.40157086
0.401569
0.4015659
0.401562
0.40155762
0.40155295
0.40154815
0.40154317
0.40153807
0.40153247
0.4015263
0.4015194
0.40151176
0.4015039
0.40149668
0.40149066
0.40148643
0.40148437
0.40148443
0.40148646
0.40148988
0.40149423
0.4014992
0.40150484
0.4015114
0.40151945
0.40152907
0.40154064
0.40155396
0.4015687
0.4015841
0.40159926
0.40161315
0.40162516
0.40163508
0.4016435
0.40165126
0.40165967
0.4016696
0.40168166
0.40169618
0.40171283
0.40173104
0.40174982
0.4017678
0.40178347
0.4017955
0.40180263
0.4018041
0.40179944
0.40178868
0.40177214
0.40175056
0.40172508
0.4016972
0.40166855
0.4016409
0.40161583
0.40159458
0.40157777
0.40156528
0.40155676
0.4015512
0.40154782
0.40154555
0.40154362
0.40154156
0.40153942
0.40153757
0.4015366
0.40153697
0.4015389
0.4015422
0.40154645
0.4015508
0.4015542
0.4015557
0.40155473
0.4015513
0.40154582
0.40153927
0.40153265
0.40152702
0.4015231
0.40152168
0.40152302
0.40152696
0.4015331
0.40154096
0.40154958
0.40155777
0.4015644
0.4015683
0.40156877
0.40156573
0.40155947
0.40155083
0.40154094
0.40153086
0.40152186
0.4015146
0.4015098
0.4015078
0.4015086
0.401512
0.40151766
0.40152547
0.40153518
0.4015467
0.40156013
0.4015751
0.40159106
0.40160722
0.40162253
0.40163606
0.40164718
0.40165576
0.40166205
0.40166664
0.40167007
0.4016728
0.40167487
0.4016759
0.4016753
0.40167263
0.40166765
0.40166092
0.40165314
0.40164545
0.40163913
0.40163565
0.40163627
0.40164182
0.40165314
0.4016708
0.4016953
0.40172732
0.40176818
0.4018205
0.401889
0.40198132
0.40210906
0.40228868
0.40254557
0.40290996
0.40342492
0.40414903
0.40516093
0.40656677
0.40850803
0.41120526
0.41488093
0.41984394
0.42656705
0.43569252
0.4478318
