0.4425339
0.4320179
0.4241289
0.41818854
0.41375273
0.41047534
0.40807074
0.40629742
0.40499377
0.40404162
0.4033451
0.40283728
0.40246877
0.40220267
0.40201226
0.40187722
0.4017828
0.40171808
0.40167502
0.40164763
0.40163147
0.40162328
0.4016206
0.40162122
0.40162316
0.40162465
0.4016241
0.40162045
0.40161347
0.4016034
0.4015913
0.40157855
0.40156692
0.40155804
0.4015531
0.40155315
0.40155858
0.40156934
0.40158495
0.4016046
0.40162706
0.40165076
0.40167403
0.40169534
0.40171334
0.401727
0.40173584
0.4017397
0.4017388
0.40173373
0.40172556
0.4017154
0.40170464
0.40169454
0.40168628
0.4016806
0.40167764
0.40167713
0.4016785
0.40168098
0.40168405
0.40168777
0.40169233
0.40169838
0.4017063
0.4017165
0.40172845
0.40174168
0.40175503
0.40176734
0.40177727
0.4017835
0.40178514
0.40178153
0.40177268
0.40175888
0.40174085
0.4017198
0.4016974
0.40167508
0.4016547
0.40163758
0.4016247
0.40161687
0.40161422
0.4016166
0.40162346
0.40163368
0.40164602
0.40165877
0.40167013
0.4016785
0.40168285
0.40168253
0.4016774
0.40166798
0.40165538
0.40164077
0.40162557
0.40161103
0.40159798
0.40158707
0.40157852
0.40157214
0.40156797
0.4015657
0.40156505
0.4015655
0.4015665
0.4015672
0.4015666
0.40156385
0.40155822
0.40154934
0.40153763
0.40152362
0.4015084
0.40149274
0.40147778
0.4014644
0.4014534
0.40144548
0.40144107
0.40144017
0.40144292
0.401449
0.40145805
0.40146983
0.40148386
0.40149996
0.4015178
0.4015376
0.4015596
0.4015841
0.40161183
0.401644
0.40168276
0.40173176
0.4017968
0.40188617
0.402012
0.4021908
0.4024469
0.40280992
0.40332183
0.4040409
0.40504584
0.4064439
0.40837783
0.41107002
0.41474506
0.419713
0.4264477
0.43559256
0.44775712
