0.44259286
0.43209127
0.42421034
0.41827208
0.41383314
0.41054904
0.40813628
0.40635577
0.40504795
0.40409523
0.40340212
0.40290153
0.40254334
0.40229037
0.40211475
0.4019953
0.4019159
0.40186417
0.4018303
0.40180734
0.40179014
0.40177554
0.40176165
0.40174788
0.40173423
0.40172124
0.40170932
0.40169874
0.40168935
0.40168062
0.40167195
0.40166277
0.401653
0.40164247
0.40163156
0.40162054
0.40160957
0.4015985
0.40158698
0.4015746
0.40156147
0.40154782
0.40153414
0.40152135
0.4015101
0.40150067
0.40149316
0.40148708
0.40148178
0.40147638
0.40147033
0.40146333
0.4014557
0.40144798
0.40144098
0.40143546
0.40143207
0.4014313
0.40143347
0.40143865
0.4014469
0.40145814
0.4014724
0.40148944
0.40150914
0.40153125
0.40155584
0.40158236
0.40161005
0.4016376
0.40166348
0.401686
0.40170392
0.40171647
0.40172356
0.40172553
0.40172327
0.40171814
0.40171188
0.4017062
0.40170285
0.40170297
0.40170687
0.40171427
0.40172413
0.40173474
0.4017441
0.40175018
0.4017512
0.40174618
0.40173438
0.4017162
0.4016925
0.4016648
0.4016348
0.40160498
0.401577
0.40155244
0.40153223
0.4015168
0.40150604
0.40149957
0.40149692
0.4014977
0.4015016
0.4015084
0.40151757
0.40152848
0.40154013
0.4015513
0.40156078
0.40156746
0.4015708
0.40157068
0.4015678
0.40156293
0.4015573
0.4015519
0.40154773
0.40154532
0.40154508
0.40154707
0.40155134
0.40155774
0.4015659
0.4015754
0.4015855
0.40159553
0.40160447
0.40161148
0.4016154
0.4016154
0.4016109
0.40160185
0.40158865
0.40157253
0.40155476
0.40153685
0.4015203
0.40150613
0.40149525
0.4014879
0.40148413
0.40148368
0.40148598
0.4014902
0.40149552
0.40150073
0.40150493
0.4015074
0.40150803
0.40150747
0.4015069
0.40150768
0.401511
0.40151802
0.401529
0.40154412
0.40156272
0.4015837
0.40160576
0.40162724
0.40164647
0.401662
0.4016731
0.4016796
0.40168175
0.4016803
0.40167612
0.40167013
0.4016632
0.40165636
0.40165034
0.40164596
0.40164378
0.4016439
0.40164608
0.40164956
0.40165335
0.40165624
0.40165702
0.40165487
0.4016494
0.40164083
0.40162984
0.40161744
0.40160474
0.40159276
0.401582
0.40157264
0.40156427
0.40155637
0.40154842
0.40154028
0.40153235
0.401525
0.40151894
0.40151498
0.40151373
0.4015157
0.4015209
0.4015292
0.4015398
0.40155175
0.40156373
0.40157428
0.40158218
0.40158665
0.40158743
0.4015847
0.4015793
0.40157214
0.4015642
0.40155628
0.401549
0.40154284
0.40153834
0.4015355
0.40153447
0.40153483
0.40153614
0.40153778
0.40153903
0.40153942
0.4015385
0.40153593
0.40153185
0.4015263
0.4015195
0.40151167
0.40150267
0.4014926
0.4014815
0.40146992
0.40145835
0.40144753
0.40143812
0.40143067
0.40142554
0.40142313
0.40142354
0.40142706
0.4014336
0.40144342
0.40145645
0.4014729
0.40149245
0.40151483
0.40153927
0.4015645
0.40158913
0.40161148
0.40163028
0.40164453
0.4016541
0.40165898
0.40165988
0.40165767
0.40165332
0.4016477
0.4016416
0.40163562
0.40162998
0.40162498
0.40162092
0.40161797
0.4016162
0.40161532
0.4016152
0.40161535
0.40161535
0.401615
0.4016142
0.4016132
0.40161234
0.40161207
0.40161276
0.40161467
0.4016179
0.40162244
0.4016278
0.40163332
0.40163845
0.4016428
0.4016466
0.40165052
0.4016554
0.40166223
0.40167135
0.401683
0.4016969
0.401712
0.40172702
0.40174043
0.40175098
0.40175766
0.40176007
0.40175852
0.40175366
0.4017467
0.4017389
0.40173182
0.40172687
0.40172526
0.4017276
0.40173402
0.40174404
0.40175658
0.4017702
0.40178332
0.40179428
0.4018019
0.4018049
0.4018025
0.4017944
0.40178072
0.40176198
0.40173918
0.4017135
0.40168634
0.40165886
0.40163207
0.40160662
0.40158314
0.40156198
0.40154335
0.40152764
0.401515
0.40150568
0.40149996
0.4014979
0.40149945
0.40150434
0.40151218
0.4015225
0.40153432
0.4015465
0.40155798
0.40156767
0.4015749
0.40157947
0.40158144
0.40158108
0.40157887
0.40157503
0.40157008
0.4015645
0.401559
0.4015542
0.4015504
0.40154782
0.40154627
0.4015454
0.40154502
0.40154466
0.4015437
0.40154183
0.4015387
0.40153456
0.40152985
0.40152526
0.4015216
0.40151936
0.4015191
0.40152085
0.40152466
0.40153074
0.40153968
0.40155196
0.40156806
0.40158814
0.40161192
0.4016387
0.4016671
0.40169567
0.40172264
0.40174645
0.40176594
0.4017804
0.40178934
0.40179268
0.40179062
0.40178373
0.4017728
0.40175882
0.40174308
0.40172702
0.40171167
0.4016977
0.40168542
0.4016748
0.40166563
0.40165788
0.40165135
0.40164578
0.40164077
0.4016357
0.4016303
0.40162438
0.40161818
0.401612
0.40160638
0.4016014
0.40159705
0.4015929
0.40158844
0.40158316
0.4015769
0.40156993
0.40156278
0.40155637
0.40155128
0.40154782
0.40154585
0.401545
0.4015445
0.4015436
0.40154147
0.40153775
0.40153253
0.4015264
0.40151975
0.40151322
0.40150717
0.40150225
0.40149918
0.40149862
0.40150118
0.40150714
0.40151638
0.40152845
0.40154278
0.40155864
0.4015753
0.40159187
0.40160745
0.40162155
0.4016338
0.40164393
0.4016517
0.4016567
0.40165842
0.40165675
0.40165177
0.4016442
0.40163496
0.40162513
0.4016158
0.40160775
0.40160158
0.40159756
0.40159592
0.40159696
0.40160084
0.40160763
0.401617
0.40162805
0.40164006
0.4016519
0.40166268
0.40167204
0.4016797
0.40168574
0.40169027
0.40169322
0.40169448
0.40169394
0.4016918
0.4016884
0.40168437
0.40168074
0.40167823
0.4016774
0.40167844
0.4016811
0.40168464
0.401688
0.40168998
0.40168962
0.40168646
0.4016805
0.40167236
0.4016629
0.401653
0.40164384
0.4016361
0.4016301
0.40162623
0.40162435
0.4016242
0.40162525
0.40162694
0.4016289
0.40163112
0.4016336
0.4016364
0.4016394
0.40164247
0.40164536
0.40164825
0.40165147
0.40165564
0.4016611
0.40166774
0.40167534
0.40168294
0.40168947
0.4016937
0.40169463
0.40169185
0.40168554
0.40167636
0.40166527
0.40165332
0.40164113
0.40162918
0.40161738
0.40160567
0.40159395
0.40158245
0.40157178
0.40156272
0.4015561
0.4015525
0.40155223
0.40155515
0.40156078
0.40156853
0.40157762
0.40158734
0.40159723
0.4016068
0.40161592
0.40162438
0.40163234
0.40164003
0.40164733
0.40165406
0.40165967
0.40166345
0.40166497
0.4016639
0.4016605
0.4016546
0.40164658
0.40163624
0.40162364
0.40160877
0.40159208
0.40157384
0.4015546
0.40153491
0.40151533
0.40149653
0.40147918
0.40146407
0.40145174
0.40144265
0.401437
0.401435
0.40143633
0.40144092
0.40144834
0.40145797
0.40146908
0.4014807
0.40149218
0.40150297
0.40151286
0.40152228
0.40153158
0.40154132
0.40155172
0.401563
0.40157485
0.40158716
0.40159944
0.40161172
0.40162393
0.40163642
0.40164924
0.40166196
0.40167364
0.40168333
0.4016897
0.40169206
0.40169013
0.40168428
0.4016755
0.40166512
0.4016546
0.40164515
0.40163767
0.40163267
0.40163028
0.40163055
0.4016334
0.40163857
0.40164584
0.40165478
0.40166476
0.4016752
0.40168482
0.4016929
0.40169862
0.4017018
0.40170288
0.40170273
0.40170297
0.40170583
0.40171453
0.4017331
0.40176675
0.4018222
0.40190798
0.40203583
0.4022217
0.40248895
0.40286604
0.40339425
0.40413055
0.4051524
0.4065656
0.4085117
0.41121158
0.4148883
0.41985127
0.42657384
0.43569818
0.447836
