0.44255763
0.43204483
0.42415398
0.41820687
0.41376084
0.4104715
0.4080561
0.40627506
0.4049681
0.40401736
0.40332654
0.40282744
0.40246892
0.40221253
0.4020295
0.40189832
0.40180287
0.40173182
0.40167713
0.40163377
0.40159827
0.40156862
0.4015434
0.40152168
0.4015029
0.40148646
0.40147224
0.4014602
0.40145043
0.40144303
0.4014378
0.40143466
0.4014333
0.40143344
0.40143472
0.40143687
0.40143967
0.40144292
0.4014465
0.40145037
0.40145454
0.40145916
0.4014644
0.40147042
0.40147743
0.40148547
0.40149444
0.40150416
0.4015142
0.40152377
0.40153214
0.4015386
0.40154284
0.40154505
0.40154552
0.40154463
0.4015425
0.4015393
0.40153497
0.40152952
0.40152296
0.40151522
0.4015064
0.4014969
0.40148753
0.40147936
0.40147334
0.40147057
0.4014718
0.40147766
0.40148836
0.40150368
0.40152302
0.40154523
0.40156862
0.40159154
0.40161204
0.40162864
0.40164047
0.40164727
0.40164936
0.40164787
0.40164405
0.40163943
0.40163556
0.40163332
0.40163344
0.401636
0.40164068
0.40164676
0.40165332
0.40165955
0.4016652
0.40167022
0.40167508
0.40168014
0.40168568
0.401692
0.401699
0.40170646
0.4017138
0.4017204
0.40172604
0.4017304
0.4017337
0.40173632
0.4017384
0.40174022
0.4017415
0.40174207
0.40174156
0.40173942
0.40173542
0.4017296
0.40172252
0.40171492
0.40170777
0.40170217
0.40169883
0.4016983
0.4017005
0.40170524
0.4017117
0.40171894
0.40172562
0.40173063
0.401733
0.40173194
0.40172738
0.40171948
0.40170872
0.40169612
0.4016826
0.4016689
0.40165555
0.4016432
0.40163204
0.40162256
0.40161493
0.4016095
0.40160647
0.4016056
0.40160677
0.40160942
0.40161312
0.40161735
0.40162167
0.40162584
0.40162963
0.40163305
0.401636
0.4016382
0.40163976
0.40164047
0.4016405
0.40163988
0.40163854
0.40163642
0.40163335
0.40162945
0.40162504
0.4016209
0.40161768
0.40161645
0.40161797
0.4016231
0.40163216
0.40164527
0.40166202
0.40168175
0.40170357
0.40172616
0.40174845
0.4017693
0.4017879
0.40180358
0.401816
0.40182486
0.40182993
0.40183118
0.4018286
0.40182176
0.40181062
0.40179485
0.40177456
0.40175012
0.40172246
0.40169293
0.40166312
0.4016349
0.40160993
0.40158957
0.40157482
0.40156618
0.4015637
0.4015671
0.40157542
0.40158725
0.401601
0.40161464
0.40162644
0.401635
0.40163952
0.40163994
0.40163705
0.40163216
0.4016269
0.40162274
0.40162107
0.40162233
0.40162688
0.40163437
0.4016442
0.40165552
0.40166765
0.40168014
0.4016926
0.40170443
0.4017151
0.40172377
0.40172988
0.40173313
0.40173343
0.40173104
0.40172628
0.40171954
0.4017109
0.4017006
0.40168923
0.4016773
0.40166572
0.4016552
0.4016464
0.40163937
0.4016342
0.4016306
0.4016282
0.40162635
0.4016242
0.4016211
0.40161687
0.40161178
0.40160662
0.40160245
0.40160042
0.40160155
0.4016067
0.40161628
0.40163043
0.4016488
0.40167078
0.4016954
0.40172145
0.40174755
0.40177232
0.4017943
0.40181255
0.40182605
0.40183422
0.40183678
0.4018339
0.4018259
0.40181345
0.40179735
0.40177858
0.4017583
0.40173784
0.4017182
0.40170044
0.40168482
0.40167144
0.4016596
0.40164873
0.40163782
0.40162653
0.40161458
0.40160236
0.40159014
0.40157855
0.40156785
0.40155855
0.40155086
0.40154487
0.40154058
0.4015379
0.40153652
0.40153623
0.40153667
0.40153757
0.4015391
0.40154177
0.40154612
0.40155286
0.40156257
0.4015757
0.40159246
0.4016125
0.4016351
0.40165937
0.4016837
0.4017065
0.40172645
0.4017423
0.40175316
0.4017585
0.40175796
0.4017518
0.40174046
0.40172508
0.40170693
0.40168735
0.40166783
0.40164953
0.40163368
0.4016209
0.4016119
0.4016066
0.4016049
0.4016063
0.40161014
0.40161583
0.40162334
0.4016323
0.40164256
0.40165365
0.40166467
0.40167448
0.40168166
0.40168497
0.40168363
0.40167713
0.40166587
0.4016506
0.4016324
0.40161234
0.40159154
0.40157086
0.40155098
0.4015324
0.40151593
0.4015022
0.40149194
0.40148565
0.40148368
0.4014864
0.40149358
0.40150484
0.40151945
0.4015364
0.4015547
0.40157315
0.4015905
0.40160543
0.40161657
0.4016229
0.4016238
0.40161917
0.40160963
0.40159607
0.4015799
0.40156257
0.40154517
0.40152887
0.4015141
0.40150142
0.4014911
0.40148345
0.4014787
0.40147692
0.401478
0.4014816
0.40148732
0.40149483
0.4015034
0.40151244
0.40152118
0.40152898
0.40153536
0.4015404
0.4015445
0.40154862
0.4015537
0.40156043
0.40156922
0.40158004
0.40159208
0.4016041
0.4016145
0.401622
0.40162548
0.40162447
0.40161923
0.4016104
0.4015991
0.40158674
0.40157446
0.40156284
0.40155235
0.40154308
0.4015345
0.40152618
0.40151775
0.40150902
0.40150008
0.40149134
0.401483
0.4014753
0.40146852
0.4014629
0.40145928
0.4014583
0.4014606
0.40146667
0.4014766
0.40149006
0.4015063
0.40152407
0.40154186
0.4015579
0.40157053
0.40157852
0.40158135
0.40157917
0.40157306
0.4015642
0.40155402
0.4015437
0.4015343
0.40152678
0.40152174
0.40151972
0.40152088
0.40152526
0.4015329
0.40154368
0.40155762
0.40157425
0.40159282
0.40161234
0.40163156
0.40164924
0.40166393
0.40167442
0.4016802
0.40168086
0.40167677
0.4016686
0.40165725
0.40164375
0.40162933
0.40161493
0.40160158
0.40159017
0.40158162
0.4015766
0.40157548
0.40157837
0.40158495
0.40159467
0.40160662
0.40161988
0.40163305
0.401645
0.40165436
0.40166023
0.4016621
0.40166
0.40165448
0.4016465
0.40163738
0.40162843
0.40162086
0.40161565
0.40161327
0.401614
0.40161756
0.40162346
0.40163103
0.40163943
0.4016479
0.4016558
0.40166244
0.40166768
0.4016715
0.40167442
0.40167707
0.40167993
0.4016832
0.40168688
0.40169063
0.40169415
0.40169722
0.40169984
0.40170223
0.40170476
0.40170768
0.40171134
0.4017158
0.40172082
0.40172586
0.40173012
0.40173274
0.40173304
0.40173054
0.4017254
0.4017182
0.40170997
0.4017019
0.4016953
0.4016911
0.40168965
0.4016908
0.40169385
0.40169755
0.40170053
0.40170148
0.4016995
0.4016942
0.40168566
0.40167433
0.40166137
0.40164763
0.4016342
0.4016215
0.40160975
0.40159902
0.4015894
0.40158102
0.40157434
0.40156952
0.4015666
0.40156528
0.40156546
0.40156674
0.40156856
0.40157035
0.40157166
0.4015723
0.40157261
0.40157324
0.40157494
0.40157822
0.4015833
0.40159044
0.4015994
0.40161023
0.4016228
0.40163702
0.40165251
0.40166894
0.40168557
0.40170133
0.40171486
0.40172485
0.40173048
0.4017311
0.40172684
0.40171802
0.40170524
0.40168944
0.4016716
0.40165234
0.40163234
0.40161195
0.4015916
0.40157145
0.4015519
0.40153342
0.40151653
0.4015016
0.4014888
0.40147805
0.40146938
0.40146276
0.4014584
0.40145665
0.40145746
0.40146068
0.40146607
0.40147313
0.40148124
0.40148988
0.4014988
0.40150765
0.40151614
0.40152407
0.40153116
0.4015372
0.40154234
0.40154687
0.40155163
0.40155745
0.40156487
0.40157437
0.40158606
0.40159962
0.4016146
0.40163043
0.40164647
0.40166187
0.40167567
0.4016868
0.40169394
0.4016963
0.40169367
0.40168643
0.40167525
0.40166166
0.40164724
0.40163398
0.40162328
0.40161654
0.4016145
0.40161714
0.401624
0.40163386
0.40164497
0.40165523
0.40166256
0.40166527
0.4016623
0.40165323
0.40163866
0.40161976
0.40159833
0.40157616
0.40155506
0.4015365
0.40152147
0.4015106
0.40150407
0.40150177
0.40150326
0.40150788
0.40151486
0.4015233
0.4015321
0.40154037
0.40154728
0.4015526
0.40155637
0.401559
0.40156105
0.40156293
0.40156484
0.4015666
0.40156797
0.4015686
0.40156847
0.4015676
0.40156627
0.40156457
0.40156257
0.40156
0.40155694
0.40155318
0.40154883
0.40154403
0.401539
0.40153387
0.401529
0.40152466
0.401521
0.40151802
0.40151557
0.40151334
0.4015109
0.40150782
0.40150407
0.4014999
0.40149572
0.40149197
0.40148905
0.40148735
0.4014869
0.4014881
0.40149117
0.40149626
0.40150356
0.4015131
0.401525
0.40153912
0.4015553
0.40157306
0.40159178
0.40161076
0.40162918
0.40164602
0.40166032
0.40167123
0.4016785
0.40168214
0.40168262
0.40168083
0.40167788
0.40167484
0.40167263
0.40167183
0.40167278
0.4016757
0.4016803
0.40168643
0.4016933
0.40170008
0.40170538
0.4017078
0.40170595
0.4016991
0.40168697
0.40166977
0.40164816
0.40162325
0.4015964
0.40156904
0.4015425
0.40151817
0.4014968
0.40147924
0.4014658
0.4014566
0.4014516
0.40145054
0.40145287
0.40145797
0.40146527
0.40147436
0.4014852
0.40149805
0.40151343
0.401532
0.4015543
0.40158042
0.40161017
0.40164274
0.40167713
0.40171182
0.40174556
0.40177706
0.4018052
0.4018292
0.40184844
0.40186253
0.40187117
0.40187436
0.4018721
0.40186462
0.40185216
0.40183488
0.40181315
0.4017875
0.40175828
0.4017263
0.4016926
0.40165845
0.40162516
0.4015939
0.4015656
0.401541
0.40152046
0.4015039
0.4014908
0.40148056
0.40147257
0.40146616
0.40146124
0.4014578
0.40145585
0.4014557
0.40145746
0.40146112
0.40146685
0.4014744
0.40148386
0.4014952
0.40150812
0.40152243
0.40153757
0.4015528
0.4015676
0.40158126
0.40159327
0.40160337
0.40161172
0.40161872
0.40162516
0.4016316
0.40163857
0.4016467
0.4016562
0.4016671
0.401679
0.40169173
0.40170494
0.4017189
0.4017337
0.40174976
0.4017671
0.40178525
0.40180343
0.40182033
0.40183458
0.40184513
0.40185112
0.40185216
0.40184796
0.401839
0.40182596
0.40180972
0.40179178
0.4017733
0.4017555
0.40173906
0.40172434
0.40171143
0.40170035
0.4016913
0.40168446
0.4016799
0.4016774
0.40167654
0.40167654
0.40167665
0.40167594
0.4016737
0.40166956
0.4016635
0.40165612
0.40164846
0.4016416
0.4016368
0.401635
0.4016366
0.40164152
0.4016491
0.40165827
0.4016674
0.40167513
0.4016802
0.4016817
0.40167937
0.4016731
0.40166366
0.40165168
0.4016384
0.4016247
0.4016115
0.40159935
0.4015883
0.40157834
0.40156937
0.40156126
0.4015543
0.40154868
0.40154478
0.40154302
0.4015438
0.40154734
0.40155402
0.40156394
0.40157682
0.40159193
0.40160826
0.4016243
0.40163845
0.4016493
0.4016558
0.40165785
0.40165567
0.40165013
0.4016424
0.40163386
0.40162548
0.40161824
0.40161264
0.4016091
0.40160772
0.40160882
0.4016125
0.40161854
0.40162668
0.40163654
0.40164796
0.40166056
0.40167397
0.40168792
0.40170178
0.40171504
0.40172714
0.4017378
0.40174645
0.4017524
0.40175512
0.40175435
0.4017502
0.40174294
0.40173307
0.401721
0.40170735
0.4016926
0.4016774
0.4016621
0.40164715
0.40163285
0.4016192
0.40160665
0.40159547
0.40158632
0.40157968
0.40157592
0.40157512
0.4015771
0.4015811
0.40158632
0.4015922
0.40159822
0.40160418
0.40161014
0.40161613
0.40162212
0.40162843
0.40163523
0.40164256
0.4016502
0.40165743
0.40166348
0.4016675
0.4016688
0.4016673
0.4016632
0.40165725
0.4016502
0.40164274
0.4016355
0.4016287
0.40162215
0.40161562
0.4016085
0.40160048
0.4015913
0.40158087
0.40156916
0.4015565
0.40154323
0.40152997
0.4015174
0.40150616
0.40149674
0.4014895
0.40148458
0.40148196
0.4014815
0.40148294
0.40148595
0.40149
0.40149477
0.40149996
0.40150493
0.40150946
0.4015133
0.40151632
0.40151852
0.40152004
0.40152094
0.40152156
0.40152222
0.4015233
0.40152505
0.40152764
0.40153098
0.40153477
0.40153855
0.40154156
0.40154296
0.40154216
0.40153906
0.40153396
0.40152764
0.4015209
0.40151465
0.4015098
0.40150693
0.4015066
0.40150887
0.4015135
0.4015199
0.40152735
0.40153503
0.4015422
0.4015484
0.40155372
0.40155873
0.40156427
0.40157098
0.4015794
0.40158966
0.40160143
0.4016139
0.40162557
0.4016352
0.40164104
0.40164194
0.40163743
0.40162766
0.40161347
0.4015965
0.4015783
0.4015607
0.40154502
0.40153238
0.40152347
0.4015187
0.40151817
0.40152177
0.40152907
0.4015398
0.40155333
0.40156934
0.40158716
0.40160626
0.4016258
0.4016447
0.40166184
0.40167636
0.40168768
0.40169585
0.40170133
0.40170497
0.40170765
0.40171006
0.40171275
0.4017158
0.4017193
0.40172344
0.40172794
0.40173244
0.40173614
0.4017381
0.4017377
0.40173423
0.40172735
0.4017174
0.4017048
0.4016906
0.40167594
0.40166172
0.4016487
0.40163726
0.40162736
0.401619
0.40161192
0.40160632
0.40160233
0.40160006
0.4015993
0.40159965
0.40160054
0.40160134
0.40160158
0.4016008
0.40159878
0.40159535
0.40159065
0.40158486
0.4015787
0.40157297
0.4015685
0.401566
0.40156594
0.40156853
0.4015736
0.40158078
0.4015895
0.40159938
0.40161017
0.401622
0.40163505
0.4016497
0.40166646
0.40168542
0.4017063
0.40172845
0.4017505
0.40177113
0.40178892
0.4018025
0.4018111
0.40181428
0.40181205
0.40180483
0.4017936
0.40177947
0.40176377
0.4017477
0.401732
0.40171728
0.4017036
0.40169054
0.40167785
0.40166533
0.401653
0.401641
0.40162998
0.40162048
0.40161297
0.40160763
0.4016046
0.40160355
0.40160388
0.40160483
0.40160564
0.40160584
0.4016051
0.4016036
0.4016014
0.40159887
0.4015962
0.4015939
0.40159246
0.40159243
0.40159422
0.4015982
0.40160438
0.40161258
0.40162233
0.40163282
0.40164325
0.4016525
0.40165973
0.4016646
0.4016671
0.40166786
0.40166774
0.40166768
0.40166822
0.4016701
0.40167385
0.4016801
0.40168893
0.40170017
0.401713
0.401726
0.4017378
0.40174687
0.40175205
0.40175286
0.40174952
0.40174285
0.4017342
0.4017252
0.4017178
0.40171373
0.40171462
0.40172222
0.40173826
0.40176564
0.4018081
0.40187123
0.4019627
0.40209338
0.40227887
0.4025429
0.40291438
0.40343535
0.4041638
0.40517828
0.40658495
0.40852565
0.41122094
0.41489425
0.4198546
0.42657512
0.4356983
0.44783583
