0.4426215
0.43213147
0.42426413
0.41834205
0.4139218
0.41065857
0.40826616
0.40650383
0.40521035
0.4042663
0.4035751
0.40306854
0.4026961
0.40242058
0.4022147
0.40205878
0.4019389
0.40184522
0.40177104
0.40171188
0.4016645
0.40162712
0.40159845
0.4015776
0.40156394
0.40155658
0.40155435
0.401556
0.40156
0.40156496
0.40156934
0.401572
0.4015723
0.40156993
0.40156513
0.40155843
0.4015505
0.40154198
0.4015336
0.40152606
0.40152007
0.40151647
0.40151596
0.40151894
0.40152568
0.40153605
0.4015495
0.40156555
0.40158358
0.4016029
0.40162277
0.40164196
0.40165952
0.40167415
0.40168524
0.40169257
0.4016964
0.4016975
0.40169674
0.40169504
0.40169284
0.4016904
0.4016878
0.40168518
0.4016828
0.40168095
0.40168014
0.40168047
0.4016818
0.401684
0.40168643
0.4016884
0.40168968
0.40169
0.40168968
0.4016893
0.4016897
0.40169156
0.4016952
0.40170047
0.40170667
0.40171257
0.40171698
0.40171877
0.40171742
0.40171266
0.4017048
0.4016946
0.40168288
0.40167058
0.40165803
0.4016458
0.40163413
0.40162343
0.4016145
0.40160817
0.40160513
0.401606
0.4016108
0.40161946
0.40163192
0.4016481
0.40166745
0.4016894
0.4017129
0.4017369
0.40176016
0.40178147
0.40179923
0.40181226
0.40181947
0.4018204
0.40181485
0.40180302
0.4017859
0.40176463
0.40174064
0.40171567
0.40169147
0.40166938
0.40165043
0.4016348
0.4016227
0.40161368
0.40160725
0.40160263
0.40159947
0.40159708
0.40159503
0.40159276
0.4015898
0.40158615
0.4015821
0.40157828
0.40157542
0.40157384
0.4015736
0.40157405
0.4015745
0.40157396
0.40157178
0.40156788
0.4015624
0.40155613
0.40154967
0.40154362
0.4015386
0.40153497
0.4015332
0.40153363
0.4015367
0.4015426
0.40155137
0.40156263
0.40157613
0.40159136
0.40160772
0.4016243
0.40163985
0.4016529
0.40166223
0.40166652
0.40166533
0.40165818
0.4016453
0.4016275
0.40160602
0.4015824
0.40155822
0.40153494
0.40151367
0.40149486
0.40147886
0.40146562
0.40145493
0.4014466
0.40144062
0.40143687
0.40143526
0.40143567
0.40143803
0.40144232
0.40144855
0.40145686
0.40146726
0.40147978
0.40149423
0.4015103
0.40152735
0.40154463
0.40156084
0.4015748
0.40158495
0.40159023
0.40159008
0.40158442
0.401574
0.40155965
0.40154272
0.40152448
0.40150627
0.40148896
0.40147358
0.40146092
0.40145138
0.40144548
0.40144333
0.4014451
0.4014505
0.4014595
0.4014715
0.40148607
0.40150237
0.40151975
0.40153724
0.4015537
0.40156803
0.4015793
0.40158704
0.40159133
0.40159264
0.40159178
0.40158963
0.40158734
0.40158615
0.40158743
0.40159237
0.40160188
0.40161628
0.40163523
0.40165776
0.40168247
0.4017078
0.401732
0.40175405
0.40177283
0.40178803
0.40179935
0.40180674
0.4018104
0.4018105
0.40180728
0.40180108
0.40179235
0.40178162
0.4017695
0.4017566
0.40174353
0.40173057
0.40171796
0.40170598
0.40169498
0.40168548
0.40167776
0.40167177
0.40166718
0.40166342
0.40165967
0.40165538
0.40165025
0.40164453
0.40163827
0.40163165
0.40162456
0.40161675
0.4016079
0.40159783
0.40158662
0.40157476
0.4015629
0.40155193
0.4015427
0.40153587
0.40153217
0.4015319
0.4015352
0.40154216
0.4015525
0.40156582
0.40158135
0.40159824
0.40161532
0.4016312
0.4016446
0.4016546
0.40166074
0.40166292
0.40166152
0.4016571
0.4016503
0.40164152
0.4016307
0.40161777
0.4016026
0.4015856
0.40156755
0.40154925
0.40153202
0.40151665
0.4015038
0.40149385
0.40148672
0.4014822
0.4014798
0.40147886
0.4014787
0.40147915
0.40148014
0.40148187
0.40148464
0.4014888
0.40149468
0.40150264
0.40151265
0.4015243
0.40153688
0.40154934
0.40156078
0.40157056
0.4015784
0.40158454
0.4015895
0.4015941
0.401599
0.40160477
0.4016117
0.40161976
0.40162864
0.40163797
0.4016471
0.4016552
0.40166146
0.40166527
0.4016663
0.40166467
0.40166062
0.40165478
0.40164736
0.40163848
0.401628
0.40161565
0.40160164
0.4015862
0.40156993
0.4015532
0.40153646
0.40152046
0.40150568
0.40149292
0.4014826
0.40147522
0.40147105
0.40147
0.40147197
0.40147653
0.40148312
0.40149117
0.40149972
0.40150797
0.4015151
0.40152055
0.40152407
0.40152523
0.40152377
0.40151945
0.40151235
0.40150264
0.4014906
0.40147698
0.40146247
0.40144804
0.40143436
0.40142205
0.40141162
0.40140337
0.40139738
0.40139344
0.40139148
0.40139133
0.40139297
0.40139654
0.40140218
0.40141004
0.40142012
0.4014325
0.4014471
0.4014637
0.40148205
0.40150192
0.40152285
0.401544
0.40156427
0.40158245
0.40159735
0.4016082
0.40161481
0.4016176
0.40161738
0.40161562
0.40161374
0.40161312
0.40161458
0.4016187
0.40162572
0.40163538
0.40164742
0.401661
0.40167546
0.40168977
0.40170282
0.4017135
0.40172058
0.4017233
0.40172103
0.40171346
0.40170044
0.4016824
0.40166017
0.40163475
0.4016079
0.40158102
0.40155566
0.40153286
0.40151376
0.4014988
0.40148836
0.4014823
0.40148053
0.40148255
0.40148783
0.4014956
0.40150538
0.4015163
0.40152782
0.40153998
0.4015528
0.40156665
0.40158224
0.4015998
0.40161976
0.40164202
0.4016662
0.4016912
0.40171573
0.40173808
0.40175664
0.40177014
0.40177768
0.40177885
0.40177372
0.40176293
0.4017475
0.4017287
0.40170804
0.4016869
0.40166664
0.40164828
0.40163267
0.40162012
0.40161073
0.4016041
0.4015998
0.4015975
0.40159643
0.4015958
0.4015946
0.40159193
0.40158704
0.4015798
0.40157053
0.40155995
0.4015489
0.40153834
0.40152887
0.4015209
0.40151495
0.4015111
0.4015094
0.40150973
0.40151235
0.40151742
0.4015252
0.40153608
0.40155026
0.4015679
0.40158877
0.4016125
0.40163806
0.40166453
0.40169054
0.40171504
0.40173647
0.40175363
0.40176573
0.4017722
0.40177295
0.40176818
0.40175864
0.40174523
0.401729
0.40171137
0.4016941
0.4016789
0.40166765
0.40166187
0.4016623
0.4016691
0.401682
0.40169993
0.4017217
0.40174568
0.40177047
0.40179414
0.40181512
0.4018322
0.40184453
0.4018517
0.40185326
0.40184933
0.40183985
0.4018252
0.4018059
0.40178287
0.4017569
0.4017293
0.4017012
0.4016738
0.40164787
0.40162405
0.40160277
0.4015843
0.40156865
0.40155575
0.40154526
0.40153673
0.40152985
0.40152436
0.4015205
0.4015185
0.4015188
0.40152165
0.40152723
0.40153557
0.40154672
0.40156078
0.40157783
0.40159783
0.4016205
0.4016454
0.401672
0.40169966
0.40172735
0.40175402
0.40177867
0.40180013
0.40181774
0.40183085
0.40183935
0.40184316
0.4018426
0.401838
0.40183014
0.40181968
0.40180734
0.40179393
0.40177995
0.40176585
0.40175164
0.40173724
0.40172222
0.40170598
0.4016884
0.40166947
0.40164948
0.40162918
0.40160945
0.40159118
0.4015753
0.40156257
0.4015537
0.401549
0.40154892
0.40155333
0.40156224
0.4015752
0.40159178
0.40161115
0.40163246
0.40165445
0.40167567
0.40169507
0.40171176
0.40172502
0.40173465
0.4017407
0.40174335
0.40174276
0.40173912
0.40173277
0.40172404
0.4017136
0.40170223
0.40169087
0.4016802
0.40167084
0.4016628
0.40165624
0.40165117
0.4016477
0.40164578
0.40164518
0.40164542
0.4016457
0.401645
0.40164247
0.40163752
0.4016302
0.40162107
0.40161097
0.4016009
0.40159175
0.40158427
0.40157887
0.40157595
0.40157536
0.4015769
0.40158
0.40158382
0.4015874
0.40158987
0.40159076
0.40158993
0.40158758
0.40158412
0.40157998
0.4015755
0.40157127
0.40156758
0.40156472
0.4015626
0.4015612
0.4015603
0.40155962
0.40155917
0.40155905
0.40155926
0.40155977
0.40156063
0.40156174
0.40156293
0.4015642
0.40156573
0.4015677
0.40157044
0.4015738
0.40157792
0.40158287
0.40158904
0.4015969
0.40160683
0.40161917
0.40163404
0.40165144
0.40167132
0.40169302
0.40171555
0.40173757
0.4017578
0.40177476
0.40178767
0.4017955
0.40179798
0.40179467
0.4017856
0.401771
0.40175137
0.40172732
0.4016999
0.40167055
0.40164113
0.40161332
0.4015889
0.40156916
0.4015554
0.40154827
0.40154833
0.40155563
0.40156946
0.40158877
0.4016121
0.40163735
0.40166262
0.40168598
0.40170598
0.40172157
0.40173197
0.4017369
0.40173647
0.4017313
0.40172243
0.40171096
0.40169832
0.40168598
0.40167567
0.40166903
0.4016673
0.4016715
0.40168196
0.40169862
0.40172067
0.40174717
0.40177664
0.40180758
0.4018383
0.40186736
0.40189338
0.40191516
0.40193188
0.401943
0.4019482
0.40194744
0.40194067
0.40192837
0.4019108
0.40188882
0.40186307
0.4018346
0.40180475
0.40177503
0.40174717
0.40172297
0.4017041
0.40169176
0.40168694
0.40169042
0.40170315
0.40172637
0.40176165
0.40181166
0.40188065
0.4019755
0.40210703
0.40229127
0.40255257
0.40292072
0.40343833
0.40416363
0.40517512
0.40657923
0.4085178
0.41121182
0.4148847
0.41984564
0.42656726
0.4356922
0.44783145
