0.44252264
0.43200272
0.42411005
0.4181669
0.41373003
0.4104545
0.40805537
0.4062915
0.4050012
0.4040645
0.4033837
0.40288976
0.40253085
0.4022692
0.40207735
0.40193567
0.40183064
0.401753
0.4016966
0.40165702
0.40163127
0.40161663
0.4016108
0.4016115
0.40161666
0.40162438
0.4016332
0.40164173
0.40164876
0.40165314
0.40165433
0.40165225
0.40164724
0.40163982
0.40163064
0.4016204
0.40160963
0.40159902
0.40158913
0.40158024
0.4015724
0.40156573
0.40155986
0.40155455
0.4015496
0.40154514
0.40154138
0.4015387
0.4015373
0.40153748
0.40153933
0.40154302
0.40154833
0.40155512
0.401563
0.40157145
0.40157974
0.4015871
0.40159252
0.40159586
0.4015969
0.40159625
0.40159476
0.40159348
0.4015932
0.40159452
0.40159783
0.40160298
0.40160978
0.4016178
0.40162647
0.40163475
0.4016416
0.40164596
0.40164706
0.40164465
0.40163898
0.4016312
0.40162224
0.40161353
0.4016061
0.40160057
0.40159735
0.4015963
0.4015968
0.4015981
0.40159887
0.40159813
0.4015951
0.4015896
0.40158188
0.4015728
0.40156293
0.40155315
0.40154395
0.40153578
0.401529
0.40152436
0.40152216
0.40152285
0.40152657
0.40153328
0.4015427
0.40155435
0.40156755
0.40158126
0.40159458
0.40160653
0.4016161
0.40162244
0.40162474
0.40162274
0.40161675
0.4016074
0.40159598
0.4015837
0.40157205
0.401562
0.40155447
0.40154994
0.40154862
0.40155062
0.40155563
0.40156344
0.40157384
0.4015867
0.40160167
0.40161863
0.40163726
0.40165702
0.40167734
0.4016974
0.40171626
0.40173346
0.40174875
0.40176207
0.40177354
0.40178323
0.40179095
0.40179604
0.40179756
0.40179428
0.40178552
0.40177056
0.4017495
0.4017227
0.40169117
0.40165657
0.40162084
0.401586
0.4015538
0.4015256
0.40150237
0.4014845
0.40147206
0.40146476
0.40146244
0.4014646
0.40147075
0.40148044
0.4014928
0.40150684
0.40152133
0.4015349
0.4015462
0.40155402
0.4015572
0.4015552
0.401548
0.4015361
0.4015207
0.40150332
0.40148556
0.4014688
0.401454
0.40144172
0.40143216
0.40142542
0.40142122
0.40141934
0.40141943
0.40142113
0.4014241
0.40142825
0.40143338
0.4014395
0.4014465
0.40145445
0.4014631
0.40147197
0.40148073
0.40148863
0.40149492
0.40149862
0.40149927
0.40149656
0.40149066
0.40148202
0.40147126
0.40145916
0.40144652
0.40143397
0.40142253
0.40141267
0.40140527
0.4014009
0.4013999
0.40140244
0.4014084
0.4014173
0.40142864
0.40144175
0.40145615
0.4014711
0.40148598
0.4015004
0.40151381
0.40152586
0.40153593
0.4015438
0.4015487
0.40155026
0.40154827
0.40154302
0.4015351
0.40152553
0.40151516
0.40150493
0.40149564
0.40148756
0.40148112
0.4014765
0.4014739
0.40147355
0.40147546
0.40147942
0.40148538
0.4014929
0.40150172
0.4015112
0.40152067
0.40152934
0.40153635
0.4015409
0.4015424
0.4015408
0.40153658
0.40153047
0.40152317
0.4015155
0.40150836
0.4015021
0.4014972
0.4014937
0.40149188
0.40149185
0.40149343
0.4014963
0.40149996
0.4015039
0.40150774
0.401511
0.40151373
0.4015161
0.40151876
0.40152228
0.4015271
0.40153337
0.40154085
0.40154886
0.40155652
0.40156302
0.4015679
0.4015708
0.40157172
0.40157065
0.40156803
0.40156412
0.40155932
0.4015535
0.40154696
0.4015395
0.40153134
0.40152276
0.40151402
0.4015055
0.40149745
0.40149054
0.40148503
0.40148136
0.4014795
0.40147963
0.4014816
0.4014853
0.40149042
0.40149668
0.40150383
0.4015116
0.40152028
0.4015303
0.40154207
0.40155578
0.40157175
0.40158966
0.40160948
0.40163088
0.4016534
0.4016767
0.40170032
0.40172365
0.40174577
0.4017655
0.40178156
0.40179336
0.40180045
0.40180278
0.40180087
0.40179548
0.40178755
0.40177792
0.40176743
0.40175655
0.40174553
0.4017345
0.40172338
0.40171203
0.40170005
0.40168753
0.40167445
0.40166125
0.40164822
0.40163562
0.40162343
0.40161186
0.40160114
0.4015919
0.40158483
0.40158066
0.40157986
0.40158257
0.40158832
0.401596
0.40160432
0.40161133
0.40161538
0.4016149
0.4016093
0.4015985
0.40158322
0.4015647
0.4015444
0.40152374
0.40150428
0.40148735
0.40147385
0.40146452
0.40145943
0.4014583
0.40146035
0.4014647
0.40147018
0.40147582
0.40148082
0.40148476
0.4014878
0.4014901
0.40149236
0.40149513
0.4014988
0.40150332
0.4015085
0.40151408
0.40151948
0.40152448
0.40152922
0.40153414
0.4015399
0.40154696
0.40155545
0.40156516
0.40157548
0.40158528
0.40159348
0.4015991
0.40160185
0.4016016
0.40159896
0.40159467
0.4015894
0.4015835
0.40157723
0.40157068
0.4015637
0.40155613
0.40154815
0.4015402
0.40153313
0.40152758
0.4015239
0.40152234
0.40152285
0.40152526
0.4015292
0.40153423
0.40153986
0.40154558
0.40155098
0.40155563
0.4015596
0.40156314
0.40156686
0.40157145
0.4015773
0.40158468
0.4015936
0.4016041
0.40161607
0.40162924
0.40164307
0.4016568
0.4016693
0.4016796
0.40168682
0.4016905
0.40169054
0.40168738
0.40168178
0.4016749
0.4016677
0.40166092
0.40165493
0.40164998
0.401646
0.4016429
0.40164068
0.4016391
0.40163788
0.40163678
0.40163565
0.4016347
0.4016342
0.4016347
0.4016366
0.40164036
0.40164632
0.4016547
0.4016658
0.40167978
0.40169668
0.40171596
0.40173665
0.40175748
0.4017768
0.40179312
0.40180513
0.4018119
0.4018129
0.40180793
0.40179703
0.40178052
0.401759
0.40173334
0.40170488
0.4016752
0.40164566
0.4016178
0.40159285
0.401572
0.40155575
0.40154463
0.40153864
0.40153748
0.4015407
0.40154782
0.40155807
0.4015706
0.40158415
0.40159747
0.40160957
0.40161952
0.40162742
0.40163362
0.40163913
0.40164486
0.40165162
0.40165982
0.4016698
0.4016812
0.4016937
0.40170598
0.40171698
0.40172535
0.40173015
0.4017307
0.4017268
0.40171894
0.4017077
0.40169457
0.4016809
0.40166837
0.40165836
0.4016522
0.4016506
0.40165433
0.40166336
0.40167707
0.40169394
0.4017123
0.40172988
0.40174484
0.40175548
0.40176085
0.40176028
0.4017539
0.4017423
0.40172645
0.4017077
0.40168753
0.40166736
0.4016482
0.4016307
0.40161526
0.40160212
0.40159127
0.40158278
0.4015769
0.40157387
0.40157375
0.40157697
0.40158343
0.40159297
0.401605
0.40161848
0.40163195
0.40164408
0.40165323
0.40165862
0.40165973
0.40165657
0.4016498
0.40164033
0.4016291
0.4016173
0.4016056
0.40159476
0.40158513
0.40157703
0.40157044
0.40156576
0.40156302
0.4015617
0.4015613
0.40156066
0.4015589
0.40155518
0.4015492
0.40154135
0.40153247
0.40152374
0.40151623
0.4015108
0.40150842
0.4015095
0.40151423
0.4015224
0.40153334
0.40154612
0.40155974
0.40157294
0.4015846
0.40159345
0.40159857
0.40159968
0.40159678
0.4015905
0.40158153
0.4015704
0.40155813
0.40154538
0.40153325
0.4015227
0.40151468
0.40151
0.4015092
0.4015126
0.40151998
0.4015307
0.401544
0.40155855
0.401573
0.40158632
0.4015979
0.40160763
0.4016161
0.40162423
0.40163282
0.40164256
0.40165386
0.40166646
0.40168002
0.4016938
0.40170693
0.40171874
0.4017284
0.40173483
0.4017375
0.40173578
0.4017294
0.40171847
0.40170333
0.40168455
0.40166283
0.40163884
0.40161356
0.4015878
0.40156245
0.4015385
0.40151665
0.40149748
0.40148127
0.40146813
0.40145805
0.4014506
0.40144545
0.401442
0.4014398
0.40143856
0.4014379
0.4014379
0.4014385
0.40144017
0.4014435
0.40144885
0.40145642
0.4014663
0.40147805
0.40149122
0.401505
0.4015185
0.4015307
0.4015408
0.4015484
0.4015537
0.40155745
0.40156072
0.4015645
0.4015695
0.40157634
0.40158504
0.40159547
0.4016075
0.40162072
0.40163505
0.40165034
0.40166628
0.4016824
0.40169775
0.40171126
0.4017222
0.40173
0.40173456
0.40173647
0.40173653
0.40173593
0.40173557
0.40173584
0.4017369
0.40173814
0.4017391
0.40173906
0.4017373
0.40173313
0.40172595
0.40171558
0.40170205
0.40168568
0.4016673
0.40164763
0.4016274
0.40160713
0.40158746
0.4015685
0.40155044
0.40153354
0.40151775
0.40150324
0.40149015
0.40147856
0.4014685
0.40145987
0.40145275
0.4014471
0.4014426
0.40143943
0.40143758
0.40143746
0.40143922
0.40144292
0.40144846
0.40145552
0.40146348
0.4014716
0.40147948
0.40148672
0.40149382
0.40150136
0.4015101
0.40152082
0.40153387
0.40154886
0.4015653
0.40158218
0.40159822
0.40161228
0.40162367
0.40163222
0.4016384
0.4016429
0.40164697
0.40165144
0.40165707
0.40166447
0.40167361
0.40168414
0.40169507
0.40170547
0.40171432
0.4017209
0.40172493
0.40172672
0.40172672
0.40172577
0.40172434
0.4017227
0.40172088
0.40171868
0.40171614
0.40171367
0.40171176
0.40171143
0.40171367
0.40171954
0.40172958
0.40174395
0.40176198
0.4017827
0.40180463
0.4018261
0.40184584
0.40186256
0.40187547
0.40188384
0.40188736
0.40188557
0.4018786
0.40186653
0.40184972
0.4018287
0.4018042
0.40177706
0.40174854
0.4017198
0.40169245
0.40166813
0.40164843
0.40163466
0.40162787
0.40162843
0.40163636
0.40165085
0.4016707
0.40169412
0.40171912
0.40174377
0.40176642
0.40178552
0.40179983
0.40180856
0.40181094
0.40180692
0.40179652
0.40178004
0.40175822
0.4017318
0.4017018
0.4016698
0.4016373
0.40160578
0.40157658
0.40155062
0.40152875
0.40151128
0.40149847
0.4014903
0.40148652
0.40148667
0.40149018
0.4014965
0.40150464
0.40151408
0.40152404
0.40153357
0.40154183
0.40154755
0.4015501
0.40154907
0.4015447
0.40153766
0.401529
0.40151995
0.40151152
0.40150434
0.40149885
0.40149513
0.40149307
0.40149274
0.40149403
0.4014971
0.4015022
0.40150964
0.40151924
0.40153053
0.4015427
0.40155447
0.40156463
0.40157208
0.401576
0.40157646
0.40157375
0.40156865
0.40156198
0.4015543
0.401546
0.4015374
0.40152854
0.40151986
0.4015117
0.40150416
0.4014978
0.40149245
0.40148798
0.40148413
0.4014805
0.40147683
0.40147343
0.40147075
0.40146968
0.4014708
0.4014748
0.40148196
0.40149245
0.40150604
0.4015221
0.40153995
0.4015585
0.40157658
0.40159294
0.4016062
0.40161562
0.4016206
0.40162134
0.40161824
0.4016126
0.40160555
0.40159792
0.4015906
0.40158364
0.40157732
0.40157154
0.40156624
0.40156144
0.4015573
0.40155417
0.4015525
0.40155268
0.40155515
0.4015606
0.40156922
0.4015814
0.40159705
0.40161583
0.40163717
0.40166017
0.4016833
0.40170494
0.40172356
0.40173775
0.4017466
0.4017497
0.40174726
0.40173995
0.40172884
0.4017151
0.4016999
0.40168405
0.40166834
0.4016529
0.40163782
0.40162292
0.40160787
0.4015923
0.40157613
0.4015594
0.4015421
0.40152442
0.4015069
0.40148988
0.40147427
0.40146035
0.40144885
0.4014402
0.40143472
0.4014327
0.40143445
0.40144017
0.40144995
0.40146348
0.40148044
0.4015004
0.40152296
0.40154737
0.40157276
0.40159792
0.40162155
0.40164256
0.40166023
0.40167415
0.40168425
0.40169096
0.4016946
0.40169582
0.40169495
0.40169242
0.40168813
0.40168175
0.40167278
0.40166083
0.40164563
0.40162727
0.4016062
0.40158308
0.40155905
0.4015351
0.40151203
0.40149054
0.4014713
0.4014546
0.4014406
0.40142906
0.40141976
0.40141225
0.4014063
0.40140176
0.40139884
0.40139797
0.4013992
0.4014026
0.4014081
0.40141553
0.40142444
0.4014344
0.40144482
0.40145522
0.4014653
0.4014744
0.401482
0.40148735
0.40148976
0.40148902
0.4014853
0.40147936
0.40147257
0.40146622
0.4014615
0.40145934
0.40146047
0.40146506
0.4014733
0.40148547
0.40150127
0.40152046
0.4015423
0.40156573
0.4015894
0.4016122
0.40163282
0.40165073
0.4016655
0.40167734
0.40168652
0.4016933
0.4016978
0.40169984
0.40169898
0.4016944
0.40168542
0.40167165
0.40165308
0.40163037
0.40160453
0.40157717
0.4015502
0.40152532
0.40150398
0.40148717
0.40147564
0.4014695
0.40146855
0.4014724
0.40148026
0.40149134
0.40150493
0.40152034
0.401537
0.40155447
0.40157256
0.40159115
0.4016102
0.40162927
0.40164763
0.40166417
0.40167746
0.40168655
0.4016906
0.40168944
0.40168345
0.40167364
0.40166134
0.4016482
0.40163562
0.40162516
0.40161806
0.40161532
0.40161747
0.40162456
0.40163618
0.40165144
0.4016687
0.4016862
0.40170172
0.4017135
0.4017198
0.4017198
0.40171316
0.40170014
0.40168172
0.40165937
0.4016349
0.40161026
0.40158734
0.40156797
0.40155342
0.40154454
0.4015416
0.4015444
0.401552
0.4015636
0.40157783
0.40159312
0.4016078
0.4016199
0.401628
0.40163088
0.4016282
0.40162048
0.4016085
0.40159383
0.40157798
0.40156242
0.40154815
0.40153626
0.40152735
0.4015222
0.40152133
0.4015251
0.40153334
0.40154564
0.40156108
0.40157855
0.40159693
0.40161487
0.40163088
0.40164366
0.40165222
0.40165597
0.40165505
0.40164974
0.40164104
0.40163013
0.40161848
0.40160742
0.4015981
0.40159118
0.40158716
0.40158594
0.40158707
0.4015895
0.40159217
0.40159392
0.40159395
0.40159175
0.40158725
0.40158084
0.40157324
0.40156543
0.40155825
0.40155262
0.40154907
0.40154812
0.40154982
0.40155414
0.4015606
0.40156856
0.40157738
0.40158653
0.40159598
0.40160534
0.4016146
0.40162328
0.40163088
0.4016364
0.40163925
0.40163904
0.40163597
0.40163067
0.4016237
0.40161568
0.40160683
0.40159753
0.4015876
0.40157717
0.40156627
0.40155515
0.40154433
0.4015343
0.4015258
0.4015192
0.40151474
0.40151253
0.40151215
0.40151307
0.40151453
0.40151548
0.40151525
0.40151343
0.40151018
0.4015062
0.40150246
0.4015001
0.4015004
0.40150422
0.4015125
0.40152577
0.4015442
0.40156785
0.40159613
0.40162802
0.40166238
0.40169775
0.40173244
0.40176457
0.40179262
0.40181515
0.40183127
0.40184003
0.40184122
0.40183467
0.4018211
0.40180132
0.4017767
0.4017488
0.40171948
0.40169054
0.40166366
0.40164033
0.40162182
0.4016089
0.40160215
0.40160173
0.4016076
0.40161914
0.4016355
0.40165547
0.40167788
0.40170124
0.401724
0.40174446
0.40176126
0.40177312
0.40177917
0.40177912
0.40177307
0.4017619
0.40174708
0.40173024
0.40171343
0.40169853
0.40168715
0.4016802
0.40167797
0.40168
0.40168512
0.40169173
0.40169787
0.4017018
0.401702
0.40169755
0.40168807
0.40167388
0.4016557
0.40163496
0.40161318
0.40159205
0.40157312
0.40155765
0.40154678
0.40154123
0.40154135
0.40154728
0.4015586
0.40157443
0.40159383
0.40161505
0.40163627
0.40165588
0.40167224
0.40168464
0.40169278
0.40169677
0.40169758
0.40169626
0.40169382
0.40169138
0.40168926
0.40168768
0.40168604
0.40168363
0.40167943
0.40167293
0.4016638
0.40165234
0.40163925
0.4016257
0.40161297
0.40160245
0.4015953
0.40159205
0.40159267
0.40159646
0.40160227
0.40160877
0.4016142
0.40161762
0.4016184
0.40161666
0.40161288
0.40160787
0.40160236
0.40159696
0.4015922
0.40158826
0.40158513
0.40158248
0.40158024
0.40157804
0.40157604
0.40157443
0.40157345
0.40157342
0.4015742
0.40157554
0.40157723
0.4015788
0.40157992
0.40158027
0.40158
0.40157896
0.4015772
0.4015746
0.40157086
0.4015657
0.40155882
0.4015504
0.40154088
0.40153116
0.40152195
0.40151432
0.40150878
0.40150595
0.40150622
0.40150976
0.4015167
0.40152726
0.40154165
0.40156
0.40158248
0.40160877
0.40163845
0.4016709
0.4017053
0.40174043
0.4017751
0.40180793
0.40183792
0.40186384
0.40188482
0.40190023
0.40190956
0.4019125
0.40190896
0.40189883
0.40188244
0.40186
0.40183222
0.40179998
0.4017644
0.40172672
0.40168858
0.4016511
0.4016158
0.4015836
0.40155515
0.40153086
0.40151095
0.40149528
0.40148354
0.40147546
0.4014706
0.40146846
0.40146863
0.40147087
0.4014748
0.40148023
0.40148672
0.40149385
0.40150088
0.40150708
0.40151188
0.401515
0.40151626
0.40151578
0.40151376
0.40151075
0.40150738
0.40150422
0.40150172
0.40150008
0.40149927
0.40149933
0.4015
0.40150073
0.40150115
0.40150067
0.40149903
0.4014962
0.4014927
0.40148896
0.4014857
0.4014837
0.40148368
0.40148598
0.40149102
0.40149853
0.40150815
0.40151924
0.40153092
0.40154216
0.40155184
0.40155908
0.40156347
0.40156513
0.40156454
0.40156245
0.40155983
0.40155742
0.40155593
0.4015557
0.40155688
0.4015594
0.40156305
0.40156764
0.40157267
0.40157786
0.40158257
0.401586
0.40158752
0.4015865
0.40158278
0.40157655
0.4015681
0.40155876
0.40154952
0.4015412
0.40153524
0.40153223
0.40153295
0.4015373
0.401545
0.40155494
0.40156606
0.40157673
0.40158546
0.401591
0.40159243
0.40158936
0.40158197
0.40157095
0.4015573
0.40154234
0.4015271
0.4015127
0.40149972
0.40148854
0.40147966
0.4014734
0.40147007
0.40146983
0.40147284
0.40147874
0.401487
0.40149692
0.40150794
0.40151924
0.40153053
0.40154192
0.4015538
0.40156665
0.4015811
0.40159744
0.40161598
0.4016367
0.401659
0.40168193
0.401704
0.40172383
0.40173995
0.4017512
0.4017572
0.40175778
0.40175334
0.40174478
0.40173334
0.40172052
0.40170762
0.40169573
0.40168542
0.4016766
0.40166894
0.4016616
0.401654
0.40164557
0.40163597
0.40162516
0.4016133
0.40160075
0.40158784
0.40157497
0.40156218
0.4015495
0.40153688
0.40152448
0.40151235
0.4015009
0.40149048
0.40148163
0.40147486
0.40147054
0.4014689
0.40146992
0.40147316
0.4014781
0.4014842
0.40149137
0.40149954
0.40150928
0.40152088
0.40153447
0.4015501
0.40156773
0.40158716
0.40160793
0.40162978
0.40165225
0.40167513
0.4016981
0.40172112
0.40174416
0.40176728
0.40179026
0.4018125
0.40183285
0.40185055
0.40186453
0.40187415
0.40187913
0.4018794
0.4018751
0.40186656
0.4018541
0.40183824
0.4018193
0.4017977
0.40177417
0.4017491
0.40172312
0.4016966
0.40166956
0.40164232
0.40161532
0.40158895
0.40156403
0.40154096
0.40152037
0.40150267
0.40148827
0.40147737
0.40146983
0.40146562
0.40146455
0.40146622
0.40147027
0.40147635
0.4014842
0.40149358
0.4015047
0.40151793
0.40153357
0.4015519
0.4015729
0.40159637
0.40162167
0.40164787
0.40167356
0.40169728
0.40171748
0.40173286
0.40174255
0.40174603
0.4017434
0.40173528
0.40172264
0.40170693
0.4016898
0.40167305
0.40165806
0.40164614
0.4016384
0.40163568
0.40163866
0.40164745
0.40166184
0.40168118
0.40170464
0.40173104
0.401759
0.40178707
0.40181372
0.4018377
0.40185803
0.40187404
0.4018852
0.40189144
0.40189293
0.40188947
0.4018815
0.4018694
0.40185368
0.40183508
0.40181458
0.40179327
0.4017723
0.40175286
0.4017359
0.40172178
0.4017105
0.40170163
0.40169463
0.40168902
0.4016845
0.40168124
0.40167922
0.40167838
0.4016785
0.4016789
0.40167853
0.4016764
0.40167138
0.40166304
0.40165162
0.40163755
0.40162203
0.40160644
0.40159217
0.40158033
0.40157178
0.40156692
0.40156567
0.4015677
0.40157223
0.40157852
0.4015855
0.40159243
0.40159878
0.4016045
0.40160993
0.40161568
0.4016224
0.4016308
0.40164134
0.40165445
0.4016704
0.401689
0.4017096
0.4017308
0.4017512
0.401769
0.40178296
0.40179178
0.40179473
0.40179157
0.40178245
0.40176785
0.4017487
0.4017263
0.40170193
0.40167713
0.40165323
0.40163133
0.4016122
0.40159583
0.4015821
0.40157053
0.40156052
0.40155146
0.40154275
0.40153387
0.4015246
0.4015152
0.40150607
0.40149784
0.40149102
0.40148607
0.4014835
0.4014835
0.40148625
0.40149134
0.40149868
0.40150732
0.40151647
0.4015253
0.40153342
0.4015408
0.40154764
0.40155435
0.40156132
0.40156895
0.40157732
0.40158638
0.4015957
0.40160495
0.40161398
0.40162277
0.40163106
0.40163898
0.4016466
0.40165415
0.40166202
0.40166995
0.40167773
0.40168455
0.4016894
0.40169168
0.40169063
0.40168622
0.40167832
0.4016675
0.40165415
0.401639
0.40162233
0.40160424
0.40158468
0.40156382
0.40154225
0.40152058
0.40149954
0.40147993
0.4014621
0.40144655
0.4014335
0.40142286
0.40141457
0.4014084
0.4014042
0.4014017
0.40140054
0.40140104
0.40140328
0.40140748
0.40141386
0.4014225
0.40143347
0.40144652
0.40146154
0.40147838
0.40149716
0.40151775
0.4015403
0.40156454
0.40159002
0.40161648
0.4016429
0.40166828
0.40169114
0.40171045
0.40172523
0.401735
0.40173954
0.40173903
0.4017339
0.40172508
0.40171355
0.4017003
0.4016861
0.40167183
0.40165776
0.40164393
0.40163046
0.40161765
0.40160584
0.40159598
0.4015886
0.40158442
0.40158382
0.40158674
0.4015927
0.40160078
0.40160978
0.40161824
0.40162498
0.4016289
0.40162966
0.40162757
0.4016232
0.4016174
0.4016111
0.40160486
0.401599
0.40159348
0.40158826
0.40158325
0.4015786
0.40157482
0.4015722
0.40157095
0.40157092
0.40157178
0.401573
0.40157443
0.40157607
0.40157822
0.40158078
0.40158382
0.40158695
0.4015895
0.40159073
0.40158996
0.4015871
0.40158203
0.4015751
0.40156636
0.40155596
0.40154383
0.40153024
0.40151554
0.40150037
0.40148544
0.4014716
0.4014595
0.4014498
0.4014429
0.40143892
0.4014378
0.40143925
0.40144286
0.40144813
0.40145445
0.40146115
0.4014674
0.40147257
0.40147614
0.40147838
0.40147957
0.40148014
0.40148064
0.40148157
0.40148342
0.40148658
0.4014914
0.40149814
0.40150714
0.4015186
0.40153268
0.40154928
0.40156808
0.4015888
0.40161106
0.40163416
0.40165716
0.401679
0.4016982
0.40171364
0.4017243
0.4017297
0.40172964
0.40172458
0.40171528
0.4017029
0.40168867
0.40167364
0.40165854
0.40164366
0.401629
0.40161413
0.40159863
0.40158218
0.40156463
0.40154615
0.40152723
0.40150857
0.40149102
0.40147546
0.4014624
0.40145224
0.40144518
0.40144148
0.40144107
0.40144378
0.40144968
0.40145835
0.4014693
0.40148187
0.40149528
0.4015087
0.40152144
0.4015331
0.40154362
0.40155306
0.4015614
0.4015687
0.40157455
0.40157863
0.40158045
0.40157974
0.40157643
0.4015706
0.4015623
0.40155205
0.4015409
0.4015295
0.40151903
0.40151033
0.40150407
0.40150067
0.40150025
0.40150237
0.4015064
0.40151143
0.4015163
0.40152013
0.40152237
0.40152317
0.40152302
0.4015228
0.40152326
0.40152523
0.40152922
0.40153542
0.40154386
0.40155402
0.4015652
0.40157658
0.40158716
0.4015964
0.4016038
0.4016094
0.40161347
0.4016165
0.40161917
0.40162215
0.40162617
0.40163147
0.40163812
0.4016457
0.40165347
0.40166074
0.4016665
0.4016698
0.40166965
0.40166563
0.40165767
0.40164617
0.40163204
0.40161645
0.40160066
0.40158582
0.4015728
0.40156183
0.4015528
0.4015454
0.40153894
0.40153304
0.40152764
0.4015231
0.40152058
0.40152076
0.4015248
0.40153342
0.40154696
0.40156507
0.4015872
0.40161225
0.40163898
0.4016656
0.40169042
0.40171176
0.40172815
0.4017385
0.40174225
0.40173933
0.40173027
0.40171602
0.40169787
0.4016775
0.40165627
0.40163556
0.4016161
0.40159842
0.40158275
0.40156916
0.40155745
0.40154755
0.40153915
0.40153202
0.4015259
0.40152055
0.40151575
0.40151116
0.40150633
0.401501
0.4014951
0.40148887
0.4014829
0.40147784
0.40147448
0.401473
0.40147382
0.4014769
0.40148216
0.4014892
0.40149757
0.40150675
0.40151638
0.40152627
0.40153638
0.40154687
0.4015578
0.40156883
0.4015797
0.40159008
0.40159988
0.40160903
0.40161738
0.40162456
0.40162995
0.40163255
0.4016319
0.4016273
0.40161896
0.40160725
0.40159264
0.40157607
0.40155807
0.40153953
0.40152138
0.40150493
0.40149122
0.4014812
0.40147555
0.40147477
0.4014787
0.40148726
0.40149978
0.40151528
0.40153262
0.40155053
0.40156764
0.40158245
0.40159371
0.40160063
0.40160334
0.4016022
0.40159824
0.40159267
0.40158638
0.40158013
0.40157434
0.40156916
0.40156448
0.40156046
0.40155736
0.40155575
0.40155625
0.40155932
0.4015652
0.40157384
0.40158498
0.40159792
0.40161192
0.40162626
0.40164
0.4016524
0.40166315
0.40167195
0.401679
0.40168446
0.40168837
0.4016906
0.40169084
0.40168858
0.40168366
0.40167612
0.40166646
0.40165547
0.40164393
0.4016324
0.40162107
0.40161029
0.4016002
0.40159115
0.40158352
0.40157783
0.40157455
0.40157402
0.4015764
0.4015817
0.40158954
0.40159947
0.4016108
0.40162265
0.4016344
0.40164554
0.40165538
0.4016633
0.4016688
0.4016714
0.4016714
0.40166926
0.401666
0.4016629
0.40166125
0.4016623
0.40166688
0.40167555
0.4016884
0.40170488
0.40172404
0.40174446
0.4017646
0.401783
0.4017983
0.4018094
0.4018154
0.40181544
0.40180907
0.40179607
0.40177664
0.40175146
0.4017215
0.4016884
0.401654
0.4016202
0.40158877
0.40156123
0.4015385
0.401521
0.40150866
0.40150094
0.40149698
0.4014957
0.40149575
0.40149605
0.40149558
0.40149394
0.40149117
0.4014876
0.40148368
0.40147972
0.40147632
0.4014739
0.4014728
0.40147293
0.4014742
0.40147623
0.40147874
0.40148145
0.40148428
0.40148702
0.4014898
0.40149263
0.40149587
0.4014998
0.40150458
0.4015103
0.40151697
0.40152448
0.40153277
0.40154156
0.4015506
0.4015596
0.4015681
0.40157622
0.40158403
0.40159205
0.4016008
0.4016109
0.4016223
0.40163478
0.4016479
0.40166116
0.40167433
0.4016872
0.4016998
0.4017117
0.40172246
0.40173137
0.40173787
0.40174168
0.4017426
0.40174106
0.4017372
0.40173137
0.4017235
0.40171337
0.40170062
0.4016851
0.40166652
0.40164548
0.40162244
0.40159827
0.40157402
0.4015507
0.40152937
0.40151083
0.4014953
0.40148315
0.40147403
0.40146762
0.40146384
0.4014624
0.40146318
0.40146607
0.4014711
0.40147817
0.40148708
0.4014975
0.40150887
0.40152073
0.4015325
0.4015438
0.40155405
0.40156338
0.40157205
0.40158045
0.40158904
0.40159804
0.40160733
0.4016168
0.40162608
0.40163523
0.40164438
0.40165418
0.40166548
0.40167898
0.40169498
0.40171373
0.40173477
0.4017574
0.40178034
0.40180242
0.4018223
0.40183887
0.40185133
0.4018589
0.4018612
0.40185803
0.4018496
0.40183634
0.4018192
0.40179938
0.40177834
0.40175763
0.4017384
0.4017216
0.40170735
0.4016956
0.40168583
0.40167788
0.4016714
0.40166667
0.40166402
0.40166336
0.40166464
0.4016671
0.4016698
0.401672
0.40167314
0.40167296
0.4016714
0.40166867
0.40166473
0.40165973
0.40165374
0.40164697
0.40164003
0.40163356
0.4016284
0.40162516
0.4016242
0.40162587
0.4016302
0.40163678
0.4016449
0.40165338
0.40166074
0.40166575
0.4016674
0.40166524
0.40165913
0.4016494
0.40163684
0.4016224
0.40160713
0.40159163
0.40157676
0.401563
0.40155056
0.40153953
0.40152982
0.40152168
0.40151542
0.4015111
0.40150884
0.40150836
0.40150928
0.40151104
0.40151277
0.40151426
0.40151533
0.40151638
0.4015179
0.40152022
0.40152374
0.40152836
0.40153423
0.40154123
0.40154892
0.40155703
0.40156484
0.40157202
0.40157863
0.40158486
0.40159103
0.40159738
0.40160394
0.4016104
0.4016162
0.40162107
0.40162483
0.4016279
0.40163094
0.40163466
0.4016399
0.4016471
0.40165612
0.4016665
0.40167707
0.40168634
0.40169284
0.40169516
0.40169242
0.40168437
0.40167138
0.40165415
0.40163413
0.40161225
0.40158996
0.40156877
0.4015501
0.4015353
0.4015252
0.40152043
0.4015212
0.40152755
0.40153894
0.40155452
0.401573
0.40159285
0.40161243
0.40162995
0.4016442
0.40165433
0.40166023
0.40166205
0.4016604
0.4016562
0.40165052
0.40164435
0.4016382
0.40163267
0.40162778
0.40162334
0.40161934
0.40161526
0.40161073
0.40160525
0.40159822
0.40158913
0.4015775
0.40156344
0.40154743
0.4015305
0.4015141
0.4014998
0.40148896
0.40148282
0.40148225
0.40148795
0.4015
0.40151817
0.40154198
0.40157053
0.40160233
0.4016359
0.40166923
0.40170035
0.4017272
0.40174806
0.40176165
0.40176716
0.4017645
0.40175405
0.40173692
0.40171444
0.40168858
0.40166137
0.40163478
0.401611
0.4015915
0.40157735
0.40156898
0.40156662
0.40156972
0.40157738
0.40158844
0.40160125
0.40161407
0.40162542
0.40163416
0.40163964
0.40164194
0.40164134
0.40163827
0.40163332
0.40162686
0.40161908
0.40161037
0.40160108
0.40159145
0.4015816
0.40157148
0.40156117
0.4015507
0.40154016
0.40152985
0.40151992
0.40151075
0.4015026
0.40149555
0.4014897
0.40148512
0.40148222
0.4014814
0.40148318
0.4014879
0.4014957
0.40150657
0.40152028
0.4015366
0.4015549
0.40157485
0.4015956
0.40161613
0.40163514
0.40165138
0.4016639
0.4016721
0.40167612
0.40167636
0.4016735
0.40166858
0.40166268
0.40165684
0.40165204
0.40164873
0.4016471
0.401647
0.40164816
0.40165043
0.40165374
0.4016586
0.4016653
0.40167403
0.40168482
0.40169707
0.40171015
0.4017232
0.40173528
0.40174574
0.4017543
0.40176108
0.40176666
0.4017719
0.40177792
0.40178543
0.401795
0.40180647
0.4018191
0.40183178
0.4018432
0.40185186
0.40185696
0.40185753
0.40185323
0.40184402
0.40183002
0.40181187
0.4017904
0.40176687
0.40174234
0.40171835
0.40169597
0.4016764
0.40166023
0.40164804
0.40164018
0.40163675
0.4016376
0.40164247
0.40165058
0.40166134
0.40167364
0.40168628
0.40169805
0.4017078
0.40171486
0.40171903
0.40172046
0.40171936
0.401716
0.40171018
0.40170193
0.4016911
0.40167806
0.4016636
0.40164864
0.40163445
0.40162218
0.40161303
0.40160784
0.40160695
0.40161076
0.40161884
0.40163037
0.40164447
0.40165967
0.40167442
0.40168726
0.4016971
0.40170327
0.40170544
0.40170375
0.40169865
0.4016907
0.40168056
0.40166914
0.40165707
0.4016453
0.40163445
0.401625
0.40161744
0.40161175
0.40160787
0.4016056
0.40160483
0.40160516
0.4016063
0.40160757
0.40160832
0.40160814
0.40160683
0.401605
0.40160337
0.40160283
0.4016043
0.40160853
0.40161586
0.40162653
0.4016401
0.4016562
0.40167424
0.40169367
0.4017141
0.40173528
0.40175644
0.40177688
0.4017956
0.4018117
0.40182433
0.4018328
0.40183675
0.40183595
0.40183058
0.40182126
0.40180883
0.40179428
0.40177906
0.40176424
0.40175048
0.401738
0.40172678
0.40171665
0.40170768
0.40169993
0.4016938
0.40168962
0.40168795
0.40168926
0.40169367
0.40170103
0.4017106
0.40172127
0.40173185
0.40174133
0.40174884
0.40175432
0.4017578
0.40175962
0.4017608
0.40176213
0.40176442
0.40176785
0.40177238
0.40177792
0.4017842
0.40179148
0.40179956
0.4018087
0.4018188
0.4018296
0.40184048
0.4018507
0.40185934
0.4018655
0.40186864
0.40186808
0.40186352
0.4018546
0.4018412
0.4018235
0.40180174
0.40177643
0.40174815
0.40171772
0.4016858
0.40165338
0.4016214
0.40159094
0.40156275
0.4015375
0.40151578
0.4014977
0.40148315
0.40147203
0.40146428
0.40145978
0.40145856
0.4014605
0.4014654
0.40147263
0.40148154
0.4014911
0.4015003
0.40150818
0.40151432
0.4015187
0.40152174
0.4015242
0.4015268
0.40153039
0.4015354
0.4015421
0.40155038
0.40156
0.40157053
0.40158135
0.4015915
0.40160024
0.4016068
0.40161073
0.40161195
0.40161073
0.40160742
0.40160245
0.4015963
0.40158972
0.40158337
0.40157792
0.40157384
0.40157163
0.4015719
0.40157488
0.4015805
0.40158814
0.40159693
0.40160552
0.40161252
0.40161687
0.40161806
0.40161595
0.4016111
0.4016044
0.4015967
0.40158868
0.4015808
0.40157333
0.40156594
0.40155858
0.40155098
0.40154284
0.4015343
0.40152532
0.4015162
0.4015076
0.40150025
0.40149486
0.40149212
0.4014924
0.40149575
0.40150198
0.4015106
0.40152118
0.40153328
0.40154645
0.40156
0.4015733
0.40158528
0.401595
0.40160164
0.401605
0.40160534
0.40160304
0.4015987
0.40159303
0.40158653
0.40158004
0.40157402
0.4015689
0.40156513
0.40156257
0.40156087
0.40155956
0.4015582
0.4015562
0.4015536
0.4015508
0.4015486
0.40154782
0.40154913
0.40155265
0.40155858
0.40156642
0.40157604
0.40158692
0.40159842
0.4016101
0.40162128
0.4016319
0.40164214
0.4016525
0.40166357
0.4016755
0.4016884
0.40170175
0.40171453
0.4017257
0.4017342
0.40173894
0.40173936
0.40173528
0.4017269
0.40171486
0.40170035
0.40168458
0.40166903
0.40165496
0.40164357
0.40163562
0.40163165
0.4016319
0.40163586
0.40164337
0.40165356
0.40166572
0.40167853
0.401691
0.4017018
0.40171018
0.40171546
0.4017176
0.40171692
0.40171406
0.40170968
0.40170464
0.4016992
0.40169352
0.40168738
0.40168032
0.40167212
0.40166265
0.4016521
0.40164104
0.4016302
0.4016202
0.40161145
0.40160418
0.40159813
0.40159312
0.4015892
0.40158647
0.4015852
0.4015856
0.40158758
0.40159073
0.40159407
0.40159646
0.4015967
0.4015939
0.40158775
0.4015786
0.40156725
0.40155464
0.40154174
0.40152946
0.40151843
0.40150928
0.40150228
0.40149766
0.40149525
0.40149468
0.40149552
0.4014971
0.4014988
0.40150034
0.40150163
0.40150273
0.40150362
0.40150473
0.4015062
0.40150833
0.40151116
0.401515
0.40151986
0.4015259
0.4015334
0.4015425
0.40155324
0.40156564
0.40157914
0.4015931
0.40160683
0.40161982
0.4016318
0.40164325
0.40165487
0.40166754
0.4016823
0.40170047
0.4017241
0.4017562
0.40180123
0.40186492
0.40195543
0.40208364
0.40226492
0.40252322
0.40288746
0.4034001
0.4041196
0.4051253
0.40652412
0.4084587
0.41115057
0.4148237
0.41978753
0.42651507
0.43564886
0.44779927
