0.44268024
0.43220866
0.4243572
0.41844845
0.41403815
0.41078115
0.4083903
0.40662584
0.40532696
0.404375
0.4036741
0.40315706
0.40277427
0.4024895
0.4022763
0.40211597
0.40199494
0.40190402
0.4018363
0.40178692
0.40175182
0.40172765
0.40171134
0.40170002
0.40169096
0.4016824
0.4016731
0.40166247
0.40165055
0.40163776
0.40162447
0.4016112
0.401598
0.40158513
0.40157264
0.4015614
0.40155205
0.40154555
0.4015423
0.40154293
0.4015475
0.40155604
0.4015683
0.40158364
0.40160134
0.40162003
0.40163842
0.40165484
0.40166765
0.40167567
0.401678
0.40167454
0.40166545
0.40165162
0.40163422
0.4016149
0.4015953
0.40157703
0.40156132
0.40154916
0.40154105
0.40153703
0.4015367
0.40153927
0.4015438
0.40154937
0.40155524
0.40156063
0.40156534
0.4015689
0.40157065
0.40157017
0.40156677
0.4015603
0.40155104
0.40153953
0.40152678
0.4015138
0.40150133
0.40149015
0.40148073
0.4014733
0.4014681
0.4014649
0.40146354
0.40146384
0.40146548
0.4014683
0.40147203
0.4014763
0.40148038
0.40148386
0.4014863
0.4014876
0.40148824
0.40148887
0.40149042
0.4014937
0.40149936
0.40150803
0.40151986
0.401535
0.401553
0.40157306
0.40159416
0.4016152
0.40163508
0.4016528
0.40166733
0.4016774
0.40168226
0.4016815
0.401675
0.40166342
0.4016479
0.40162995
0.40161103
0.40159246
0.4015752
0.40155986
0.40154678
0.40153617
0.40152827
0.40152314
0.4015211
0.40152237
0.40152696
0.4015349
0.40154582
0.4015594
0.40157488
0.4015916
0.40160865
0.40162498
0.40163925
0.4016504
0.4016579
0.4016617
0.40166196
0.40165955
0.40165523
0.40164992
0.4016441
0.4016382
0.40163255
0.40162736
0.40162224
0.40161714
0.401612
0.40160698
0.40160227
0.40159836
0.40159547
0.40159416
0.4015952
0.40159965
0.40160844
0.4016221
0.4016408
0.4016641
0.40169087
0.40171936
0.40174758
0.40177327
0.40179452
0.4018099
0.40181834
0.40181947
0.40181342
0.40180114
0.40178382
0.40176308
0.4017407
0.40171865
0.40169865
0.4016819
0.401669
0.40166008
0.4016549
0.40165275
0.40165263
0.40165386
0.40165547
0.40165707
0.40165854
0.40166017
0.40166256
0.4016666
0.40167278
0.40168113
0.4016912
0.40170214
0.40171275
0.40172186
0.4017287
0.40173244
0.40173286
0.40173003
0.4017246
0.40171716
0.401709
0.40170118
0.40169448
0.40168926
0.40168542
0.40168202
0.40167823
0.4016731
0.40166605
0.4016565
0.40164453
0.40163025
0.401614
0.4015963
0.40157774
0.40155908
0.40154094
0.40152404
0.40150896
0.40149614
0.40148625
0.40147966
0.40147692
0.4014783
0.40148368
0.4014929
0.40150553
0.40152133
0.40153942
0.40155917
0.40157947
0.40159938
0.40161797
0.40163466
0.40164936
0.40166238
0.4016743
0.40168554
0.40169606
0.40170532
0.40171245
0.40171638
0.40171593
0.40171042
0.40169936
0.40168294
0.40166196
0.40163743
0.40161115
0.40158477
0.40155986
0.40153757
0.40151912
0.40150493
0.40149528
0.4014902
0.40148938
0.40149215
0.401498
0.40150604
0.40151602
0.40152767
0.40154085
0.40155524
0.40157026
0.40158528
0.40159956
0.40161225
0.4016231
0.40163207
0.40163958
0.40164602
0.40165162
0.40165657
0.40166032
0.40166235
0.40166178
0.40165794
0.4016504
0.4016395
0.40162563
0.40161
0.40159348
0.401577
0.40156123
0.40154648
0.40153325
0.40152168
0.4015122
0.40150478
0.40149954
0.40149614
0.4014944
0.40149385
0.40149403
0.4014945
0.4014949
0.4014948
0.401494
0.40149266
0.4014911
0.4014896
0.4014885
0.4014882
0.40148848
0.40148914
0.4014898
0.40148982
0.40148854
0.40148553
0.40148053
0.40147358
0.40146497
0.40145528
0.40144515
0.40143526
0.40142635
0.4014191
0.40141407
0.40141186
0.40141287
0.40141714
0.40142483
0.4014358
0.40144968
0.40146607
0.40148428
0.40150374
0.40152374
0.40154356
0.4015625
0.40157974
0.40159425
0.40160528
0.40161207
0.40161467
0.40161327
0.40160862
0.4016019
0.40159425
0.4015868
0.40158042
0.40157542
0.4015719
0.4015696
0.4015683
0.40156797
0.4015688
0.40157112
0.40157506
0.40158054
0.40158743
0.40159535
0.40160406
0.40161312
0.40162218
0.40163064
0.4016384
0.40164515
0.401651
0.4016555
0.40165824
0.40165868
0.40165636
0.4016511
0.4016429
0.40163165
0.40161747
0.40160066
0.4015818
0.40156183
0.40154147
0.40152165
0.40150297
0.40148562
0.40146986
0.40145564
0.40144262
0.40143085
0.40142012
0.4014105
0.4014021
0.40139493
0.4013892
0.4013849
0.4013823
0.40138137
0.4013821
0.4013844
0.4013887
0.40139526
0.4014044
0.40141666
0.40143228
0.40145147
0.40147436
0.40150085
0.40153047
0.40156257
0.40159616
0.40163007
0.40166298
0.40169364
0.40172058
0.40174243
0.40175807
0.40176672
0.40176812
0.40176234
0.40175
0.40173224
0.4017101
0.40168512
0.40165862
0.40163207
0.4016067
0.40158367
0.40156367
0.40154737
0.4015349
0.40152642
0.40152156
0.40152007
0.40152147
0.40152526
0.40153083
0.40153745
0.4015445
0.40155113
0.4015566
0.40156034
0.401562
0.40156183
0.40156007
0.40155768
0.40155533
0.40155387
0.40155417
0.4015571
0.40156335
0.40157342
0.40158734
0.4016047
0.4016247
0.40164635
0.40166813
0.40168837
0.40170562
0.4017187
0.40172702
0.40173024
0.40172875
0.40172347
0.40171576
0.40170717
0.40169922
0.4016929
0.4016887
0.40168652
0.40168574
0.40168533
0.40168405
0.40168083
0.40167508
0.40166658
0.40165573
0.40164343
0.40163103
0.40162012
0.40161222
0.40160856
0.40160984
0.40161628
0.40162754
0.4016425
0.40165988
0.401678
0.4016952
0.40171006
0.4017217
0.4017294
0.4017331
0.40173292
0.4017293
0.4017224
0.40171257
0.40169978
0.4016842
0.401666
0.40164575
0.40162456
0.40160346
0.401584
0.40156728
0.4015542
0.4015454
0.40154096
0.40154055
0.40154347
0.40154862
0.40155515
0.4015619
0.40156817
0.40157357
0.40157798
0.40158108
0.40158263
0.40158215
0.40157947
0.4015746
0.40156803
0.40156028
0.401552
0.4015437
0.40153584
0.40152833
0.40152133
0.401515
0.40150988
0.40150663
0.40150598
0.40150854
0.40151465
0.40152445
0.4015376
0.4015534
0.40157086
0.4015887
0.40160587
0.40162155
0.4016355
0.4016479
0.4016592
0.40166962
0.40167934
0.4016878
0.40169433
0.40169832
0.40169916
0.40169683
0.40169173
0.40168405
0.4016742
0.40166244
0.40164906
0.40163445
0.40161934
0.40160447
0.40159082
0.40157917
0.40157008
0.40156394
0.40156123
0.4015618
0.40156573
0.40157282
0.4015826
0.40159476
0.40160903
0.40162513
0.40164244
0.40166023
0.40167743
0.40169305
0.40170622
0.40171653
0.4017238
0.4017282
0.40173003
0.4017293
0.4017257
0.40171912
0.40170917
0.4016961
0.40168032
0.40166253
0.40164366
0.4016249
0.40160733
0.40159187
0.40157926
0.40157
0.4015647
0.40156364
0.40156692
0.40157458
0.4015859
0.40160015
0.40161607
0.40163207
0.4016466
0.40165824
0.40166563
0.4016681
0.4016652
0.4016569
0.4016436
0.40162623
0.40160593
0.40158427
0.40156257
0.40154228
0.40152442
0.40150973
0.40149862
0.40149134
0.40148827
0.40148953
0.4014952
0.4015052
0.40151948
0.40153766
0.40155932
0.40158364
0.40160966
0.401636
0.4016611
0.40168336
0.40170115
0.40171307
0.4017182
0.4017157
0.40170538
0.40168762
0.40166336
0.40163413
0.4016016
0.4015677
0.40153417
0.40150264
0.4014742
0.40144956
0.4014293
0.40141353
0.40140218
0.40139493
0.40139148
0.4013915
0.40139467
0.40140083
0.40140972
0.40142086
0.4014337
0.40144753
0.40146166
0.4014753
0.40148795
0.40149915
0.40150896
0.40151748
0.40152472
0.40153053
0.40153491
0.40153748
0.4015383
0.40153757
0.40153515
0.40153113
0.40152594
0.40151992
0.40151355
0.40150732
0.40150172
0.40149674
0.40149245
0.40148842
0.40148416
0.40147936
0.40147358
0.40146714
0.40146035
0.4014538
0.40144807
0.40144372
0.40144113
0.4014408
0.401443
0.4014481
0.40145615
0.401467
0.4014804
0.40149602
0.4015134
0.40153185
0.4015507
0.40156922
0.40158635
0.4016011
0.40161267
0.40162054
0.40162462
0.40162516
0.40162253
0.40161714
0.40160945
0.4015998
0.4015887
0.40157688
0.40156522
0.4015548
0.40154654
0.4015415
0.4015403
0.40154362
0.40155146
0.4015637
0.40157965
0.40159836
0.40161866
0.40163907
0.40165818
0.40167457
0.40168753
0.40169668
0.40170205
0.401704
0.40170345
0.40170103
0.40169743
0.40169322
0.40168908
0.40168515
0.40168166
0.40167868
0.40167624
0.4016743
0.401673
0.40167242
0.40167278
0.40167424
0.4016769
0.401681
0.40168655
0.40169373
0.40170288
0.40171406
0.40172675
0.40174028
0.40175346
0.40176502
0.40177384
0.40177897
0.40177998
0.40177673
0.4017696
0.40175933
0.40174687
0.40173334
0.4017198
0.40170702
0.40169516
0.40168405
0.4016731
0.40166157
0.4016486
0.40163395
0.40161762
0.40159988
0.4015816
0.4015634
0.40154615
0.40153053
0.40151727
0.4015069
0.4015
0.40149665
0.40149707
0.40150127
0.40150896
0.4015199
0.4015337
0.40155
0.40156806
0.40158713
0.40160617
0.40162405
0.40163973
0.4016523
0.40166125
0.4016666
0.40166909
0.4016698
0.4016698
0.40167007
0.40167108
0.4016731
0.40167594
0.40167907
0.4016816
0.4016826
0.4016813
0.40167716
0.40167034
0.40166128
0.40165073
0.4016395
0.40162832
0.40161774
0.40160796
0.401599
0.40159062
0.40158254
0.40157443
0.40156624
0.40155774
0.40154943
0.40154183
0.4015355
0.40153122
0.40152922
0.4015298
0.40153295
0.40153855
0.4015464
0.40155625
0.40156773
0.40158072
0.40159503
0.40161037
0.40162644
0.40164244
0.40165746
0.40167052
0.40168074
0.40168747
0.40169066
0.40169066
0.40168813
0.40168396
0.40167892
0.40167373
0.40166855
0.40166333
0.40165794
0.4016522
0.40164614
0.40164033
0.40163562
0.40163308
0.40163386
0.40163854
0.40164772
0.40166125
0.40167883
0.40169966
0.40172252
0.40174603
0.40176827
0.40178773
0.40180287
0.40181273
0.4018165
0.4018135
0.4018036
0.40178716
0.40176472
0.40173748
0.40170693
0.401675
0.40164346
0.40161422
0.4015886
0.4015674
0.40155107
0.40153968
0.40153277
0.40152982
0.4015298
0.40153167
0.4015346
0.4015377
0.40154082
0.40154406
0.40154755
0.4015517
0.40155667
0.40156287
0.40157044
0.40157938
0.4015891
0.40159917
0.40160885
0.40161762
0.40162525
0.401632
0.40163842
0.40164486
0.40165168
0.40165886
0.40166628
0.40167373
0.40168113
0.40168837
0.40169516
0.40170118
0.40170616
0.40170985
0.4017123
0.40171397
0.4017154
0.4017171
0.4017194
0.40172204
0.40172458
0.40172595
0.40172553
0.40172246
0.4017167
0.40170854
0.40169862
0.40168804
0.40167817
0.40167016
0.40166485
0.40166274
0.4016639
0.40166807
0.40167466
0.40168327
0.40169352
0.4017055
0.40171883
0.40173313
0.4017477
0.40176147
0.40177366
0.40178367
0.40179113
0.40179622
0.4017995
0.40180165
0.40180358
0.40180597
0.4018087
0.40181145
0.40181348
0.40181383
0.4018116
0.40180624
0.40179744
0.40178543
0.40177065
0.4017542
0.4017372
0.40172127
0.40170786
0.40169814
0.40169293
0.4016926
0.40169695
0.4017054
0.4017168
0.40172946
0.40174174
0.40175197
0.40175858
0.40176055
0.40175718
0.4017482
0.4017339
0.40171504
0.4016926
0.40166798
0.40164298
0.40161884
0.40159678
0.40157738
0.40156084
0.401547
0.4015355
0.40152544
0.40151596
0.4015061
0.40149537
0.4014835
0.40147075
0.4014576
0.40144464
0.40143234
0.40142137
0.4014126
0.40140653
0.40140384
0.40140477
0.40140957
0.40141833
0.40143064
0.4014462
0.40146407
0.4014835
0.4015035
0.4015231
0.40154168
0.40155873
0.4015737
0.4015863
0.40159595
0.40160245
0.40160564
0.40160576
0.40160343
0.40159896
0.4015928
0.40158528
0.40157682
0.40156785
0.40155882
0.40154994
0.40154135
0.40153298
0.40152484
0.40151715
0.40150976
0.40150294
0.40149683
0.40149185
0.4014884
0.40148702
0.40148824
0.40149245
0.40149993
0.4015107
0.40152454
0.40154094
0.40155864
0.40157676
0.40159407
0.4016097
0.40162334
0.40163523
0.40164584
0.40165564
0.40166476
0.40167326
0.40168053
0.40168616
0.40168977
0.40169144
0.40169147
0.4016902
0.4016878
0.4016844
0.40167996
0.40167424
0.40166727
0.40165937
0.40165094
0.40164244
0.40163413
0.40162605
0.40161797
0.40160957
0.4016004
0.40159026
0.4015793
0.40156823
0.4015579
0.4015493
0.40154344
0.40154117
0.40154284
0.4015489
0.4015594
0.40157428
0.40159288
0.4016143
0.40163717
0.40165976
0.40168026
0.40169695
0.40170836
0.40171373
0.40171248
0.40170476
0.40169114
0.40167278
0.40165076
0.40162656
0.4016014
0.40157634
0.40155208
0.40152925
0.40150797
0.40148848
0.401471
0.40145588
0.40144348
0.4014338
0.40142652
0.4014213
0.40141776
0.40141547
0.40141395
0.40141308
0.4014126
0.4014124
0.40141276
0.40141398
0.4014163
0.40142003
0.40142557
0.40143296
0.40144226
0.40145308
0.4014647
0.40147632
0.40148687
0.40149546
0.40150127
0.4015041
0.40150434
0.40150264
0.40150002
0.40149736
0.4014954
0.40149465
0.40149546
0.40149808
0.4015026
0.40150905
0.40151733
0.4015273
0.40153855
0.40155077
0.40156323
0.4015751
0.40158516
0.40159237
0.40159583
0.4015951
0.40159032
0.40158212
0.40157148
0.40155938
0.40154654
0.40153357
0.40152085
0.40150854
0.4014968
0.40148583
0.40147576
0.40146667
0.40145853
0.40145138
0.40144515
0.4014396
0.40143472
0.40143055
0.40142712
0.40142483
0.40142345
0.40142313
0.4014236
0.40142483
0.40142646
0.40142858
0.40143096
0.40143368
0.4014366
0.40143993
0.40144402
0.40144956
0.4014576
0.40146956
0.401487
0.40151197
0.40154722
0.40159655
0.40166536
0.40176126
0.40189508
0.40208352
0.40234885
0.40272155
0.403244
0.40397453
0.40499225
0.4064038
0.40835166
0.41105682
0.4147429
0.4197192
0.42646
0.43560618
0.44776857
