0.4425069
0.4319801
0.4240792
0.41812593
0.41367707
0.41038787
0.40797508
0.40619823
0.4048965
0.40395153
0.4032667
0.40277386
0.40242186
0.4021729
0.4019985
0.40187767
0.40179506
0.40173915
0.40170154
0.40167603
0.4016585
0.40164605
0.40163732
0.4016313
0.40162742
0.40162542
0.4016252
0.40162694
0.401631
0.40163735
0.40164578
0.40165552
0.40166548
0.40167448
0.40168163
0.40168643
0.40168884
0.40168962
0.40168965
0.40169019
0.4016923
0.40169638
0.40170258
0.40171033
0.4017187
0.40172628
0.40173173
0.40173388
0.40173182
0.4017252
0.40171424
0.40169954
0.40168214
0.4016629
0.40164256
0.40162182
0.4016013
0.4015818
0.40156427
0.40154952
0.4015383
0.40153104
0.40152782
0.4015282
0.4015314
0.40153643
0.40154222
0.40154764
0.40155175
0.40155402
0.40155432
0.40155286
0.40155014
0.40154704
0.40154436
0.4015428
0.40154293
0.4015448
0.40154824
0.40155268
0.4015572
0.40156108
0.4015634
0.40156376
0.40156198
0.40155795
0.40155187
0.40154395
0.40153483
0.40152544
0.40151674
0.40150982
0.4015057
0.4015051
0.4015086
0.40151623
0.4015277
0.4015424
0.4015591
0.40157673
0.40159398
0.40160993
0.40162364
0.40163472
0.4016429
0.40164798
0.4016498
0.40164804
0.40164247
0.40163317
0.40162048
0.40160504
0.40158775
0.4015694
0.4015507
0.40153253
0.40151578
0.4015009
0.40148833
0.40147817
0.40147036
0.4014646
0.40146053
0.4014581
0.40145728
0.40145797
0.4014602
0.4014641
0.40147
0.40147817
0.40148908
0.40150282
0.4015194
0.40153864
0.4015597
0.40158167
0.40160304
0.4016224
0.40163833
0.40164965
0.4016558
0.40165636
0.40165135
0.40164134
0.40162715
0.4016103
0.40159246
0.40157518
0.40155986
0.40154728
0.40153804
0.40153235
0.40152994
0.40153074
0.40153462
0.40154123
0.4015501
0.40156046
0.40157145
0.40158212
0.4015916
0.40159938
0.40160567
0.401611
0.4016161
0.4016219
0.4016289
0.40163755
0.40164796
0.4016603
0.40167457
0.40169093
0.4017094
0.4017297
0.40175146
0.40177372
0.40179574
0.40181667
0.40183595
0.40185317
0.40186834
0.40188134
0.40189216
0.4019007
0.40190673
0.4019099
0.40190977
0.401906
0.40189815
0.4018858
0.4018691
0.40184817
0.4018236
0.40179622
0.40176708
0.40173757
0.40170914
0.4016831
0.40166047
0.40164205
0.40162766
0.401617
0.4016094
0.4016042
0.40160072
0.4015982
0.40159598
0.40159342
0.40159032
0.40158692
0.40158352
0.40158066
0.4015789
0.4015788
0.40158084
0.40158495
0.4015909
0.40159792
0.4016049
0.40161073
0.4016139
0.4016135
0.4016092
0.4016011
0.40159023
0.40157795
0.4015657
0.40155494
0.40154696
0.40154228
0.40154123
0.40154362
0.40154907
0.40155712
0.40156716
0.40157863
0.40159097
0.40160325
0.40161476
0.40162498
0.4016336
0.40164044
0.40164545
0.4016488
0.40165034
0.40165004
0.40164778
0.40164384
0.40163878
0.40163362
0.40162966
0.4016284
0.40163076
0.40163746
0.4016486
0.40166375
0.40168163
0.40170038
0.40171796
0.40173227
0.40174183
0.4017456
0.4017432
0.40173504
0.40172195
0.40170547
0.4016874
0.40166962
0.401654
0.40164214
0.40163514
0.40163335
0.4016366
0.40164393
0.40165392
0.40166458
0.40167394
0.40168002
0.40168166
0.40167803
0.40166923
0.4016558
0.40163872
0.40161934
0.40159908
0.40157917
0.40156075
0.40154436
0.4015302
0.40151823
0.401508
0.40149894
0.40149054
0.4014825
0.40147427
0.40146592
0.40145728
0.40144858
0.4014402
0.40143248
0.4014261
0.40142155
0.40141946
0.40142018
0.40142402
0.40143085
0.4014404
0.40145224
0.4014659
0.401481
0.40149757
0.40151528
0.40153384
0.4015528
0.40157136
0.40158868
0.40160385
0.40161633
0.40162602
0.4016332
0.40163848
0.4016426
0.40164617
0.40164948
0.4016529
0.40165645
0.4016603
0.40166453
0.4016693
0.40167513
0.4016823
0.40169132
0.40170285
0.40171742
0.40173534
0.40175626
0.40177962
0.4018042
0.401829
0.40185285
0.4018748
0.40189445
0.40191126
0.40192547
0.40193787
0.40194982
0.40196353
0.40198228
0.40201068
0.4020551
0.40212464
0.4022315
0.40239272
0.40263277
0.4029839
0.40348807
0.40420356
0.40520883
0.40660962
0.4085469
0.41124043
0.41491267
0.41987196
0.42659065
0.43571147
0.44784576
