0.44256076
0.43204948
0.4241606
0.41821584
0.413772
0.410484
0.4080682
0.40628424
0.40497178
0.40401337
0.40331337
0.4028049
0.40243796
0.40217543
0.40198952
0.40185958
0.40176982
0.40170854
0.40166703
0.40163907
0.40162036
0.4016078
0.4015993
0.40159342
0.40158904
0.40158543
0.40158185
0.40157762
0.40157232
0.401566
0.40155855
0.4015499
0.40154037
0.40152994
0.40151897
0.4015078
0.4014971
0.40148735
0.40147966
0.4014745
0.40147233
0.40147367
0.40147856
0.40148708
0.40149918
0.40151435
0.40153217
0.4015519
0.40157226
0.40159205
0.40160963
0.40162364
0.40163314
0.4016378
0.40163752
0.40163302
0.4016252
0.401615
0.40160322
0.40159068
0.40157837
0.40156737
0.40155858
0.4015528
0.4015505
0.4015518
0.40155652
0.4015641
0.40157393
0.401585
0.4015964
0.4016068
0.40161496
0.40162003
0.40162134
0.4016188
0.40161303
0.40160477
0.4015952
0.4015853
0.40157622
0.4015689
0.40156406
0.40156275
0.40156546
0.40157256
0.40158388
0.40159896
0.4016173
0.40163797
0.40166065
0.40168506
0.4017106
0.40173665
0.40176222
0.40178585
0.40180615
0.4018219
0.4018321
0.40183577
0.40183252
0.40182212
0.40180504
0.40178183
0.4017536
0.4017216
0.40168738
0.40165257
0.40161878
0.4015872
0.40155873
0.40153387
0.40151304
0.40149632
0.4014837
0.40147492
0.40146983
0.40146807
0.4014695
0.40147376
0.40148064
0.40148973
0.401501
0.40151435
0.40152955
0.40154624
0.401564
0.40158197
0.40159887
0.40161338
0.4016241
0.40162984
0.4016301
0.40162504
0.4016157
0.40160364
0.40159068
0.40157855
0.4015689
0.4015625
0.40156
0.40156138
0.40156597
0.40157297
0.4015811
0.40158898
0.40159535
0.4015991
0.40160012
0.4015985
0.40159523
0.40159172
0.40158954
0.40159035
0.4015955
0.40160567
0.40162122
0.4016419
0.40166703
0.4016954
0.4017257
0.40175614
0.40178517
0.40181124
0.4018333
0.40185034
0.40186208
0.40186828
0.40186888
0.40186423
0.4018547
0.40184078
0.4018233
0.40180314
0.40178135
0.40175915
0.40173787
0.40171888
0.40170327
0.40169203
0.4016855
0.40168336
0.4016847
0.40168825
0.40169206
0.40169466
0.40169445
0.40169057
0.40168285
0.40167153
0.4016575
0.4016422
0.40162703
0.40161362
0.40160322
0.40159643
0.40159363
0.40159458
0.4015987
0.401605
0.40161222
0.40161884
0.40162364
0.40162548
0.4016242
0.40161967
0.40161243
0.40160286
0.40159157
0.40157887
0.4015653
0.4015512
0.40153757
0.40152493
0.4015143
0.4015063
0.4015015
0.40150034
0.40150294
0.40150914
0.40151852
0.4015308
0.40154526
0.40156105
0.40157712
0.40159228
0.40160525
0.40161473
0.40162
0.40162086
0.40161774
0.4016116
0.40160364
0.4015951
0.40158692
0.40157956
0.40157324
0.4015679
0.4015633
0.4015591
0.4015555
0.40155244
0.4015499
0.40154764
0.40154532
0.40154243
0.4015385
0.40153325
0.40152654
0.40151846
0.40150928
0.4014993
0.4014889
0.40147823
0.40146726
0.40145606
0.40144482
0.4014338
0.40142328
0.4014138
0.40140584
0.40139994
0.4013963
0.40139484
0.40139565
0.4013986
0.4014034
0.40141013
0.4014186
0.40142873
0.40144062
0.40145418
0.40146938
0.401486
0.40150374
0.40152213
0.4015408
0.40155953
0.40157828
0.40159678
0.4016146
0.4016308
0.4016442
0.40165353
0.40165782
0.40165675
0.40165043
0.40163985
0.40162647
0.40161204
0.40159824
0.40158668
0.40157863
0.4015752
0.40157712
0.40158468
0.40159777
0.40161607
0.40163884
0.4016652
0.40169412
0.40172467
0.40175575
0.40178654
0.40181622
0.40184426
0.40187025
0.40189353
0.40191367
0.4019302
0.40194285
0.4019514
0.40195575
0.401956
0.4019521
0.4019442
0.40193215
0.40191603
0.4018959
0.40187207
0.4018448
0.401815
0.40178344
0.4017513
0.40171984
0.40169048
0.40166447
0.40164292
0.40162647
0.4016154
0.40160984
0.40160936
0.40161338
0.40162134
0.4016323
0.40164545
0.4016597
0.40167412
0.40168807
0.4017016
0.40171486
0.40172815
0.40174174
0.4017554
0.4017689
0.40178177
0.40179408
0.40180582
0.40181723
0.40182835
0.40183857
0.40184736
0.40185386
0.40185744
0.40185732
0.40185332
0.40184534
0.4018337
0.40181893
0.4018017
0.40178308
0.40176442
0.40174723
0.4017331
0.4017236
0.40171993
0.40172252
0.4017314
0.40174538
0.40176314
0.4017826
0.40180162
0.40181825
0.40183076
0.4018379
0.40183884
0.40183315
0.40182114
0.4018034
0.40178108
0.4017558
0.4017291
0.40170312
0.40167958
0.4016599
0.40164495
0.4016352
0.4016307
0.40163103
0.40163583
0.40164462
0.40165725
0.40167364
0.40169358
0.4017164
0.40174115
0.4017664
0.4017905
0.40181196
0.40182927
0.40184116
0.40184695
0.40184617
0.40183893
0.40182567
0.40180743
0.40178528
0.4017608
0.40173542
0.40171066
0.4016879
0.40166783
0.4016513
0.40163875
0.40163058
0.401627
0.40162814
0.4016336
0.40164265
0.40165445
0.40166792
0.40168235
0.40169707
0.40171182
0.40172642
0.40174052
0.40175328
0.40176377
0.40177077
0.4017735
0.40177143
0.4017647
0.40175375
0.4017396
0.40172344
0.40170628
0.401689
0.40167227
0.40165678
0.40164277
0.4016304
0.40161943
0.40160963
0.40160063
0.40159205
0.40158403
0.40157703
0.40157133
0.40156773
0.4015666
0.4015681
0.4015726
0.40157992
0.4015899
0.40160185
0.40161481
0.40162772
0.40163967
0.40164977
0.40165746
0.4016627
0.40166587
0.40166742
0.4016683
0.40166926
0.401671
0.40167373
0.40167734
0.40168142
0.40168557
0.40168962
0.4016933
0.40169686
0.40170017
0.4017031
0.40170494
0.40170524
0.40170312
0.40169847
0.40169144
0.40168267
0.4016731
0.4016639
0.401656
0.40164992
0.40164557
0.40164256
0.40164018
0.40163702
0.40163207
0.40162438
0.4016135
0.40159953
0.40158305
0.40156522
0.40154713
0.40153006
0.40151483
0.40150237
0.40149298
0.40148693
0.40148392
0.40148354
0.40148538
0.4014888
0.40149367
0.40149984
0.4015075
0.40151647
0.40152657
0.4015373
0.4015483
0.40155873
0.40156776
0.40157467
0.4015789
0.4015804
0.4015794
0.4015764
0.40157223
0.40156755
0.40156314
0.4015594
0.40155688
0.4015561
0.40155736
0.40156078
0.40156633
0.4015736
0.40158212
0.4015911
0.40159988
0.40160748
0.40161303
0.40161586
0.40161553
0.4016124
0.4016071
0.4016006
0.40159383
0.40158817
0.40158463
0.40158418
0.40158767
0.40159547
0.40160796
0.40162492
0.40164593
0.40167022
0.40169668
0.40172398
0.40175086
0.40177625
0.40179935
0.40181953
0.40183634
0.4018495
0.40185878
0.40186402
0.4018651
0.4018621
0.4018552
0.40184498
0.40183192
0.4018172
0.40180194
0.40178746
0.40177503
0.40176547
0.40175912
0.40175584
0.4017553
0.40175694
0.40176
0.4017635
0.40176624
0.40176776
0.40176725
0.40176436
0.4017587
0.40175027
0.40173903
0.40172493
0.40170845
0.40168995
0.40166995
0.4016493
0.4016291
0.40161046
0.40159434
0.40158153
0.40157253
0.40156716
0.40156484
0.40156436
0.40156436
0.4015636
0.40156123
0.4015571
0.40155166
0.40154585
0.4015407
0.40153706
0.40153578
0.401537
0.4015412
0.40154856
0.40155908
0.40157256
0.40158862
0.4016068
0.40162644
0.40164667
0.40166676
0.4016862
0.4017048
0.4017229
0.40174085
0.40175894
0.401777
0.40179458
0.4018111
0.4018258
0.40183818
0.4018478
0.40185443
0.4018579
0.40185806
0.40185475
0.4018483
0.40183884
0.40182698
0.40181333
0.4017983
0.40178204
0.40176436
0.40174484
0.40172327
0.40169978
0.40167496
0.40164974
0.40162534
0.40160277
0.40158328
0.40156743
0.40155566
0.40154803
0.40154433
0.40154412
0.40154713
0.4015531
0.4015617
0.40157256
0.4015852
0.4015991
0.4016134
0.40162754
0.40164077
0.40165287
0.40166408
0.40167484
0.40168598
0.40169778
0.4017103
0.4017228
0.4017345
0.40174434
0.40175182
0.40175673
0.40175936
0.40176022
0.40175986
0.40175873
0.4017568
0.40175402
0.40174988
0.40174398
0.40173584
0.4017255
0.4017129
0.4016985
0.4016828
0.40166616
0.40164924
0.40163267
0.401617
0.40160286
0.40159118
0.4015824
0.40157717
0.40157598
0.40157896
0.401586
0.4015966
0.40161005
0.4016256
0.40164247
0.40166035
0.40167886
0.40169773
0.4017163
0.4017338
0.4017492
0.4017615
0.4017697
0.4017733
0.40177205
0.40176615
0.40175647
0.4017441
0.4017306
0.4017177
0.40170664
0.40169853
0.4016937
0.401692
0.40169293
0.4016955
0.40169853
0.40170115
0.4017024
0.40170208
0.40169993
0.4016959
0.4016901
0.40168247
0.4016728
0.40166074
0.40164596
0.40162832
0.40160805
0.4015858
0.40156227
0.4015385
0.40151545
0.40149382
0.4014744
0.4014577
0.4014441
0.401434
0.40142772
0.40142554
0.4014277
0.4014344
0.4014456
0.40146104
0.40148026
0.40150273
0.40152764
0.40155435
0.40158203
0.40160987
0.40163714
0.4016629
0.4016866
0.40170825
0.40172762
0.40174463
0.40175888
0.40176997
0.40177765
0.40178183
0.40178263
0.40178025
0.4017749
0.401767
0.40175635
0.40174317
0.40172762
0.40171018
0.40169123
0.40167153
0.40165162
0.40163207
0.40161312
0.40159503
0.40157774
0.40156096
0.40154412
0.40152687
0.40150887
0.4014904
0.40147176
0.40145367
0.40143695
0.4014223
0.4014104
0.40140158
0.40139598
0.40139362
0.40139452
0.4013986
0.40140596
0.40141633
0.4014296
0.40144545
0.40146354
0.4014833
0.40150416
0.40152523
0.40154582
0.4015653
0.40158296
0.40159836
0.40161085
0.40162012
0.40162596
0.40162858
0.4016284
0.40162602
0.401622
0.40161687
0.4016116
0.4016068
0.40160367
0.40160304
0.4016055
0.40161142
0.40162084
0.4016336
0.4016495
0.40166855
0.4016902
0.40171352
0.40173745
0.40176034
0.4017809
0.40179783
0.4018098
0.4018163
0.40181702
0.401812
0.40180197
0.40178773
0.40177026
0.40175107
0.4017315
0.4017129
0.40169623
0.40168244
0.40167192
0.40166512
0.40166184
0.40166175
0.40166417
0.401668
0.4016721
0.40167534
0.40167704
0.40167698
0.4016755
0.40167344
0.401672
0.40167245
0.40167576
0.40168256
0.4016929
0.40170625
0.40172178
0.40173802
0.40175387
0.40176818
0.40178013
0.4017891
0.40179476
0.40179712
0.40179625
0.40179268
0.4017869
0.4017797
0.40177202
0.4017644
0.4017575
0.40175188
0.40174735
0.40174347
0.40173936
0.4017338
0.40172604
0.40171537
0.40170163
0.4016851
0.40166637
0.4016467
0.4016275
0.40161029
0.4015964
0.4015868
0.40158212
0.40158224
0.4015865
0.40159416
0.4016038
0.40161404
0.40162337
0.40163058
0.401635
0.40163666
0.40163606
0.40163422
0.40163225
0.40163103
0.4016313
0.40163317
0.40163633
0.4016399
0.4016428
0.40164384
0.40164196
0.40163657
0.40162754
0.40161523
0.4016008
0.40158552
0.40157068
0.40155745
0.4015463
0.40153736
0.40153036
0.40152466
0.40151972
0.4015152
0.40151116
0.4015081
0.40150663
0.40150747
0.40151122
0.40151846
0.4015295
0.4015444
0.40156287
0.40158436
0.40160787
0.40163216
0.40165588
0.4016773
0.4016949
0.40170753
0.40171415
0.4017145
0.40170836
0.4016963
0.40167883
0.4016571
0.4016324
0.4016062
0.40158
0.40155515
0.40153265
0.4015133
0.4014976
0.4014858
0.40147802
0.40147433
0.4014747
0.4014792
0.40148762
0.4014998
0.4015152
0.4015331
0.40155265
0.40157264
0.40159157
0.401608
0.4016208
0.40162927
0.40163314
0.4016328
0.40162906
0.40162337
0.40161714
0.401612
0.4016092
0.4016093
0.4016127
0.401619
0.40162778
0.40163818
0.40164933
0.4016605
0.40167117
0.40168124
0.40169126
0.4017018
0.4017135
0.40172672
0.40174142
0.40175715
0.401773
0.4017881
0.40180162
0.40181243
0.40181988
0.40182322
0.40182182
0.4018154
0.40180403
0.40178788
0.40176776
0.40174457
0.40171924
0.40169302
0.40166646
0.40164015
0.40161425
0.40158886
0.4015641
0.40154046
0.40151823
0.40149838
0.40148127
0.4014675
0.4014572
0.40145043
0.40144694
0.40144655
0.4014491
0.40145448
0.4014621
0.40147167
0.40148255
0.4014941
0.4015056
0.40151677
0.4015275
0.40153807
0.40154856
0.40155947
0.40157115
0.40158367
0.40159672
0.40160996
0.4016226
0.40163392
0.40164343
0.4016505
0.40165448
0.4016551
0.4016525
0.40164706
0.4016399
0.4016324
0.40162557
0.4016204
0.40161732
0.40161613
0.40161633
0.40161732
0.4016184
0.40161943
0.40162018
0.40162075
0.40162036
0.40161854
0.40161434
0.40160707
0.4015965
0.40158272
0.4015666
0.40154892
0.40153098
0.40151358
0.4014979
0.4014847
0.40147462
0.40146822
0.40146577
0.4014676
0.401474
0.40148494
0.40150046
0.4015205
0.4015448
0.40157294
0.40160444
0.40163866
0.4016749
0.40171227
0.40174934
0.40178466
0.40181687
0.40184462
0.4018671
0.40188387
0.40189463
0.40189925
0.40189806
0.4018912
0.40187886
0.4018618
0.40184063
0.40181637
0.40179035
0.40176356
0.40173718
0.40171212
0.40168914
0.4016686
0.40165085
0.4016362
0.4016247
0.40161645
0.40161103
0.40160817
0.40160722
0.4016074
0.4016081
0.40160894
0.40160978
0.40161082
0.4016122
0.40161407
0.40161678
0.4016203
0.40162456
0.40162927
0.40163404
0.40163833
0.40164155
0.4016431
0.4016424
0.40163895
0.4016327
0.40162402
0.40161356
0.401602
0.40159044
0.40157968
0.40157035
0.4015628
0.4015573
0.40155387
0.40155262
0.4015537
0.40155706
0.40156248
0.4015695
0.40157768
0.40158647
0.40159568
0.40160516
0.40161476
0.40162405
0.4016325
0.40163922
0.40164328
0.40164378
0.4016401
0.40163234
0.40162107
0.40160733
0.40159255
0.401578
0.40156502
0.40155435
0.4015468
0.4015427
0.40154183
0.4015439
0.40154797
0.40155306
0.40155795
0.40156174
0.40156403
0.40156487
0.40156493
0.40156516
0.4015666
0.4015699
0.40157562
0.40158355
0.40159348
0.40160468
0.40161613
0.40162694
0.40163592
0.40164196
0.40164426
0.40164262
0.40163743
0.40162933
0.4016195
0.40160903
0.40159887
0.40158987
0.40158236
0.4015766
0.40157267
0.40157074
0.4015707
0.4015721
0.40157443
0.4015769
0.40157828
0.40157786
0.40157503
0.40156984
0.40156275
0.4015543
0.40154532
0.40153638
0.40152782
0.40151972
0.40151203
0.40150478
0.40149802
0.40149248
0.40148857
0.40148658
0.40148696
0.40148973
0.40149492
0.4015024
0.40151185
0.40152287
0.4015347
0.4015465
0.40155756
0.401567
0.40157452
0.40158045
0.40158558
0.40159068
0.40159637
0.40160334
0.40161192
0.40162188
0.40163296
0.401644
0.40165374
0.4016609
0.40166438
0.40166357
0.40165845
0.40164924
0.4016366
0.40162167
0.4016056
0.40158954
0.4015746
0.4015617
0.4015514
0.4015442
0.40154055
0.40154076
0.40154517
0.40155384
0.40156627
0.4015816
0.4015985
0.40161547
0.4016308
0.4016432
0.40165144
0.4016552
0.4016545
0.40164998
0.40164232
0.40163246
0.40162086
0.40160802
0.40159422
0.4015797
0.4015648
0.40154994
0.40153575
0.4015231
0.40151286
0.4015057
0.40150207
0.40150204
0.4015055
0.4015123
0.40152177
0.40153372
0.401548
0.40156442
0.40158302
0.4016038
0.40162683
0.40165162
0.40167746
0.40170315
0.40172732
0.40174848
0.40176535
0.40177715
0.40178308
0.40178296
0.4017772
0.4017667
0.40175256
0.40173635
0.4017194
0.40170288
0.40168765
0.40167427
0.40166292
0.40165374
0.4016465
0.40164086
0.40163654
0.40163305
0.4016297
0.4016256
0.40162
0.40161222
0.4016021
0.40158996
0.4015767
0.40156314
0.40155014
0.40153858
0.40152898
0.40152177
0.40151748
0.40151638
0.40151858
0.40152407
0.40153262
0.4015437
0.40155667
0.4015703
0.4015836
0.40159538
0.401605
0.40161198
0.40161672
0.40161988
0.40162277
0.4016267
0.401633
0.40164247
0.4016552
0.40167058
0.40168735
0.40170375
0.40171808
0.4017285
0.4017339
0.40173355
0.40172714
0.40171525
0.4016987
0.40167877
0.40165687
0.40163445
0.40161258
0.40159237
0.40157464
0.4015602
0.40154943
0.40154272
0.40153986
0.40154055
0.40154412
0.40154973
0.4015567
0.40156463
0.40157357
0.4015838
0.40159577
0.40161005
0.40162694
0.40164617
0.40166733
0.40168935
0.40171087
0.40173048
0.40174696
0.4017592
0.40176675
0.40176922
0.4017665
0.40175888
0.40174687
0.40173125
0.4017131
0.40169346
0.40167323
0.401653
0.40163308
0.40161407
0.4015964
0.40158066
0.40156746
0.40155718
0.40154976
0.40154484
0.4015419
0.40154037
0.4015396
0.4015396
0.40154058
0.4015431
0.4015479
0.4015556
0.40156677
0.40158173
0.40160066
0.40162316
0.40164855
0.40167558
0.40170264
0.40172789
0.40174952
0.40176588
0.40177587
0.40177846
0.4017733
0.4017603
0.4017402
0.40171382
0.4016827
0.40164846
0.40161294
0.40157828
0.4015461
0.40151784
0.40149453
0.40147683
0.40146497
0.401459
0.40145868
0.4014635
0.40147284
0.40148592
0.40150177
0.4015194
0.4015379
0.4015559
0.40157238
0.40158647
0.4015976
0.40160516
0.40160903
0.4016089
0.40160507
0.40159777
0.4015877
0.40157565
0.40156236
0.40154874
0.40153554
0.40152332
0.40151262
0.4015039
0.40149724
0.40149295
0.40149078
0.40149033
0.40149122
0.40149298
0.4014951
0.40149724
0.40149927
0.40150118
0.401503
0.401505
0.40150723
0.40150982
0.40151277
0.40151587
0.401519
0.40152177
0.401524
0.40152544
0.40152574
0.401525
0.4015232
0.4015209
0.4015185
0.4015168
0.40151668
0.40151897
0.40152448
0.40153363
0.4015465
0.40156272
0.40158135
0.40160134
0.40162143
0.40164047
0.40165776
0.40167293
0.4016861
0.40169764
0.40170774
0.40171623
0.40172267
0.40172663
0.4017276
0.40172535
0.40171963
0.4017107
0.40169865
0.40168414
0.40166757
0.4016495
0.40163025
0.40161005
0.40158927
0.40156838
0.40154815
0.40152916
0.40151232
0.40149817
0.40148732
0.4014803
0.40147734
0.4014788
0.4014847
0.40149516
0.40151006
0.40152925
0.4015522
0.40157828
0.40160647
0.40163574
0.4016649
0.4016927
0.40171784
0.40173924
0.4017561
0.40176803
0.40177527
0.40177828
0.40177804
0.40177554
0.4017716
0.40176702
0.40176198
0.4017565
0.40175018
0.40174234
0.4017324
0.40171957
0.40170404
0.40168577
0.4016657
0.40164456
0.40162343
0.40160304
0.40158424
0.4015674
0.40155315
0.40154186
0.40153408
0.40153006
0.40152982
0.40153325
0.40153974
0.40154868
0.40155882
0.40156898
0.40157804
0.40158513
0.40158954
0.4015915
0.40159145
0.40158993
0.40158767
0.40158546
0.40158376
0.40158278
0.40158278
0.4015835
0.40158474
0.4015865
0.40158826
0.4015898
0.40159068
0.40159032
0.40158817
0.40158385
0.4015774
0.40156916
0.40155986
0.40155
0.40154043
0.40153143
0.40152317
0.40151575
0.40150893
0.40150252
0.4014965
0.40149102
0.40148634
0.4014825
0.40147942
0.40147692
0.4014748
0.401473
0.40147176
0.40147135
0.40147257
0.4014759
0.40148214
0.4014915
0.40150392
0.40151912
0.40153646
0.4015547
0.40157238
0.4015879
0.40159974
0.4016069
0.4016091
0.4016068
0.40160108
0.40159363
0.401586
0.40158007
0.4015771
0.40157795
0.40158322
0.4015931
0.4016071
0.4016247
0.4016453
0.4016675
0.40169027
0.40171215
0.4017317
0.40174782
0.4017595
0.40176612
0.40176758
0.40176427
0.4017568
0.40174627
0.40173352
0.40171972
0.4017055
0.40169147
0.401678
0.4016657
0.40165478
0.4016457
0.40163848
0.40163288
0.4016282
0.40162364
0.4016182
0.4016113
0.40160272
0.4015929
0.40158272
0.40157315
0.4015653
0.40155995
0.40155762
0.40155867
0.401563
0.40157035
0.40158018
0.40159175
0.40160406
0.4016162
0.4016268
0.40163496
0.40164018
0.4016421
0.4016412
0.40163797
0.40163335
0.401628
0.4016221
0.40161595
0.40160957
0.40160304
0.40159675
0.40159127
0.40158734
0.40158552
0.4015862
0.40158933
0.4015941
0.40159956
0.4016045
0.40160805
0.40160936
0.4016082
0.40160447
0.40159863
0.40159082
0.4015814
0.4015707
0.401559
0.40154678
0.40153447
0.40152258
0.4015116
0.40150174
0.40149313
0.40148565
0.40147886
0.40147257
0.40146652
0.4014608
0.40145543
0.40145054
0.401446
0.40144175
0.40143773
0.4014336
0.40142897
0.40142345
0.40141702
0.40141004
0.40140298
0.40139627
0.40139055
0.4013861
0.4013831
0.40138182
0.401382
0.4013838
0.40138686
0.40139115
0.40139645
0.40140268
0.40140975
0.40141746
0.4014257
0.40143397
0.40144187
0.4014491
0.40145555
0.40146148
0.40146744
0.40147403
0.40148178
0.40149102
0.40150154
0.40151316
0.4015251
0.40153652
0.40154648
0.40155414
0.401559
0.4015608
0.40156
0.40155718
0.40155295
0.40154788
0.40154243
0.40153703
0.40153185
0.40152702
0.40152243
0.40151784
0.40151295
0.40150735
0.4015009
0.40149382
0.40148667
0.40148014
0.401475
0.40147203
0.4014717
0.4014743
0.40147993
0.4014881
0.4014983
0.4015098
0.40152177
0.40153372
0.40154526
0.40155658
0.4015677
0.40157855
0.4015888
0.40159827
0.4016066
0.40161362
0.4016191
0.40162274
0.40162456
0.4016247
0.40162423
0.4016241
0.40162575
0.40163046
0.4016391
0.40165207
0.40166914
0.40168944
0.40171197
0.40173507
0.40175736
0.4017776
0.4017946
0.40180764
0.40181592
0.4018192
0.40181723
0.4018105
0.40179947
0.4017852
0.40176904
0.40175244
0.40173694
0.4017237
0.40171367
0.40170693
0.40170336
0.4017024
0.40170318
0.4017048
0.4017061
0.40170655
0.40170586
0.4017043
0.40170267
0.40170163
0.40170208
0.40170434
0.40170884
0.40171495
0.40172192
0.4017288
0.4017346
0.40173858
0.40174082
0.40174106
0.4017395
0.40173623
0.401731
0.4017237
0.40171427
0.40170282
0.40168992
0.40167618
0.40166214
0.40164834
0.40163508
0.40162265
0.40161127
0.40160134
0.40159357
0.40158856
0.40158686
0.4015893
0.40159607
0.4016074
0.40162304
0.4016422
0.40166402
0.40168703
0.40170965
0.4017303
0.40174758
0.40176016
0.4017675
0.40176898
0.40176472
0.40175518
0.40174106
0.40172338
0.40170357
0.40168282
0.40166244
0.4016436
0.40162674
0.40161195
0.40159902
0.4015874
0.40157676
0.40156698
0.40155852
0.4015518
0.4015475
0.401546
0.40154782
0.40155286
0.40156108
0.40157232
0.40158606
0.4016018
0.40161866
0.40163624
0.401654
0.4016713
0.4016872
0.40170088
0.40171143
0.40171844
0.40172216
0.4017227
0.40172088
0.40171742
0.40171307
0.4017084
0.40170377
0.40169972
0.40169698
0.40169618
0.40169793
0.40170252
0.40171006
0.40172032
0.40173313
0.4017484
0.4017658
0.40178466
0.4018041
0.4018228
0.40183938
0.40185255
0.40186122
0.40186468
0.4018622
0.40185368
0.4018392
0.40181923
0.40179467
0.40176684
0.40173706
0.40170693
0.40167817
0.40165204
0.4016296
0.4016117
0.40159857
0.40159056
0.4015877
0.40158963
0.40159613
0.4016067
0.4016208
0.40163767
0.40165666
0.40167704
0.40169784
0.40171835
0.4017377
0.40175563
0.4017721
0.40178722
0.4018013
0.40181452
0.40182638
0.40183666
0.40184465
0.40184963
0.40185112
0.40184855
0.40184143
0.40182972
0.4018136
0.40179354
0.40177023
0.40174505
0.4017195
0.4016949
0.40167218
0.40165246
0.40163606
0.40162334
0.40161437
0.40160924
0.4016079
0.40160978
0.40161422
0.40162036
0.40162712
0.4016338
0.40163985
0.40164524
0.40165043
0.40165597
0.4016627
0.40167126
0.40168196
0.40169513
0.40171057
0.40172783
0.40174603
0.40176427
0.40178156
0.40179697
0.40180936
0.4018182
0.40182263
0.40182236
0.40181687
0.40180627
0.4017909
0.40177128
0.4017484
0.40172353
0.40169805
0.40167364
0.40165195
0.40163422
0.4016215
0.40161422
0.40161252
0.4016161
0.40162414
0.4016354
0.40164816
0.40166047
0.40167052
0.40167654
0.40167755
0.40167305
0.40166315
0.4016486
0.40163046
0.40160996
0.4015884
0.40156677
0.40154627
0.40152773
0.40151203
0.4014998
0.40149152
0.40148744
0.4014877
0.40149245
0.40150157
0.40151474
0.4015315
0.40155098
0.40157217
0.40159392
0.40161523
0.40163532
0.40165347
0.4016693
0.40168217
0.4016916
0.40169728
0.40169898
0.40169692
0.40169156
0.4016835
0.4016738
0.40166333
0.40165314
0.401644
0.40163675
0.401632
0.4016302
0.40163103
0.40163413
0.40163848
0.40164304
0.4016465
0.401648
0.40164697
0.40164316
0.40163702
0.40162936
0.40162122
0.4016136
0.40160722
0.4016026
0.40160015
0.4016003
0.40160352
0.40160963
0.40161824
0.4016289
0.40164044
0.40165195
0.40166265
0.4016722
0.40168074
0.4016883
0.4016953
0.40170163
0.4017069
0.40171117
0.401714
0.40171555
0.40171614
0.40171614
0.40171564
0.40171453
0.40171263
0.40170968
0.40170556
0.40170062
0.40169516
0.40168995
0.40168583
0.40168345
0.40168327
0.40168536
0.40168935
0.40169472
0.40170088
0.4017072
0.40171307
0.40171742
0.40171912
0.40171716
0.4017108
0.40169984
0.4016846
0.40166605
0.40164536
0.40162423
0.4016041
0.4015862
0.40157154
0.40156037
0.4015528
0.4015483
0.4015462
0.40154555
0.40154508
0.4015438
0.40154096
0.40153646
0.40153056
0.4015239
0.40151706
0.40151083
0.40150553
0.40150163
0.40149903
0.40149787
0.40149787
0.4014986
0.4014996
0.40150076
0.40150237
0.40150493
0.40150905
0.40151525
0.4015238
0.40153465
0.4015475
0.40156165
0.4015763
0.40159044
0.40160307
0.40161362
0.40162176
0.4016276
0.40163136
0.40163317
0.40163305
0.40163088
0.40162662
0.40162048
0.4016125
0.40160272
0.40159124
0.401578
0.40156335
0.4015477
0.40153208
0.40151742
0.40150458
0.40149418
0.4014866
0.40148187
0.40147966
0.4014793
0.40148026
0.40148205
0.40148434
0.40148726
0.401491
0.40149564
0.4015013
0.40150777
0.4015145
0.40152106
0.40152663
0.40153056
0.40153214
0.40153116
0.4015277
0.4015227
0.40151715
0.4015123
0.40150928
0.40150893
0.4015118
0.40151787
0.4015268
0.40153793
0.4015502
0.40156263
0.40157443
0.40158525
0.40159526
0.40160504
0.40161538
0.40162674
0.4016394
0.40165335
0.4016681
0.40168288
0.4016969
0.40170887
0.4017178
0.40172282
0.4017235
0.40171993
0.40171248
0.40170187
0.40168884
0.40167424
0.4016588
0.40164334
0.4016286
0.40161493
0.40160248
0.40159145
0.4015818
0.40157384
0.4015683
0.40156567
0.40156674
0.40157205
0.40158185
0.40159607
0.40161422
0.40163532
0.40165788
0.40167993
0.40169942
0.4017147
0.40172407
0.4017267
0.4017221
0.40171054
0.40169272
0.4016698
0.4016435
0.40161562
0.40158817
0.401563
0.40154156
0.4015248
0.40151355
0.4015078
0.40150744
0.40151173
0.40151978
0.4015304
0.40154243
0.4015546
0.40156624
0.40157673
0.4015858
0.40159297
0.401598
0.40160054
0.40160054
0.40159842
0.40159494
0.40159085
0.4015868
0.40158358
0.40158144
0.40158075
0.40158224
0.40158615
0.401593
0.40160286
0.40161562
0.40163055
0.40164664
0.40166268
0.40167695
0.40168798
0.40169433
0.40169534
0.4016909
0.4016814
0.401668
0.40165222
0.40163586
0.40162063
0.40160784
0.40159827
0.40159252
0.4015906
0.40159202
0.40159637
0.40160295
0.401611
0.40162003
0.4016297
0.40163967
0.40164977
0.4016596
0.40166876
0.40167686
0.40168378
0.40168944
0.40169412
0.40169817
0.4017017
0.40170464
0.40170643
0.4017065
0.4017042
0.40169907
0.40169093
0.40167993
0.40166673
0.40165237
0.40163812
0.40162528
0.4016152
0.401609
0.4016074
0.40161133
0.4016209
0.40163615
0.40165657
0.40168107
0.40170822
0.40173632
0.40176368
0.4017886
0.40180984
0.40182632
0.4018374
0.40184286
0.40184274
0.40183762
0.4018285
0.4018163
0.4018026
0.40178865
0.40177575
0.4017651
0.4017573
0.40175247
0.40175
0.40174922
0.40174907
0.40174884
0.40174815
0.40174687
0.401745
0.40174273
0.40173998
0.40173653
0.40173152
0.40172443
0.40171474
0.4017025
0.4016879
0.4016715
0.40165418
0.40163675
0.4016202
0.40160516
0.40159225
0.40158162
0.4015737
0.40156892
0.40156808
0.40157145
0.40157947
0.4015924
0.40160996
0.4016317
0.40165666
0.4016835
0.4017109
0.40173712
0.40176094
0.40178108
0.4017967
0.40180707
0.40181178
0.40181032
0.40180293
0.40178978
0.40177175
0.40175
0.40172613
0.40170163
0.40167823
0.40165716
0.40163934
0.4016253
0.40161535
0.4016091
0.40160596
0.401605
0.40160534
0.4016062
0.4016068
0.4016068
0.4016054
0.40160224
0.4015969
0.40158895
0.4015782
0.40156502
0.40154988
0.40153393
0.4015185
0.40150502
0.40149468
0.40148833
0.401487
0.40149102
0.40150085
0.40151647
0.40153775
0.40156394
0.40159422
0.40162766
0.4016627
0.40169775
0.40173095
0.4017606
0.40178537
0.4018039
0.4018157
0.4018201
0.40181708
0.40180686
0.40179005
0.40176758
0.4017407
0.401711
0.4016803
0.40165043
0.401623
0.40159935
0.4015803
0.40156618
0.40155703
0.40155244
0.40155157
0.40155336
0.40155655
0.40155986
0.4015623
0.4015636
0.4015636
0.40156272
0.40156174
0.4015611
0.40156165
0.40156403
0.40156874
0.40157583
0.40158534
0.40159684
0.40160972
0.40162316
0.4016361
0.4016477
0.40165728
0.40166408
0.40166762
0.40166768
0.40166438
0.40165827
0.4016501
0.4016406
0.40163088
0.40162194
0.40161458
0.40160963
0.4016074
0.4016082
0.40161186
0.40161762
0.40162456
0.40163174
0.40163794
0.4016423
0.40164423
0.40164384
0.40164167
0.4016388
0.40163645
0.40163592
0.40163827
0.40164435
0.40165445
0.40166858
0.40168673
0.40170795
0.40173146
0.40175605
0.40178058
0.401804
0.40182534
0.4018438
0.40185845
0.40186882
0.4018744
0.40187487
0.40186998
0.4018595
0.40184346
0.40182215
0.4017961
0.40176624
0.4017337
0.40170017
0.40166733
0.40163696
0.40161052
0.4015891
0.40157348
0.40156376
0.40156
0.40156177
0.40156856
0.4015797
0.40159422
0.40161127
0.4016295
0.40164778
0.40166476
0.4016791
0.4016898
0.4016963
0.40169853
0.40169698
0.40169242
0.40168583
0.40167823
0.40167052
0.4016633
0.40165737
0.40165344
0.40165207
0.40165338
0.40165707
0.40166244
0.4016686
0.4016746
0.4016798
0.4016839
0.40168706
0.40168962
0.40169173
0.40169337
0.40169406
0.40169325
0.4016905
0.4016856
0.40167877
0.40167058
0.40166166
0.40165275
0.40164414
0.40163597
0.40162838
0.40162116
0.40161425
0.4016074
0.40160033
0.4015928
0.40158457
0.40157542
0.4015653
0.40155447
0.40154317
0.40153188
0.40152073
0.40150988
0.4014995
0.40148953
0.40148008
0.4014715
0.40146396
0.4014576
0.40145266
0.40144908
0.40144694
0.40144634
0.4014472
0.4014494
0.40145257
0.40145636
0.4014604
0.4014646
0.40146908
0.40147376
0.40147898
0.40148494
0.40149197
0.40150046
0.40151098
0.4015237
0.4015385
0.40155488
0.40157223
0.40158918
0.40160453
0.40161705
0.40162578
0.40163055
0.40163162
0.40163013
0.40162775
0.40162647
0.40162846
0.40163592
0.40165114
0.4016767
0.40171558
0.4017716
0.4018498
0.40195727
0.4021041
0.40230542
0.40258294
0.4029654
0.40349427
0.40422755
0.40524364
0.4066492
0.4085866
0.4112766
0.4149437
0.41989717
0.42660975
0.4357253
0.4478553
