0.44268644
0.43221533
0.42436254
0.41845015
0.41403392
0.41076833
0.40836716
0.4065906
0.4052783
0.40431267
0.40359828
0.4030682
0.40267316
0.40237713
0.40215367
0.40198442
0.40185612
0.40175974
0.40168867
0.4016384
0.40160537
0.401587
0.401581
0.4015851
0.40159705
0.40161476
0.40163577
0.40165776
0.4016784
0.40169552
0.40170756
0.4017136
0.4017132
0.40170646
0.4016941
0.40167725
0.4016574
0.40163606
0.40161452
0.401594
0.4015754
0.4015594
0.40154654
0.40153727
0.40153176
0.40153047
0.40153372
0.40154135
0.40155327
0.40156904
0.4015878
0.40160844
0.40162942
0.40164933
0.40166673
0.4016807
0.4016906
0.40169665
0.40169927
0.40169966
0.40169904
0.40169862
0.40169933
0.4017019
0.4017065
0.40171292
0.40172055
0.4017284
0.40173557
0.40174124
0.40174487
0.4017461
0.40174505
0.4017421
0.4017381
0.40173417
0.40173158
0.40173164
0.40173537
0.4017431
0.40175435
0.40176818
0.40178296
0.40179712
0.4018091
0.4018177
0.40182188
0.40182117
0.40181538
0.40180495
0.4017907
0.4017741
0.40175658
0.40173984
0.40172535
0.40171427
0.4017069
0.40170333
0.40170282
0.40170446
0.4017069
0.40170914
0.40171006
0.40170908
0.40170592
0.40170062
0.4016932
0.40168422
0.40167433
0.4016645
0.40165582
0.40164918
0.40164512
0.40164393
0.4016454
0.40164888
0.40165347
0.40165824
0.40166247
0.40166605
0.40166894
0.40167165
0.40167442
0.40167713
0.40167964
0.4016814
0.40168226
0.40168226
0.401682
0.4016819
0.40168244
0.40168378
0.401686
0.40168917
0.4016931
0.4016976
0.40170214
0.40170622
0.40170902
0.4017101
0.40170965
0.4017079
0.40170547
0.40170315
0.40170145
0.40170088
0.4017014
0.40170273
0.40170464
0.4017067
0.4017085
0.40170974
0.40170977
0.40170822
0.40170488
0.40169984
0.40169343
0.401686
0.40167794
0.40166935
0.40166017
0.40165052
0.40164062
0.40163112
0.40162295
0.4016173
0.40161481
0.4016162
0.4016214
0.4016298
0.40164018
0.40165105
0.40166074
0.40166777
0.401671
0.40166962
0.40166363
0.40165335
0.4016397
0.40162396
0.40160757
0.40159178
0.4015775
0.40156513
0.40155452
0.401545
0.40153578
0.4015259
0.40151516
0.40150356
0.40149182
0.4014808
0.4014713
0.40146416
0.4014601
0.40145943
0.4014623
0.40146863
0.4014784
0.40149146
0.40150782
0.40152755
0.4015507
0.40157735
0.40160698
0.40163872
0.4016712
0.40170276
0.40173167
0.40175632
0.4017753
0.40178764
0.40179294
0.40179092
0.40178204
0.40176725
0.40174773
0.401725
0.4017008
0.4016768
0.4016546
0.40163532
0.40161976
0.4016082
0.40160042
0.40159544
0.40159217
0.4015892
0.40158573
0.40158117
0.40157568
0.40156975
0.40156424
0.40156
0.40155762
0.4015573
0.40155873
0.40156108
0.4015633
0.40156394
0.4015618
0.40155593
0.4015459
0.40153223
0.4015156
0.40149724
0.40147844
0.40146035
0.4014437
0.40142915
0.40141723
0.40140817
0.40140203
0.4013986
0.40139773
0.40139928
0.40140304
0.4014089
0.40141678
0.40142688
0.4014392
0.40145385
0.40147102
0.40149108
0.40151364
0.4015384
0.40156448
0.4015905
0.4016149
0.40163583
0.40165192
0.40166193
0.4016657
0.4016632
0.40165547
0.40164378
0.40162978
0.40161514
0.40160134
0.40158963
0.40158108
0.40157658
0.40157673
0.40158218
0.40159333
0.40161017
0.40163246
0.40165964
0.40169057
0.40172428
0.40175906
0.40179336
0.40182585
0.4018553
0.40188098
0.40190238
0.4019196
0.40193287
0.40194282
0.40195015
0.40195557
0.40195996
0.4019639
0.40196753
0.4019712
0.40197474
0.4019782
0.40198126
0.40198377
0.40198556
0.40198642
0.40198606
0.4019843
0.4019808
0.40197524
0.40196747
0.40195745
0.40194526
0.4019313
0.40191618
0.40190086
0.40188637
0.40187395
0.4018647
0.40185925
0.40185758
0.40185896
0.4018621
0.40186545
0.40186742
0.4018668
0.40186265
0.40185472
0.40184292
0.40182793
0.4018106
0.40179196
0.4017733
0.40175566
0.40173978
0.40172604
0.40171415
0.4017036
0.4016932
0.401682
0.40166917
0.40165433
0.4016376
0.40161982
0.40160212
0.40158603
0.40157294
0.40156412
0.40156037
0.40156198
0.40156856
0.40157902
0.40159193
0.40160552
0.40161794
0.40162784
0.4016343
0.401637
0.40163618
0.40163282
0.40162814
0.4016232
0.4016194
0.40161732
0.4016173
0.40161902
0.401622
0.40162542
0.40162888
0.4016319
0.40163457
0.40163714
0.40164015
0.4016441
0.4016492
0.4016554
0.40166217
0.4016686
0.40167364
0.40167645
0.4016764
0.4016732
0.40166715
0.4016589
0.4016494
0.4016396
0.40163043
0.40162235
0.40161562
0.4016102
0.40160623
0.4016039
0.40160337
0.40160516
0.4016095
0.40161678
0.40162683
0.4016393
0.40165368
0.40166935
0.40168577
0.40170217
0.4017177
0.40173158
0.40174308
0.40175223
0.40175873
0.4017628
0.4017647
0.4017647
0.401763
0.40176004
0.40175617
0.40175197
0.40174803
0.40174496
0.40174335
0.40174335
0.40174443
0.40174565
0.40174595
0.40174416
0.40173942
0.40173116
0.40171948
0.4017048
0.40168798
0.4016705
0.40165368
0.40163907
0.40162787
0.40162107
0.40161926
0.40162292
0.401632
0.40164617
0.40166485
0.4016869
0.40171096
0.40173542
0.4017588
0.4017797
0.40179718
0.40181044
0.40181896
0.40182263
0.40182137
0.40181538
0.40180522
0.40179157
0.40177554
0.4017584
0.40174115
0.40172535
0.40171197
0.4017018
0.40169543
0.40169293
0.40169412
0.40169838
0.4017048
0.40171245
0.401721
0.40172985
0.40173858
0.4017467
0.40175378
0.40175918
0.40176257
0.40176344
0.40176183
0.40175804
0.40175274
0.40174678
0.40174097
0.40173572
0.40173113
0.40172672
0.40172195
0.40171653
0.40171018
0.40170324
0.4016959
0.4016886
0.40168148
0.40167493
0.40166894
0.40166363
0.4016588
0.40165403
0.40164906
0.40164363
0.40163788
0.40163192
0.40162626
0.40162122
0.40161693
0.40161332
0.40160996
0.40160626
0.40160185
0.40159622
0.4015894
0.40158144
0.40157297
0.40156505
0.40155834
0.4015537
0.40155172
0.40155295
0.40155718
0.40156457
0.40157476
0.4015874
0.40160164
0.40161645
0.40163055
0.4016426
0.4016515
0.40165675
0.4016582
0.4016563
0.40165204
0.4016465
0.40164053
0.401635
0.40163028
0.40162626
0.40162286
0.40161988
0.40161708
0.4016145
0.40161204
0.40160987
0.401608
0.40160653
0.40160564
0.4016054
0.40160617
0.401608
0.401611
0.40161476
0.40161884
0.40162292
0.4016265
0.4016299
0.40163332
0.4016378
0.4016443
0.4016539
0.40166715
0.40168422
0.4017048
0.4017279
0.4017523
0.4017765
0.40179896
0.40181842
0.40183377
0.40184414
0.4018491
0.40184882
0.4018438
0.40183508
0.40182403
0.40181208
0.40180072
0.4017911
0.40178415
0.40178025
0.4017792
0.40178046
0.40178287
0.40178537
0.4017864
0.4017849
0.4017797
0.4017701
0.4017559
0.4017374
0.40171546
0.40169132
0.40166673
0.4016436
0.4016237
0.4016085
0.40159875
0.40159464
0.40159568
0.40160102
0.40160924
0.40161914
0.4016295
0.40163943
0.40164816
0.4016547
0.40165818
0.40165812
0.40165418
0.40164667
0.40163597
0.4016229
0.40160802
0.40159228
0.40157658
0.40156204
0.40154964
0.4015401
0.40153408
0.40153185
0.40153322
0.4015377
0.40154415
0.40155137
0.40155804
0.4015633
0.40156662
0.4015683
0.40156874
0.4015688
0.4015691
0.40157008
0.4015719
0.4015744
0.40157744
0.40158066
0.401584
0.40158725
0.4015905
0.40159357
0.40159637
0.40159836
0.40159896
0.40159795
0.40159547
0.40159214
0.40158892
0.4015868
0.4015869
0.40158966
0.40159556
0.40160426
0.40161535
0.40162784
0.40164074
0.40165323
0.40166494
0.40167576
0.40168616
0.4016966
0.40170762
0.40171942
0.40173182
0.40174422
0.4017558
0.40176585
0.40177348
0.40177825
0.40178007
0.40177897
0.4017751
0.40176904
0.40176162
0.40175316
0.40174422
0.40173465
0.40172404
0.40171173
0.4016972
0.4016804
0.40166166
0.4016418
0.40162182
0.4016029
0.40158582
0.40157127
0.4015596
0.4015504
0.40154353
0.40153825
0.40153414
0.401531
0.40152875
0.40152752
0.40152755
0.4015293
0.40153357
0.40154088
0.40155149
0.40156537
0.4015818
0.40159997
0.40161875
0.40163678
0.40165308
0.40166667
0.4016772
0.40168464
0.40168956
0.40169278
0.40169513
0.40169737
0.40169975
0.4017019
0.40170315
0.4017025
0.4016989
0.40169173
0.401681
0.40166724
0.40165144
0.40163505
0.40161937
0.40160573
0.40159526
0.40158868
0.4015862
0.40158772
0.40159225
0.4015987
0.40160534
0.40161073
0.40161356
0.4016131
0.40160912
0.40160203
0.4015927
0.401582
0.40157104
0.40156028
0.40155008
0.40154058
0.4015315
0.40152285
0.4015147
0.4015075
0.4015016
0.4014973
0.40149486
0.40149423
0.40149555
0.40149832
0.40150213
0.4015064
0.4015105
0.40151387
0.40151608
0.40151706
0.40151727
0.40151757
0.4015191
0.4015231
0.40153027
0.4015415
0.40155655
0.40157512
0.40159628
0.40161854
0.40164015
0.40165922
0.4016743
0.40168464
0.40168977
0.40169
0.40168622
0.4016796
0.40167156
0.4016632
0.40165538
0.40164873
0.4016435
0.40164012
0.4016388
0.40163958
0.40164223
0.4016463
0.40165088
0.40165493
0.40165746
0.40165743
0.40165424
0.40164775
0.40163848
0.40162712
0.40161476
0.40160227
0.40159026
0.4015788
0.40156808
0.4015579
0.40154782
0.40153754
0.4015269
0.4015157
0.40150383
0.4014917
0.4014799
0.4014692
0.40146056
0.4014548
0.4014525
0.40145382
0.40145868
0.40146667
0.40147692
0.40148842
0.40150017
0.4015112
0.40152055
0.40152732
0.40153098
0.4015313
0.4015286
0.4015234
0.40151685
0.40150997
0.4015036
0.40149862
0.40149552
0.40149498
0.4014975
0.4015032
0.4015121
0.401524
0.4015385
0.40155488
0.40157226
0.40158927
0.4016046
0.40161714
0.40162605
0.40163073
0.40163136
0.40162832
0.40162238
0.4016142
0.4016043
0.401593
0.40158027
0.40156603
0.40155014
0.40153283
0.4015146
0.40149593
0.4014777
0.40146047
0.40144485
0.4014313
0.40142027
0.4014121
0.40140697
0.4014052
0.40140694
0.40141228
0.40142104
0.4014331
0.4014479
0.4014649
0.40148312
0.40150163
0.40151903
0.40153435
0.40154633
0.40155432
0.40155795
0.40155753
0.4015537
0.40154743
0.40153956
0.40153098
0.40152246
0.40151456
0.4015076
0.40150186
0.40149724
0.40149367
0.40149084
0.40148857
0.40148652
0.40148434
0.40148187
0.40147915
0.40147644
0.40147406
0.40147203
0.40147042
0.4014694
0.40146884
0.40146905
0.40147007
0.40147197
0.40147477
0.4014783
0.40148258
0.40148747
0.40149274
0.40149838
0.40150434
0.40151072
0.40151778
0.40152565
0.40153414
0.40154302
0.4015516
0.40155944
0.40156594
0.40157056
0.40157282
0.4015728
0.40157104
0.40156838
0.40156633
0.40156573
0.40156743
0.40157187
0.40157887
0.4015881
0.40159872
0.40160963
0.4016193
0.40162632
0.40162945
0.40162805
0.40162218
0.4016127
0.40160078
0.40158784
0.4015752
0.40156397
0.40155488
0.40154842
0.4015448
0.40154406
0.40154582
0.4015502
0.40155685
0.4015656
0.40157616
0.4015884
0.40160182
0.40161586
0.40162963
0.40164208
0.40165234
0.40165955
0.40166336
0.401664
0.40166187
0.40165782
0.40165254
0.40164664
0.40164092
0.40163597
0.40163264
0.4016312
0.4016318
0.40163428
0.4016381
0.40164268
0.40164724
0.40165085
0.4016528
0.4016523
0.40164918
0.4016435
0.40163574
0.40162635
0.40161565
0.40160397
0.40159166
0.4015791
0.4015669
0.40155557
0.40154564
0.4015375
0.40153158
0.4015284
0.40152794
0.40153033
0.40153527
0.40154243
0.4015514
0.4015619
0.40157366
0.40158638
0.40159962
0.4016128
0.40162507
0.40163553
0.40164343
0.4016483
0.40165004
0.40164882
0.4016453
0.40163988
0.4016331
0.4016251
0.40161607
0.40160614
0.40159562
0.40158492
0.4015743
0.401564
0.40155414
0.40154505
0.4015367
0.4015291
0.4015221
0.40151536
0.4015087
0.4015016
0.40149376
0.4014851
0.40147564
0.40146592
0.4014565
0.40144813
0.40144148
0.40143728
0.40143597
0.4014378
0.40144286
0.40145105
0.4014624
0.40147698
0.40149474
0.40151578
0.40153974
0.4015663
0.40159467
0.40162393
0.40165278
0.40167984
0.4017037
0.40172318
0.4017372
0.40174514
0.40174645
0.40174115
0.4017294
0.40171203
0.4016901
0.40166518
0.40163907
0.4016137
0.4015906
0.4015711
0.4015562
0.4015463
0.40154165
0.40154198
0.40154684
0.40155548
0.4015671
0.40158057
0.4015946
0.4016079
0.40161926
0.40162787
0.40163332
0.40163618
0.4016373
0.40163797
0.40163967
0.40164366
0.40165067
0.4016612
0.40167493
0.40169114
0.40170848
0.40172526
0.4017397
0.40175012
0.40175542
0.40175498
0.40174872
0.40173736
0.4017219
0.40170375
0.40168437
0.40166464
0.40164533
0.401627
0.40160996
0.4015945
0.40158126
0.4015704
0.40156248
0.40155748
0.40155575
0.40155753
0.401563
0.40157226
0.40158483
0.4015999
0.40161642
0.40163305
0.40164816
0.40166026
0.40166816
0.40167108
0.40166894
0.40166214
0.40165186
0.4016398
0.40162814
0.40161884
0.40161356
0.40161338
0.40161896
0.40163034
0.4016468
0.40166706
0.40168953
0.40171215
0.40173304
0.40175053
0.40176347
0.40177098
0.40177286
0.40176934
0.40176105
0.40174907
0.4017345
0.40171877
0.40170318
0.40168834
0.40167466
0.40166178
0.40164918
0.40163627
0.40162277
0.40160877
0.4015946
0.40158102
0.4015689
0.4015589
0.40155163
0.40154764
0.40154725
0.40155068
0.4015579
0.4015689
0.40158346
0.40160152
0.4016229
0.40164736
0.40167448
0.40170333
0.40173244
0.40176016
0.40178502
0.40180573
0.40182123
0.40183106
0.4018349
0.40183294
0.40182534
0.40181306
0.40179703
0.40177837
0.40175834
0.40173787
0.40171784
0.40169874
0.40168074
0.40166384
0.40164816
0.4016339
0.40162134
0.40161046
0.40160123
0.40159318
0.40158588
0.40157884
0.40157202
0.40156567
0.40156028
0.4015567
0.4015554
0.40155706
0.40156198
0.4015698
0.40158007
0.40159154
0.40160263
0.4016118
0.4016174
0.40161824
0.40161374
0.4016042
0.40159047
0.40157393
0.40155625
0.40153912
0.401524
0.401512
0.40150356
0.40149927
0.40149903
0.40150273
0.40150988
0.40152004
0.40153283
0.4015479
0.40156502
0.40158382
0.40160406
0.40162525
0.40164685
0.40166828
0.4016884
0.40170646
0.40172148
0.4017329
0.40174037
0.40174377
0.4017433
0.40173927
0.40173218
0.4017224
0.40171042
0.4016966
0.40168145
0.4016658
0.40165028
0.40163574
0.40162268
0.40161183
0.40160355
0.40159842
0.40159687
0.4015993
0.40160558
0.40161562
0.40162906
0.40164557
0.40166414
0.40168366
0.40170273
0.40172
0.401734
0.40174374
0.4017486
0.4017482
0.40174285
0.40173292
0.4017192
0.4017025
0.4016833
0.40166196
0.4016388
0.40161434
0.40158927
0.40156466
0.40154165
0.40152133
0.40150464
0.40149203
0.40148395
0.40148035
0.40148112
0.4014863
0.40149584
0.40150973
0.40152773
0.4015497
0.40157506
0.40160295
0.40163258
0.4016628
0.40169218
0.40171915
0.4017424
0.4017608
0.4017736
0.4017805
0.40178138
0.40177673
0.40176725
0.40175393
0.40173766
0.40171948
0.4017
0.40168002
0.40165988
0.40164024
0.4016215
0.40160388
0.40158775
0.40157342
0.4015609
0.4015502
0.40154096
0.40153295
0.40152547
0.4015181
0.40151036
0.40150204
0.40149316
0.40148413
0.40147528
0.40146714
0.40145987
0.40145355
0.40144786
0.4014426
0.4014372
0.40143132
0.40142524
0.40141922
0.4014138
0.40140948
0.40140703
0.4014072
0.40141034
0.40141687
0.4014267
0.4014397
0.4014555
0.40147373
0.4014941
0.40151632
0.4015403
0.40156564
0.40159193
0.40161812
0.40164298
0.4016647
0.40168196
0.40169346
0.40169865
0.40169746
0.40169036
0.40167823
0.4016622
0.40164354
0.40162334
0.40160245
0.4015818
0.4015622
0.40154454
0.4015296
0.40151808
0.40151048
0.4015072
0.40150827
0.4015138
0.40152347
0.40153688
0.40155318
0.40157148
0.4015904
0.4016084
0.4016238
0.40163496
0.4016409
0.40164104
0.40163583
0.40162608
0.40161335
0.40159935
0.4015856
0.4015735
0.40156424
0.40155864
0.40155745
0.40156105
0.40156972
0.4015833
0.40160134
0.40162307
0.4016474
0.4016733
0.4016998
0.4017261
0.40175134
0.40177476
0.40179563
0.40181312
0.40182638
0.40183485
0.40183768
0.4018348
0.4018262
0.40181255
0.40179455
0.4017735
0.40175056
0.40172723
0.4017049
0.40168464
0.40166754
0.40165398
0.4016443
0.40163854
0.4016367
0.40163857
0.40164408
0.401653
0.40166467
0.40167862
0.40169424
0.4017105
0.40172645
0.40174097
0.40175313
0.4017618
0.4017664
0.40176624
0.40176138
0.40175197
0.40173858
0.40172213
0.40170383
0.40168497
0.4016671
0.40165144
0.40163958
0.40163216
0.40162954
0.40163162
0.40163794
0.4016477
0.4016599
0.40167356
0.40168768
0.40170175
0.40171537
0.40172833
0.40174046
0.40175122
0.40175977
0.4017655
0.40176776
0.40176624
0.40176138
0.40175384
0.40174478
0.40173545
0.40172705
0.40172023
0.40171474
0.40171015
0.40170512
0.4016985
0.40168935
0.40167725
0.40166232
0.40164518
0.40162677
0.4016082
0.40159038
0.40157413
0.40156034
0.4015496
0.40154248
0.40153942
0.4015407
0.40154633
0.40155602
0.40156922
0.40158528
0.40160325
0.40162227
0.40164155
0.40166074
0.40167984
0.4016989
0.40171775
0.40173596
0.40175277
0.401767
0.4017777
0.40178433
0.40178666
0.40178514
0.40178064
0.4017744
0.4017676
0.40176105
0.40175495
0.4017492
0.40174335
0.40173724
0.4017306
0.4017236
0.40171638
0.40170914
0.40170208
0.401695
0.40168765
0.40167934
0.40166962
0.4016583
0.40164584
0.40163293
0.40162072
0.40161046
0.4016033
0.40160015
0.4016014
0.40160722
0.40161714
0.40163052
0.40164652
0.40166467
0.40168405
0.4017039
0.40172318
0.40174103
0.40175653
0.4017689
0.40177742
0.40178168
0.40178168
0.40177763
0.40176964
0.40175852
0.40174466
0.40172875
0.4017113
0.40169272
0.4016735
0.40165392
0.40163416
0.4016142
0.4015941
0.40157402
0.4015543
0.4015353
0.4015174
0.4015009
0.40148637
0.4014741
0.40146446
0.4014577
0.40145367
0.40145206
0.4014525
0.40145436
0.40145725
0.4014605
0.40146402
0.40146753
0.40147123
0.40147546
0.4014805
0.40148646
0.40149358
0.40150163
0.40150997
0.40151808
0.40152526
0.40153104
0.4015353
0.40153784
0.40153843
0.40153712
0.40153414
0.40153006
0.40152535
0.40152067
0.4015163
0.40151244
0.40150958
0.40150777
0.4015069
0.4015069
0.40150765
0.4015092
0.4015114
0.40151417
0.40151778
0.40152255
0.40152848
0.40153605
0.40154532
0.4015567
0.4015701
0.4015854
0.40160155
0.40161762
0.4016321
0.4016436
0.40165102
0.40165362
0.40165135
0.4016447
0.40163445
0.40162173
0.40160763
0.40159342
0.4015799
0.40156803
0.40155816
0.40155074
0.40154603
0.4015441
0.40154478
0.40154773
0.4015525
0.40155837
0.40156516
0.40157214
0.4015788
0.40158477
0.4015898
0.40159357
0.40159586
0.40159664
0.40159613
0.40159458
0.40159246
0.40158984
0.40158695
0.40158382
0.4015806
0.40157756
0.4015751
0.40157354
0.40157342
0.4015752
0.40157932
0.40158588
0.4015949
0.40160593
0.4016184
0.4016314
0.4016437
0.4016541
0.40166152
0.40166488
0.40166363
0.4016578
0.40164766
0.40163434
0.40161923
0.40160415
0.40159056
0.40158027
0.40157402
0.40157264
0.40157646
0.40158558
0.4015998
0.4016186
0.40164137
0.40166703
0.4016943
0.4017216
0.40174726
0.4017696
0.40178725
0.40179923
0.40180486
0.401804
0.40179682
0.40178403
0.40176666
0.4017459
0.40172318
0.40170008
0.40167803
0.4016583
0.40164188
0.40162918
0.4016203
0.4016149
0.40161243
0.40161192
0.40161252
0.40161312
0.4016126
0.40161014
0.40160528
0.40159816
0.40158948
0.40158048
0.40157282
0.40156797
0.401567
0.40157083
0.40157974
0.40159363
0.40161195
0.4016337
0.40165764
0.4016822
0.40170553
0.4017258
0.4017413
0.40175092
0.40175402
0.4017505
0.40174094
0.40172628
0.40170822
0.4016884
0.4016687
0.4016506
0.40163532
0.4016237
0.40161598
0.40161183
0.4016102
0.40160978
0.4016089
0.40160593
0.40159938
0.40158874
0.40157402
0.4015558
0.4015356
0.40151474
0.4014945
0.4014763
0.40146068
0.4014484
0.40143955
0.40143412
0.40143204
0.40143293
0.4014365
0.40144214
0.4014493
0.4014572
0.40146476
0.4014713
0.40147582
0.4014781
0.40147844
0.4014777
0.40147674
0.4014767
0.40147817
0.40148163
0.40148717
0.40149468
0.40150383
0.4015145
0.40152666
0.4015404
0.40155616
0.40157428
0.40159476
0.4016174
0.40164137
0.40166536
0.40168798
0.40170744
0.4017223
0.40173152
0.40173456
0.40173173
0.4017235
0.40171087
0.40169495
0.4016769
0.40165767
0.40163812
0.40161917
0.40160167
0.4015865
0.40157416
0.4015652
0.40155986
0.40155804
0.4015596
0.40156373
0.40156972
0.40157703
0.4015852
0.40159467
0.40160593
0.4016196
0.40163594
0.4016552
0.4016773
0.40170234
0.40172994
0.40175974
0.40179074
0.4018215
0.4018507
0.4018769
0.40189892
0.40191606
0.40192753
0.40193298
0.40193206
0.40192473
0.40191117
0.40189174
0.401867
0.40183792
0.4018057
0.4017719
0.40173835
0.4017067
0.4016784
0.40165448
0.40163547
0.4016217
0.40161312
0.40160936
0.40160936
0.4016121
0.40161592
0.40161952
0.40162176
0.4016221
0.4016202
0.40161595
0.40160936
0.4016009
0.40159127
0.4015814
0.40157223
0.40156454
0.40155888
0.4015557
0.4015553
0.4015581
0.40156484
0.40157583
0.4015916
0.40161172
0.40163565
0.4016622
0.40168983
0.40171686
0.40174183
0.40176356
0.40178144
0.40179527
0.4018054
0.4018125
0.40181726
0.40182033
0.40182188
0.4018222
0.40182126
0.40181923
0.40181613
0.40181154
0.40180516
0.4017965
0.4017853
0.4017718
0.40175635
0.40173966
0.40172237
0.40170538
0.4016894
0.4016748
0.40166178
0.40165028
0.40164033
0.40163213
0.4016257
0.40162122
0.40161884
0.40161863
0.4016203
0.40162337
0.4016272
0.4016312
0.40163478
0.40163767
0.40163958
0.40164018
0.40163916
0.40163642
0.40163207
0.40162644
0.40161976
0.40161234
0.40160444
0.4015965
0.4015887
0.40158126
0.40157416
0.40156746
0.4015611
0.40155488
0.40154883
0.40154302
0.4015379
0.4015341
0.40153214
0.4015325
0.40153587
0.40154245
0.4015525
0.40156573
0.40158185
0.4016002
0.40162063
0.4016426
0.40166563
0.4016893
0.40171283
0.40173504
0.40175435
0.4017695
0.40177915
0.40178254
0.4017794
0.40177014
0.40175575
0.40173754
0.40171736
0.40169662
0.4016768
0.40165892
0.40164375
0.4016319
0.40162352
0.40161893
0.40161818
0.40162113
0.40162757
0.40163702
0.40164876
0.40166202
0.40167594
0.40168962
0.40170178
0.40171143
0.4017178
0.40172055
0.4017198
0.40171623
0.4017106
0.40170386
0.40169647
0.4016884
0.40167928
0.40166825
0.40165496
0.40163904
0.40162063
0.40160048
0.4015793
0.40155804
0.40153757
0.40151876
0.40150237
0.40148908
0.40147898
0.4014724
0.40146935
0.4014694
0.40147224
0.40147686
0.40148252
0.4014881
0.4014927
0.40149602
0.4014977
0.40149802
0.4014975
0.40149692
0.4014968
0.4014979
0.40150073
0.40150538
0.40151185
0.4015199
0.40152916
0.40153936
0.40154997
0.40156052
0.4015706
0.40157992
0.40158847
0.40159667
0.40160474
0.40161303
0.40162152
0.40163025
0.4016391
0.40164736
0.4016542
0.40165883
0.40166047
0.40165928
0.40165564
0.40165064
0.40164548
0.4016416
0.40163964
0.40164006
0.40164253
0.40164623
0.4016502
0.4016534
0.40165535
0.4016559
0.40165564
0.40165547
0.40165648
0.4016593
0.4016645
0.40167165
0.40167987
0.4016877
0.40169373
0.40169668
0.40169543
0.40168968
0.40167958
0.40166572
0.4016491
0.4016307
0.4016112
0.40159148
0.40157223
0.40155435
0.40153852
0.40152523
0.4015146
0.40150672
0.40150163
0.4014988
0.40149805
0.40149876
0.40150043
0.40150252
0.40150452
0.4015059
0.40150657
0.40150663
0.40150672
0.4015075
0.40150973
0.401514
0.40152073
0.40152982
0.40154096
0.40155354
0.4015666
0.40157947
0.40159178
0.40160355
0.40161476
0.40162548
0.4016354
0.40164378
0.40164962
0.4016518
0.40164956
0.40164232
0.40163043
0.4016146
0.40159613
0.40157658
0.40155718
0.40153942
0.40152422
0.40151262
0.401505
0.4015019
0.4015036
0.40151
0.40152064
0.40153483
0.40155149
0.40156955
0.4015878
0.40160543
0.40162185
0.40163702
0.40165064
0.40166253
0.40167218
0.40167895
0.40168235
0.40168244
0.40167937
0.40167394
0.40166673
0.40165845
0.4016496
0.40164018
0.40163058
0.40162098
0.40161192
0.40160382
0.40159672
0.40159085
0.4015858
0.40158135
0.40157732
0.4015737
0.4015703
0.40156716
0.40156403
0.4015609
0.40155804
0.40155587
0.40155506
0.40155607
0.40155923
0.40156442
0.40157118
0.40157896
0.40158674
0.40159383
0.40159932
0.40160263
0.4016036
0.40160245
0.4016002
0.40159768
0.4015957
0.4015947
0.40159458
0.4015952
0.40159586
0.40159583
0.4015943
0.40159085
0.40158528
0.4015781
0.40156966
0.40156043
0.40155113
0.40154237
0.40153447
0.40152764
0.40152234
0.40151876
0.40151727
0.40151817
0.40152168
0.4015276
0.4015359
0.4015459
0.40155685
0.40156743
0.40157676
0.40158412
0.4015893
0.40159264
0.40159467
0.401596
0.40159753
0.40159944
0.40160236
0.4016063
0.4016114
0.40161738
0.40162364
0.40162927
0.4016334
0.40163547
0.4016354
0.40163374
0.4016313
0.40162903
0.40162814
0.40162924
0.401633
0.40163958
0.401649
0.40166086
0.40167448
0.40168872
0.40170243
0.401714
0.40172222
0.40172625
0.40172553
0.40172017
0.4017107
0.4016979
0.40168342
0.40166864
0.40165484
0.40164304
0.4016337
0.40162674
0.40162173
0.40161797
0.40161493
0.40161228
0.40160993
0.4016077
0.40160534
0.40160254
0.40159887
0.40159434
0.40158895
0.4015833
0.40157792
0.40157324
0.40156943
0.40156674
0.40156546
0.40156624
0.4015693
0.40157467
0.40158197
0.40159032
0.4015987
0.4016062
0.40161192
0.40161505
0.40161517
0.40161234
0.40160662
0.4015981
0.40158713
0.40157455
0.40156138
0.40154856
0.4015373
0.40152842
0.40152252
0.4015203
0.40152207
0.40152815
0.4015384
0.40155232
0.40156907
0.4015873
0.40160552
0.401622
0.40163505
0.4016435
0.4016467
0.40164468
0.40163812
0.40162817
0.40161622
0.4016036
0.40159154
0.401581
0.40157235
0.40156603
0.40156198
0.40155983
0.40155956
0.40156084
0.40156317
0.40156624
0.40156966
0.40157297
0.40157598
0.40157852
0.4015806
0.40158236
0.4015839
0.4015856
0.4015877
0.40159026
0.40159342
0.40159702
0.40160102
0.4016049
0.40160832
0.40161076
0.40161163
0.40161073
0.40160817
0.40160397
0.4015985
0.40159193
0.4015846
0.40157688
0.40156934
0.40156248
0.401557
0.40155324
0.40155163
0.40155226
0.4015553
0.40156046
0.40156755
0.40157583
0.40158477
0.4015938
0.40160248
0.40161088
0.4016195
0.40162903
0.40163997
0.40165237
0.40166587
0.40167952
0.40169188
0.4017017
0.40170762
0.40170914
0.40170622
0.40169948
0.4016901
0.4016797
0.40167004
0.40166244
0.4016579
0.40165648
0.40165776
0.40166107
0.40166545
0.40166992
0.40167403
0.40167773
0.40168136
0.40168533
0.40169013
0.401696
0.40170255
0.4017094
0.4017156
0.40172017
0.40172195
0.4017204
0.40171513
0.40170658
0.4016955
0.4016831
0.4016708
0.40166017
0.4016525
0.40164882
0.4016497
0.40165547
0.40166605
0.40168133
0.4017013
0.40172544
0.4017528
0.4017821
0.40181172
0.40184
0.40186527
0.4018862
0.40190175
0.4019112
0.4019141
0.4019104
0.40190014
0.40188405
0.40186307
0.40183833
0.40181148
0.40178394
0.40175718
0.40173244
0.4017106
0.401692
0.4016768
0.40166524
0.40165725
0.4016532
0.40165305
0.40165654
0.40166277
0.40167084
0.40167928
0.4016872
0.40169406
0.40169984
0.40170482
0.4017094
0.4017137
0.40171757
0.4017205
0.4017216
0.40172017
0.40171564
0.40170777
0.40169692
0.40168342
0.4016679
0.40165097
0.40163317
0.4016151
0.4015973
0.40158018
0.4015642
0.40154982
0.40153715
0.4015262
0.40151674
0.40150833
0.40150067
0.40149334
0.40148625
0.40147924
0.40147263
0.40146667
0.40146172
0.40145814
0.40145645
0.4014571
0.4014602
0.4014658
0.4014736
0.4014828
0.4014928
0.4015024
0.40151104
0.4015181
0.40152374
0.40152842
0.4015325
0.40153667
0.40154108
0.401546
0.401551
0.40155563
0.40155917
0.40156117
0.40156138
0.40155974
0.4015564
0.40155157
0.40154532
0.40153807
0.40153039
0.4015228
0.40151593
0.40151006
0.40150535
0.40150213
0.40150037
0.40150034
0.4015022
0.40150604
0.40151146
0.40151814
0.40152526
0.40153185
0.401537
0.40153986
0.40154022
0.4015382
0.4015344
0.40152952
0.40152442
0.4015198
0.4015163
0.40151435
0.4015143
0.4015163
0.40152022
0.4015261
0.40153337
0.40154156
0.40155002
0.40155828
0.401566
0.40157285
0.40157855
0.40158284
0.40158555
0.401587
0.4015874
0.4015868
0.40158555
0.4015835
0.4015806
0.40157685
0.40157226
0.40156665
0.40156007
0.40155268
0.4015447
0.401537
0.40153033
0.4015254
0.40152296
0.40152314
0.4015257
0.4015302
0.40153593
0.40154207
0.40154746
0.40155154
0.40155342
0.4015525
0.40154856
0.40154165
0.40153223
0.40152118
0.4015092
0.4014973
0.40148646
0.40147743
0.40147084
0.4014671
0.40146652
0.40146908
0.40147445
0.4014823
0.40149197
0.40150264
0.4015135
0.40152416
0.4015347
0.40154526
0.40155616
0.4015677
0.40158013
0.40159392
0.40160918
0.4016259
0.4016435
0.40166107
0.40167755
0.40169173
0.40170267
0.4017099
0.4017134
0.4017135
0.4017108
0.40170646
0.4017014
0.40169615
0.4016909
0.40168515
0.40167817
0.40166909
0.40165737
0.4016428
0.4016257
0.40160674
0.40158692
0.40156752
0.4015496
0.40153414
0.40152186
0.40151325
0.4015087
0.40150836
0.40151215
0.40151978
0.40153053
0.4015439
0.40155867
0.4015736
0.40158746
0.40159908
0.40160757
0.40161258
0.4016145
0.40161398
0.40161234
0.40161073
0.4016103
0.40161192
0.40161613
0.40162277
0.40163147
0.40164155
0.40165192
0.40166134
0.40166888
0.40167364
0.40167537
0.40167424
0.4016708
0.4016662
0.40166166
0.4016582
0.40165693
0.40165862
0.4016638
0.40167263
0.40168506
0.4017007
0.40171906
0.40173948
0.4017617
0.40178525
0.4018097
0.40183422
0.4018577
0.401879
0.4018972
0.40191135
0.4019208
0.4019251
0.40192392
0.4019172
0.4019048
0.4018871
0.4018642
0.40183678
0.40180525
0.40177038
0.40173304
0.40169445
0.4016563
0.40162033
0.40158817
0.4015611
0.40154004
0.4015251
0.40151647
0.40151367
0.4015162
0.40152335
0.40153414
0.40154764
0.40156263
0.40157795
0.40159222
0.4016044
0.40161365
0.40161917
0.40162027
0.40161648
0.4016079
0.40159503
0.40157887
0.40156078
0.40154213
0.40152466
0.4015096
0.4014983
0.40149134
0.4014894
0.40149286
0.40150174
0.4015162
0.40153593
0.4015606
0.4015891
0.4016204
0.401653
0.4016851
0.40171495
0.40174115
0.4017625
0.40177834
0.4017885
0.40179294
0.4017919
0.40178576
0.40177512
0.40176067
0.40174335
0.40172434
0.40170488
0.4016866
0.40167084
0.40165868
0.4016512
0.40164888
0.40165186
0.40165937
0.4016704
0.4016835
0.4016972
0.4017096
0.4017193
0.4017251
0.40172613
0.40172192
0.40171257
0.40169847
0.40168044
0.4016593
0.40163633
0.40161252
0.40158913
0.40156725
0.40154824
0.40153295
0.4015222
0.40151638
0.4015156
0.40151948
0.40152737
0.4015384
0.4015513
0.4015649
0.40157777
0.40158913
0.40159822
0.40160516
0.40160993
0.4016126
0.4016132
0.40161183
0.4016086
0.40160426
0.40159962
0.40159547
0.4015928
0.40159252
0.4015951
0.40160084
0.40160975
0.40162134
0.40163463
0.4016485
0.40166157
0.40167218
0.40167922
0.40168172
0.40167958
0.4016732
0.40166357
0.40165222
0.40164036
0.40162927
0.4016198
0.40161252
0.40160772
0.40160543
0.40160534
0.40160704
0.40160996
0.40161365
0.40161794
0.40162268
0.40162775
0.40163308
0.4016385
0.40164378
0.40164882
0.401654
0.40165988
0.4016673
0.4016768
0.40168872
0.40170315
0.40171978
0.40173784
0.40175647
0.4017745
0.40179098
0.40180504
0.40181613
0.40182352
0.40182698
0.40182668
0.4018228
0.40181598
0.40180704
0.40179703
0.40178698
0.40177792
0.4017704
0.40176454
0.40175992
0.4017561
0.4017525
0.40174896
0.40174523
0.40174097
0.40173572
0.40172875
0.40171933
0.40170702
0.40169173
0.40167382
0.401654
0.40163308
0.4016122
0.40159205
0.4015734
0.4015564
0.40154132
0.4015279
0.40151593
0.4015053
0.40149605
0.4014882
0.40148163
0.40147623
0.4014717
0.4014676
0.40146407
0.40146095
0.40145832
0.4014565
0.40145567
0.401456
0.40145764
0.40146044
0.4014647
0.40147027
0.40147722
0.4014855
0.40149486
0.40150505
0.40151605
0.4015278
0.40153998
0.40155265
0.40156576
0.4015794
0.40159383
0.4016092
0.40162534
0.40164196
0.40165824
0.4016731
0.40168545
0.40169427
0.40169865
0.40169832
0.40169322
0.401684
0.4016716
0.4016573
0.40164262
0.4016286
0.401616
0.40160546
0.40159717
0.401591
0.40158668
0.4015837
0.40158135
0.4015788
0.40157542
0.40157086
0.40156475
0.40155727
0.40154842
0.40153852
0.40152797
0.40151748
0.40150765
0.4014992
0.40149245
0.40148774
0.401485
0.4014841
0.40148494
0.40148735
0.4014912
0.40149692
0.40150493
0.40151557
0.40152916
0.40154558
0.40156406
0.40158376
0.40160316
0.40162113
0.40163672
0.40164965
0.40166026
0.40166953
0.40167877
0.40168926
0.40170187
0.40171713
0.40173483
0.4017543
0.4017743
0.40179354
0.40181085
0.40182528
0.40183613
0.40184277
0.40184498
0.4018425
0.40183538
0.40182397
0.40180913
0.4017919
0.40177357
0.40175566
0.40173933
0.40172556
0.4017146
0.40170616
0.40169978
0.40169472
0.4016902
0.40168592
0.401682
0.40167886
0.40167713
0.40167713
0.40167925
0.40168336
0.4016895
0.4016975
0.40170747
0.40171918
0.4017322
0.40174586
0.40175906
0.40177068
0.40177965
0.4017851
0.4017863
0.401783
0.4017749
0.4017623
0.40174562
0.4017257
0.40170342
0.40168002
0.40165666
0.4016342
0.4016133
0.401594
0.40157622
0.40155977
0.40154466
0.40153074
0.40151793
0.40150598
0.4014946
0.4014833
0.40147194
0.40146053
0.40144932
0.401439
0.40142992
0.40142256
0.40141717
0.40141407
0.40141323
0.4014148
0.40141875
0.40142527
0.40143466
0.40144712
0.40146264
0.40148115
0.40150207
0.4015243
0.40154675
0.4015679
0.4015865
0.40160167
0.40161294
0.40162054
0.40162498
0.40162686
0.40162686
0.40162522
0.401622
0.40161738
0.4016117
0.40160534
0.40159872
0.40159243
0.40158683
0.40158206
0.40157837
0.4015757
0.40157396
0.40157264
0.40157148
0.40157026
0.40156892
0.40156752
0.4015659
0.40156376
0.40156078
0.4015566
0.4015513
0.40154526
0.40153882
0.40153244
0.40152648
0.40152118
0.40151638
0.40151238
0.4015092
0.4015068
0.40150547
0.4015052
0.401506
0.40150785
0.4015107
0.40151432
0.40151834
0.40152225
0.40152574
0.40152818
0.40152928
0.4015287
0.40152663
0.40152344
0.40151998
0.40151724
0.40151614
0.4015176
0.4015226
0.40153158
0.4015448
0.40156215
0.40158287
0.40160602
0.4016303
0.40165436
0.4016767
0.40169606
0.40171105
0.40172085
0.401725
0.4017237
0.40171757
0.40170795
0.40169612
0.40168378
0.4016722
0.40166247
0.40165538
0.4016516
0.40165162
0.40165576
0.40166357
0.40167433
0.40168655
0.4016989
0.40170985
0.4017181
0.40172294
0.4017238
0.40172076
0.40171444
0.4017057
0.40169537
0.40168422
0.40167245
0.40166017
0.40164724
0.40163335
0.40161875
0.40160367
0.4015889
0.40157512
0.40156317
0.4015539
0.40154803
0.40154588
0.4015472
0.4015513
0.40155703
0.4015628
0.4015674
0.40156972
0.40156934
0.40156624
0.40156093
0.4015543
0.40154698
0.4015397
0.40153295
0.40152672
0.401521
0.40151542
0.40151006
0.40150502
0.40150046
0.40149674
0.4014941
0.40149266
0.40149257
0.4014937
0.4014961
0.40149975
0.4015045
0.40151015
0.40151656
0.4015233
0.40152997
0.4015361
0.401541
0.40154395
0.40154436
0.40154174
0.4015361
0.40152767
0.401517
0.40150484
0.40149185
0.40147895
0.401467
0.4014568
0.4014491
0.40144464
0.40144393
0.4014473
0.4014548
0.40146607
0.40148067
0.4014978
0.40151656
0.40153566
0.40155402
0.40157008
0.40158266
0.40159082
0.40159422
0.4015929
0.40158758
0.4015793
0.4015692
0.40155828
0.40154737
0.40153703
0.4015275
0.40151903
0.40151185
0.40150622
0.4015024
0.40150088
0.40150225
0.40150705
0.4015156
0.40152782
0.40154344
0.4015619
0.4015823
0.4016038
0.4016253
0.40164596
0.40166476
0.40168133
0.40169573
0.4017084
0.40172
0.40173146
0.4017431
0.40175498
0.40176633
0.4017762
0.40178367
0.401788
0.40178868
0.40178585
0.40177995
0.40177152
0.40176153
0.40175086
0.40174025
0.40172994
0.40171996
0.40171003
0.40169954
0.40168807
0.40167564
0.40166247
0.40164962
0.40163827
0.40163004
0.4016264
0.40162858
0.40163743
0.40165332
0.40167618
0.40170556
0.40174088
0.40178183
0.4018286
0.40188235
0.40194598
0.40202415
0.4021244
0.40225783
0.40244028
0.40269613
0.40305614
0.40356293
0.40427572
0.40527377
0.40666452
0.40859035
0.41127217
0.41493437
0.41988552
0.42659754
0.43571463
0.44784713
