0.44255927
0.43205035
0.42416683
0.41823116
0.41380012
0.41052875
0.40813196
0.40636876
0.4050774
0.4041381
0.4034537
0.40295577
0.4025932
0.40232852
0.4021342
0.40199003
0.40188166
0.40179858
0.40173304
0.40167952
0.40163437
0.40159512
0.40156072
0.40153065
0.40150493
0.40148368
0.401467
0.40145507
0.40144765
0.40144482
0.4014462
0.40145123
0.4014592
0.40146893
0.4014794
0.4014893
0.4014977
0.4015036
0.40150696
0.4015081
0.40150788
0.40150735
0.40150735
0.4015088
0.40151218
0.40151802
0.40152618
0.40153667
0.40154877
0.40156174
0.40157443
0.4015858
0.4015949
0.40160125
0.4016049
0.4016063
0.4016064
0.40160635
0.4016074
0.40161037
0.4016162
0.40162522
0.40163752
0.40165275
0.40167022
0.40168914
0.40170807
0.40172562
0.40174043
0.40175137
0.4017577
0.40175906
0.40175536
0.4017468
0.4017339
0.40171716
0.40169728
0.40167516
0.4016519
0.40162846
0.4016062
0.40158588
0.40156803
0.4015531
0.40154117
0.40153235
0.4015267
0.40152392
0.40152374
0.4015254
0.40152878
0.40153354
0.40153995
0.40154824
0.4015584
0.40157026
0.4015836
0.40159792
0.40161255
0.4016273
0.40164188
0.40165627
0.40167055
0.40168482
0.4016988
0.4017121
0.40172383
0.4017333
0.40173995
0.4017436
0.4017442
0.4017419
0.4017372
0.40173045
0.4017215
0.40171033
0.40169677
0.40168098
0.4016633
0.40164477
0.40162617
0.4016086
0.4015928
0.4015793
0.40156823
0.4015595
0.40155292
0.4015483
0.4015454
0.40154397
0.40154368
0.40154433
0.40154555
0.40154713
0.40154862
0.40154988
0.4015506
0.40155083
0.4015507
0.4015504
0.40155002
0.40154958
0.401549
0.40154815
0.40154713
0.4015464
0.4015467
0.40154898
0.4015542
0.40156272
0.40157443
0.4015889
0.4016049
0.40162122
0.40163624
0.40164855
0.401657
0.401661
0.40166044
0.40165552
0.40164706
0.40163574
0.40162235
0.40160772
0.40159255
0.4015775
0.40156293
0.40154907
0.40153587
0.40152326
0.40151125
0.40150002
0.4014899
0.40148127
0.40147462
0.4014703
0.40146858
0.40146968
0.40147358
0.40148038
0.4014899
0.40150183
0.40151593
0.40153173
0.40154883
0.4015666
0.4015847
0.40160298
0.40162104
0.40163848
0.4016551
0.40167066
0.40168512
0.40169865
0.40171137
0.40172324
0.40173396
0.40174326
0.4017506
0.40175575
0.4017584
0.40175864
0.40175694
0.40175417
0.4017512
0.40174896
0.40174806
0.40174848
0.40174955
0.40175036
0.40174973
0.40174696
0.4017415
0.40173346
0.40172327
0.4017118
0.4017
0.40168908
0.4016796
0.40167218
0.40166727
0.4016652
0.40166578
0.4016683
0.40167168
0.40167457
0.4016758
0.40167415
0.4016692
0.40166092
0.40164962
0.40163597
0.40162095
0.40160525
0.40158936
0.40157387
0.40155908
0.40154582
0.40153477
0.4015266
0.40152165
0.40152013
0.40152183
0.40152618
0.40153253
0.40154037
0.4015494
0.40155962
0.40157095
0.40158308
0.40159556
0.40160766
0.40161887
0.401629
0.4016382
0.4016471
0.40165648
0.40166706
0.40167955
0.4016937
0.4017089
0.40172416
0.40173814
0.40174958
0.40175754
0.40176123
0.40176076
0.40175623
0.40174848
0.40173855
0.4017276
0.40171692
0.4017075
0.40170038
0.40169606
0.4016947
0.40169603
0.4016996
0.40170503
0.40171185
0.4017199
0.4017287
0.4017377
0.4017461
0.40175307
0.40175778
0.4017595
0.40175793
0.40175283
0.40174446
0.40173334
0.40172017
0.40170598
0.40169156
0.40167785
0.40166545
0.40165478
0.40164623
0.40164015
0.4016367
0.40163583
0.40163743
0.40164104
0.40164673
0.40165442
0.40166453
0.40167698
0.40169188
0.40170896
0.40172726
0.40174574
0.401763
0.40177774
0.40178874
0.40179503
0.40179598
0.40179142
0.40178144
0.40176648
0.4017474
0.40172523
0.40170136
0.4016772
0.40165406
0.40163288
0.40161413
0.40159792
0.4015839
0.40157172
0.4015608
0.40155104
0.4015425
0.4015355
0.40153024
0.4015269
0.40152556
0.40152627
0.40152925
0.40153465
0.4015424
0.40155205
0.4015632
0.4015749
0.40158632
0.40159655
0.40160483
0.4016104
0.40161255
0.40161133
0.4016068
0.4015996
0.40159035
0.40157974
0.40156856
0.40155762
0.40154752
0.40153882
0.4015319
0.40152693
0.40152386
0.40152267
0.40152314
0.4015249
0.40152723
0.4015293
0.4015302
0.40152925
0.40152594
0.40152046
0.40151295
0.40150407
0.40149423
0.4014843
0.4014747
0.4014662
0.40145925
0.40145466
0.401453
0.40145448
0.40145922
0.40146726
0.4014783
0.40149182
0.4015072
0.40152347
0.40153944
0.40155405
0.40156633
0.40157565
0.40158162
0.4015843
0.4015839
0.40158123
0.401577
0.40157232
0.40156785
0.40156433
0.40156204
0.4015614
0.4015627
0.40156594
0.40157118
0.40157792
0.40158528
0.4015922
0.40159744
0.40159985
0.40159884
0.4015944
0.40158692
0.40157714
0.40156597
0.40155426
0.4015425
0.40153122
0.40152055
0.40151066
0.40150195
0.4014946
0.40148887
0.40148497
0.4014831
0.40148324
0.4014857
0.40149072
0.40149862
0.40150973
0.40152422
0.40154213
0.4015632
0.40158704
0.40161276
0.4016394
0.4016656
0.40168995
0.40171108
0.40172803
0.40173993
0.40174633
0.40174717
0.40174264
0.4017332
0.40171957
0.401703
0.40168497
0.40166733
0.40165192
0.40164036
0.40163386
0.40163323
0.40163878
0.40165028
0.40166706
0.40168777
0.40171078
0.40173423
0.40175644
0.40177596
0.40179166
0.40180272
0.40180847
0.40180847
0.4018025
0.40179038
0.4017722
0.40174824
0.4017192
0.401686
0.40165022
0.40161332
0.40157717
0.4015433
0.40151286
0.40148667
0.40146497
0.4014477
0.40143457
0.40142512
0.40141878
0.40141508
0.40141362
0.40141395
0.40141585
0.4014192
0.40142378
0.4014295
0.4014361
0.4014432
0.40145054
0.4014577
0.40146443
0.40147102
0.4014781
0.40148646
0.40149698
0.40151015
0.40152636
0.40154546
0.401567
0.40158993
0.4016132
0.40163538
0.40165544
0.4016724
0.40168592
0.401696
0.401703
0.40170774
0.40171084
0.40171316
0.40171513
0.40171692
0.40171847
0.40171948
0.40171954
0.4017184
0.40171617
0.40171307
0.40170977
0.40170702
0.4017056
0.4017063
0.4017096
0.40171546
0.4017237
0.40173346
0.40174398
0.40175405
0.40176284
0.40176958
0.40177333
0.40177348
0.4017693
0.40176052
0.40174687
0.40172854
0.40170625
0.40168113
0.40165478
0.4016288
0.4016048
0.40158385
0.40156674
0.4015539
0.40154546
0.40154135
0.40154102
0.40154362
0.40154815
0.40155345
0.4015583
0.40156206
0.4015643
0.4015653
0.40156558
0.40156585
0.40156662
0.40156838
0.40157124
0.4015752
0.40158013
0.40158588
0.4015921
0.40159884
0.4016062
0.40161413
0.40162244
0.40163046
0.40163746
0.40164247
0.40164503
0.40164486
0.40164217
0.40163746
0.40163147
0.40162507
0.4016188
0.40161312
0.40160805
0.4016036
0.4015997
0.40159672
0.40159476
0.40159392
0.40159434
0.4015957
0.40159792
0.40160027
0.40160227
0.40160334
0.40160328
0.40160245
0.40160134
0.40160075
0.40160123
0.40160322
0.40160716
0.40161315
0.40162122
0.40163112
0.40164262
0.40165576
0.4016704
0.40168628
0.40170294
0.4017194
0.4017343
0.40174624
0.40175402
0.40175676
0.40175396
0.40174562
0.4017323
0.40171495
0.4016949
0.40167364
0.40165263
0.40163323
0.40161628
0.4016024
0.40159145
0.40158334
0.40157732
0.40157318
0.40157053
0.40156934
0.4015696
0.40157127
0.4015743
0.4015782
0.4015824
0.4015862
0.40158886
0.40158975
0.40158847
0.4015852
0.4015804
0.4015753
0.40157172
0.4015719
0.4015786
0.40159565
0.40162772
0.40168095
0.40176374
0.40188727
0.402068
0.40232867
0.40269867
0.40321982
0.40395024
0.4049685
0.40638128
0.40833092
0.4110383
0.4147269
0.4197059
0.42644954
0.43559822
0.4477629
