0.4425582
0.43204477
0.42415252
0.41820347
0.41375494
0.4104628
0.40804484
0.40626174
0.4049541
0.40400434
0.40331677
0.4028238
0.40247452
0.40223065
0.40206328
0.40195033
0.4018748
0.40182438
0.4017898
0.40176496
0.40174577
0.40173003
0.40171698
0.4017065
0.40169924
0.40169576
0.4016962
0.40170038
0.4017075
0.40171656
0.40172613
0.40173504
0.40174255
0.40174848
0.4017531
0.4017569
0.4017608
0.40176514
0.40177023
0.40177613
0.40178227
0.4017878
0.40179172
0.40179336
0.40179208
0.40178782
0.40178108
0.40177253
0.4017633
0.4017542
0.4017459
0.4017386
0.40173227
0.40172622
0.40171984
0.40171286
0.4017051
0.40169686
0.40168858
0.40168095
0.40167478
0.40167037
0.4016676
0.40166605
0.4016649
0.40166348
0.40166143
0.40165862
0.40165517
0.40165117
0.40164676
0.40164182
0.40163624
0.40163028
0.40162402
0.40161806
0.40161318
0.40160984
0.40160817
0.40160793
0.40160853
0.4016093
0.40160987
0.40161014
0.40161037
0.40161073
0.40161133
0.40161204
0.40161282
0.40161356
0.4016139
0.40161356
0.40161195
0.4016089
0.40160444
0.40159884
0.40159288
0.4015871
0.40158197
0.40157786
0.40157494
0.40157345
0.40157375
0.40157598
0.40157977
0.4015846
0.40158927
0.40159267
0.40159357
0.40159127
0.40158564
0.40157717
0.40156665
0.4015554
0.40154418
0.40153384
0.40152466
0.40151662
0.40150946
0.40150297
0.40149716
0.40149185
0.4014868
0.401482
0.40147758
0.40147412
0.40147224
0.4014726
0.4014759
0.40148255
0.40149307
0.401508
0.4015273
0.40155083
0.4015781
0.40160823
0.40164
0.40167186
0.40170196
0.40172875
0.4017509
0.40176734
0.40177783
0.40178216
0.40178114
0.4017758
0.40176743
0.40175763
0.40174773
0.40173858
0.40173063
0.4017236
0.40171683
0.40170962
0.40170178
0.40169343
0.40168536
0.40167853
0.40167418
0.40167335
0.4016767
0.40168455
0.40169635
0.4017111
0.4017271
0.40174255
0.40175566
0.4017652
0.40177026
0.40177092
0.40176758
0.4017613
0.40175328
0.40174463
0.40173644
0.4017291
0.4017227
0.40171692
0.40171134
0.40170562
0.4016996
0.4016932
0.40168634
0.40167913
0.4016714
0.4016629
0.4016531
0.40164205
0.4016299
0.4016173
0.40160495
0.40159366
0.401584
0.4015763
0.40157053
0.40156633
0.40156287
0.40155944
0.4015554
0.40155038
0.40154463
0.40153897
0.40153414
0.40153125
0.40153098
0.40153378
0.40153995
0.40154946
0.40156215
0.40157774
0.40159586
0.40161592
0.4016372
0.40165868
0.4016797
0.40169966
0.40171808
0.40173423
0.4017473
0.40175608
0.40175998
0.40175837
0.40175137
0.40173933
0.40172338
0.40170503
0.40168607
0.4016686
0.40165472
0.40164605
0.4016439
0.40164873
0.40166026
0.40167746
0.4016988
0.40172216
0.40174517
0.40176576
0.40178198
0.40179247
0.40179652
0.40179408
0.4017856
0.40177247
0.40175617
0.40173852
0.40172115
0.40170553
0.40169287
0.401684
0.4016791
0.4016779
0.40167946
0.40168256
0.4016855
0.4016868
0.40168527
0.4016803
0.40167207
0.40166107
0.40164858
0.40163562
0.40162328
0.4016124
0.40160364
0.40159732
0.40159374
0.40159297
0.40159506
0.40159965
0.4016063
0.4016142
0.40162265
0.4016307
0.40163735
0.40164155
0.40164253
0.40163994
0.40163404
0.40162548
0.40161535
0.40160474
0.40159458
0.4015856
0.40157855
0.40157342
0.40157023
0.40156865
0.4015683
0.40156877
0.40156972
0.40157086
0.401572
0.40157285
0.4015737
0.40157482
0.40157685
0.4015802
0.40158552
0.40159282
0.4016018
0.4016119
0.401622
0.40163115
0.40163827
0.40164298
0.40164497
0.40164447
0.4016417
0.40163702
0.40163067
0.4016234
0.40161607
0.40160963
0.40160498
0.40160233
0.40160173
0.4016026
0.40160415
0.40160534
0.40160576
0.4016052
0.4016039
0.40160212
0.40160015
0.40159836
0.40159678
0.4015955
0.4015945
0.4015938
0.4015933
0.40159276
0.40159205
0.40159133
0.40159112
0.40159166
0.4015935
0.40159664
0.40160102
0.40160647
0.40161294
0.40162054
0.40162954
0.4016399
0.40165132
0.40166295
0.40167373
0.40168235
0.40168798
0.40168983
0.4016878
0.40168226
0.40167403
0.4016646
0.40165514
0.40164685
0.40164077
0.40163752
0.40163764
0.40164188
0.40165067
0.4016645
0.40168336
0.40170667
0.40173346
0.4017623
0.40179178
0.40182066
0.4018478
0.40187255
0.4018944
0.40191314
0.40192857
0.4019405
0.40194875
0.4019533
0.40195403
0.4019508
0.40194383
0.40193316
0.40191904
0.40190178
0.401882
0.40186024
0.40183723
0.40181366
0.40179032
0.40176803
0.40174788
0.40173075
0.40171742
0.4017082
0.40170285
0.4017008
0.4017008
0.40170124
0.40170044
0.40169686
0.40168932
0.40167764
0.40166184
0.4016429
0.40162215
0.4016014
0.40158248
0.4015671
0.4015564
0.4015513
0.4015519
0.4015577
0.40156794
0.40158126
0.40159625
0.40161142
0.40162548
0.4016375
0.40164694
0.40165338
0.40165684
0.4016575
0.40165538
0.40165052
0.4016429
0.40163267
0.40162033
0.4016065
0.40159202
0.4015776
0.4015641
0.40155247
0.40154344
0.4015378
0.40153593
0.4015383
0.4015448
0.4015553
0.40156904
0.40158498
0.40160194
0.40161872
0.4016343
0.4016477
0.40165824
0.40166527
0.40166792
0.40166587
0.40165883
0.40164718
0.4016319
0.40161407
0.40159547
0.40157747
0.40156135
0.40154782
0.4015373
0.40152955
0.401524
0.4015198
0.40151608
0.401512
0.401507
0.40150118
0.40149474
0.40148842
0.40148273
0.40147832
0.40147567
0.40147486
0.40147606
0.40147898
0.40148324
0.40148854
0.40149453
0.401501
0.40150777
0.40151444
0.40152073
0.4015263
0.40153116
0.4015355
0.40153962
0.40154377
0.40154782
0.40155146
0.4015543
0.40155548
0.4015547
0.40155157
0.4015464
0.40153986
0.4015329
0.40152627
0.40152088
0.40151688
0.4015144
0.40151322
0.4015129
0.40151286
0.40151253
0.40151137
0.40150896
0.4015054
0.40150094
0.40149596
0.40149087
0.40148607
0.40148187
0.40147874
0.40147704
0.40147716
0.40147948
0.401484
0.4014908
0.4014998
0.4015109
0.40152356
0.4015373
0.4015514
0.40156564
0.40157968
0.4015934
0.40160653
0.40161848
0.40162835
0.40163532
0.40163884
0.40163857
0.4016346
0.40162727
0.4016173
0.4016056
0.40159282
0.40158004
0.40156817
0.40155807
0.40155038
0.40154526
0.4015427
0.4015426
0.40154472
0.40154892
0.40155476
0.4015619
0.40156975
0.40157777
0.40158534
0.40159187
0.40159667
0.40159938
0.40159997
0.40159872
0.4015962
0.4015929
0.40158936
0.40158588
0.40158242
0.40157908
0.40157595
0.401573
0.4015702
0.40156716
0.40156338
0.40155822
0.40155116
0.40154222
0.40153182
0.40152064
0.4015096
0.40149942
0.40149063
0.40148342
0.40147766
0.40147316
0.40146983
0.40146762
0.40146643
0.40146625
0.40146694
0.40146858
0.40147135
0.401476
0.401483
0.40149307
0.4015064
0.40152285
0.401542
0.40156287
0.40158436
0.4016051
0.4016239
0.4016394
0.40165085
0.4016575
0.40165928
0.40165657
0.40165007
0.401641
0.40163052
0.40161973
0.4016097
0.40160117
0.40159476
0.40159085
0.4015891
0.40158936
0.40159103
0.40159357
0.40159655
0.40160012
0.40160412
0.40160844
0.4016128
0.40161687
0.40162024
0.40162265
0.40162423
0.40162545
0.4016268
0.4016284
0.40163034
0.40163216
0.4016334
0.40163374
0.40163282
0.40163115
0.4016293
0.40162826
0.4016289
0.40163183
0.40163702
0.40164402
0.40165195
0.40165946
0.40166518
0.401668
0.40166733
0.40166304
0.40165573
0.4016464
0.40163642
0.40162742
0.40162116
0.4016191
0.40162224
0.40163097
0.40164503
0.40166345
0.40168455
0.40170625
0.40172637
0.40174288
0.40175417
0.40175912
0.40175712
0.40174806
0.4017324
0.40171087
0.40168482
0.4016557
0.4016253
0.40159526
0.40156686
0.40154123
0.40151924
0.40150174
0.4014892
0.40148202
0.4014804
0.4014844
0.40149352
0.40150735
0.40152508
0.40154585
0.4015687
0.40159273
0.4016175
0.40164307
0.40166998
0.4016994
0.4017332
0.40177417
0.4018262
0.40189502
0.40198836
0.40211776
0.40229934
0.402558
0.40292352
0.4034388
0.40416214
0.40517256
0.4065763
0.40851524
0.4112098
0.41488323
0.4198445
0.42656648
0.43569148
0.44783095
