0.44267115
0.4321953
0.42433867
0.41842344
0.41400534
0.4107389
0.4083376
0.40656152
0.4052503
0.4042861
0.40357342
0.40304592
0.40265468
0.40236405
0.40214825
0.40198892
0.40187252
0.40178898
0.40173066
0.4016913
0.4016659
0.40165028
0.4016409
0.40163448
0.40162873
0.401622
0.40161335
0.40160286
0.40159115
0.40157923
0.4015681
0.40155873
0.40155143
0.40154666
0.40154436
0.4015445
0.40154713
0.401552
0.40155873
0.40156677
0.40157562
0.4015846
0.40159327
0.40160152
0.40160963
0.40161824
0.4016279
0.40163898
0.40165144
0.4016646
0.4016775
0.40168867
0.401697
0.40170145
0.4017018
0.40169832
0.40169173
0.40168333
0.40167448
0.4016663
0.40165973
0.40165523
0.4016528
0.4016519
0.40165174
0.40165162
0.40165085
0.40164933
0.4016471
0.40164444
0.40164164
0.40163934
0.40163836
0.40163952
0.40164435
0.40165484
0.4016743
0.40170735
0.4017603
0.40184203
0.40196458
0.402145
0.40240732
0.40278125
0.40330887
0.40404773
0.40507546
0.4064972
0.40845346
0.4111642
0.41485074
0.41982237
0.42655283
0.43568286
0.44782543
