0.44254526
0.43203026
0.4241397
0.41819564
0.41375485
0.41047233
0.40806386
0.40628853
0.40498522
0.4040354
0.4033428
0.40283984
0.40247634
0.402215
0.40202847
0.40189624
0.40180302
0.4017375
0.40169114
0.40165776
0.40163302
0.40161422
0.4015999
0.4015892
0.4015817
0.4015769
0.40157485
0.40157524
0.4015781
0.40158346
0.4015912
0.4016012
0.40161288
0.40162584
0.40163916
0.40165162
0.40166172
0.4016681
0.4016696
0.40166548
0.40165576
0.40164104
0.40162235
0.40160125
0.40157923
0.40155777
0.40153813
0.4015211
0.40150705
0.4014962
0.40148824
0.40148273
0.4014794
0.40147784
0.40147766
0.40147823
0.40147904
0.40147984
0.40148017
0.40147993
0.40147886
0.40147725
0.4014754
0.40147373
0.40147257
0.40147224
0.40147284
0.4014746
0.4014777
0.40148216
0.40148804
0.4014952
0.40150356
0.40151325
0.40152434
0.40153676
0.4015502
0.40156412
0.40157747
0.4015893
0.4015985
0.4016044
0.4016068
0.40160567
0.40160152
0.4015949
0.4015862
0.40157607
0.4015652
0.4015542
0.40154362
0.40153387
0.40152556
0.40151903
0.40151477
0.40151307
0.401514
0.40151742
0.40152285
0.40153033
0.40153933
0.40154967
0.40156105
0.40157318
0.40158564
0.40159804
0.40160972
0.40162024
0.40162897
0.40163532
0.40163887
0.40163976
0.40163812
0.40163472
0.4016301
0.4016247
0.40161875
0.4016122
0.4016051
0.40159762
0.40159014
0.40158316
0.40157717
0.4015723
0.40156862
0.401566
0.40156412
0.40156257
0.4015606
0.401558
0.4015546
0.4015507
0.4015467
0.40154272
0.40153885
0.40153483
0.4015302
0.40152475
0.40151817
0.40151078
0.40150285
0.40149468
0.40148672
0.40147913
0.40147212
0.40146616
0.40146175
0.40145928
0.4014591
0.40146124
0.4014655
0.40147153
0.40147886
0.40148702
0.40149584
0.40150493
0.40151408
0.4015227
0.40153015
0.40153578
0.401539
0.4015393
0.40153673
0.40153182
0.40152535
0.40151843
0.40151218
0.40150735
0.40150458
0.40150392
0.40150553
0.4015094
0.40151542
0.40152332
0.40153265
0.4015426
0.40155247
0.40156126
0.40156856
0.40157375
0.40157688
0.40157822
0.40157828
0.4015778
0.4015778
0.4015793
0.40158325
0.40159032
0.40160108
0.40161586
0.40163463
0.40165678
0.4016814
0.40170693
0.4017318
0.40175375
0.40177152
0.4017837
0.40178987
0.4017902
0.40178543
0.40177706
0.40176684
0.4017569
0.40174967
0.40174672
0.40174913
0.4017573
0.4017706
0.40178773
0.40180707
0.40182665
0.40184456
0.401859
0.4018687
0.4018727
0.4018704
0.4018617
0.40184695
0.40182653
0.4018016
0.40177304
0.40174234
0.4017109
0.4016801
0.4016512
0.40162525
0.40160298
0.40158477
0.401571
0.4015619
0.40155762
0.4015585
0.40156466
0.40157613
0.40159276
0.40161374
0.40163827
0.40166512
0.4016927
0.40171948
0.40174407
0.4017655
0.4017832
0.40179706
0.40180725
0.40181425
0.4018187
0.4018214
0.40182295
0.40182385
0.40182412
0.40182355
0.40182206
0.4018195
0.40181583
0.40181077
0.40180403
0.40179548
0.4017849
0.40177238
0.40175813
0.40174264
0.40172666
0.40171084
0.40169603
0.40168303
0.40167263
0.4016656
0.4016627
0.4016648
0.40167263
0.4016872
0.40170956
0.401741
0.4017837
0.40184072
0.40191722
0.402021
0.40216315
0.40235993
0.40263477
0.40301654
0.40354618
0.40428057
0.40529677
0.4067004
0.40863335
0.41131637
0.41497537
0.4199205
0.42662498
0.43573475
0.4478612
