0.4426533
0.43217096
0.42430726
0.41838396
0.41395688
0.41068047
0.40826946
0.40648416
0.4051646
0.40419376
0.4034767
0.40294692
0.40255582
0.40226737
0.4020553
0.40190035
0.40178818
0.40170813
0.40165204
0.40161386
0.40158895
0.40157342
0.40156427
0.40155882
0.40155506
0.40155125
0.40154642
0.40154037
0.40153354
0.40152687
0.4015215
0.40151846
0.4015185
0.401522
0.40152892
0.40153876
0.40155056
0.401563
0.40157452
0.40158343
0.40158856
0.401589
0.40158468
0.40157607
0.40156424
0.40155038
0.40153563
0.40152138
0.4015087
0.40149817
0.40149033
0.40148538
0.40148306
0.40148306
0.40148482
0.4014877
0.40149114
0.40149444
0.40149716
0.4014987
0.40149918
0.4014987
0.40149778
0.40149695
0.40149698
0.4014986
0.40150237
0.4015087
0.40151742
0.40152815
0.40153998
0.40155172
0.40156198
0.4015694
0.40157312
0.40157282
0.40156904
0.40156257
0.40155455
0.4015463
0.4015387
0.4015325
0.40152827
0.40152594
0.40152568
0.4015273
0.40153056
0.40153533
0.4015416
0.40154925
0.40155804
0.40156785
0.4015785
0.40158904
0.4015987
0.4016062
0.4016104
0.4016102
0.40160504
0.4015948
0.40157998
0.40156147
0.4015407
0.40151903
0.40149772
0.40147778
0.40146005
0.4014449
0.40143278
0.4014237
0.4014179
0.40141544
0.4014159
0.40141916
0.40142447
0.4014313
0.40143892
0.4014468
0.40145418
0.40146092
0.40146673
0.40147203
0.40147716
0.40148264
0.4014889
0.4014963
0.4015052
0.40151584
0.40152833
0.4015423
0.40155762
0.40157366
0.40158954
0.40160424
0.40161633
0.40162456
0.4016279
0.40162584
0.40161833
0.40160593
0.40158966
0.4015708
0.40155125
0.40153274
0.4015168
0.4015045
0.40149665
0.4014935
0.4014952
0.40150145
0.40151182
0.4015256
0.40154207
0.40156043
0.40158
0.40160048
0.4016218
0.40164405
0.40166724
0.40169117
0.40171507
0.40173772
0.401758
0.40177467
0.4017868
0.4017939
0.40179566
0.40179208
0.40178344
0.40177035
0.40175346
0.40173382
0.4017124
0.40169057
0.40166947
0.4016501
0.401633
0.40161884
0.4016081
0.40160108
0.4015981
0.40159923
0.40160468
0.40161437
0.40162838
0.40164626
0.40166736
0.40169036
0.40171373
0.40173537
0.40175343
0.4017664
0.40177298
0.40177256
0.4017651
0.401751
0.40173122
0.4017072
0.40168062
0.40165374
0.40162832
0.4016059
0.40158772
0.40157488
0.40156794
0.40156704
0.40157175
0.40158126
0.40159434
0.40160948
0.40162498
0.40163898
0.40164974
0.40165588
0.4016564
0.40165108
0.40164024
0.40162486
0.40160647
0.40158704
0.40156844
0.40155253
0.40154082
0.40153432
0.40153337
0.40153822
0.40154853
0.4015636
0.4015824
0.4016038
0.40162614
0.4016479
0.4016674
0.4016832
0.4016944
0.40170044
0.40170154
0.4016983
0.40169156
0.4016826
0.40167245
0.40166202
0.40165204
0.401643
0.40163496
0.40162805
0.40162206
0.4016167
0.40161166
0.4016062
0.40159985
0.40159208
0.40158296
0.40157261
0.40156156
0.40155038
0.40153977
0.40153039
0.4015228
0.40151715
0.40151358
0.40151188
0.40151197
0.40151352
0.40151626
0.40151998
0.40152422
0.401529
0.40153462
0.4015412
0.40154904
0.40155822
0.40156856
0.40157974
0.4015916
0.40160397
0.40161678
0.4016295
0.40164155
0.40165195
0.40165985
0.40166432
0.40166494
0.4016616
0.40165478
0.4016453
0.40163395
0.40162173
0.40160942
0.40159768
0.40158698
0.40157762
0.40156952
0.40156302
0.401558
0.4015544
0.40155205
0.40155098
0.4015511
0.4015528
0.4015564
0.40156248
0.401571
0.40158218
0.4015956
0.40161046
0.4016258
0.4016404
0.40165284
0.40166208
0.4016671
0.40166754
0.4016633
0.40165478
0.40164277
0.40162843
0.40161276
0.40159667
0.40158093
0.40156615
0.40155268
0.40154085
0.40153083
0.4015225
0.40151528
0.40150863
0.4015019
0.40149453
0.40148625
0.40147737
0.40146855
0.4014607
0.40145463
0.40145087
0.40144998
0.40145233
0.40145853
0.4014689
0.40148368
0.40150267
0.40152568
0.40155205
0.401581
0.40161127
0.40164155
0.40167043
0.40169635
0.4017182
0.40173534
0.40174744
0.40175462
0.40175754
0.4017566
0.40175298
0.4017472
0.4017401
0.40173194
0.4017227
0.401712
0.40169957
0.40168527
0.40166914
0.40165162
0.4016332
0.4016142
0.40159473
0.40157476
0.40155435
0.40153354
0.40151277
0.40149295
0.40147477
0.4014589
0.40144607
0.4014367
0.40143096
0.4014289
0.40143058
0.40143582
0.40144432
0.40145582
0.40147004
0.40148658
0.40150508
0.40152535
0.40154696
0.40156916
0.4015912
0.40161204
0.40163028
0.40164477
0.40165475
0.4016599
0.40166038
0.401657
0.40165058
0.40164214
0.40163264
0.4016231
0.4016143
0.4016067
0.4016004
0.4015953
0.40159133
0.4015883
0.40158588
0.4015839
0.40158212
0.40158033
0.4015785
0.40157667
0.40157545
0.40157527
0.4015767
0.40158015
0.40158597
0.40159392
0.40160415
0.4016161
0.4016296
0.40164393
0.4016586
0.40167278
0.40168574
0.40169698
0.4017061
0.4017129
0.4017175
0.40172017
0.40172097
0.40171963
0.40171584
0.4017092
0.40169957
0.4016872
0.40167248
0.40165606
0.4016387
0.4016209
0.40160313
0.4015858
0.40156904
0.40155315
0.4015387
0.40152648
0.40151724
0.4015116
0.40151006
0.40151262
0.401519
0.40152866
0.40154076
0.40155447
0.40156877
0.4015829
0.4015963
0.40160862
0.40162003
0.40163115
0.40164268
0.40165532
0.40166926
0.40168428
0.40169966
0.40171435
0.4017273
0.40173766
0.40174517
0.4017498
0.40175182
0.401752
0.40175113
0.4017502
0.40175
0.40175122
0.40175375
0.40175754
0.4017616
0.4017655
0.40176842
0.40176967
0.40176886
0.4017653
0.40175837
0.4017476
0.40173262
0.40171334
0.40169004
0.4016633
0.40163413
0.40160382
0.40157393
0.40154588
0.40152103
0.40150025
0.4014839
0.4014723
0.40146524
0.40146258
0.4014641
0.40146956
0.40147895
0.40149203
0.4015087
0.40152875
0.40155208
0.40157878
0.40160826
0.40164003
0.40167278
0.40170503
0.40173504
0.4017611
0.40178183
0.4017963
0.4018042
0.40180573
0.40180174
0.40179336
0.40178192
0.40176895
0.4017556
0.40174264
0.4017302
0.40171802
0.40170547
0.40169212
0.40167767
0.40166226
0.4016465
0.40163112
0.40161705
0.40160516
0.4015961
0.4015901
0.4015873
0.40158752
0.40159038
0.40159556
0.40160295
0.4016123
0.40162337
0.40163562
0.4016483
0.40166053
0.40167126
0.40167937
0.40168414
0.40168512
0.40168253
0.40167704
0.40166974
0.40166178
0.40165442
0.40164846
0.40164474
0.40164348
0.40164503
0.4016493
0.40165642
0.40166646
0.40168014
0.40169874
0.40172493
0.40176305
0.4018197
0.40190402
0.4020286
0.4022107
0.40247488
0.40285063
0.40337983
0.40411958
0.40514696
0.40656668
0.4085192
0.41122434
0.41490418
0.41986826
0.42659017
0.435712
0.44784635
