0.4426551
0.43217453
0.424314
0.41839597
0.41397697
0.41071278
0.40831798
0.40655378
0.4052605
0.40431944
0.4036344
0.40313682
0.40277556
0.4025124
0.40231892
0.4021745
0.40206409
0.40197706
0.4019062
0.40184677
0.401796
0.4017524
0.4017152
0.40168378
0.4016575
0.40163553
0.4016169
0.4016007
0.4015861
0.40157264
0.40156022
0.40154865
0.40153787
0.40152788
0.40151885
0.40151086
0.4015039
0.40149796
0.401493
0.4014895
0.40148768
0.40148795
0.40149072
0.40149638
0.40150505
0.40151662
0.40153047
0.40154567
0.4015609
0.4015746
0.40158546
0.40159234
0.40159503
0.40159392
0.40159008
0.401585
0.40158013
0.40157667
0.4015754
0.40157652
0.40158
0.40158546
0.4015925
0.40160054
0.40160948
0.4016195
0.401631
0.40164408
0.40165854
0.4016737
0.40168846
0.40170118
0.4017105
0.40171495
0.40171373
0.40170625
0.4016924
0.4016727
0.40164798
0.40161988
0.40158996
0.40156046
0.40153277
0.40150836
0.4014879
0.40147153
0.4014593
0.40145096
0.40144607
0.4014442
0.40144467
0.4014471
0.40145078
0.40145507
0.40145946
0.40146333
0.40146664
0.40146914
0.4014712
0.40147322
0.40147564
0.40147877
0.401483
0.40148827
0.4014945
0.40150115
0.4015075
0.4015129
0.40151665
0.40151817
0.40151715
0.4015135
0.4015075
0.40149978
0.40149108
0.40148225
0.4014743
0.40146795
0.40146375
0.401462
0.40146273
0.40146577
0.40147066
0.40147698
0.40148416
0.40149194
0.40149984
0.40150812
0.40151706
0.4015271
0.40153873
0.40155223
0.4015677
0.40158483
0.40160313
0.4016219
0.40164
0.4016567
0.40167132
0.40168372
0.4016943
0.40170348
0.40171212
0.40172058
0.4017286
0.40173575
0.40174118
0.4017441
0.40174368
0.40173975
0.4017321
0.401721
0.40170708
0.40169132
0.40167487
0.4016588
0.40164402
0.40163112
0.40162003
0.40161055
0.4016022
0.4015945
0.40158707
0.40158018
0.4015737
0.40156782
0.40156266
0.4015585
0.40155572
0.40155464
0.40155575
0.40155917
0.4015652
0.40157405
0.40158555
0.4015993
0.40161443
0.40162992
0.40164477
0.40165746
0.40166703
0.4016727
0.40167433
0.4016721
0.40166676
0.40165922
0.40165052
0.40164164
0.40163344
0.4016264
0.40162084
0.40161663
0.40161362
0.40161133
0.40160936
0.40160722
0.40160424
0.40160048
0.4015958
0.40159026
0.401584
0.40157768
0.4015722
0.40156847
0.4015675
0.40156993
0.40157613
0.40158632
0.40160006
0.40161672
0.40163508
0.40165374
0.4016709
0.4016851
0.40169504
0.4017
0.40169984
0.40169486
0.40168574
0.4016739
0.40166074
0.40164787
0.4016366
0.40162805
0.40162292
0.4016215
0.40162364
0.4016288
0.40163606
0.40164402
0.40165135
0.4016568
0.4016599
0.4016604
0.40165886
0.40165576
0.40165144
0.40164608
0.4016393
0.401631
0.40162098
0.4016095
0.40159717
0.4015847
0.401573
0.40156272
0.40155447
0.40154856
0.40154514
0.40154454
0.40154687
0.40155217
0.4015602
0.40157026
0.40158153
0.4015928
0.4016026
0.40160963
0.40161267
0.40161112
0.4016048
0.40159416
0.40158015
0.40156403
0.40154728
0.4015312
0.4015167
0.4015045
0.40149495
0.4014882
0.40148428
0.40148324
0.40148512
0.40149
0.40149784
0.40150857
0.4015216
0.4015362
0.40155157
0.40156683
0.40158102
0.40159303
0.40160185
0.40160674
0.4016074
0.4016039
0.4015968
0.40158683
0.40157467
0.40156114
0.40154698
0.401533
0.4015198
0.4015079
0.40149784
0.40148982
0.4014839
0.40148002
0.4014777
0.40147653
0.40147588
0.40147558
0.4014755
0.40147573
0.40147677
0.4014794
0.4014843
0.40149212
0.40150294
0.40151638
0.40153182
0.40154824
0.40156475
0.4015804
0.40159446
0.40160617
0.40161517
0.40162167
0.40162623
0.40162987
0.4016339
0.4016396
0.40164798
0.4016594
0.4016735
0.40168962
0.40170664
0.40172353
0.401739
0.40175223
0.4017623
0.40176862
0.4017709
0.40176916
0.40176383
0.40175563
0.40174538
0.4017341
0.4017228
0.40171236
0.40170354
0.40169668
0.40169182
0.40168825
0.40168485
0.40168047
0.40167373
0.401664
0.40165076
0.40163437
0.40161535
0.4015946
0.40157294
0.40155154
0.4015315
0.40151367
0.4014988
0.40148735
0.40147933
0.40147465
0.40147325
0.40147495
0.40147933
0.40148598
0.40149456
0.4015049
0.40151662
0.40152943
0.40154293
0.40155682
0.40157077
0.40158427
0.401597
0.4016083
0.40161744
0.4016234
0.4016253
0.40162268
0.4016154
0.4016039
0.40158895
0.40157145
0.40155235
0.40153253
0.40151277
0.401494
0.40147683
0.40146187
0.4014497
0.40144044
0.40143418
0.40143073
0.40142968
0.40143073
0.40143362
0.4014384
0.40144515
0.40145397
0.40146503
0.40147862
0.40149486
0.40151381
0.40153557
0.40155986
0.40158594
0.40161288
0.40163928
0.40166357
0.40168437
0.4017006
0.4017117
0.4017172
0.40171725
0.40171248
0.40170375
0.40169242
0.40167975
0.40166724
0.4016561
0.4016473
0.40164155
0.40163893
0.40163904
0.40164104
0.4016438
0.40164635
0.40164778
0.4016479
0.40164664
0.40164423
0.40164077
0.40163618
0.40163043
0.40162328
0.40161476
0.4016048
0.40159371
0.4015823
0.4015712
0.40156138
0.40155327
0.4015472
0.4015432
0.401541
0.4015407
0.40154213
0.40154508
0.40154952
0.40155512
0.401562
0.40157038
0.40158027
0.40159154
0.4016038
0.40161628
0.4016283
0.40163887
0.40164778
0.4016551
0.40166146
0.40166783
0.40167502
0.40168345
0.4016931
0.40170315
0.40171266
0.40172032
0.40172532
0.40172723
0.4017259
0.4017217
0.40171495
0.40170628
0.40169606
0.40168464
0.40167218
0.40165862
0.40164402
0.40162876
0.4016135
0.40159878
0.40158528
0.4015734
0.40156314
0.40155455
0.40154767
0.4015427
0.40153986
0.40153912
0.40154046
0.4015437
0.40154853
0.40155476
0.4015623
0.40157112
0.40158102
0.4015917
0.401603
0.40161481
0.40162778
0.40164298
0.40166235
0.40168875
0.4017257
0.4017782
0.40185222
0.40195602
0.40210053
0.4023015
0.40258104
0.40296793
0.40350357
0.40424514
0.40527013
0.4066839
0.40862772
0.41132167
0.4149897
0.4199413
0.42664942
0.43575796
0.44787943
