0.4426279
0.43214253
0.42428207
0.4183693
0.4139597
0.41070813
0.40832695
0.4065756
0.40529275
0.40435877
0.40367708
0.40317947
0.40281525
0.40254644
0.4023454
0.4021917
0.4020711
0.40197337
0.4018918
0.4018219
0.40176123
0.4017083
0.40166244
0.40162334
0.4015907
0.40156448
0.4015445
0.40153074
0.40152276
0.40152004
0.4015219
0.40152758
0.40153638
0.4015477
0.40156096
0.4015755
0.40159047
0.40160477
0.40161723
0.40162635
0.4016309
0.4016302
0.40162387
0.40161258
0.40159747
0.40158045
0.40156338
0.40154827
0.40153676
0.4015302
0.40152916
0.4015338
0.40154368
0.40155786
0.40157506
0.40159354
0.40161148
0.40162686
0.40163806
0.40164408
0.40164462
0.40164018
0.40163156
0.40162012
0.40160695
0.4015933
0.40157986
0.4015671
0.40155512
0.40154395
0.40153342
0.40152362
0.4015146
0.40150648
0.40149945
0.4014936
0.40148923
0.40148664
0.4014863
0.40148857
0.40149367
0.40150154
0.40151194
0.40152422
0.40153754
0.40155062
0.40156224
0.40157118
0.40157664
0.40157828
0.40157628
0.40157133
0.4015644
0.40155688
0.4015501
0.40154514
0.4015429
0.40154383
0.40154788
0.4015547
0.4015637
0.40157402
0.4015845
0.40159422
0.40160188
0.40160656
0.40160763
0.40160477
0.40159816
0.40158847
0.40157667
0.4015638
0.40155083
0.40153867
0.40152788
0.40151888
0.40151167
0.40150622
0.40150222
0.40149912
0.40149665
0.40149435
0.4014923
0.40149072
0.40149015
0.40149125
0.4014943
0.40149954
0.4015069
0.40151605
0.40152645
0.4015373
0.40154755
0.40155628
0.40156278
0.4015668
0.40156853
0.40156862
0.40156773
0.4015666
0.4015657
0.4015652
0.40156513
0.40156528
0.4015655
0.40156513
0.4015635
0.40156
0.40155414
0.40154576
0.40153536
0.40152344
0.4015105
0.4014972
0.40148383
0.40147075
0.40145838
0.40144694
0.40143722
0.40142977
0.40142536
0.40142432
0.40142712
0.40143377
0.40144414
0.4014579
0.4014745
0.40149322
0.401513
0.40153277
0.4015514
0.401568
0.40158173
0.40159237
0.4016001
0.40160552
0.4016095
0.40161312
0.40161705
0.4016215
0.4016266
0.401632
0.4016376
0.40164343
0.40164977
0.401657
0.40166518
0.40167397
0.4016828
0.40169063
0.40169668
0.40170014
0.4017008
0.4016988
0.4016949
0.40168995
0.40168476
0.40168005
0.40167624
0.4016733
0.40167096
0.4016687
0.40166587
0.401662
0.401657
0.40165094
0.40164408
0.40163642
0.40162754
0.40161687
0.40160382
0.4015881
0.40157002
0.40155038
0.4015302
0.40151098
0.4014942
0.401481
0.40147245
0.40146905
0.40147087
0.40147766
0.40148872
0.40150303
0.40151924
0.40153566
0.40155077
0.40156317
0.401572
0.40157732
0.40157992
0.40158096
0.40158215
0.40158504
0.401591
0.40160105
0.40161595
0.40163592
0.40166056
0.401689
0.40171993
0.40175152
0.40178213
0.4018103
0.4018345
0.40185383
0.40186742
0.40187475
0.4018757
0.40187013
0.40185863
0.40184155
0.40181968
0.401794
0.40176558
0.40173563
0.40170535
0.40167585
0.40164813
0.40162286
0.40160072
0.40158218
0.40156752
0.4015569
0.4015501
0.4015466
0.40154603
0.40154755
0.4015507
0.4015548
0.40155926
0.40156335
0.40156642
0.40156797
0.40156764
0.40156528
0.4015613
0.40155587
0.4015496
0.40154308
0.40153688
0.40153134
0.40152693
0.4015239
0.40152252
0.4015229
0.4015251
0.401529
0.401535
0.40154308
0.4015536
0.40156665
0.40158224
0.40159988
0.40161878
0.40163767
0.40165508
0.40166935
0.4016793
0.40168428
0.40168422
0.40167972
0.40167168
0.40166137
0.4016498
0.40163806
0.4016265
0.40161562
0.40160516
0.4015952
0.4015856
0.40157655
0.4015678
0.40155923
0.4015507
0.40154174
0.40153217
0.40152207
0.40151176
0.40150213
0.40149426
0.40148908
0.40148756
0.40149036
0.40149784
0.40150976
0.40152577
0.40154484
0.40156576
0.40158713
0.4016074
0.401625
0.40163878
0.40164793
0.40165222
0.40165174
0.4016471
0.4016388
0.40162763
0.40161452
0.4016003
0.40158588
0.40157202
0.40155932
0.4015484
0.40153953
0.4015331
0.4015293
0.40152827
0.40152988
0.4015344
0.40154183
0.40155208
0.40156496
0.40157992
0.4015964
0.4016139
0.40163162
0.40164906
0.40166545
0.40168014
0.40169224
0.40170085
0.40170556
0.40170616
0.40170285
0.40169644
0.4016877
0.4016775
0.4016666
0.40165547
0.40164468
0.40163478
0.4016264
0.40161973
0.40161476
0.40161088
0.40160733
0.40160304
0.40159723
0.4015895
0.40158015
0.40156993
0.40155995
0.4015516
0.40154603
0.40154418
0.4015466
0.40155354
0.40156463
0.40157956
0.4015975
0.40161756
0.40163893
0.40166044
0.4016809
0.40169907
0.40171382
0.40172416
0.40172985
0.40173057
0.40172657
0.40171835
0.4017063
0.4016914
0.40167397
0.40165457
0.40163353
0.40161148
0.4015893
0.40156788
0.40154812
0.40153074
0.40151623
0.40150467
0.4014964
0.4014914
0.40148956
0.40149045
0.40149358
0.40149817
0.40150353
0.40150872
0.4015131
0.40151644
0.40151903
0.4015216
0.40152493
0.40152976
0.40153635
0.4015445
0.4015537
0.4015629
0.40157107
0.4015772
0.40158093
0.4015823
0.40158215
0.40158173
0.4015823
0.4015849
0.40159014
0.40159795
0.401608
0.40161943
0.4016316
0.40164402
0.40165642
0.40166822
0.40167883
0.40168753
0.40169343
0.40169603
0.40169516
0.40169114
0.40168464
0.40167665
0.4016681
0.40165988
0.40165293
0.40164772
0.40164495
0.40164497
0.40164813
0.40165448
0.40166408
0.40167645
0.40169114
0.4017075
0.40172452
0.40174097
0.4017556
0.4017675
0.4017761
0.40178123
0.40178308
0.40178183
0.40177792
0.4017716
0.4017635
0.4017537
0.40174252
0.40172988
0.40171564
0.4016996
0.401682
0.40166333
0.40164456
0.40162662
0.40161037
0.4015965
0.4015854
0.40157703
0.40157086
0.40156633
0.40156278
0.40155968
0.4015569
0.40155473
0.4015535
0.40155414
0.40155745
0.4015643
0.40157545
0.40159145
0.4016125
0.4016382
0.40166798
0.40170074
0.40173522
0.40177006
0.40180394
0.4018357
0.4018645
0.40188953
0.40191033
0.40192625
0.40193713
0.40194264
0.40194264
0.401937
0.4019259
0.4019094
0.40188798
0.40186223
0.40183297
0.40180105
0.40176767
0.40173388
0.401701
0.40167004
0.4016417
0.40161636
0.40159434
0.40157577
0.40156078
0.4015493
0.4015412
0.40153646
0.40153474
0.4015359
0.4015398
0.40154618
0.40155488
0.40156555
0.40157792
0.40159202
0.4016074
0.4016237
0.40164018
0.40165627
0.40167147
0.40168494
0.4016958
0.40170285
0.40170535
0.40170285
0.40169558
0.40168422
0.40166968
0.40165332
0.401636
0.40161866
0.40160197
0.40158647
0.40157238
0.4015597
0.40154848
0.40153894
0.40153125
0.40152588
0.40152332
0.4015239
0.40152752
0.40153417
0.40154353
0.40155488
0.4015676
0.40158063
0.40159324
0.40160486
0.40161508
0.40162352
0.40162995
0.40163442
0.40163758
0.40164036
0.4016438
0.4016492
0.4016577
0.40166995
0.40168655
0.40170723
0.40173164
0.40175864
0.40178707
0.40181583
0.4018439
0.40187117
0.401898
0.40192547
0.4019556
0.40199134
0.40203676
0.40209788
0.40218315
0.40230435
0.4024777
0.40272725
0.4030845
0.4035908
0.4043046
0.40530434
0.40669665
0.40862337
0.4113047
0.4149652
0.41991362
0.4266217
0.43573415
0.4478615
