0.44264576
0.43216184
0.42429763
0.41837534
0.4139506
0.41067806
0.4082722
0.40649325
0.405181
0.4042178
0.40350842
0.40298632
0.4026025
0.4023211
0.40211585
0.40196726
0.401861
0.40178603
0.40173382
0.4016977
0.40167227
0.4016541
0.40164077
0.40163124
0.4016249
0.40162158
0.40162128
0.40162364
0.40162796
0.40163335
0.40163872
0.40164253
0.4016436
0.40164095
0.40163413
0.40162316
0.4016085
0.401591
0.40157217
0.40155324
0.40153605
0.4015216
0.40151083
0.40150407
0.40150154
0.40150297
0.40150803
0.4015164
0.40152806
0.40154275
0.40156043
0.40158045
0.40160212
0.4016243
0.40164557
0.40166456
0.40167996
0.40169066
0.40169594
0.40169546
0.40168917
0.40167755
0.40166125
0.40164134
0.40161902
0.40159568
0.40157261
0.40155086
0.40153146
0.40151507
0.40150216
0.40149298
0.40148768
0.40148625
0.4014883
0.40149346
0.40150094
0.40150994
0.40151966
0.40152943
0.40153882
0.4015477
0.40155584
0.4015628
0.401568
0.4015707
0.40157026
0.40156636
0.40155917
0.40154916
0.40153727
0.40152442
0.40151158
0.40149957
0.40148914
0.40148067
0.4014747
0.40147123
0.40147027
0.40147153
0.40147522
0.40148145
0.40149018
0.40150154
0.4015152
0.40153074
0.4015473
0.40156394
0.40157947
0.40159273
0.4016029
0.4016094
0.40161234
0.401612
0.40160903
0.4016043
0.4015987
0.40159306
0.401588
0.401584
0.40158144
0.4015804
0.4015811
0.40158358
0.40158802
0.4015943
0.40160218
0.4016111
0.40162045
0.4016295
0.40163806
0.4016459
0.40165332
0.4016607
0.40166834
0.4016764
0.40168464
0.40169293
0.40170094
0.4017086
0.40171614
0.40172404
0.40173262
0.40174228
0.4017531
0.4017647
0.40177628
0.4017869
0.4017955
0.40180114
0.40180328
0.40180156
0.4017958
0.4017861
0.40177256
0.40175566
0.40173602
0.40171444
0.40169165
0.4016685
0.4016459
0.40162483
0.40160602
0.40159026
0.40157753
0.401568
0.4015612
0.40155688
0.40155473
0.40155458
0.40155634
0.40156
0.40156528
0.4015715
0.4015782
0.40158454
0.40159014
0.40159482
0.40159857
0.40160185
0.401605
0.4016086
0.4016131
0.401619
0.40162694
0.40163696
0.4016486
0.4016612
0.40167332
0.4016837
0.4016912
0.40169522
0.40169573
0.4016932
0.40168858
0.40168312
0.40167776
0.4016731
0.40166923
0.40166587
0.4016623
0.40165803
0.40165246
0.40164524
0.40163624
0.40162557
0.40161338
0.40159997
0.40158597
0.4015716
0.4015575
0.40154397
0.40153113
0.40151912
0.40150777
0.40149692
0.40148643
0.4014763
0.40146658
0.40145752
0.4014495
0.40144315
0.4014388
0.4014373
0.40143916
0.4014448
0.4014544
0.40146807
0.40148565
0.40150663
0.4015305
0.40155652
0.40158373
0.4016112
0.40163806
0.40166312
0.40168548
0.401704
0.40171766
0.40172562
0.40172738
0.40172297
0.40171272
0.4016976
0.40167877
0.40165758
0.40163547
0.40161356
0.40159282
0.40157384
0.40155727
0.40154302
0.4015311
0.40152133
0.4015134
0.4015069
0.4015015
0.40149698
0.40149263
0.4014879
0.40148228
0.40147567
0.40146816
0.40146035
0.4014526
0.4014453
0.40143865
0.40143248
0.4014268
0.40142116
0.4014156
0.40141013
0.40140492
0.40140027
0.4013966
0.40139425
0.40139374
0.4013953
0.40139917
0.40140542
0.40141395
0.40142477
0.40143752
0.40145195
0.40146762
0.40148428
0.4015016
0.4015193
0.40153664
0.40155277
0.40156668
0.4015775
0.40158442
0.40158725
0.4015862
0.40158197
0.40157548
0.40156776
0.40155995
0.401553
0.40154773
0.40154472
0.40154433
0.40154663
0.40155143
0.40155825
0.4015663
0.40157446
0.40158147
0.4015862
0.40158784
0.40158597
0.4015807
0.40157282
0.40156338
0.40155354
0.40154433
0.4015367
0.40153137
0.4015289
0.4015295
0.4015332
0.40153968
0.40154856
0.40155897
0.40157
0.4015804
0.4015889
0.40159443
0.40159628
0.4015945
0.4015892
0.40158135
0.40157208
0.40156275
0.40155447
0.4015483
0.40154484
0.40154433
0.40154642
0.40155074
0.40155652
0.40156284
0.40156856
0.4015725
0.40157354
0.40157112
0.40156522
0.40155628
0.40154523
0.4015331
0.40152118
0.40151036
0.40150154
0.40149525
0.40149152
0.40149045
0.40149188
0.40149558
0.40150133
0.4015088
0.40151745
0.40152678
0.40153614
0.40154484
0.40155223
0.4015579
0.4015619
0.40156472
0.4015671
0.40156975
0.40157324
0.4015776
0.40158272
0.40158802
0.4015928
0.40159667
0.40159938
0.40160125
0.40160263
0.40160394
0.4016059
0.4016089
0.40161338
0.40161934
0.40162638
0.40163413
0.40164188
0.40164876
0.40165433
0.4016584
0.40166107
0.40166304
0.40166476
0.401667
0.40166995
0.40167364
0.40167767
0.40168142
0.40168455
0.40168697
0.40168875
0.40169027
0.40169173
0.40169302
0.40169382
0.40169346
0.40169126
0.40168682
0.40168026
0.40167195
0.40166277
0.40165383
0.40164617
0.40164068
0.4016378
0.4016376
0.40163985
0.40164378
0.40164852
0.40165326
0.4016571
0.40165967
0.40166074
0.40166047
0.40165943
0.40165797
0.40165654
0.40165535
0.40165418
0.40165263
0.40164992
0.40164518
0.40163776
0.40162712
0.40161332
0.40159672
0.40157786
0.4015577
0.40153697
0.40151638
0.4014965
0.4014777
0.40146053
0.40144518
0.4014319
0.4014209
0.40141213
0.40140566
0.4014015
0.4013996
0.4014002
0.40140337
0.40140903
0.40141696
0.40142676
0.40143806
0.40145037
0.4014635
0.40147737
0.4014918
0.4015068
0.4015222
0.4015378
0.40155345
0.4015687
0.40158302
0.40159535
0.40160456
0.40160993
0.401611
0.40160787
0.4016014
0.40159285
0.4015838
0.40157548
0.40156916
0.40156573
0.40156546
0.40156844
0.40157434
0.4015829
0.40159374
0.4016064
0.40162063
0.40163603
0.40165263
0.40167046
0.4016892
0.4017084
0.401727
0.4017442
0.40175906
0.40177056
0.40177807
0.40178084
0.40177852
0.40177107
0.40175888
0.40174243
0.40172264
0.40170032
0.4016762
0.40165094
0.40162507
0.40159908
0.40157372
0.4015498
0.40152782
0.4015086
0.4014924
0.40147948
0.40147
0.40146384
0.40146112
0.4014616
0.40146527
0.4014718
0.4014811
0.4014929
0.40150696
0.4015228
0.40153977
0.40155712
0.40157402
0.40158966
0.40160295
0.40161327
0.40162048
0.4016247
0.40162686
0.4016279
0.40162927
0.4016322
0.4016378
0.40164676
0.40165928
0.40167502
0.40169314
0.40171248
0.40173176
0.4017497
0.4017652
0.40177742
0.4017857
0.40178952
0.4017887
0.40178317
0.40177312
0.40175906
0.40174162
0.4017217
0.40170005
0.40167773
0.40165564
0.40163463
0.40161526
0.40159774
0.40158233
0.40156883
0.40155703
0.40154666
0.4015375
0.40152955
0.40152296
0.4015183
0.40151626
0.40151778
0.40152338
0.4015334
0.40154773
0.4015659
0.40158716
0.40161064
0.40163556
0.40166086
0.40168542
0.40170777
0.40172675
0.40174127
0.40175077
0.40175524
0.40175495
0.4017507
0.4017433
0.4017335
0.40172192
0.4017091
0.40169522
0.40168065
0.40166587
0.40165132
0.4016376
0.4016253
0.40161487
0.40160623
0.40159962
0.40159506
0.4015928
0.40159273
0.4015945
0.4015976
0.4016009
0.40160364
0.401605
0.40160468
0.40160263
0.40159938
0.40159562
0.4015921
0.40158948
0.40158826
0.40158856
0.40159065
0.40159443
0.40159944
0.401605
0.4016101
0.40161386
0.4016157
0.40161523
0.40161267
0.40160865
0.40160426
0.40160093
0.40159982
0.40160197
0.40160772
0.40161675
0.4016282
0.40164095
0.40165353
0.40166482
0.40167397
0.4016806
0.40168464
0.40168637
0.40168643
0.40168533
0.40168363
0.4016817
0.40167984
0.40167823
0.40167713
0.40167665
0.40167674
0.4016773
0.401678
0.4016784
0.401678
0.4016764
0.40167302
0.4016678
0.40166122
0.40165415
0.4016482
0.40164465
0.4016447
0.40164906
0.40165743
0.40166903
0.40168235
0.40169558
0.40170702
0.40171522
0.4017192
0.4017185
0.4017136
0.4017053
0.40169498
0.40168422
0.40167442
0.40166652
0.40166137
0.40165913
0.4016598
0.4016629
0.40166754
0.4016727
0.4016773
0.40168056
0.401682
0.4016813
0.40167838
0.40167323
0.40166587
0.40165675
0.40164623
0.40163532
0.40162498
0.4016166
0.4016113
0.40160963
0.401612
0.40161833
0.40162832
0.4016414
0.40165678
0.40167314
0.40168935
0.4017039
0.40171537
0.4017227
0.40172532
0.4017233
0.4017172
0.40170804
0.40169725
0.40168625
0.4016763
0.40166843
0.40166333
0.40166152
0.40166306
0.40166765
0.40167502
0.4016843
0.4016946
0.40170467
0.40171334
0.40171954
0.40172237
0.40172127
0.40171584
0.40170613
0.40169245
0.40167558
0.40165648
0.40163612
0.40161562
0.40159595
0.40157795
0.40156198
0.40154815
0.40153638
0.4015263
0.40151775
0.40151072
0.40150544
0.4015022
0.4015016
0.4015041
0.40151018
0.40152004
0.4015338
0.40155113
0.40157148
0.40159383
0.4016168
0.40163887
0.40165854
0.4016746
0.4016863
0.4016934
0.40169626
0.401696
0.40169412
0.40169248
0.4016929
0.4016966
0.40170428
0.40171596
0.40173075
0.4017474
0.4017641
0.40177944
0.40179178
0.4017998
0.4018025
0.40179917
0.40178975
0.40177462
0.40175456
0.40173098
0.4017055
0.40167972
0.4016556
0.40163463
0.40161806
0.40160674
0.40160108
0.40160117
0.40160662
0.40161672
0.40163
0.40164515
0.40166053
0.40167493
0.40168738
0.4016977
0.40170613
0.40171307
0.40171948
0.40172622
0.40173423
0.4017438
0.4017549
0.40176693
0.40177867
0.40178892
0.40179637
0.40179983
0.40179867
0.4017922
0.40178028
0.40176308
0.40174124
0.4017158
0.4016881
0.40165973
0.40163222
0.40160707
0.4015852
0.4015671
0.40155306
0.40154275
0.40153584
0.4015318
0.4015303
0.40153137
0.40153506
0.4015415
0.40155035
0.40156162
0.4015746
0.4015887
0.4016031
0.40161696
0.4016296
0.40164047
0.40164948
0.40165645
0.40166125
0.4016633
0.4016621
0.40165687
0.40164724
0.40163323
0.40161508
0.40159366
0.40157026
0.40154618
0.40152287
0.40150145
0.4014827
0.40146726
0.40145555
0.4014477
0.40144378
0.40144375
0.4014473
0.4014541
0.40146363
0.40147516
0.40148792
0.40150094
0.4015128
0.4015224
0.4015285
0.4015305
0.40152842
0.4015227
0.4015145
0.4015052
0.40149605
0.40148827
0.40148258
0.40147942
0.40147898
0.40148103
0.40148538
0.40149117
0.40149775
0.40150416
0.40150955
0.4015133
0.40151533
0.4015159
0.40151578
0.40151587
0.40151697
0.4015199
0.4015251
0.40153304
0.40154365
0.4015567
0.40157145
0.40158704
0.40160254
0.40161693
0.4016291
0.4016378
0.4016421
0.40164137
0.4016354
0.4016243
0.40160877
0.40158972
0.40156826
0.4015454
0.40152228
0.4014998
0.40147913
0.40146095
0.401446
0.40143475
0.4014274
0.40142387
0.40142405
0.40142748
0.40143368
0.40144208
0.4014522
0.40146375
0.40147635
0.40149003
0.40150464
0.40152007
0.4015361
0.4015523
0.40156806
0.40158278
0.40159595
0.40160707
0.4016161
0.40162328
0.40162882
0.40163308
0.40163624
0.40163827
0.40163878
0.40163708
0.40163264
0.401625
0.40161422
0.40160078
0.4015856
0.40156963
0.40155375
0.40153873
0.40152505
0.40151286
0.40150207
0.40149242
0.40148345
0.40147495
0.40146694
0.40145984
0.40145412
0.4014501
0.40144795
0.4014475
0.40144846
0.40145043
0.40145293
0.4014553
0.40145734
0.4014586
0.40145904
0.4014587
0.4014576
0.40145588
0.40145403
0.4014525
0.40145192
0.401453
0.40145642
0.4014627
0.40147197
0.40148404
0.40149868
0.40151536
0.40153396
0.40155426
0.401576
0.40159938
0.40162456
0.40165162
0.4016803
0.40170985
0.4017394
0.40176797
0.40179446
0.40181813
0.40183824
0.4018543
0.40186626
0.40187407
0.40187776
0.40187737
0.40187255
0.40186298
0.4018485
0.4018292
0.4018053
0.4017777
0.40174744
0.40171582
0.4016844
0.40165496
0.4016288
0.40160704
0.40158996
0.4015778
0.40157026
0.40156704
0.4015677
0.4015718
0.40157846
0.40158653
0.40159476
0.40160152
0.40160564
0.4016064
0.40160364
0.40159786
0.40158978
0.40158048
0.40157127
0.40156323
0.4015574
0.4015546
0.4015557
0.40156108
0.401571
0.40158558
0.40160424
0.40162614
0.40165007
0.40167472
0.40169865
0.40172073
0.40174004
0.401756
0.40176818
0.4017764
0.40178052
0.40178072
0.40177718
0.4017699
0.40175906
0.40174478
0.4017275
0.40170783
0.4016866
0.40166494
0.40164363
0.40162364
0.40160534
0.40158933
0.401576
0.4015659
0.40155914
0.4015561
0.40155655
0.40156043
0.4015672
0.4015764
0.40158728
0.40159947
0.40161285
0.40162772
0.40164497
0.40166637
0.40169472
0.40173414
0.4017908
0.40187356
0.4019946
0.40217066
0.4024263
0.4027912
0.40330765
0.40403357
0.40504763
0.40645605
0.40840068
0.4111027
0.4147852
0.4197573
0.42649266
0.4356326
0.4477879
