0.4426125
0.4321189
0.42424724
0.41831985
0.41389337
0.41062355
0.40822557
0.40646052
0.40516883
0.40423208
0.40355444
0.4030677
0.4027205
0.40247422
0.4022999
0.40217608
0.40208697
0.40202105
0.40197015
0.4019284
0.40189183
0.40185758
0.40182415
0.40179068
0.40175715
0.40172392
0.40169188
0.40166202
0.40163508
0.40161166
0.4015917
0.40157503
0.40156102
0.4015492
0.40153927
0.40153098
0.40152407
0.40151858
0.40151468
0.40151244
0.40151206
0.4015139
0.4015182
0.4015252
0.4015349
0.40154755
0.40156308
0.40158138
0.40160212
0.401625
0.40164956
0.40167466
0.4016991
0.40172112
0.401739
0.4017514
0.40175718
0.401756
0.40174788
0.40173346
0.4017139
0.40169054
0.401665
0.40163878
0.40161312
0.40158918
0.40156752
0.4015487
0.40153292
0.40152022
0.4015106
0.4015036
0.401499
0.40149653
0.40149596
0.40149698
0.40149942
0.40150315
0.4015079
0.40151384
0.40152085
0.4015287
0.401537
0.40154555
0.40155378
0.40156147
0.40156826
0.4015737
0.4015772
0.40157822
0.40157607
0.40157086
0.40156284
0.40155274
0.40154162
0.40153047
0.40152025
0.4015114
0.4015046
0.40149996
0.4014975
0.4014975
0.40149987
0.40150478
0.4015119
0.4015209
0.40153095
0.40154123
0.40155104
0.40155977
0.40156707
0.40157288
0.4015776
0.40158153
0.40158486
0.40158767
0.4015898
0.40159085
0.40159017
0.40158725
0.40158188
0.40157434
0.40156537
0.4015558
0.4015467
0.40153843
0.4015313
0.4015251
0.40151966
0.4015145
0.40150943
0.40150434
0.40149927
0.40149453
0.4014904
0.40148726
0.40148535
0.40148503
0.40148628
0.40148938
0.4014945
0.4015017
0.40151098
0.4015224
0.40153566
0.40155044
0.40156624
0.40158245
0.40159863
0.40161416
0.40162855
0.4016418
0.40165403
0.40166578
0.40167755
0.40168992
0.40170327
0.4017181
0.4017353
0.40175632
0.40178338
0.4018196
0.40186912
0.40193784
0.40203393
0.40216887
0.40235865
0.40262792
0.4030056
0.40353346
0.40426874
0.40528873
0.40669858
0.4086395
0.41133133
0.41499788
0.41994837
0.4266554
0.4357629
0.44788316
