0.44265687
0.43217698
0.4243171
0.4183993
0.4139792
0.41071132
0.40830922
0.40653276
0.40522134
0.4042572
0.4035449
0.403018
0.4026276
0.40233797
0.4021233
0.40196478
0.40184873
0.40176514
0.4017065
0.4016671
0.40164256
0.40162927
0.40162432
0.40162534
0.4016301
0.40163627
0.40164188
0.40164515
0.40164512
0.40164134
0.40163398
0.40162364
0.40161115
0.4015975
0.4015835
0.40157005
0.401558
0.40154797
0.40154046
0.40153557
0.4015333
0.40153348
0.401536
0.40154064
0.40154734
0.40155584
0.40156543
0.40157524
0.40158412
0.40159082
0.4015946
0.40159494
0.40159208
0.4015865
0.4015791
0.4015706
0.40156138
0.40155172
0.40154156
0.40153098
0.40152028
0.40151003
0.40150073
0.40149286
0.4014866
0.40148225
0.40148008
0.40148026
0.4014828
0.401488
0.40149555
0.40150502
0.40151587
0.40152746
0.40153927
0.40155086
0.4015618
0.40157145
0.40157878
0.40158275
0.40158278
0.4015786
0.40157053
0.40155932
0.40154618
0.40153226
0.40151885
0.4015068
0.4014968
0.40148947
0.40148494
0.4014834
0.4014847
0.40148893
0.4014958
0.40150505
0.4015162
0.4015287
0.4015419
0.4015554
0.4015687
0.4015817
0.4015938
0.4016045
0.40161332
0.4016199
0.4016241
0.40162614
0.40162635
0.4016252
0.4016231
0.40162012
0.40161613
0.40161058
0.40160313
0.4015933
0.4015809
0.4015663
0.40155026
0.40153396
0.4015186
0.40150514
0.4014942
0.40148604
0.4014807
0.40147802
0.4014777
0.40147948
0.4014831
0.40148827
0.40149492
0.40150306
0.40151268
0.40152374
0.40153578
0.40154833
0.4015606
0.4015715
0.40158042
0.40158692
0.40159103
0.40159312
0.40159395
0.40159407
0.40159383
0.40159342
0.4015926
0.4015912
0.40158924
0.40158704
0.40158525
0.40158457
0.40158546
0.40158802
0.40159214
0.40159726
0.4016026
0.40160736
0.40161088
0.40161306
0.40161422
0.40161517
0.40161672
0.4016196
0.40162426
0.4016309
0.4016393
0.40164906
0.4016593
0.4016693
0.4016779
0.40168455
0.40168872
0.4016907
0.4016908
0.40168992
0.40168858
0.40168726
0.40168607
0.40168464
0.4016823
0.4016782
0.40167165
0.40166223
0.40164974
0.4016347
0.40161762
0.40159938
0.40158117
0.40156394
0.40154856
0.4015359
0.40152645
0.40152046
0.40151808
0.40151924
0.40152347
0.40153015
0.4015383
0.40154725
0.40155628
0.40156505
0.40157333
0.40158087
0.40158758
0.4015934
0.4015987
0.4016039
0.40160945
0.40161583
0.4016234
0.40163225
0.4016424
0.4016534
0.40166464
0.4016751
0.4016837
0.40168908
0.40169027
0.40168658
0.4016778
0.40166444
0.40164736
0.40162784
0.40160757
0.40158805
0.4015707
0.40155637
0.40154558
0.40153852
0.40153497
0.40153447
0.4015368
0.40154138
0.40154767
0.40155497
0.40156257
0.40157
0.4015772
0.40158427
0.4015912
0.4015981
0.40160465
0.40161064
0.4016157
0.4016193
0.4016208
0.4016202
0.40161756
0.4016132
0.40160745
0.40160075
0.40159342
0.40158573
0.40157804
0.40157053
0.40156335
0.4015568
0.4015512
0.401547
0.4015444
0.40154362
0.4015448
0.40154827
0.4015539
0.40156126
0.40156966
0.40157795
0.4015847
0.40158862
0.40158868
0.40158442
0.40157598
0.40156418
0.40155002
0.40153465
0.4015191
0.4015042
0.40149048
0.40147844
0.40146828
0.40146014
0.401454
0.40144956
0.4014464
0.4014441
0.40144208
0.4014402
0.40143815
0.401436
0.40143386
0.40143186
0.40143028
0.40142936
0.40142924
0.4014303
0.40143284
0.40143698
0.40144286
0.40145043
0.40145984
0.4014712
0.4014845
0.40150025
0.4015184
0.40153933
0.4015631
0.40158966
0.40161848
0.40164906
0.40168026
0.40171096
0.4017395
0.4017648
0.4017857
0.40180147
0.40181163
0.40181622
0.4018157
0.401811
0.40180352
0.40179488
0.40178686
0.40178093
0.40177822
0.40177894
0.40178266
0.40178812
0.40179378
0.40179774
0.4017985
0.40179458
0.4017851
0.40176955
0.4017482
0.40172186
0.40169173
0.40165937
0.40162638
0.40159425
0.4015643
0.40153748
0.40151432
0.40149504
0.40147966
0.4014676
0.4014587
0.4014525
0.4014485
0.4014467
0.40144712
0.40144974
0.40145463
0.4014618
0.40147126
0.401483
0.40149692
0.40151262
0.40152952
0.40154645
0.4015623
0.4015757
0.40158528
0.4015902
0.40159008
0.40158522
0.40157658
0.40156528
0.40155315
0.40154147
0.40153167
0.40152466
0.40152115
0.40152118
0.40152466
0.4015313
0.4015406
0.40155217
0.4015655
0.4015806
0.40159774
0.4016173
0.4016397
0.40166494
0.40169248
0.4017217
0.4017512
0.40178004
0.4018072
0.40183192
0.4018541
0.40187365
0.40189043
0.4019046
0.40191615
0.40192515
0.40193155
0.40193555
0.40193743
0.4019375
0.40193617
0.40193364
0.40192994
0.40192515
0.40191886
0.401911
0.40190113
0.4018891
0.4018747
0.40185797
0.40183884
0.4018174
0.4017938
0.40176845
0.40174183
0.40171462
0.4016878
0.4016621
0.40163845
0.4016171
0.40159842
0.40158245
0.40156922
0.40155864
0.4015507
0.40154538
0.40154254
0.40154213
0.4015439
0.40154764
0.40155292
0.4015594
0.4015665
0.4015736
0.40157977
0.40158424
0.40158606
0.4015849
0.40158075
0.4015741
0.40156573
0.4015567
0.40154815
0.40154126
0.4015368
0.40153524
0.40153643
0.4015401
0.4015454
0.40155175
0.40155846
0.40156513
0.40157175
0.40157837
0.4015852
0.40159252
0.40160084
0.4016104
0.40162122
0.4016333
0.40164605
0.4016588
0.4016702
0.40167916
0.40168476
0.40168628
0.40168357
0.40167657
0.40166587
0.40165222
0.40163678
0.4016208
0.4016057
0.4015927
0.40158272
0.40157625
0.4015734
0.4015739
0.4015775
0.40158397
0.401593
0.4016042
0.40161693
0.40163025
0.40164298
0.40165403
0.40166274
0.40166852
0.40167132
0.40167138
0.40166935
0.4016662
0.4016629
0.4016601
0.40165862
0.40165886
0.40166125
0.40166613
0.4016736
0.40168345
0.40169507
0.40170753
0.40171927
0.40172902
0.40173534
0.4017373
0.40173426
0.40172613
0.40171292
0.40169516
0.40167356
0.40164924
0.40162364
0.40159795
0.4015738
0.40155232
0.4015345
0.40152094
0.40151176
0.40150672
0.40150526
0.40150666
0.40151018
0.40151533
0.40152192
0.40152994
0.40153942
0.40155026
0.401562
0.4015741
0.40158573
0.40159583
0.4016035
0.40160805
0.40160963
0.4016086
0.40160593
0.40160277
0.4016002
0.4015991
0.40159997
0.40160313
0.4016086
0.40161583
0.40162405
0.40163216
0.40163925
0.40164438
0.401647
0.4016471
0.40164503
0.40164134
0.40163678
0.40163213
0.4016279
0.4016245
0.40162182
0.4016196
0.4016172
0.40161383
0.40160868
0.40160137
0.4015919
0.4015806
0.4015683
0.4015557
0.40154362
0.40153265
0.40152326
0.40151593
0.4015112
0.4015094
0.4015106
0.40151486
0.40152195
0.40153158
0.40154317
0.4015561
0.40156963
0.401583
0.40159544
0.4016062
0.40161464
0.4016207
0.40162456
0.4016268
0.40162826
0.40162998
0.40163293
0.40163788
0.40164542
0.4016557
0.40166858
0.4016834
0.4016994
0.40171546
0.40173027
0.4017426
0.40175128
0.4017552
0.40175378
0.40174642
0.40173316
0.40171432
0.40169066
0.40166345
0.4016342
0.40160477
0.4015767
0.4015514
0.4015298
0.40151262
0.40150008
0.40149197
0.4014876
0.40148634
0.40148717
0.40148938
0.4014923
0.40149546
0.4014984
0.4015011
0.40150362
0.40150648
0.40151
0.4015144
0.4015198
0.40152586
0.40153217
0.40153804
0.4015426
0.4015455
0.4015464
0.40154597
0.40154508
0.4015451
0.40154728
0.4015525
0.40156138
0.40157387
0.40158936
0.40160674
0.40162438
0.40164062
0.40165356
0.40166202
0.40166503
0.40166244
0.40165475
0.40164316
0.40162942
0.40161526
0.40160245
0.40159225
0.40158573
0.40158302
0.40158394
0.4015876
0.40159312
0.40159944
0.4016056
0.40161088
0.40161538
0.4016193
0.40162328
0.4016278
0.4016332
0.40163928
0.40164554
0.4016512
0.40165544
0.40165764
0.40165773
0.40165594
0.40165293
0.4016494
0.40164575
0.40164223
0.40163848
0.40163386
0.40162772
0.40161943
0.4016089
0.40159664
0.40158322
0.40156966
0.4015568
0.4015454
0.4015361
0.4015292
0.40152478
0.40152276
0.4015227
0.40152395
0.40152594
0.401528
0.40152958
0.40153056
0.40153098
0.40153104
0.40153107
0.4015313
0.40153208
0.4015337
0.4015365
0.40154055
0.40154582
0.40155235
0.40155995
0.4015689
0.40157923
0.4015913
0.401605
0.40161982
0.40163493
0.40164906
0.4016609
0.4016693
0.40167338
0.40167296
0.40166792
0.40165895
0.40164703
0.4016333
0.4016191
0.40160564
0.401594
0.40158483
0.40157855
0.40157533
0.40157506
0.40157765
0.40158275
0.40158966
0.40159753
0.40160528
0.4016122
0.40161797
0.40162277
0.40162686
0.4016307
0.40163463
0.40163863
0.4016424
0.40164557
0.4016477
0.40164846
0.40164775
0.40164557
0.40164205
0.40163764
0.4016333
0.40162992
0.4016287
0.4016303
0.4016354
0.40164426
0.40165663
0.40167192
0.40168926
0.40170747
0.40172523
0.40174133
0.40175465
0.4017641
0.4017689
0.4017683
0.4017619
0.40174952
0.40173155
0.40170854
0.40168157
0.40165195
0.40162113
0.4015905
0.40156147
0.40153527
0.40151295
0.40149528
0.40148276
0.40147555
0.4014737
0.40147698
0.4014851
0.40149742
0.40151343
0.40153226
0.40155342
0.4015764
0.401601
0.40162668
0.4016529
0.40167865
0.40170288
0.40172437
0.40174216
0.40175563
0.40176427
0.40176785
0.40176645
0.40176067
0.4017512
0.40173924
0.4017259
0.40171245
0.4017
0.40168932
0.401681
0.4016753
0.4016725
0.40167263
0.40167543
0.40168017
0.40168563
0.40169054
0.40169364
0.40169403
0.4016913
0.40168568
0.40167776
0.4016687
0.4016593
0.4016506
0.4016432
0.40163743
0.40163428
0.40163413
0.4016376
0.401645
0.4016558
0.4016693
0.40168405
0.40169868
0.40171158
0.4017213
0.40172702
0.40172836
0.40172535
0.4017187
0.40170935
0.40169814
0.4016861
0.40167403
0.40166256
0.40165174
0.4016414
0.40163115
0.40162033
0.40160877
0.40159637
0.40158334
0.40156993
0.4015566
0.40154362
0.40153122
0.40151972
0.40150946
0.401501
0.40149483
0.40149108
0.40148973
0.40149036
0.40149257
0.4014956
0.40149906
0.40150252
0.40150604
0.4015096
0.40151364
0.40151852
0.40152475
0.40153232
0.40154117
0.40155083
0.40156087
0.40157074
0.40158004
0.40158844
0.40159592
0.40160248
0.4016085
0.4016145
0.40162045
0.40162653
0.40163207
0.4016366
0.4016397
0.40164134
0.40164155
0.40164074
0.4016391
0.40163687
0.40163392
0.40163046
0.40162683
0.40162343
0.40162092
0.40161988
0.40162072
0.40162396
0.40162995
0.4016384
0.4016491
0.40166152
0.40167484
0.40168828
0.40170082
0.40171146
0.4017194
0.40172386
0.4017246
0.4017213
0.40171415
0.40170372
0.40169063
0.40167594
0.40166092
0.40164682
0.40163478
0.40162584
0.4016204
0.40161863
0.40162048
0.40162557
0.40163353
0.40164405
0.40165666
0.40167108
0.40168673
0.4017028
0.40171847
0.40173274
0.40174472
0.40175375
0.40175942
0.40176162
0.40176064
0.4017571
0.40175155
0.40174446
0.40173608
0.40172622
0.4017144
0.40170038
0.4016839
0.4016651
0.40164444
0.40162277
0.40160078
0.4015793
0.4015589
0.40154037
0.401524
0.40151006
0.40149844
0.40148914
0.40148172
0.40147606
0.40147182
0.40146893
0.40146744
0.40146747
0.4014694
0.40147385
0.4014814
0.40149245
0.40150738
0.4015263
0.4015489
0.40157467
0.40160257
0.40163127
0.40165907
0.40168452
0.40170634
0.40172365
0.4017357
0.401742
0.4017425
0.40173748
0.40172732
0.4017129
0.40169513
0.4016752
0.40165436
0.401634
0.40161523
0.40159884
0.4015855
0.40157524
0.40156808
0.40156376
0.4015618
0.4015618
0.4015633
0.40156573
0.40156895
0.4015725
0.4015758
0.40157828
0.40157914
0.40157786
0.4015745
0.40156916
0.40156242
0.4015546
0.40154618
0.4015373
0.40152797
0.40151843
0.40150854
0.40149817
0.40148768
0.40147743
0.40146786
0.40145975
0.4014538
0.40145072
0.40145114
0.4014553
0.40146357
0.4014759
0.40149212
0.40151185
0.40153453
0.40155956
0.40158606
0.40161327
0.4016401
0.40166533
0.4016877
0.40170604
0.40171936
0.40172714
0.4017291
0.40172526
0.40171602
0.40170208
0.40168437
0.40166426
0.40164283
0.40162152
0.40160158
0.401584
0.40156963
0.4015589
0.40155226
0.4015497
0.4015513
0.40155688
0.401566
0.40157795
0.40159166
0.401606
0.4016196
0.40163103
0.40163904
0.40164268
0.40164134
0.4016351
0.4016247
0.40161085
0.4015946
0.40157685
0.40155864
0.40154102
0.4015247
0.4015103
0.40149805
0.4014882
0.40148067
0.4014754
0.4014723
0.4014713
0.4014723
0.40147525
0.40148026
0.4014871
0.40149552
0.40150493
0.40151447
0.4015232
0.40153015
0.40153462
0.40153652
0.40153614
0.4015341
0.40153086
0.4015269
0.40152222
0.40151688
0.40151083
0.40150407
0.40149668
0.40148893
0.401481
0.40147308
0.40146524
0.4014576
0.4014506
0.40144446
0.40143973
0.40143675
0.40143606
0.4014378
0.40144217
0.4014491
0.40145832
0.40146932
0.40148145
0.4014939
0.40150595
0.40151712
0.40152737
0.40153688
0.40154612
0.40155545
0.40156516
0.4015757
0.4015874
0.40160048
0.40161476
0.4016295
0.40164393
0.40165684
0.4016672
0.40167448
0.40167844
0.40167943
0.40167823
0.40167606
0.40167397
0.40167338
0.40167496
0.4016794
0.4016868
0.40169674
0.40170848
0.40172073
0.4017321
0.40174097
0.4017461
0.40174648
0.40174145
0.40173104
0.40171582
0.40169695
0.40167612
0.40165505
0.40163556
0.40161908
0.40160656
0.40159866
0.40159565
0.4015973
0.40160304
0.40161204
0.4016229
0.40163413
0.40164444
0.4016529
0.40165925
0.4016639
0.40166783
0.40167212
0.4016778
0.40168566
0.4016958
0.40170804
0.40172175
0.4017359
0.40174952
0.40176186
0.40177253
0.4017814
0.40178853
0.40179408
0.40179792
0.40179992
0.4017997
0.40179712
0.40179217
0.401785
0.4017759
0.40176517
0.40175334
0.40174127
0.40172994
0.40172043
0.4017136
0.40170977
0.40170902
0.401711
0.401715
0.4017199
0.40172413
0.4017263
0.40172535
0.40172088
0.40171272
0.40170133
0.40168765
0.40167254
0.401657
0.40164194
0.40162832
0.40161705
0.40160894
0.4016044
0.40160382
0.40160707
0.40161398
0.40162423
0.4016375
0.40165317
0.4016704
0.40168804
0.40170476
0.40171912
0.40173
0.40173656
0.40173826
0.4017351
0.4017275
0.40171623
0.40170234
0.40168718
0.40167195
0.4016581
0.40164673
0.40163875
0.4016347
0.40163448
0.4016376
0.40164298
0.4016491
0.40165448
0.40165758
0.40165728
0.4016529
0.40164444
0.4016324
0.4016178
0.40160173
0.40158546
0.40156984
0.40155607
0.40154514
0.40153766
0.40153432
0.40153557
0.40154195
0.40155366
0.4015706
0.40159225
0.4016179
0.40164635
0.40167618
0.40170604
0.40173456
0.40176052
0.40178278
0.40180033
0.40181243
0.40181854
0.4018182
0.4018112
0.4017976
0.40177792
0.4017528
0.4017234
0.40169096
0.40165707
0.40162352
0.40159196
0.40156403
0.40154064
0.40152246
0.40150952
0.4015015
0.40149757
0.40149683
0.40149808
0.40150025
0.40150237
0.4015039
0.40150484
0.40150544
0.4015064
0.40150842
0.40151203
0.40151754
0.401525
0.40153414
0.4015444
0.40155506
0.40156496
0.40157324
0.40157914
0.40158212
0.40158218
0.40157956
0.4015747
0.4015683
0.40156078
0.40155283
0.4015451
0.4015382
0.40153265
0.40152887
0.4015271
0.40152773
0.40153083
0.40153643
0.4015445
0.40155473
0.40156654
0.4015793
0.40159222
0.40160453
0.40161517
0.4016231
0.40162736
0.40162736
0.40162307
0.40161505
0.40160426
0.4015918
0.40157863
0.40156546
0.40155283
0.40154096
0.40153006
0.40151998
0.40151066
0.40150213
0.4014944
0.40148753
0.4014816
0.40147665
0.4014728
0.4014701
0.4014689
0.40146935
0.4014716
0.40147582
0.4014818
0.40148926
0.4014976
0.40150627
0.40151435
0.4015212
0.40152606
0.4015285
0.40152863
0.40152678
0.4015239
0.401521
0.40151894
0.40151823
0.4015194
0.40152228
0.40152687
0.40153304
0.40154067
0.40154958
0.4015594
0.40156966
0.40157992
0.40158963
0.40159878
0.40160757
0.40161654
0.40162623
0.40163705
0.4016493
0.4016628
0.40167686
0.4016905
0.40170217
0.4017104
0.4017141
0.4017125
0.40170535
0.40169287
0.40167594
0.40165582
0.40163404
0.40161192
0.40159076
0.40157127
0.401554
0.40153927
0.4015274
0.40151867
0.40151316
0.40151078
0.40151116
0.4015136
0.4015173
0.4015216
0.40152603
0.40153047
0.40153497
0.40153968
0.40154484
0.40155083
0.40155786
0.40156633
0.4015765
0.40158856
0.40160248
0.40161848
0.40163675
0.40165827
0.40168518
0.40172133
0.40177304
0.40184927
0.40196258
0.40213022
0.4023776
0.40273473
0.40324423
0.4039643
0.4049735
0.40637833
0.40832105
0.4110227
0.41470733
0.41968435
0.42642784
0.43557918
0.44774836
