0.4426002
0.43210003
0.4242195
0.41828018
0.41383892
0.41055104
0.40813372
0.40634802
0.4050345
0.40407625
0.40337753
0.40287095
0.4025058
0.40224412
0.40205723
0.40192345
0.40182674
0.40175524
0.40170053
0.40165702
0.40162134
0.40159136
0.40156624
0.40154532
0.40152842
0.4015153
0.40150595
0.4015
0.4014971
0.40149662
0.40149775
0.40149966
0.40150148
0.40150288
0.4015039
0.40150496
0.40150666
0.40150946
0.40151381
0.40151992
0.40152752
0.4015362
0.4015453
0.40155393
0.4015613
0.4015669
0.4015706
0.40157276
0.401574
0.4015752
0.40157717
0.40158027
0.4015846
0.4015897
0.40159512
0.40160027
0.40160477
0.40160877
0.40161258
0.40161678
0.4016218
0.40162754
0.40163386
0.40163988
0.40164477
0.40164754
0.4016473
0.4016437
0.40163672
0.40162674
0.40161434
0.40160033
0.4015854
0.40157044
0.40155616
0.40154344
0.40153277
0.4015246
0.4015191
0.4015163
0.40151575
0.40151715
0.40151978
0.40152335
0.4015275
0.40153188
0.40153626
0.40154052
0.40154478
0.40154943
0.4015552
0.40156323
0.40157428
0.40158895
0.4016074
0.40162918
0.40165338
0.4016788
0.40170425
0.40172896
0.40175197
0.401773
0.40179175
0.40180793
0.4018215
0.4018322
0.4018398
0.4018441
0.40184498
0.40184218
0.40183568
0.40182534
0.40181118
0.40179324
0.40177184
0.40174755
0.40172127
0.40169415
0.40166762
0.40164304
0.40162155
0.4016039
0.4015904
0.40158096
0.40157488
0.40157127
0.4015693
0.4015682
0.40156785
0.40156838
0.40157
0.401573
0.40157765
0.40158364
0.40159073
0.40159813
0.40160534
0.40161207
0.4016185
0.4016248
0.40163127
0.40163812
0.4016453
0.4016525
0.40165907
0.40166414
0.40166682
0.40166637
0.40166262
0.40165582
0.4016468
0.4016366
0.40162617
0.40161645
0.40160766
0.4016002
0.40159398
0.40158907
0.40158528
0.40158254
0.40158084
0.40158033
0.40158126
0.40158343
0.4015865
0.40158993
0.40159288
0.40159473
0.40159506
0.4015939
0.40159166
0.40158892
0.40158632
0.40158445
0.4015837
0.40158427
0.40158615
0.4015893
0.40159374
0.40159938
0.40160638
0.4016145
0.40162355
0.40163308
0.40164253
0.401651
0.40165776
0.40166163
0.4016617
0.4016575
0.40164915
0.40163726
0.40162292
0.4016074
0.40159228
0.40157863
0.4015674
0.4015589
0.40155303
0.40154958
0.40154815
0.4015482
0.4015494
0.40155113
0.40155295
0.40155387
0.40155342
0.40155113
0.40154675
0.4015403
0.4015321
0.40152285
0.40151328
0.40150407
0.40149564
0.4014883
0.40148237
0.40147808
0.40147564
0.40147522
0.401477
0.40148127
0.40148804
0.4014972
0.40150818
0.40152037
0.40153268
0.4015442
0.4015544
0.40156317
0.40157115
0.4015794
0.4015894
0.4016023
0.4016192
0.40164033
0.40166545
0.4016937
0.40172374
0.40175396
0.40178287
0.4018093
0.40183216
0.40185082
0.40186477
0.40187374
0.40187764
0.4018765
0.40187076
0.40186065
0.40184703
0.4018307
0.40181258
0.40179384
0.40177536
0.40175772
0.40174115
0.40172517
0.40170908
0.40169233
0.4016747
0.4016565
0.4016385
0.40162173
0.40160707
0.4015952
0.4015866
0.40158114
0.40157855
0.40157828
0.40157962
0.40158197
0.40158474
0.40158805
0.40159202
0.4015968
0.40160248
0.40160885
0.40161556
0.401622
0.40162745
0.40163147
0.40163395
0.4016355
0.40163675
0.40163866
0.40164188
0.40164712
0.40165472
0.40166426
0.401675
0.40168563
0.40169477
0.4017011
0.4017037
0.40170196
0.40169603
0.4016863
0.4016739
0.40166014
0.40164655
0.40163445
0.4016249
0.40161824
0.40161455
0.4016133
0.4016134
0.4016137
0.40161285
0.40160996
0.40160453
0.40159655
0.4015862
0.4015741
0.40156093
0.40154755
0.40153465
0.40152314
0.40151373
0.40150717
0.4015038
0.4015039
0.40150738
0.4015139
0.40152296
0.40153396
0.4015462
0.40155882
0.40157086
0.4015817
0.40159112
0.40159908
0.4016061
0.4016128
0.40161982
0.40162808
0.40163866
0.4016526
0.40167058
0.40169278
0.40171862
0.40174708
0.40177664
0.4018059
0.40183353
0.4018584
0.4018795
0.4018963
0.40190837
0.4019154
0.40191764
0.4019154
0.40190902
0.40189904
0.40188602
0.40187076
0.40185383
0.40183628
0.40181887
0.4018029
0.40178928
0.4017787
0.40177152
0.4017673
0.4017653
0.4017642
0.40176246
0.4017587
0.40175173
0.4017407
0.40172526
0.4017057
0.40168267
0.4016575
0.40163156
0.40160662
0.40158424
0.40156546
0.4015513
0.401542
0.4015377
0.40153804
0.4015424
0.40155
0.40155998
0.40157145
0.40158337
0.40159494
0.40160483
0.40161252
0.4016175
0.40161985
0.40162003
0.40161872
0.4016169
0.40161517
0.4016139
0.40161276
0.40161115
0.40160817
0.40160277
0.4015943
0.40158278
0.40156844
0.40155205
0.40153456
0.40151703
0.4015005
0.40148583
0.40147355
0.40146396
0.40145713
0.40145326
0.40145257
0.40145522
0.40146127
0.4014706
0.40148273
0.40149707
0.4015127
0.40152887
0.40154448
0.40155873
0.401571
0.4015815
0.4015905
0.40159887
0.40160763
0.40161753
0.401629
0.40164205
0.4016561
0.40167022
0.40168315
0.40169367
0.40170082
0.40170363
0.4017018
0.4016954
0.40168464
0.40167022
0.40165314
0.40163437
0.40161487
0.40159535
0.4015764
0.40155837
0.40154153
0.401526
0.40151244
0.4015012
0.4014929
0.4014879
0.40148634
0.40148827
0.4014933
0.40150094
0.4015102
0.40152037
0.4015305
0.40153995
0.4015483
0.40155566
0.40156215
0.40156797
0.40157312
0.4015775
0.40158087
0.40158284
0.40158302
0.4015811
0.40157685
0.4015706
0.40156278
0.40155414
0.4015454
0.4015374
0.40153074
0.40152606
0.40152362
0.40152347
0.40152538
0.401529
0.40153396
0.40153953
0.40154526
0.4015507
0.4015555
0.40155908
0.40156087
0.40156028
0.40155685
0.40155068
0.4015421
0.4015319
0.40152124
0.40151098
0.40150207
0.40149528
0.40149117
0.40149003
0.40149197
0.40149692
0.40150464
0.4015147
0.40152648
0.40153927
0.4015519
0.40156326
0.40157205
0.40157735
0.40157872
0.4015765
0.40157127
0.40156448
0.4015574
0.40155137
0.4015477
0.40154704
0.40154967
0.4015553
0.4015632
0.40157238
0.4015815
0.4015892
0.4015946
0.40159693
0.40159604
0.4015922
0.40158615
0.40157908
0.40157193
0.40156546
0.40156
0.401556
0.40155342
0.4015524
0.40155295
0.40155488
0.40155822
0.40156257
0.40156725
0.4015716
0.4015747
0.4015761
0.4015757
0.4015737
0.4015707
0.40156758
0.40156513
0.4015641
0.40156513
0.40156856
0.40157437
0.40158224
0.40159145
0.40160108
0.40161014
0.4016175
0.40162224
0.40162352
0.40162095
0.40161434
0.40160394
0.40159014
0.4015736
0.40155524
0.401536
0.4015167
0.4014981
0.40148067
0.40146485
0.40145063
0.40143815
0.40142748
0.4014188
0.40141243
0.4014087
0.401408
0.40141067
0.4014173
0.4014283
0.40144378
0.4014637
0.40148753
0.40151462
0.4015441
0.40157476
0.40160578
0.40163612
0.40166545
0.4016936
0.4017206
0.40174642
0.40177092
0.40179387
0.40181533
0.40183538
0.40185422
0.4018721
0.40188926
0.40190554
0.40192053
0.40193394
0.4019453
0.40195414
0.40196005
0.40196264
0.40196157
0.40195662
0.40194723
0.4019332
0.40191424
0.4018903
0.40186155
0.40182832
0.4017915
0.40175205
0.40171117
0.4016704
0.4016312
0.40159538
0.40156436
0.40153936
0.40152106
0.40150955
0.4015046
0.40150553
0.4015115
0.40152153
0.40153444
0.40154886
0.4015635
0.4015773
0.40158954
0.4016002
0.40160987
0.40161914
0.4016288
0.40163943
0.40165117
0.40166363
0.4016762
0.40168765
0.4016968
0.40170255
0.40170422
0.40170163
0.4016949
0.40168458
0.40167147
0.40165624
0.40163958
0.40162218
0.40160477
0.40158767
0.40157154
0.4015566
0.40154323
0.40153164
0.4015221
0.40151492
0.40151015
0.40150777
0.40150753
0.40150914
0.40151227
0.40151647
0.40152138
0.40152663
0.4015314
0.4015353
0.4015377
0.40153855
0.40153816
0.40153712
0.40153623
0.40153593
0.40153664
0.4015387
0.4015425
0.40154856
0.40155718
0.4015685
0.40158227
0.4015982
0.40161583
0.40163505
0.40165552
0.4016766
0.4016974
0.40171638
0.40173227
0.40174353
0.40174907
0.40174842
0.40174147
0.4017288
0.40171155
0.40169102
0.40166903
0.40164715
0.40162668
0.40160847
0.40159306
0.40158084
0.401572
0.40156677
0.40156534
0.4015678
0.40157402
0.40158376
0.40159652
0.40161166
0.40162858
0.40164673
0.40166572
0.40168512
0.4017042
0.40172222
0.40173835
0.40175182
0.40176207
0.40176904
0.4017728
0.4017738
0.4017722
0.40176833
0.40176207
0.40175343
0.4017425
0.40172973
0.4017157
0.4017012
0.4016871
0.40167406
0.40166256
0.4016528
0.4016446
0.40163755
0.4016312
0.40162495
0.4016181
0.40161017
0.40160102
0.401591
0.40158084
0.40157133
0.40156308
0.40155655
0.4015518
0.40154862
0.4015466
0.40154496
0.40154296
0.4015401
0.40153593
0.40153039
0.4015239
0.40151712
0.40151122
0.40150732
0.40150633
0.40150878
0.40151492
0.40152466
0.4015377
0.40155354
0.4015717
0.4015916
0.40161264
0.40163377
0.40165383
0.40167186
0.4016871
0.40169924
0.40170836
0.4017149
0.40171924
0.40172178
0.40172243
0.40172103
0.4017173
0.4017111
0.40170255
0.40169218
0.40168056
0.40166867
0.40165722
0.40164694
0.4016382
0.40163156
0.4016272
0.40162498
0.40162462
0.40162548
0.40162718
0.40162924
0.40163147
0.40163386
0.4016365
0.40163976
0.40164357
0.40164816
0.40165356
0.40165976
0.40166646
0.40167335
0.4016797
0.40168482
0.40168798
0.4016888
0.40168715
0.40168318
0.40167764
0.40167102
0.40166408
0.40165725
0.40165085
0.40164524
0.40164047
0.40163663
0.40163362
0.40163136
0.4016299
0.4016295
0.4016307
0.4016337
0.40163898
0.40164685
0.40165764
0.4016711
0.40168715
0.40170538
0.40172544
0.40174675
0.4017687
0.40179047
0.4018112
0.40183014
0.4018465
0.40185967
0.4018691
0.40187445
0.40187532
0.40187132
0.4018621
0.40184784
0.40182877
0.40180573
0.4017797
0.401752
0.4017239
0.4016966
0.40167093
0.40164733
0.40162575
0.401606
0.40158746
0.40156966
0.4015523
0.4015355
0.40151986
0.4015063
0.40149572
0.40148917
0.40148723
0.40149012
0.40149772
0.40150952
0.40152457
0.40154132
0.40155813
0.40157315
0.40158474
0.4015917
0.40159357
0.40159047
0.4015833
0.40157348
0.4015624
0.4015514
0.40154138
0.4015331
0.40152696
0.40152302
0.4015212
0.40152118
0.40152255
0.40152484
0.4015279
0.4015315
0.40153518
0.40153867
0.40154138
0.40154296
0.4015433
0.40154272
0.40154198
0.40154177
0.40154266
0.40154517
0.4015496
0.4015558
0.40156344
0.40157175
0.40157992
0.401587
0.4015928
0.4015975
0.40160164
0.40160623
0.40161225
0.40162024
0.40163058
0.40164307
0.40165707
0.4016716
0.40168524
0.40169686
0.40170544
0.4017107
0.4017125
0.40171152
0.4017085
0.40170434
0.40169987
0.40169543
0.40169123
0.4016877
0.40168527
0.40168428
0.40168512
0.40168768
0.40169144
0.40169567
0.40169957
0.4017025
0.401704
0.40170407
0.40170255
0.40169936
0.4016941
0.4016861
0.40167475
0.40165946
0.40164027
0.40161765
0.4015925
0.4015665
0.4015412
0.4015185
0.4014996
0.40148538
0.4014763
0.40147233
0.40147316
0.40147823
0.40148684
0.40149844
0.40151235
0.40152827
0.40154612
0.40156633
0.40158904
0.40161437
0.4016419
0.40167072
0.4016995
0.40172663
0.40175056
0.40176985
0.40178338
0.4017902
0.40178978
0.40178198
0.4017671
0.40174577
0.4017193
0.40168914
0.40165678
0.4016238
0.40159136
0.40156037
0.4015311
0.40150374
0.40147802
0.40145406
0.40143213
0.40141246
0.4013957
0.40138245
0.40137294
0.40136775
0.4013668
0.40137008
0.40137744
0.40138862
0.40140295
0.40142012
0.40143958
0.4014607
0.40148297
0.40150553
0.40152755
0.40154797
0.401566
0.40158138
0.4015939
0.40160415
0.40161267
0.40161985
0.40162587
0.40163055
0.40163332
0.40163377
0.40163147
0.40162638
0.40161884
0.40160945
0.40159908
0.40158844
0.40157813
0.4015687
0.40156022
0.40155283
0.4015465
0.4015412
0.40153688
0.4015333
0.40153024
0.40152764
0.40152535
0.4015236
0.4015223
0.40152165
0.40152183
0.40152302
0.4015256
0.4015296
0.40153494
0.40154123
0.40154788
0.4015542
0.40155944
0.401563
0.40156463
0.40156436
0.40156278
0.40156043
0.40155792
0.4015558
0.40155452
0.40155405
0.40155452
0.40155575
0.40155733
0.40155888
0.40155977
0.40155986
0.40155882
0.40155697
0.4015546
0.40155223
0.40155038
0.4015492
0.4015486
0.40154848
0.40154824
0.40154743
0.40154582
0.40154353
0.40154085
0.4015381
0.4015356
0.40153363
0.4015326
0.40153277
0.40153491
0.4015396
0.4015477
0.40156
0.40157735
0.40160054
0.40163118
0.40167135
0.4017245
0.4017956
0.40189198
0.40202442
0.40220878
0.40246862
0.40283388
0.4033474
0.40406802
0.4050751
0.4064759
0.4084131
0.4111083
0.41478527
0.4197536
0.4264865
0.4356261
0.44778264
