0.44268468
0.4322136
0.42436165
0.41845116
0.4140376
0.41077593
0.40837964
0.40660924
0.40530437
0.40434715
0.40364227
0.4031228
0.40273947
0.40245625
0.40224698
0.4020931
0.40198147
0.40190262
0.40184972
0.40181738
0.40180123
0.40179726
0.40180206
0.4018122
0.40182474
0.40183747
0.40184852
0.4018567
0.401861
0.40186095
0.40185615
0.40184668
0.40183294
0.4018154
0.40179515
0.40177315
0.40175062
0.4017284
0.40170708
0.40168688
0.40166768
0.40164885
0.40163016
0.40161148
0.40159324
0.4015758
0.40155992
0.40154585
0.4015338
0.40152374
0.4015153
0.40150836
0.4015026
0.40149796
0.40149456
0.40149283
0.40149313
0.4014957
0.4015005
0.4015074
0.4015158
0.40152532
0.40153515
0.4015448
0.40155354
0.40156072
0.40156615
0.4015699
0.40157256
0.40157488
0.40157747
0.40158072
0.40158474
0.40158936
0.40159416
0.40159842
0.40160173
0.40160382
0.4016045
0.40160426
0.4016037
0.40160337
0.40160364
0.40160468
0.4016064
0.4016085
0.40161023
0.40161082
0.40160936
0.40160516
0.40159816
0.40158838
0.40157643
0.40156305
0.40154892
0.40153491
0.4015215
0.40150928
0.40149862
0.4014898
0.40148288
0.40147787
0.4014748
0.40147346
0.40147376
0.4014751
0.4014771
0.40147915
0.40148094
0.40148237
0.40148354
0.40148467
0.40148598
0.40148768
0.40148962
0.4014917
0.40149367
0.40149516
0.40149605
0.4014962
0.40149602
0.4014957
0.40149572
0.40149632
0.4014975
0.40149912
0.4015009
0.40150264
0.4015043
0.40150577
0.40150732
0.40150928
0.40151212
0.4015162
0.40152183
0.401529
0.4015374
0.40154648
0.40155575
0.4015648
0.4015736
0.4015824
0.40159118
0.4016001
0.40160903
0.40161765
0.40162534
0.40163147
0.40163547
0.40163705
0.4016365
0.40163428
0.40163133
0.40162864
0.401627
0.40162694
0.40162858
0.40163162
0.40163574
0.40164018
0.40164486
0.4016493
0.40165317
0.40165624
0.4016585
0.4016601
0.4016617
0.401664
0.4016676
0.40167263
0.40167883
0.40168542
0.40169114
0.40169486
0.40169552
0.40169284
0.40168673
0.40167767
0.4016664
0.40165386
0.40164077
0.40162832
0.40161732
0.40160844
0.40160257
0.40160078
0.4016039
0.40161267
0.40162763
0.40164924
0.4016781
0.40171525
0.40176323
0.40182665
0.40191287
0.40203345
0.40220454
0.40245146
0.40280446
0.40330663
0.40401706
0.40501535
0.40640888
0.40834057
0.41103238
0.41470888
0.41967988
0.42641908
0.43556952
0.4477403
