0.44256628
0.43205905
0.42417648
0.41824096
0.41380918
0.41053644
0.40813762
0.40637216
0.4050785
0.40413702
0.4034503
0.40294966
0.40258363
0.40231484
0.40211564
0.40196642
0.4018532
0.40176642
0.40169957
0.40164813
0.40160877
0.40157893
0.4015564
0.4015394
0.40152603
0.40151483
0.40150476
0.40149525
0.40148625
0.40147817
0.4014718
0.40146777
0.40146667
0.40146905
0.40147507
0.40148464
0.4014976
0.40151343
0.40153143
0.40155065
0.4015699
0.40158796
0.4016033
0.40161476
0.40162113
0.401622
0.40161735
0.40160784
0.40159458
0.4015788
0.4015618
0.40154463
0.40152815
0.40151262
0.40149835
0.4014851
0.40147272
0.4014611
0.40145028
0.40144038
0.40143174
0.40142485
0.4014203
0.40141848
0.40142003
0.40142503
0.40143353
0.40144512
0.40145904
0.40147454
0.40149033
0.4015052
0.40151808
0.4015279
0.40153417
0.40153694
0.40153688
0.40153491
0.40153223
0.40153003
0.40152907
0.40153012
0.4015333
0.401539
0.40154696
0.40155682
0.40156806
0.40157992
0.40159133
0.40160158
0.4016102
0.40161693
0.40162194
0.4016253
0.40162736
0.4016279
0.40162683
0.40162382
0.40161866
0.40161133
0.40160203
0.40159112
0.40157878
0.4015652
0.4015508
0.40153587
0.40152118
0.40150732
0.4014953
0.40148598
0.40147978
0.4014771
0.4014777
0.40148145
0.4014876
0.40149572
0.40150502
0.401515
0.40152535
0.40153587
0.40154675
0.4015578
0.4015691
0.4015802
0.401591
0.4016011
0.4016102
0.4016179
0.4016238
0.40162736
0.4016283
0.4016262
0.40162107
0.40161344
0.40160376
0.40159243
0.40157986
0.40156615
0.4015513
0.40153566
0.40151966
0.4015038
0.40148884
0.40147555
0.4014648
0.401457
0.40145275
0.40145224
0.4014554
0.40146214
0.40147206
0.40148488
0.40150034
0.40151834
0.4015391
0.40156284
0.4015896
0.401619
0.40165025
0.40168217
0.40171316
0.40174174
0.40176675
0.4017873
0.401803
0.401814
0.40182072
0.40182376
0.4018238
0.4018215
0.40181726
0.4018111
0.40180323
0.40179363
0.40178272
0.401771
0.40175903
0.4017476
0.40173736
0.4017286
0.40172178
0.4017171
0.40171465
0.4017141
0.40171495
0.4017164
0.40171778
0.40171847
0.4017182
0.40171698
0.40171504
0.40171275
0.40171057
0.4017088
0.40170753
0.40170634
0.401705
0.401703
0.4017
0.4016959
0.40169072
0.40168482
0.4016789
0.40167415
0.40167186
0.40167305
0.40167862
0.4016889
0.40170377
0.40172264
0.40174454
0.401768
0.40179142
0.40181333
0.40183234
0.40184787
0.4018592
0.40186608
0.40186834
0.40186614
0.40185937
0.4018485
0.4018339
0.40181637
0.4017973
0.40177795
0.40176004
0.4017449
0.40173337
0.40172565
0.4017212
0.40171885
0.4017172
0.40171495
0.40171143
0.40170616
0.4016992
0.4016909
0.40168184
0.40167236
0.4016627
0.4016529
0.4016429
0.40163285
0.401623
0.40161416
0.40160698
0.40160218
0.40159997
0.4016002
0.40160212
0.40160474
0.40160698
0.40160766
0.40160593
0.4016015
0.40159443
0.4015856
0.40157625
0.40156797
0.40156224
0.40156043
0.40156326
0.40157124
0.4015841
0.40160105
0.40162072
0.40164164
0.40166202
0.4016803
0.4016954
0.40170676
0.40171444
0.401719
0.40172118
0.4017218
0.40172157
0.4017206
0.4017187
0.4017153
0.40170977
0.40170172
0.40169102
0.40167776
0.4016621
0.40164447
0.40162525
0.40160474
0.40158358
0.40156257
0.4015425
0.40152425
0.40150854
0.40149558
0.40148592
0.40147957
0.40147707
0.40147886
0.401485
0.4014957
0.40151075
0.40152985
0.4015524
0.401578
0.4016062
0.4016367
0.4016689
0.40170187
0.40173423
0.40176424
0.40179047
0.4018117
0.40182725
0.4018368
0.40184042
0.40183827
0.40183073
0.40181792
0.40180027
0.4017783
0.40175283
0.40172493
0.4016961
0.40166765
0.40164122
0.40161765
0.40159777
0.40158165
0.40156907
0.40155926
0.4015512
0.40154368
0.40153557
0.40152603
0.4015147
0.40150172
0.40148732
0.40147224
0.401457
0.40144235
0.4014289
0.40141714
0.40140742
0.40140027
0.40139633
0.40139595
0.40139943
0.40140718
0.4014192
0.4014354
0.40145555
0.40147895
0.40150467
0.40153158
0.40155834
0.40158343
0.40160552
0.40162346
0.40163678
0.40164545
0.40164986
0.4016506
0.40164813
0.4016426
0.40163413
0.40162274
0.4016091
0.40159383
0.4015781
0.401563
0.40154967
0.40153903
0.40153173
0.40152848
0.40152955
0.4015352
0.4015454
0.40155995
0.40157825
0.40159944
0.4016226
0.4016462
0.40166885
0.40168872
0.40170455
0.4017152
0.40172014
0.40171915
0.40171263
0.40170133
0.40168652
0.40166968
0.40165254
0.40163663
0.40162316
0.40161285
0.40160638
0.40160388
0.40160543
0.40161097
0.40161997
0.4016319
0.40164602
0.4016614
0.40167686
0.40169123
0.40170288
0.40171066
0.40171367
0.4017115
0.40170434
0.40169308
0.40167895
0.4016634
0.40164813
0.40163442
0.40162334
0.40161532
0.40161026
0.40160772
0.40160686
0.4016069
0.40160683
0.401606
0.40160382
0.4016002
0.40159568
0.40159133
0.40158826
0.40158725
0.40158898
0.4015934
0.40160015
0.4016082
0.40161642
0.4016238
0.40162942
0.40163302
0.4016348
0.40163556
0.4016361
0.40163735
0.40164012
0.4016448
0.40165153
0.4016606
0.40167192
0.4016855
0.40170097
0.4017177
0.40173462
0.40175074
0.4017652
0.40177748
0.40178758
0.40179592
0.40180317
0.4018104
0.4018185
0.40182802
0.40183884
0.40185055
0.40186206
0.40187222
0.40187985
0.4018839
0.40188342
0.40187782
0.4018667
0.40185004
0.40182814
0.4018016
0.40177116
0.40173835
0.40170443
0.401671
0.40163943
0.40161073
0.4015855
0.4015642
0.40154704
0.40153387
0.40152448
0.4015185
0.40151554
0.40151516
0.40151677
0.40151998
0.40152413
0.40152887
0.40153387
0.40153936
0.40154538
0.40155205
0.40155944
0.40156743
0.40157565
0.40158355
0.40159032
0.4015951
0.40159723
0.4015963
0.40159246
0.40158632
0.40157863
0.4015703
0.401562
0.40155423
0.40154728
0.40154147
0.4015367
0.40153328
0.4015312
0.4015307
0.4015319
0.40153474
0.4015391
0.40154487
0.40155184
0.40155977
0.40156838
0.40157747
0.40158686
0.40159678
0.40160763
0.40161973
0.40163335
0.40164846
0.40166467
0.4016811
0.40169668
0.4017105
0.40172195
0.40173075
0.4017372
0.4017419
0.40174547
0.40174872
0.4017523
0.40175664
0.40176177
0.40176708
0.40177178
0.4017746
0.40177447
0.40177014
0.40176067
0.4017456
0.40172493
0.4016991
0.40166917
0.4016364
0.40160233
0.40156886
0.40153745
0.40150964
0.40148664
0.40146923
0.4014579
0.40145266
0.4014532
0.40145898
0.40146905
0.4014823
0.40149757
0.4015135
0.40152854
0.40154156
0.40155166
0.40155864
0.40156284
0.40156487
0.40156546
0.40156558
0.40156603
0.40156797
0.40157205
0.40157908
0.40158904
0.40160185
0.401617
0.40163362
0.401651
0.40166828
0.40168425
0.40169814
0.4017088
0.40171537
0.40171725
0.40171397
0.40170538
0.40169176
0.40167394
0.40165308
0.4016308
0.40160877
0.40158838
0.401571
0.4015577
0.40154883
0.40154466
0.4015448
0.40154877
0.40155584
0.40156487
0.4015752
0.40158585
0.40159583
0.4016044
0.40161106
0.4016157
0.40161842
0.4016195
0.4016193
0.4016179
0.4016155
0.40161175
0.40160635
0.40159884
0.40158886
0.40157613
0.40156105
0.40154436
0.40152705
0.4015104
0.40149555
0.40148365
0.40147528
0.4014712
0.40147144
0.40147611
0.40148497
0.40149745
0.4015127
0.40152958
0.40154678
0.40156302
0.40157685
0.4015875
0.4015945
0.40159807
0.40159875
0.40159765
0.401596
0.40159506
0.40159598
0.4015996
0.40160674
0.4016177
0.4016325
0.40165076
0.40167192
0.40169498
0.40171883
0.40174198
0.40176287
0.40178
0.40179232
0.40179908
0.40179995
0.40179488
0.40178427
0.40176892
0.40174985
0.40172827
0.40170586
0.40168414
0.40166435
0.40164742
0.4016336
0.4016226
0.40161395
0.40160713
0.40160194
0.40159848
0.40159684
0.40159732
0.4016
0.40160486
0.40161192
0.4016208
0.4016308
0.401641
0.40165004
0.40165675
0.40166
0.40165922
0.40165415
0.40164506
0.40163252
0.4016173
0.40160075
0.40158394
0.401568
0.40155396
0.4015426
0.40153444
0.40152955
0.4015279
0.40152946
0.4015337
0.40154064
0.40154982
0.40156093
0.4015738
0.40158805
0.4016037
0.40162086
0.4016394
0.401659
0.40167892
0.40169814
0.4017156
0.40173057
0.40174225
0.4017504
0.40175498
0.40175632
0.40175495
0.40175185
0.40174747
0.4017422
0.40173605
0.4017287
0.40171945
0.4017081
0.40169466
0.40167928
0.40166235
0.40164465
0.40162656
0.4016086
0.401591
0.40157384
0.40155727
0.40154117
0.40152565
0.40151116
0.4014983
0.40148768
0.40148008
0.40147611
0.4014763
0.40148082
0.40148973
0.4015028
0.40151918
0.40153813
0.40155837
0.4015784
0.40159637
0.40161052
0.40161943
0.4016221
0.40161818
0.40160805
0.4015926
0.40157333
0.40155172
0.40152943
0.40150785
0.40148833
0.4014717
0.40145865
0.40144968
0.40144497
0.4014446
0.40144843
0.401456
0.4014668
0.4014803
0.4014961
0.401514
0.40153363
0.40155473
0.40157664
0.40159866
0.40162003
0.4016401
0.40165868
0.40167594
0.40169224
0.40170795
0.4017233
0.401738
0.4017515
0.40176296
0.40177202
0.40177777
0.40177998
0.40177825
0.40177268
0.4017634
0.40175083
0.40173525
0.40171716
0.40169692
0.40167525
0.40165254
0.40162942
0.4016062
0.4015834
0.40156186
0.4015425
0.40152627
0.401514
0.4015061
0.40150297
0.40150464
0.40151113
0.40152207
0.40153697
0.40155524
0.40157628
0.4015994
0.40162364
0.40164763
0.40166995
0.40168926
0.40170464
0.4017155
0.4017217
0.40172338
0.40172142
0.40171665
0.40171
0.4017024
0.4016944
0.40168634
0.4016785
0.401671
0.40166363
0.40165654
0.4016495
0.40164247
0.40163523
0.40162727
0.4016179
0.40160644
0.4015925
0.40157625
0.40155807
0.4015389
0.40151936
0.4015004
0.40148237
0.40146562
0.40145054
0.40143737
0.40142617
0.40141726
0.40141067
0.40140644
0.4014044
0.40140456
0.40140662
0.40141055
0.40141606
0.401423
0.4014312
0.40144047
0.40145057
0.40146175
0.4014741
0.40148777
0.40150285
0.40151912
0.40153643
0.4015543
0.40157232
0.40159044
0.4016086
0.4016267
0.40164435
0.40166074
0.40167522
0.40168688
0.4016953
0.40170032
0.40170214
0.40170124
0.40169832
0.4016938
0.4016884
0.40168253
0.40167665
0.4016711
0.40166664
0.40166372
0.4016629
0.40166426
0.40166762
0.4016722
0.40167698
0.40168047
0.4016815
0.40167895
0.40167218
0.4016611
0.40164608
0.4016282
0.40160865
0.40158877
0.40156963
0.4015519
0.4015361
0.4015225
0.40151092
0.40150112
0.40149257
0.40148506
0.4014781
0.4014718
0.40146598
0.4014606
0.40145588
0.40145212
0.4014492
0.40144697
0.4014452
0.4014435
0.4014417
0.40143976
0.4014379
0.40143615
0.40143475
0.4014338
0.4014333
0.4014334
0.40143415
0.40143558
0.40143752
0.40143976
0.401442
0.40144396
0.40144554
0.40144676
0.40144798
0.40144968
0.4014524
0.40145677
0.40146336
0.40147275
0.4014853
0.401501
0.40151972
0.4015408
0.40156344
0.40158653
0.40160888
0.4016289
0.40164503
0.40165612
0.40166152
0.4016611
0.40165523
0.4016449
0.40163115
0.40161544
0.40159926
0.40158385
0.40157044
0.40155968
0.40155235
0.40154874
0.40154928
0.40155375
0.40156162
0.4015719
0.40158316
0.40159392
0.40160263
0.40160832
0.40161043
0.40160927
0.4016056
0.40160075
0.40159595
0.40159246
0.40159115
0.40159255
0.4015969
0.40160382
0.4016129
0.40162376
0.40163586
0.4016486
0.4016611
0.40167218
0.40168047
0.40168473
0.40168414
0.40167838
0.40166786
0.40165356
0.40163702
0.40161976
0.40160334
0.40158904
0.40157762
0.40156946
0.4015646
0.40156257
0.40156263
0.40156394
0.40156564
0.4015672
0.40156832
0.40156886
0.40156856
0.40156755
0.40156615
0.40156463
0.40156373
0.40156394
0.40156588
0.40156993
0.40157655
0.4015859
0.40159836
0.40161398
0.40163285
0.40165478
0.4016797
0.4017069
0.40173566
0.4017647
0.40179282
0.4018187
0.40184122
0.40185952
0.401873
0.4018813
0.4018843
0.4018819
0.40187413
0.401861
0.4018429
0.40182012
0.40179354
0.40176404
0.40173277
0.40170112
0.40167072
0.40164313
0.40161973
0.40160134
0.40158835
0.40158066
0.40157777
0.40157908
0.40158376
0.40159136
0.40160173
0.40161473
0.40162978
0.40164644
0.40166408
0.4016818
0.40169892
0.40171453
0.40172818
0.4017397
0.40174934
0.40175748
0.40176454
0.40177068
0.40177587
0.4017797
0.40178186
0.40178224
0.40178075
0.4017775
0.40177295
0.401767
0.4017597
0.40175065
0.4017396
0.40172622
0.40171075
0.40169334
0.40167475
0.40165547
0.40163615
0.4016174
0.40159968
0.40158314
0.40156782
0.40155375
0.4015409
0.40152916
0.40151873
0.40150955
0.40150174
0.4014952
0.40148965
0.40148476
0.4014805
0.4014764
0.40147263
0.40146923
0.40146652
0.40146485
0.4014647
0.4014665
0.4014701
0.40147537
0.40148178
0.4014888
0.4014956
0.40150177
0.40150663
0.40151024
0.40151244
0.40151355
0.40151393
0.40151414
0.40151468
0.40151605
0.4015185
0.40152225
0.40152735
0.40153348
0.40154043
0.4015476
0.40155455
0.4015606
0.40156543
0.40156892
0.4015716
0.40157405
0.401577
0.401581
0.40158612
0.4015922
0.40159875
0.40160516
0.40161088
0.40161496
0.4016169
0.4016163
0.4016132
0.401608
0.40160125
0.40159348
0.40158555
0.40157813
0.4015717
0.40156654
0.4015628
0.40156034
0.401559
0.40155867
0.4015596
0.40156198
0.40156615
0.40157217
0.4015799
0.4015892
0.40159968
0.40161082
0.40162206
0.40163276
0.4016423
0.40165043
0.40165687
0.4016618
0.40166533
0.40166733
0.4016674
0.40166512
0.40165982
0.4016514
0.4016401
0.40162653
0.40161186
0.40159738
0.40158454
0.40157413
0.40156713
0.40156403
0.40156496
0.40157
0.40157855
0.4015898
0.40160272
0.40161592
0.401628
0.40163785
0.40164477
0.40164846
0.40164906
0.40164733
0.4016442
0.4016407
0.40163788
0.40163657
0.40163758
0.40164128
0.40164793
0.40165785
0.40167132
0.4016883
0.40170863
0.40173182
0.40175694
0.40178317
0.4018092
0.40183416
0.40185717
0.4018779
0.40189606
0.40191168
0.40192482
0.40193552
0.40194374
0.40194947
0.40195253
0.40195298
0.40195048
0.40194517
0.40193695
0.40192592
0.40191218
0.40189597
0.40187776
0.4018582
0.4018385
0.40181947
0.40180266
0.40178913
0.40177986
0.4017756
0.4017765
0.40178227
0.4017921
0.4018048
0.4018186
0.40183195
0.4018432
0.401851
0.40185416
0.40185216
0.40184456
0.4018316
0.40181395
0.40179268
0.40176898
0.40174425
0.40171972
0.4016966
0.40167543
0.40165666
0.40164003
0.40162498
0.40161073
0.4015966
0.40158212
0.40156728
0.40155223
0.40153757
0.40152404
0.4015123
0.40150288
0.40149626
0.4014927
0.40149242
0.40149528
0.40150136
0.4015106
0.4015228
0.40153778
0.40155506
0.40157402
0.40159383
0.4016136
0.40163237
0.4016494
0.40166384
0.40167475
0.4016814
0.4016833
0.40168002
0.40167186
0.4016592
0.40164286
0.40162396
0.4016038
0.4015836
0.4015647
0.401548
0.4015342
0.40152374
0.40151665
0.40151304
0.40151274
0.40151545
0.40152088
0.40152854
0.40153822
0.40154973
0.40156275
0.40157717
0.4015928
0.40160945
0.4016267
0.4016443
0.40166196
0.40167964
0.40169728
0.40171507
0.40173298
0.40175083
0.4017682
0.4017845
0.40179867
0.40180996
0.40181747
0.40182057
0.4018187
0.4018118
0.40179986
0.40178323
0.40176272
0.4017394
0.40171465
0.40169
0.4016669
0.40164644
0.40162915
0.40161523
0.40160456
0.40159678
0.40159142
0.40158784
0.40158564
0.40158483
0.40158555
0.40158805
0.40159246
0.4015986
0.40160564
0.40161273
0.4016185
0.40162176
0.40162167
0.40161797
0.40161097
0.40160125
0.40158996
0.40157858
0.4015683
0.40156016
0.40155506
0.40155336
0.40155515
0.40156022
0.40156856
0.40158018
0.40159494
0.4016128
0.40163332
0.40165597
0.40167972
0.40170345
0.4017254
0.4017443
0.40175888
0.40176812
0.40177152
0.40176904
0.4017612
0.4017488
0.40173304
0.401715
0.40169582
0.40167618
0.4016567
0.40163782
0.40161985
0.40160304
0.4015875
0.40157354
0.40156156
0.4015518
0.40154472
0.4015408
0.4015403
0.4015437
0.4015512
0.4015628
0.40157828
0.40159705
0.40161824
0.40164077
0.40166333
0.40168488
0.40170464
0.4017221
0.4017372
0.40175003
0.40176007
0.40176725
0.40177074
0.40177
0.4017644
0.40175384
0.40173855
0.4017192
0.401697
0.40167338
0.40165016
0.4016291
0.40161172
0.40159905
0.4015916
0.40158918
0.40159136
0.40159732
0.40160587
0.40161583
0.40162563
0.40163383
0.4016388
0.40163967
0.40163597
0.40162814
0.4016169
0.4016036
0.40158945
0.40157568
0.40156323
0.40155283
0.4015447
0.40153867
0.40153432
0.40153053
0.40152645
0.40152103
0.40151367
0.40150452
0.40149394
0.401483
0.40147272
0.40146413
0.40145797
0.40145463
0.40145418
0.40145683
0.40146238
0.4014707
0.4014814
0.40149385
0.4015072
0.4015204
0.40153238
0.40154234
0.4015498
0.4015547
0.4015577
0.40155962
0.4015614
0.40156418
0.4015689
0.40157655
0.40158778
0.40160337
0.40162423
0.40165162
0.4016877
0.40173626
0.40180296
0.4018961
0.40202716
0.40221274
0.40247646
0.40284777
0.40336892
0.40409794
0.40511352
0.40652192
0.40846518
0.41116434
0.41484243
0.41980875
0.42653653
0.4356678
0.44781366
