0.44263825
0.43215021
0.42428067
0.4183516
0.41391903
0.41063774
0.40822306
0.40643576
0.4051161
0.40414754
0.40343523
0.40291297
0.40253147
0.40225428
0.4020544
0.40191188
0.40181223
0.40174478
0.4017019
0.40167767
0.40166745
0.4016675
0.40167433
0.40168506
0.40169668
0.4017069
0.40171382
0.40171602
0.40171266
0.4017036
0.40168917
0.40166995
0.40164736
0.401623
0.40159896
0.40157706
0.40155905
0.40154615
0.40153927
0.40153882
0.40154508
0.4015578
0.40157625
0.40159944
0.40162608
0.40165442
0.40168262
0.4017087
0.4017311
0.40174848
0.40175974
0.4017646
0.40176293
0.4017555
0.40174308
0.40172726
0.4017092
0.40169027
0.40167156
0.40165365
0.40163702
0.40162188
0.40160847
0.40159678
0.40158698
0.40157908
0.40157327
0.40157008
0.40156972
0.40157232
0.4015776
0.40158522
0.40159464
0.40160543
0.40161738
0.4016303
0.4016438
0.40165707
0.40166903
0.40167826
0.4016834
0.40168318
0.40167704
0.40166482
0.40164736
0.40162557
0.40160102
0.4015754
0.40155044
0.40152788
0.40150887
0.40149435
0.40148464
0.40147972
0.40147918
0.4014824
0.4014885
0.40149668
0.40150586
0.40151522
0.40152422
0.40153208
0.4015385
0.40154335
0.40154678
0.4015492
0.4015513
0.40155372
0.40155697
0.4015612
0.40156665
0.40157324
0.4015807
0.40158844
0.40159565
0.40160152
0.40160534
0.4016068
0.40160578
0.40160227
0.40159702
0.40159082
0.40158468
0.40157968
0.4015764
0.4015752
0.40157583
0.40157783
0.4015803
0.40158236
0.4015834
0.401583
0.40158108
0.40157768
0.40157324
0.40156844
0.40156436
0.40156174
0.40156114
0.40156275
0.4015664
0.40157154
0.40157768
0.40158397
0.40158984
0.40159476
0.4015984
0.4016005
0.40160108
0.4016003
0.4015988
0.40159735
0.40159664
0.4015975
0.40160048
0.40160558
0.4016125
0.40162045
0.40162846
0.40163523
0.40164003
0.40164247
0.4016432
0.4016429
0.40164283
0.4016438
0.40164644
0.40165102
0.4016574
0.40166533
0.4016743
0.4016839
0.40169322
0.40170208
0.40171015
0.4017175
0.40172416
0.4017302
0.40173542
0.40173966
0.40174285
0.401745
0.4017464
0.40174744
0.40174866
0.40175003
0.40175164
0.40175283
0.40175325
0.40175244
0.4017502
0.40174642
0.40174097
0.4017336
0.40172416
0.40171278
0.40169963
0.40168533
0.40167055
0.40165642
0.40164366
0.40163282
0.40162423
0.40161765
0.4016127
0.40160853
0.40160456
0.4015999
0.40159374
0.40158534
0.4015744
0.40156117
0.40154606
0.40153012
0.40151414
0.4014993
0.4014864
0.401476
0.40146837
0.4014634
0.4014609
0.40146065
0.40146244
0.40146604
0.40147087
0.40147635
0.40148178
0.40148628
0.40148896
0.4014894
0.40148732
0.4014829
0.40147644
0.40146878
0.4014608
0.40145344
0.40144742
0.40144336
0.4014415
0.40144217
0.40144548
0.40145123
0.40145916
0.40146875
0.40147936
0.40149048
0.4015017
0.4015127
0.40152362
0.40153432
0.4015448
0.40155557
0.40156698
0.4015797
0.40159407
0.4016103
0.40162814
0.40164694
0.40166542
0.40168217
0.4016955
0.40170386
0.4017062
0.4017021
0.40169185
0.4016764
0.4016571
0.40163583
0.40161434
0.40159443
0.40157732
0.401564
0.40155488
0.40154982
0.40154824
0.401549
0.401551
0.40155298
0.40155384
0.40155286
0.40154994
0.4015453
0.4015396
0.40153363
0.40152818
0.40152422
0.4015225
0.4015237
0.40152842
0.40153724
0.40155053
0.40156844
0.40159047
0.40161586
0.40164325
0.4016711
0.4016977
0.40172103
0.40173978
0.40175274
0.4017594
0.40175977
0.40175444
0.40174437
0.40173095
0.40171558
0.40169966
0.4016843
0.40167028
0.40165794
0.401647
0.4016372
0.40162814
0.40161967
0.40161192
0.40160555
0.4016012
0.40159944
0.40160075
0.40160495
0.40161166
0.4016204
0.4016302
0.4016399
0.40164813
0.40165314
0.4016539
0.40164974
0.40164095
0.4016283
0.40161315
0.40159714
0.40158173
0.4015682
0.40155745
0.40155038
0.40154704
0.40154755
0.40155163
0.40155894
0.40156892
0.40158087
0.4015938
0.40160662
0.4016184
0.4016284
0.4016364
0.40164232
0.40164635
0.40164855
0.40164918
0.40164855
0.40164727
0.40164617
0.4016464
0.40164864
0.40165332
0.40166017
0.40166843
0.40167713
0.4016849
0.4016908
0.4016941
0.4016949
0.40169367
0.4016915
0.40168914
0.4016872
0.40168607
0.40168554
0.4016852
0.4016844
0.40168273
0.40167987
0.40167582
0.40167084
0.40166512
0.40165854
0.40165076
0.40164113
0.4016288
0.4016133
0.40159443
0.40157267
0.40154904
0.40152478
0.40150127
0.40147975
0.40146127
0.40144652
0.40143585
0.4014296
0.40142795
0.40143096
0.40143862
0.4014508
0.40146735
0.40148774
0.40151143
0.40153763
0.40156564
0.40159452
0.40162343
0.40165117
0.40167654
0.40169817
0.401715
0.4017263
0.40173134
0.40173015
0.40172288
0.40171006
0.40169275
0.40167207
0.40164933
0.40162587
0.40160283
0.40158117
0.4015617
0.40154514
0.40153217
0.40152293
0.40151757
0.40151596
0.40151763
0.40152228
0.40152928
0.40153804
0.4015477
0.40155733
0.401566
0.40157285
0.40157744
0.40157956
0.4015793
0.401577
0.40157324
0.4015689
0.40156487
0.4015619
0.40156052
0.40156117
0.4015641
0.4015693
0.40157628
0.40158436
0.40159246
0.40159944
0.40160465
0.40160745
0.4016079
0.4016063
0.4016035
0.4016003
0.40159786
0.40159705
0.4015987
0.40160328
0.40161085
0.40162107
0.4016331
0.40164572
0.40165764
0.4016671
0.4016728
0.4016737
0.40166938
0.40166005
0.4016465
0.40163028
0.40161312
0.40159693
0.40158328
0.40157324
0.40156752
0.40156633
0.40156934
0.40157595
0.4015852
0.40159595
0.40160686
0.40161654
0.4016238
0.40162787
0.4016283
0.401625
0.40161854
0.40160963
0.4015994
0.4015893
0.4015804
0.40157342
0.40156862
0.40156597
0.401565
0.40156487
0.4015647
0.40156364
0.4015608
0.40155593
0.40154892
0.40154043
0.40153098
0.40152144
0.40151253
0.40150458
0.40149772
0.40149188
0.40148702
0.4014831
0.40147993
0.4014777
0.40147683
0.4014777
0.40148053
0.40148535
0.40149215
0.4015004
0.40150985
0.40152013
0.40153137
0.40154368
0.4015573
0.40157238
0.40158895
0.40160704
0.40162647
0.4016468
0.4016674
0.40168738
0.40170556
0.40172085
0.40173244
0.4017401
0.40174386
0.40174404
0.40174133
0.4017365
0.40173006
0.40172255
0.40171462
0.40170676
0.4016993
0.40169257
0.4016866
0.4016814
0.4016768
0.4016725
0.40166843
0.40166414
0.40165925
0.40165314
0.40164524
0.40163517
0.40162298
0.40160906
0.40159416
0.40157896
0.4015641
0.4015501
0.4015373
0.40152636
0.40151766
0.4015117
0.4015086
0.4015087
0.40151185
0.40151784
0.40152594
0.40153545
0.40154502
0.4015535
0.40155938
0.4015618
0.40156034
0.40155506
0.40154627
0.40153465
0.40152085
0.40150553
0.40148956
0.4014737
0.40145862
0.40144497
0.40143326
0.40142396
0.40141726
0.40141338
0.4014121
0.40141338
0.40141666
0.40142173
0.4014281
0.4014354
0.40144333
0.40145186
0.40146086
0.40147075
0.40148205
0.401495
0.40150988
0.40152648
0.4015444
0.40156284
0.40158084
0.40159735
0.40161145
0.40162265
0.40163106
0.40163746
0.40164292
0.40164846
0.40165505
0.4016629
0.4016719
0.40168142
0.40169045
0.40169773
0.40170193
0.4017025
0.40169913
0.40169212
0.40168214
0.4016703
0.40165767
0.40164512
0.40163305
0.40162155
0.4016103
0.40159884
0.40158674
0.40157384
0.4015605
0.40154722
0.40153474
0.4015238
0.40151492
0.4015084
0.40150416
0.40150177
0.40150058
0.4014997
0.40149844
0.40149665
0.40149426
0.4014915
0.40148863
0.40148592
0.40148342
0.40148127
0.4014793
0.40147755
0.40147603
0.4014748
0.40147403
0.40147403
0.40147513
0.4014777
0.40148205
0.40148816
0.40149575
0.40150443
0.40151355
0.40152243
0.40153074
0.40153837
0.4015454
0.4015519
0.40155795
0.40156344
0.40156814
0.40157172
0.4015739
0.40157425
0.40157238
0.40156856
0.4015635
0.4015583
0.4015543
0.40155265
0.40155447
0.40156016
0.40156975
0.40158305
0.40159944
0.40161812
0.40163848
0.40165985
0.40168172
0.40170348
0.40172422
0.4017427
0.40175772
0.4017683
0.40177372
0.401774
0.40176937
0.40176067
0.40174875
0.40173465
0.40171933
0.40170336
0.40168718
0.40167102
0.40165538
0.40164062
0.4016274
0.40161628
0.4016078
0.4016022
0.40159938
0.4015988
0.40159965
0.401601
0.40160188
0.40160194
0.40160117
0.40160012
0.40159944
0.40160015
0.40160286
0.4016082
0.40161607
0.40162587
0.40163663
0.40164715
0.40165615
0.4016623
0.4016645
0.40166226
0.40165547
0.40164465
0.40163058
0.40161434
0.40159717
0.4015803
0.401565
0.40155217
0.4015425
0.40153617
0.40153295
0.40153214
0.40153313
0.40153554
0.40153903
0.40154344
0.4015486
0.40155447
0.40156114
0.4015687
0.4015775
0.4015877
0.40159923
0.4016121
0.40162602
0.4016406
0.40165487
0.4016679
0.40167853
0.40168604
0.40168995
0.40169004
0.4016867
0.40168035
0.40167165
0.40166113
0.40164945
0.40163735
0.40162596
0.40161636
0.4016095
0.40160617
0.40160632
0.40160993
0.40161628
0.40162456
0.40163395
0.40164372
0.40165353
0.4016632
0.40167278
0.40168235
0.40169242
0.40170348
0.40171573
0.4017287
0.40174165
0.40175328
0.40176237
0.4017677
0.4017682
0.40176335
0.4017529
0.4017374
0.4017177
0.40169522
0.40167162
0.4016485
0.4016271
0.401608
0.40159136
0.40157712
0.40156484
0.40155435
0.40154588
0.40153965
0.40153605
0.40153524
0.40153733
0.4015421
0.40154892
0.40155685
0.40156463
0.40157092
0.40157428
0.40157387
0.4015694
0.40156108
0.4015495
0.4015356
0.40152037
0.4015051
0.4014908
0.40147844
0.40146875
0.4014619
0.40145788
0.4014566
0.40145743
0.40145993
0.40146345
0.40146753
0.40147197
0.40147647
0.40148094
0.40148512
0.40148893
0.40149218
0.4014952
0.40149802
0.40150112
0.40150487
0.40150958
0.40151533
0.4015221
0.4015296
0.40153742
0.40154487
0.4015513
0.40155596
0.40155837
0.40155855
0.4015567
0.4015533
0.40154904
0.40154436
0.40153956
0.40153491
0.40153044
0.40152627
0.4015223
0.40151873
0.40151548
0.4015126
0.40150976
0.40150666
0.40150303
0.40149862
0.40149343
0.4014876
0.40148145
0.40147528
0.40146923
0.40146348
0.4014581
0.40145326
0.40144917
0.4014459
0.40144375
0.40144274
0.40144345
0.40144598
0.40145057
0.4014574
0.40146637
0.40147722
0.4014896
0.40150315
0.40151748
0.40153235
0.40154725
0.40156183
0.40157565
0.40158874
0.40160125
0.4016132
0.40162453
0.4016349
0.4016438
0.40165082
0.40165588
0.40165907
0.40166086
0.40166152
0.4016612
0.40165976
0.401657
0.4016527
0.40164688
0.40163967
0.40163133
0.40162203
0.4016118
0.40160072
0.40158877
0.40157637
0.40156412
0.40155268
0.4015425
0.40153414
0.40152764
0.40152287
0.4015196
0.40151754
0.40151635
0.40151578
0.40151584
0.40151677
0.40151894
0.40152302
0.40152952
0.40153867
0.40155044
0.40156424
0.40157908
0.40159366
0.401607
0.4016179
0.40162557
0.4016299
0.40163115
0.40162995
0.40162718
0.40162343
0.4016192
0.40161464
0.40160972
0.4016044
0.40159866
0.4015923
0.4015854
0.40157798
0.40157026
0.40156245
0.401555
0.4015484
0.40154287
0.4015385
0.40153533
0.4015333
0.40153205
0.4015313
0.40153083
0.4015301
0.401529
0.4015277
0.40152636
0.40152508
0.401524
0.4015231
0.40152216
0.40152118
0.4015199
0.40151817
0.4015155
0.40151143
0.40150547
0.40149745
0.4014876
0.4014767
0.40146565
0.4014553
0.4014466
0.4014399
0.40143564
0.4014337
0.40143397
0.401436
0.4014394
0.40144372
0.40144858
0.40145344
0.4014579
0.40146127
0.40146354
0.4014646
0.4014647
0.40146416
0.40146378
0.40146396
0.40146512
0.4014679
0.40147245
0.40147898
0.40148747
0.40149787
0.40151033
0.40152478
0.40154117
0.40155897
0.40157777
0.40159664
0.40161458
0.4016306
0.40164393
0.40165436
0.401662
0.40166727
0.40167078
0.40167263
0.40167293
0.4016713
0.4016674
0.4016611
0.40165225
0.40164134
0.4016289
0.40161592
0.4016032
0.40159184
0.4015824
0.40157524
0.40157026
0.4015669
0.4015642
0.40156123
0.40155688
0.4015509
0.40154317
0.40153432
0.40152475
0.40151513
0.4015058
0.4014971
0.40148914
0.401482
0.40147567
0.40147004
0.4014651
0.40146065
0.40145665
0.40145308
0.40144983
0.4014471
0.40144488
0.40144327
0.40144247
0.40144244
0.40144318
0.40144482
0.40144724
0.4014505
0.40145466
0.40145984
0.4014664
0.40147457
0.40148482
0.4014975
0.40151322
0.40153208
0.40155405
0.40157863
0.40160495
0.40163156
0.40165696
0.4016796
0.40169832
0.4017123
0.401721
0.40172446
0.4017233
0.40171844
0.40171143
0.4017037
0.40169653
0.40169087
0.40168706
0.401685
0.40168405
0.40168312
0.4016808
0.40167567
0.40166682
0.40165362
0.40163642
0.40161613
0.40159383
0.4015713
0.40154985
0.4015307
0.4015146
0.4015018
0.40149236
0.40148592
0.40148202
0.4014801
0.40147966
0.40148
0.4014806
0.40148094
0.4014806
0.4014792
0.40147665
0.4014728
0.40146756
0.40146092
0.40145275
0.40144345
0.40143368
0.40142414
0.40141588
0.4014097
0.40140617
0.40140554
0.4014079
0.4014132
0.4014213
0.40143204
0.4014452
0.40146077
0.40147835
0.40149772
0.40151837
0.4015399
0.40156165
0.401583
0.4016032
0.40162167
0.40163743
0.40164998
0.40165913
0.40166527
0.40166909
0.4016716
0.40167356
0.40167576
0.4016786
0.4016824
0.40168703
0.4016919
0.40169626
0.40169904
0.40169966
0.4016977
0.40169284
0.4016849
0.40167388
0.40165976
0.40164307
0.40162444
0.4016049
0.4015853
0.4015666
0.40154946
0.40153432
0.40152144
0.40151113
0.4015033
0.40149784
0.4014944
0.4014926
0.40149194
0.40149212
0.4014929
0.40149406
0.40149555
0.40149733
0.40149936
0.40150172
0.4015043
0.40150735
0.40151122
0.40151614
0.4015223
0.40152985
0.4015387
0.4015488
0.40155998
0.401572
0.4015844
0.40159655
0.40160763
0.40161654
0.40162224
0.40162387
0.40162116
0.40161428
0.40160397
0.40159136
0.40157783
0.40156457
0.40155277
0.40154326
0.40153685
0.40153417
0.4015357
0.40154177
0.40155232
0.4015672
0.40158552
0.4016061
0.40162724
0.4016471
0.4016639
0.40167645
0.40168396
0.40168628
0.40168405
0.40167835
0.4016704
0.4016614
0.40165237
0.40164387
0.40163603
0.40162867
0.4016212
0.40161303
0.4016037
0.4015934
0.40158257
0.40157202
0.4015625
0.4015546
0.40154886
0.40154532
0.4015439
0.40154412
0.40154555
0.40154785
0.4015509
0.40155506
0.40156093
0.40156916
0.40158007
0.40159366
0.40160942
0.40162644
0.40164346
0.40165916
0.4016727
0.4016836
0.40169182
0.40169796
0.40170264
0.4017063
0.40170932
0.4017118
0.40171397
0.40171593
0.40171784
0.40171984
0.40172204
0.40172473
0.40172842
0.40173328
0.40173918
0.40174577
0.4017526
0.40175942
0.40176588
0.40177202
0.40177748
0.40178204
0.4017853
0.401787
0.40178695
0.40178514
0.40178135
0.40177554
0.40176758
0.40175763
0.40174603
0.40173337
0.40171996
0.4017059
0.40169084
0.40167427
0.40165597
0.40163577
0.40161404
0.40159136
0.4015687
0.40154675
0.40152636
0.40150815
0.4014926
0.4014799
0.40146986
0.4014624
0.40145695
0.40145317
0.4014508
0.40144986
0.40145078
0.40145403
0.40146017
0.40146974
0.40148282
0.40149954
0.40151975
0.40154302
0.4015686
0.40159553
0.40162244
0.4016479
0.40167022
0.40168798
0.4016999
0.40170547
0.40170482
0.40169847
0.40168765
0.4016737
0.40165836
0.4016429
0.4016287
0.40161654
0.40160674
0.40159914
0.40159315
0.4015877
0.40158185
0.40157512
0.40156746
0.4015594
0.40155163
0.40154508
0.40154046
0.4015383
0.4015385
0.40154096
0.40154526
0.40155104
0.4015578
0.40156513
0.40157264
0.40158004
0.40158716
0.4015942
0.40160167
0.40161052
0.40162152
0.40163532
0.401652
0.40167114
0.4016918
0.40171248
0.4017314
0.40174705
0.401758
0.40176335
0.40176257
0.40175575
0.40174353
0.401727
0.4017075
0.40168673
0.401666
0.4016465
0.401629
0.40161353
0.40159988
0.4015873
0.40157494
0.40156218
0.4015488
0.401535
0.40152133
0.40150842
0.40149716
0.40148827
0.4014825
0.40148032
0.40148237
0.40148887
0.40149966
0.4015142
0.40153182
0.4015514
0.40157175
0.4015918
0.4016103
0.40162605
0.40163773
0.40164435
0.40164548
0.40164104
0.4016314
0.40161732
0.40159947
0.40157932
0.40155822
0.4015376
0.401519
0.40150353
0.40149197
0.4014845
0.40148118
0.40148142
0.40148452
0.40148944
0.40149546
0.40150174
0.40150732
0.40151176
0.40151456
0.40151542
0.40151432
0.40151146
0.40150753
0.40150326
0.4014994
0.40149653
0.40149513
0.4014953
0.4014972
0.4015005
0.4015051
0.4015104
0.40151614
0.40152186
0.40152705
0.4015314
0.4015347
0.401537
0.40153882
0.40154064
0.40154284
0.40154588
0.40154997
0.40155515
0.40156144
0.40156877
0.401577
0.40158588
0.40159476
0.40160307
0.40161046
0.40161663
0.40162134
0.40162414
0.40162465
0.40162247
0.40161765
0.40161005
0.4015997
0.40158698
0.4015725
0.40155697
0.4015412
0.4015261
0.4015121
0.4014996
0.4014887
0.40147904
0.40147015
0.40146172
0.40145338
0.40144524
0.40143782
0.40143186
0.4014279
0.4014265
0.401428
0.40143242
0.40143973
0.40144965
0.4014618
0.4014759
0.4014914
0.40150765
0.40152407
0.4015402
0.40155584
0.40157124
0.401587
0.40160364
0.4016218
0.40164185
0.40166405
0.40168813
0.4017136
0.40173924
0.40176377
0.40178582
0.40180415
0.4018177
0.40182567
0.40182748
0.40182275
0.40181166
0.40179473
0.40177283
0.4017473
0.40171957
0.40169132
0.40166435
0.40164015
0.40162012
0.40160528
0.40159595
0.40159205
0.40159264
0.4015965
0.401602
0.4016075
0.40161145
0.40161303
0.40161207
0.40160975
0.40160796
0.4016094
0.40161744
0.40163592
0.40166968
0.40172485
0.40180942
0.40193418
0.402115
0.4023743
0.40274078
0.40325612
0.4039783
0.40498632
0.40638754
0.40832502
0.41102082
0.41470024
0.41967338
0.4264145
0.4355662
0.44773802
