0.44254285
0.4320306
0.42414597
0.41821104
0.41378182
0.41051245
0.4081168
0.40635315
0.40505934
0.4041159
0.40342602
0.40292186
0.40255317
0.40228337
0.4020856
0.40194067
0.40183434
0.40175614
0.4016981
0.40165448
0.4016208
0.40159425
0.4015732
0.40155655
0.40154386
0.40153491
0.40152958
0.40152773
0.40152892
0.4015324
0.40153727
0.40154234
0.4015465
0.4015491
0.40154997
0.40154958
0.40154883
0.40154862
0.40154994
0.40155327
0.4015591
0.4015678
0.40157932
0.40159348
0.40160945
0.40162614
0.40164194
0.40165535
0.40166497
0.40166995
0.40167022
0.40166605
0.40165842
0.40164858
0.40163806
0.40162805
0.40161964
0.40161332
0.4016093
0.40160733
0.40160683
0.40160707
0.401607
0.40160602
0.4016039
0.40160072
0.40159705
0.40159374
0.40159145
0.40159073
0.40159184
0.40159467
0.40159878
0.4016035
0.40160787
0.4016113
0.40161338
0.40161443
0.40161464
0.40161476
0.40161532
0.40161654
0.40161854
0.40162113
0.40162405
0.40162703
0.40163013
0.4016336
0.40163788
0.40164343
0.40165046
0.4016588
0.40166792
0.40167722
0.40168568
0.40169224
0.40169573
0.4016953
0.40169054
0.40168115
0.40166774
0.40165102
0.40163225
0.4016126
0.40159312
0.40157455
0.4015573
0.40154162
0.40152773
0.40151587
0.4015066
0.40150046
0.4014983
0.4015007
0.40150833
0.40152135
0.40153986
0.40156335
0.40159118
0.40162203
0.40165433
0.40168625
0.40171596
0.401742
0.40176335
0.40177926
0.40179005
0.4017962
0.40179867
0.40179887
0.40179816
0.40179786
0.40179893
0.401802
0.40180755
0.4018158
0.40182677
0.40183982
0.4018541
0.4018687
0.40188253
0.4018947
0.40190434
0.4019108
0.40191358
0.4019122
0.40190682
0.40189758
0.4018849
0.4018697
0.4018529
0.40183553
0.4018186
0.40180296
0.4017892
0.40177774
0.40176845
0.4017612
0.40175545
0.40175062
0.40174577
0.40174004
0.40173262
0.4017228
0.40171006
0.4016943
0.4016758
0.40165514
0.4016334
0.4016117
0.40159112
0.4015725
0.4015564
0.40154377
0.40153474
0.40152976
0.40152895
0.40153235
0.40154
0.4015519
0.40156776
0.40158704
0.40160882
0.4016319
0.4016545
0.40167493
0.40169144
0.40170273
0.40170804
0.4017071
0.40170026
0.4016884
0.40167278
0.40165484
0.40163624
0.40161866
0.4016032
0.40159112
0.40158272
0.40157837
0.40157783
0.40158063
0.40158615
0.40159366
0.40160233
0.40161133
0.40161988
0.40162706
0.4016319
0.40163362
0.40163162
0.40162587
0.4016167
0.40160495
0.40159175
0.40157855
0.4015665
0.40155655
0.40154913
0.4015441
0.4015409
0.4015388
0.40153736
0.4015363
0.40153578
0.4015362
0.4015381
0.40154183
0.40154734
0.40155458
0.40156326
0.40157324
0.40158406
0.4015952
0.4016062
0.40161648
0.40162545
0.4016326
0.4016378
0.40164125
0.4016435
0.40164506
0.4016465
0.40164825
0.4016507
0.40165386
0.40165746
0.40166107
0.40166363
0.40166464
0.40166366
0.4016608
0.40165672
0.40165225
0.40164828
0.40164545
0.40164423
0.40164468
0.40164644
0.401649
0.4016519
0.4016549
0.40165806
0.40166152
0.40166533
0.40166947
0.40167361
0.40167737
0.40168014
0.40168133
0.4016803
0.40167686
0.40167108
0.40166306
0.40165362
0.40164334
0.4016331
0.40162337
0.40161476
0.40160725
0.4016008
0.40159535
0.40159073
0.40158668
0.40158325
0.40158045
0.40157828
0.40157658
0.40157494
0.4015732
0.40157112
0.40156874
0.40156633
0.40156436
0.40156344
0.40156394
0.40156624
0.4015706
0.4015772
0.40158612
0.40159735
0.40161106
0.40162727
0.4016458
0.4016663
0.40168807
0.40171015
0.4017314
0.4017507
0.4017672
0.40177998
0.40178856
0.4017923
0.40179092
0.4017843
0.40177253
0.40175605
0.40173563
0.4017123
0.4016872
0.40166157
0.40163663
0.4016137
0.4015939
0.4015782
0.40156728
0.40156195
0.40156227
0.40156803
0.4015787
0.4015933
0.40161082
0.40163046
0.40165135
0.40167263
0.4016932
0.40171182
0.4017273
0.4017385
0.40174472
0.4017459
0.40174216
0.40173438
0.40172386
0.40171194
0.4017003
0.4016902
0.40168303
0.4016794
0.4016794
0.40168244
0.40168753
0.40169343
0.40169892
0.40170312
0.40170556
0.40170613
0.40170488
0.40170208
0.40169773
0.40169147
0.40168303
0.401672
0.40165836
0.4016424
0.4016247
0.40160647
0.40158865
0.4015725
0.4015591
0.40154943
0.40154403
0.4015433
0.40154687
0.40155426
0.4015647
0.40157738
0.40159145
0.40160632
0.40162167
0.40163717
0.40165222
0.4016662
0.4016779
0.401686
0.40168953
0.4016878
0.40168083
0.40166903
0.4016534
0.4016352
0.4016155
0.4015954
0.4015758
0.40155703
0.40153927
0.40152243
0.40150642
0.4014915
0.40147805
0.4014666
0.40145752
0.40145114
0.4014476
0.40144676
0.4014483
0.40145224
0.40145835
0.4014668
0.40147746
0.40149033
0.40150493
0.40152058
0.40153623
0.40155098
0.40156388
0.40157428
0.40158173
0.40158606
0.40158716
0.40158528
0.40158108
0.40157512
0.40156835
0.40156153
0.40155542
0.40155062
0.4015478
0.40154728
0.4015494
0.40155402
0.40156078
0.40156907
0.40157807
0.4015869
0.40159443
0.40159988
0.4016029
0.40160382
0.4016032
0.40160227
0.40160194
0.40160304
0.401606
0.40161073
0.4016165
0.4016224
0.40162712
0.4016296
0.40162933
0.40162626
0.40162075
0.4016133
0.40160444
0.40159494
0.40158546
0.40157685
0.40157026
0.4015669
0.40156764
0.4015729
0.40158257
0.40159568
0.40161106
0.40162686
0.4016414
0.4016532
0.4016612
0.4016651
0.40166503
0.40166202
0.40165716
0.40165162
0.40164632
0.40164208
0.40163925
0.4016379
0.40163794
0.40163887
0.40164018
0.40164134
0.40164196
0.40164188
0.40164074
0.40163827
0.40163442
0.40162897
0.40162227
0.40161481
0.40160722
0.40160006
0.4015939
0.4015891
0.401586
0.4015846
0.40158498
0.40158743
0.40159214
0.4015992
0.4016085
0.40161976
0.40163225
0.40164506
0.40165684
0.4016661
0.40167165
0.40167278
0.40166935
0.4016617
0.4016506
0.40163717
0.4016226
0.40160793
0.40159392
0.40158102
0.4015695
0.4015594
0.4015505
0.40154234
0.40153414
0.40152535
0.4015152
0.4015033
0.4014899
0.40147582
0.40146166
0.40144822
0.40143597
0.40142524
0.40141615
0.40140882
0.40140346
0.40140006
0.40139887
0.40139994
0.4014036
0.40140978
0.4014182
0.4014287
0.4014409
0.40145448
0.40146914
0.40148467
0.40150073
0.401517
0.4015332
0.40154877
0.40156326
0.4015758
0.40158546
0.40159178
0.4015945
0.4015939
0.4015906
0.40158555
0.40157956
0.40157333
0.40156722
0.40156138
0.40155557
0.4015495
0.40154317
0.40153682
0.40153104
0.40152672
0.40152454
0.40152526
0.401529
0.4015361
0.40154618
0.40155926
0.4015748
0.4015922
0.4016108
0.4016297
0.40164813
0.4016651
0.4016797
0.40169096
0.40169823
0.40170148
0.40170094
0.40169743
0.4016918
0.40168515
0.40167835
0.40167195
0.40166646
0.40166208
0.40165895
0.40165746
0.40165806
0.40166137
0.40166774
0.40167716
0.4016891
0.4017024
0.40171573
0.40172765
0.40173697
0.4017429
0.40174508
0.4017438
0.40173978
0.4017342
0.4017285
0.40172416
0.40172192
0.40172237
0.40172508
0.4017293
0.4017334
0.40173602
0.40173575
0.40173152
0.40172264
0.40170896
0.401691
0.40166947
0.4016457
0.40162113
0.40159738
0.4015758
0.40155762
0.40154362
0.40153414
0.40152916
0.4015282
0.40153062
0.4015355
0.40154207
0.40154925
0.4015566
0.40156394
0.4015711
0.401578
0.40158454
0.4015901
0.40159428
0.40159652
0.40159678
0.40159532
0.40159246
0.4015886
0.40158373
0.40157786
0.401571
0.4015636
0.4015562
0.40154967
0.4015449
0.4015425
0.40154275
0.40154567
0.40155116
0.40155926
0.40157005
0.4015841
0.40160158
0.4016224
0.4016463
0.40167236
0.40169942
0.40172607
0.4017507
0.40177193
0.4017885
0.4017996
0.40180457
0.40180346
0.4017967
0.4017849
0.4017691
0.4017506
0.40173072
0.40171063
0.40169165
0.40167454
0.40166005
0.40164846
0.40164003
0.40163478
0.40163305
0.40163496
0.40164068
0.40165007
0.4016629
0.40167823
0.4016952
0.40171245
0.40172884
0.40174308
0.40175393
0.4017608
0.40176287
0.40175983
0.40175155
0.401738
0.40171972
0.4016977
0.40167305
0.40164742
0.40162224
0.40159878
0.40157804
0.40156046
0.40154648
0.40153623
0.40152967
0.40152678
0.40152737
0.40153134
0.40153825
0.40154737
0.40155765
0.40156773
0.40157628
0.40158227
0.40158525
0.4015854
0.40158343
0.4015806
0.40157813
0.40157717
0.40157846
0.4015824
0.40158904
0.40159813
0.40160936
0.40162233
0.4016367
0.40165192
0.4016675
0.40168262
0.40169653
0.40170813
0.40171656
0.40172112
0.40172133
0.40171713
0.40170842
0.40169567
0.40167925
0.40166032
0.40163955
0.40161777
0.40159577
0.40157422
0.40155375
0.40153491
0.40151817
0.40150383
0.40149227
0.4014834
0.401477
0.40147305
0.40147117
0.401471
0.4014723
0.40147495
0.40147907
0.4014848
0.40149242
0.40150246
0.40151528
0.40153122
0.4015507
0.40157446
0.4016033
0.40163913
0.4016849
0.401745
0.40182558
0.40193507
0.40208516
0.40229243
0.40257853
0.40297258
0.40351516
0.40426272
0.40529215
0.40670887
0.4086538
0.41134727
0.41501358
0.41996253
0.42666712
0.43577188
0.4478895
