0.44251415
0.43199298
0.42410085
0.41815993
0.4137267
0.41045567
0.4080613
0.40630203
0.4050157
0.4040825
0.40340543
0.4029158
0.40256244
0.40230733
0.40212268
0.40198827
0.40189004
0.4018181
0.4017659
0.40172854
0.40170264
0.40168554
0.40167513
0.4016698
0.40166816
0.40166923
0.4016721
0.40167615
0.40168115
0.40168694
0.40169322
0.40169942
0.4017048
0.4017081
0.40170866
0.40170568
0.4016992
0.40168956
0.40167746
0.4016639
0.40164974
0.40163565
0.40162244
0.40161029
0.40159988
0.40159145
0.40158525
0.40158135
0.40157965
0.40157965
0.40158072
0.40158224
0.40158358
0.40158427
0.40158415
0.40158334
0.40158173
0.40157956
0.40157703
0.40157437
0.40157223
0.40157092
0.40157074
0.4015718
0.40157378
0.4015763
0.40157896
0.40158138
0.4015834
0.40158483
0.4015852
0.40158388
0.40158018
0.40157366
0.40156436
0.40155277
0.40153968
0.40152612
0.40151295
0.401501
0.40149087
0.401483
0.40147775
0.4014751
0.4014747
0.40147614
0.40147856
0.40148103
0.40148255
0.4014822
0.40147966
0.40147495
0.40146878
0.401462
0.40145522
0.4014491
0.40144414
0.4014406
0.40143862
0.4014386
0.4014408
0.40144548
0.401453
0.4014636
0.40147743
0.40149418
0.40151343
0.40153432
0.40155566
0.40157625
0.40159467
0.40160954
0.40161982
0.4016249
0.40162456
0.40161902
0.40160903
0.40159562
0.40158007
0.40156385
0.4015482
0.4015343
0.4015229
0.40151435
0.4015087
0.40150586
0.40150565
0.40150774
0.40151203
0.4015182
0.4015262
0.40153587
0.4015467
0.40155822
0.40156975
0.40158036
0.40158924
0.4015956
0.40159896
0.40159935
0.40159717
0.40159294
0.40158725
0.40158075
0.40157416
0.4015681
0.4015633
0.40156016
0.40155914
0.40156043
0.40156385
0.401569
0.40157503
0.40158108
0.40158615
0.4015894
0.4015906
0.4015897
0.40158707
0.40158308
0.40157792
0.40157223
0.40156648
0.40156138
0.401558
0.40155712
0.40155953
0.40156546
0.4015747
0.40158647
0.4015996
0.40161243
0.40162334
0.40163094
0.4016344
0.4016334
0.40162826
0.4016197
0.40160885
0.40159705
0.40158573
0.401576
0.4015689
0.40156466
0.4015635
0.40156528
0.40156925
0.40157455
0.40158004
0.40158454
0.4015872
0.40158758
0.4015856
0.40158165
0.40157586
0.40156883
0.4015609
0.40155274
0.40154496
0.40153825
0.40153354
0.40153155
0.4015331
0.401539
0.40154967
0.40156546
0.40158647
0.40161237
0.40164217
0.4016746
0.40170798
0.4017404
0.4017701
0.40179548
0.4018152
0.40182835
0.40183425
0.40183285
0.40182418
0.4018088
0.40178737
0.401761
0.4017309
0.40169847
0.4016654
0.40163335
0.40160432
0.4015798
0.40156087
0.40154824
0.40154198
0.40154156
0.40154603
0.4015542
0.40156466
0.40157613
0.4015876
0.40159836
0.4016077
0.4016149
0.40161923
0.4016202
0.4016179
0.4016129
0.4016064
0.40159997
0.40159544
0.40159416
0.40159735
0.40160558
0.4016187
0.40163618
0.4016569
0.4016791
0.40170103
0.40172058
0.40173614
0.40174633
0.40175045
0.4017482
0.40174013
0.40172723
0.40171084
0.4016926
0.40167418
0.40165666
0.40164077
0.40162686
0.40161476
0.40160435
0.40159565
0.4015892
0.40158582
0.4015862
0.40159118
0.401601
0.40161568
0.40163505
0.40165842
0.40168455
0.401712
0.40173876
0.40176308
0.40178332
0.4017983
0.40180704
0.40180898
0.40180388
0.40179217
0.40177444
0.40175173
0.40172547
0.40169686
0.40166736
0.4016382
0.40161029
0.40158406
0.40155968
0.40153712
0.40151638
0.4014975
0.4014804
0.40146512
0.40145162
0.4014401
0.4014306
0.40142328
0.40141833
0.40141594
0.40141606
0.401419
0.40142483
0.40143362
0.40144554
0.40146032
0.40147752
0.40149626
0.40151548
0.4015337
0.40154958
0.40156156
0.4015687
0.40157068
0.40156803
0.4015617
0.4015531
0.4015437
0.4015349
0.40152782
0.40152302
0.40152085
0.401521
0.40152302
0.40152612
0.40152955
0.40153265
0.4015352
0.4015373
0.40153927
0.4015412
0.4015431
0.40154484
0.4015462
0.4015472
0.40154797
0.40154892
0.40155035
0.40155265
0.4015564
0.4015617
0.40156826
0.4015755
0.40158272
0.40158898
0.4015934
0.40159532
0.40159452
0.40159133
0.4015865
0.4015811
0.401576
0.40157214
0.40156996
0.40156966
0.40157112
0.40157434
0.40157947
0.40158623
0.4015945
0.40160364
0.40161276
0.40162072
0.40162653
0.40162936
0.40162918
0.40162635
0.4016218
0.40161642
0.40161142
0.40160742
0.40160495
0.40160412
0.4016049
0.40160733
0.40161148
0.40161735
0.40162456
0.40163255
0.40164047
0.40164733
0.40165222
0.40165478
0.40165478
0.40165246
0.40164852
0.40164384
0.40163904
0.40163478
0.4016313
0.40162855
0.40162653
0.40162498
0.4016239
0.4016227
0.40162113
0.40161872
0.40161526
0.40161023
0.40160352
0.40159506
0.4015851
0.4015742
0.4015631
0.4015527
0.401544
0.40153787
0.401535
0.40153587
0.40154064
0.40154898
0.40156034
0.40157387
0.40158826
0.4016023
0.401615
0.40162542
0.40163347
0.4016395
0.40164405
0.40164796
0.40165207
0.40165696
0.40166298
0.40167058
0.40167996
0.40169114
0.4017039
0.40171772
0.40173212
0.4017464
0.40175995
0.40177178
0.40178093
0.40178686
0.401789
0.40178725
0.4017814
0.40177134
0.4017572
0.40173966
0.40171954
0.40169832
0.40167767
0.4016591
0.40164372
0.40163237
0.40162534
0.40162247
0.4016238
0.40162864
0.40163654
0.4016469
0.4016594
0.40167356
0.40168908
0.40170535
0.40172166
0.40173712
0.40175062
0.401761
0.40176782
0.40177074
0.40176988
0.40176582
0.40175915
0.40175036
0.4017399
0.40172794
0.40171495
0.40170085
0.40168616
0.40167138
0.401657
0.4016439
0.40163267
0.40162364
0.4016166
0.40161133
0.40160728
0.4016036
0.40159962
0.40159476
0.40158874
0.40158144
0.40157315
0.4015645
0.40155593
0.4015479
0.4015408
0.4015347
0.40152952
0.4015251
0.4015213
0.40151766
0.40151423
0.4015111
0.4015086
0.40150735
0.40150765
0.40151015
0.40151533
0.40152362
0.4015353
0.40155023
0.4015681
0.40158844
0.40161046
0.40163314
0.4016552
0.40167534
0.40169212
0.40170452
0.40171197
0.40171462
0.40171325
0.40170944
0.4017053
0.4017033
0.40170646
0.40171808
0.4017422
0.40178347
0.40184838
0.4019449
0.40208426
0.40228215
0.40256083
0.40294883
0.4034869
0.40423173
0.40526006
0.4066771
0.4086238
0.41132015
0.4149899
0.41994256
0.4266513
0.4357598
0.44788095
