0.44259247
0.43209502
0.42422277
0.41829783
0.41387588
0.41061074
0.40821546
0.4064488
0.40514928
0.40419832
0.40350026
0.40298846
0.4026139
0.40234083
0.40214303
0.4020011
0.40190077
0.40183115
0.40178433
0.401754
0.40173516
0.40172383
0.40171683
0.401712
0.40170786
0.40170375
0.4016999
0.40169668
0.4016949
0.40169504
0.4016976
0.4017027
0.4017099
0.40171847
0.40172702
0.40173432
0.40173915
0.40174046
0.40173784
0.40173116
0.40172085
0.4017079
0.40169367
0.40167996
0.4016683
0.40166
0.4016559
0.40165633
0.40166083
0.40166834
0.40167716
0.4016855
0.40169147
0.40169367
0.40169156
0.40168485
0.40167415
0.40166038
0.40164453
0.40162772
0.40161082
0.40159467
0.40157998
0.4015677
0.40155876
0.40155378
0.40155336
0.40155745
0.40156588
0.40157795
0.40159264
0.4016088
0.40162516
0.4016407
0.40165478
0.40166706
0.40167794
0.40168825
0.40169898
0.401711
0.4017248
0.4017401
0.40175623
0.40177193
0.40178585
0.4017967
0.40180302
0.401804
0.40179893
0.40178785
0.4017712
0.4017498
0.4017249
0.401698
0.40167025
0.4016429
0.40161663
0.40159208
0.40156955
0.4015493
0.40153152
0.40151617
0.40150344
0.40149334
0.40148604
0.40148145
0.40147954
0.40148032
0.4014835
0.4014888
0.40149555
0.40150332
0.4015117
0.4015201
0.40152818
0.4015356
0.40154216
0.4015476
0.40155205
0.4015561
0.40156013
0.40156466
0.40157017
0.40157673
0.4015843
0.4015926
0.4016014
0.40161037
0.40161934
0.4016278
0.40163505
0.40164018
0.40164223
0.4016407
0.40163523
0.4016259
0.40161327
0.401598
0.40158135
0.4015645
0.4015484
0.401534
0.4015222
0.40151364
0.4015091
0.4015089
0.40151337
0.40152222
0.4015348
0.40154997
0.40156624
0.40158197
0.40159577
0.40160653
0.4016137
0.40161744
0.40161824
0.4016173
0.40161577
0.40161505
0.40161583
0.4016187
0.40162346
0.40162984
0.4016373
0.40164542
0.40165415
0.4016636
0.4016737
0.40168464
0.40169585
0.40170684
0.40171692
0.40172562
0.40173292
0.40173903
0.4017444
0.40174964
0.4017551
0.40176094
0.40176716
0.4017736
0.40178037
0.40178767
0.4017957
0.4018048
0.40181503
0.40182602
0.40183705
0.40184686
0.40185443
0.40185878
0.4018594
0.4018562
0.4018492
0.4018391
0.40182632
0.40181154
0.4017952
0.40177757
0.40175855
0.40173826
0.40171713
0.40169567
0.40167502
0.40165612
0.40164
0.40162712
0.40161765
0.4016114
0.4016081
0.40160733
0.40160877
0.4016121
0.4016169
0.4016232
0.40163082
0.40163973
0.40164986
0.40166074
0.4016723
0.40168428
0.40169668
0.40170905
0.40172097
0.40173167
0.40174064
0.40174755
0.40175247
0.40175566
0.4017572
0.40175724
0.4017555
0.40175137
0.40174457
0.40173486
0.40172252
0.40170807
0.40169224
0.40167576
0.40165973
0.40164468
0.4016312
0.40161988
0.40161082
0.4016039
0.40159854
0.40159407
0.40158963
0.40158474
0.40157896
0.401572
0.40156382
0.40155488
0.40154576
0.40153712
0.40152943
0.401523
0.40151775
0.40151364
0.40151057
0.4015085
0.40150782
0.4015086
0.40151095
0.40151492
0.40152037
0.40152732
0.4015355
0.40154478
0.401555
0.401566
0.40157744
0.40158895
0.40159985
0.40160936
0.40161678
0.40162155
0.40162337
0.4016226
0.40161988
0.4016161
0.40161252
0.40160993
0.40160906
0.40161058
0.40161517
0.4016231
0.4016345
0.40164906
0.40166575
0.40168333
0.4017001
0.40171435
0.40172443
0.4017291
0.40172777
0.40172032
0.40170735
0.4016898
0.4016692
0.40164718
0.40162554
0.40160576
0.40158907
0.40157625
0.40156776
0.40156397
0.40156487
0.4015704
0.4015805
0.4015945
0.40161175
0.40163103
0.40165076
0.4016691
0.40168458
0.40169564
0.4017015
0.4017017
0.40169635
0.401686
0.40167165
0.40165415
0.40163472
0.40161392
0.40159237
0.40157053
0.40154874
0.40152752
0.40150708
0.40148795
0.40147042
0.40145507
0.40144214
0.40143213
0.4014254
0.40142214
0.4014224
0.40142605
0.40143275
0.40144214
0.4014537
0.40146717
0.40148222
0.40149862
0.40151602
0.40153402
0.40155205
0.40156966
0.401586
0.40160033
0.4016116
0.40161917
0.4016228
0.40162286
0.4016202
0.40161598
0.40161127
0.4016068
0.40160313
0.4016002
0.40159783
0.40159544
0.4015929
0.4015905
0.40158895
0.40158913
0.40159196
0.40159824
0.40160817
0.4016214
0.40163726
0.4016546
0.401672
0.40168795
0.4017011
0.40171054
0.40171567
0.40171638
0.401713
0.4017062
0.40169692
0.40168616
0.4016752
0.40166467
0.4016552
0.40164718
0.40164047
0.40163502
0.40163046
0.40162635
0.40162215
0.40161774
0.4016133
0.40160924
0.40160647
0.40160564
0.40160725
0.40161127
0.40161747
0.40162498
0.40163293
0.40164
0.40164503
0.40164712
0.4016459
0.40164155
0.40163463
0.40162602
0.4016166
0.4016074
0.4015992
0.40159228
0.40158665
0.40158197
0.40157744
0.4015727
0.40156737
0.40156114
0.401554
0.401546
0.40153766
0.40152967
0.40152302
0.40151858
0.40151706
0.40151894
0.40152442
0.4015336
0.4015464
0.4015622
0.4015803
0.40159968
0.40161923
0.40163788
0.40165478
0.40166935
0.40168107
0.40168932
0.401694
0.40169498
0.4016927
0.40168768
0.40168062
0.40167212
0.40166262
0.4016523
0.40164104
0.40162873
0.4016155
0.40160152
0.40158734
0.40157375
0.4015617
0.4015519
0.40154514
0.40154183
0.40154225
0.4015463
0.40155384
0.40156457
0.40157807
0.40159374
0.40161067
0.401628
0.4016449
0.40166047
0.4016743
0.40168628
0.40169668
0.40170604
0.4017151
0.40172443
0.4017344
0.40174487
0.40175545
0.40176547
0.40177396
0.4017799
0.4017823
0.40178046
0.401774
0.40176287
0.40174747
0.4017287
0.40170768
0.40168568
0.40166408
0.401644
0.40162644
0.40161225
0.40160197
0.40159577
0.40159348
0.4015945
0.4015981
0.40160304
0.4016082
0.40161234
0.40161476
0.4016149
0.40161306
0.40160996
0.40160656
0.4016041
0.40160346
0.40160564
0.401611
0.40161937
0.40163037
0.401643
0.40165573
0.4016672
0.401676
0.40168124
0.40168253
0.40168023
0.40167525
0.40166903
0.40166304
0.4016585
0.4016562
0.40165657
0.40165928
0.40166357
0.40166816
0.4016718
0.40167338
0.40167218
0.401668
0.40166107
0.40165192
0.40164137
0.4016301
0.40161878
0.401608
0.40159863
0.40159124
0.40158656
0.40158492
0.40158653
0.40159145
0.40159926
0.40160963
0.401622
0.40163553
0.40164924
0.4016623
0.40167382
0.40168333
0.40169057
0.4016959
0.40169993
0.40170342
0.40170735
0.40171257
0.40171978
0.4017296
0.40174225
0.40175736
0.401774
0.40179083
0.40180632
0.40181887
0.4018273
0.40183058
0.4018283
0.40182018
0.4018067
0.40178877
0.40176758
0.40174448
0.40172073
0.40169746
0.40167525
0.40165466
0.40163618
0.40162036
0.40160766
0.40159833
0.4015923
0.4015895
0.40158945
0.40159157
0.40159503
0.40159878
0.40160164
0.40160245
0.4016004
0.4015951
0.4015868
0.4015764
0.4015647
0.40155295
0.40154192
0.40153244
0.40152484
0.40151954
0.40151638
0.40151516
0.40151516
0.40151575
0.40151602
0.40151516
0.4015123
0.4015069
0.40149906
0.4014893
0.40147847
0.4014676
0.40145755
0.401449
0.40144247
0.40143836
0.4014368
0.40143788
0.40144178
0.4014484
0.4014578
0.40146977
0.40148443
0.4015016
0.4015209
0.40154165
0.4015627
0.40158266
0.40160015
0.40161362
0.40162215
0.40162525
0.40162307
0.40161625
0.4016059
0.40159324
0.40157953
0.4015659
0.40155336
0.4015426
0.40153414
0.40152806
0.40152466
0.40152416
0.4015267
0.40153235
0.4015412
0.40155318
0.40156832
0.40158647
0.40160722
0.40162978
0.401653
0.40167552
0.40169585
0.40171275
0.40172508
0.40173244
0.40173456
0.4017317
0.40172458
0.40171397
0.40170094
0.40168652
0.40167153
0.40165657
0.40164194
0.40162787
0.4016146
0.4016026
0.40159246
0.40158486
0.4015804
0.4015795
0.40158242
0.40158913
0.40159938
0.4016128
0.4016284
0.4016451
0.4016614
0.40167594
0.40168774
0.4016961
0.40170076
0.40170208
0.40170076
0.4016977
0.40169385
0.40169036
0.40168798
0.4016872
0.4016877
0.40168917
0.40169063
0.40169168
0.4016921
0.40169227
0.4016927
0.40169397
0.4016961
0.4016988
0.4017014
0.40170267
0.40170157
0.40169728
0.4016896
0.4016788
0.40166557
0.4016511
0.4016366
0.4016232
0.4016119
0.40160328
0.40159795
0.4015961
0.4015974
0.40160164
0.4016082
0.40161654
0.40162608
0.40163633
0.401647
0.40165755
0.4016675
0.40167612
0.40168306
0.40168813
0.40169144
0.40169293
0.4016925
0.40169
0.40168494
0.40167713
0.40166643
0.4016532
0.40163788
0.40162098
0.40160343
0.401586
0.4015695
0.40155455
0.40154156
0.40153065
0.401522
0.40151575
0.4015123
0.40151215
0.40151584
0.4015239
0.40153658
0.40155414
0.4015764
0.4016031
0.40163368
0.40166724
0.40170234
0.4017372
0.40177009
0.40179917
0.40182322
0.40184116
0.40185264
0.40185753
0.40185612
0.40184897
0.40183678
0.4018205
0.40180138
0.40178052
0.40175915
0.40173823
0.40171844
0.4017001
0.4016833
0.40166777
0.40165362
0.40164095
0.40163013
0.4016215
0.40161553
0.40161255
0.40161297
0.40161663
0.4016234
0.4016325
0.40164277
0.40165296
0.40166152
0.40166718
0.40166894
0.40166628
0.40165922
0.40164816
0.40163404
0.40161797
0.40160114
0.4015848
0.40156993
0.4015575
0.40154827
0.4015427
0.401541
0.40154317
0.40154904
0.4015583
0.4015707
0.4015862
0.4016045
0.40162498
0.40164676
0.4016688
0.40169004
0.4017096
0.4017265
0.40173995
0.4017491
0.4017534
0.40175256
0.40174678
0.40173647
0.4017221
0.40170434
0.40168405
0.40166184
0.40163872
0.40161562
0.40159357
0.40157315
0.40155488
0.401539
0.40152538
0.40151402
0.40150484
0.40149802
0.40149385
0.4014927
0.40149498
0.40150103
0.40151092
0.40152445
0.40154105
0.40155995
0.40157992
0.40159965
0.4016177
0.40163276
0.40164396
0.40165085
0.40165356
0.40165275
0.4016494
0.40164486
0.40164047
0.4016371
0.40163538
0.4016354
0.40163678
0.40163898
0.40164104
0.40164196
0.40164077
0.40163684
0.40162987
0.4016199
0.4016073
0.40159252
0.40157637
0.40155938
0.4015423
0.40152594
0.40151086
0.40149757
0.4014863
0.4014772
0.40147007
0.4014648
0.40146095
0.4014584
0.40145704
0.40145677
0.40145764
0.40145966
0.4014629
0.40146738
0.40147316
0.40148017
0.40148836
0.40149745
0.401507
0.40151638
0.401525
0.40153238
0.40153846
0.4015435
0.40154803
0.40155268
0.4015578
0.4015635
0.40157
0.40157706
0.40158454
0.4015917
0.40159786
0.40160194
0.40160328
0.40160158
0.40159702
0.40159023
0.40158227
0.40157402
0.40156657
0.40156054
0.40155655
0.40155488
0.40155563
0.4015585
0.40156317
0.40156916
0.40157574
0.40158245
0.40158856
0.4015931
0.40159526
0.40159416
0.4015894
0.40158093
0.4015694
0.40155548
0.40154055
0.40152565
0.40151194
0.40150043
0.40149185
0.40148658
0.40148497
0.40148684
0.4014918
0.40149918
0.40150803
0.40151742
0.40152618
0.4015336
0.4015391
0.4015427
0.4015447
0.40154555
0.4015459
0.40154627
0.4015471
0.40154868
0.4015512
0.4015549
0.40155998
0.40156662
0.40157512
0.4015855
0.4015976
0.40161106
0.40162572
0.40164143
0.40165803
0.40167502
0.40169162
0.40170684
0.4017195
0.4017287
0.4017337
0.40173405
0.40172958
0.40172035
0.40170693
0.40169019
0.4016716
0.40165246
0.40163413
0.40161774
0.40160426
0.40159467
0.40158957
0.40158963
0.40159506
0.40160587
0.40162155
0.4016415
0.40166435
0.40168875
0.4017131
0.40173572
0.4017554
0.40177092
0.4017817
0.40178743
0.40178803
0.40178397
0.40177596
0.40176526
0.40175328
0.40174156
0.4017315
0.4017241
0.40171966
0.4017182
0.4017193
0.40172252
0.4017272
0.40173256
0.40173823
0.40174398
0.40174985
0.40175587
0.40176186
0.40176758
0.40177232
0.40177554
0.4017768
0.40177587
0.40177277
0.40176767
0.40176108
0.40175307
0.4017437
0.40173277
0.40172005
0.40170535
0.40168872
0.40167058
0.40165135
0.40163147
0.4016115
0.40159202
0.40157342
0.40155628
0.40154105
0.4015282
0.4015183
0.40151158
0.40150812
0.40150774
0.40150964
0.40151322
0.40151727
0.40152097
0.40152347
0.40152434
0.4015235
0.4015213
0.4015185
0.4015162
0.40151516
0.40151593
0.40151912
0.40152454
0.40153217
0.40154156
0.40155214
0.40156317
0.4015736
0.4015824
0.40158844
0.40159088
0.4015895
0.40158468
0.40157717
0.4015682
0.40155864
0.40154973
0.40154222
0.4015368
0.40153378
0.40153313
0.40153468
0.40153784
0.40154192
0.40154618
0.40155002
0.40155324
0.40155587
0.40155825
0.4015607
0.40156335
0.40156606
0.40156862
0.40157068
0.40157172
0.40157154
0.40157
0.40156698
0.40156287
0.40155795
0.4015528
0.40154785
0.40154353
0.40153998
0.4015377
0.40153688
0.4015377
0.40154043
0.40154544
0.4015535
0.40156513
0.40158072
0.4016002
0.401623
0.4016483
0.40167457
0.4017
0.40172297
0.4017418
0.40175527
0.40176266
0.40176386
0.4017593
0.4017499
0.40173715
0.4017226
0.40170777
0.4016941
0.40168244
0.40167361
0.40166798
0.40166587
0.4016671
0.4016715
0.4016786
0.40168792
0.40169868
0.4017099
0.4017204
0.40172872
0.40173364
0.40173423
0.40172976
0.40172023
0.40170568
0.40168688
0.40166467
0.4016399
0.4016137
0.4015872
0.40156132
0.401537
0.4015152
0.40149668
0.40148214
0.4014718
0.4014659
0.4014641
0.40146622
0.40147153
0.40147936
0.40148902
0.40149978
0.40151095
0.40152225
0.4015337
0.40154544
0.40155777
0.401571
0.40158516
0.40159997
0.40161493
0.4016295
0.40164307
0.40165564
0.40166724
0.40167803
0.40168828
0.40169775
0.40170604
0.40171236
0.40171596
0.4017161
0.40171278
0.40170604
0.4016966
0.40168527
0.40167275
0.40165982
0.40164715
0.4016351
0.40162426
0.40161514
0.40160832
0.4016042
0.40160304
0.401605
0.40160993
0.40161762
0.40162772
0.40163994
0.40165362
0.40166765
0.40168086
0.40169162
0.40169874
0.4017013
0.4016989
0.40169162
0.4016803
0.40166605
0.40165007
0.40163374
0.40161806
0.401604
0.4015922
0.40158302
0.40157682
0.40157345
0.4015727
0.40157425
0.40157774
0.40158316
0.40159044
0.40159944
0.40160978
0.40162086
0.4016319
0.40164217
0.40165102
0.40165764
0.40166172
0.40166333
0.40166298
0.40166137
0.40165907
0.40165675
0.40165463
0.40165323
0.40165293
0.40165415
0.40165696
0.40166122
0.4016663
0.40167114
0.40167442
0.4016748
0.40167135
0.40166357
0.40165165
0.40163627
0.4016185
0.40159944
0.40158033
0.40156195
0.4015449
0.40152973
0.40151662
0.4015059
0.40149775
0.4014923
0.40148973
0.40149033
0.40149486
0.401504
0.4015192
0.40154225
0.40157598
0.40162456
0.4016937
0.40179157
0.40192974
0.40212518
0.40240005
0.4027846
0.4033205
0.40406543
0.40509707
0.40652075
0.40847737
0.41118738
0.41487232
0.4198417
0.4265694
0.43569633
0.44783536
