0.4426441
0.43215936
0.42429414
0.41837052
0.41394442
0.41067082
0.4082645
0.4064862
0.40517616
0.40421724
0.40351424
0.40300012
0.40262502
0.40235174
0.4021527
0.40200758
0.40190193
0.40182507
0.40176937
0.40172905
0.40169984
0.4016785
0.40166306
0.4016525
0.40164593
0.40164307
0.4016434
0.4016462
0.40165067
0.40165606
0.4016618
0.40166774
0.4016741
0.4016812
0.40168962
0.4016992
0.40170977
0.40172085
0.4017315
0.4017409
0.4017482
0.4017531
0.4017556
0.40175632
0.401756
0.40175557
0.40175563
0.40175644
0.40175775
0.40175885
0.40175864
0.401756
0.40175027
0.4017413
0.40172943
0.40171573
0.40170145
0.40168813
0.40167704
0.401669
0.4016645
0.40166363
0.40166584
0.40166995
0.40167472
0.40167844
0.40167978
0.40167794
0.40167263
0.40166417
0.40165326
0.40164077
0.4016276
0.4016145
0.40160215
0.40159118
0.40158194
0.40157452
0.40156883
0.40156454
0.4015612
0.40155867
0.40155643
0.40155435
0.40155202
0.40154937
0.40154663
0.40154412
0.4015426
0.40154275
0.401545
0.40154925
0.40155533
0.40156257
0.40157
0.40157676
0.40158167
0.40158427
0.40158442
0.40158242
0.401579
0.40157512
0.40157166
0.40156946
0.4015689
0.40157002
0.4015725
0.40157565
0.40157863
0.40158102
0.40158263
0.40158355
0.4015841
0.4015844
0.40158468
0.4015852
0.40158597
0.40158665
0.4015868
0.40158573
0.40158233
0.40157607
0.40156674
0.40155473
0.40154088
0.40152645
0.40151262
0.4015004
0.40149072
0.40148392
0.40148026
0.40148
0.40148315
0.4014899
0.40150008
0.40151352
0.40152985
0.4015484
0.4015681
0.4015877
0.40160534
0.40161926
0.40162805
0.4016307
0.40162694
0.40161714
0.40160263
0.40158495
0.4015663
0.40154865
0.40153357
0.40152222
0.4015152
0.40151256
0.4015141
0.40151924
0.40152705
0.40153643
0.40154627
0.40155524
0.40156257
0.40156752
0.40157005
0.40157032
0.40156892
0.40156686
0.40156522
0.4015651
0.40156725
0.40157238
0.40158078
0.40159246
0.40160763
0.40162587
0.40164676
0.4016693
0.40169242
0.40171495
0.4017357
0.40175396
0.40176937
0.40178183
0.4017913
0.4017979
0.40180138
0.40180162
0.40179837
0.40179157
0.40178114
0.40176716
0.40174988
0.40172994
0.4017084
0.4016863
0.40166524
0.40164623
0.40163037
0.4016184
0.40161064
0.40160707
0.40160713
0.4016101
0.40161476
0.4016198
0.40162387
0.40162575
0.40162456
0.40162012
0.40161285
0.40160388
0.40159458
0.40158638
0.4015806
0.40157822
0.4015796
0.40158486
0.40159371
0.40160593
0.40162098
0.4016382
0.40165687
0.40167624
0.4016954
0.40171334
0.40172905
0.40174183
0.4017513
0.40175754
0.40176085
0.40176195
0.4017616
0.40176067
0.40175956
0.40175867
0.4017582
0.40175793
0.40175745
0.40175602
0.40175277
0.40174696
0.40173808
0.40172613
0.40171146
0.4016949
0.40167746
0.40166047
0.40164515
0.4016325
0.4016232
0.4016176
0.40161574
0.40161762
0.4016226
0.4016299
0.4016385
0.40164736
0.40165517
0.40166092
0.40166375
0.4016633
0.40165958
0.40165296
0.4016443
0.40163434
0.40162373
0.4016132
0.40160337
0.40159476
0.40158775
0.40158275
0.4015802
0.40158066
0.40158424
0.40159145
0.40160218
0.40161628
0.40163314
0.40165168
0.4016704
0.40168753
0.40170145
0.40171093
0.40171495
0.40171316
0.40170583
0.40169367
0.40167823
0.40166107
0.40164423
0.40162945
0.40161824
0.40161163
0.4016102
0.40161398
0.4016226
0.40163508
0.40165013
0.40166584
0.4016802
0.4016913
0.40169746
0.40169746
0.40169087
0.40167767
0.40165854
0.4016345
0.40160707
0.40157777
0.40154815
0.40151966
0.40149358
0.40147075
0.40145174
0.4014368
0.4014259
0.401419
0.4014158
0.40141603
0.40141925
0.4014251
0.4014331
0.40144292
0.4014541
0.40146592
0.4014777
0.40148854
0.40149784
0.40150505
0.40150988
0.40151215
0.4015118
0.40150887
0.40150368
0.40149623
0.40148675
0.401476
0.40146437
0.40145266
0.40144172
0.4014321
0.4014244
0.40141907
0.40141663
0.40141723
0.40142137
0.40142936
0.40144137
0.40145743
0.401477
0.40149954
0.40152395
0.40154925
0.40157428
0.40159783
0.4016192
0.40163806
0.40165445
0.401669
0.4016826
0.40169623
0.40171063
0.40172586
0.4017416
0.4017571
0.4017712
0.40178272
0.40179074
0.40179428
0.4017928
0.40178606
0.40177426
0.4017578
0.40173775
0.40171513
0.40169147
0.40166825
0.401647
0.40162864
0.4016139
0.40160298
0.40159592
0.40159237
0.40159184
0.40159357
0.4015967
0.40160006
0.40160286
0.40160453
0.40160474
0.40160355
0.40160108
0.40159744
0.40159255
0.40158632
0.4015788
0.40157023
0.4015606
0.40155035
0.40153942
0.40152848
0.4015179
0.40150833
0.40150043
0.40149492
0.40149215
0.40149248
0.4014959
0.4015023
0.40151125
0.4015221
0.40153387
0.4015454
0.4015554
0.40156293
0.40156743
0.4015687
0.40156692
0.40156257
0.4015557
0.40154648
0.40153503
0.40152177
0.40150726
0.40149254
0.40147853
0.4014662
0.40145615
0.4014491
0.4014453
0.40144488
0.40144765
0.40145326
0.4014614
0.40147147
0.4014833
0.40149665
0.4015115
0.40152758
0.40154442
0.40156123
0.40157673
0.40158987
0.40159935
0.4016044
0.40160477
0.40160084
0.40159366
0.40158463
0.4015754
0.40156743
0.4015623
0.40156114
0.4015647
0.40157342
0.4015871
0.401605
0.40162635
0.40164965
0.40167338
0.4016961
0.40171668
0.40173423
0.40174797
0.40175778
0.40176365
0.40176564
0.4017644
0.40176025
0.40175396
0.4017461
0.40173715
0.40172768
0.4017179
0.40170795
0.40169743
0.40168592
0.40167287
0.40165818
0.40164205
0.40162498
0.4016078
0.40159127
0.4015763
0.40156335
0.40155262
0.4015444
0.40153864
0.40153527
0.40153417
0.4015353
0.40153855
0.40154412
0.4015522
0.4015628
0.40157598
0.40159172
0.40160987
0.40163028
0.4016523
0.40167508
0.40169734
0.40171757
0.40173468
0.40174747
0.4017554
0.40175813
0.40175554
0.40174797
0.40173575
0.40171978
0.40170118
0.40168133
0.40166175
0.40164375
0.40162864
0.40161705
0.40160915
0.4016045
0.40160218
0.40160075
0.40159887
0.40159553
0.40159014
0.40158245
0.40157285
0.40156174
0.4015495
0.4015367
0.40152362
0.40151078
0.4014985
0.40148717
0.40147665
0.40146694
0.4014579
0.40144965
0.40144256
0.401437
0.40143353
0.40143216
0.40143326
0.40143698
0.40144333
0.40145224
0.40146333
0.40147665
0.40149206
0.40150946
0.40152848
0.40154877
0.40156984
0.40159103
0.40161175
0.40163144
0.40164992
0.40166697
0.4016822
0.40169504
0.4017048
0.4017109
0.40171322
0.40171203
0.40170768
0.4017006
0.4016914
0.40168026
0.4016673
0.40165275
0.40163702
0.40162066
0.4016043
0.40158835
0.4015729
0.40155798
0.40154323
0.40152848
0.4015136
0.40149876
0.4014846
0.4014716
0.4014602
0.4014507
0.4014433
0.40143797
0.40143466
0.40143338
0.4014338
0.40143552
0.401438
0.40144044
0.4014425
0.40144384
0.401445
0.4014466
0.4014495
0.40145436
0.40146145
0.40147075
0.401482
0.40149432
0.40150678
0.40151834
0.4015277
0.40153414
0.40153688
0.4015361
0.40153217
0.40152568
0.40151754
0.4015084
0.40149894
0.4014899
0.40148187
0.40147546
0.40147093
0.40146872
0.4014693
0.40147313
0.40148035
0.40149134
0.40150595
0.40152434
0.4015461
0.4015706
0.40159696
0.40162387
0.4016499
0.40167344
0.40169334
0.40170878
0.40171936
0.40172535
0.4017273
0.40172595
0.40172225
0.4017169
0.40171024
0.40170273
0.40169483
0.4016871
0.4016803
0.40167525
0.4016725
0.40167212
0.4016739
0.40167725
0.4016814
0.40168548
0.4016884
0.40168944
0.40168816
0.40168437
0.40167874
0.4016715
0.40166312
0.40165395
0.4016442
0.40163407
0.4016237
0.40161303
0.40160212
0.40159145
0.40158135
0.4015725
0.4015653
0.4015603
0.40155795
0.40155846
0.4015617
0.40156743
0.4015749
0.40158346
0.4015922
0.4016002
0.4016067
0.4016109
0.4016125
0.40161145
0.40160844
0.40160424
0.40159985
0.40159622
0.40159416
0.40159434
0.40159714
0.40160286
0.40161127
0.40162173
0.4016334
0.40164524
0.4016558
0.4016639
0.40166885
0.4016704
0.40166858
0.4016644
0.4016588
0.40165308
0.4016484
0.40164548
0.40164506
0.40164736
0.40165222
0.40165886
0.40166613
0.40167242
0.40167642
0.40167698
0.40167356
0.401666
0.40165484
0.401641
0.40162572
0.40161005
0.40159503
0.4015815
0.40157014
0.40156147
0.40155566
0.4015526
0.40155208
0.40155387
0.40155774
0.40156323
0.40156984
0.40157717
0.40158486
0.4015928
0.4016008
0.4016086
0.40161562
0.4016214
0.40162557
0.4016279
0.40162787
0.4016249
0.4016184
0.40160826
0.40159446
0.40157768
0.40155897
0.40153968
0.401521
0.40150374
0.40148863
0.40147606
0.40146625
0.40145916
0.4014548
0.4014531
0.40145385
0.40145674
0.4014616
0.4014681
0.4014759
0.40148488
0.40149474
0.4015057
0.40151784
0.4015313
0.40154636
0.40156272
0.4015803
0.40159827
0.40161565
0.40163097
0.4016428
0.40164992
0.40165156
0.4016476
0.40163863
0.40162584
0.40161088
0.4015955
0.4015811
0.4015689
0.4015596
0.40155342
0.4015503
0.40154985
0.40155143
0.40155432
0.40155795
0.40156165
0.40156487
0.40156686
0.40156704
0.40156478
0.4015599
0.40155265
0.40154386
0.40153465
0.4015262
0.40151975
0.40151614
0.40151602
0.40151957
0.40152663
0.4015367
0.40154874
0.40156177
0.40157434
0.40158516
0.40159282
0.40159646
0.40159553
0.4015901
0.40158057
0.40156773
0.4015528
0.401537
0.4015216
0.40150765
0.40149614
0.40148762
0.40148222
0.40148002
0.40148064
0.40148354
0.401488
0.4014933
0.40149906
0.40150484
0.40151045
0.40151578
0.40152085
0.4015254
0.40152946
0.4015327
0.4015349
0.40153584
0.401535
0.40153217
0.40152735
0.40152043
0.40151158
0.40150136
0.40149033
0.4014794
0.40146953
0.4014617
0.40145668
0.40145513
0.4014575
0.40146402
0.40147492
0.40149042
0.40151042
0.40153477
0.40156308
0.40159437
0.40162754
0.40166086
0.40169248
0.4017207
0.4017438
0.4017605
0.4017699
0.40177175
0.40176612
0.40175354
0.40173483
0.4017111
0.40168387
0.40165466
0.40162534
0.40159723
0.40157145
0.4015487
0.40152922
0.40151313
0.4015003
0.40149093
0.40148476
0.40148184
0.4014818
0.40148452
0.4014896
0.40149692
0.40150625
0.40151715
0.40152943
0.4015429
0.40155712
0.40157166
0.40158588
0.4015988
0.4016095
0.40161702
0.4016206
0.40161955
0.4016139
0.4016038
0.40158987
0.40157288
0.4015538
0.40153363
0.40151346
0.4014942
0.40147665
0.40146172
0.40144995
0.40144175
0.40143734
0.40143687
0.40144017
0.40144745
0.4014585
0.40147313
0.40149084
0.40151095
0.4015327
0.4015552
0.40157774
0.4015993
0.40161902
0.4016361
0.40164942
0.40165818
0.401662
0.40166086
0.40165535
0.40164635
0.4016349
0.40162224
0.40160948
0.40159768
0.4015877
0.40158
0.4015751
0.40157318
0.4015747
0.40158013
0.40159047
0.40160736
0.4016336
0.40167338
0.40173277
0.40182006
0.4019469
0.4021297
0.40239152
0.40276182
0.40328258
0.40401182
0.4050282
0.40643817
0.40838403
0.41108683
0.41477007
0.4197433
0.42648038
0.43562257
0.44778055
