0.44258198
0.4320795
0.42420065
0.41826716
0.41383445
0.4105563
0.408147
0.4063657
0.40505177
0.40408796
0.4033792
0.40285957
0.40248024
0.40220532
0.4020082
0.40186894
0.4017723
0.401707
0.4016641
0.4016369
0.40162006
0.4016097
0.40160275
0.4015969
0.40159073
0.40158343
0.40157485
0.40156522
0.40155533
0.4015459
0.40153766
0.40153122
0.401527
0.40152535
0.40152648
0.40153024
0.40153614
0.40154344
0.4015513
0.40155897
0.4015659
0.40157127
0.40157482
0.40157625
0.40157568
0.40157312
0.4015689
0.40156367
0.40155816
0.40155312
0.40154925
0.40154687
0.40154618
0.40154725
0.40154988
0.4015536
0.40155768
0.40156138
0.401564
0.4015654
0.4015658
0.4015658
0.401566
0.4015666
0.40156752
0.40156853
0.40156883
0.40156782
0.40156507
0.40156054
0.40155464
0.40154824
0.40154207
0.40153673
0.4015329
0.40153053
0.4015298
0.40153024
0.40153188
0.40153474
0.4015388
0.40154427
0.40155113
0.40155932
0.40156865
0.40157908
0.40159023
0.401602
0.4016137
0.40162468
0.40163428
0.40164196
0.40164757
0.40165082
0.4016516
0.40164965
0.40164512
0.40163815
0.401629
0.40161806
0.40160567
0.40159228
0.40157834
0.40156454
0.40155146
0.40153968
0.40152973
0.40152177
0.4015161
0.4015129
0.401512
0.4015129
0.40151498
0.4015173
0.40151912
0.40152013
0.40152013
0.40151945
0.40151834
0.40151748
0.40151748
0.40151888
0.40152225
0.40152806
0.40153626
0.40154675
0.40155864
0.4015711
0.40158284
0.4015926
0.40159935
0.40160227
0.40160125
0.40159637
0.40158868
0.40157947
0.40157044
0.40156308
0.4015589
0.40155882
0.40156314
0.40157172
0.40158397
0.40159908
0.40161622
0.40163472
0.401654
0.40167356
0.40169278
0.40171048
0.40172553
0.40173662
0.4017427
0.401743
0.40173718
0.4017251
0.40170717
0.40168402
0.4016566
0.4016261
0.40159386
0.40156138
0.40153003
0.40150073
0.4014744
0.40145138
0.4014318
0.40141577
0.4014032
0.40139395
0.40138784
0.40138483
0.40138492
0.40138817
0.4013948
0.40140492
0.40141857
0.40143552
0.40145567
0.40147856
0.40150377
0.40153086
0.4015596
0.4015894
0.40162003
0.40165058
0.40168
0.40170708
0.40173048
0.401749
0.40176177
0.40176794
0.40176708
0.4017591
0.40174422
0.4017233
0.40169743
0.40166783
0.40163612
0.4016039
0.40157264
0.40154377
0.4015182
0.4014965
0.40147862
0.4014644
0.40145332
0.40144473
0.40143788
0.40143213
0.40142676
0.4014213
0.40141553
0.40140927
0.40140268
0.40139604
0.40138966
0.40138423
0.40138045
0.4013787
0.40137938
0.40138268
0.40138847
0.40139672
0.40140703
0.401419
0.4014321
0.40144566
0.40145898
0.40147156
0.4014827
0.40149176
0.401498
0.4015007
0.40149972
0.4014952
0.40148804
0.40147948
0.40147072
0.40146294
0.401457
0.4014536
0.40145323
0.40145597
0.40146205
0.4014714
0.40148395
0.4014993
0.40151697
0.4015362
0.40155604
0.40157503
0.40159193
0.40160534
0.40161434
0.40161866
0.40161836
0.40161416
0.40160686
0.40159786
0.40158826
0.4015789
0.40157068
0.401564
0.4015589
0.40155512
0.40155235
0.40155002
0.40154734
0.40154362
0.40153804
0.4015302
0.40151995
0.40150756
0.40149367
0.4014793
0.40146556
0.40145352
0.40144405
0.40143797
0.40143576
0.4014378
0.40144408
0.40145454
0.4014687
0.40148598
0.40150556
0.40152672
0.40154815
0.40156892
0.40158784
0.40160364
0.40161523
0.40162182
0.401623
0.4016191
0.40161106
0.4016001
0.40158775
0.4015754
0.40156403
0.40155488
0.4015487
0.40154606
0.40154722
0.40155178
0.4015594
0.40156913
0.40157983
0.40159026
0.40159902
0.4016053
0.4016086
0.4016089
0.40160653
0.401602
0.40159586
0.40158856
0.40158033
0.4015716
0.40156254
0.40155345
0.40154463
0.4015362
0.40152848
0.40152183
0.40151638
0.40151244
0.40151015
0.40150997
0.4015121
0.40151685
0.4015243
0.40153426
0.40154645
0.40156028
0.40157512
0.40159044
0.40160552
0.40161943
0.4016313
0.40164033
0.40164602
0.4016483
0.40164742
0.40164366
0.4016375
0.40162945
0.4016202
0.4016107
0.40160164
0.40159371
0.40158716
0.40158206
0.40157813
0.40157503
0.40157261
0.40157062
0.40156922
0.40156844
0.40156856
0.40156946
0.4015713
0.4015741
0.40157804
0.4015829
0.4015883
0.40159357
0.40159783
0.40160024
0.4016003
0.40159786
0.40159306
0.40158647
0.40157884
0.4015706
0.40156215
0.4015537
0.40154535
0.4015375
0.40153047
0.40152466
0.4015202
0.40151718
0.4015157
0.40151542
0.4015161
0.40151724
0.40151823
0.40151876
0.4015184
0.40151712
0.40151542
0.40151352
0.4015121
0.40151185
0.40151325
0.4015168
0.40152252
0.4015302
0.40153903
0.40154803
0.4015559
0.40156144
0.40156373
0.4015623
0.40155736
0.40154952
0.4015396
0.4015287
0.40151766
0.4015073
0.4014979
0.40148973
0.40148258
0.40147632
0.40147075
0.40146568
0.40146098
0.40145668
0.40145266
0.4014489
0.40144533
0.40144175
0.40143815
0.40143457
0.40143102
0.40142772
0.4014248
0.40142265
0.4014213
0.401421
0.401422
0.40142456
0.40142906
0.401436
0.4014456
0.401458
0.40147358
0.4014924
0.40151432
0.40153897
0.4015654
0.40159237
0.40161824
0.4016411
0.40165925
0.40167114
0.40167606
0.40167338
0.4016635
0.40164718
0.40162584
0.40160134
0.40157568
0.4015506
0.40152755
0.40150765
0.40149176
0.40148038
0.40147358
0.40147126
0.40147287
0.40147763
0.4014846
0.4014927
0.40150073
0.40150765
0.40151232
0.40151384
0.4015118
0.40150613
0.40149736
0.40148625
0.4014738
0.40146118
0.4014494
0.40143925
0.4014313
0.40142572
0.40142235
0.40142077
0.4014203
0.40142012
0.40141952
0.4014179
0.4014152
0.4014117
0.4014079
0.40140447
0.401402
0.40140116
0.40140224
0.40140563
0.40141153
0.40142
0.4014309
0.40144384
0.40145826
0.4014733
0.4014882
0.40150177
0.4015133
0.4015222
0.40152824
0.40153164
0.40153286
0.40153253
0.40153122
0.4015293
0.40152705
0.4015244
0.40152106
0.4015168
0.40151185
0.40150648
0.40150127
0.4014967
0.40149334
0.40149164
0.40149182
0.4014941
0.40149838
0.40150452
0.4015122
0.40152118
0.40153092
0.4015409
0.40155074
0.4015603
0.40156937
0.40157738
0.40158385
0.4015883
0.4015903
0.40159
0.4015877
0.40158376
0.4015787
0.40157297
0.4015674
0.40156278
0.40155992
0.40155932
0.40156114
0.40156513
0.40157077
0.40157706
0.40158302
0.4015874
0.40158898
0.40158707
0.40158162
0.40157315
0.4015627
0.40155137
0.4015403
0.40153044
0.4015222
0.40151578
0.4015111
0.40150762
0.40150476
0.40150192
0.40149868
0.40149468
0.40148988
0.40148443
0.40147823
0.4014716
0.4014652
0.40145957
0.40145567
0.40145415
0.40145585
0.40146127
0.4014706
0.40148395
0.40150073
0.40152
0.40154043
0.40156043
0.40157837
0.40159306
0.40160382
0.40161023
0.40161255
0.40161148
0.40160787
0.40160236
0.4015952
0.40158632
0.4015753
0.40156183
0.40154576
0.40152764
0.40150854
0.40148956
0.40147233
0.40145797
0.40144768
0.40144226
0.40144214
0.4014477
0.4014587
0.40147486
0.4014954
0.40151936
0.401546
0.40157422
0.4016028
0.40163058
0.40165612
0.40167832
0.40169626
0.4017093
0.40171742
0.40172094
0.40172058
0.4017173
0.4017123
0.40170658
0.40170103
0.4016961
0.401692
0.40168902
0.40168712
0.40168637
0.4016866
0.40168753
0.40168864
0.40168935
0.40168902
0.40168723
0.40168396
0.4016791
0.4016725
0.40166408
0.4016536
0.40164095
0.40162668
0.40161133
0.40159568
0.40158045
0.4015659
0.40155214
0.40153915
0.40152693
0.40151545
0.40150484
0.40149528
0.40148735
0.4014816
0.4014787
0.40147898
0.40148234
0.40148854
0.40149683
0.4015064
0.40151647
0.40152603
0.40153414
0.40153986
0.40154272
0.40154266
0.40153995
0.40153542
0.40153006
0.4015249
0.40152106
0.40151936
0.4015203
0.401524
0.40153018
0.40153816
0.4015472
0.4015564
0.40156487
0.4015715
0.40157554
0.40157634
0.40157384
0.40156835
0.40156054
0.40155113
0.40154096
0.40153053
0.4015204
0.40151083
0.4015021
0.4014945
0.40148833
0.40148365
0.40148053
0.4014793
0.40148026
0.40148365
0.4014894
0.40149742
0.4015072
0.40151808
0.40152922
0.4015398
0.4015489
0.4015562
0.4015615
0.40156513
0.4015676
0.4015692
0.40157026
0.40157092
0.40157136
0.40157193
0.40157315
0.40157548
0.40157914
0.401584
0.40158936
0.4015944
0.4015981
0.40159962
0.40159848
0.40159485
0.40158948
0.40158325
0.4015772
0.40157208
0.40156817
0.4015654
0.4015634
0.40156198
0.40156084
0.40156
0.4015594
0.4015589
0.4015583
0.40155736
0.4015558
0.40155372
0.4015512
0.4015486
0.4015462
0.4015442
0.40154245
0.40154085
0.401539
0.40153643
0.40153295
0.40152824
0.40152252
0.40151593
0.40150878
0.40150127
0.40149385
0.40148667
0.40147984
0.4014734
0.4014671
0.40146068
0.40145385
0.40144634
0.40143815
0.4014295
0.4014207
0.40141234
0.40140477
0.4013985
0.4013939
0.40139118
0.40139046
0.40139204
0.4013957
0.4014016
0.40140945
0.4014191
0.4014303
0.40144297
0.40145677
0.4014712
0.40148592
0.4015004
0.40151432
0.40152752
0.40154
0.40155205
0.40156394
0.4015757
0.4015872
0.4015981
0.40160763
0.401615
0.40161934
0.40162012
0.40161705
0.40161029
0.40160066
0.4015893
0.40157768
0.4015672
0.40155882
0.40155327
0.4015509
0.401552
0.4015566
0.40156457
0.4015754
0.40158835
0.40160245
0.4016167
0.4016302
0.4016423
0.401653
0.40166232
0.4016709
0.40167916
0.40168738
0.4016955
0.40170327
0.4017099
0.4017146
0.4017165
0.4017152
0.4017107
0.40170366
0.40169472
0.40168473
0.40167418
0.40166333
0.4016522
0.40164027
0.40162745
0.40161356
0.40159872
0.40158367
0.40156913
0.40155616
0.40154567
0.4015384
0.40153474
0.401535
0.40153894
0.40154618
0.40155616
0.40156808
0.40158093
0.4015933
0.40160394
0.40161163
0.4016154
0.40161484
0.40160996
0.40160123
0.40158957
0.4015763
0.4015628
0.40155026
0.4015397
0.40153193
0.40152735
0.40152603
0.4015278
0.40153217
0.401539
0.40154815
0.40155932
0.40157217
0.4015858
0.4015991
0.4016107
0.401619
0.40162307
0.4016221
0.40161598
0.4016052
0.40159073
0.4015737
0.4015554
0.401537
0.40151954
0.4015036
0.40148982
0.40147847
0.40146956
0.40146318
0.40145904
0.40145716
0.4014572
0.40145904
0.4014626
0.4014676
0.40147385
0.40148112
0.40148923
0.40149835
0.4015086
0.40152004
0.40153277
0.40154648
0.40156105
0.40157613
0.40159175
0.401608
0.4016252
0.4016435
0.40166265
0.40168202
0.4017006
0.40171716
0.40172997
0.40173775
0.40173963
0.40173492
0.40172386
0.40170702
0.40168563
0.4016611
0.40163523
0.40160972
0.4015861
0.40156546
0.40154856
0.4015355
0.40152606
0.40151963
0.40151542
0.40151277
0.40151137
0.40151075
0.40151078
0.40151125
0.40151212
0.40151343
0.40151542
0.40151864
0.40152362
0.40153056
0.40153944
0.40155002
0.40156168
0.40157375
0.4015857
0.40159723
0.40160835
0.40161952
0.40163097
0.40164268
0.40165448
0.40166613
0.40167737
0.40168807
0.4016983
0.40170798
0.4017171
0.40172526
0.40173188
0.40173635
0.40173814
0.40173706
0.40173313
0.4017268
0.40171862
0.40170914
0.40169907
0.40168867
0.40167794
0.40166667
0.4016546
0.4016417
0.40162832
0.40161464
0.4016011
0.40158805
0.40157554
0.4015636
0.40155223
0.4015412
0.4015302
0.40151927
0.40150875
0.40149912
0.40149102
0.40148497
0.4014814
0.40148064
0.4014828
0.4014876
0.40149468
0.40150324
0.40151247
0.4015215
0.40152934
0.4015356
0.40153995
0.40154257
0.4015441
0.40154508
0.40154624
0.40154815
0.4015513
0.40155575
0.40156147
0.4015682
0.4015754
0.40158218
0.4015877
0.40159082
0.40159085
0.40158746
0.40158084
0.4015714
0.40155992
0.40154728
0.4015343
0.40152195
0.40151083
0.40150166
0.40149495
0.40149093
0.4014899
0.40149206
0.40149745
0.4015059
0.40151712
0.40153065
0.40154603
0.40156275
0.40158004
0.40159714
0.40161332
0.40162757
0.40163893
0.40164635
0.4016492
0.40164736
0.4016411
0.40163124
0.40161872
0.40160477
0.40159008
0.40157542
0.40156147
0.40154874
0.4015375
0.40152815
0.401521
0.4015166
0.4015152
0.40151677
0.40152088
0.40152687
0.4015337
0.40154052
0.40154618
0.40155002
0.40155172
0.4015513
0.40154904
0.40154532
0.40154058
0.4015353
0.40152985
0.4015244
0.4015191
0.40151414
0.40150943
0.4015051
0.40150148
0.40149894
0.40149796
0.40149876
0.40150163
0.40150645
0.40151304
0.40152076
0.4015289
0.4015364
0.40154245
0.40154663
0.4015487
0.40154934
0.4015492
0.4015491
0.4015498
0.40155172
0.40155557
0.40156156
0.40156966
0.4015797
0.40159085
0.40160197
0.4016117
0.40161848
0.40162107
0.40161884
0.40161157
0.40159962
0.4015839
0.4015658
0.4015467
0.40152788
0.40151033
0.40149483
0.4014816
0.40147093
0.40146253
0.40145627
0.4014518
0.40144867
0.4014466
0.40144548
0.4014452
0.4014459
0.40144804
0.401452
0.40145823
0.40146694
0.40147787
0.4014906
0.40150413
0.40151748
0.4015296
0.40153962
0.40154704
0.4015518
0.40155417
0.4015546
0.40155384
0.40155223
0.40155008
0.40154767
0.4015448
0.40154138
0.40153733
0.40153244
0.40152663
0.4015198
0.40151215
0.40150377
0.40149486
0.40148553
0.401476
0.40146625
0.40145633
0.40144622
0.40143603
0.40142617
0.4014171
0.40140912
0.40140235
0.40139687
0.40139252
0.4013893
0.40138727
0.4013864
0.4013868
0.4013883
0.40139058
0.40139323
0.40139568
0.40139762
0.40139887
0.4013995
0.4013997
0.4013998
0.40139994
0.4014003
0.4014008
0.40140143
0.40140194
0.4014022
0.40140212
0.40140143
0.40140012
0.40139842
0.40139675
0.40139535
0.40139464
0.4013948
0.40139624
0.4013992
0.40140384
0.4014103
0.40141842
0.40142795
0.40143877
0.40145022
0.4014618
0.40147313
0.40148354
0.4014927
0.4015003
0.40150645
0.4015117
0.40151665
0.4015222
0.4015288
0.4015368
0.40154606
0.4015562
0.4015665
0.40157625
0.40158492
0.4015922
0.4015982
0.4016032
0.40160766
0.40161175
0.4016155
0.4016185
0.4016202
0.40161988
0.4016166
0.40161002
0.4015998
0.40158615
0.40156975
0.4015517
0.40153292
0.40151444
0.40149716
0.40148145
0.40146777
0.4014564
0.4014475
0.40144125
0.4014376
0.40143657
0.4014376
0.40144062
0.401445
0.40145066
0.4014572
0.4014644
0.40147188
0.40147924
0.40148592
0.40149134
0.40149528
0.4014979
0.40149954
0.40150073
0.40150192
0.40150374
0.40150657
0.40151063
0.40151593
0.40152225
0.401529
0.4015355
0.40154088
0.4015448
0.40154678
0.4015467
0.4015447
0.40154117
0.40153658
0.40153185
0.40152764
0.40152475
0.4015238
0.40152508
0.40152887
0.4015349
0.40154317
0.40155372
0.40156615
0.40158
0.40159482
0.40161014
0.40162542
0.40164053
0.40165517
0.4016687
0.40168035
0.40168935
0.401695
0.40169728
0.4016964
0.40169314
0.40168822
0.4016824
0.4016763
0.40166995
0.40166342
0.40165657
0.40164962
0.4016428
0.40163675
0.40163192
0.40162903
0.4016286
0.4016312
0.40163723
0.4016469
0.40166014
0.40167645
0.40169483
0.4017142
0.40173337
0.4017514
0.40176776
0.40178236
0.40179542
0.40180734
0.4018186
0.40182927
0.40183926
0.4018484
0.40185633
0.40186313
0.40186945
0.4018765
0.40188643
0.40190238
0.40192902
0.4019728
0.4020433
0.40215307
0.4023193
0.40256676
0.40292647
0.40343982
0.4041645
0.40517813
0.40658605
0.40852892
0.41122675
0.4149019
0.4198633
0.4265838
0.43570593
0.4478416
