0.44267866
0.4322065
0.42435458
0.41844577
0.41403577
0.41077995
0.4083916
0.40663108
0.40533838
0.4043948
0.40370482
0.4032011
0.40283358
0.4025649
0.4023675
0.402221
0.40211064
0.4020255
0.4019579
0.4019023
0.40185472
0.40181255
0.401774
0.4017382
0.4017048
0.40167403
0.40164658
0.40162286
0.40160337
0.40158844
0.4015781
0.40157217
0.40157014
0.4015717
0.40157583
0.40158185
0.40158877
0.4015958
0.40160227
0.40160826
0.4016142
0.40162107
0.4016296
0.40164077
0.40165478
0.4016712
0.40168908
0.4017069
0.40172324
0.4017365
0.40174538
0.40174907
0.40174696
0.4017389
0.40172526
0.4017068
0.4016848
0.40166068
0.40163612
0.40161255
0.40159115
0.40157267
0.40155774
0.40154645
0.4015388
0.40153432
0.40153217
0.40153137
0.40153098
0.40153024
0.40152895
0.40152737
0.40152645
0.40152708
0.4015302
0.40153652
0.40154615
0.4015591
0.40157503
0.4015934
0.40161353
0.40163493
0.40165672
0.40167812
0.4016983
0.4017162
0.40173116
0.40174207
0.40174833
0.40174967
0.40174618
0.40173826
0.40172666
0.40171233
0.40169626
0.40167928
0.40166238
0.40164658
0.40163282
0.401622
0.40161476
0.40161192
0.4016139
0.40162092
0.40163305
0.40164968
0.4016699
0.40169215
0.40171483
0.4017362
0.4017551
0.4017704
0.40178147
0.401788
0.40178972
0.40178677
0.40177965
0.4017687
0.4017548
0.40173876
0.40172154
0.401704
0.4016868
0.40166995
0.4016531
0.40163565
0.40161687
0.40159646
0.4015746
0.40155223
0.40153015
0.40150934
0.40149078
0.40147495
0.40146232
0.40145287
0.40144643
0.40144256
0.40144062
0.4014402
0.40144053
0.40144125
0.401442
0.40144247
0.40144232
0.40144107
0.40143833
0.4014338
0.40142766
0.4014204
0.40141276
0.4014054
0.4013992
0.40139455
0.40139195
0.40139174
0.40139398
0.40139854
0.40140507
0.40141326
0.40142265
0.40143272
0.40144318
0.40145403
0.40146545
0.40147743
0.40149012
0.40150315
0.4015158
0.40152705
0.40153548
0.40153995
0.4015398
0.40153491
0.40152586
0.40151373
0.40150002
0.40148616
0.40147358
0.4014637
0.40145755
0.40145597
0.40145928
0.4014675
0.40148026
0.4014969
0.40151626
0.4015374
0.401559
0.40158004
0.40159997
0.40161854
0.40163577
0.4016516
0.40166563
0.40167737
0.40168598
0.40169087
0.4016913
0.40168712
0.40167823
0.4016651
0.40164828
0.40162903
0.4016085
0.40158814
0.40156937
0.40155336
0.40154105
0.40153277
0.4015285
0.40152764
0.40152928
0.40153208
0.4015347
0.40153578
0.40153447
0.40153056
0.4015246
0.4015172
0.40150928
0.4015015
0.40149453
0.40148854
0.40148377
0.40148008
0.40147728
0.4014754
0.40147454
0.401475
0.40147692
0.4014801
0.4014844
0.40148923
0.40149412
0.40149844
0.40150186
0.40150425
0.40150583
0.40150735
0.40150928
0.40151256
0.40151802
0.4015263
0.40153798
0.40155342
0.4015723
0.40159398
0.40161765
0.40164208
0.4016659
0.40168798
0.40170735
0.40172324
0.4017351
0.4017427
0.40174592
0.4017449
0.40173987
0.40173137
0.40172023
0.40170735
0.40169406
0.40168172
0.4016715
0.40166438
0.40166098
0.40166163
0.40166607
0.40167388
0.4016841
0.40169558
0.40170684
0.40171638
0.40172297
0.40172577
0.40172416
0.401718
0.4017076
0.4016935
0.40167654
0.4016579
0.40163872
0.4016202
0.40160328
0.40158865
0.4015769
0.40156847
0.4015635
0.4015624
0.40156513
0.40157145
0.40158066
0.40159187
0.40160364
0.4016145
0.40162286
0.40162763
0.40162832
0.40162486
0.40161806
0.401609
0.40159893
0.40158904
0.40158027
0.40157324
0.40156826
0.40156513
0.4015635
0.40156275
0.4015622
0.40156156
0.40156037
0.40155867
0.401556
0.40155232
0.40154734
0.40154096
0.40153337
0.40152526
0.40151727
0.4015102
0.40150484
0.40150133
0.4014998
0.40149987
0.40150118
0.4015032
0.4015057
0.4015085
0.40151158
0.40151474
0.40151763
0.40151998
0.40152118
0.4015209
0.40151903
0.4015155
0.4015104
0.4015038
0.40149587
0.40148717
0.40147826
0.40147
0.40146342
0.40145957
0.4014594
0.40146333
0.40147156
0.401484
0.40150008
0.4015188
0.40153894
0.40155914
0.40157834
0.40159568
0.40161106
0.40162462
0.4016368
0.40164798
0.40165812
0.40166682
0.40167364
0.40167776
0.40167862
0.40167603
0.40167007
0.40166122
0.40165028
0.4016382
0.4016259
0.40161404
0.40160322
0.40159383
0.40158638
0.4015811
0.40157786
0.4015764
0.4015763
0.40157723
0.40157896
0.40158117
0.4015833
0.4015847
0.4015845
0.40158212
0.401577
0.4015692
0.4015589
0.4015467
0.40153286
0.4015182
0.40150344
0.4014893
0.40147644
0.40146512
0.40145552
0.40144786
0.40144223
0.40143874
0.40143773
0.40143943
0.40144393
0.40145105
0.40146065
0.40147224
0.4014853
0.40149924
0.4015135
0.40152737
0.40154037
0.4015519
0.40156183
0.40157035
0.4015781
0.40158603
0.40159506
0.40160614
0.40162003
0.40163717
0.40165734
0.40167978
0.40170333
0.4017264
0.40174744
0.40176517
0.40177852
0.40178663
0.401789
0.40178546
0.40177622
0.40176165
0.40174252
0.40171963
0.4016943
0.4016674
0.40164033
0.4016138
0.40158862
0.40156522
0.4015439
0.40152493
0.40150866
0.40149555
0.40148616
0.401481
0.40148082
0.40148598
0.40149698
0.40151384
0.4015364
0.40156418
0.4015965
0.40163225
0.40167022
0.40170854
0.40174556
0.40177962
0.40180942
0.40183362
0.40185145
0.4018624
0.40186632
0.40186325
0.40185374
0.40183857
0.40181887
0.40179583
0.40177092
0.40174532
0.40172026
0.40169668
0.4016756
0.4016577
0.40164346
0.40163302
0.4016261
0.40162218
0.4016206
0.40162048
0.4016211
0.4016219
0.40162262
0.40162355
0.40162525
0.40162867
0.4016347
0.40164402
0.40165725
0.4016744
0.40169516
0.40171888
0.40174428
0.40176997
0.40179482
0.40181747
0.40183696
0.40185267
0.40186417
0.40187126
0.40187407
0.4018726
0.40186706
0.4018577
0.40184453
0.40182775
0.40180752
0.40178412
0.4017581
0.4017304
0.40170172
0.40167338
0.40164658
0.4016224
0.40160173
0.4015854
0.40157402
0.40156803
0.4015677
0.40157297
0.4015835
0.40159857
0.40161747
0.4016391
0.4016624
0.4016859
0.40170795
0.40172693
0.40174156
0.40175065
0.40175346
0.40174964
0.40173933
0.40172312
0.40170243
0.40167874
0.40165392
0.40162995
0.4016085
0.40159085
0.40157777
0.40156975
0.40156665
0.40156803
0.4015732
0.40158114
0.4015909
0.40160167
0.40161294
0.40162474
0.4016375
0.40165126
0.40166605
0.40168107
0.4016953
0.4017074
0.40171593
0.4017196
0.40171754
0.40170926
0.4016949
0.40167508
0.4016511
0.4016247
0.40159753
0.40157148
0.40154824
0.40152913
0.4015152
0.4015073
0.40150613
0.40151206
0.40152505
0.40154466
0.40157014
0.40160048
0.4016343
0.40166968
0.40170488
0.40173772
0.4017664
0.40178937
0.4018056
0.40181452
0.40181598
0.40181047
0.40179873
0.40178195
0.40176165
0.40173963
0.40171754
0.40169713
0.40167943
0.40166572
0.40165654
0.40165222
0.40165278
0.40165785
0.40166724
0.40168053
0.40169716
0.40171596
0.4017356
0.4017543
0.4017705
0.40178287
0.40179047
0.40179288
0.40179005
0.4017827
0.4017716
0.40175793
0.40174243
0.40172586
0.40170845
0.4016901
0.40167084
0.40165064
0.40162992
0.40160927
0.4015889
0.4015694
0.40155116
0.40153491
0.40152118
0.40151033
0.40150246
0.40149742
0.40149477
0.40149415
0.40149513
0.40149757
0.40150163
0.4015075
0.40151492
0.4015238
0.40153348
0.40154305
0.40155146
0.4015578
0.4015612
0.40156168
0.40155944
0.40155506
0.4015492
0.40154243
0.40153593
0.40153047
0.40152705
0.4015262
0.40152818
0.40153277
0.4015393
0.40154684
0.4015542
0.4015602
0.40156394
0.4015651
0.40156388
0.40156093
0.4015573
0.40155387
0.40155146
0.4015507
0.40155196
0.40155512
0.4015599
0.4015658
0.40157256
0.4015801
0.40158862
0.40159842
0.40160948
0.40162158
0.40163437
0.40164685
0.40165818
0.40166765
0.40167478
0.4016794
0.40168166
0.401682
0.4016806
0.40167743
0.40167236
0.4016651
0.4016559
0.40164503
0.40163317
0.40162134
0.40161046
0.4016014
0.40159482
0.40159073
0.40158877
0.40158835
0.40158862
0.40158868
0.40158767
0.40158513
0.4015806
0.40157443
0.40156722
0.4015596
0.4015522
0.40154558
0.40154
0.40153557
0.401532
0.40152946
0.4015279
0.40152788
0.40152988
0.40153447
0.40154207
0.40155268
0.40156618
0.40158188
0.40159908
0.40161678
0.40163398
0.4016498
0.40166375
0.40167502
0.40168303
0.40168712
0.40168682
0.401682
0.40167278
0.40165988
0.40164447
0.40162766
0.4016108
0.401595
0.40158084
0.40156856
0.4015581
0.40154937
0.4015421
0.40153638
0.40153235
0.4015304
0.40153113
0.40153524
0.401543
0.4015546
0.40156996
0.40158805
0.40160757
0.40162653
0.4016428
0.4016545
0.40166023
0.40165907
0.40165105
0.40163693
0.40161806
0.40159655
0.4015746
0.40155447
0.40153778
0.40152588
0.40151945
0.4015185
0.40152258
0.40153074
0.40154183
0.40155435
0.40156698
0.40157843
0.4015877
0.40159413
0.4015979
0.4015994
0.40159944
0.401599
0.4015987
0.4015993
0.40160125
0.40160498
0.40161067
0.40161806
0.4016267
0.40163568
0.40164384
0.40165022
0.401654
0.40165478
0.40165251
0.40164775
0.40164128
0.40163404
0.40162656
0.40161934
0.40161228
0.40160516
0.40159747
0.4015889
0.40157914
0.4015685
0.40155745
0.4015467
0.40153715
0.40152988
0.40152594
0.40152636
0.40153167
0.40154222
0.4015579
0.40157807
0.40160185
0.40162787
0.4016545
0.40168023
0.40170345
0.4017228
0.4017372
0.40174565
0.40174758
0.4017429
0.4017319
0.40171537
0.4016943
0.4016702
0.40164453
0.40161896
0.4015949
0.4015733
0.40155488
0.40153992
0.40152824
0.40151954
0.40151322
0.40150887
0.40150604
0.4015045
0.40150416
0.4015049
0.4015066
0.40150928
0.40151292
0.4015175
0.40152285
0.40152875
0.40153474
0.40154043
0.40154558
0.40155038
0.4015553
0.40156093
0.40156806
0.40157673
0.40158692
0.40159792
0.40160877
0.40161806
0.40162498
0.40162873
0.4016293
0.40162697
0.40162268
0.40161732
0.40161157
0.4016061
0.40160125
0.40159717
0.40159398
0.4015919
0.40159115
0.40159214
0.40159506
0.40159997
0.40160647
0.40161386
0.40162167
0.40162924
0.4016364
0.4016433
0.4016502
0.40165722
0.40166435
0.40167102
0.40167665
0.40168047
0.40168226
0.40168193
0.40167996
0.40167698
0.40167367
0.4016707
0.40166816
0.40166587
0.40166324
0.40165952
0.40165398
0.4016462
0.4016362
0.40162444
0.40161163
0.4015987
0.40158644
0.4015753
0.4015656
0.4015574
0.40155074
0.40154585
0.4015427
0.40154105
0.40154055
0.40154058
0.40154046
0.40153968
0.40153787
0.4015348
0.40153098
0.40152696
0.4015235
0.40152127
0.40152088
0.40152276
0.40152737
0.40153518
0.401546
0.40155995
0.4015765
0.40159458
0.4016131
0.4016302
0.40164438
0.40165427
0.40165922
0.40165907
0.40165415
0.40164536
0.4016341
0.4016215
0.40160862
0.4015966
0.4015862
0.40157822
0.40157324
0.40157166
0.4015735
0.40157855
0.4015863
0.40159616
0.4016074
0.40161952
0.40163222
0.40164575
0.4016604
0.4016764
0.40169367
0.40171188
0.4017303
0.40174794
0.4017635
0.40177578
0.4017837
0.40178633
0.40178332
0.4017745
0.4017605
0.40174207
0.40172037
0.40169662
0.40167218
0.40164825
0.4016261
0.40160677
0.401591
0.4015793
0.40157196
0.4015687
0.4015689
0.40157163
0.40157565
0.40158007
0.40158415
0.4015877
0.40159068
0.40159354
0.4015964
0.40159935
0.4016023
0.401605
0.40160722
0.40160853
0.40160903
0.40160865
0.40160757
0.4016056
0.40160245
0.40159783
0.40159136
0.40158308
0.4015731
0.401562
0.40155086
0.40154046
0.4015318
0.40152568
0.4015228
0.40152356
0.40152815
0.40153643
0.401548
0.40156233
0.40157887
0.40159726
0.40161705
0.4016377
0.40165877
0.4016793
0.40169868
0.40171614
0.40173122
0.40174347
0.40175223
0.40175694
0.4017572
0.40175274
0.40174353
0.40173012
0.40171322
0.40169415
0.40167433
0.40165535
0.40163824
0.4016241
0.40161338
0.40160626
0.40160254
0.40160167
0.40160275
0.40160465
0.4016063
0.40160695
0.4016063
0.40160406
0.4016006
0.40159622
0.40159136
0.40158623
0.40158102
0.40157565
0.40157
0.40156403
0.4015577
0.40155104
0.40154436
0.4015379
0.40153217
0.40152773
0.40152514
0.4015251
0.40152794
0.40153387
0.4015429
0.4015549
0.4015696
0.4015864
0.40160483
0.4016241
0.4016435
0.40166217
0.40167913
0.40169346
0.4017045
0.4017118
0.4017154
0.40171546
0.4017123
0.40170628
0.40169775
0.4016868
0.40167305
0.40165615
0.40163568
0.40161192
0.40158528
0.40155688
0.40152815
0.4015004
0.4014752
0.40145352
0.4014361
0.40142342
0.40141535
0.40141183
0.40141234
0.40141636
0.4014233
0.40143263
0.40144375
0.40145615
0.4014695
0.40148342
0.40149787
0.4015129
0.40152848
0.40154472
0.40156153
0.40157872
0.4015957
0.40161183
0.4016258
0.40163648
0.40164286
0.40164444
0.40164134
0.40163428
0.4016243
0.40161267
0.40160048
0.40158862
0.40157777
0.4015683
0.40156043
0.40155402
0.4015491
0.40154558
0.40154353
0.40154305
0.40154415
0.40154696
0.4015514
0.40155798
0.40156704
0.40157887
0.40159366
0.40161142
0.40163165
0.40165362
0.40167612
0.40169778
0.40171725
0.40173346
0.40174583
0.40175423
0.40175903
0.40176067
0.40176
0.4017578
0.40175465
0.40175107
0.4017476
0.4017443
0.40174115
0.40173814
0.40173554
0.40173337
0.40173197
0.4017313
0.4017308
0.4017297
0.40172702
0.40172192
0.40171418
0.40170366
0.4016907
0.4016756
0.4016588
0.4016407
0.40162227
0.40160456
0.40158895
0.4015767
0.40156892
0.4015664
0.4015696
0.40157855
0.4015926
0.401611
0.40163222
0.40165496
0.4016775
0.4016986
0.4017171
0.40173244
0.4017443
0.40175286
0.4017583
0.40176085
0.40176088
0.40175894
0.40175587
0.40175265
0.40175018
0.4017492
0.40174985
0.40175197
0.40175512
0.4017588
0.4017626
0.4017662
0.40176964
0.40177247
0.40177432
0.4017748
0.4017733
0.4017696
0.40176362
0.40175572
0.40174675
0.40173784
0.40172988
0.4017237
0.40171954
0.40171695
0.40171495
0.40171245
0.40170845
0.4017024
0.4016943
0.40168464
0.40167397
0.4016629
0.40165153
0.40163988
0.4016276
0.4016145
0.40160048
0.40158582
0.40157095
0.40155652
0.40154302
0.40153125
0.40152177
0.40151513
0.40151167
0.40151158
0.40151492
0.40152133
0.4015302
0.4015409
0.40155205
0.40156257
0.40157086
0.40157574
0.4015764
0.4015727
0.40156496
0.40155396
0.40154058
0.40152577
0.4015102
0.40149468
0.40147975
0.40146595
0.4014537
0.40144327
0.40143478
0.4014284
0.40142402
0.40142167
0.40142122
0.40142286
0.40142676
0.40143326
0.40144274
0.4014553
0.40147102
0.40148923
0.401509
0.401529
0.4015481
0.4015648
0.40157855
0.4015894
0.40159765
0.40160444
0.4016108
0.4016178
0.40162617
0.4016365
0.40164876
0.40166265
0.4016777
0.4016933
0.40170863
0.40172264
0.40173408
0.40174192
0.4017452
0.4017433
0.40173617
0.40172428
0.4017085
0.40169036
0.40167165
0.40165424
0.40163973
0.40162942
0.4016238
0.40162292
0.40162635
0.4016332
0.40164244
0.4016528
0.40166292
0.40167138
0.4016767
0.40167785
0.40167424
0.40166605
0.40165383
0.401639
0.40162313
0.4016077
0.4015939
0.40158248
0.401574
0.40156862
0.40156665
0.40156835
0.40157387
0.40158316
0.40159586
0.40161106
0.40162727
0.4016428
0.40165597
0.40166545
0.4016705
0.40167117
0.401668
0.4016622
0.40165505
0.4016478
0.40164152
0.40163687
0.4016341
0.40163323
0.40163395
0.40163618
0.4016399
0.40164515
0.40165216
0.40166092
0.4016713
0.40168282
0.40169472
0.4017062
0.40171656
0.4017254
0.40173304
0.40174034
0.40174943
0.40176383
0.40178838
0.40182996
0.4018977
0.4020041
0.40216595
0.4024084
0.40276167
0.403268
0.40398598
0.4049942
0.4063991
0.40834275
0.41104588
0.41473144
0.41970843
0.42645058
0.4355986
0.44776306
