0.44253388
0.43201464
0.42411956
0.41817063
0.41372532
0.4104395
0.40803003
0.40625694
0.40495947
0.40401885
0.40333802
0.40284815
0.40249735
0.40224683
0.40206745
0.4019379
0.4018426
0.40177047
0.4017141
0.4016686
0.401631
0.40159965
0.4015736
0.40155208
0.40153462
0.40152082
0.4015105
0.4015035
0.40149996
0.40149996
0.4015039
0.40151167
0.4015233
0.40153837
0.4015563
0.4015763
0.40159726
0.40161777
0.40163624
0.40165117
0.4016611
0.40166497
0.40166238
0.40165314
0.4016376
0.4016164
0.40159068
0.40156198
0.40153193
0.40150243
0.40147492
0.40145043
0.4014299
0.40141368
0.4014021
0.40139502
0.40139237
0.4013938
0.40139928
0.4014085
0.4014213
0.40143746
0.40145645
0.401478
0.40150124
0.40152508
0.4015483
0.4015692
0.40158632
0.4015985
0.4016051
0.40160602
0.40160194
0.4015939
0.40158296
0.40157053
0.40155768
0.40154532
0.40153414
0.4015246
0.4015168
0.4015107
0.401506
0.4015021
0.40149844
0.40149468
0.40149036
0.40148547
0.40147975
0.40147308
0.4014653
0.4014569
0.4014484
0.40144074
0.40143487
0.40143156
0.4014315
0.40143514
0.4014426
0.40145385
0.40146863
0.40148652
0.40150663
0.40152815
0.40154994
0.40157095
0.40159017
0.4016067
0.40162
0.4016299
0.4016366
0.40164053
0.40164247
0.4016431
0.40164322
0.40164316
0.4016431
0.40164253
0.40164065
0.4016365
0.40162933
0.40161884
0.40160516
0.40158895
0.40157112
0.40155295
0.40153545
0.40151957
0.4015063
0.4014964
0.4014908
0.40149006
0.4014945
0.40150407
0.4015184
0.40153682
0.40155828
0.4015814
0.40160465
0.4016263
0.40164495
0.40165928
0.40166867
0.40167254
0.401671
0.40166438
0.4016534
0.4016388
0.40162146
0.40160203
0.40158153
0.40156096
0.40154147
0.40152434
0.4015104
0.40150034
0.40149456
0.40149307
0.40149584
0.40150243
0.40151232
0.40152484
0.40153936
0.40155488
0.4015705
0.40158528
0.4015985
0.4016097
0.40161893
0.40162653
0.401633
0.4016387
0.40164378
0.40164822
0.40165195
0.40165487
0.40165716
0.4016592
0.40166166
0.401665
0.40166962
0.40167505
0.40168062
0.40168533
0.40168798
0.4016877
0.40168396
0.4016766
0.40166587
0.40165237
0.40163702
0.40162066
0.40160388
0.40158707
0.4015706
0.40155464
0.40153983
0.40152642
0.40151492
0.40150562
0.40149876
0.4014943
0.40149212
0.40149203
0.40149394
0.4014978
0.40150383
0.40151203
0.40152225
0.40153387
0.40154576
0.4015567
0.40156513
0.40156975
0.40156993
0.40156537
0.40155652
0.4015442
0.4015296
0.40151373
0.4014977
0.4014822
0.40146807
0.40145564
0.40144515
0.40143687
0.40143114
0.40142822
0.4014283
0.40143123
0.4014368
0.4014448
0.4014548
0.40146658
0.40147963
0.40149397
0.40150923
0.4015251
0.40154105
0.40155604
0.40156907
0.40157902
0.40158528
0.4015877
0.40158647
0.4015827
0.40157744
0.40157214
0.40156794
0.40156573
0.401566
0.40156898
0.40157452
0.40158203
0.40159082
0.40160015
0.40160903
0.40161705
0.40162373
0.40162918
0.4016334
0.4016365
0.40163845
0.40163913
0.40163878
0.40163743
0.40163565
0.40163377
0.40163222
0.40163147
0.40163174
0.40163326
0.40163624
0.40164095
0.40164754
0.40165642
0.40166834
0.40168372
0.4017029
0.40172547
0.40175074
0.40177748
0.40180406
0.40182894
0.4018505
0.4018675
0.401879
0.4018843
0.4018831
0.40187526
0.40186095
0.40184066
0.40181512
0.40178522
0.40175214
0.4017173
0.40168223
0.40164816
0.4016161
0.40158698
0.40156117
0.40153894
0.40152025
0.4015046
0.40149167
0.40148112
0.40147293
0.40146735
0.40146455
0.40146482
0.40146837
0.40147513
0.4014852
0.4014983
0.4015138
0.4015308
0.40154815
0.4015644
0.40157822
0.4015885
0.4015948
0.40159705
0.40159553
0.40159073
0.4015833
0.40157402
0.40156376
0.4015537
0.40154466
0.4015377
0.40153354
0.40153253
0.4015349
0.4015403
0.4015484
0.4015589
0.40157154
0.40158606
0.40160224
0.4016198
0.4016382
0.4016566
0.40167418
0.40168986
0.40170255
0.40171126
0.40171537
0.40171444
0.40170845
0.40169778
0.401683
0.40166527
0.40164563
0.40162557
0.4016067
0.40159008
0.40157664
0.40156683
0.4015606
0.4015579
0.40155834
0.40156156
0.4015668
0.40157315
0.40157947
0.40158463
0.40158784
0.40158886
0.4015877
0.4015848
0.4015806
0.4015757
0.40157053
0.4015656
0.4015613
0.40155774
0.40155497
0.40155286
0.4015513
0.40155026
0.40154964
0.4015493
0.40154892
0.40154833
0.4015475
0.4015466
0.4015464
0.40154755
0.40155038
0.40155512
0.40156147
0.4015689
0.40157664
0.4015841
0.40159068
0.40159613
0.4016001
0.40160224
0.40160224
0.4016001
0.40159613
0.40159103
0.4015856
0.40158084
0.40157768
0.4015769
0.40157914
0.40158463
0.40159324
0.4016044
0.4016173
0.4016306
0.4016434
0.4016546
0.40166366
0.40167013
0.40167415
0.40167567
0.40167475
0.40167132
0.4016654
0.40165707
0.4016469
0.40163583
0.40162483
0.40161505
0.4016074
0.4016027
0.4016015
0.401604
0.40161023
0.4016196
0.40163118
0.4016436
0.40165538
0.40166488
0.40167108
0.4016734
0.40167204
0.4016673
0.40166017
0.4016517
0.401643
0.40163502
0.4016284
0.4016237
0.40162098
0.40162012
0.40162057
0.40162182
0.40162337
0.40162465
0.40162534
0.40162557
0.4016256
0.40162602
0.40162724
0.4016295
0.40163293
0.40163726
0.40164244
0.4016484
0.40165478
0.4016611
0.40166646
0.40167007
0.40167108
0.4016693
0.40166476
0.4016581
0.40164998
0.40164134
0.4016328
0.40162495
0.40161806
0.40161234
0.40160823
0.40160578
0.40160516
0.4016062
0.40160856
0.40161204
0.40161636
0.40162137
0.4016265
0.40163133
0.40163493
0.40163657
0.40163586
0.4016325
0.40162694
0.40161976
0.40161192
0.40160468
0.40159887
0.40159562
0.40159523
0.40159777
0.40160257
0.401609
0.40161607
0.401623
0.40162963
0.40163583
0.40164185
0.40164793
0.4016543
0.4016608
0.40166706
0.40167263
0.40167728
0.40168115
0.40168497
0.4016896
0.4016961
0.4017052
0.40171742
0.4017329
0.40175113
0.4017712
0.40179172
0.4018117
0.40182978
0.40184507
0.40185684
0.40186444
0.4018675
0.40186596
0.40185973
0.40184903
0.4018343
0.401816
0.4017949
0.40177202
0.40174833
0.401725
0.40170315
0.4016839
0.40166792
0.40165606
0.40164855
0.40164563
0.40164742
0.40165368
0.401664
0.4016775
0.40169302
0.4017094
0.40172526
0.40173945
0.4017511
0.40175968
0.401765
0.4017671
0.40176615
0.40176266
0.40175718
0.4017502
0.40174246
0.40173435
0.40172622
0.4017182
0.4017102
0.4017024
0.4016947
0.40168673
0.40167814
0.40166858
0.4016582
0.4016471
0.40163618
0.40162674
0.40161976
0.4016163
0.40161696
0.40162194
0.40163088
0.40164304
0.40165716
0.40167168
0.40168485
0.40169522
0.40170172
0.40170383
0.40170148
0.40169504
0.40168563
0.40167442
0.4016627
0.40165162
0.40164208
0.40163434
0.40162846
0.4016242
0.40162107
0.40161857
0.40161636
0.4016139
0.40161067
0.40160644
0.40160134
0.40159598
0.40159088
0.40158674
0.40158382
0.40158212
0.4015811
0.40158007
0.40157807
0.4015744
0.4015687
0.40156123
0.40155247
0.40154296
0.40153337
0.40152422
0.40151623
0.40151006
0.40150687
0.40150765
0.4015131
0.40152356
0.40153894
0.40155855
0.40158144
0.4016063
0.40163156
0.4016556
0.4016771
0.40169507
0.40170896
0.40171868
0.40172458
0.40172732
0.40172806
0.4017281
0.40172854
0.4017304
0.40173382
0.40173858
0.4017442
0.40174985
0.40175512
0.40175962
0.40176323
0.40176606
0.4017683
0.4017703
0.40177247
0.40177476
0.40177706
0.4017788
0.40177912
0.4017774
0.4017729
0.40176523
0.4017543
0.40174046
0.4017245
0.40170744
0.4016906
0.4016755
0.40166354
0.40165606
0.40165395
0.4016575
0.40166643
0.4016797
0.40169567
0.40171248
0.40172777
0.40173933
0.40174574
0.40174565
0.40173885
0.40172526
0.40170568
0.4016812
0.4016534
0.4016239
0.40159428
0.40156624
0.40154117
0.40152007
0.40150374
0.40149266
0.4014869
0.40148643
0.40149093
0.4014998
0.40151238
0.4015279
0.4015454
0.40156394
0.40158245
0.40160015
0.40161625
0.40163007
0.40164095
0.40164828
0.40165192
0.40165204
0.4016492
0.40164444
0.40163854
0.40163267
0.40162772
0.4016247
0.40162456
0.40162778
0.40163463
0.40164477
0.4016575
0.4016716
0.40168542
0.40169746
0.40170604
0.40171027
0.4017096
0.40170407
0.4016944
0.40168175
0.40166774
0.40165383
0.40164137
0.4016314
0.40162456
0.40162104
0.40162063
0.40162316
0.401628
0.40163454
0.40164232
0.40165058
0.40165877
0.40166587
0.4016709
0.40167275
0.40167046
0.40166342
0.4016515
0.4016351
0.40161523
0.40159312
0.40157044
0.4015487
0.40152934
0.40151346
0.40150172
0.40149435
0.40149134
0.40149233
0.40149698
0.4015049
0.40151533
0.40152755
0.4015408
0.40155417
0.4015665
0.40157673
0.40158382
0.40158725
0.40158695
0.4015836
0.40157822
0.40157178
0.40156555
0.40156046
0.401557
0.40155575
0.401557
0.40156078
0.4015671
0.40157565
0.40158603
0.4015976
0.40160936
0.40162027
0.401629
0.40163437
0.40163583
0.4016332
0.40162712
0.40161866
0.40160945
0.40160093
0.40159425
0.40159073
0.40159085
0.4015949
0.4016029
0.40161464
0.4016295
0.40164676
0.40166554
0.401685
0.40170386
0.401721
0.40173542
0.40174624
0.40175295
0.40175512
0.40175268
0.40174568
0.40173453
0.40172005
0.40170315
0.40168515
0.40166762
0.40165207
0.40164003
0.40163255
0.40163046
0.40163377
0.40164205
0.4016542
0.40166888
0.40168405
0.40169775
0.40170816
0.401714
0.4017144
0.4017093
0.4016989
0.40168405
0.40166605
0.40164614
0.40162575
0.40160617
0.40158847
0.40157348
0.4015618
0.4015538
0.40154955
0.4015489
0.40155146
0.4015564
0.40156308
0.40157044
0.40157747
0.40158322
0.40158674
0.4015875
0.4015854
0.4015809
0.40157455
0.4015671
0.4015594
0.4015523
0.40154657
0.40154272
0.40154105
0.40154162
0.40154445
0.4015496
0.4015572
0.40156728
0.40157986
0.40159473
0.40161127
0.4016285
0.40164554
0.40166074
0.40167278
0.4016803
0.4016822
0.40167794
0.4016674
0.40165105
0.4016299
0.4016053
0.40157887
0.4015522
0.4015269
0.4015042
0.40148538
0.40147117
0.40146184
0.4014574
0.4014574
0.40146112
0.4014675
0.40147546
0.40148386
0.40149173
0.40149847
0.40150386
0.40150788
0.40151063
0.4015123
0.401513
0.40151328
0.40151367
0.4015146
0.4015167
0.40152058
0.40152663
0.4015353
0.40154666
0.4015605
0.4015765
0.40159392
0.40161178
0.40162888
0.40164366
0.40165472
0.40166098
0.40166205
0.40165812
0.40164992
0.40163848
0.40162507
0.4016107
0.40159613
0.40158188
0.40156826
0.40155533
0.40154326
0.40153217
0.4015221
0.4015134
0.40150622
0.40150118
0.40149865
0.40149885
0.4015019
0.40150782
0.40151662
0.40152818
0.4015425
0.4015594
0.40157828
0.40159836
0.40161857
0.4016379
0.4016554
0.40167022
0.40168166
0.4016895
0.40169364
0.40169436
0.40169233
0.40168822
0.4016826
0.40167612
0.40166897
0.40166107
0.40165198
0.4016414
0.4016291
0.40161508
0.40159947
0.40158272
0.40156546
0.4015483
0.4015321
0.4015174
0.40150464
0.4014944
0.4014871
0.40148294
0.40148205
0.40148437
0.40148982
0.40149802
0.40150845
0.40152034
0.40153277
0.40154466
0.40155488
0.4015628
0.4015682
0.40157136
0.40157297
0.4015741
0.40157542
0.40157765
0.40158108
0.4015862
0.40159306
0.4016016
0.4016116
0.40162244
0.40163308
0.40164262
0.4016499
0.40165383
0.40165392
0.4016498
0.40164188
0.40163076
0.40161744
0.40160277
0.40158767
0.40157276
0.40155867
0.40154573
0.40153462
0.40152577
0.40151998
0.40151775
0.40151966
0.40152594
0.40153652
0.40155098
0.40156847
0.40158772
0.40160707
0.40162447
0.40163848
0.4016476
0.40165117
0.40164906
0.4016415
0.40162918
0.40161327
0.4015952
0.4015764
0.40155843
0.40154248
0.40152952
0.40151986
0.40151355
0.4015104
0.40151015
0.4015127
0.40151802
0.401526
0.40153638
0.40154874
0.40156242
0.40157673
0.40159097
0.40160447
0.4016171
0.401629
0.40164065
0.40165237
0.40166438
0.40167636
0.4016875
0.40169704
0.40170422
0.40170887
0.4017112
0.40171182
0.40171176
0.40171197
0.4017134
0.4017171
0.40172416
0.40173605
0.4017554
0.40178612
0.4018345
0.4019093
0.4020227
0.40219137
0.4024403
0.40279907
0.40331
0.40403122
0.40504125
0.4064464
0.4083884
0.41108838
0.41476953
0.4197413
0.4264774
0.4356196
0.44777817
