0.4425806
0.43207774
0.4241987
0.41826594
0.4138358
0.41056338
0.40816346
0.40639582
0.40510038
0.40415865
0.4034748
0.40298092
0.40262586
0.40237153
0.40218902
0.40205726
0.4019607
0.40188816
0.40183192
0.40178668
0.40174925
0.4017178
0.40169144
0.4016698
0.40165296
0.40164104
0.40163422
0.40163234
0.40163475
0.40164053
0.40164825
0.4016562
0.40166262
0.40166605
0.40166548
0.40166065
0.4016519
0.40164003
0.4016263
0.4016121
0.40159857
0.401587
0.40157822
0.40157256
0.40157044
0.4015718
0.40157643
0.40158424
0.4015953
0.40160936
0.40162614
0.40164486
0.4016647
0.40168485
0.40170506
0.40172556
0.40174806
0.40177536
0.40181217
0.40186536
0.40194434
0.40206182
0.40223464
0.40248778
0.40285054
0.40336472
0.4040879
0.40509817
0.40650183
0.40844065
0.4111358
0.41481093
0.41977602
0.4265047
0.43563995
0.44779238
