0.44259566
0.4320993
0.42422786
0.4183032
0.41388044
0.41061333
0.40821487
0.406444
0.4051396
0.4041833
0.40347958
0.40296203
0.4025817
0.40230295
0.40209982
0.40195346
0.40184975
0.40177825
0.40173104
0.40170187
0.40168574
0.4016785
0.40167665
0.40167755
0.40167925
0.40168035
0.40167987
0.4016773
0.40167245
0.40166548
0.4016567
0.40164632
0.40163493
0.40162283
0.40161037
0.40159774
0.4015854
0.40157372
0.4015633
0.4015546
0.40154842
0.40154514
0.40154505
0.40154812
0.4015539
0.40156186
0.401571
0.40158048
0.40158927
0.4015969
0.40160328
0.40160894
0.40161434
0.4016201
0.4016263
0.4016327
0.40163872
0.4016435
0.40164632
0.4016467
0.40164456
0.4016404
0.4016348
0.40162873
0.40162286
0.40161765
0.40161338
0.4016101
0.40160793
0.40160686
0.40160695
0.40160817
0.40161005
0.40161207
0.40161362
0.40161407
0.40161294
0.4016102
0.40160596
0.4016007
0.40159464
0.4015879
0.40158036
0.40157205
0.4015632
0.40155435
0.40154654
0.40154046
0.40153688
0.40153623
0.4015383
0.40154275
0.40154874
0.40155563
0.40156266
0.40156993
0.40157777
0.40158695
0.4015981
0.40161142
0.4016268
0.40164337
0.40166005
0.40167525
0.40168726
0.40169445
0.40169546
0.40168962
0.40167686
0.4016581
0.40163463
0.4016084
0.40158153
0.401556
0.40153354
0.40151557
0.40150306
0.40149668
0.4014966
0.40150246
0.4015139
0.40152985
0.4015493
0.40157112
0.4015944
0.40161833
0.40164244
0.4016662
0.40168902
0.40170997
0.40172857
0.40174428
0.40175664
0.4017651
0.4017689
0.40176743
0.40176055
0.4017486
0.4017322
0.40171257
0.4016907
0.4016675
0.40164384
0.40162006
0.40159655
0.40157342
0.40155104
0.40153012
0.40151125
0.40149546
0.40148342
0.40147585
0.40147343
0.4014765
0.4014853
0.4014998
0.40151948
0.40154362
0.40157107
0.4016002
0.40162942
0.4016567
0.40168047
0.40169978
0.40171424
0.40172413
0.4017303
0.40173393
0.40173614
0.4017378
0.4017397
0.40174207
0.40174505
0.40174848
0.40175235
0.40175658
0.40176094
0.40176514
0.40176848
0.4017703
0.4017701
0.40176758
0.401763
0.4017571
0.4017507
0.40174484
0.40174022
0.40173706
0.4017352
0.40173423
0.40173364
0.40173337
0.40173346
0.40173414
0.40173534
0.4017366
0.40173712
0.40173584
0.40173185
0.40172434
0.40171292
0.40169764
0.4016788
0.4016571
0.40163368
0.40160972
0.40158665
0.40156555
0.4015472
0.40153193
0.40151963
0.40151006
0.40150267
0.40149716
0.40149322
0.4014907
0.4014894
0.40148917
0.40148976
0.40149093
0.40149257
0.40149435
0.40149587
0.40149716
0.40149784
0.4014977
0.40149647
0.4014944
0.4014917
0.40148833
0.4014846
0.4014807
0.40147695
0.40147358
0.40147087
0.40146908
0.40146863
0.40147004
0.4014735
0.40147915
0.40148693
0.40149656
0.40150774
0.40151972
0.40153158
0.4015422
0.40155038
0.4015547
0.40155447
0.4015493
0.40153936
0.40152532
0.40150815
0.40148914
0.40146956
0.4014506
0.40143323
0.40141803
0.4014054
0.4013956
0.40138844
0.40138382
0.40138152
0.40138152
0.40138382
0.40138853
0.40139583
0.4014058
0.4014185
0.40143386
0.40145156
0.40147102
0.4014917
0.4015129
0.401534
0.4015545
0.40157428
0.4015931
0.40161046
0.40162602
0.4016391
0.40164933
0.40165648
0.40166056
0.4016623
0.40166238
0.40166163
0.40166035
0.40165895
0.40165728
0.40165478
0.40165046
0.40164346
0.40163305
0.4016192
0.40160233
0.40158352
0.40156403
0.40154538
0.40152892
0.40151566
0.40150613
0.40150025
0.401498
0.40149906
0.4015033
0.40151075
0.40152147
0.40153533
0.4015523
0.40157193
0.40159371
0.40161687
0.40164036
0.40166315
0.40168455
0.40170386
0.40172073
0.4017346
0.40174466
0.40175
0.40174994
0.40174425
0.401733
0.40171725
0.40169832
0.40167806
0.40165845
0.40164122
0.40162745
0.40161827
0.40161422
0.40161526
0.4016209
0.40162987
0.40164092
0.4016526
0.40166378
0.40167397
0.40168294
0.40169114
0.4016988
0.40170616
0.401713
0.4017187
0.40172243
0.4017235
0.40172145
0.4017161
0.40170795
0.4016976
0.40168646
0.40167576
0.40166697
0.40166086
0.40165788
0.40165776
0.40166
0.40166333
0.40166646
0.40166828
0.40166783
0.40166488
0.4016595
0.40165225
0.4016439
0.4016349
0.4016254
0.40161526
0.4016042
0.4015923
0.40158
0.40156806
0.4015573
0.40154845
0.4015422
0.40153894
0.40153885
0.4015423
0.4015496
0.40156078
0.40157568
0.40159395
0.40161517
0.4016389
0.40166453
0.40169144
0.4017192
0.40174744
0.40177533
0.4018019
0.4018261
0.40184695
0.40186357
0.40187523
0.40188158
0.40188226
0.40187734
0.40186706
0.4018517
0.4018321
0.40180898
0.40178338
0.40175644
0.40172914
0.40170243
0.40167707
0.4016537
0.4016332
0.401616
0.40160275
0.40159392
0.40159
0.40159094
0.40159678
0.4016071
0.40162122
0.4016384
0.4016573
0.4016768
0.40169513
0.4017107
0.40172252
0.40172976
0.40173227
0.40173033
0.40172467
0.40171632
0.4017065
0.40169597
0.40168568
0.40167594
0.40166736
0.40166047
0.40165606
0.40165478
0.40165716
0.40166333
0.4016731
0.40168583
0.40170035
0.40171522
0.40172905
0.40174082
0.4017497
0.40175557
0.40175828
0.4017584
0.40175644
0.40175316
0.40174916
0.4017446
0.40173966
0.40173423
0.40172818
0.40172157
0.40171444
0.40170762
0.4017017
0.4016974
0.4016952
0.40169546
0.40169787
0.4017019
0.4017063
0.40170994
0.40171131
0.4017096
0.4017042
0.40169525
0.40168372
0.40167084
0.40165836
0.401648
0.40164122
0.4016389
0.4016411
0.4016474
0.4016565
0.40166682
0.40167654
0.40168396
0.4016877
0.40168712
0.40168202
0.40167296
0.40166086
0.4016469
0.40163237
0.4016184
0.4016062
0.40159646
0.40158963
0.40158603
0.4015856
0.4015887
0.40159535
0.40160567
0.40161946
0.4016361
0.4016546
0.40167356
0.40169138
0.40170676
0.4017187
0.40172705
0.401732
0.4017343
0.40173495
0.40173534
0.4017366
0.40173963
0.40174487
0.40175247
0.40176198
0.40177262
0.40178302
0.40179205
0.4017984
0.40180132
0.40180027
0.4017952
0.4017866
0.401775
0.40176168
0.4017478
0.4017348
0.40172416
0.40171686
0.40171355
0.40171427
0.40171847
0.40172482
0.4017319
0.40173775
0.4017406
0.40173894
0.40173173
0.40171847
0.40169924
0.40167457
0.4016456
0.40161368
0.40158048
0.40154767
0.40151665
0.40148857
0.40146416
0.40144387
0.40142763
0.40141532
0.4014066
0.401401
0.40139836
0.40139836
0.40140083
0.40140578
0.40141317
0.40142304
0.40143546
0.4014505
0.40146804
0.4014877
0.40150887
0.40153033
0.4015508
0.4015687
0.40158272
0.40159166
0.4015952
0.4015936
0.4015877
0.40157866
0.40156817
0.40155765
0.40154845
0.40154153
0.4015376
0.4015372
0.4015407
0.40154827
0.40156
0.40157548
0.40159386
0.4016138
0.4016335
0.4016511
0.40166512
0.4016744
0.40167856
0.401678
0.40167356
0.40166652
0.40165836
0.40165013
0.4016431
0.40163857
0.4016378
0.40164155
0.40165025
0.40166375
0.40168115
0.40170112
0.40172178
0.40174097
0.40175703
0.40176845
0.40177423
0.401774
0.40176752
0.40175542
0.40173855
0.40171817
0.40169582
0.40167293
0.40165082
0.40163043
0.4016124
0.40159705
0.40158415
0.4015731
0.40156314
0.4015537
0.4015444
0.40153518
0.4015262
0.40151814
0.40151143
0.4015064
0.40150324
0.4015018
0.40150177
0.40150258
0.40150347
0.40150374
0.40150294
0.40150058
0.40149692
0.40149212
0.40148675
0.40148184
0.40147817
0.40147656
0.40147737
0.40148053
0.40148598
0.4014933
0.4015023
0.40151262
0.40152413
0.4015365
0.40154946
0.40156287
0.40157658
0.4015902
0.4016034
0.4016155
0.4016256
0.40163276
0.40163627
0.40163562
0.40163094
0.40162277
0.40161225
0.40160057
0.40158877
0.40157765
0.40156767
0.40155914
0.40155244
0.4015481
0.4015467
0.40154868
0.40155444
0.40156382
0.40157667
0.4015924
0.40161037
0.40162948
0.40164882
0.40166765
0.4016857
0.40170297
0.4017194
0.40173474
0.4017483
0.40175894
0.40176556
0.401767
0.40176266
0.4017524
0.4017366
0.40171638
0.40169343
0.40166968
0.40164727
0.4016279
0.40161315
0.40160397
0.40160075
0.40160322
0.40161067
0.40162188
0.40163562
0.40165007
0.40166366
0.40167502
0.40168312
0.40168765
0.40168884
0.40168756
0.40168533
0.4016836
0.4016837
0.4016866
0.4016925
0.40170106
0.40171143
0.40172228
0.40173194
0.40173906
0.40174246
0.4017416
0.40173653
0.40172768
0.4017159
0.40170228
0.4016881
0.40167442
0.40166202
0.4016513
0.40164232
0.4016346
0.40162757
0.4016208
0.401614
0.4016074
0.40160114
0.4015957
0.4015917
0.4015899
0.40159103
0.4015958
0.40160468
0.40161774
0.4016348
0.40165505
0.40167713
0.40169933
0.40171996
0.40173754
0.40175077
0.40175906
0.40176207
0.4017602
0.40175396
0.40174457
0.4017328
0.4017198
0.4017063
0.4016931
0.40168014
0.40166736
0.40165415
0.4016404
0.4016259
0.4016114
0.40159777
0.40158623
0.4015776
0.4015727
0.40157178
0.4015746
0.4015806
0.40158877
0.40159786
0.40160665
0.40161386
0.40161875
0.40162092
0.40162078
0.40161884
0.4016162
0.40161365
0.4016119
0.401611
0.4016108
0.40161085
0.40161088
0.40161088
0.40161115
0.40161243
0.4016151
0.40161988
0.40162686
0.40163612
0.40164718
0.40165964
0.40167242
0.40168437
0.4016941
0.40170044
0.40170273
0.4017009
0.4016955
0.4016874
0.401678
0.40166858
0.40166026
0.401654
0.40165034
0.40164924
0.4016503
0.4016525
0.40165442
0.40165505
0.4016536
0.40164965
0.40164337
0.4016352
0.40162516
0.4016133
0.40159947
0.4015839
0.40156686
0.40154916
0.40153155
0.40151486
0.40149996
0.4014879
0.40147948
0.40147543
0.40147614
0.40148205
0.40149313
0.4015092
0.40152988
0.40155435
0.4015817
0.40161052
0.4016393
0.40166652
0.40169042
0.40170968
0.4017233
0.40173075
0.40173167
0.4017264
0.4017156
0.40170068
0.40168306
0.4016646
0.40164706
0.40163198
0.40162045
0.40161335
0.40161055
0.40161157
0.40161517
0.40161994
0.4016241
0.401626
0.4016245
0.4016191
0.40161014
0.40159836
0.4015852
0.4015721
0.40156046
0.40155113
0.40154484
0.40154183
0.40154183
0.40154448
0.4015491
0.40155503
0.4015615
0.40156808
0.40157443
0.40158033
0.40158585
0.40159127
0.40159723
0.40160424
0.40161252
0.40162212
0.40163246
0.4016428
0.4016523
0.40165988
0.40166512
0.40166765
0.40166792
0.40166643
0.40166417
0.4016623
0.40166205
0.40166435
0.40166968
0.4016782
0.40168917
0.40170148
0.4017135
0.40172356
0.40173012
0.401732
0.4017286
0.4017198
0.40170592
0.40168783
0.40166673
0.4016439
0.40162048
0.40159738
0.40157554
0.4015555
0.40153757
0.40152204
0.40150887
0.40149775
0.4014885
0.40148118
0.40147555
0.40147203
0.40147087
0.40147236
0.4014766
0.40148336
0.40149212
0.40150234
0.4015135
0.40152526
0.40153697
0.40154818
0.40155837
0.40156746
0.4015753
0.40158224
0.40158898
0.401596
0.4016039
0.4016128
0.4016225
0.4016325
0.40164185
0.40164936
0.40165406
0.40165538
0.40165317
0.40164772
0.4016399
0.4016306
0.4016208
0.4016114
0.40160298
0.40159577
0.40158987
0.40158513
0.40158117
0.40157804
0.4015758
0.40157515
0.40157658
0.40158066
0.40158775
0.40159774
0.40161
0.40162396
0.40163872
0.40165314
0.401666
0.40167576
0.40168133
0.4016818
0.40167686
0.40166682
0.40165246
0.40163505
0.40161625
0.40159792
0.40158176
0.40156904
0.40156034
0.4015561
0.4015561
0.40155992
0.40156722
0.40157762
0.40159038
0.4016049
0.4016202
0.4016349
0.4016476
0.40165678
0.40166137
0.40166074
0.4016551
0.40164497
0.40163136
0.40161574
0.40159938
0.40158355
0.40156925
0.40155727
0.40154797
0.4015416
0.4015382
0.40153745
0.401539
0.40154213
0.40154573
0.401549
0.40155077
0.40155002
0.4015464
0.40153986
0.401531
0.40152055
0.40150955
0.40149862
0.40148857
0.4014798
0.40147266
0.40146738
0.40146425
0.4014635
0.40146548
0.40147024
0.4014776
0.40148735
0.40149876
0.40151146
0.40152505
0.40153915
0.4015537
0.40156832
0.4015827
0.40159598
0.40160716
0.40161517
0.401619
0.40161812
0.40161234
0.40160227
0.4015889
0.40157345
0.40155727
0.40154153
0.40152735
0.40151548
0.40150633
0.4014998
0.40149552
0.4014929
0.40149128
0.40149
0.4014886
0.4014869
0.40148512
0.40148357
0.40148273
0.40148315
0.40148526
0.40148923
0.40149525
0.40150315
0.4015129
0.40152422
0.40153688
0.40155068
0.40156522
0.40158018
0.4015948
0.40160817
0.40161934
0.40162724
0.4016314
0.40163162
0.4016285
0.40162304
0.40161628
0.4016096
0.40160382
0.40159962
0.40159735
0.40159705
0.4015985
0.40160158
0.4016061
0.4016125
0.40162113
0.40163276
0.40164793
0.40166706
0.4016904
0.40171766
0.40174806
0.40178025
0.40181252
0.4018432
0.40187088
0.40189415
0.4019121
0.40192407
0.40192953
0.40192863
0.40192142
0.40190837
0.4018901
0.40186727
0.40184096
0.40181231
0.40178284
0.4017536
0.4017257
0.40169996
0.40167665
0.4016559
0.4016378
0.40162244
0.40160993
0.4016002
0.40159324
0.4015892
0.4015884
0.40159115
0.40159768
0.40160793
0.40162143
0.40163717
0.40165386
0.40166965
0.40168312
0.40169287
0.4016979
0.4016981
0.40169382
0.401686
0.40167615
0.40166587
0.40165684
0.40165034
0.40164727
0.40164804
0.40165257
0.4016604
0.40167072
0.40168232
0.40169406
0.40170473
0.40171346
0.40171945
0.4017221
0.40172088
0.4017153
0.40170556
0.40169185
0.4016752
0.40165675
0.40163794
0.4016202
0.4016045
0.40159127
0.4015806
0.40157205
0.40156484
0.40155798
0.4015507
0.4015426
0.40153337
0.4015229
0.40151113
0.40149817
0.4014845
0.40147072
0.40145752
0.40144554
0.40143552
0.4014281
0.4014236
0.40142235
0.40142423
0.40142924
0.40143687
0.4014468
0.40145838
0.4014714
0.40148523
0.40149933
0.4015131
0.4015263
0.40153867
0.40155008
0.40156054
0.40156952
0.40157685
0.40158257
0.40158707
0.40159115
0.4015959
0.40160227
0.40161115
0.40162283
0.4016373
0.40165398
0.40167192
0.4016898
0.4017061
0.4017194
0.4017286
0.40173304
0.4017323
0.40172672
0.40171677
0.40170333
0.40168798
0.401672
0.40165696
0.40164384
0.4016336
0.40162647
0.40162238
0.40162066
0.40162078
0.401622
0.40162396
0.40162677
0.40163058
0.40163532
0.40164077
0.40164635
0.40165117
0.40165424
0.4016548
0.40165251
0.40164727
0.4016395
0.40162987
0.40161914
0.4016079
0.40159672
0.4015861
0.40157646
0.40156847
0.4015625
0.40155894
0.40155792
0.4015594
0.40156373
0.4015707
0.4015802
0.40159193
0.40160525
0.4016197
0.40163448
0.4016486
0.40166083
0.4016698
0.40167454
0.40167433
0.40166894
0.4016588
0.40164462
0.40162772
0.4016092
0.4015904
0.40157256
0.4015564
0.4015431
0.40153298
0.4015263
0.40152285
0.40152237
0.40152454
0.40152937
0.40153703
0.40154764
0.40156117
0.40157717
0.40159503
0.4016137
0.40163222
0.4016494
0.40166458
0.40167764
0.4016889
0.40169924
0.4017095
0.4017209
0.40173408
0.40174916
0.40176556
0.4017821
0.4017974
0.40180975
0.4018177
0.40182018
0.40181625
0.40180582
0.401789
0.4017668
0.40174046
0.4017116
0.40168208
0.4016536
0.40162757
0.40160528
0.40158743
0.40157434
0.40156633
0.40156317
0.40156436
0.40156963
0.40157837
0.40159
0.4016038
0.401619
0.40163445
0.40164882
0.401661
0.40167016
0.40167603
0.401679
0.40167984
0.4016796
0.40167952
0.40168035
0.4016828
0.4016869
0.40169275
0.4017002
0.40170884
0.40171826
0.40172786
0.40173674
0.4017438
0.40174803
0.4017486
0.40174478
0.40173635
0.4017234
0.40170634
0.40168628
0.4016644
0.40164194
0.4016202
0.4016004
0.40158346
0.40157005
0.4015606
0.40155524
0.40155387
0.40155613
0.40156147
0.40156907
0.4015782
0.4015883
0.40159902
0.4016101
0.40162122
0.40163225
0.4016427
0.4016525
0.40166134
0.40166906
0.40167567
0.40168136
0.4016866
0.4016923
0.40169924
0.40170845
0.4017203
0.40173477
0.40175122
0.40176845
0.40178517
0.40179983
0.40181124
0.40181834
0.40182057
0.4018179
0.40181077
0.4018001
0.40178722
0.40177357
0.4017608
0.4017502
0.40174302
0.40174013
0.40174207
0.40174899
0.4017608
0.40177655
0.40179482
0.40181386
0.40183175
0.4018468
0.40185767
0.40186313
0.4018627
0.40185586
0.40184262
0.40182328
0.40179852
0.40176937
0.4017371
0.40170312
0.40166894
0.40163597
0.4016056
0.4015786
0.40155566
0.401537
0.4015231
0.401514
0.40151015
0.40151173
0.40151873
0.4015309
0.40154764
0.4015683
0.40159178
0.4016169
0.40164247
0.40166706
0.40168944
0.40170833
0.4017227
0.4017321
0.4017362
0.4017353
0.40173018
0.40172175
0.40171105
0.40169924
0.40168712
0.40167496
0.40166304
0.40165162
0.40164086
0.4016314
0.4016234
0.4016168
0.40161133
0.40160647
0.40160194
0.40159798
0.40159503
0.40159386
0.40159532
0.40159997
0.4016082
0.4016199
0.40163445
0.4016505
0.40166643
0.40168014
0.40168995
0.40169442
0.4016927
0.40168458
0.40167055
0.4016518
0.4016296
0.40160587
0.4015821
0.4015597
0.40153956
0.40152234
0.4015083
0.40149784
0.4014911
0.4014882
0.4014891
0.40149385
0.40150207
0.40151334
0.40152693
0.40154192
0.40155745
0.40157256
0.40158647
0.40159854
0.40160802
0.4016142
0.40161672
0.4016154
0.40161076
0.4016035
0.4015944
0.4015843
0.40157393
0.40156382
0.40155473
0.40154696
0.40154105
0.4015374
0.40153638
0.40153834
0.40154347
0.40155163
0.40156284
0.40157676
0.40159318
0.4016115
0.40163103
0.40165082
0.40166956
0.40168595
0.40169874
0.40170708
0.4017105
0.4017091
0.4017034
0.4016942
0.4016828
0.40167037
0.40165803
0.40164676
0.4016371
0.4016295
0.4016238
0.4016196
0.4016166
0.40161443
0.40161297
0.40161225
0.40161252
0.40161374
0.4016158
0.40161824
0.40162072
0.4016226
0.401623
0.40162113
0.4016163
0.40160835
0.4015975
0.40158427
0.4015696
0.40155482
0.40154105
0.4015295
0.40152088
0.40151578
0.40151417
0.40151566
0.4015196
0.40152502
0.40153098
0.40153667
0.40154165
0.40154612
0.40155053
0.40155566
0.40156204
0.40157026
0.4015806
0.40159297
0.40160725
0.4016227
0.40163863
0.40165377
0.4016668
0.40167668
0.40168285
0.40168533
0.4016846
0.4016815
0.40167704
0.40167204
0.40166742
0.4016638
0.40166178
0.40166187
0.4016642
0.40166876
0.40167475
0.40168124
0.4016869
0.40169087
0.40169242
0.4016914
0.40168816
0.4016832
0.4016773
0.40167084
0.40166423
0.40165776
0.40165156
0.40164572
0.4016406
0.4016365
0.40163407
0.40163395
0.4016365
0.40164217
0.40165085
0.40166214
0.40167555
0.40169027
0.40170503
0.4017186
0.4017299
0.4017385
0.40174413
0.40174708
0.4017478
0.40174672
0.4017441
0.40173995
0.4017343
0.40172735
0.4017194
0.4017106
0.4017012
0.401691
0.40167955
0.40166637
0.4016515
0.40163505
0.4016175
0.40159935
0.40158102
0.40156308
0.401546
0.4015303
0.40151614
0.40150374
0.40149313
0.40148434
0.40147716
0.40147144
0.40146685
0.4014632
0.4014604
0.4014584
0.4014572
0.40145692
0.4014578
0.40146026
0.40146455
0.40147066
0.40147865
0.4014883
0.4014993
0.40151113
0.4015233
0.40153533
0.4015472
0.40155882
0.4015704
0.40158203
0.40159318
0.40160355
0.40161264
0.40162012
0.40162617
0.40163115
0.40163547
0.40163955
0.40164334
0.4016465
0.4016484
0.4016484
0.401646
0.40164125
0.40163445
0.40162647
0.4016185
0.40161175
0.4016073
0.40160584
0.4016078
0.4016131
0.40162143
0.40163234
0.4016449
0.40165812
0.40167105
0.401683
0.40169352
0.40170208
0.4017082
0.40171126
0.4017111
0.4017075
0.40170097
0.40169233
0.40168294
0.40167457
0.40166894
0.40166733
0.40167063
0.40167907
0.40169218
0.4017087
0.40172732
0.4017461
0.40176332
0.40177748
0.40178722
0.40179157
0.40178993
0.40178227
0.4017689
0.40175074
0.40172917
0.4017059
0.40168262
0.40166095
0.40164223
0.4016274
0.40161687
0.40161073
0.4016087
0.40160996
0.40161327
0.4016173
0.4016205
0.40162158
0.4016197
0.4016145
0.40160596
0.40159494
0.40158212
0.4015687
0.40155566
0.40154403
0.40153456
0.40152755
0.4015233
0.40152183
0.401523
0.40152648
0.4015319
0.401539
0.4015473
0.40155676
0.40156683
0.40157738
0.40158802
0.40159827
0.40160745
0.40161476
0.40161914
0.40162006
0.40161714
0.40161043
0.4016004
0.40158767
0.40157324
0.4015578
0.40154222
0.4015269
0.4015123
0.40149865
0.40148613
0.40147492
0.40146497
0.40145642
0.4014495
0.40144455
0.40144145
0.40144035
0.4014413
0.40144455
0.4014501
0.40145788
0.40146795
0.40147993
0.40149334
0.4015076
0.40152225
0.40153688
0.4015513
0.4015655
0.40157947
0.40159306
0.40160593
0.4016175
0.40162736
0.40163517
0.4016411
0.40164548
0.4016486
0.4016506
0.40165138
0.40165058
0.40164778
0.40164274
0.40163523
0.4016254
0.40161362
0.40160066
0.4015874
0.40157512
0.4015647
0.40155703
0.40155295
0.40155262
0.40155658
0.40156478
0.40157712
0.40159303
0.40161186
0.40163276
0.40165478
0.40167698
0.40169862
0.40171924
0.40173852
0.40175602
0.401771
0.40178287
0.40179124
0.40179592
0.40179703
0.40179473
0.40178975
0.4017826
0.40177432
0.40176558
0.4017569
0.40174916
0.40174282
0.40173876
0.40173763
0.40173995
0.40174568
0.40175453
0.40176588
0.40177867
0.4017916
0.4018033
0.4018126
0.4018186
0.40182078
0.40181938
0.40181497
0.40180853
0.40180156
0.4017951
0.40179005
0.4017867
0.4017852
0.4017853
0.4017869
0.40178996
0.40179428
0.4017995
0.4018049
0.40180957
0.40181246
0.40181252
0.40180895
0.40180144
0.4017902
0.40177616
0.40176046
0.4017446
0.40173015
0.40171835
0.4017105
0.40170708
0.4017084
0.40171385
0.40172252
0.40173307
0.40174398
0.40175393
0.40176204
0.40176785
0.40177128
0.40177247
0.40177187
0.40176973
0.40176585
0.40176028
0.40175283
0.40174356
0.4017326
0.40172014
0.40170646
0.401692
0.4016775
0.4016638
0.4016518
0.40164208
0.40163496
0.40163028
0.40162727
0.40162507
0.4016226
0.40161914
0.40161407
0.40160707
0.40159824
0.40158787
0.40157643
0.40156436
0.40155193
0.40153927
0.4015264
0.40151346
0.40150064
0.4014881
0.4014763
0.40146554
0.40145627
0.40144855
0.40144247
0.40143824
0.40143597
0.401436
0.4014383
0.40144297
0.40144995
0.4014588
0.40146914
0.4014805
0.40149233
0.40150428
0.40151584
0.40152648
0.40153596
0.40154395
0.40155065
0.40155593
0.4015601
0.4015634
0.40156624
0.4015692
0.40157282
0.40157765
0.40158364
0.40159068
0.40159792
0.40160456
0.40160948
0.4016121
0.40161243
0.40161055
0.40160742
0.40160415
0.40160173
0.40160114
0.40160325
0.40160877
0.4016184
0.40163225
0.40165046
0.4016722
0.40169653
0.40172184
0.40174624
0.40176827
0.40178618
0.40179878
0.40180528
0.4018053
0.4017989
0.4017866
0.4017692
0.4017479
0.40172437
0.4017001
0.4016768
0.40165576
0.40163812
0.4016246
0.4016155
0.40161088
0.40161064
0.40161437
0.40162125
0.40163043
0.40164077
0.4016515
0.4016622
0.40167305
0.40168455
0.40169755
0.40171286
0.40173075
0.4017511
0.40177327
0.40179607
0.40181828
0.40183857
0.4018558
0.40186912
0.4018779
0.4018819
0.40188098
0.40187517
0.40186492
0.40185052
0.4018321
0.40181002
0.40178457
0.40175644
0.4017263
0.40169537
0.40166524
0.40163732
0.40161327
0.40159437
0.40158153
0.4015754
0.40157598
0.401583
0.4015956
0.40161303
0.40163404
0.4016575
0.40168232
0.40170774
0.40173328
0.4017586
0.40178338
0.40180692
0.4018285
0.40184748
0.4018633
0.4018756
0.40188423
0.40188888
0.4018895
0.40188628
0.4018796
0.4018703
0.4018594
0.40184814
0.40183818
0.4018308
0.4018273
0.40182835
0.40183377
0.40184274
0.40185395
0.40186596
0.4018775
0.4018875
0.40189555
0.40190116
0.40190426
0.40190473
0.40190282
0.40189862
0.40189248
0.40188488
0.40187657
0.40186828
0.40186104
0.40185577
0.40185308
0.40185317
0.40185586
0.40186042
0.40186614
0.40187237
0.40187824
0.4018831
0.40188608
0.40188643
0.40188375
0.40187752
0.4018676
0.4018542
0.4018375
0.40181822
0.40179697
0.40177447
0.40175158
0.40172893
0.40170684
0.40168557
0.4016655
0.401647
0.40163076
0.40161747
0.4016076
0.40160152
0.40159962
0.40160215
0.40160933
0.40162122
0.40163764
0.4016579
0.40168065
0.40170434
0.40172732
0.40174773
0.40176427
0.40177596
0.4017825
0.40178406
0.40178126
0.40177488
0.40176597
0.4017555
0.40174437
0.40173316
0.40172213
0.40171143
0.40170097
0.40169108
0.40168193
0.40167394
0.4016673
0.40166196
0.40165767
0.40165406
0.40165102
0.4016482
0.4016453
0.40164214
0.40163842
0.4016342
0.40162942
0.40162444
0.40161952
0.40161493
0.40161127
0.4016089
0.40160865
0.40161073
0.40161523
0.40162197
0.40163025
0.4016393
0.40164828
0.40165633
0.40166304
0.40166852
0.40167338
0.40167817
0.4016838
0.40169084
0.40169924
0.4017088
0.40171862
0.4017276
0.4017347
0.4017391
0.4017401
0.40173766
0.40173164
0.40172246
0.40171087
0.40169743
0.401683
0.40166792
0.40165254
0.40163684
0.4016208
0.40160415
0.40158704
0.40156975
0.40155292
0.4015373
0.4015236
0.40151244
0.40150425
0.40149933
0.4014979
0.40150014
0.40150598
0.4015151
0.40152723
0.40154147
0.40155658
0.40157115
0.40158364
0.4015924
0.40159634
0.40159497
0.40158835
0.4015774
0.40156364
0.401549
0.4015354
0.4015245
0.40151766
0.40151566
0.4015191
0.40152827
0.40154308
0.4015629
0.40158698
0.40161383
0.4016418
0.40166894
0.40169337
0.40171346
0.40172827
0.4017374
0.401741
0.4017401
0.40173587
0.40172973
0.40172303
0.40171656
0.40171063
0.4017051
0.40169942
0.40169302
0.40168542
0.40167636
0.40166584
0.40165415
0.4016417
0.40162846
0.40161476
0.40160078
0.40158695
0.40157402
0.4015626
0.40155363
0.40154746
0.4015443
0.4015441
0.40154624
0.4015501
0.40155488
0.40156028
0.40156606
0.40157264
0.40158018
0.40158892
0.4015987
0.4016093
0.40162057
0.4016324
0.40164468
0.40165722
0.4016699
0.40168282
0.4016964
0.40171137
0.40172857
0.40174824
0.40177044
0.40179443
0.40181908
0.40184292
0.40186453
0.4018826
0.40189612
0.40190428
0.40190667
0.40190315
0.40189385
0.40187928
0.40186018
0.40183765
0.4018128
0.40178692
0.40176114
0.40173635
0.40171313
0.40169173
0.40167204
0.40165395
0.40163732
0.40162188
0.40160748
0.40159366
0.40158018
0.40156683
0.40155375
0.40154096
0.40152854
0.40151688
0.4015063
0.40149745
0.4014911
0.40148786
0.40148833
0.40149295
0.40150177
0.40151465
0.4015309
0.4015495
0.40156922
0.40158838
0.40160537
0.401619
0.40162858
0.4016342
0.40163648
0.40163675
0.40163618
0.40163618
0.4016379
0.40164223
0.4016495
0.4016596
0.40167207
0.4016857
0.40169936
0.4017114
0.40172032
0.4017249
0.4017244
0.4017187
0.40170828
0.40169403
0.4016773
0.4016593
0.40164143
0.40162456
0.40160918
0.4015958
0.40158463
0.4015758
0.4015694
0.40156555
0.4015645
0.40156603
0.4015701
0.40157625
0.40158355
0.40159082
0.4015969
0.40160033
0.4016003
0.4015968
0.40159014
0.40158135
0.40157154
0.40156212
0.4015543
0.4015491
0.40154704
0.4015482
0.40155223
0.40155858
0.40156633
0.4015746
0.40158257
0.4015893
0.4015941
0.40159658
0.4015965
0.40159363
0.40158767
0.40157866
0.40156677
0.40155253
0.40153688
0.401521
0.4015057
0.40149197
0.4014805
0.40147147
0.4014652
0.4014616
0.40146053
0.40146127
0.4014637
0.40146703
0.4014711
0.40147555
0.40148053
0.40148625
0.40149298
0.4015012
0.40151125
0.40152332
0.40153763
0.40155423
0.40157276
0.40159252
0.4016128
0.4016325
0.40165105
0.40166825
0.40168455
0.40170044
0.40171656
0.40173307
0.40174997
0.40176657
0.40178183
0.40179473
0.4018039
0.4018087
0.4018085
0.40180326
0.40179354
0.4017803
0.40176514
0.4017497
0.40173575
0.4017253
0.4017194
0.40171868
0.4017234
0.40173304
0.4017467
0.40176287
0.40177995
0.40179604
0.40180966
0.40181947
0.40182468
0.4018247
0.40181965
0.40180978
0.40179583
0.4017786
0.40175876
0.40173686
0.40171322
0.40168804
0.40166166
0.40163472
0.40160802
0.4015826
0.4015592
0.4015385
0.40152085
0.40150633
0.40149498
0.4014864
0.40148026
0.40147623
0.4014741
0.40147367
0.4014746
0.40147653
0.40147913
0.40148216
0.4014853
0.40148836
0.40149134
0.40149426
0.40149692
0.40149966
0.40150294
0.40150726
0.40151316
0.40152082
0.40153065
0.4015427
0.4015574
0.4015746
0.4015942
0.40161547
0.40163743
0.4016588
0.401678
0.40169403
0.40170604
0.4017141
0.4017183
0.40171918
0.40171725
0.40171266
0.40170535
0.40169504
0.4016816
0.4016651
0.4016459
0.40162498
0.40160337
0.40158248
0.4015634
0.40154696
0.4015338
0.4015242
0.40151817
0.4015155
0.40151602
0.40151927
0.40152457
0.40153107
0.4015378
0.40154383
0.4015484
0.40155098
0.40155172
0.40155137
0.40155068
0.40155044
0.40155146
0.40155426
0.40155885
0.40156513
0.40157256
0.40158048
0.40158814
0.40159473
0.40159982
0.40160325
0.4016055
0.40160716
0.40160903
0.4016119
0.40161598
0.40162113
0.40162688
0.40163264
0.40163806
0.4016428
0.40164724
0.4016516
0.4016558
0.40166
0.40166426
0.40166867
0.40167356
0.4016791
0.40168568
0.40169367
0.40170324
0.40171412
0.40172553
0.40173617
0.40174472
0.40174997
0.40175104
0.40174773
0.40174004
0.40172902
0.4017157
0.40170148
0.40168753
0.40167502
0.40166473
0.40165734
0.4016531
0.40165195
0.40165323
0.40165648
0.40166074
0.40166518
0.4016689
0.40167153
0.401673
0.40167388
0.4016748
0.40167654
0.4016796
0.40168434
0.40169096
0.40169924
0.40170878
0.40171888
0.40172884
0.40173793
0.4017455
0.401751
0.40175375
0.40175343
0.40174985
0.40174317
0.40173393
0.4017228
0.4017105
0.4016978
0.40168512
0.40167266
0.4016606
0.40164873
0.40163702
0.40162548
0.40161413
0.40160295
0.40159205
0.4015817
0.4015723
0.4015642
0.40155774
0.40155315
0.4015505
0.40154958
0.40155002
0.4015513
0.40155292
0.40155455
0.401556
0.40155712
0.40155798
0.40155834
0.40155804
0.40155676
0.4015543
0.40155044
0.4015454
0.40153942
0.40153286
0.4015264
0.4015205
0.40151578
0.40151277
0.40151197
0.40151322
0.4015168
0.40152255
0.40152988
0.4015382
0.40154645
0.4015535
0.40155804
0.4015596
0.40155768
0.40155256
0.40154484
0.40153545
0.40152535
0.40151554
0.40150687
0.4014998
0.40149477
0.40149167
0.40149015
0.40149
0.40149078
0.4014923
0.40149462
0.4014979
0.40150225
0.40150774
0.4015143
0.40152204
0.40153083
0.40154046
0.40155035
0.40155992
0.4015683
0.40157494
0.40157983
0.40158322
0.40158576
0.40158784
0.4015898
0.40159163
0.40159297
0.40159306
0.40159115
0.4015865
0.40157887
0.40156847
0.40155575
0.40154132
0.40152615
0.401511
0.4014967
0.40148383
0.40147245
0.40146273
0.40145472
0.4014484
0.4014441
0.40144217
0.40144318
0.4014474
0.40145537
0.40146753
0.4014842
0.40150562
0.40153176
0.40156227
0.4015965
0.4016332
0.40167084
0.40170762
0.4017417
0.4017714
0.4017955
0.40181315
0.4018238
0.40182722
0.4018237
0.4018137
0.40179804
0.401778
0.40175506
0.4017309
0.40170744
0.4016866
0.40167058
0.40166152
0.40166217
0.40167582
0.40170676
0.4017606
0.40184537
0.40197203
0.40215686
0.40242305
0.40279955
0.40332827
0.40406656
0.40509206
0.40651056
0.40846303
0.41117024
0.41485402
0.41982368
0.42655295
0.4356827
0.44782522
