0.44252086
0.43200123
0.42411
0.4181692
0.41373554
0.4104642
0.40807053
0.40631393
0.40503338
0.4041088
0.40344298
0.4029666
0.4026273
0.40238598
0.40221348
0.4020884
0.40199524
0.40192318
0.4018648
0.40181518
0.40177146
0.401732
0.4016964
0.40166467
0.40163702
0.40161362
0.40159443
0.40157956
0.4015689
0.40156245
0.40156
0.40156123
0.40156528
0.4015715
0.40157863
0.4015854
0.40159068
0.40159383
0.40159452
0.40159297
0.40158954
0.40158477
0.40157938
0.40157384
0.40156877
0.40156457
0.4015619
0.40156144
0.40156376
0.4015692
0.40157738
0.4015877
0.40159896
0.4016101
0.40161988
0.40162736
0.40163255
0.40163568
0.40163723
0.40163806
0.40163866
0.40163943
0.40164047
0.4016418
0.40164343
0.40164563
0.4016484
0.40165144
0.4016546
0.40165746
0.4016599
0.40166196
0.4016638
0.4016658
0.40166816
0.401671
0.40167457
0.4016791
0.40168455
0.4016908
0.4016974
0.40170377
0.4017095
0.40171438
0.40171868
0.40172282
0.40172747
0.40173346
0.40174097
0.40174982
0.40175933
0.4017684
0.40177596
0.40178138
0.40178406
0.40178406
0.4017815
0.40177655
0.4017696
0.40176052
0.40174928
0.40173563
0.4017195
0.40170094
0.40168035
0.40165836
0.40163583
0.40161362
0.40159273
0.40157396
0.4015579
0.40154514
0.40153626
0.40153173
0.40153173
0.40153617
0.40154457
0.401556
0.40156913
0.40158245
0.4015946
0.4016045
0.40161198
0.40161747
0.40162194
0.40162656
0.4016325
0.40164074
0.4016518
0.40166605
0.40168345
0.401704
0.40172777
0.40175524
0.40178782
0.401828
0.40187994
0.40194985
0.4020464
0.40218142
0.40237075
0.40263844
0.40301263
0.40353426
0.4042602
0.40526786
0.40666345
0.40858948
0.4112675
0.4149244
0.4198705
0.42657903
0.43569618
0.4478323
