0.4426713
0.4321948
0.42433664
0.41841885
0.41399723
0.41072667
0.4083216
0.4065428
0.40523046
0.40426722
0.4035582
0.40303683
0.40265402
0.4023735
0.40216824
0.402018
0.40190747
0.40182522
0.40176246
0.40171322
0.40167308
0.40163913
0.40160948
0.40158284
0.40155864
0.40153703
0.40151837
0.40150326
0.40149224
0.40148562
0.4014838
0.40148652
0.4014936
0.4015046
0.40151873
0.40153494
0.40155205
0.4015687
0.40158343
0.40159494
0.40160245
0.40160555
0.40160456
0.40160018
0.40159336
0.40158522
0.40157673
0.4015686
0.40156126
0.40155506
0.40155017
0.4015471
0.40154618
0.40154755
0.4015512
0.40155685
0.4015641
0.40157232
0.40158084
0.40158892
0.4015957
0.40160075
0.40160382
0.40160525
0.4016056
0.4016055
0.4016057
0.40160656
0.40160805
0.4016099
0.40161133
0.40161142
0.4016094
0.40160456
0.40159672
0.40158615
0.4015737
0.40156052
0.4015479
0.40153688
0.40152842
0.40152285
0.40152058
0.4015214
0.40152508
0.4015311
0.40153873
0.40154737
0.4015566
0.4015665
0.40157726
0.4015894
0.40160313
0.40161872
0.40163592
0.40165383
0.40167126
0.40168658
0.40169844
0.40170562
0.40170744
0.40170386
0.40169546
0.40168312
0.40166822
0.40165198
0.4016358
0.40162075
0.40160742
0.40159625
0.40158722
0.40158018
0.4015752
0.40157253
0.4015723
0.4015748
0.40158015
0.4015887
0.40160036
0.4016149
0.40163213
0.4016519
0.40167397
0.4016977
0.4017221
0.4017461
0.40176865
0.4017887
0.40180552
0.40181828
0.40182647
0.4018299
0.4018286
0.40182263
0.40181246
0.40179884
0.40178242
0.40176383
0.4017434
0.40172115
0.4016969
0.40167084
0.40164328
0.40161508
0.40158734
0.4015611
0.40153748
0.40151712
0.40150073
0.4014884
0.40148008
0.4014756
0.40147468
0.40147686
0.40148163
0.4014885
0.4014968
0.40150607
0.4015156
0.4015248
0.40153372
0.4015422
0.4015507
0.40155956
0.401569
0.40157893
0.40158918
0.40159923
0.4016085
0.4016166
0.40162307
0.40162727
0.40162873
0.40162727
0.4016232
0.40161687
0.40160912
0.40160048
0.4015913
0.40158212
0.40157342
0.40156546
0.40155846
0.4015523
0.40154663
0.4015408
0.4015345
0.4015276
0.40152025
0.40151277
0.40150586
0.40150008
0.40149602
0.4014939
0.40149415
0.40149665
0.40150127
0.4015078
0.4015159
0.40152538
0.40153614
0.40154812
0.4015612
0.40157557
0.40159115
0.4016077
0.4016247
0.40164134
0.40165678
0.4016705
0.40168226
0.4016925
0.4017017
0.4017102
0.4017182
0.40172517
0.40173045
0.40173328
0.40173304
0.40172946
0.40172282
0.40171322
0.4017013
0.40168735
0.4016714
0.40165356
0.40163377
0.4016121
0.40158907
0.4015654
0.40154183
0.40151912
0.4014981
0.40147927
0.4014629
0.40144914
0.40143782
0.40142864
0.4014212
0.40141514
0.4014103
0.4014067
0.40140435
0.40140313
0.40140307
0.40140402
0.4014061
0.4014093
0.40141407
0.40142056
0.40142936
0.4014408
0.4014554
0.40147358
0.40149552
0.40152097
0.40154952
0.40158027
0.40161237
0.4016443
0.4016748
0.40170255
0.40172648
0.40174577
0.40175977
0.40176812
0.4017708
0.40176785
0.40175977
0.40174752
0.40173218
0.40171513
0.4016977
0.40168074
0.40166503
0.40165085
0.40163827
0.40162754
0.40161887
0.4016125
0.4016085
0.4016071
0.4016085
0.40161282
0.4016203
0.40163097
0.40164456
0.4016606
0.40167823
0.40169635
0.40171367
0.40172896
0.40174097
0.40174896
0.40175208
0.40174997
0.4017427
0.40173063
0.4017147
0.4016959
0.4016758
0.4016554
0.40163603
0.40161866
0.40160406
0.401593
0.40158615
0.401584
0.40158698
0.40159526
0.40160868
0.40162668
0.4016484
0.4016726
0.40169778
0.40172246
0.40174508
0.40176427
0.40177867
0.40178752
0.40179023
0.4017867
0.40177718
0.4017623
0.401743
0.40172043
0.40169603
0.40167123
0.4016475
0.40162602
0.40160763
0.40159255
0.40158072
0.4015716
0.40156454
0.4015589
0.4015543
0.40155056
0.4015479
0.40154666
0.40154707
0.40154943
0.4015535
0.40155917
0.40156564
0.40157205
0.40157777
0.40158224
0.40158555
0.4015882
0.40159088
0.40159443
0.4015994
0.4016062
0.4016149
0.4016256
0.40163797
0.40165117
0.40166426
0.4016762
0.40168625
0.40169397
0.40169916
0.40170214
0.40170345
0.40170392
0.4017041
0.40170434
0.4017047
0.4017046
0.4017036
0.40170097
0.40169618
0.40168893
0.4016794
0.40166774
0.40165445
0.4016399
0.40162492
0.40160993
0.40159535
0.40158156
0.40156883
0.4015574
0.40154725
0.40153822
0.40153003
0.40152225
0.40151498
0.401508
0.40150127
0.40149486
0.4014888
0.40148315
0.40147802
0.4014735
0.40147007
0.40146837
0.401469
0.40147236
0.40147856
0.40148726
0.40149775
0.4015088
0.40151906
0.4015273
0.4015326
0.40153465
0.40153378
0.4015305
0.4015257
0.40151998
0.40151387
0.40150782
0.4015021
0.40149707
0.40149334
0.40149122
0.40149122
0.4014934
0.40149754
0.40150326
0.40150988
0.40151656
0.40152243
0.40152693
0.40152973
0.40153095
0.4015313
0.40153173
0.40153322
0.40153626
0.40154126
0.4015484
0.40155742
0.40156806
0.4015801
0.40159324
0.40160707
0.40162095
0.4016342
0.40164605
0.40165627
0.4016646
0.40167126
0.40167648
0.40168032
0.40168282
0.40168396
0.40168393
0.40168312
0.40168202
0.4016812
0.40168118
0.40168202
0.40168372
0.40168598
0.40168828
0.40169007
0.40169102
0.40169108
0.40169054
0.40169004
0.4016906
0.40169314
0.40169823
0.40170592
0.40171573
0.40172672
0.40173787
0.40174836
0.40175763
0.4017655
0.40177223
0.40177834
0.40178433
0.40179035
0.4017962
0.40180132
0.40180486
0.4018059
0.40180385
0.40179816
0.40178868
0.40177596
0.40176064
0.40174398
0.40172735
0.40171245
0.4017007
0.40169352
0.4016917
0.4016955
0.4017046
0.4017181
0.40173435
0.40175155
0.4017678
0.40178144
0.40179124
0.4017965
0.40179703
0.40179345
0.40178674
0.40177825
0.4017695
0.40176156
0.4017553
0.40175077
0.40174744
0.40174428
0.40173998
0.40173346
0.4017239
0.40171093
0.40169486
0.40167627
0.40165633
0.4016361
0.4016166
0.40159896
0.40158385
0.40157187
0.40156302
0.4015571
0.40155354
0.40155163
0.40155107
0.4015517
0.4015537
0.40155736
0.4015627
0.40156946
0.4015773
0.4015856
0.40159404
0.40160233
0.4016105
0.40161866
0.40162677
0.40163478
0.40164208
0.40164787
0.40165094
0.40165037
0.4016453
0.40163538
0.40162092
0.4016026
0.4015817
0.40155944
0.4015373
0.40151632
0.40149748
0.40148133
0.4014683
0.40145844
0.40145168
0.4014477
0.40144613
0.4014465
0.40144837
0.40145165
0.40145612
0.401462
0.4014694
0.40147892
0.40149108
0.40150648
0.4015254
0.40154797
0.40157393
0.40160248
0.40163258
0.40166253
0.40169045
0.40171453
0.40173328
0.4017455
0.4017508
0.40174925
0.40174165
0.40172943
0.40171462
0.4016994
0.40168598
0.40167648
0.40167245
0.40167508
0.40168476
0.4017013
0.40172377
0.40175077
0.40178052
0.4018111
0.40184087
0.4018683
0.40189216
0.40191147
0.4019256
0.40193412
0.40193686
0.401934
0.4019258
0.4019127
0.40189496
0.4018733
0.40184847
0.40182143
0.4017934
0.40176556
0.40173903
0.4017147
0.4016931
0.40167454
0.40165895
0.4016465
0.40163726
0.40163153
0.40162933
0.40163046
0.40163434
0.40164018
0.40164706
0.40165436
0.40166184
0.4016699
0.40167928
0.4016908
0.40170524
0.40172252
0.40174252
0.40176404
0.40178585
0.40180674
0.4018255
0.40184125
0.4018535
0.40186158
0.4018652
0.40186408
0.40185812
0.40184718
0.40183163
0.40181184
0.40178856
0.40176272
0.4017356
0.40170825
0.40168184
0.40165713
0.40163487
0.40161526
0.40159836
0.40158382
0.4015716
0.4015617
0.40155396
0.40154848
0.40154532
0.4015447
0.40154678
0.40155166
0.40155908
0.4015685
0.40157926
0.40159056
0.40160203
0.40161338
0.40162456
0.40163583
0.40164706
0.40165803
0.40166825
0.40167722
0.40168405
0.4016883
0.40168965
0.401688
0.4016837
0.40167704
0.40166843
0.40165833
0.40164718
0.4016356
0.40162396
0.40161267
0.40160218
0.4015928
0.4015849
0.40157855
0.40157375
0.4015703
0.40156776
0.40156564
0.40156347
0.40156078
0.4015573
0.40155286
0.4015476
0.4015421
0.40153655
0.4015314
0.40152663
0.40152216
0.40151784
0.40151343
0.40150887
0.40150443
0.4015009
0.40149903
0.40149966
0.4015031
0.40150928
0.401518
0.40152818
0.4015391
0.40154946
0.40155822
0.4015646
0.4015683
0.40156955
0.40156883
0.40156665
0.4015636
0.40155983
0.40155557
0.4015507
0.4015451
0.40153906
0.40153295
0.40152737
0.4015229
0.40151998
0.40151876
0.4015194
0.40152195
0.40152636
0.4015326
0.40154082
0.40155116
0.4015634
0.40157697
0.40159106
0.4016048
0.40161738
0.40162846
0.4016382
0.40164694
0.40165505
0.4016629
0.4016705
0.40167746
0.40168336
0.40168718
0.40168816
0.40168548
0.40167883
0.40166792
0.40165317
0.40163523
0.40161496
0.40159357
0.4015721
0.40155166
0.4015331
0.40151712
0.4015039
0.4014936
0.40148625
0.40148154
0.40147942
0.40147963
0.40148205
0.40148628
0.40149194
0.40149844
0.40150538
0.40151203
0.40151846
0.40152484
0.4015314
0.40153867
0.40154678
0.40155572
0.40156537
0.40157527
0.40158483
0.40159333
0.40160048
0.4016063
0.40161133
0.40161645
0.4016224
0.4016301
0.40163958
0.40165055
0.4016621
0.40167305
0.40168175
0.40168706
0.40168792
0.4016839
0.40167475
0.40166083
0.40164262
0.40162104
0.40159696
0.40157172
0.40154648
0.40152222
0.4014998
0.40148005
0.40146333
0.40144995
0.4014402
0.4014343
0.40143234
0.4014344
0.40144062
0.40145075
0.40146467
0.40148163
0.4015011
0.40152183
0.40154287
0.40156317
0.4015817
0.40159723
0.40160868
0.40161514
0.40161633
0.40161225
0.40160343
0.4015905
0.4015742
0.40155494
0.40153378
0.40151158
0.4014894
0.40146828
0.40144897
0.40143207
0.40141797
0.4014067
0.40139836
0.40139288
0.4013899
0.40138933
0.4013909
0.4013944
0.4013996
0.40140656
0.40141505
0.40142548
0.40143806
0.40145293
0.40147018
0.4014896
0.4015108
0.4015331
0.4015554
0.40157643
0.40159476
0.40160912
0.4016184
0.40162206
0.40162018
0.4016135
0.40160272
0.40158877
0.40157288
0.40155628
0.40154046
0.40152678
0.40151623
0.40150946
0.40150693
0.4015087
0.40151453
0.401524
0.4015368
0.4015525
0.40157086
0.4015915
0.40161416
0.4016382
0.40166286
0.40168688
0.40170896
0.4017276
0.4017419
0.4017512
0.40175524
0.40175438
0.40174925
0.40174097
0.40173057
0.4017192
0.40170765
0.40169623
0.40168527
0.40167493
0.40166518
0.40165633
0.40164876
0.4016429
0.4016393
0.40163833
0.40164
0.4016442
0.40165052
0.40165827
0.40166646
0.40167418
0.40168014
0.40168312
0.40168214
0.40167645
0.40166587
0.40165076
0.40163207
0.40161106
0.40158904
0.40156752
0.40154767
0.40153053
0.40151706
0.401508
0.4015039
0.4015051
0.40151158
0.4015231
0.40153897
0.40155816
0.4015793
0.4016008
0.4016208
0.40163746
0.4016493
0.40165538
0.40165523
0.40164915
0.4016378
0.40162215
0.40160364
0.40158352
0.40156335
0.4015442
0.40152708
0.40151286
0.40150204
0.4014952
0.40149254
0.40149426
0.4015003
0.4015107
0.4015254
0.40154442
0.40156737
0.40159366
0.40162244
0.40165237
0.4016819
0.40170926
0.40173277
0.4017512
0.40176332
0.40176868
0.40176675
0.40175778
0.40174252
0.40172195
0.4016977
0.40167147
0.40164495
0.40161955
0.4015965
0.4015764
0.4015595
0.40154582
0.401535
0.40152657
0.4015202
0.40151572
0.401513
0.40151218
0.40151343
0.40151712
0.40152323
0.40153167
0.4015421
0.4015539
0.40156627
0.40157804
0.40158808
0.4015953
0.40159908
0.4015994
0.4015969
0.4015927
0.40158844
0.4015858
0.40158638
0.40159133
0.40160114
0.4016157
0.4016342
0.40165517
0.4016767
0.4016968
0.4017136
0.4017257
0.40173236
0.4017333
0.4017291
0.401721
0.4017105
0.4016997
0.40169019
0.40168378
0.40168148
0.40168405
0.40169144
0.40170327
0.4017187
0.40173668
0.40175557
0.4017737
0.40178946
0.40180147
0.40180883
0.40181097
0.40180814
0.40180093
0.40179047
0.4017781
0.4017654
0.40175357
0.40174344
0.40173537
0.40172902
0.4017237
0.4017184
0.40171206
0.40170375
0.401693
0.40167946
0.40166327
0.40164495
0.4016251
0.40160465
0.4015844
0.40156537
0.40154848
0.40153456
0.40152442
0.40151852
0.40151733
0.4015208
0.40152875
0.4015408
0.40155634
0.40157482
0.40159532
0.40161693
0.40163848
0.40165854
0.40167576
0.40168884
0.4016972
0.40170035
0.40169835
0.4016918
0.4016816
0.401669
0.4016554
0.4016424
0.4016312
0.40162292
0.4016185
0.40161833
0.40162262
0.40163115
0.40164334
0.40165806
0.40167397
0.4016896
0.40170345
0.40171444
0.40172178
0.40172517
0.40172487
0.40172133
0.40171564
0.40170884
0.40170255
0.40169832
0.40169728
0.40170062
0.4017086
0.40172112
0.40173745
0.40175658
0.4017771
0.40179762
0.40181693
0.40183416
0.4018484
0.40185907
0.40186593
0.40186858
0.40186703
0.40186143
0.4018517
0.40183824
0.40182093
0.40180025
0.4017765
0.4017505
0.4017232
0.40169573
0.4016693
0.40164503
0.40162387
0.40160665
0.40159363
0.40158513
0.40158108
0.40158096
0.40158442
0.40159085
0.4015999
0.40161166
0.4016261
0.40164334
0.4016633
0.40168568
0.40170994
0.40173537
0.40176094
0.4017856
0.40180847
0.4018285
0.40184498
0.40185702
0.40186384
0.4018649
0.40186
0.4018489
0.40183225
0.40181062
0.4017851
0.4017572
0.40172884
0.40170178
0.4016776
0.40165743
0.40164188
0.40163088
0.40162396
0.40162018
0.40161854
0.40161747
0.4016156
0.40161166
0.40160516
0.40159604
0.40158492
0.40157282
0.4015612
0.4015512
0.4015437
0.40153936
0.40153837
0.40154055
0.40154552
0.40155268
0.4015612
0.40157014
0.4015787
0.40158615
0.4015925
0.40159824
0.40160432
0.40161186
0.4016215
0.40163368
0.40164798
0.40166366
0.40167928
0.4016929
0.401703
0.40170828
0.40170807
0.4017024
0.4016919
0.40167782
0.40166178
0.40164557
0.4016306
0.40161818
0.40160894
0.4016032
0.4016008
0.40160108
0.40160316
0.40160602
0.40160856
0.4016094
0.40160772
0.40160304
0.40159523
0.40158466
0.401572
0.40155792
0.40154302
0.40152782
0.4015126
0.4014975
0.4014831
0.40146947
0.40145722
0.4014469
0.40143907
0.401434
0.40143207
0.40143314
0.40143713
0.40144357
0.401452
0.4014618
0.40147245
0.4014832
0.40149328
0.40150186
0.40150827
0.4015117
0.4015117
0.4015081
0.4015015
0.40149286
0.4014834
0.40147418
0.40146652
0.40146104
0.40145823
0.4014581
0.40146062
0.40146542
0.40147212
0.40148044
0.40149
0.40150058
0.40151197
0.4015239
0.40153626
0.40154868
0.40156057
0.4015713
0.4015802
0.40158728
0.4015927
0.4015975
0.4016031
0.40161175
0.40162593
0.40164828
0.40168217
0.40173152
0.4018014
0.40189916
0.40203488
0.4022238
0.40248823
0.4028576
0.40337414
0.4040967
0.40510455
0.40650538
0.40844184
0.4111358
0.41481113
0.41977724
0.42650715
0.43564308
0.44779518
