0.44253367
0.4320173
0.4241281
0.41818804
0.41375354
0.41047913
0.40807918
0.40631193
0.4050151
0.40406907
0.40337697
0.40287095
0.40250108
0.4022311
0.40203467
0.4018929
0.40179196
0.40172178
0.40167496
0.40164566
0.4016295
0.4016227
0.40162224
0.40162525
0.4016295
0.40163332
0.40163592
0.4016371
0.40163732
0.4016373
0.4016379
0.40163985
0.4016432
0.40164766
0.401653
0.4016588
0.40166494
0.40167153
0.40167832
0.4016852
0.40169162
0.4016973
0.401702
0.4017055
0.40170744
0.40170735
0.40170443
0.40169817
0.4016884
0.40167537
0.4016598
0.40164274
0.40162542
0.40160885
0.4015939
0.40158117
0.40157136
0.40156487
0.40156212
0.401563
0.40156743
0.40157476
0.40158454
0.40159613
0.40160903
0.40162244
0.40163523
0.40164632
0.40165487
0.40166017
0.40166205
0.4016611
0.401658
0.40165392
0.40164965
0.4016457
0.40164217
0.40163878
0.40163496
0.4016302
0.4016243
0.40161705
0.4016085
0.4015985
0.40158707
0.40157464
0.40156177
0.4015492
0.40153748
0.40152726
0.4015192
0.4015139
0.40151188
0.4015134
0.40151834
0.40152636
0.4015368
0.40154874
0.40156123
0.40157354
0.40158525
0.40159646
0.40160757
0.401619
0.4016312
0.40164447
0.40165877
0.40167364
0.4016885
0.401702
0.4017131
0.4017209
0.40172493
0.40172502
0.40172184
0.40171638
0.40171006
0.40170455
0.4017016
0.40170255
0.40170836
0.40171927
0.40173468
0.40175334
0.4017736
0.40179345
0.40181094
0.40182438
0.40183246
0.4018343
0.4018295
0.40181798
0.40180013
0.40177652
0.40174848
0.40171757
0.40168557
0.40165448
0.40162596
0.40160158
0.40158224
0.40156856
0.4015607
0.40155846
0.4015614
0.40156892
0.4015802
0.4015942
0.40160936
0.40162432
0.40163743
0.4016477
0.40165433
0.40165716
0.40165672
0.40165392
0.40164965
0.40164483
0.4016401
0.40163568
0.4016315
0.4016276
0.40162367
0.40161934
0.4016143
0.40160832
0.40160155
0.40159443
0.40158743
0.4015811
0.40157592
0.40157205
0.4015695
0.40156817
0.40156806
0.40156916
0.40157145
0.40157485
0.40157917
0.40158424
0.4015897
0.40159506
0.40159974
0.4016033
0.40160543
0.40160638
0.40160677
0.4016074
0.40160918
0.4016129
0.40161893
0.40162736
0.4016376
0.401649
0.40166003
0.40166935
0.40167582
0.4016785
0.4016773
0.40167236
0.40166458
0.40165496
0.40164453
0.4016342
0.40162438
0.40161532
0.4016068
0.40159848
0.40158996
0.4015812
0.40157202
0.40156287
0.40155432
0.40154728
0.40154248
0.40154043
0.4015412
0.40154472
0.40155038
0.40155745
0.40156534
0.40157357
0.40158212
0.40159094
0.40159997
0.40160924
0.40161857
0.4016276
0.40163606
0.40164393
0.40165144
0.40165895
0.4016668
0.4016751
0.40168378
0.40169248
0.40170068
0.40170762
0.4017129
0.4017162
0.40171784
0.4017184
0.40171868
0.40171924
0.40172037
0.40172186
0.40172333
0.40172425
0.40172452
0.40172404
0.40172297
0.4017215
0.40171954
0.40171683
0.40171307
0.40170813
0.40170208
0.40169546
0.40168902
0.4016837
0.40168053
0.4016803
0.40168345
0.4016903
0.4017007
0.4017141
0.40172935
0.4017453
0.4017606
0.40177435
0.40178585
0.40179515
0.4018023
0.40180787
0.40181252
0.40181676
0.40182117
0.40182593
0.401831
0.40183568
0.4018393
0.40184122
0.40184107
0.4018384
0.40183344
0.4018268
0.40181932
0.4018118
0.4018053
0.4018007
0.4017984
0.40179828
0.4017997
0.4018021
0.40180486
0.40180764
0.40181047
0.40181333
0.40181658
0.40182006
0.40182355
0.4018262
0.40182698
0.40182486
0.40181884
0.40180826
0.401793
0.401773
0.40174875
0.40172106
0.4016913
0.40166092
0.4016318
0.4016056
0.401584
0.4015683
0.40155914
0.40155688
0.40156144
0.40157214
0.40158802
0.40160784
0.40162987
0.4016523
0.40167323
0.40169087
0.401704
0.40171203
0.4017147
0.40171266
0.40170702
0.40169922
0.40169093
0.4016839
0.4016797
0.4016797
0.401685
0.4016961
0.40171307
0.40173537
0.40176204
0.4017916
0.40182254
0.4018531
0.4018821
0.40190813
0.4019305
0.4019485
0.40196198
0.40197057
0.40197417
0.4019728
0.4019665
0.4019552
0.40193865
0.40191686
0.40188992
0.4018582
0.40182254
0.40178373
0.4017431
0.40170205
0.40166184
0.40162405
0.40158972
0.40155965
0.40153447
0.4015146
0.40150008
0.40149108
0.40148744
0.401489
0.4014953
0.40150577
0.40151936
0.40153503
0.40155146
0.40156728
0.40158108
0.40159142
0.40159747
0.40159926
0.40159717
0.40159237
0.40158623
0.40158013
0.4015747
0.40157056
0.4015675
0.40156513
0.40156287
0.40156028
0.40155712
0.40155366
0.40155044
0.40154815
0.40154743
0.40154868
0.40155223
0.401558
0.4015657
0.40157458
0.40158385
0.40159288
0.40160125
0.40160903
0.40161628
0.401623
0.40162927
0.40163478
0.4016393
0.4016426
0.4016445
0.40164512
0.4016447
0.40164316
0.40164068
0.40163723
0.40163314
0.40162873
0.40162444
0.40162072
0.40161797
0.4016166
0.40161687
0.40161902
0.40162262
0.40162718
0.40163144
0.40163398
0.40163326
0.40162826
0.40161827
0.4016034
0.40158415
0.40156153
0.40153697
0.4015117
0.40148702
0.40146413
0.4014438
0.40142655
0.4014126
0.4014021
0.40139484
0.40139073
0.4013895
0.40139082
0.40139443
0.40140006
0.40140742
0.40141618
0.4014264
0.40143797
0.40145093
0.40146533
0.40148088
0.40149757
0.40151516
0.40153313
0.40155146
0.40156963
0.40158677
0.4016019
0.40161374
0.40162107
0.401623
0.40161934
0.4016103
0.40159696
0.40158045
0.40156215
0.40154338
0.40152535
0.4015089
0.4014946
0.40148264
0.4014731
0.40146598
0.40146127
0.40145904
0.4014593
0.401462
0.40146667
0.40147316
0.40148127
0.40149072
0.40150133
0.4015129
0.40152478
0.40153646
0.4015472
0.4015564
0.40156347
0.40156803
0.40156972
0.4015689
0.40156633
0.40156308
0.40156028
0.40155888
0.40155947
0.40156224
0.40156683
0.4015725
0.40157828
0.40158314
0.4015862
0.40158716
0.40158615
0.40158394
0.4015815
0.40157983
0.40157968
0.40158138
0.401585
0.4015905
0.40159783
0.40160662
0.40161654
0.40162697
0.40163717
0.401646
0.40165237
0.4016554
0.4016546
0.40164986
0.40164155
0.40163028
0.40161705
0.40160286
0.4015887
0.4015753
0.40156332
0.40155318
0.4015453
0.40153968
0.40153638
0.4015352
0.40153593
0.40153837
0.40154237
0.40154782
0.40155476
0.4015635
0.40157428
0.40158713
0.40160203
0.40161866
0.40163615
0.40165374
0.4016705
0.40168557
0.4016983
0.40170777
0.40171346
0.40171444
0.4017104
0.40170145
0.40168813
0.40167126
0.40165204
0.40163162
0.40161133
0.40159193
0.40157467
0.40156028
0.4015495
0.40154284
0.40154052
0.4015425
0.40154856
0.4015583
0.40157112
0.40158623
0.4016028
0.40162003
0.40163693
0.40165237
0.40166536
0.40167502
0.40168053
0.40168154
0.40167817
0.40167075
0.40166017
0.4016477
0.40163475
0.40162244
0.40161192
0.4016041
0.40159917
0.40159726
0.40159753
0.40159896
0.4016003
0.4016006
0.40159914
0.40159598
0.40159145
0.4015862
0.4015808
0.40157542
0.40157008
0.40156463
0.401559
0.40155295
0.4015467
0.4015407
0.40153536
0.4015312
0.40152824
0.4015266
0.40152586
0.40152588
0.40152645
0.4015275
0.401529
0.4015312
0.40153417
0.4015384
0.4015439
0.4015507
0.4015586
0.4015672
0.40157598
0.40158433
0.40159187
0.40159836
0.40160364
0.40160748
0.40160948
0.40160906
0.40160578
0.4015997
0.40159133
0.40158144
0.40157118
0.40156168
0.40155375
0.4015481
0.4015448
0.40154415
0.40154582
0.40154967
0.40155566
0.40156376
0.40157402
0.4015864
0.4016006
0.40161577
0.40163097
0.40164495
0.40165642
0.4016645
0.401669
0.4016698
0.40166757
0.40166312
0.40165764
0.40165207
0.40164718
0.4016435
0.4016412
0.40164024
0.40164044
0.4016415
0.40164316
0.40164536
0.4016478
0.40164992
0.40165117
0.40165102
0.40164888
0.40164423
0.40163702
0.40162736
0.40161595
0.4016034
0.4015905
0.40157798
0.40156618
0.40155548
0.40154612
0.40153837
0.40153244
0.4015286
0.4015266
0.40152603
0.40152618
0.40152603
0.40152448
0.40152076
0.40151444
0.40150568
0.40149498
0.40148345
0.40147206
0.40146172
0.40145302
0.40144628
0.40144154
0.40143865
0.40143752
0.40143788
0.40143982
0.40144303
0.40144703
0.4014516
0.4014564
0.40146112
0.40146562
0.40146968
0.40147316
0.40147623
0.4014787
0.401481
0.40148348
0.40148658
0.40149072
0.40149656
0.40150443
0.4015144
0.40152606
0.40153852
0.40155053
0.4015606
0.40156743
0.40157005
0.40156803
0.40156174
0.401552
0.40154004
0.40152726
0.40151474
0.40150332
0.40149376
0.40148667
0.40148246
0.40148163
0.401484
0.40148956
0.40149784
0.4015081
0.4015198
0.40153244
0.40154573
0.40155995
0.4015751
0.40159118
0.401608
0.40162483
0.40164074
0.40165466
0.40166572
0.40167338
0.40167764
0.401679
0.4016785
0.40167758
0.40167758
0.40167978
0.40168512
0.40169397
0.40170625
0.40172157
0.40173897
0.40175736
0.40177563
0.40179303
0.40180925
0.40182415
0.4018379
0.4018507
0.40186262
0.40187362
0.4018835
0.40189162
0.40189728
0.40189955
0.40189788
0.4018917
0.401881
0.40186596
0.40184703
0.401825
0.4018009
0.4017759
0.4017512
0.40172765
0.40170598
0.4016866
0.40166953
0.40165502
0.40164307
0.40163407
0.4016282
0.40162542
0.40162528
0.40162694
0.40162936
0.4016314
0.40163198
0.40163037
0.4016263
0.40161988
0.4016115
0.401602
0.4015921
0.40158245
0.40157402
0.40156743
0.4015637
0.4015635
0.40156743
0.40157548
0.40158728
0.40160212
0.4016187
0.40163565
0.40165144
0.40166488
0.40167508
0.40168175
0.40168512
0.40168592
0.40168497
0.40168342
0.40168187
0.4016808
0.40168053
0.4016814
0.40168342
0.4016867
0.40169108
0.40169615
0.40170157
0.4017068
0.4017111
0.4017135
0.401713
0.40170896
0.40170085
0.40168872
0.4016728
0.40165386
0.40163246
0.4016095
0.40158594
0.40156272
0.401541
0.40152165
0.4015057
0.40149352
0.40148547
0.40148145
0.40148118
0.401484
0.40148944
0.40149692
0.40150586
0.40151557
0.40152517
0.4015338
0.4015408
0.40154576
0.40154892
0.4015507
0.4015519
0.4015533
0.4015554
0.4015585
0.40156284
0.40156853
0.40157583
0.40158486
0.40159562
0.40160772
0.4016207
0.4016336
0.4016454
0.40165493
0.40166125
0.40166393
0.40166298
0.40165898
0.40165308
0.4016465
0.4016406
0.40163666
0.4016357
0.40163824
0.40164417
0.40165266
0.40166247
0.40167218
0.4016803
0.40168592
0.40168852
0.4016881
0.401685
0.4016796
0.4016722
0.401663
0.40165216
0.40163985
0.40162653
0.4016126
0.4015985
0.40158468
0.40157142
0.40155914
0.4015483
0.40153927
0.40153208
0.40152696
0.4015239
0.40152273
0.4015233
0.4015254
0.40152913
0.40153417
0.4015405
0.40154794
0.4015562
0.40156513
0.4015746
0.40158454
0.4015946
0.4016044
0.4016138
0.40162277
0.40163133
0.4016398
0.4016481
0.4016557
0.401662
0.401666
0.4016671
0.4016652
0.40166068
0.40165433
0.4016473
0.40164062
0.40163505
0.40163112
0.40162858
0.40162703
0.4016258
0.40162393
0.4016207
0.4016157
0.4016091
0.40160114
0.4015925
0.40158394
0.401576
0.4015696
0.40156507
0.4015629
0.40156335
0.40156624
0.40157118
0.40157765
0.40158486
0.40159225
0.40159947
0.40160623
0.4016123
0.40161738
0.4016209
0.40162218
0.40162048
0.4016155
0.40160763
0.40159747
0.40158615
0.4015751
0.4015654
0.40155822
0.4015543
0.401554
0.4015572
0.40156335
0.40157148
0.40158054
0.40158963
0.4015982
0.40160605
0.4016132
0.4016195
0.40162456
0.4016282
0.4016302
0.40163025
0.40162838
0.4016249
0.40162033
0.40161532
0.4016103
0.40160593
0.4016026
0.40160102
0.40160185
0.40160555
0.4016124
0.40162244
0.40163523
0.4016501
0.40166572
0.4016807
0.40169337
0.401702
0.40170524
0.40170223
0.40169266
0.40167698
0.40165606
0.4016314
0.40160474
0.40157804
0.4015531
0.4015314
0.40151417
0.4015021
0.40149555
0.40149435
0.40149802
0.4015055
0.40151548
0.40152654
0.40153733
0.40154675
0.4015542
0.40155995
0.40156475
0.40156984
0.40157658
0.40158623
0.40159962
0.4016175
0.40164012
0.40166697
0.401697
0.40172875
0.40176016
0.4017896
0.40181535
0.40183595
0.40185043
0.4018579
0.40185815
0.4018513
0.4018379
0.40181878
0.40179533
0.40176904
0.40174124
0.4017137
0.4016877
0.4016642
0.40164384
0.40162683
0.4016133
0.40160334
0.4015971
0.40159467
0.40159613
0.40160143
0.4016106
0.40162352
0.4016399
0.40165937
0.40168095
0.40170342
0.40172502
0.4017442
0.4017595
0.4017699
0.40177476
0.4017738
0.4017672
0.4017555
0.40173963
0.40172055
0.40169957
0.40167794
0.4016568
0.4016371
0.4016196
0.40160474
0.40159288
0.40158427
0.4015788
0.4015764
0.40157652
0.40157822
0.4015802
0.40158144
0.40158054
0.4015769
0.40157035
0.40156135
0.40155068
0.40153942
0.40152863
0.40151912
0.40151146
0.40150616
0.40150353
0.40150374
0.4015068
0.40151238
0.40152013
0.4015296
0.40154028
0.4015513
0.40156165
0.40157008
0.40157542
0.40157673
0.40157384
0.401567
0.40155712
0.4015454
0.40153298
0.40152094
0.40151018
0.40150136
0.40149495
0.40149155
0.40149143
0.4014948
0.40150145
0.40151104
0.40152287
0.4015361
0.40154973
0.40156266
0.40157387
0.40158233
0.40158728
0.40158856
0.40158665
0.40158272
0.40157828
0.4015748
0.40157342
0.40157482
0.4015792
0.40158632
0.40159547
0.40160567
0.40161565
0.40162414
0.4016302
0.40163326
0.4016332
0.4016302
0.4016247
0.4016173
0.40160817
0.40159774
0.4015864
0.4015743
0.40156183
0.40154916
0.40153676
0.40152484
0.40151343
0.40150282
0.40149304
0.40148452
0.40147716
0.40147138
0.40146747
0.40146598
0.4014673
0.40147176
0.4014795
0.40149066
0.40150493
0.40152177
0.40154046
0.40155992
0.40157884
0.40159607
0.40161055
0.40162194
0.40163016
0.40163574
0.4016394
0.4016423
0.40164545
0.40164992
0.40165654
0.40166605
0.40167883
0.40169525
0.4017152
0.40173817
0.40176335
0.40178978
0.4018162
0.40184137
0.40186432
0.40188408
0.40189984
0.40191084
0.4019164
0.40191603
0.40190944
0.40189677
0.40187833
0.40185472
0.40182695
0.40179592
0.40176305
0.40172988
0.40169787
0.40166885
0.40164393
0.40162423
0.40161
0.40160134
0.40159792
0.4015991
0.40160418
0.40161252
0.4016238
0.4016376
0.40165344
0.40167055
0.40168786
0.40170413
0.4017181
0.40172878
0.40173542
0.40173766
0.4017353
0.4017285
0.40171793
0.40170437
0.40168872
0.40167204
0.4016548
0.40163776
0.40162095
0.4016044
0.40158802
0.401572
0.4015566
0.40154225
0.4015296
0.40151936
0.4015123
0.40150902
0.40151015
0.40151605
0.40152678
0.40154207
0.4015611
0.40158278
0.40160576
0.40162843
0.40164965
0.40166864
0.40168542
0.40170044
0.4017149
0.40173048
0.40174943
0.40177387
0.4018064
0.40184984
0.40190774
0.40198493
0.4020884
0.40222836
0.40241963
0.40268573
0.40305564
0.4035713
0.40429077
0.40529302
0.40668505
0.40860963
0.41128814
0.4149463
0.4198935
0.42660192
0.43571675
0.44784814
