0.44265392
0.43217105
0.4243061
0.41838083
0.41395104
0.41067165
0.4082578
0.4064706
0.40515062
0.40418133
0.40346795
0.40294442
0.4025615
0.40228298
0.40208185
0.40193787
0.40183592
0.4017647
0.40171596
0.40168393
0.40166453
0.40165484
0.40165251
0.40165538
0.4016615
0.401669
0.40167665
0.40168372
0.40169
0.40169546
0.40169996
0.40170318
0.4017044
0.40170333
0.40169963
0.4016932
0.40168417
0.40167263
0.40165868
0.40164274
0.4016253
0.40160728
0.4015893
0.40157193
0.40155542
0.40153986
0.40152526
0.40151152
0.40149894
0.4014876
0.40147793
0.4014699
0.4014638
0.40145975
0.40145788
0.40145856
0.40146184
0.40146795
0.40147665
0.40148777
0.40150067
0.40151486
0.4015297
0.40154457
0.40155852
0.4015705
0.40157965
0.40158555
0.4015885
0.4015892
0.40158877
0.40158856
0.4015893
0.40159193
0.4015966
0.40160355
0.40161276
0.40162396
0.4016368
0.40165067
0.40166524
0.4016803
0.40169606
0.40171263
0.40173015
0.4017484
0.40176684
0.4017846
0.40180063
0.40181392
0.40182337
0.4018283
0.40182802
0.40182248
0.40181196
0.40179697
0.4017781
0.40175676
0.40173438
0.40171275
0.40169352
0.4016782
0.40166786
0.40166304
0.4016638
0.40166965
0.40167984
0.4016932
0.40170825
0.40172344
0.40173727
0.4017487
0.40175685
0.40176144
0.40176246
0.40176052
0.40175617
0.40175012
0.40174296
0.4017352
0.40172747
0.4017204
0.401715
0.40171215
0.4017121
0.4017149
0.40171975
0.40172535
0.40173024
0.40173298
0.40173256
0.40172857
0.4017212
0.4017111
0.4016993
0.40168676
0.40167412
0.4016617
0.4016492
0.40163633
0.40162256
0.4016076
0.40159154
0.4015747
0.40155768
0.40154108
0.40152553
0.4015114
0.4014992
0.40148956
0.40148294
0.40147975
0.40148017
0.40148428
0.40149185
0.40150255
0.40151575
0.4015307
0.4015465
0.40156215
0.40157655
0.4015887
0.40159822
0.401605
0.40160936
0.4016119
0.40161312
0.40161368
0.40161386
0.40161446
0.40161583
0.4016186
0.4016231
0.4016295
0.40163752
0.40164632
0.40165478
0.40166137
0.40166494
0.401665
0.40166157
0.40165538
0.40164754
0.40163937
0.40163207
0.40162644
0.40162283
0.40162113
0.40162054
0.40162003
0.40161842
0.4016148
0.40160865
0.40160045
0.40159085
0.40158084
0.4015713
0.4015629
0.40155625
0.40155137
0.4015483
0.40154687
0.40154693
0.40154853
0.4015514
0.40155542
0.40156034
0.4015658
0.40157148
0.40157714
0.4015823
0.4015864
0.40158907
0.4015899
0.4015887
0.40158564
0.40158114
0.40157565
0.40156943
0.40156284
0.40155593
0.40154883
0.40154183
0.4015355
0.40153039
0.40152708
0.40152618
0.4015282
0.4015335
0.40154222
0.40155435
0.4015695
0.40158674
0.4016049
0.40162233
0.40163723
0.40164813
0.401654
0.4016546
0.40165037
0.4016423
0.40163207
0.40162125
0.40161175
0.40160498
0.40160194
0.40160337
0.4016093
0.40161934
0.4016325
0.4016477
0.40166333
0.4016781
0.40169045
0.40169975
0.40170556
0.40170813
0.40170813
0.40170646
0.4017041
0.4017018
0.40169993
0.4016986
0.4016975
0.4016965
0.40169522
0.40169343
0.40169096
0.40168765
0.4016837
0.4016792
0.40167412
0.40166843
0.40166196
0.40165466
0.40164685
0.4016388
0.40163097
0.40162373
0.40161744
0.40161234
0.40160882
0.40160716
0.40160745
0.40160972
0.4016139
0.4016196
0.40162632
0.4016332
0.40163943
0.40164405
0.4016465
0.4016465
0.40164438
0.40164068
0.40163645
0.40163243
0.40162906
0.40162662
0.40162483
0.4016236
0.4016226
0.40162167
0.40162078
0.40161964
0.40161818
0.4016163
0.4016144
0.40161306
0.4016132
0.4016155
0.40162045
0.4016278
0.40163717
0.40164784
0.4016588
0.40166962
0.40168
0.40168992
0.40169942
0.40170822
0.4017159
0.40172204
0.4017264
0.40172887
0.40172943
0.40172815
0.40172502
0.40172
0.40171263
0.40170273
0.40169027
0.40167528
0.40165827
0.40163982
0.40162075
0.40160188
0.40158415
0.401568
0.4015535
0.40154037
0.40152833
0.40151706
0.40150627
0.40149564
0.4014852
0.40147504
0.40146533
0.40145606
0.4014475
0.40143967
0.40143266
0.40142676
0.40142253
0.40142012
0.4014203
0.4014234
0.40142977
0.4014395
0.40145227
0.40146762
0.40148467
0.40150258
0.4015203
0.40153682
0.4015512
0.40156287
0.40157187
0.40157855
0.40158364
0.40158772
0.40159115
0.40159398
0.40159613
0.40159702
0.4015963
0.40159366
0.4015893
0.4015834
0.40157658
0.40156934
0.4015623
0.40155622
0.40155157
0.40154883
0.40154824
0.40154988
0.40155363
0.40155923
0.4015665
0.40157476
0.40158385
0.40159342
0.40160304
0.4016126
0.40162203
0.4016312
0.40164
0.40164828
0.40165564
0.4016615
0.4016655
0.40166765
0.40166813
0.40166736
0.40166634
0.40166643
0.40166935
0.40167722
0.40169245
0.40171814
0.40175828
0.40181828
0.401906
0.40203282
0.40221506
0.40247676
0.4028473
0.40336874
0.40409896
0.40511593
0.40652576
0.4084702
0.4111701
0.41484845
0.41981456
0.42654172
0.435672
0.4478167
