0.44250745
0.43198034
0.4240785
0.4181238
0.41367328
0.41038206
0.40796688
0.40618733
0.40488255
0.40393442
0.40324664
0.4027515
0.4023986
0.40215054
0.40197977
0.40186578
0.40179354
0.4017517
0.40173158
0.4017264
0.40173048
0.40173927
0.40174875
0.401756
0.40175894
0.40175617
0.40174732
0.4017325
0.4017125
0.40168858
0.40166217
0.4016353
0.40160972
0.4015872
0.40156895
0.4015558
0.40154818
0.4015459
0.40154853
0.4015554
0.40156534
0.40157706
0.40158892
0.4015991
0.40160602
0.40160856
0.4016062
0.40159902
0.4015876
0.4015729
0.40155616
0.40153858
0.40152118
0.40150473
0.4014896
0.40147606
0.4014641
0.40145358
0.40144464
0.40143728
0.40143183
0.40142852
0.40142766
0.40142944
0.40143383
0.4014404
0.40144873
0.40145823
0.40146858
0.40147948
0.40149125
0.40150416
0.40151852
0.40153453
0.4015519
0.40157017
0.40158862
0.40160605
0.40162125
0.40163276
0.4016394
0.4016406
0.40163642
0.4016274
0.40161473
0.40159988
0.40158433
0.40156946
0.40155625
0.40154573
0.40153867
0.4015355
0.40153638
0.4015413
0.40154988
0.40156138
0.40157503
0.40158972
0.40160424
0.4016176
0.4016283
0.40163535
0.40163806
0.4016361
0.40162975
0.40161973
0.40160695
0.4015925
0.40157768
0.40156338
0.40155068
0.40154037
0.4015333
0.40153006
0.40153104
0.40153667
0.4015471
0.4015623
0.40158224
0.4016062
0.4016336
0.4016633
0.4016941
0.40172443
0.40175268
0.40177742
0.4017973
0.40181124
0.40181845
0.40181854
0.40181133
0.40179712
0.40177658
0.40175083
0.40172115
0.40168938
0.40165743
0.40162727
0.40160066
0.40157858
0.40156174
0.40155035
0.40154433
0.40154326
0.401547
0.40155542
0.40156803
0.40158427
0.40160313
0.4016237
0.4016445
0.40166423
0.4016816
0.40169495
0.40170345
0.4017065
0.4017042
0.40169713
0.4016861
0.4016723
0.4016566
0.40164027
0.4016241
0.4016086
0.4015939
0.40157998
0.40156665
0.40155402
0.40154192
0.40153053
0.40152007
0.4015107
0.40150255
0.40149546
0.40148932
0.4014841
0.40147978
0.4014765
0.4014744
0.40147367
0.40147424
0.401476
0.4014789
0.4014831
0.40148866
0.40149605
0.40150553
0.40151742
0.4015318
0.40154874
0.4015682
0.4015899
0.40161344
0.40163836
0.40166375
0.4016885
0.4017111
0.40173042
0.40174514
0.4017547
0.40175882
0.40175775
0.40175205
0.4017427
0.40173063
0.40171665
0.4017013
0.40168464
0.40166682
0.40164766
0.4016275
0.40160653
0.4015855
0.4015651
0.40154624
0.40152985
0.40151656
0.40150672
0.40150058
0.40149805
0.40149894
0.40150258
0.40150815
0.40151447
0.4015203
0.40152434
0.40152538
0.4015226
0.4015155
0.40150407
0.4014888
0.40147075
0.4014511
0.4014312
0.40141228
0.40139544
0.40138182
0.40137196
0.4013663
0.40136513
0.4013683
0.4013755
0.40138638
0.40140003
0.40141574
0.40143248
0.40144968
0.4014665
0.40148228
0.40149638
0.40150803
0.40151674
0.40152243
0.4015255
0.4015269
0.40152782
0.4015295
0.4015327
0.40153816
0.40154606
0.40155625
0.4015681
0.4015812
0.40159476
0.4016084
0.40162158
0.4016341
0.40164578
0.40165675
0.4016667
0.40167543
0.40168244
0.40168706
0.40168884
0.40168792
0.4016845
0.40167904
0.401672
0.40166357
0.40165395
0.40164322
0.40163162
0.4016195
0.40160742
0.40159583
0.40158513
0.40157554
0.4015672
0.4015602
0.4015543
0.4015495
0.40154588
0.40154338
0.40154213
0.40154243
0.4015448
0.40154973
0.4015573
0.40156728
0.40157914
0.40159178
0.40160447
0.4016166
0.40162754
0.40163687
0.40164468
0.40165126
0.40165725
0.40166312
0.401669
0.4016746
0.4016796
0.40168312
0.4016846
0.4016835
0.40167993
0.40167415
0.40166697
0.40165928
0.4016519
0.4016453
0.40163997
0.40163565
0.40163222
0.40162933
0.4016268
0.40162456
0.40162277
0.40162146
0.40162092
0.40162134
0.40162274
0.40162525
0.40162846
0.40163207
0.40163568
0.40163887
0.4016418
0.4016442
0.40164617
0.40164772
0.40164888
0.40164962
0.40164983
0.40164924
0.40164742
0.40164384
0.40163788
0.401629
0.40161687
0.40160188
0.4015847
0.40156665
0.40154925
0.4015338
0.40152168
0.40151367
0.40151057
0.4015124
0.40151906
0.4015298
0.4015438
0.40155968
0.40157598
0.40159124
0.4016041
0.40161347
0.40161926
0.40162167
0.4016215
0.4016199
0.40161827
0.40161827
0.40162128
0.4016284
0.40164024
0.4016568
0.4016775
0.40170085
0.40172535
0.40174866
0.40176886
0.40178427
0.4017938
0.4017968
0.40179297
0.40178245
0.4017658
0.40174368
0.40171725
0.40168798
0.4016573
0.401627
0.4015982
0.401572
0.40154904
0.4015297
0.401514
0.4015016
0.40149266
0.40148732
0.40148598
0.40148896
0.40149668
0.40150926
0.4015264
0.40154755
0.40157163
0.40159723
0.4016226
0.4016459
0.40166542
0.40167987
0.4016884
0.4016907
0.40168688
0.4016778
0.40166476
0.40164915
0.40163252
0.40161595
0.4016009
0.40158808
0.40157846
0.40157253
0.4015704
0.40157205
0.40157712
0.40158477
0.4015943
0.40160483
0.40161496
0.40162364
0.40162975
0.40163267
0.40163237
0.40162918
0.40162396
0.4016179
0.4016121
0.4016073
0.40160432
0.40160364
0.40160534
0.40160918
0.40161464
0.40162098
0.4016275
0.4016337
0.40163958
0.40164518
0.4016505
0.40165538
0.40165928
0.40166143
0.40166083
0.40165678
0.40164903
0.4016379
0.40162435
0.4016097
0.4015956
0.4015835
0.40157455
0.4015695
0.40156865
0.40157193
0.4015788
0.40158877
0.4016011
0.40161526
0.40163037
0.4016459
0.40166122
0.40167543
0.40168774
0.40169746
0.40170413
0.40170774
0.40170863
0.40170744
0.401705
0.4017018
0.40169817
0.40169412
0.40168974
0.40168542
0.4016817
0.40167946
0.40167937
0.401682
0.40168735
0.40169477
0.40170315
0.40171096
0.40171647
0.40171868
0.40171647
0.40170956
0.40169773
0.40168136
0.4016611
0.40163776
0.4016126
0.40158668
0.4015611
0.40153688
0.40151504
0.40149614
0.40148085
0.40146917
0.4014612
0.4014567
0.40145546
0.401457
0.4014611
0.40146685
0.40147355
0.40148038
0.40148658
0.40149182
0.4014961
0.40150002
0.40150407
0.40150887
0.4015149
0.40152264
0.40153238
0.4015442
0.401558
0.40157333
0.40158945
0.40160555
0.40162063
0.4016341
0.40164563
0.40165547
0.401664
0.40167212
0.40168047
0.40168932
0.40169865
0.40170777
0.4017158
0.40172157
0.40172416
0.40172303
0.40171802
0.40170938
0.4016978
0.40168422
0.40166935
0.40165392
0.40163848
0.4016234
0.4016089
0.4015951
0.40158185
0.40156916
0.40155697
0.40154523
0.40153387
0.40152285
0.4015123
0.4015022
0.4014929
0.40148467
0.401478
0.40147358
0.40147236
0.4014753
0.4014835
0.4014976
0.40151814
0.401545
0.40157774
0.40161526
0.40165612
0.40169832
0.40173978
0.4017786
0.401813
0.40184167
0.4018633
0.40187737
0.4018835
0.40188172
0.40187237
0.40185606
0.4018336
0.4018063
0.4017755
0.4017429
0.4017102
0.40167916
0.40165117
0.40162712
0.40160757
0.40159252
0.40158176
0.40157455
0.40157
0.40156725
0.4015654
0.40156376
0.40156215
0.40156043
0.40155864
0.401557
0.40155584
0.40155548
0.4015565
0.40155914
0.4015639
0.4015708
0.40157998
0.40159118
0.4016041
0.40161806
0.40163255
0.4016471
0.40166092
0.40167305
0.4016825
0.4016885
0.40169036
0.40168816
0.401682
0.4016727
0.4016611
0.4016482
0.40163496
0.40162224
0.40161055
0.40160048
0.40159234
0.40158638
0.40158278
0.40158185
0.40158343
0.40158725
0.4015927
0.40159896
0.4016049
0.40160957
0.40161192
0.40161148
0.4016084
0.40160313
0.40159664
0.4015898
0.4015838
0.4015794
0.40157756
0.40157896
0.4015845
0.40159467
0.40160975
0.4016296
0.40165338
0.40168002
0.40170795
0.40173575
0.40176186
0.40178514
0.40180436
0.4018187
0.40182757
0.40183043
0.40182728
0.4018182
0.40180358
0.40178415
0.40176085
0.40173465
0.4017066
0.40167776
0.40164882
0.40162075
0.40159428
0.40157053
0.40155044
0.40153474
0.40152404
0.40151852
0.40151834
0.40152305
0.40153217
0.40154505
0.40156075
0.40157792
0.4015951
0.40161052
0.40162235
0.401629
0.40162942
0.40162313
0.40161026
0.4015916
0.4015683
0.4015423
0.40151542
0.40148938
0.40146577
0.40144575
0.40143016
0.40141946
0.40141383
0.40141344
0.401418
0.4014269
0.40143952
0.40145466
0.40147126
0.401488
0.40150368
0.40151715
0.40152758
0.40153426
0.40153697
0.4015361
0.40153268
0.4015277
0.40152246
0.40151763
0.4015139
0.4015116
0.401511
0.40151212
0.40151483
0.40151912
0.40152478
0.40153158
0.40153894
0.40154618
0.4015524
0.40155658
0.4015579
0.401556
0.40155098
0.40154362
0.40153474
0.40152526
0.40151593
0.4015075
0.40150023
0.4014942
0.4014896
0.4014864
0.4014847
0.40148455
0.40148613
0.40149003
0.40149683
0.4015069
0.40152055
0.40153736
0.40155676
0.40157765
0.4015987
0.40161854
0.4016356
0.40164855
0.4016566
0.40165946
0.40165734
0.401651
0.40164158
0.40163055
0.4016189
0.40160757
0.401597
0.40158725
0.40157822
0.40156922
0.40155974
0.40154934
0.40153772
0.40152526
0.40151238
0.4014998
0.4014884
0.40147874
0.40147126
0.40146652
0.40146452
0.40146497
0.40146744
0.4014713
0.40147597
0.401481
0.401486
0.4014905
0.40149382
0.40149528
0.40149412
0.40148985
0.40148237
0.40147227
0.40146038
0.40144783
0.40143576
0.40142518
0.40141702
0.40141183
0.40140978
0.40141073
0.40141416
0.40141922
0.40142488
0.40142998
0.4014336
0.40143496
0.40143347
0.40142912
0.40142253
0.40141454
0.40140656
0.4013995
0.40139467
0.401393
0.40139514
0.40140164
0.40141234
0.40142703
0.40144533
0.4014665
0.40148976
0.40151426
0.4015387
0.40156198
0.4015829
0.40160102
0.40161633
0.4016295
0.40164173
0.40165448
0.40166885
0.40168563
0.40170494
0.4017265
0.40174925
0.40177166
0.40179235
0.40180984
0.40182295
0.40183055
0.40183198
0.40182683
0.40181518
0.40179762
0.40177494
0.40174833
0.4017193
0.4016897
0.40166113
0.40163487
0.40161172
0.40159196
0.4015757
0.40156257
0.40155235
0.40154502
0.40154037
0.4015384
0.4015391
0.40154272
0.4015499
0.4015609
0.40157598
0.40159476
0.4016166
0.4016401
0.4016635
0.40168482
0.40170223
0.4017142
0.40171987
0.40171897
0.4017118
0.40169927
0.4016826
0.40166327
0.40164298
0.40162304
0.4016044
0.40158784
0.4015736
0.40156198
0.4015531
0.4015473
0.4015451
0.40154734
0.4015546
0.40156728
0.4015854
0.401608
0.401634
0.40166163
0.40168867
0.40171316
0.40173313
0.4017473
0.401755
0.40175617
0.4017515
0.401742
0.40172932
0.4017149
0.40170026
0.40168658
0.40167454
0.40166453
0.40165645
0.4016503
0.4016456
0.40164182
0.40163827
0.40163478
0.40163127
0.40162808
0.40162575
0.40162498
0.40162638
0.4016308
0.40163884
0.40165085
0.40166676
0.4016862
0.40170822
0.40173188
0.40175566
0.40177852
0.4017991
0.40181652
0.40182987
0.4018385
0.40184206
0.40184063
0.4018345
0.40182436
0.4018112
0.4017964
0.40178135
0.40176728
0.4017552
0.40174565
0.40173855
0.40173334
0.4017291
0.401725
0.40172014
0.401714
0.4017063
0.4016974
0.40168738
0.40167654
0.4016651
0.40165314
0.40164077
0.4016282
0.40161583
0.40160373
0.40159184
0.4015801
0.40156883
0.40155837
0.40154973
0.40154365
0.4015406
0.40154073
0.40154377
0.4015489
0.40155524
0.40156168
0.40156674
0.4015695
0.4015692
0.40156567
0.4015589
0.4015495
0.401538
0.40152535
0.40151268
0.40150082
0.40149048
0.40148234
0.40147656
0.40147316
0.40147197
0.40147245
0.40147415
0.40147662
0.4014797
0.40148342
0.40148777
0.40149298
0.4014994
0.4015072
0.40151674
0.4015281
0.40154105
0.40155515
0.40156972
0.40158406
0.40159762
0.40161014
0.40162134
0.40163103
0.40163898
0.4016447
0.40164757
0.4016471
0.4016433
0.40163645
0.40162727
0.4016165
0.401605
0.40159363
0.40158322
0.4015748
0.40156895
0.40156654
0.40156782
0.40157297
0.4015817
0.40159327
0.40160653
0.40162003
0.40163213
0.40164137
0.40164676
0.40164742
0.40164328
0.40163445
0.40162182
0.4016063
0.40158904
0.40157136
0.40155447
0.4015395
0.40152726
0.40151846
0.40151316
0.40151122
0.40151203
0.40151498
0.40151903
0.40152332
0.4015271
0.40152994
0.40153167
0.40153253
0.40153313
0.4015342
0.40153643
0.40154046
0.40154672
0.40155533
0.40156624
0.40157923
0.40159366
0.40160877
0.40162337
0.40163642
0.40164727
0.40165526
0.40166014
0.40166163
0.40165922
0.40165278
0.40164223
0.401628
0.4016108
0.40159193
0.40157285
0.40155506
0.40153986
0.40152842
0.4015215
0.40151966
0.40152293
0.40153116
0.40154377
0.40156022
0.40157956
0.40160102
0.4016237
0.4016468
0.4016698
0.40169233
0.40171453
0.4017365
0.4017581
0.40177912
0.40179884
0.4018166
0.40183192
0.40184435
0.40185362
0.40185955
0.4018621
0.40186128
0.40185735
0.40185073
0.40184215
0.40183225
0.4018218
0.40181127
0.40180093
0.4017905
0.4017799
0.4017688
0.40175754
0.40174615
0.40173507
0.40172437
0.4017144
0.40170568
0.4016988
0.40169472
0.40169394
0.40169707
0.40170398
0.40171412
0.40172657
0.40173975
0.40175205
0.40176198
0.40176818
0.40176994
0.40176675
0.40175864
0.4017461
0.40173003
0.4017118
0.40169284
0.40167508
0.40166014
0.40164918
0.40164292
0.40164128
0.4016439
0.40165016
0.40165865
0.40166807
0.40167677
0.40168354
0.40168747
0.4016884
0.40168643
0.40168226
0.4016769
0.40167108
0.4016651
0.40165895
0.40165204
0.40164378
0.4016336
0.4016215
0.40160793
0.4015934
0.401579
0.40156582
0.40155524
0.4015484
0.40154633
0.40154982
0.40155885
0.40157315
0.40159193
0.40161398
0.40163788
0.40166202
0.40168473
0.4017042
0.40171924
0.4017292
0.40173373
0.40173337
0.40172896
0.4017216
0.4017129
0.40170407
0.40169653
0.4016911
0.4016884
0.4016885
0.4016907
0.40169424
0.40169784
0.40170035
0.40170062
0.40169775
0.40169114
0.40168062
0.40166646
0.40164936
0.40163025
0.4016102
0.40159023
0.40157124
0.40155375
0.40153798
0.40152407
0.40151197
0.4015015
0.4014927
0.40148547
0.40147963
0.4014748
0.4014707
0.40146694
0.401463
0.4014587
0.4014539
0.40144882
0.40144378
0.40143946
0.4014364
0.4014349
0.40143535
0.4014375
0.4014415
0.40144712
0.4014544
0.40146306
0.4014733
0.40148476
0.4014969
0.40150896
0.40152013
0.4015296
0.4015367
0.4015412
0.4015436
0.40154463
0.40154555
0.40154737
0.4015509
0.4015563
0.40156344
0.4015716
0.40157983
0.40158743
0.40159374
0.40159878
0.40160298
0.40160707
0.40161175
0.40161765
0.40162492
0.40163344
0.40164256
0.40165153
0.40165928
0.40166488
0.4016678
0.40166792
0.40166563
0.4016617
0.40165734
0.40165377
0.4016521
0.4016529
0.40165627
0.4016616
0.40166786
0.40167364
0.40167755
0.4016782
0.40167457
0.40166616
0.4016528
0.4016349
0.4016132
0.40158898
0.4015636
0.40153825
0.40151387
0.4014912
0.4014706
0.40145266
0.40143773
0.4014262
0.40141848
0.40141466
0.4014148
0.40141875
0.40142637
0.4014376
0.4014525
0.40147102
0.40149328
0.40151924
0.40154862
0.4015811
0.40161565
0.40165126
0.40168673
0.40172046
0.4017515
0.40177852
0.40180072
0.40181717
0.40182728
0.40183052
0.4018268
0.4018163
0.40179962
0.40177757
0.40175128
0.40172222
0.40169188
0.40166202
0.40163404
0.40160918
0.40158844
0.40157205
0.40156007
0.40155217
0.40154767
0.401546
0.40154684
0.40154967
0.4015541
0.40155962
0.40156573
0.401572
0.40157837
0.401585
0.40159237
0.40160096
0.40161106
0.4016228
0.4016362
0.40165094
0.40166673
0.40168336
0.40170047
0.40171784
0.40173465
0.40175
0.40176272
0.40177172
0.40177613
0.40177572
0.40177068
0.4017615
0.40174904
0.4017341
0.40171766
0.40170035
0.4016825
0.40166438
0.4016459
0.40162703
0.4016082
0.4015898
0.4015723
0.40155613
0.40154156
0.4015287
0.40151757
0.40150863
0.40150228
0.40149894
0.40149915
0.40150326
0.40151158
0.40152392
0.40154016
0.4015596
0.4015814
0.40160456
0.40162772
0.40164948
0.40166876
0.40168476
0.4016972
0.40170643
0.40171295
0.40171775
0.4017216
0.40172508
0.40172845
0.40173125
0.401733
0.4017335
0.40173262
0.40173042
0.40172696
0.40172222
0.40171605
0.40170786
0.40169734
0.4016842
0.40166834
0.40165022
0.4016306
0.40161055
0.40159124
0.40157378
0.401559
0.40154755
0.40153962
0.40153518
0.40153342
0.4015337
0.401535
0.40153626
0.40153685
0.40153652
0.40153518
0.4015331
0.4015307
0.40152854
0.40152705
0.40152678
0.40152782
0.40153044
0.4015343
0.401539
0.4015438
0.4015477
0.40154985
0.40154946
0.40154612
0.40153986
0.40153113
0.4015208
0.40150973
0.4014989
0.4014893
0.40148163
0.40147692
0.40147582
0.4014789
0.40148672
0.4014993
0.40151665
0.4015381
0.40156284
0.40158957
0.40161702
0.40164378
0.40166834
0.40168938
0.40170565
0.40171647
0.40172145
0.40172073
0.40171486
0.40170476
0.40169176
0.40167725
0.40166256
0.40164888
0.4016372
0.40162796
0.40162128
0.40161696
0.40161452
0.40161332
0.4016129
0.40161306
0.4016139
0.40161547
0.40161818
0.40162227
0.40162814
0.40163642
0.40164736
0.4016614
0.40167823
0.40169746
0.40171805
0.40173876
0.40175804
0.4017746
0.40178722
0.40179533
0.40179867
0.40179756
0.40179262
0.40178463
0.4017747
0.40176377
0.40175268
0.40174168
0.40173075
0.40171912
0.40170616
0.40169114
0.40167364
0.4016539
0.40163216
0.4016094
0.40158635
0.40156394
0.40154296
0.4015244
0.4015088
0.40149683
0.40148878
0.40148512
0.40148562
0.40149012
0.4014981
0.4015089
0.40152168
0.4015351
0.4015481
0.40155932
0.401568
0.401574
0.4015774
0.40157914
0.40158
0.4015811
0.40158322
0.401587
0.40159264
0.40160012
0.40160903
0.401619
0.4016295
0.40163982
0.4016494
0.40165776
0.40166423
0.40166837
0.40166962
0.401668
0.40166387
0.40165755
0.4016496
0.40164044
0.4016307
0.40162113
0.40161228
0.4016049
0.40159962
0.40159678
0.4015968
0.40159968
0.40160504
0.40161207
0.40161982
0.4016272
0.40163347
0.40163812
0.40164077
0.4016411
0.40163884
0.40163377
0.40162596
0.40161613
0.4016051
0.40159422
0.40158477
0.40157768
0.40157357
0.4015729
0.4015757
0.40158185
0.4015909
0.40160218
0.40161476
0.4016279
0.40164077
0.40165287
0.40166438
0.40167546
0.4016863
0.401697
0.40170732
0.40171674
0.40172508
0.40173218
0.40173826
0.40174365
0.40174845
0.4017526
0.40175563
0.4017566
0.4017548
0.4017494
0.40174022
0.40172747
0.40171173
0.40169418
0.401676
0.40165818
0.40164122
0.40162548
0.40161127
0.4015988
0.40158877
0.4015818
0.40157828
0.40157863
0.40158296
0.40159085
0.40160152
0.40161392
0.40162665
0.40163818
0.40164715
0.40165263
0.40165398
0.40165117
0.40164486
0.40163597
0.40162593
0.40161595
0.4016074
0.4016014
0.40159857
0.40159965
0.4016045
0.40161318
0.40162516
0.4016399
0.401657
0.40167594
0.4016966
0.40171835
0.40174082
0.4017631
0.40178433
0.40180355
0.40181997
0.40183294
0.4018419
0.40184665
0.40184677
0.40184218
0.40183273
0.4018185
0.40179986
0.40177718
0.4017518
0.40172496
0.4016984
0.40167388
0.40165272
0.40163553
0.4016224
0.4016131
0.40160647
0.40160158
0.40159738
0.40159318
0.40158862
0.40158364
0.40157846
0.4015731
0.4015677
0.40156248
0.4015573
0.40155232
0.4015478
0.4015442
0.40154216
0.40154225
0.4015448
0.40154994
0.40155753
0.40156737
0.40157896
0.40159166
0.40160444
0.4016162
0.40162566
0.40163192
0.40163478
0.40163437
0.40163127
0.40162632
0.40162048
0.40161452
0.4016092
0.40160468
0.40160075
0.40159717
0.40159324
0.40158814
0.4015809
0.40157086
0.4015578
0.4015421
0.40152442
0.40150598
0.40148795
0.40147144
0.401457
0.40144524
0.40143624
0.40142986
0.40142602
0.40142447
0.40142483
0.40142676
0.40143007
0.40143445
0.4014398
0.40144593
0.40145257
0.4014596
0.4014668
0.40147346
0.4014794
0.40148383
0.40148658
0.4014875
0.401487
0.4014858
0.401485
0.40148547
0.40148816
0.40149364
0.401503
0.40151653
0.40153477
0.40155777
0.40158543
0.40161687
0.40165126
0.40168715
0.4017227
0.40175626
0.40178645
0.40181246
0.4018339
0.40185067
0.4018635
0.40187284
0.4018796
0.40188465
0.40188837
0.40189078
0.4018917
0.40189055
0.4018868
0.40188
0.40187004
0.40185708
0.40184137
0.40182382
0.4018053
0.4017867
0.40176937
0.4017544
0.40174285
0.40173528
0.40173152
0.40173098
0.40173268
0.40173504
0.40173686
0.40173703
0.40173492
0.40173048
0.4017241
0.40171665
0.40170917
0.40170255
0.40169728
0.40169343
0.4016905
0.40168765
0.4016841
0.40167937
0.40167296
0.40166512
0.4016563
0.40164757
0.40164
0.40163475
0.40163273
0.4016345
0.40164033
0.40164998
0.40166304
0.4016785
0.40169522
0.4017117
0.40172613
0.4017369
0.401743
0.40174386
0.40173966
0.40173107
0.40171954
0.40170658
0.4016938
0.40168276
0.40167484
0.401671
0.40167195
0.40167794
0.40168875
0.40170357
0.40172097
0.4017395
0.4017579
0.40177485
0.40178943
0.40180087
0.40180892
0.40181333
0.40181392
0.40181094
0.40180448
0.40179476
0.40178236
0.40176803
0.4017526
0.4017368
0.401721
0.4017052
0.40168908
0.40167227
0.4016548
0.40163693
0.401619
0.40160167
0.4015856
0.40157136
0.40155974
0.4015512
0.40154627
0.4015449
0.40154678
0.40155146
0.40155855
0.40156746
0.40157798
0.40158975
0.40160224
0.40161476
0.40162626
0.40163592
0.4016431
0.4016476
0.4016495
0.40164906
0.40164682
0.4016435
0.40163994
0.4016373
0.40163702
0.40164027
0.401648
0.40166047
0.4016774
0.40169755
0.40171948
0.4017413
0.4017613
0.40177807
0.40179065
0.40179822
0.4018006
0.4017977
0.40178996
0.4017781
0.40176296
0.40174606
0.40172884
0.4017129
0.40169957
0.40168986
0.40168437
0.4016833
0.4016861
0.40169218
0.40170044
0.40170988
0.40171954
0.40172854
0.40173605
0.40174147
0.40174437
0.40174457
0.401742
0.4017369
0.40172946
0.40172017
0.40170923
0.40169713
0.40168428
0.4016714
0.40165913
0.40164796
0.4016387
0.40163177
0.4016276
0.40162602
0.40162635
0.40162775
0.4016289
0.40162873
0.40162617
0.40162063
0.40161175
0.40159988
0.40158534
0.40156907
0.401552
0.401535
0.4015189
0.40150416
0.40149125
0.4014806
0.40147242
0.40146688
0.4014638
0.40146315
0.40146488
0.40146905
0.40147603
0.40148562
0.40149787
0.4015128
0.4015304
0.4015507
0.40157372
0.4015991
0.40162638
0.40165442
0.40168187
0.40170717
0.401729
0.40174595
0.4017575
0.40176326
0.40176323
0.40175787
0.40174782
0.40173423
0.4017183
0.4017017
0.40168583
0.40167186
0.40166047
0.40165246
0.4016479
0.401647
0.4016498
0.40165612
0.40166545
0.4016769
0.40168944
0.40170172
0.40171257
0.40172076
0.40172565
0.40172663
0.40172377
0.40171742
0.40170828
0.4016975
0.40168622
0.40167576
0.40166682
0.4016603
0.40165615
0.40165406
0.40165356
0.4016538
0.40165368
0.4016525
0.40164974
0.4016457
0.40164068
0.40163568
0.40163162
0.4016296
0.4016301
0.40163335
0.401639
0.40164632
0.4016546
0.40166315
0.40167192
0.4016809
0.40169007
0.40169966
0.4017094
0.4017188
0.4017268
0.40173244
0.4017348
0.40173316
0.40172747
0.4017179
0.40170524
0.40169
0.40167314
0.4016555
0.40163776
0.40162048
0.40160418
0.40158963
0.40157777
0.40156963
0.401566
0.40156755
0.40157434
0.40158617
0.4016022
0.40162128
0.40164185
0.40166226
0.40168115
0.4016975
0.40171102
0.40172178
0.40173024
0.4017372
0.40174323
0.40174866
0.40175337
0.40175676
0.401758
0.4017562
0.40175062
0.40174088
0.40172672
0.40170845
0.40168658
0.4016622
0.40163663
0.40161115
0.40158707
0.40156555
0.40154764
0.40153408
0.4015255
0.40152207
0.40152362
0.4015297
0.40153942
0.40155184
0.4015658
0.40158033
0.40159434
0.40160707
0.4016179
0.40162677
0.40163404
0.40164044
0.40164667
0.40165353
0.40166143
0.4016705
0.40168035
0.40169045
0.4016995
0.4017063
0.4017096
0.40170825
0.4017016
0.40168932
0.40167204
0.4016505
0.40162617
0.4016008
0.40157586
0.4015525
0.4015315
0.4015134
0.40149826
0.40148607
0.4014765
0.40146938
0.40146482
0.401463
0.40146434
0.40146908
0.40147743
0.4014896
0.40150577
0.401526
0.4015501
0.4015775
0.40160748
0.40163904
0.40167072
0.40170085
0.40172806
0.40175104
0.401769
0.40178135
0.40178776
0.40178823
0.40178308
0.40177304
0.4017593
0.40174323
0.40172645
0.4017106
0.4016972
0.40168744
0.40168217
0.40168166
0.4016854
0.40169203
0.4017
0.40170735
0.40171245
0.40171412
0.40171152
0.40170473
0.4016943
0.4016812
0.4016669
0.4016524
0.4016387
0.40162614
0.4016149
0.40160483
0.40159568
0.40158695
0.401578
0.40156847
0.40155834
0.4015481
0.40153804
0.4015288
0.40152094
0.40151486
0.40151057
0.40150812
0.40150738
0.40150833
0.4015107
0.40151444
0.40151945
0.4015255
0.40153238
0.4015402
0.40154892
0.40155867
0.40156913
0.40158
0.4015907
0.40160048
0.40160868
0.40161481
0.4016189
0.40162104
0.40162155
0.40162122
0.40162057
0.40162006
0.40161988
0.40161976
0.40161943
0.40161824
0.40161583
0.40161228
0.40160784
0.40160277
0.40159774
0.40159303
0.40158874
0.401585
0.40158156
0.40157855
0.40157598
0.40157396
0.40157232
0.40157083
0.4015689
0.40156618
0.40156227
0.40155688
0.4015502
0.40154257
0.401535
0.40152842
0.40152374
0.40152147
0.40152195
0.4015251
0.40153047
0.40153745
0.401545
0.40155157
0.4015561
0.40155768
0.40155593
0.4015513
0.40154448
0.4015367
0.40152904
0.40152285
0.40151912
0.4015187
0.40152237
0.40153056
0.40154377
0.401562
0.40158555
0.4016139
0.40164617
0.401681
0.40171665
0.4017513
0.4017831
0.40181062
0.4018325
0.40184778
0.40185606
0.4018571
0.401851
0.40183824
0.40181988
0.40179726
0.40177202
0.4017456
0.40171975
0.40169573
0.4016745
0.4016565
0.40164196
0.40163073
0.40162244
0.4016166
0.40161216
0.40160823
0.40160424
0.4015999
0.40159553
0.40159166
0.4015892
0.40158907
0.4015917
0.40159738
0.40160593
0.4016168
0.40162942
0.40164325
0.40165767
0.4016722
0.40168634
0.40169933
0.4017105
0.40171912
0.40172473
0.40172723
0.4017268
0.40172416
0.40171975
0.40171406
0.40170708
0.40169892
0.40168938
0.4016786
0.40166706
0.40165532
0.40164393
0.40163362
0.4016247
0.40161753
0.40161192
0.40160745
0.40160376
0.40160006
0.40159598
0.40159127
0.4015862
0.40158117
0.40157658
0.40157282
0.4015704
0.40156975
0.40157112
0.40157485
0.40158153
0.40159133
0.40160432
0.4016202
0.40163797
0.40165657
0.40167445
0.40168995
0.4017016
0.40170854
0.40171048
0.4017076
0.4017007
0.40169093
0.40167964
0.40166828
0.40165803
0.40164992
0.40164438
0.40164122
0.4016399
0.4016393
0.4016385
0.40163663
0.40163326
0.4016285
0.401623
0.40161774
0.40161365
0.40161178
0.40161285
0.40161705
0.40162444
0.40163463
0.4016471
0.40166125
0.40167645
0.40169212
0.40170744
0.40172136
0.4017327
0.40174022
0.4017433
0.40174177
0.4017362
0.40172747
0.40171707
0.40170643
0.4016972
0.4016905
0.4016871
0.40168732
0.40169087
0.401697
0.4017048
0.40171298
0.40172082
0.40172732
0.40173227
0.4017356
0.40173748
0.40173852
0.40173933
0.4017404
0.40174207
0.40174404
0.40174565
0.40174624
0.4017449
0.40174088
0.40173367
0.40172306
0.40170926
0.40169275
0.4016746
0.4016562
0.40163887
0.4016241
0.4016126
0.4016051
0.40160143
0.4016014
0.4016045
0.40160978
0.4016165
0.40162364
0.40163007
0.40163505
0.40163812
0.4016394
0.40163958
0.4016393
0.40163973
0.4016418
0.40164614
0.40165332
0.40166318
0.4016754
0.401689
0.40170273
0.40171543
0.40172595
0.40173376
0.40173844
0.40173984
0.40173858
0.40173537
0.40173098
0.40172622
0.4017216
0.40171713
0.40171257
0.40170738
0.40170103
0.40169314
0.40168357
0.4016724
0.40166017
0.4016475
0.4016349
0.40162262
0.4016112
0.40160108
0.40159276
0.4015865
0.4015826
0.40158138
0.40158278
0.401587
0.40159395
0.40160334
0.40161458
0.40162683
0.40163907
0.4016505
0.4016605
0.4016688
0.40167534
0.4016802
0.4016834
0.4016846
0.40168345
0.40167943
0.40167236
0.40166238
0.40165016
0.40163663
0.40162304
0.40161046
0.40159994
0.40159217
0.40158743
0.4015858
0.40158707
0.40159088
0.401597
0.4016051
0.4016151
0.40162694
0.4016407
0.40165755
0.4016794
0.4017094
0.40175238
0.40181488
0.4019057
0.40203685
0.40222478
0.40249294
0.40287042
0.40339845
0.40413424
0.40515515
0.4065666
0.40851
0.41120604
0.41487882
0.4198384
0.4265587
0.43568358
0.44782445
