0.44257724
0.4320708
0.42418578
0.41824394
0.41380212
0.4105157
0.40810132
0.40631938
0.40501004
0.40405577
0.40336096
0.40285847
0.40249822
0.4022429
0.40206465
0.40194267
0.4018613
0.40180898
0.40177715
0.4017602
0.40175387
0.40175554
0.40176314
0.40177456
0.4017879
0.40180114
0.40181255
0.40182063
0.40182444
0.40182382
0.40181878
0.40181014
0.40179878
0.40178585
0.4017722
0.40175837
0.40174448
0.40173024
0.4017153
0.4016995
0.40168303
0.40166622
0.40165022
0.40163597
0.4016246
0.4016165
0.40161183
0.40160996
0.40161017
0.4016112
0.40161175
0.40161055
0.4016068
0.40160006
0.4015904
0.40157846
0.40156493
0.40155047
0.40153587
0.40152183
0.40150884
0.40149724
0.40148726
0.401479
0.40147257
0.40146774
0.40146416
0.4014613
0.40145853
0.40145504
0.4014505
0.40144458
0.4014375
0.40142977
0.4014219
0.40141457
0.4014082
0.40140325
0.40139994
0.40139842
0.4013987
0.40140072
0.4014044
0.40140954
0.4014161
0.40142423
0.4014341
0.40144584
0.4014596
0.40147498
0.40149173
0.40150902
0.40152594
0.40154165
0.40155542
0.40156645
0.40157405
0.40157804
0.40157837
0.40157565
0.40157044
0.40156376
0.40155667
0.40155008
0.40154448
0.40154037
0.40153787
0.4015367
0.40153673
0.40153763
0.40153942
0.40154243
0.4015468
0.401553
0.40156126
0.4015718
0.40158454
0.4015991
0.40161505
0.4016316
0.40164772
0.40166256
0.40167508
0.40168434
0.40168968
0.4016908
0.40168795
0.40168166
0.4016731
0.40166324
0.40165293
0.40164268
0.40163267
0.4016228
0.4016133
0.4016042
0.40159568
0.40158802
0.40158138
0.4015758
0.4015715
0.4015683
0.40156606
0.40156487
0.40156513
0.40156704
0.40157086
0.40157658
0.40158364
0.40159133
0.40159833
0.4016033
0.40160516
0.4016031
0.40159702
0.40158734
0.40157488
0.40156096
0.40154704
0.40153447
0.40152457
0.4015183
0.40151638
0.40151927
0.40152726
0.40154046
0.40155867
0.40158165
0.40160832
0.40163767
0.40166807
0.40169773
0.40172476
0.40174788
0.401766
0.40177852
0.40178517
0.4017863
0.40178242
0.40177432
0.4017628
0.40174848
0.40173185
0.40171286
0.4016917
0.40166858
0.40164426
0.4016194
0.40159494
0.40157178
0.40155044
0.40153125
0.40151432
0.4014996
0.4014868
0.40147573
0.40146625
0.40145823
0.40145153
0.401446
0.40144137
0.4014378
0.4014354
0.40143463
0.401436
0.40143985
0.4014467
0.40145668
0.40146974
0.40148565
0.4015039
0.4015239
0.40154484
0.401566
0.40158656
0.40160567
0.4016224
0.40163583
0.401645
0.40164956
0.4016495
0.4016453
0.40163794
0.40162846
0.4016181
0.40160763
0.40159777
0.40158904
0.40158212
0.40157744
0.40157542
0.40157625
0.40157986
0.4015863
0.40159526
0.40160617
0.40161806
0.40162984
0.40164003
0.40164718
0.4016504
0.40164924
0.40164348
0.40163404
0.4016217
0.40160784
0.40159357
0.40157998
0.40156797
0.4015581
0.40155083
0.40154603
0.40154335
0.40154257
0.40154335
0.4015453
0.40154782
0.40155038
0.4015523
0.40155283
0.40155137
0.40154767
0.40154183
0.40153423
0.4015257
0.40151697
0.4015092
0.4015032
0.4014998
0.4014994
0.40150195
0.40150723
0.4015146
0.4015232
0.4015322
0.401541
0.40154934
0.40155745
0.40156624
0.40157658
0.40158933
0.40160528
0.40162462
0.40164703
0.40167168
0.40169752
0.4017231
0.4017471
0.4017687
0.40178767
0.4018043
0.40182015
0.40183768
0.40186042
0.4018934
0.4019436
0.4020204
0.40213612
0.4023072
0.4025581
0.40291864
0.40343022
0.40415064
0.4051578
0.40655795
0.40849313
0.41118437
0.41485584
0.41981685
0.42654037
0.4356694
0.4478143
