0.44252744
0.43200973
0.42411968
0.41817936
0.41374525
0.4104721
0.40807483
0.40631256
0.40502414
0.40409008
0.40341392
0.40292746
0.40257993
0.4023337
0.40216032
0.40203863
0.40195274
0.40189084
0.40184465
0.4018081
0.40177727
0.40174952
0.40172356
0.40169862
0.40167457
0.40165156
0.40162924
0.40160757
0.40158632
0.40156564
0.401546
0.40152788
0.40151188
0.4014985
0.40148804
0.40148044
0.40147567
0.40147346
0.40147403
0.40147737
0.40148368
0.4014929
0.40150493
0.40151927
0.401535
0.40155113
0.4015663
0.40157914
0.40158868
0.4015946
0.40159708
0.40159696
0.40159512
0.40159264
0.40159026
0.4015884
0.4015874
0.40158725
0.40158775
0.40158862
0.40158945
0.40159008
0.40159062
0.40159145
0.40159294
0.40159535
0.4015987
0.40160277
0.4016069
0.4016102
0.40161163
0.4016104
0.40160596
0.40159857
0.4015888
0.40157762
0.4015659
0.4015546
0.40154463
0.40153635
0.40152997
0.40152568
0.40152347
0.40152314
0.40152466
0.4015279
0.40153277
0.40153906
0.4015467
0.40155524
0.40156475
0.4015748
0.40158492
0.4015945
0.4016028
0.40160918
0.40161344
0.40161568
0.40161628
0.40161586
0.40161508
0.4016142
0.40161315
0.4016118
0.40161014
0.40160826
0.40160665
0.40160578
0.4016065
0.4016092
0.40161407
0.40162125
0.40163037
0.40164095
0.40165272
0.40166527
0.40167823
0.40169126
0.40170395
0.401716
0.40172672
0.4017353
0.40174106
0.40174347
0.4017426
0.40173876
0.40173256
0.40172476
0.40171593
0.40170658
0.4016973
0.40168884
0.40168157
0.40167603
0.40167278
0.40167233
0.40167487
0.40168047
0.40168858
0.40169844
0.40170896
0.40171888
0.40172747
0.40173393
0.4017381
0.40174004
0.40174022
0.4017389
0.40173635
0.40173224
0.4017262
0.40171766
0.4017063
0.40169215
0.40167546
0.40165693
0.40163764
0.4016188
0.4016012
0.4015855
0.40157205
0.40156084
0.4015518
0.4015447
0.40153933
0.40153533
0.4015322
0.40152946
0.40152642
0.4015227
0.40151834
0.40151355
0.40150884
0.4015045
0.40150115
0.40149906
0.4014989
0.40150112
0.4015063
0.40151477
0.40152678
0.40154207
0.40156
0.40157968
0.40159974
0.4016189
0.40163592
0.40164998
0.40166092
0.40166894
0.4016747
0.4016789
0.40168226
0.40168548
0.40168908
0.40169373
0.40169993
0.40170786
0.40171725
0.40172765
0.40173808
0.40174773
0.40175566
0.4017615
0.4017649
0.4017659
0.4017645
0.40176094
0.40175572
0.40174925
0.40174186
0.4017337
0.4017247
0.40171474
0.40170413
0.40169325
0.40168285
0.40167388
0.40166712
0.40166357
0.4016639
0.40166855
0.4016773
0.4016897
0.40170443
0.40171987
0.40173423
0.40174577
0.40175316
0.40175563
0.4017528
0.401745
0.401733
0.40171802
0.40170157
0.40168485
0.40166885
0.4016537
0.40163943
0.40162563
0.40161195
0.4015982
0.4015844
0.401571
0.40155882
0.4015484
0.4015403
0.40153491
0.40153232
0.40153244
0.40153515
0.40154
0.4015467
0.40155435
0.40156218
0.4015695
0.40157583
0.40158117
0.4015856
0.4015893
0.40159222
0.40159443
0.40159598
0.40159705
0.40159827
0.40160033
0.40160388
0.40160954
0.40161765
0.40162846
0.40164185
0.40165684
0.40167233
0.4016868
0.40169895
0.40170777
0.40171272
0.4017136
0.40171084
0.40170524
0.40169787
0.40168995
0.40168235
0.40167576
0.4016707
0.40166727
0.40166548
0.40166512
0.40166563
0.40166652
0.40166745
0.4016678
0.4016671
0.40166494
0.40166062
0.40165365
0.40164363
0.4016306
0.40161502
0.4015976
0.40157914
0.40156046
0.40154225
0.40152517
0.40150964
0.40149626
0.40148535
0.401477
0.40147138
0.4014682
0.40146753
0.4014693
0.4014735
0.40148026
0.40148947
0.40150127
0.4015156
0.40153238
0.40155163
0.40157297
0.40159598
0.40162
0.40164393
0.40166676
0.40168738
0.40170506
0.4017192
0.40172988
0.4017374
0.40174243
0.401746
0.40174907
0.4017526
0.4017569
0.401762
0.40176702
0.40177092
0.40177262
0.40177128
0.40176657
0.40175858
0.40174806
0.40173602
0.40172392
0.40171334
0.40170565
0.4017019
0.40170246
0.40170717
0.40171543
0.40172592
0.40173736
0.40174848
0.40175796
0.40176487
0.40176815
0.40176716
0.40176126
0.4017505
0.40173507
0.4017159
0.40169412
0.4016713
0.4016486
0.40162703
0.40160707
0.40158877
0.40157187
0.40155596
0.40154085
0.40152654
0.40151337
0.4015017
0.40149185
0.4014841
0.4014784
0.40147454
0.40147212
0.4014706
0.4014695
0.40146816
0.40146664
0.40146506
0.40146375
0.4014632
0.40146393
0.40146634
0.40147093
0.40147796
0.40148732
0.40149903
0.40151313
0.40152934
0.40154755
0.40156704
0.40158713
0.40160704
0.4016261
0.401644
0.4016603
0.40167454
0.4016861
0.40169466
0.40170002
0.40170214
0.40170172
0.4016997
0.40169737
0.40169615
0.40169707
0.40170074
0.40170708
0.40171546
0.401725
0.40173435
0.4017425
0.4017487
0.40175253
0.40175417
0.40175417
0.40175357
0.40175357
0.40175536
0.4017597
0.40176693
0.4017768
0.4017885
0.40180084
0.40181223
0.40182126
0.40182665
0.40182757
0.40182337
0.40181425
0.40180048
0.40178287
0.40176234
0.40173995
0.40171665
0.40169337
0.4016705
0.4016484
0.40162724
0.4016073
0.40158892
0.40157232
0.40155762
0.40154472
0.40153354
0.40152407
0.40151653
0.4015114
0.4015092
0.40151006
0.4015142
0.4015211
0.40152997
0.40153986
0.4015496
0.40155822
0.40156484
0.40156892
0.40157044
0.40156984
0.40156788
0.40156505
0.40156212
0.40155956
0.40155804
0.40155816
0.40156037
0.40156513
0.40157256
0.4015823
0.4015939
0.4016068
0.40162063
0.4016347
0.40164828
0.4016604
0.40167013
0.40167665
0.40167955
0.40167877
0.40167478
0.4016685
0.401661
0.40165362
0.4016471
0.4016421
0.4016389
0.4016376
0.40163842
0.40164134
0.40164608
0.4016524
0.40165982
0.40166757
0.40167525
0.40168273
0.40169004
0.4016972
0.401704
0.4017101
0.40171504
0.40171817
0.40171966
0.40171948
0.4017181
0.40171596
0.40171313
0.40170965
0.40170527
0.4016999
0.40169355
0.40168646
0.40167874
0.40167078
0.40166298
0.4016559
0.40165007
0.40164608
0.40164426
0.4016447
0.40164718
0.4016513
0.40165633
0.40166196
0.40166783
0.4016737
0.40167946
0.4016846
0.40168864
0.401691
0.40169126
0.40168917
0.40168482
0.4016785
0.40167058
0.40166152
0.40165162
0.40164122
0.40163028
0.40161866
0.4016063
0.40159306
0.4015792
0.40156522
0.4015518
0.40153962
0.40152934
0.40152162
0.40151665
0.4015146
0.40151548
0.40151918
0.40152553
0.40153423
0.4015449
0.40155676
0.40156877
0.40157974
0.4015885
0.40159416
0.40159622
0.40159476
0.4015903
0.401584
0.40157732
0.40157166
0.40156803
0.401567
0.40156883
0.4015736
0.40158153
0.40159306
0.40160877
0.4016289
0.4016536
0.40168226
0.401714
0.40174738
0.4017808
0.40181273
0.40184182
0.40186727
0.4018882
0.40190426
0.40191495
0.4019201
0.40191945
0.40191278
0.40190017
0.40188184
0.40185842
0.40183085
0.40180036
0.40176845
0.40173662
0.4017065
0.401679
0.40165478
0.4016339
0.40161625
0.40160152
0.40158954
0.40158033
0.40157402
0.40157035
0.40156934
0.40157044
0.40157324
0.4015769
0.40158042
0.4015829
0.40158343
0.40158153
0.4015773
0.40157136
0.4015648
0.40155908
0.4015554
0.40155473
0.4015576
0.40156385
0.40157282
0.40158352
0.4015946
0.40160456
0.40161234
0.4016172
0.4016189
0.40161744
0.40161306
0.40160614
0.40159693
0.40158573
0.4015728
0.40155846
0.40154335
0.40152806
0.4015131
0.40149894
0.4014858
0.40147394
0.40146333
0.4014543
0.40144697
0.4014417
0.4014388
0.40143865
0.40144154
0.40144753
0.40145656
0.4014683
0.40148225
0.40149796
0.4015146
0.40153167
0.40154856
0.40156478
0.4015795
0.40159205
0.40160185
0.40160856
0.4016122
0.4016128
0.4016103
0.40160477
0.4015963
0.40158552
0.40157342
0.40156123
0.40155008
0.4015412
0.401535
0.40153173
0.40153125
0.40153292
0.40153605
0.40153995
0.40154386
0.40154728
0.40154994
0.40155146
0.40155146
0.40154955
0.40154555
0.40153956
0.4015321
0.401524
0.40151614
0.40150946
0.40150476
0.40150264
0.40150338
0.40150702
0.40151355
0.40152252
0.4015333
0.40154496
0.40155625
0.40156633
0.40157452
0.40158033
0.40158367
0.40158427
0.40158254
0.40157914
0.4015747
0.40157005
0.40156573
0.4015623
0.40155998
0.4015589
0.40155903
0.40156028
0.40156236
0.40156513
0.40156835
0.4015716
0.40157443
0.40157616
0.40157652
0.40157542
0.4015735
0.40157172
0.40157086
0.40157163
0.40157452
0.40157992
0.4015878
0.4015981
0.40161023
0.40162346
0.40163672
0.40164906
0.4016597
0.40166837
0.40167525
0.40168065
0.40168527
0.4016895
0.40169343
0.40169695
0.40169972
0.40170163
0.4017024
0.40170223
0.40170124
0.40169975
0.4016976
0.40169474
0.4016908
0.40168533
0.40167817
0.4016695
0.40165958
0.4016491
0.40163898
0.40162992
0.40162283
0.40161806
0.4016157
0.40161574
0.4016178
0.40162167
0.40162694
0.40163332
0.40164033
0.40164793
0.4016559
0.40166423
0.4016728
0.40168115
0.4016884
0.4016937
0.40169594
0.40169466
0.40168965
0.4016812
0.40167028
0.40165776
0.4016447
0.40163216
0.40162134
0.4016133
0.4016091
0.40160945
0.4016148
0.40162504
0.40164006
0.401659
0.4016808
0.40170398
0.40172672
0.4017474
0.4017643
0.40177628
0.40178257
0.40178287
0.40177748
0.40176705
0.40175274
0.40173593
0.4017182
0.40170085
0.401685
0.4016709
0.40165862
0.4016477
0.4016378
0.40162846
0.4016193
0.4016099
0.40160012
0.40159014
0.4015803
0.40157112
0.40156317
0.40155688
0.40155268
0.4015506
0.40155068
0.40155268
0.40155596
0.4015599
0.40156373
0.4015671
0.40157
0.40157282
0.40157613
0.40158045
0.4015863
0.4015939
0.40160337
0.4016145
0.40162677
0.40163976
0.4016525
0.40166417
0.4016739
0.40168113
0.40168557
0.4016872
0.4016862
0.4016826
0.4016769
0.40166968
0.40166125
0.4016517
0.40164107
0.4016293
0.40161645
0.40160298
0.40158966
0.4015775
0.40156734
0.40156
0.4015562
0.4015561
0.40155965
0.4015666
0.4015763
0.4015883
0.40160152
0.40161484
0.4016271
0.40163705
0.40164402
0.40164778
0.4016487
0.40164763
0.40164563
0.4016438
0.4016432
0.40164462
0.40164906
0.4016571
0.40166909
0.40168482
0.40170345
0.40172383
0.40174443
0.40176365
0.40177992
0.40179208
0.40179944
0.40180174
0.4017991
0.40179232
0.4017823
0.40176997
0.4017564
0.40174216
0.40172762
0.40171266
0.401697
0.40168026
0.4016623
0.40164322
0.40162343
0.40160325
0.40158293
0.40156266
0.4015426
0.4015227
0.40150338
0.40148488
0.40146774
0.40145218
0.40143836
0.4014264
0.40141606
0.40140715
0.40139917
0.40139192
0.4013854
0.40137956
0.40137476
0.40137136
0.4013698
0.40137056
0.40137383
0.4013797
0.40138844
0.40139976
0.40141344
0.401429
0.401446
0.40146375
0.4014814
0.40149805
0.4015127
0.40152454
0.40153337
0.40153953
0.40154377
0.40154737
0.40155166
0.4015578
0.40156636
0.40157786
0.40159187
0.40160763
0.401624
0.4016395
0.40165254
0.40166187
0.40166646
0.40166605
0.40166083
0.40165177
0.40164027
0.40162796
0.4016164
0.40160704
0.4016008
0.4015982
0.40159893
0.40160224
0.40160695
0.4016115
0.40161458
0.4016149
0.40161198
0.40160578
0.4015967
0.4015858
0.40157434
0.40156364
0.4015548
0.40154865
0.40154558
0.40154573
0.40154862
0.40155363
0.40155986
0.4015665
0.40157288
0.4015781
0.40158156
0.4015829
0.40158224
0.40157977
0.40157598
0.40157124
0.40156618
0.4015612
0.40155676
0.401553
0.4015501
0.40154833
0.40154824
0.4015501
0.4015543
0.40156093
0.40157026
0.40158203
0.4015962
0.40161252
0.40163076
0.4016505
0.40167066
0.40169004
0.40170705
0.40172046
0.40172952
0.4017339
0.401734
0.40173048
0.40172416
0.40171596
0.40170655
0.40169615
0.40168482
0.40167245
0.40165922
0.40164524
0.40163088
0.40161642
0.40160227
0.40158862
0.4015758
0.40156427
0.40155444
0.40154648
0.40154052
0.40153652
0.40153447
0.40153432
0.40153593
0.40153927
0.40154412
0.40155008
0.40155676
0.40156338
0.40156934
0.4015737
0.4015758
0.4015752
0.40157154
0.40156493
0.40155593
0.4015454
0.4015347
0.40152475
0.40151656
0.40151078
0.40150812
0.40150887
0.401513
0.40152037
0.40153065
0.40154335
0.4015581
0.40157467
0.40159264
0.40161163
0.40163103
0.40165022
0.40166858
0.401686
0.40170246
0.4017184
0.40173426
0.40175045
0.40176675
0.40178254
0.40179685
0.40180862
0.4018169
0.40182084
0.40181994
0.40181378
0.40180248
0.40178618
0.40176594
0.40174276
0.40171775
0.401692
0.4016662
0.40164128
0.40161765
0.40159595
0.40157685
0.4015608
0.4015483
0.4015398
0.4015353
0.40153483
0.40153816
0.40154502
0.401555
0.4015677
0.40158272
0.4016001
0.40161988
0.40164196
0.4016663
0.40169242
0.4017196
0.40174696
0.4017736
0.40179893
0.40182245
0.40184394
0.40186307
0.4018797
0.40189385
0.40190536
0.40191418
0.40192008
0.4019229
0.40192232
0.40191832
0.40191048
0.40189895
0.40188387
0.40186554
0.40184462
0.40182182
0.40179816
0.40177432
0.4017515
0.40173006
0.40171006
0.4016915
0.40167364
0.40165603
0.40163854
0.40162134
0.40160477
0.40158948
0.40157595
0.40156472
0.40155637
0.40155146
0.40155038
0.4015531
0.40155917
0.40156782
0.40157795
0.40158826
0.40159747
0.4016049
0.40161023
0.40161377
0.40161657
0.40162003
0.40162566
0.40163448
0.4016471
0.4016633
0.4016822
0.40170223
0.4017215
0.4017381
0.40175048
0.40175736
0.40175802
0.40175244
0.40174115
0.40172526
0.40170634
0.40168643
0.40166706
0.40164974
0.40163556
0.40162516
0.40161878
0.40161642
0.4016179
0.40162227
0.40162858
0.40163535
0.40164128
0.40164515
0.40164652
0.40164557
0.40164325
0.4016415
0.40164274
0.40165016
0.40166736
0.40169913
0.4017516
0.40183303
0.40195486
0.40213326
0.40239152
0.4027587
0.40327653
0.40400302
0.40501657
0.40642396
0.40836746
0.41106856
0.414751
0.4197245
0.42646292
0.43560773
0.44776937
