0.4426505
0.43216673
0.42430097
0.41837484
0.4139439
0.4106624
0.40824535
0.4064534
0.40512678
0.40414944
0.4034267
0.40289277
0.40249896
0.40220886
0.40199554
0.40183884
0.40172386
0.4016396
0.40157855
0.40153506
0.40150523
0.40148625
0.40147582
0.40147233
0.40147427
0.40148035
0.4014893
0.40150005
0.40151152
0.4015231
0.4015343
0.4015454
0.40155637
0.40156728
0.40157792
0.4015883
0.40159768
0.40160584
0.4016126
0.40161797
0.40162233
0.40162605
0.40162933
0.40163234
0.40163463
0.40163574
0.40163532
0.40163326
0.40162984
0.40162548
0.4016207
0.40161586
0.40161133
0.40160725
0.40160376
0.4016009
0.401599
0.40159762
0.40159625
0.4015941
0.4015902
0.40158385
0.40157506
0.4015641
0.4015519
0.40153927
0.40152705
0.4015159
0.40150657
0.4014993
0.40149435
0.40149152
0.40149063
0.40149143
0.40149382
0.40149754
0.40150237
0.40150762
0.4015128
0.40151724
0.40152022
0.40152147
0.4015211
0.40151945
0.40151724
0.401515
0.4015133
0.40151244
0.40151265
0.4015142
0.40151724
0.4015221
0.40152875
0.40153727
0.40154713
0.40155777
0.40156844
0.40157798
0.4015856
0.40159088
0.40159386
0.4015952
0.40159616
0.40159798
0.40160194
0.4016089
0.40161943
0.40163335
0.40165028
0.40166906
0.40168825
0.4017063
0.40172192
0.40173408
0.40174213
0.40174586
0.4017455
0.4017417
0.40173537
0.4017275
0.4017188
0.4017097
0.40170026
0.40169004
0.40167823
0.40166417
0.4016473
0.4016277
0.40160587
0.40158284
0.40155992
0.4015386
0.40151998
0.40150496
0.401494
0.4014871
0.40148416
0.40148467
0.40148798
0.40149328
0.40149963
0.40150598
0.40151152
0.40151572
0.40151823
0.40151897
0.4015183
0.40151647
0.4015143
0.40151218
0.40151083
0.40151066
0.40151235
0.40151665
0.40152422
0.40153566
0.4015514
0.40157133
0.401595
0.40162155
0.40164986
0.40167823
0.40170512
0.40172905
0.40174937
0.40176582
0.40177894
0.4017896
0.40179902
0.40180853
0.4018193
0.40183192
0.40184632
0.40186226
0.40187868
0.40189475
0.40190947
0.40192214
0.4019318
0.4019379
0.40193984
0.40193713
0.40192962
0.40191707
0.4018994
0.4018769
0.4018497
0.4018184
0.4017838
0.40174696
0.40170938
0.40167275
0.4016387
0.40160868
0.4015835
0.4015637
0.40154904
0.4015392
0.40153337
0.40153086
0.4015308
0.40153235
0.40153447
0.40153626
0.4015368
0.40153503
0.40153056
0.4015233
0.40151387
0.4015033
0.40149295
0.40148416
0.40147802
0.40147513
0.40147597
0.4014805
0.4014885
0.4014998
0.4015138
0.4015299
0.4015477
0.4015665
0.40158558
0.4016041
0.40162066
0.40163407
0.40164307
0.40164703
0.40164554
0.40163898
0.401628
0.40161395
0.40159836
0.40158278
0.40156853
0.40155667
0.40154815
0.40154338
0.4015426
0.40154603
0.40155342
0.40156433
0.40157828
0.4015947
0.4016128
0.40163162
0.40164992
0.4016662
0.40167913
0.40168726
0.40168953
0.40168542
0.40167487
0.40165856
0.40163776
0.4016139
0.40158862
0.40156335
0.40153933
0.40151742
0.4014981
0.40148202
0.40146932
0.4014603
0.40145484
0.40145302
0.40145454
0.40145916
0.40146622
0.40147522
0.40148547
0.4014964
0.40150738
0.40151802
0.40152767
0.4015362
0.40154353
0.40155002
0.40155622
0.40156257
0.40156922
0.40157598
0.4015824
0.401588
0.4015922
0.40159494
0.40159664
0.4015976
0.40159842
0.40159932
0.40160033
0.40160108
0.40160114
0.40159994
0.40159732
0.40159348
0.40158877
0.40158376
0.4015788
0.40157428
0.40157035
0.40156707
0.40156448
0.40156284
0.40156257
0.4015639
0.40156692
0.40157145
0.40157658
0.40158126
0.40158424
0.40158457
0.40158144
0.4015746
0.40156463
0.40155226
0.4015386
0.40152484
0.40151232
0.40150207
0.401495
0.401492
0.4014934
0.4014992
0.40150902
0.40152213
0.40153757
0.4015542
0.4015707
0.40158606
0.4015992
0.4016097
0.40161738
0.40162215
0.40162423
0.40162364
0.40162057
0.4016154
0.40160844
0.40159953
0.40158865
0.40157583
0.40156138
0.40154573
0.40152958
0.40151343
0.40149784
0.40148327
0.40147036
0.4014596
0.40145138
0.401446
0.40144375
0.40144455
0.4014484
0.40145513
0.40146455
0.40147632
0.40148988
0.40150478
0.40151972
0.40153378
0.40154558
0.40155414
0.40155855
0.40155882
0.4015552
0.40154868
0.40154013
0.40153056
0.40152088
0.40151203
0.40150473
0.4014996
0.4014972
0.40149766
0.40150094
0.40150693
0.40151533
0.40152574
0.40153763
0.40155038
0.401563
0.40157446
0.40158352
0.40158913
0.40159047
0.40158743
0.40158045
0.40157065
0.4015594
0.40154833
0.40153897
0.40153268
0.40153047
0.4015332
0.40154105
0.4015543
0.40157253
0.40159494
0.40162048
0.40164754
0.40167424
0.40169916
0.40172064
0.401738
0.40175053
0.40175846
0.40176198
0.4017617
0.40175804
0.40175152
0.40174225
0.40173063
0.40171725
0.401703
0.40168893
0.40167612
0.4016653
0.40165696
0.40165085
0.40164655
0.401643
0.40163904
0.40163383
0.40162668
0.40161747
0.40160668
0.4015952
0.4015839
0.40157387
0.401566
0.40156087
0.40155908
0.40156114
0.4015671
0.40157685
0.40158993
0.40160578
0.4016232
0.4016411
0.40165827
0.40167314
0.40168428
0.4016905
0.40169117
0.4016863
0.4016765
0.40166277
0.4016469
0.40163055
0.4016151
0.40160185
0.40159145
0.40158415
0.40157998
0.4015787
0.40158
0.40158403
0.4015905
0.40159893
0.40160862
0.4016186
0.4016276
0.40163445
0.40163812
0.4016382
0.40163493
0.4016292
0.40162215
0.40161532
0.40160978
0.4016067
0.40160698
0.40161106
0.40161934
0.40163198
0.40164888
0.40166947
0.40169305
0.4017183
0.40174344
0.4017666
0.40178603
0.4018002
0.40180796
0.4018088
0.40180242
0.4017892
0.4017699
0.40174565
0.40171784
0.40168798
0.40165743
0.40162772
0.40159988
0.40157455
0.40155205
0.40153268
0.40151632
0.40150273
0.40149152
0.4014822
0.40147454
0.40146822
0.401463
0.40145868
0.40145484
0.40145102
0.40144685
0.40144202
0.40143636
0.40142992
0.4014233
0.40141702
0.4014117
0.4014079
0.40140593
0.4014061
0.40140867
0.4014136
0.40142068
0.40142947
0.40143955
0.40145037
0.4014613
0.40147176
0.40148112
0.40148914
0.40149584
0.4015013
0.40150574
0.4015092
0.40151158
0.401513
0.40151376
0.40151435
0.4015153
0.40151715
0.40152028
0.40152544
0.40153274
0.40154234
0.40155396
0.40156692
0.40158063
0.401594
0.40160644
0.40161747
0.4016269
0.40163428
0.40163967
0.40164325
0.4016449
0.4016447
0.40164277
0.40163967
0.40163627
0.40163344
0.40163225
0.40163317
0.40163633
0.40164134
0.40164718
0.4016528
0.40165696
0.40165868
0.4016575
0.40165344
0.40164706
0.40163925
0.40163124
0.4016242
0.40161893
0.40161604
0.4016154
0.40161666
0.401619
0.40162167
0.40162376
0.40162483
0.40162483
0.40162396
0.4016225
0.4016208
0.40161917
0.40161794
0.40161705
0.4016161
0.40161437
0.401611
0.40160504
0.40159643
0.40158528
0.40157256
0.40155944
0.4015475
0.40153787
0.40153182
0.40153039
0.40153435
0.4015441
0.40155962
0.40158063
0.4016063
0.4016353
0.4016659
0.40169618
0.40172407
0.40174788
0.40176633
0.4017788
0.40178487
0.40178493
0.40177956
0.40176946
0.40175602
0.4017407
0.4017252
0.401711
0.40169942
0.40169108
0.40168583
0.40168336
0.4016827
0.40168285
0.40168315
0.4016833
0.40168327
0.40168378
0.40168533
0.40168858
0.40169388
0.4017019
0.40171263
0.4017257
0.40174022
0.40175524
0.40176964
0.40178245
0.40179285
0.40180013
0.4018034
0.40180257
0.40179753
0.40178832
0.40177545
0.4017596
0.40174153
0.40172237
0.40170327
0.401685
0.40166834
0.4016536
0.4016408
0.4016304
0.4016223
0.4016166
0.40161344
0.40161312
0.40161583
0.40162155
0.4016297
0.40163925
0.4016487
0.40165636
0.40166062
0.40166026
0.4016546
0.40164348
0.4016277
0.40160805
0.401586
0.40156293
0.4015402
0.40151897
0.40150025
0.4014846
0.40147254
0.4014641
0.40145943
0.40145823
0.40146023
0.40146503
0.40147212
0.40148094
0.40149075
0.40150085
0.40151048
0.40151927
0.40152705
0.4015343
0.4015418
0.40155038
0.4015608
0.4015737
0.40158927
0.40160742
0.40162772
0.40164906
0.4016704
0.40169
0.4017065
0.4017187
0.4017262
0.40172902
0.40172783
0.40172356
0.4017178
0.40171197
0.40170786
0.40170684
0.40171
0.40171775
0.40173027
0.40174693
0.40176678
0.4017884
0.4018102
0.4018304
0.40184748
0.40186015
0.4018675
0.40186915
0.4018649
0.40185523
0.40184084
0.40182295
0.4018029
0.40178198
0.40176135
0.4017419
0.40172416
0.40170813
0.4016937
0.40168047
0.40166834
0.4016575
0.40164828
0.40164143
0.40163743
0.40163642
0.40163812
0.40164194
0.40164694
0.40165207
0.40165678
0.4016605
0.40166315
0.40166512
0.40166676
0.4016685
0.4016703
0.401672
0.4016732
0.4016731
0.4016716
0.40166837
0.40166384
0.40165845
0.40165287
0.4016476
0.40164283
0.40163875
0.401635
0.40163103
0.4016264
0.40162063
0.40161338
0.40160495
0.40159547
0.40158558
0.401576
0.40156725
0.40155962
0.40155286
0.40154663
0.40154037
0.40153396
0.40152755
0.4015215
0.4015162
0.40151218
0.4015096
0.40150854
0.4015087
0.40150976
0.40151128
0.40151286
0.4015142
0.40151533
0.40151665
0.40151843
0.40152094
0.40152448
0.40152928
0.40153536
0.40154296
0.4015519
0.40156227
0.40157402
0.40158692
0.4016007
0.40161473
0.4016279
0.4016393
0.40164796
0.40165323
0.40165514
0.4016541
0.4016511
0.4016469
0.4016423
0.40163752
0.4016325
0.40162694
0.40162063
0.40161306
0.40160418
0.40159392
0.40158278
0.4015717
0.4015613
0.4015523
0.40154508
0.40154
0.40153712
0.40153638
0.4015373
0.40153915
0.40154105
0.40154198
0.40154153
0.40153942
0.4015362
0.40153217
0.40152815
0.40152448
0.40152135
0.401519
0.40151718
0.40151596
0.40151525
0.40151507
0.4015156
0.40151694
0.40151912
0.40152228
0.40152594
0.40152988
0.40153378
0.40153727
0.4015403
0.401543
0.4015457
0.40154868
0.40155235
0.40155712
0.40156385
0.40157312
0.40158528
0.40160042
0.40161818
0.4016378
0.4016582
0.40167773
0.40169483
0.40170786
0.40171582
0.40171814
0.40171495
0.401707
0.4016955
0.40168205
0.4016686
0.40165678
0.40164787
0.40164265
0.40164122
0.40164307
0.40164736
0.40165305
0.40165877
0.40166357
0.4016668
0.40166813
0.40166736
0.4016644
0.401659
0.40165102
0.40164027
0.40162736
0.40161285
0.40159804
0.40158403
0.40157208
0.401563
0.40155745
0.4015556
0.40155733
0.401562
0.40156877
0.40157655
0.4015841
0.40159023
0.40159395
0.40159464
0.40159193
0.40158617
0.40157756
0.4015665
0.40155354
0.40153936
0.4015246
0.40150955
0.4014948
0.4014806
0.40146762
0.4014561
0.4014464
0.40143868
0.40143326
0.4014302
0.40142974
0.4014318
0.40143654
0.4014438
0.40145352
0.4014654
0.40147868
0.4014927
0.40150645
0.4015189
0.401529
0.40153626
0.4015402
0.40154096
0.4015389
0.40153453
0.40152848
0.4015215
0.4015144
0.4015079
0.40150255
0.4014986
0.4014961
0.40149516
0.40149555
0.40149716
0.4014998
0.4015032
0.40150726
0.40151188
0.40151706
0.401523
0.40152988
0.4015381
0.40154788
0.40155932
0.40157235
0.40158638
0.40160048
0.40161365
0.40162456
0.40163225
0.4016361
0.40163615
0.40163267
0.40162668
0.40161917
0.4016114
0.4016044
0.40159887
0.40159538
0.40159422
0.40159544
0.40159887
0.40160456
0.40161294
0.4016243
0.40163893
0.4016567
0.40167707
0.40169907
0.4017215
0.40174267
0.40176108
0.4017753
0.4017845
0.40178803
0.40178585
0.4017781
0.4017651
0.4017477
0.40172678
0.40170375
0.40168014
0.4016571
0.40163597
0.40161768
0.4016026
0.40159127
0.40158376
0.40158027
0.40158093
0.4015856
0.40159386
0.4016048
0.40161738
0.40163025
0.40164188
0.40165114
0.40165734
0.40166014
0.40166003
0.4016576
0.40165368
0.40164903
0.40164378
0.40163785
0.40163088
0.40162244
0.4016125
0.4016011
0.401589
0.40157682
0.40156493
0.4015535
0.4015427
0.40153217
0.4015222
0.4015129
0.40150476
0.40149817
0.40149382
0.40149197
0.40149304
0.4014973
0.4015044
0.40151373
0.40152422
0.40153477
0.4015442
0.40155163
0.40155667
0.40155944
0.40156004
0.40155864
0.40155545
0.4015506
0.40154433
0.40153688
0.4015287
0.4015205
0.4015131
0.40150723
0.4015037
0.40150315
0.40150622
0.40151325
0.4015243
0.40153882
0.40155613
0.40157512
0.40159464
0.4016137
0.40163174
0.4016486
0.4016647
0.40168035
0.40169603
0.4017117
0.40172687
0.4017407
0.4017519
0.40175948
0.4017625
0.40176025
0.40175268
0.40174004
0.40172324
0.4017035
0.40168232
0.4016612
0.40164164
0.40162498
0.40161207
0.40160364
0.40159997
0.40160125
0.40160695
0.40161633
0.401628
0.40164033
0.4016519
0.40166107
0.4016675
0.40167096
0.40167195
0.40167153
0.4016708
0.40167102
0.40167296
0.40167683
0.40168235
0.40168872
0.40169507
0.40170044
0.4017042
0.40170622
0.40170658
0.40170604
0.40170565
0.40170658
0.40171
0.4017168
0.40172732
0.4017413
0.40175807
0.4017764
0.40179464
0.40181124
0.40182468
0.40183362
0.40183705
0.4018343
0.4018255
0.40181097
0.40179178
0.40176922
0.401745
0.40172118
0.40169957
0.40168205
0.40166968
0.40166306
0.40166235
0.40166703
0.40167645
0.4016898
0.40170595
0.40172347
0.4017411
0.40175736
0.40177134
0.40178236
0.40179014
0.40179473
0.4017966
0.4017964
0.40179512
0.40179378
0.4017932
0.40179405
0.4017965
0.40179992
0.40180358
0.4018066
0.40180826
0.4018083
0.40180674
0.40180403
0.40180072
0.4017968
0.40179226
0.40178645
0.40177852
0.40176767
0.40175328
0.4017354
0.4017145
0.40169147
0.4016676
0.4016442
0.40162253
0.40160358
0.40158784
0.4015755
0.4015666
0.40156087
0.4015583
0.40155867
0.40156168
0.40156683
0.40157357
0.4015812
0.40158877
0.40159526
0.40159932
0.40159982
0.40159598
0.40158775
0.40157557
0.40156052
0.40154383
0.40152696
0.40151116
0.4014975
0.40148667
0.40147915
0.4014751
0.40147424
0.40147644
0.4014814
0.40148908
0.4014992
0.40151176
0.40152645
0.401543
0.40156102
0.40158027
0.40160033
0.4016208
0.40164155
0.4016624
0.40168345
0.40170446
0.40172493
0.4017442
0.40176108
0.40177444
0.40178314
0.40178645
0.40178415
0.40177622
0.40176347
0.4017469
0.40172824
0.40170917
0.40169153
0.4016768
0.4016659
0.40165922
0.40165627
0.40165606
0.40165716
0.40165776
0.40165657
0.40165254
0.40164557
0.40163592
0.40162465
0.40161276
0.4016014
0.40159148
0.40158376
0.4015788
0.40157717
0.40157908
0.40158415
0.40159196
0.40160158
0.4016115
0.40162036
0.40162662
0.40162903
0.40162703
0.40162063
0.40161026
0.40159678
0.40158123
0.40156463
0.40154788
0.40153167
0.4015166
0.40150315
0.40149185
0.40148297
0.40147686
0.40147385
0.40147418
0.4014783
0.40148625
0.40149808
0.40151367
0.40153265
0.4015542
0.4015771
0.40159962
0.40162
0.4016364
0.40164742
0.40165237
0.40165117
0.40164447
0.4016334
0.40161952
0.40160456
0.40159002
0.401577
0.40156624
0.40155798
0.40155193
0.40154782
0.401545
0.40154287
0.4015409
0.40153867
0.40153596
0.40153304
0.4015302
0.40152782
0.401526
0.40152517
0.4015252
0.40152603
0.4015275
0.40152946
0.4015319
0.40153524
0.40154004
0.4015468
0.40155566
0.4015665
0.4015788
0.40159184
0.40160468
0.40161604
0.40162456
0.401629
0.40162864
0.40162325
0.40161327
0.40159953
0.401583
0.40156513
0.40154707
0.40152985
0.40151405
0.4015
0.40148774
0.40147725
0.40146846
0.4014614
0.401456
0.4014523
0.40145043
0.40145054
0.40145284
0.40145734
0.40146428
0.4014737
0.40148565
0.40149993
0.4015162
0.40153417
0.40155336
0.40157315
0.40159285
0.40161166
0.40162858
0.40164307
0.40165514
0.40166485
0.40167263
0.40167883
0.40168402
0.40168852
0.40169263
0.4016963
0.401699
0.40169993
0.40169823
0.40169325
0.40168464
0.40167227
0.40165657
0.40163785
0.40161672
0.40159366
0.4015695
0.40154517
0.40152168
0.40150023
0.40148172
0.40146717
0.40145728
0.40145242
0.4014529
0.40145844
0.4014687
0.401483
0.4015003
0.40151972
0.40153974
0.40155908
0.40157613
0.4015894
0.40159822
0.40160218
0.40160164
0.40159765
0.40159127
0.40158352
0.40157533
0.40156728
0.40155986
0.4015533
0.4015477
0.40154272
0.40153793
0.40153304
0.40152767
0.4015221
0.4015167
0.40151185
0.4015079
0.4015052
0.40150392
0.40150437
0.401507
0.40151212
0.40152004
0.40153077
0.4015442
0.40156
0.4015775
0.40159595
0.4016145
0.4016319
0.40164682
0.4016579
0.4016639
0.40166426
0.40165868
0.4016477
0.40163216
0.4016132
0.4015922
0.4015703
0.40154874
0.40152842
0.40151015
0.40149468
0.40148258
0.40147436
0.40147027
0.4014706
0.4014756
0.40148538
0.4014998
0.40151903
0.40154272
0.40157044
0.4016014
0.40163413
0.4016671
0.40169832
0.40172613
0.4017494
0.40176708
0.40177867
0.40178385
0.4017826
0.40177518
0.4017623
0.40174475
0.4017238
0.40170076
0.40167722
0.40165448
0.4016337
0.40161553
0.4016006
0.40158907
0.40158153
0.4015785
0.40158033
0.40158734
0.40159932
0.4016155
0.40163475
0.40165547
0.40167576
0.40169412
0.40170914
0.40171984
0.4017257
0.4017267
0.40172297
0.40171537
0.4017048
0.40169263
0.40167996
0.40166774
0.40165663
0.4016471
0.40163958
0.40163428
0.40163162
0.40163183
0.40163523
0.40164205
0.40165234
0.4016656
0.40168062
0.40169612
0.40171015
0.40172112
0.40172777
0.4017293
0.40172553
0.40171665
0.4017035
0.40168703
0.40166864
0.4016499
0.4016319
0.40161583
0.4016026
0.4015928
0.40158674
0.40158457
0.40158615
0.4015912
0.40159938
0.4016101
0.40162292
0.40163732
0.40165293
0.40166962
0.40168726
0.40170547
0.401724
0.4017421
0.40175912
0.40177417
0.40178648
0.40179542
0.40180036
0.4018007
0.4017964
0.40178725
0.40177387
0.40175703
0.40173796
0.40171787
0.40169805
0.40167925
0.40166184
0.40164566
0.40163028
0.401615
0.40159938
0.4015832
0.4015665
0.40154982
0.40153384
0.4015194
0.40150735
0.40149817
0.40149257
0.40149093
0.40149352
0.4015004
0.4015113
0.40152562
0.4015423
0.4015602
0.40157783
0.40159413
0.4016079
0.40161827
0.4016247
0.40162724
0.4016262
0.40162215
0.401616
0.4016085
0.40160006
0.40159118
0.40158227
0.4015736
0.4015652
0.40155727
0.40154976
0.4015431
0.40153757
0.40153357
0.40153167
0.4015323
0.4015357
0.4015421
0.4015513
0.40156344
0.40157792
0.40159443
0.40161198
0.4016299
0.4016475
0.40166453
0.40168035
0.40169474
0.40170726
0.40171748
0.401725
0.4017292
0.4017296
0.40172613
0.40171888
0.40170825
0.40169472
0.40167868
0.4016608
0.4016418
0.40162238
0.40160328
0.40158513
0.4015683
0.40155324
0.40154028
0.4015295
0.40152118
0.4015156
0.40151268
0.40151253
0.4015147
0.40151897
0.40152505
0.40153244
0.40154073
0.40154973
0.40155897
0.40156823
0.40157703
0.40158495
0.40159154
0.4015963
0.40159875
0.40159854
0.40159583
0.40159106
0.40158516
0.40157932
0.40157485
0.40157282
0.40157405
0.40157917
0.40158844
0.40160137
0.40161705
0.40163386
0.4016501
0.40166387
0.40167361
0.40167832
0.40167758
0.40167165
0.4016616
0.40164906
0.40163583
0.4016238
0.40161446
0.40160885
0.40160757
0.4016107
0.40161774
0.40162796
0.40164
0.40165263
0.40166435
0.4016738
0.40167984
0.40168148
0.4016784
0.40167055
0.40165836
0.40164274
0.40162456
0.40160468
0.40158382
0.40156293
0.4015427
0.40152386
0.40150708
0.4014929
0.40148178
0.4014741
0.40147
0.40146968
0.4014731
0.40148005
0.40149012
0.40150282
0.40151775
0.40153474
0.4015536
0.40157437
0.40159708
0.40162167
0.40164763
0.4016743
0.40170127
0.40172783
0.4017532
0.40177637
0.40179634
0.40181226
0.40182343
0.40182963
0.40183055
0.40182623
0.40181682
0.40180257
0.40178394
0.40176168
0.40173697
0.40171126
0.40168616
0.40166324
0.40164384
0.4016289
0.40161896
0.40161398
0.4016136
0.40161717
0.4016238
0.4016322
0.40164095
0.4016484
0.40165314
0.40165433
0.40165162
0.40164518
0.40163606
0.40162542
0.4016145
0.4016044
0.4015962
0.4015906
0.40158826
0.40158948
0.40159416
0.4016017
0.401611
0.40162048
0.40162858
0.40163416
0.4016366
0.40163586
0.4016325
0.40162745
0.40162158
0.40161586
0.40161055
0.4016061
0.40160272
0.40160033
0.4015988
0.40159824
0.40159827
0.40159872
0.4015993
0.4015998
0.40160036
0.40160117
0.40160248
0.4016043
0.40160683
0.40161026
0.40161487
0.40162078
0.40162778
0.40163523
0.4016422
0.40164757
0.40165022
0.40164933
0.40164453
0.4016361
0.40162453
0.401611
0.40159696
0.4015839
0.401573
0.40156513
0.40156093
0.40156096
0.40156555
0.40157476
0.40158835
0.40160578
0.40162617
0.40164798
0.40166968
0.40168962
0.40170616
0.4017184
0.40172565
0.4017279
0.40172544
0.4017189
0.40170914
0.4016972
0.4016839
0.40167013
0.40165642
0.4016431
0.4016308
0.4016201
0.40161133
0.40160495
0.40160096
0.4015993
0.40159974
0.40160212
0.401606
0.40161082
0.40161625
0.40162167
0.40162694
0.40163162
0.40163565
0.40163884
0.40164134
0.40164328
0.40164477
0.40164596
0.40164706
0.4016485
0.40165085
0.40165442
0.40165973
0.40166682
0.40167534
0.40168482
0.4016941
0.40170205
0.40170732
0.40170902
0.40170643
0.40169936
0.40168816
0.40167367
0.40165734
0.40164068
0.40162516
0.40161204
0.40160218
0.40159586
0.4015929
0.40159285
0.40159485
0.40159792
0.40160105
0.40160367
0.40160573
0.4016074
0.40160912
0.40161115
0.40161362
0.40161645
0.40161908
0.4016209
0.40162107
0.40161866
0.40161312
0.4016042
0.4015921
0.40157768
0.40156192
0.40154582
0.40153053
0.40151715
0.40150613
0.4014981
0.40149325
0.40149158
0.40149316
0.40149784
0.4015055
0.40151575
0.40152767
0.40154016
0.40155166
0.40156072
0.40156624
0.4015677
0.40156513
0.40155897
0.4015503
0.40154004
0.40152955
0.40151963
0.40151122
0.4015046
0.4014998
0.40149662
0.4014945
0.4014929
0.40149128
0.40148914
0.40148607
0.40148205
0.40147725
0.40147227
0.40146762
0.40146405
0.40146196
0.40146148
0.40146258
0.4014649
0.40146804
0.40147138
0.40147465
0.40147796
0.4014816
0.401486
0.40149176
0.40149933
0.40150943
0.4015228
0.40154025
0.40156275
0.40159154
0.4016284
0.40167576
0.4017378
0.40182033
0.4019316
0.4020833
0.40229225
0.40257993
0.4029755
0.40351957
0.4042687
0.40529963
0.40671727
0.40866292
0.41135684
0.41502318
0.41997182
0.42667577
0.4357792
0.44789505
