0.44265595
0.43217474
0.42431238
0.418391
0.41396642
0.41069356
0.40828693
0.406507
0.4051936
0.40422934
0.4035188
0.40299532
0.40260935
0.40232435
0.4021129
0.40195483
0.4018354
0.40174443
0.40167457
0.40162104
0.4015801
0.40154937
0.40152687
0.40151086
0.4015
0.40149316
0.40148947
0.40148813
0.4014884
0.4014897
0.40149143
0.40149307
0.40149403
0.40149394
0.4014927
0.40149066
0.40148842
0.4014867
0.40148598
0.40148652
0.40148836
0.40149146
0.40149555
0.4015003
0.40150526
0.4015098
0.4015131
0.40151435
0.401513
0.40150896
0.40150255
0.40149444
0.40148553
0.4014765
0.401468
0.40146047
0.40145424
0.4014495
0.40144616
0.4014442
0.40144318
0.4014429
0.4014429
0.4014429
0.40144286
0.40144286
0.40144303
0.4014437
0.40144494
0.40144685
0.40144962
0.40145314
0.4014575
0.40146258
0.40146837
0.40147486
0.40148214
0.40149033
0.4014995
0.4015097
0.4015209
0.40153304
0.4015454
0.4015573
0.40156767
0.4015757
0.40158102
0.40158337
0.40158337
0.4015816
0.40157866
0.40157542
0.40157261
0.401571
0.40157127
0.40157393
0.40157887
0.40158588
0.40159416
0.40160275
0.4016106
0.40161702
0.4016219
0.40162545
0.40162855
0.40163234
0.40163776
0.40164536
0.40165532
0.4016671
0.4016801
0.40169325
0.4017057
0.40171647
0.40172446
0.4017291
0.40173015
0.40172786
0.40172276
0.40171555
0.40170676
0.40169695
0.40168667
0.4016762
0.4016655
0.4016543
0.40164214
0.40162858
0.4016133
0.4015965
0.40157872
0.4015608
0.40154353
0.4015277
0.40151405
0.40150294
0.40149468
0.40148956
0.40148777
0.4014894
0.40149462
0.40150318
0.40151486
0.40152904
0.40154544
0.40156326
0.40158173
0.40159988
0.40161666
0.4016313
0.40164313
0.40165204
0.40165812
0.40166184
0.40166393
0.40166482
0.40166533
0.4016656
0.401666
0.40166652
0.40166754
0.40166903
0.401671
0.40167344
0.4016763
0.40167937
0.4016824
0.40168542
0.40168804
0.40169004
0.40169117
0.40169123
0.40169033
0.40168867
0.40168655
0.40168414
0.40168166
0.40167928
0.40167704
0.4016753
0.40167445
0.4016748
0.40167657
0.40167987
0.40168485
0.40169156
0.4016997
0.40170863
0.40171838
0.4017288
0.4017401
0.40175247
0.4017657
0.40177923
0.40179217
0.40180343
0.40181231
0.40181842
0.40182176
0.4018224
0.40182063
0.40181652
0.40181
0.4018008
0.40178856
0.4017733
0.401755
0.40173417
0.4017114
0.40168738
0.4016627
0.4016379
0.4016139
0.40159142
0.4015715
0.40155506
0.40154243
0.4015336
0.40152815
0.40152523
0.40152395
0.40152362
0.40152383
0.40152436
0.40152526
0.4015267
0.4015291
0.40153325
0.40153953
0.4015483
0.40155974
0.4015737
0.40158975
0.40160733
0.40162557
0.40164325
0.4016588
0.4016707
0.4016775
0.40167844
0.40167323
0.40166238
0.40164682
0.4016282
0.40160817
0.40158826
0.4015698
0.40155402
0.40154132
0.40153202
0.40152594
0.40152287
0.40152225
0.40152395
0.40152797
0.4015344
0.40154338
0.401555
0.40156916
0.4015854
0.40160295
0.40162092
0.40163833
0.40165442
0.40166888
0.4016815
0.40169233
0.40170154
0.40170884
0.40171382
0.40171623
0.401716
0.4017134
0.401709
0.4017034
0.40169704
0.40169027
0.40168342
0.40167665
0.40167016
0.40166402
0.40165818
0.40165266
0.40164724
0.40164214
0.40163758
0.40163434
0.40163326
0.40163505
0.40164
0.4016481
0.40165854
0.4016704
0.40168193
0.40169147
0.40169755
0.4016989
0.4016949
0.4016854
0.40167066
0.40165168
0.40162948
0.4016053
0.40158033
0.40155587
0.40153328
0.40151381
0.40149862
0.4014885
0.40148428
0.40148595
0.40149343
0.40150657
0.40152496
0.40154797
0.40157482
0.4016046
0.40163627
0.40166873
0.40170044
0.40172985
0.4017554
0.40177593
0.40179053
0.40179896
0.4018012
0.40179738
0.40178794
0.40177348
0.40175483
0.40173316
0.4017095
0.40168485
0.40166
0.40163562
0.4016124
0.40159103
0.40157196
0.4015554
0.40154147
0.40153036
0.40152195
0.4015162
0.40151304
0.40151218
0.40151337
0.40151647
0.40152118
0.40152705
0.40153396
0.40154156
0.4015495
0.4015575
0.40156558
0.40157372
0.4015824
0.40159205
0.40160295
0.40161505
0.401628
0.40164095
0.401653
0.40166304
0.4016705
0.40167502
0.40167645
0.4016748
0.40167013
0.40166232
0.4016515
0.40163803
0.4016223
0.4016051
0.40158707
0.40156907
0.40155157
0.40153524
0.40152055
0.40150818
0.40149835
0.40149134
0.4014875
0.4014869
0.40148965
0.40149558
0.40150452
0.4015162
0.4015302
0.40154633
0.40156436
0.40158403
0.40160498
0.4016268
0.40164918
0.40167168
0.40169382
0.4017147
0.40173364
0.40175003
0.40176317
0.40177307
0.40177944
0.40178213
0.4017809
0.4017755
0.40176603
0.40175268
0.40173614
0.40171716
0.40169683
0.4016767
0.40165797
0.4016419
0.40162948
0.40162122
0.40161738
0.4016179
0.40162224
0.40162978
0.40163976
0.40165102
0.4016624
0.4016725
0.40168002
0.40168387
0.4016833
0.4016783
0.4016693
0.40165702
0.4016424
0.40162635
0.4016098
0.40159363
0.40157908
0.40156728
0.40155953
0.4015564
0.40155837
0.40156558
0.40157732
0.40159297
0.4016114
0.40163133
0.40165174
0.40167153
0.40168965
0.4017052
0.40171754
0.40172687
0.40173432
0.40174174
0.4017522
0.40177009
0.40180105
0.4018524
0.40193367
0.40205726
0.4022399
0.40250587
0.402884
0.4034155
0.40415713
0.4051855
0.40660512
0.4085564
0.41125926
0.41493633
0.419897
0.42661464
0.43573162
0.4478608
