0.44263634
0.43214682
0.4242748
0.4183421
0.41390502
0.4106184
0.4081985
0.40640634
0.40508246
0.40411073
0.40339646
0.40287358
0.40249276
0.40221754
0.40202105
0.4018834
0.40178958
0.4017285
0.40169173
0.40167275
0.40166652
0.40166923
0.4016775
0.40168855
0.40169972
0.40170932
0.4017159
0.4017189
0.40171868
0.401716
0.40171212
0.40170854
0.4017063
0.4017061
0.40170792
0.4017113
0.40171546
0.4017193
0.40172186
0.40172228
0.40171996
0.40171495
0.40170762
0.40169847
0.40168825
0.40167737
0.4016661
0.40165445
0.40164194
0.4016285
0.4016144
0.40160012
0.4015864
0.40157413
0.40156403
0.4015567
0.40155235
0.4015509
0.4015518
0.401554
0.40155625
0.40155742
0.40155676
0.40155423
0.40155026
0.40154585
0.4015421
0.40153986
0.40153986
0.40154234
0.4015472
0.40155414
0.4015625
0.40157163
0.40158084
0.40158957
0.40159717
0.40160275
0.40160558
0.40160507
0.40160125
0.40159467
0.40158647
0.4015782
0.4015712
0.4015666
0.40156493
0.4015663
0.40157023
0.40157568
0.4015813
0.4015855
0.4015869
0.40158463
0.40157846
0.40156892
0.40155694
0.40154362
0.40152988
0.40151653
0.4015042
0.40149316
0.40148368
0.40147573
0.40146947
0.40146494
0.4014624
0.40146214
0.40146437
0.4014691
0.4014763
0.40148568
0.40149686
0.40150928
0.40152225
0.40153542
0.4015484
0.4015608
0.40157256
0.4015834
0.40159324
0.401602
0.4016099
0.40161717
0.4016241
0.40163073
0.40163675
0.40164194
0.40164608
0.40164894
0.40165058
0.40165097
0.40165016
0.40164852
0.40164682
0.40164593
0.40164688
0.40165034
0.40165672
0.40166587
0.40167704
0.40168917
0.40170103
0.40171126
0.40171912
0.4017239
0.40172586
0.40172565
0.4017244
0.40172356
0.40172443
0.40172806
0.40173492
0.401745
0.40175754
0.40177137
0.4017855
0.40179873
0.40181005
0.4018186
0.40182376
0.401825
0.40182227
0.40181547
0.40180495
0.40179121
0.40177488
0.40175676
0.40173748
0.40171766
0.40169755
0.4016773
0.40165734
0.4016382
0.4016208
0.40160576
0.4015936
0.40158454
0.40157855
0.40157548
0.40157536
0.401578
0.4015835
0.40159178
0.4016028
0.4016162
0.40163103
0.4016462
0.40166023
0.40167162
0.4016792
0.40168226
0.40168056
0.40167448
0.40166476
0.4016525
0.4016389
0.40162525
0.40161285
0.40160277
0.4015958
0.4015922
0.40159193
0.40159443
0.401599
0.40160447
0.40160987
0.40161428
0.40161738
0.40161917
0.40162003
0.40162054
0.4016211
0.4016219
0.4016226
0.4016224
0.40162048
0.40161577
0.401608
0.40159705
0.40158358
0.40156838
0.40155268
0.40153742
0.40152374
0.40151235
0.40150407
0.40149948
0.40149897
0.40150303
0.40151176
0.40152523
0.40154332
0.40156582
0.40159225
0.4016218
0.40165314
0.40168482
0.40171525
0.40174282
0.4017661
0.40178397
0.4017955
0.40180042
0.40179864
0.4017904
0.40177637
0.40175736
0.40173417
0.40170795
0.40167987
0.401651
0.4016226
0.4015954
0.40157035
0.40154797
0.401529
0.40151414
0.40150374
0.40149802
0.40149692
0.40150025
0.40150756
0.4015184
0.4015319
0.40154696
0.40156248
0.40157732
0.40159035
0.4016004
0.40160674
0.40160927
0.40160832
0.40160474
0.40159947
0.4015934
0.4015874
0.4015823
0.40157855
0.40157658
0.40157664
0.40157887
0.40158367
0.40159118
0.4016017
0.4016154
0.4016323
0.4016521
0.40167442
0.40169847
0.40172336
0.4017478
0.40177044
0.40179017
0.40180597
0.40181714
0.40182352
0.40182516
0.40182254
0.40181658
0.40180838
0.4017995
0.4017914
0.40178558
0.401783
0.40178412
0.40178862
0.40179548
0.40180326
0.40181032
0.40181535
0.40181753
0.4018166
0.4018128
0.40180692
0.4018001
0.40179372
0.40178874
0.40178576
0.40178478
0.40178484
0.40178508
0.401784
0.40178066
0.4017743
0.40176454
0.40175128
0.40173486
0.4017159
0.4016949
0.40167263
0.40164965
0.40162644
0.4016038
0.40158245
0.40156335
0.401547
0.40153402
0.40152466
0.401519
0.40151697
0.40151852
0.40152347
0.40153158
0.40154257
0.40155593
0.40157077
0.40158594
0.4016004
0.40161288
0.40162274
0.40162984
0.40163422
0.40163633
0.40163627
0.40163413
0.4016296
0.40162277
0.40161362
0.40160286
0.4015913
0.40158004
0.4015702
0.40156275
0.40155867
0.40155843
0.4015627
0.40157154
0.40158486
0.40160197
0.40162173
0.40164277
0.40166354
0.40168253
0.40169832
0.4017095
0.4017154
0.40171576
0.40171093
0.401702
0.40169027
0.40167728
0.4016648
0.40165418
0.40164652
0.40164256
0.40164238
0.40164557
0.40165144
0.40165898
0.40166727
0.4016754
0.401683
0.40168992
0.40169603
0.40170157
0.4017065
0.4017102
0.40171182
0.40171045
0.40170524
0.40169573
0.40168187
0.40166408
0.4016432
0.4016201
0.40159625
0.40157288
0.40155086
0.40153053
0.40151203
0.401495
0.40147933
0.40146488
0.40145206
0.40144148
0.40143356
0.40142876
0.40142748
0.40142983
0.4014357
0.40144497
0.40145734
0.40147257
0.4014901
0.40150934
0.40152988
0.401551
0.40157247
0.40159383
0.40161523
0.4016367
0.40165797
0.40167874
0.40169817
0.40171525
0.40172902
0.40173858
0.4017434
0.40174338
0.4017384
0.4017291
0.40171617
0.40170062
0.40168345
0.40166578
0.4016484
0.4016319
0.40161687
0.4016038
0.40159318
0.40158513
0.40157962
0.40157652
0.40157524
0.40157542
0.40157625
0.401577
0.4015769
0.40157542
0.4015725
0.4015683
0.40156344
0.40155867
0.40155494
0.40155354
0.40155515
0.40156037
0.40156937
0.4015818
0.40159717
0.40161473
0.40163317
0.4016513
0.40166757
0.401681
0.40169087
0.40169683
0.40169913
0.40169817
0.40169457
0.4016889
0.40168193
0.40167406
0.40166563
0.40165716
0.40164915
0.40164208
0.4016364
0.40163222
0.4016295
0.40162766
0.40162578
0.40162328
0.40161952
0.40161434
0.401608
0.40160105
0.40159425
0.40158856
0.4015843
0.4015817
0.40158027
0.40157944
0.40157837
0.40157652
0.40157342
0.4015692
0.40156418
0.40155882
0.40155354
0.40154877
0.401545
0.40154245
0.40154153
0.40154243
0.40154555
0.40155098
0.40155888
0.40156907
0.4015812
0.4015952
0.40161073
0.4016278
0.4016465
0.4016668
0.40168858
0.40171134
0.40173405
0.40175536
0.4017739
0.4017886
0.4017985
0.40180334
0.40180323
0.4017988
0.40179113
0.40178144
0.401771
0.40176055
0.40175062
0.40174097
0.401731
0.40172014
0.40170777
0.40169382
0.40167844
0.40166232
0.4016464
0.40163156
0.40161854
0.4016077
0.40159908
0.4015924
0.40158755
0.4015841
0.40158173
0.40158004
0.4015788
0.401578
0.4015777
0.4015781
0.4015793
0.40158135
0.40158442
0.40158817
0.4015923
0.401596
0.40159854
0.40159917
0.40159777
0.40159422
0.401589
0.4015823
0.40157452
0.40156606
0.40155762
0.40154994
0.40154362
0.40153933
0.40153757
0.4015386
0.40154213
0.4015477
0.4015548
0.40156278
0.4015716
0.40158197
0.40159506
0.4016132
0.40163952
0.40167835
0.40173557
0.40181947
0.40194163
0.4021188
0.40237474
0.40273926
0.40325445
0.40397847
0.40498966
0.406395
0.40833688
0.41103673
0.41471902
0.41969353
0.42643452
0.43558377
0.44775143
