0.44265094
0.43216714
0.42430145
0.4183754
0.41394496
0.4106649
0.40825045
0.40646252
0.40514177
0.40417176
0.403458
0.4029346
0.40255293
0.4022768
0.40207955
0.4019412
0.40184718
0.40178645
0.40175056
0.40173334
0.4017297
0.40173548
0.4017469
0.40176067
0.40177414
0.40178517
0.4017923
0.4017945
0.4017913
0.4017826
0.40176857
0.4017497
0.40172687
0.40170163
0.4016753
0.4016495
0.40162548
0.4016044
0.40158686
0.40157315
0.40156332
0.40155718
0.4015546
0.40155584
0.4015607
0.40156907
0.4015804
0.401594
0.4016087
0.40162334
0.4016366
0.40164766
0.40165606
0.4016617
0.401665
0.40166643
0.4016663
0.40166467
0.40166098
0.4016546
0.40164512
0.40163234
0.40161675
0.40159935
0.40158126
0.40156367
0.40154755
0.40153378
0.40152285
0.40151533
0.4015114
0.4015114
0.40151522
0.40152285
0.40153414
0.40154856
0.40156585
0.40158534
0.40160644
0.40162814
0.4016494
0.40166888
0.40168512
0.4016972
0.40170443
0.40170676
0.4017049
0.40169993
0.40169352
0.4016875
0.4016836
0.40168312
0.40168694
0.40169555
0.40170863
0.40172532
0.40174416
0.4017635
0.40178168
0.40179753
0.40181035
0.4018196
0.40182534
0.40182814
0.4018284
0.40182698
0.4018244
0.40182096
0.40181676
0.40181154
0.40180555
0.40179914
0.40179318
0.4017884
0.4017859
0.40178633
0.40179005
0.40179664
0.40180525
0.40181437
0.4018221
0.40182692
0.4018274
0.40182266
0.40181226
0.40179613
0.40177473
0.40174872
0.40171912
0.40168694
0.40165347
0.40161985
0.40158725
0.40155652
0.40152833
0.4015032
0.4014816
0.4014637
0.4014495
0.401439
0.40143234
0.40142933
0.40142992
0.40143397
0.40144095
0.4014505
0.40146208
0.40147492
0.40148827
0.40150118
0.40151268
0.40152207
0.40152875
0.40153274
0.40153414
0.40153357
0.40153173
0.4015296
0.40152776
0.40152693
0.4015276
0.40153036
0.40153557
0.40154353
0.40155405
0.40156692
0.40158176
0.40159822
0.4016158
0.4016339
0.40165147
0.4016675
0.40168074
0.40169024
0.40169534
0.40169615
0.40169314
0.4016873
0.40168
0.40167263
0.4016663
0.40166178
0.40165928
0.4016588
0.4016597
0.40166172
0.40166458
0.40166822
0.4016724
0.40167665
0.4016802
0.40168244
0.40168276
0.40168107
0.4016772
0.40167132
0.40166324
0.40165305
0.40164098
0.40162766
0.4016139
0.40160063
0.40158868
0.40157878
0.40157127
0.40156665
0.40156522
0.40156695
0.40157154
0.40157828
0.40158606
0.40159348
0.40159917
0.40160218
0.40160188
0.4015985
0.4015926
0.4015854
0.4015781
0.4015718
0.40156752
0.40156597
0.40156737
0.40157166
0.40157858
0.4015877
0.40159836
0.40161017
0.4016227
0.40163583
0.4016496
0.4016639
0.40167832
0.40169215
0.40170428
0.40171334
0.40171817
0.40171802
0.40171257
0.40170205
0.40168694
0.4016685
0.40164787
0.4016264
0.4016057
0.40158734
0.4015726
0.40156245
0.40155733
0.40155712
0.4015611
0.40156826
0.40157714
0.40158638
0.40159458
0.40160093
0.40160477
0.40160605
0.40160486
0.40160173
0.40159696
0.40159062
0.40158278
0.40157375
0.40156394
0.4015542
0.40154576
0.40153962
0.4015367
0.40153748
0.40154177
0.401549
0.4015583
0.40156856
0.40157866
0.4015876
0.40159443
0.4015984
0.401599
0.4015962
0.4015904
0.40158245
0.4015737
0.40156543
0.40155894
0.4015552
0.40155488
0.40155795
0.40156406
0.40157261
0.40158257
0.40159303
0.40160313
0.40161225
0.40161988
0.40162575
0.40162984
0.4016321
0.40163234
0.40163043
0.40162653
0.4016211
0.4016149
0.4016086
0.40160275
0.40159765
0.4015934
0.40159023
0.4015881
0.4015865
0.40158486
0.4015823
0.40157786
0.40157083
0.40156087
0.4015481
0.40153277
0.4015156
0.40149775
0.4014802
0.40146393
0.40144974
0.40143818
0.4014296
0.4014242
0.40142232
0.40142432
0.40143055
0.4014413
0.4014568
0.401477
0.40150177
0.40153092
0.4015639
0.40160015
0.4016388
0.401679
0.4017195
0.40175912
0.40179643
0.4018303
0.40185967
0.40188366
0.4019019
0.40191406
0.4019203
0.40192065
0.40191543
0.40190497
0.40188962
0.40186986
0.40184632
0.40181988
0.4017916
0.4017629
0.4017353
0.40171033
0.40168935
0.4016731
0.4016622
0.4016568
0.4016565
0.4016605
0.4016675
0.40167612
0.40168464
0.40169156
0.4016956
0.4016961
0.4016926
0.40168524
0.40167442
0.40166086
0.40164545
0.40162927
0.40161306
0.4015973
0.401582
0.40156716
0.40155277
0.401539
0.40152645
0.40151575
0.40150732
0.40150163
0.40149862
0.40149853
0.40150136
0.40150723
0.4015161
0.40152806
0.40154317
0.40156153
0.4015829
0.40160683
0.40163234
0.40165797
0.40168193
0.40170234
0.40171745
0.401726
0.40172732
0.4017212
0.40170825
0.4016896
0.4016669
0.40164188
0.4016162
0.40159133
0.40156823
0.40154758
0.40152982
0.40151504
0.4015032
0.40149423
0.4014881
0.40148437
0.4014826
0.40148225
0.40148273
0.40148368
0.40148488
0.40148625
0.40148777
0.40148982
0.4014927
0.40149692
0.40150273
0.40151057
0.4015204
0.40153202
0.40154478
0.40155798
0.40157086
0.40158266
0.40159252
0.40159988
0.4016039
0.4016044
0.4016014
0.40159532
0.40158653
0.40157592
0.40156388
0.4015513
0.40153894
0.40152735
0.401517
0.4015081
0.40150052
0.40149403
0.40148836
0.40148327
0.40147865
0.4014747
0.4014717
0.40146983
0.40146923
0.40147007
0.4014725
0.40147686
0.4014834
0.40149212
0.40150294
0.40151536
0.40152898
0.4015431
0.40155733
0.40157112
0.40158463
0.40159863
0.40161481
0.4016357
0.40166494
0.4017073
0.4017694
0.4018605
0.40199286
0.40218395
0.402457
0.40284145
0.40337864
0.40412536
0.4051583
0.40658218
0.4085373
0.4112435
0.41492316
0.419886
0.42660576
0.43572465
0.44785565
