0.44271386
0.43225273
0.42441058
0.4185103
0.41410765
0.410858
0.40847385
0.4067159
0.40542364
0.40447843
0.4037844
0.40327406
0.40289706
0.40261573
0.40240252
0.4022374
0.402106
0.40199852
0.4019082
0.4018309
0.40176454
0.401708
0.401661
0.40162328
0.4015945
0.40157402
0.40156102
0.4015543
0.40155253
0.40155447
0.401559
0.40156546
0.40157387
0.40158442
0.40159768
0.40161374
0.40163234
0.4016525
0.40167305
0.40169245
0.40170926
0.40172225
0.40173098
0.4017352
0.40173528
0.40173185
0.40172595
0.40171897
0.40171215
0.4017065
0.4017028
0.4017011
0.40170112
0.4017021
0.40170303
0.40170303
0.40170145
0.40169787
0.40169257
0.40168592
0.40167886
0.4016725
0.40166804
0.40166613
0.4016669
0.40166995
0.40167433
0.4016787
0.4016816
0.40168172
0.40167826
0.40167072
0.401659
0.40164375
0.40162605
0.40160733
0.40158924
0.40157315
0.40156004
0.40155068
0.40154517
0.4015438
0.4015466
0.40155393
0.40156606
0.40158322
0.40160552
0.40163267
0.40166435
0.40169972
0.401738
0.4017778
0.40181792
0.40185708
0.4018944
0.40192932
0.40196183
0.40199217
0.40202102
0.40204966
0.40207967
0.40211356
0.4021544
0.40220648
0.4022758
0.40237033
0.40250134
0.40268448
0.4029425
0.40330696
0.40381813
0.40453362
0.40553144
0.40691757
0.40883368
0.41149938
0.41514125
0.4200676
0.42674956
0.43583483
0.4479344
