0.44259518
0.43209535
0.4242173
0.41828325
0.41385007
0.4105732
0.40816855
0.4063961
0.40509537
0.40414768
0.40345657
0.40295348
0.40258706
0.40231922
0.40212205
0.40197548
0.4018654
0.40178227
0.40171954
0.40167287
0.40163922
0.40161625
0.40160212
0.40159523
0.4015943
0.40159842
0.40160638
0.40161705
0.401629
0.40164074
0.40165058
0.40165707
0.40165913
0.4016562
0.40164828
0.40163583
0.40161973
0.40160114
0.4015814
0.40156195
0.4015439
0.40152833
0.40151614
0.40150815
0.40150502
0.4015073
0.40151528
0.40152913
0.40154856
0.40157324
0.40160245
0.4016353
0.40167055
0.40170702
0.4017432
0.401778
0.40181017
0.40183857
0.40186235
0.40188053
0.40189245
0.4018977
0.40189615
0.40188786
0.40187344
0.4018535
0.40182942
0.40180257
0.40177476
0.40174803
0.4017245
0.40170616
0.40169472
0.4016911
0.40169555
0.4017076
0.40172613
0.40174943
0.40177557
0.40180248
0.40182832
0.4018519
0.40187183
0.40188745
0.4018982
0.4019039
0.40190446
0.40190023
0.40189156
0.40187886
0.4018628
0.4018436
0.40182203
0.40179834
0.40177327
0.4017474
0.40172142
0.40169623
0.4016729
0.40165222
0.4016348
0.40162113
0.40161115
0.4016048
0.4016018
0.40160194
0.40160486
0.40161005
0.40161678
0.40162444
0.40163252
0.40164047
0.40164846
0.4016562
0.40166372
0.40167114
0.4016785
0.4016858
0.40169308
0.4017003
0.40170667
0.40171188
0.40171546
0.40171716
0.40171707
0.40171522
0.40171185
0.4017073
0.40170178
0.40169558
0.4016889
0.40168187
0.40167442
0.40166637
0.40165776
0.40164864
0.40163958
0.40163088
0.4016231
0.40161666
0.40161192
0.40160906
0.40160826
0.4016093
0.40161178
0.4016152
0.4016189
0.40162244
0.40162548
0.4016282
0.40163118
0.40163523
0.40164134
0.40165016
0.40166202
0.4016765
0.40169242
0.40170822
0.40172178
0.4017313
0.40173534
0.40173304
0.40172416
0.40170902
0.40168858
0.40166402
0.40163705
0.40160948
0.40158278
0.40155825
0.4015367
0.4015185
0.4015038
0.40149245
0.40148416
0.40147862
0.4014754
0.401474
0.401474
0.40147486
0.4014761
0.40147728
0.4014783
0.40147913
0.40147993
0.40148085
0.4014825
0.4014851
0.40148902
0.40149438
0.4015012
0.40150943
0.40151876
0.401529
0.4015403
0.40155232
0.40156513
0.40157828
0.401591
0.4016023
0.4016109
0.4016158
0.4016164
0.40161276
0.40160534
0.40159494
0.4015823
0.40156823
0.40155327
0.40153772
0.40152198
0.4015063
0.4014909
0.40147614
0.40146267
0.40145102
0.40144172
0.40143517
0.4014316
0.40143108
0.40143326
0.40143758
0.40144327
0.4014494
0.4014551
0.40145957
0.4014624
0.4014635
0.40146324
0.40146208
0.40146062
0.40145952
0.40145934
0.40146065
0.4014635
0.40146777
0.40147313
0.40147915
0.40148538
0.40149125
0.4014964
0.40150058
0.40150374
0.40150613
0.40150797
0.4015096
0.4015116
0.4015145
0.40151876
0.40152457
0.40153167
0.40153974
0.40154824
0.40155637
0.40156344
0.4015686
0.4015708
0.40156916
0.4015633
0.4015531
0.4015393
0.40152287
0.40150493
0.40148693
0.40146992
0.40145478
0.4014424
0.4014334
0.40142816
0.4014267
0.40142876
0.40143397
0.4014415
0.4014508
0.40146118
0.4014723
0.40148395
0.40149596
0.4015081
0.40152013
0.40153205
0.40154377
0.40155548
0.40156692
0.40157798
0.40158826
0.40159714
0.4016043
0.40160912
0.40161142
0.40161127
0.401609
0.40160534
0.40160108
0.401597
0.40159377
0.4015918
0.40159145
0.40159264
0.40159553
0.40160006
0.40160605
0.4016133
0.4016215
0.40163082
0.4016415
0.40165374
0.40166783
0.40168342
0.4017
0.40171683
0.4017325
0.40174595
0.40175614
0.4017621
0.40176326
0.4017595
0.40175107
0.40173876
0.40172374
0.4017075
0.40169182
0.4016781
0.40166733
0.40166017
0.40165678
0.4016568
0.40165973
0.40166456
0.40167022
0.4016755
0.4016794
0.40168124
0.40168098
0.40167877
0.40167513
0.40167046
0.40166512
0.4016594
0.4016534
0.40164733
0.40164104
0.40163457
0.40162766
0.4016199
0.401611
0.40160063
0.4015887
0.4015754
0.40156108
0.40154618
0.40153122
0.40151653
0.40150288
0.4014909
0.4014814
0.401475
0.40147227
0.40147313
0.40147725
0.40148392
0.4014921
0.40150073
0.40150902
0.4015164
0.40152302
0.40152892
0.40153444
0.40153986
0.40154576
0.40155265
0.40156087
0.40157026
0.40158066
0.4015913
0.40160158
0.40161076
0.40161818
0.40162343
0.40162665
0.40162832
0.4016291
0.4016301
0.40163207
0.40163592
0.4016421
0.40165094
0.4016623
0.4016756
0.40169033
0.40170586
0.40172142
0.40173593
0.4017483
0.4017573
0.401762
0.40176168
0.40175602
0.40174535
0.40173045
0.40171248
0.40169293
0.40167338
0.40165552
0.4016407
0.40163
0.40162414
0.4016235
0.40162814
0.40163794
0.4016524
0.40167084
0.40169212
0.40171543
0.40173933
0.40176246
0.40178314
0.40179986
0.4018112
0.4018163
0.40181452
0.40180564
0.40179023
0.401769
0.4017432
0.40171456
0.40168488
0.40165612
0.40163007
0.40160793
0.4015906
0.4015785
0.40157145
0.4015689
0.40156972
0.40157261
0.40157592
0.401578
0.40157792
0.40157512
0.40157017
0.40156376
0.4015573
0.4015519
0.40154868
0.40154833
0.40155107
0.40155655
0.40156397
0.40157223
0.40157992
0.40158588
0.4015891
0.4015893
0.40158674
0.40158212
0.4015767
0.40157175
0.40156856
0.40156803
0.40157065
0.4015764
0.40158466
0.4015943
0.4016041
0.40161258
0.40161884
0.40162227
0.4016228
0.40162066
0.40161633
0.40161029
0.4016031
0.4015952
0.40158698
0.401579
0.40157202
0.40156677
0.40156382
0.40156388
0.40156722
0.40157402
0.40158403
0.40159655
0.40161073
0.4016253
0.4016394
0.40165192
0.40166172
0.40166813
0.40167058
0.4016692
0.40166447
0.4016576
0.40164995
0.40164325
0.40163884
0.4016376
0.40163988
0.40164518
0.40165275
0.40166113
0.40166894
0.40167484
0.40167797
0.40167803
0.40167525
0.40167022
0.4016642
0.40165836
0.4016541
0.40165237
0.4016538
0.4016584
0.40166572
0.40167475
0.40168393
0.40169185
0.40169725
0.4016992
0.40169716
0.4016911
0.4016812
0.40166834
0.40165332
0.4016372
0.40162107
0.40160587
0.4015924
0.4015814
0.40157336
0.40156853
0.40156692
0.40156856
0.4015729
0.40157947
0.40158734
0.4015957
0.4016039
0.40161192
0.40161967
0.40162766
0.40163618
0.40164554
0.40165573
0.40166688
0.4016791
0.40169248
0.4017072
0.40172315
0.40173966
0.40175587
0.40177068
0.40178305
0.401792
0.4017968
0.40179685
0.40179184
0.40178168
0.40176666
0.4017472
0.40172437
0.40169933
0.40167338
0.4016477
0.4016232
0.40160048
0.4015802
0.4015627
0.40154773
0.40153533
0.4015253
0.4015174
0.40151125
0.40150633
0.40150204
0.40149778
0.40149346
0.40148914
0.4014852
0.40148196
0.4014797
0.40147877
0.40147948
0.40148187
0.40148595
0.40149155
0.40149856
0.4015067
0.40151545
0.4015244
0.40153304
0.40154123
0.40154904
0.40155685
0.40156487
0.4015734
0.40158236
0.40159184
0.40160173
0.40161192
0.40162194
0.40163162
0.40164098
0.40165016
0.40165946
0.40166935
0.4016802
0.40169236
0.4017062
0.4017215
0.40173772
0.40175384
0.40176845
0.40178007
0.4017875
0.4017897
0.40178603
0.40177616
0.4017603
0.40173888
0.4017129
0.4016837
0.40165305
0.40162292
0.40159494
0.40157053
0.40155044
0.401535
0.40152422
0.40151766
0.40151492
0.40151528
0.40151817
0.40152276
0.40152842
0.40153435
0.40154025
0.40154567
0.40155038
0.40155396
0.4015564
0.40155786
0.4015583
0.40155792
0.40155712
0.40155607
0.40155512
0.4015543
0.40155366
0.40155327
0.40155312
0.40155318
0.4015535
0.40155405
0.40155524
0.4015571
0.4015599
0.4015636
0.40156823
0.4015736
0.40157956
0.4015862
0.40159366
0.40160173
0.40161037
0.40161902
0.40162754
0.4016357
0.40164366
0.40165162
0.40165964
0.40166733
0.40167397
0.40167883
0.40168107
0.40168014
0.40167597
0.4016688
0.401659
0.40164736
0.4016344
0.40162072
0.40160707
0.40159386
0.4015817
0.4015707
0.40156114
0.40155292
0.40154615
0.40154067
0.40153652
0.40153366
0.4015319
0.40153098
0.40153074
0.40153125
0.40153268
0.40153524
0.401539
0.40154377
0.40154892
0.4015539
0.40155777
0.40156
0.40155986
0.40155718
0.40155208
0.40154484
0.4015362
0.40152678
0.40151715
0.40150797
0.40149942
0.4014918
0.4014852
0.40147996
0.401476
0.40147343
0.401472
0.40147153
0.4014718
0.40147272
0.40147424
0.40147656
0.40147975
0.40148407
0.40148973
0.40149707
0.40150622
0.4015174
0.4015302
0.40154457
0.40155977
0.40157548
0.40159136
0.40160725
0.401623
0.40163916
0.40165573
0.4016731
0.40169114
0.40170938
0.40172687
0.40174255
0.4017553
0.40176436
0.4017693
0.40177023
0.4017678
0.4017628
0.4017564
0.40174967
0.40174368
0.40173918
0.40173608
0.401734
0.401732
0.4017291
0.40172467
0.4017181
0.40170932
0.40169838
0.40168592
0.40167263
0.4016594
0.40164703
0.40163612
0.40162694
0.40161946
0.40161327
0.40160766
0.40160194
0.4015953
0.40158707
0.40157717
0.40156555
0.40155253
0.40153867
0.40152475
0.4015117
0.4015003
0.40149146
0.40148565
0.40148297
0.40148315
0.40148565
0.40148947
0.40149394
0.4014981
0.40150157
0.40150386
0.40150478
0.4015041
0.40150207
0.40149885
0.4014946
0.40148953
0.401484
0.4014786
0.4014736
0.40146926
0.4014659
0.40146345
0.40146214
0.4014622
0.40146378
0.4014669
0.4014716
0.401478
0.4014859
0.40149522
0.4015057
0.40151688
0.4015281
0.4015385
0.40154755
0.4015545
0.40155953
0.40156287
0.40156513
0.40156686
0.40156853
0.40157026
0.40157202
0.40157345
0.40157434
0.4015746
0.40157455
0.4015747
0.40157565
0.40157795
0.4015816
0.40158638
0.4015918
0.4015971
0.40160173
0.40160534
0.4016074
0.40160748
0.4016052
0.40160048
0.4015934
0.40158468
0.4015751
0.40156537
0.40155625
0.40154842
0.40154225
0.40153816
0.40153638
0.40153703
0.40154055
0.4015472
0.40155706
0.40157017
0.40158612
0.40160418
0.40162337
0.4016424
0.4016599
0.40167442
0.40168473
0.4016903
0.40169126
0.4016881
0.40168166
0.40167287
0.4016627
0.40165195
0.4016416
0.40163252
0.401625
0.40161952
0.40161586
0.4016135
0.40161198
0.40161088
0.4016099
0.40160903
0.40160832
0.40160775
0.40160728
0.4016067
0.401606
0.40160543
0.4016056
0.4016073
0.40161133
0.40161857
0.4016295
0.40164444
0.40166333
0.40168592
0.40171126
0.40173814
0.40176487
0.40178958
0.4018107
0.4018268
0.4018368
0.40184012
0.40183645
0.40182585
0.40180883
0.40178627
0.40175915
0.40172896
0.40169716
0.40166542
0.40163523
0.40160844
0.4015864
0.4015706
0.4015619
0.4015609
0.40156823
0.40158418
0.40160927
0.4016442
0.40169054
0.4017511
0.40183088
0.40193793
0.40208364
0.40228516
0.40256533
0.40295383
0.40349197
0.40423667
0.4052648
0.40668145
0.40862766
0.4113235
0.41499263
0.4199448
0.42665303
0.43576112
0.44788182
