0.44249538
0.43196586
0.42406347
0.4181099
0.41366172
0.4103733
0.40796077
0.40618274
0.40487742
0.40392625
0.40323213
0.4027268
0.40235937
0.4020923
0.40189818
0.40175685
0.4016538
0.40157855
0.4015236
0.4014835
0.40145442
0.4014335
0.40141883
0.4014091
0.40140352
0.40140143
0.4014024
0.40140617
0.4014124
0.4014207
0.4014308
0.40144232
0.40145484
0.40146822
0.4014821
0.40149632
0.4015103
0.4015233
0.40153462
0.40154362
0.40155002
0.40155402
0.4015561
0.4015568
0.40155682
0.40155676
0.4015569
0.40155762
0.40155908
0.40156132
0.40156454
0.4015689
0.4015747
0.40158224
0.4015916
0.40160304
0.4016162
0.40163073
0.40164617
0.40166184
0.40167722
0.40169147
0.40170392
0.4017137
0.4017198
0.4017216
0.40171877
0.40171155
0.40170044
0.4016866
0.40167117
0.40165523
0.4016399
0.40162614
0.40161458
0.40160552
0.40159878
0.401594
0.40159032
0.40158716
0.401584
0.40158057
0.4015767
0.40157226
0.40156728
0.40156204
0.4015572
0.40155327
0.40155074
0.40154997
0.40155113
0.40155452
0.40156016
0.4015677
0.4015764
0.40158546
0.40159374
0.40160027
0.4016047
0.40160725
0.4016086
0.4016099
0.40161216
0.4016162
0.4016224
0.40163076
0.4016408
0.40165192
0.40166298
0.401673
0.40168074
0.40168518
0.401686
0.40168348
0.40167823
0.40167123
0.40166348
0.4016559
0.40164948
0.40164524
0.4016441
0.40164706
0.4016546
0.40166688
0.40168363
0.40170413
0.4017271
0.40175104
0.40177393
0.40179405
0.4018098
0.4018199
0.4018233
0.40181947
0.40180826
0.40178993
0.4017652
0.40173534
0.40170208
0.4016674
0.4016336
0.4016025
0.40157592
0.4015547
0.4015395
0.40153012
0.40152588
0.40152588
0.401529
0.40153417
0.40154076
0.40154842
0.401557
0.40156606
0.40157506
0.40158305
0.40158927
0.40159297
0.401594
0.40159282
0.40159008
0.40158704
0.40158468
0.40158397
0.4015855
0.40158963
0.4015965
0.4016059
0.4016175
0.40163088
0.4016454
0.40166023
0.4016746
0.40168786
0.40169957
0.40170944
0.40171716
0.40172246
0.40172517
0.40172526
0.40172315
0.4017196
0.4017159
0.40171307
0.4017122
0.40171382
0.4017178
0.4017236
0.40173003
0.40173545
0.40173814
0.4017368
0.40173048
0.4017187
0.40170187
0.4016808
0.40165672
0.40163115
0.4016054
0.4015809
0.40155873
0.40153995
0.40152526
0.40151533
0.40151048
0.40151083
0.4015158
0.40152475
0.40153638
0.4015492
0.40156147
0.40157154
0.401578
0.40158018
0.40157786
0.4015717
0.40156236
0.40155086
0.4015382
0.40152547
0.40151376
0.4015039
0.40149653
0.40149197
0.40149015
0.40149125
0.40149483
0.4015005
0.40150774
0.4015157
0.40152347
0.4015302
0.40153533
0.40153852
0.40153986
0.40153933
0.4015373
0.40153414
0.40153047
0.40152717
0.40152508
0.40152508
0.40152755
0.4015326
0.40153986
0.40154904
0.40155962
0.40157118
0.4015835
0.4015963
0.40160936
0.401622
0.4016336
0.40164307
0.40164977
0.40165326
0.40165365
0.40165144
0.4016475
0.4016429
0.40163848
0.40163487
0.40163216
0.4016302
0.40162846
0.40162647
0.4016238
0.40162018
0.40161613
0.40161172
0.40160748
0.40160343
0.40159935
0.40159482
0.40158936
0.40158242
0.4015739
0.40156436
0.4015547
0.40154594
0.4015391
0.40153491
0.40153387
0.4015363
0.40154198
0.40155038
0.40156066
0.4015721
0.4015837
0.40159443
0.40160313
0.4016089
0.40161115
0.40160963
0.4016046
0.40159672
0.40158686
0.40157586
0.40156448
0.4015533
0.40154296
0.40153387
0.40152627
0.4015206
0.40151712
0.40151653
0.40151903
0.4015248
0.40153357
0.40154457
0.40155673
0.40156862
0.40157887
0.4015862
0.40158993
0.40158996
0.401587
0.40158212
0.40157664
0.40157202
0.40156943
0.4015699
0.40157402
0.40158203
0.4015939
0.4016091
0.4016268
0.4016457
0.4016644
0.4016814
0.4016953
0.4017052
0.40171063
0.40171152
0.40170863
0.4017028
0.40169522
0.40168726
0.40167996
0.40167406
0.40166962
0.4016666
0.4016646
0.4016634
0.4016628
0.4016627
0.40166298
0.4016633
0.40166315
0.40166175
0.40165856
0.4016534
0.40164676
0.40163973
0.40163445
0.4016331
0.40163854
0.40165445
0.40168515
0.4017368
0.4018175
0.40193915
0.40211833
0.40237895
0.40275028
0.40327463
0.4040095
0.40503302
0.40645087
0.40840435
0.4111138
0.41480145
0.4197762
0.42651212
0.43564966
0.44780093
