0.4426655
0.43218783
0.42432925
0.41841194
0.41399148
0.41072264
0.40831923
0.4065417
0.40522996
0.4042668
0.4035573
0.4030355
0.40265274
0.40237337
0.402171
0.40202582
0.40192306
0.40185082
0.40179998
0.4017635
0.4017362
0.40171462
0.40169683
0.4016821
0.4016702
0.4016612
0.40165502
0.4016513
0.40164936
0.4016483
0.40164718
0.40164512
0.4016419
0.4016378
0.4016334
0.4016296
0.40162677
0.40162545
0.40162563
0.4016273
0.4016298
0.40163237
0.40163404
0.40163407
0.40163216
0.40162855
0.40162373
0.4016184
0.40161347
0.40160987
0.4016083
0.4016094
0.40161347
0.40162048
0.4016299
0.40164104
0.40165293
0.40166408
0.40167296
0.40167823
0.40167943
0.40167645
0.40166986
0.40166083
0.40165076
0.40164077
0.4016319
0.401625
0.40162063
0.401619
0.4016202
0.40162367
0.40162885
0.4016349
0.40164104
0.40164667
0.40165102
0.40165362
0.40165442
0.4016536
0.40165162
0.40164915
0.40164685
0.4016453
0.40164512
0.4016465
0.40164942
0.4016535
0.4016582
0.40166256
0.40166605
0.401668
0.4016684
0.4016674
0.40166572
0.40166372
0.4016621
0.401661
0.40166032
0.4016595
0.40165764
0.40165383
0.40164757
0.40163866
0.40162766
0.4016155
0.40160355
0.40159324
0.4015858
0.40158215
0.40158278
0.40158796
0.40159753
0.40161175
0.40163058
0.40165365
0.4016803
0.40170947
0.40173948
0.40176862
0.40179518
0.4018176
0.4018346
0.40184548
0.40184975
0.4018476
0.40183958
0.40182665
0.40181017
0.40179187
0.40177357
0.40175685
0.401743
0.4017327
0.40172586
0.4017215
0.40171835
0.40171483
0.4017095
0.40170136
0.40168986
0.4016751
0.40165764
0.40163824
0.40161806
0.40159822
0.40157974
0.40156344
0.40154997
0.40153953
0.40153208
0.4015274
0.4015253
0.40152508
0.40152612
0.40152758
0.40152875
0.40152887
0.4015275
0.40152466
0.4015209
0.40151697
0.40151367
0.40151152
0.40151066
0.401511
0.40151244
0.401515
0.401519
0.4015246
0.40153196
0.401541
0.40155116
0.4015618
0.40157205
0.40158108
0.40158832
0.40159366
0.40159705
0.40159866
0.40159857
0.40159738
0.40159526
0.4015925
0.4015893
0.401586
0.4015829
0.40158036
0.40157855
0.40157747
0.40157744
0.40157866
0.40158135
0.40158525
0.40159005
0.401595
0.40159935
0.4016022
0.40160328
0.40160263
0.40160078
0.40159902
0.40159875
0.40160134
0.40160784
0.40161884
0.40163445
0.40165415
0.40167686
0.40170103
0.40172493
0.4017468
0.40176538
0.4017795
0.4017887
0.40179276
0.401792
0.4017871
0.40177917
0.4017693
0.40175864
0.40174806
0.40173826
0.4017297
0.4017228
0.4017177
0.40171412
0.4017116
0.40170908
0.40170544
0.40169957
0.4016907
0.40167853
0.4016635
0.4016465
0.401629
0.40161246
0.40159845
0.40158826
0.40158263
0.40158206
0.4015864
0.40159506
0.40160707
0.40162113
0.40163615
0.40165076
0.40166405
0.401675
0.40168273
0.40168646
0.40168566
0.40168035
0.40167114
0.401659
0.40164536
0.40163165
0.40161943
0.4016097
0.40160307
0.40159988
0.4015999
0.40160272
0.40160748
0.40161398
0.40162167
0.4016304
0.40164
0.40165025
0.40166065
0.4016704
0.40167835
0.40168348
0.40168497
0.4016824
0.40167564
0.40166527
0.40165204
0.40163702
0.40162107
0.40160513
0.4015899
0.40157598
0.40156403
0.4015542
0.4015467
0.4015412
0.4015373
0.40153444
0.40153185
0.401529
0.4015258
0.40152252
0.40151998
0.40151876
0.40151986
0.4015239
0.40153158
0.40154353
0.40155986
0.4015805
0.401605
0.40163222
0.40166086
0.40168893
0.4017146
0.40173602
0.40175197
0.4017614
0.40176407
0.40175995
0.4017499
0.40173507
0.4017171
0.40169778
0.40167904
0.4016623
0.40164906
0.40163994
0.40163535
0.40163517
0.40163875
0.40164503
0.40165263
0.40166014
0.40166613
0.40166956
0.40166992
0.40166724
0.4016621
0.40165552
0.4016486
0.40164238
0.40163738
0.40163386
0.40163147
0.4016295
0.40162754
0.40162456
0.40162006
0.4016137
0.40160558
0.40159595
0.40158564
0.40157554
0.40156674
0.40156007
0.40155655
0.40155658
0.40156052
0.40156847
0.40158027
0.4015955
0.40161315
0.40163204
0.4016506
0.4016674
0.401681
0.40169048
0.40169516
0.40169504
0.40169063
0.40168285
0.40167293
0.40166238
0.40165237
0.4016439
0.4016375
0.4016334
0.40163133
0.4016307
0.40163058
0.4016302
0.4016293
0.40162754
0.40162513
0.40162206
0.40161833
0.4016139
0.40160844
0.40160212
0.40159518
0.40158847
0.40158305
0.40157974
0.40157923
0.4015817
0.4015868
0.40159416
0.40160277
0.4016119
0.40162113
0.4016307
0.401641
0.40165275
0.4016662
0.40168157
0.4016982
0.4017155
0.40173224
0.4017473
0.40175956
0.40176857
0.40177402
0.40177646
0.4017765
0.40177503
0.4017727
0.40176997
0.40176687
0.40176326
0.40175924
0.401755
0.4017512
0.40174842
0.40174747
0.40174875
0.4017524
0.4017581
0.40176547
0.40177345
0.40178108
0.40178716
0.40179065
0.4017908
0.4017871
0.40177944
0.40176797
0.4017533
0.4017366
0.40171897
0.40170184
0.40168616
0.40167227
0.40166026
0.4016494
0.40163884
0.4016278
0.40161568
0.40160242
0.4015881
0.40157342
0.40155894
0.4015454
0.4015334
0.40152347
0.40151635
0.40151253
0.40151232
0.40151587
0.4015231
0.40153354
0.40154687
0.40156227
0.40157908
0.40159672
0.40161481
0.40163296
0.40165058
0.4016671
0.4016819
0.40169463
0.4017053
0.40171382
0.40172008
0.4017237
0.40172425
0.40172115
0.401714
0.40170267
0.4016872
0.40166792
0.40164563
0.4016214
0.4015964
0.4015716
0.40154812
0.40152642
0.40150702
0.40149015
0.40147567
0.40146354
0.401454
0.40144727
0.40144372
0.40144366
0.40144727
0.4014546
0.4014653
0.40147898
0.40149474
0.40151176
0.40152928
0.4015464
0.40156224
0.40157613
0.40158725
0.4015952
0.4015999
0.40160173
0.40160158
0.40159988
0.40159717
0.40159357
0.40158936
0.401585
0.40158093
0.40157795
0.40157646
0.40157676
0.40157846
0.40158117
0.40158424
0.40158686
0.4015889
0.4015904
0.4015922
0.40159523
0.40160066
0.40160945
0.40162218
0.40163884
0.40165883
0.4016809
0.40170333
0.40172428
0.40174168
0.40175405
0.40176037
0.4017602
0.40175343
0.40174082
0.4017233
0.40170255
0.40168044
0.40165868
0.40163907
0.4016227
0.40161026
0.40160218
0.40159842
0.40159878
0.40160272
0.40160942
0.40161806
0.40162772
0.40163788
0.40164813
0.40165845
0.40166885
0.40167937
0.40168932
0.40169814
0.40170512
0.40170988
0.40171233
0.40171263
0.40171057
0.40170583
0.40169802
0.40168652
0.40167105
0.4016517
0.401629
0.4016037
0.40157697
0.40155008
0.40152422
0.40150067
0.4014806
0.40146476
0.4014539
0.40144822
0.40144745
0.40145087
0.40145734
0.4014653
0.401473
0.4014786
0.40148085
0.4014789
0.40147293
0.40146357
0.4014522
0.4014401
0.40142873
0.4014193
0.4014126
0.40140945
0.40141037
0.40141594
0.4014264
0.40144202
0.40146282
0.4014886
0.40151894
0.4015531
0.40159008
0.40162855
0.4016671
0.40170392
0.40173748
0.40176633
0.40178934
0.4018057
0.40181485
0.40181664
0.40181124
0.40179923
0.40178168
0.40175977
0.40173516
0.4017092
0.40168312
0.40165782
0.40163413
0.40161252
0.40159371
0.40157804
0.40156588
0.40155715
0.4015517
0.40154907
0.40154868
0.40154985
0.40155193
0.40155435
0.4015566
0.40155813
0.40155864
0.4015585
0.4015581
0.40155858
0.4015606
0.40156496
0.40157223
0.4015823
0.4015947
0.4016085
0.4016224
0.40163508
0.40164527
0.4016518
0.40165406
0.40165192
0.40164554
0.40163586
0.4016238
0.40161055
0.4015974
0.4015853
0.4015749
0.40156665
0.40156087
0.40155765
0.40155715
0.40155968
0.40156555
0.40157536
0.40158936
0.4016079
0.40163088
0.40165764
0.40168735
0.40171844
0.4017494
0.4017788
0.40180504
0.40182748
0.40184548
0.40185878
0.4018678
0.4018733
0.40187612
0.40187755
0.40187883
0.40188083
0.4018841
0.40188855
0.4018936
0.40189832
0.40190175
0.4019028
0.40190044
0.4018938
0.4018823
0.40186563
0.4018438
0.40181682
0.40178534
0.40175012
0.4017122
0.401673
0.40163404
0.40159705
0.40156344
0.4015342
0.40150988
0.40149057
0.40147597
0.40146568
0.4014591
0.4014555
0.40145436
0.4014553
0.4014583
0.40146273
0.40146855
0.40147495
0.40148145
0.40148723
0.4014917
0.4014945
0.40149587
0.40149605
0.40149528
0.4014937
0.40149167
0.40148923
0.40148658
0.40148374
0.401481
0.40147862
0.40147692
0.4014764
0.40147725
0.40147972
0.40148383
0.40148953
0.40149692
0.40150607
0.40151715
0.4015302
0.40154526
0.40156195
0.40157968
0.40159753
0.40161452
0.40162966
0.40164223
0.4016519
0.40165898
0.40166453
0.40166962
0.40167585
0.40168425
0.4016955
0.40170917
0.40172443
0.4017398
0.40175375
0.40176484
0.40177196
0.40177444
0.40177202
0.40176496
0.40175378
0.40173915
0.40172213
0.40170398
0.4016859
0.401669
0.40165418
0.4016419
0.40163225
0.40162504
0.4016198
0.40161586
0.40161294
0.4016109
0.40160978
0.4016097
0.40161088
0.4016137
0.4016184
0.40162474
0.40163267
0.4016416
0.40165102
0.40166032
0.40166914
0.4016773
0.40168482
0.40169168
0.40169778
0.40170318
0.4017079
0.40171197
0.401716
0.40172046
0.40172613
0.40173337
0.40174255
0.40175325
0.40176442
0.40177476
0.40178257
0.40178677
0.40178636
0.40178108
0.401771
0.4017569
0.4017401
0.40172178
0.40170336
0.40168595
0.4016703
0.40165707
0.4016465
0.40163848
0.4016326
0.4016283
0.40162444
0.4016202
0.40161476
0.40160748
0.40159866
0.4015887
0.40157846
0.40156916
0.4015617
0.40155712
0.4015561
0.40155864
0.40156442
0.40157256
0.40158138
0.40158913
0.40159413
0.40159512
0.40159154
0.4015834
0.40157154
0.4015573
0.40154228
0.40152815
0.40151638
0.40150824
0.40150464
0.40150622
0.40151328
0.40152588
0.40154392
0.40156683
0.40159374
0.40162325
0.40165368
0.40168315
0.40170977
0.4017319
0.40174842
0.40175876
0.40176293
0.40176153
0.4017554
0.40174568
0.40173388
0.40172097
0.4017079
0.40169513
0.4016826
0.40167007
0.40165702
0.40164295
0.40162784
0.40161192
0.40159598
0.40158066
0.40156707
0.4015559
0.40154788
0.40154356
0.40154332
0.40154728
0.40155548
0.40156755
0.4015829
0.40160096
0.40162098
0.40164232
0.4016642
0.40168622
0.40170762
0.4017276
0.4017455
0.4017607
0.40177312
0.40178245
0.40178862
0.40179127
0.4017902
0.40178543
0.40177712
0.40176556
0.40175152
0.40173578
0.4017194
0.40170333
0.40168855
0.40167543
0.40166417
0.4016541
0.40164453
0.40163478
0.4016247
0.40161452
0.40160483
0.4015964
0.4015898
0.40158555
0.401584
0.40158513
0.4015889
0.40159506
0.40160304
0.401612
0.40162066
0.40162772
0.40163234
0.40163392
0.4016325
0.40162858
0.40162286
0.40161636
0.40160993
0.40160435
0.40160003
0.40159747
0.40159664
0.40159792
0.40160164
0.4016076
0.4016154
0.40162438
0.4016334
0.40164188
0.40164906
0.40165493
0.4016593
0.4016624
0.40166417
0.40166453
0.4016632
0.40166035
0.40165615
0.40165117
0.4016459
0.40164065
0.40163583
0.4016313
0.4016271
0.40162292
0.4016184
0.40161356
0.40160817
0.40160227
0.4015958
0.40158868
0.40158072
0.40157193
0.40156257
0.4015531
0.4015439
0.40153545
0.40152776
0.4015209
0.40151465
0.40150875
0.4015031
0.4014977
0.40149283
0.401489
0.40148672
0.40148658
0.40148923
0.40149513
0.40150478
0.40151864
0.40153685
0.4015597
0.401587
0.4016184
0.40165293
0.40168932
0.4017261
0.40176153
0.40179422
0.40182307
0.4018471
0.4018656
0.40187818
0.40188476
0.40188575
0.40188166
0.40187362
0.40186292
0.40185076
0.4018384
0.4018267
0.40181622
0.4018065
0.40179703
0.4017868
0.40177527
0.4017617
0.40174592
0.40172794
0.4017081
0.40168682
0.4016646
0.40164202
0.4016196
0.40159765
0.4015766
0.40155688
0.4015389
0.40152287
0.40150896
0.4014975
0.40148836
0.40148148
0.40147677
0.40147403
0.40147305
0.4014738
0.401476
0.40147948
0.40148392
0.40148908
0.40149456
0.4015
0.40150514
0.40151018
0.4015156
0.40152183
0.40152943
0.4015384
0.40154833
0.40155867
0.40156794
0.40157488
0.40157837
0.40157768
0.40157282
0.401564
0.40155217
0.4015385
0.40152404
0.40150955
0.4014957
0.40148264
0.4014707
0.40145993
0.4014505
0.4014427
0.40143672
0.40143275
0.401431
0.4014315
0.40143466
0.4014409
0.40145057
0.40146396
0.40148073
0.40150067
0.40152285
0.40154627
0.40156984
0.4015928
0.40161425
0.4016335
0.4016499
0.40166247
0.40167084
0.40167454
0.40167367
0.40166894
0.40166137
0.40165216
0.40164262
0.40163404
0.4016273
0.40162274
0.40162045
0.4016196
0.40161955
0.40161934
0.40161833
0.40161628
0.40161315
0.40160975
0.40160674
0.40160474
0.40160394
0.40160418
0.40160465
0.4016044
0.40160277
0.4015991
0.40159363
0.40158647
0.40157837
0.4015698
0.4015615
0.40155387
0.40154728
0.40154243
0.40153995
0.40154046
0.40154427
0.40155172
0.40156263
0.40157697
0.40159416
0.4016133
0.40163317
0.40165222
0.401669
0.40168208
0.40169084
0.401695
0.40169528
0.40169245
0.4016878
0.40168262
0.4016779
0.4016743
0.40167224
0.4016715
0.40167168
0.40167263
0.4016739
0.40167534
0.40167683
0.4016785
0.4016805
0.40168318
0.40168712
0.40169287
0.40170076
0.40171075
0.40172234
0.4017347
0.40174684
0.401758
0.40176713
0.4017739
0.40177807
0.40177974
0.40177944
0.40177777
0.40177536
0.40177268
0.4017699
0.401767
0.4017635
0.4017586
0.40175152
0.40174147
0.4017281
0.40171134
0.40169173
0.40167007
0.40164727
0.40162423
0.40160173
0.40158042
0.40156063
0.40154275
0.4015269
0.40151316
0.40150166
0.40149245
0.40148553
0.40148088
0.4014788
0.4014791
0.40148175
0.40148646
0.40149313
0.4015015
0.4015114
0.40152252
0.40153456
0.40154704
0.4015593
0.40157068
0.4015805
0.40158814
0.40159324
0.40159535
0.40159422
0.4015899
0.40158245
0.40157264
0.40156123
0.4015491
0.4015373
0.40152657
0.40151742
0.40151006
0.40150473
0.40150127
0.40149954
0.40149966
0.40150157
0.4015057
0.40151215
0.40152168
0.40153447
0.40155098
0.40157133
0.40159535
0.40162292
0.4016534
0.40168583
0.40171897
0.4017513
0.4017812
0.40180734
0.40182868
0.40184465
0.40185472
0.4018589
0.4018572
0.4018501
0.401838
0.4018217
0.40180168
0.40177882
0.40175375
0.4017273
0.4017001
0.40167314
0.40164706
0.40162238
0.4015993
0.40157792
0.401558
0.40153942
0.4015218
0.40150452
0.40148726
0.4014697
0.4014521
0.40143487
0.40141875
0.40140456
0.40139297
0.4013845
0.40137962
0.40137842
0.40138087
0.40138683
0.40139598
0.4014079
0.4014219
0.40143746
0.40145403
0.40147164
0.40149036
0.40151083
0.40153328
0.4015578
0.40158385
0.40161058
0.4016367
0.40166065
0.40168115
0.40169737
0.40170896
0.401716
0.4017193
0.40171996
0.40171883
0.40171665
0.40171382
0.40171048
0.40170693
0.4017034
0.40170047
0.40169847
0.40169746
0.40169707
0.40169677
0.4016959
0.40169403
0.40169087
0.40168655
0.40168148
0.4016762
0.4016711
0.40166652
0.40166256
0.4016591
0.4016562
0.40165406
0.40165266
0.40165204
0.40165186
0.40165162
0.40165085
0.40164906
0.40164548
0.40163985
0.40163198
0.40162233
0.40161178
0.4016014
0.40159225
0.4015852
0.4015806
0.40157855
0.4015788
0.40158093
0.40158463
0.40158945
0.40159506
0.40160066
0.40160543
0.40160856
0.4016092
0.401607
0.40160194
0.40159425
0.40158433
0.40157256
0.40155923
0.4015447
0.401529
0.40151295
0.4014971
0.4014825
0.40146995
0.40146053
0.401455
0.4014538
0.401457
0.40146428
0.40147495
0.40148786
0.4015016
0.4015147
0.40152574
0.40153363
0.4015379
0.4015386
0.40153638
0.40153217
0.40152708
0.40152207
0.40151766
0.401514
0.40151083
0.4015078
0.4015045
0.40150064
0.40149602
0.40149066
0.40148467
0.40147814
0.40147117
0.40146363
0.4014555
0.4014469
0.40143824
0.40142986
0.40142226
0.40141562
0.4014102
0.40140617
0.40140378
0.40140334
0.40140525
0.40140986
0.40141755
0.40142843
0.40144256
0.4014596
0.40147924
0.40150082
0.40152356
0.40154654
0.4015688
0.40158957
0.4016086
0.4016258
0.4016411
0.40165433
0.40166527
0.40167338
0.40167862
0.4016808
0.40167987
0.40167594
0.40166885
0.4016588
0.40164593
0.4016307
0.40161392
0.40159667
0.40157983
0.40156457
0.40155166
0.40154183
0.4015354
0.40153247
0.40153295
0.40153635
0.4015421
0.4015495
0.40155816
0.40156752
0.4015774
0.40158784
0.4015985
0.40160924
0.40161964
0.40162903
0.40163663
0.40164196
0.40164477
0.4016448
0.40164223
0.40163732
0.40163028
0.40162107
0.40160957
0.4015957
0.4015793
0.40156096
0.40154135
0.40152138
0.40150228
0.40148473
0.40146968
0.40145764
0.401449
0.4014441
0.40144318
0.40144643
0.4014537
0.40146485
0.40147924
0.40149602
0.40151387
0.4015314
0.401547
0.40155908
0.40156636
0.40156832
0.40156496
0.40155712
0.4015457
0.40153214
0.40151748
0.4015028
0.4014888
0.40147623
0.40146565
0.40145722
0.4014513
0.40144804
0.40144753
0.40145
0.4014552
0.40146273
0.40147197
0.40148214
0.40149257
0.40150255
0.4015114
0.4015185
0.40152347
0.4015261
0.40152648
0.40152535
0.40152356
0.40152207
0.40152183
0.4015239
0.4015292
0.40153825
0.40155146
0.40156874
0.40158936
0.4016126
0.40163702
0.40166107
0.40168303
0.40170166
0.40171614
0.40172622
0.40173203
0.4017343
0.4017339
0.40173182
0.40172875
0.4017252
0.40172115
0.4017164
0.40171057
0.40170315
0.40169403
0.40168327
0.40167132
0.40165913
0.40164796
0.40163904
0.40163332
0.40163133
0.401633
0.40163773
0.4016442
0.4016508
0.40165573
0.4016573
0.4016545
0.4016465
0.40163314
0.40161481
0.4015923
0.40156665
0.40153942
0.40151212
0.40148625
0.40146285
0.40144268
0.4014261
0.4014131
0.40140355
0.40139696
0.40139297
0.40139118
0.40139106
0.4013924
0.4013948
0.40139797
0.40140173
0.40140602
0.40141064
0.40141577
0.4014215
0.40142807
0.40143567
0.40144438
0.40145454
0.40146607
0.40147915
0.40149367
0.40150946
0.40152642
0.4015442
0.4015623
0.40157992
0.40159622
0.40160996
0.40162
0.40162516
0.40162498
0.4016193
0.40160894
0.40159488
0.40157855
0.40156138
0.4015447
0.40152955
0.4015167
0.40150663
0.4014995
0.40149528
0.40149403
0.40149558
0.40149984
0.40150648
0.40151483
0.40152407
0.40153298
0.4015403
0.40154508
0.40154648
0.4015444
0.40153924
0.40153158
0.40152267
0.40151343
0.40150467
0.4014971
0.40149093
0.4014863
0.40148327
0.40148184
0.40148196
0.40148365
0.4014867
0.40149134
0.40149766
0.40150604
0.40151674
0.4015299
0.40154558
0.40156376
0.40158427
0.40160653
0.4016299
0.40165323
0.40167567
0.40169647
0.4017153
0.40173227
0.40174773
0.40176186
0.40177494
0.4017864
0.40179563
0.4018018
0.4018043
0.40180266
0.40179697
0.40178752
0.4017751
0.40176085
0.40174592
0.40173158
0.40171868
0.4017075
0.40169778
0.40168858
0.4016786
0.40166682
0.40165257
0.40163547
0.40161586
0.4015946
0.40157276
0.40155146
0.40153173
0.4015144
0.40150008
0.40148923
0.40148214
0.40147883
0.40147904
0.40148255
0.40148878
0.4014972
0.40150735
0.401519
0.40153202
0.40154603
0.40156063
0.40157565
0.40159017
0.40160364
0.40161538
0.40162438
0.40162992
0.4016318
0.40163
0.40162525
0.40161854
0.40161142
0.4016053
0.40160143
0.40160063
0.40160313
0.40160877
0.40161714
0.40162754
0.40163934
0.40165198
0.40166482
0.40167716
0.40168822
0.40169704
0.4017031
0.40170604
0.40170595
0.40170333
0.40169907
0.40169403
0.4016887
0.40168345
0.4016782
0.40167245
0.40166587
0.4016583
0.40164992
0.40164122
0.40163276
0.40162525
0.40161952
0.40161636
0.40161666
0.40162107
0.40163055
0.40164542
0.40166587
0.40169144
0.40172124
0.40175393
0.40178788
0.4018211
0.40185186
0.40187874
0.40190044
0.4019159
0.4019248
0.40192658
0.40192106
0.4019082
0.40188804
0.401861
0.4018278
0.40178946
0.4017474
0.4017031
0.40165854
0.4016152
0.4015746
0.40153766
0.40150508
0.40147725
0.4014543
0.40143618
0.40142295
0.40141448
0.4014107
0.40141138
0.40141612
0.4014242
0.401435
0.40144753
0.40146086
0.40147424
0.40148675
0.40149784
0.40150666
0.40151277
0.40151635
0.40151775
0.4015179
0.40151793
0.40151876
0.40152133
0.40152627
0.40153414
0.40154514
0.40155944
0.40157682
0.40159664
0.40161824
0.4016407
0.40166295
0.4016841
0.40170348
0.40172055
0.40173486
0.40174606
0.40175343
0.4017563
0.40175396
0.40174627
0.4017332
0.40171543
0.40169376
0.40166926
0.40164316
0.40161666
0.40159082
0.4015665
0.4015447
0.401526
0.4015111
0.40150046
0.40149462
0.40149355
0.40149707
0.40150467
0.40151545
0.40152833
0.40154225
0.40155634
0.4015698
0.40158197
0.40159228
0.40160063
0.40160742
0.4016132
0.40161848
0.4016238
0.40162918
0.40163475
0.40164015
0.40164486
0.40164852
0.40165085
0.40165192
0.40165162
0.40165004
0.40164718
0.40164307
0.4016382
0.40163317
0.40162873
0.40162575
0.40162456
0.40162542
0.4016283
0.40163282
0.4016388
0.40164563
0.40165308
0.401661
0.40166944
0.4016781
0.4016866
0.4016944
0.40170085
0.4017056
0.40170836
0.40170944
0.40170914
0.40170795
0.40170598
0.40170342
0.40170026
0.40169668
0.40169317
0.40169036
0.40168875
0.40168884
0.40169066
0.40169394
0.40169805
0.40170223
0.4017057
0.40170786
0.40170845
0.40170777
0.40170658
0.40170598
0.4017074
0.40171206
0.40172073
0.4017337
0.4017507
0.401771
0.4017936
0.40181717
0.40184042
0.40186217
0.40188152
0.4018976
0.4019102
0.40191886
0.40192357
0.40192428
0.4019211
0.4019139
0.40190256
0.4018873
0.40186837
0.40184623
0.40182155
0.40179524
0.40176827
0.401742
0.40171793
0.4016975
0.40168187
0.4016719
0.40166774
0.40166903
0.40167466
0.40168327
0.40169293
0.40170178
0.40170807
0.4017105
0.40170822
0.40170076
0.4016884
0.4016718
0.40165207
0.40163052
0.4016082
0.4015864
0.4015659
0.40154737
0.40153113
0.40151757
0.40150663
0.40149844
0.4014929
0.40148973
0.40148878
0.40148962
0.40149236
0.40149683
0.40150297
0.40151075
0.40152004
0.4015307
0.40154245
0.40155488
0.40156728
0.40157872
0.4015886
0.40159613
0.40160152
0.40160516
0.40160817
0.40161142
0.40161598
0.4016226
0.40163165
0.40164325
0.401657
0.4016727
0.40168962
0.40170676
0.4017227
0.40173605
0.40174568
0.4017507
0.40175104
0.40174687
0.4017388
0.40172777
0.4017147
0.4017008
0.4016868
0.4016734
0.4016616
0.40165192
0.4016449
0.40164077
0.40163976
0.40164182
0.40164667
0.40165383
0.4016626
0.40167207
0.40168104
0.40168828
0.40169293
0.4016946
0.4016932
0.40168935
0.40168396
0.4016781
0.40167263
0.40166846
0.40166646
0.4016672
0.40167066
0.4016767
0.40168488
0.40169474
0.40170598
0.40171847
0.40173167
0.40174514
0.4017578
0.40176842
0.40177616
0.4017803
0.40178075
0.4017776
0.4017716
0.40176383
0.4017553
0.40174726
0.40174058
0.40173602
0.4017339
0.4017346
0.40173808
0.40174404
0.40175173
0.4017603
0.40176862
0.40177566
0.40178108
0.40178448
0.4017862
0.4017869
0.40178722
0.4017879
0.40178928
0.40179113
0.40179294
0.401794
0.40179384
0.40179217
0.40178904
0.40178466
0.4017792
0.40177262
0.4017647
0.4017554
0.4017447
0.40173307
0.40172118
0.4017098
0.40169972
0.4016916
0.4016854
0.4016809
0.40167758
0.4016748
0.40167212
0.40166944
0.40166712
0.4016659
0.40166637
0.4016689
0.4016737
0.40168083
0.40169
0.4017009
0.4017131
0.4017263
0.40174022
0.40175393
0.40176657
0.40177715
0.40178472
0.4017883
0.40178713
0.40178058
0.40176845
0.40175098
0.4017287
0.4017024
0.40167347
0.40164307
0.4016126
0.40158316
0.4015557
0.4015312
0.40151066
0.40149492
0.40148458
0.40147993
0.40148094
0.4014876
0.40149972
0.4015168
0.40153843
0.40156376
0.40159175
0.4016209
0.4016496
0.40167594
0.40169838
0.4017159
0.40172783
0.40173432
0.40173608
0.4017342
0.4017299
0.40172434
0.40171784
0.40171054
0.40170208
0.4016921
0.40168053
0.4016676
0.40165398
0.40164033
0.40162754
0.4016162
0.40160674
0.40159944
0.40159467
0.4015922
0.4015915
0.40159172
0.4015916
0.40159008
0.40158623
0.40157998
0.40157133
0.40156087
0.40154916
0.401537
0.40152493
0.40151325
0.40150246
0.40149298
0.40148512
0.40147915
0.40147546
0.40147427
0.40147555
0.4014795
0.40148598
0.4014945
0.4015049
0.4015165
0.4015288
0.40154132
0.40155354
0.40156487
0.40157506
0.4015835
0.40158993
0.40159374
0.40159437
0.40159166
0.4015857
0.401577
0.40156624
0.40155423
0.4015418
0.40152943
0.4015176
0.40150672
0.4014972
0.40148923
0.40148297
0.40147862
0.40147632
0.40147644
0.4014792
0.40148497
0.40149376
0.40150553
0.40152022
0.4015375
0.40155688
0.40157768
0.40159878
0.40161902
0.40163702
0.40165162
0.4016623
0.40166876
0.4016715
0.40167123
0.40166873
0.40166485
0.40166
0.40165427
0.40164763
0.40163958
0.40162995
0.40161854
0.40160578
0.40159228
0.40157914
0.40156743
0.4015582
0.40155232
0.40155056
0.4015532
0.40156022
0.40157133
0.4015858
0.40160272
0.40162092
0.40163943
0.4016573
0.40167445
0.4016907
0.40170622
0.40172118
0.40173516
0.4017477
0.401758
0.40176547
0.40176964
0.40177074
0.40176898
0.40176514
0.40176007
0.4017545
0.40174916
0.4017442
0.40173998
0.40173686
0.4017352
0.40173534
0.40173733
0.4017407
0.40174472
0.4017482
0.40175003
0.40174916
0.40174505
0.4017374
0.40172628
0.40171248
0.40169677
0.40167996
0.401663
0.40164652
0.40163112
0.40161705
0.40160468
0.40159434
0.40158597
0.4015796
0.40157548
0.40157366
0.40157425
0.40157703
0.40158165
0.40158725
0.40159306
0.4015982
0.40160167
0.40160313
0.40160263
0.40160057
0.4015975
0.40159392
0.40159032
0.40158656
0.40158287
0.40157914
0.40157533
0.40157086
0.40156555
0.40155923
0.4015523
0.40154505
0.4015382
0.40153244
0.40152827
0.40152612
0.4015262
0.4015285
0.4015327
0.40153822
0.40154433
0.40154994
0.40155417
0.4015565
0.40155673
0.4015552
0.4015529
0.4015509
0.4015505
0.40155277
0.40155828
0.40156716
0.40157896
0.4015929
0.40160814
0.40162364
0.40163842
0.40165192
0.40166333
0.40167195
0.40167686
0.40167758
0.40167394
0.4016663
0.40165544
0.40164244
0.40162858
0.40161514
0.4016035
0.4015947
0.40158996
0.40159008
0.4015951
0.40160483
0.4016184
0.40163457
0.40165147
0.40166745
0.40168083
0.40169054
0.40169594
0.40169713
0.40169472
0.40168992
0.40168414
0.4016787
0.40167505
0.40167412
0.40167645
0.40168208
0.40169045
0.40170056
0.40171078
0.40171975
0.40172613
0.40172884
0.40172747
0.40172216
0.40171346
0.4017025
0.40169072
0.40167966
0.40167043
0.40166384
0.40165976
0.40165794
0.4016576
0.40165836
0.40165982
0.40166196
0.40166494
0.4016692
0.40167478
0.40168145
0.40168858
0.40169507
0.40170026
0.40170333
0.40170383
0.40170178
0.40169728
0.40169072
0.40168235
0.4016724
0.40166107
0.40164864
0.4016359
0.40162364
0.4016128
0.4016041
0.4015978
0.4015939
0.40159205
0.40159145
0.4015909
0.40158924
0.40158513
0.40157786
0.40156692
0.4015527
0.4015358
0.40151715
0.40149796
0.4014794
0.40146235
0.4014477
0.40143606
0.40142763
0.40142268
0.40142104
0.40142268
0.4014272
0.4014344
0.40144378
0.40145496
0.40146714
0.40147957
0.40149137
0.40150157
0.40150955
0.40151498
0.40151802
0.40151933
0.40151966
0.40152007
0.40152147
0.40152472
0.40153056
0.40153986
0.40155318
0.4015711
0.40159374
0.4016209
0.40165177
0.40168515
0.4017193
0.4017526
0.40178365
0.40181118
0.4018345
0.40185305
0.40186638
0.40187433
0.40187672
0.4018735
0.40186486
0.40185103
0.4018328
0.40181097
0.4017869
0.40176183
0.40173736
0.40171477
0.4016952
0.4016794
0.4016676
0.4016596
0.4016551
0.40165323
0.40165335
0.4016546
0.40165597
0.40165642
0.4016545
0.40164942
0.4016406
0.40162826
0.40161288
0.4015957
0.40157807
0.40156138
0.40154693
0.40153557
0.4015281
0.4015251
0.40152672
0.40153295
0.4015432
0.40155634
0.40157142
0.40158674
0.401601
0.40161288
0.40162167
0.40162703
0.4016291
0.40162817
0.40162492
0.4016198
0.40161344
0.40160665
0.40159985
0.40159342
0.40158743
0.4015818
0.40157682
0.40157247
0.40156895
0.40156645
0.40156478
0.40156397
0.40156403
0.40156505
0.401567
0.40157
0.40157375
0.40157804
0.40158224
0.40158582
0.40158844
0.4015899
0.4015904
0.4015905
0.4015905
0.40159056
0.40159065
0.40159014
0.40158835
0.4015846
0.4015785
0.40157
0.40155995
0.4015491
0.4015384
0.40152875
0.4015209
0.40151533
0.40151238
0.40151212
0.4015146
0.40151954
0.40152645
0.40153477
0.40154377
0.40155295
0.40156174
0.40157
0.4015777
0.401585
0.40159214
0.40159938
0.40160716
0.40161538
0.4016238
0.40163192
0.40163934
0.4016454
0.40164965
0.4016514
0.4016505
0.4016471
0.4016418
0.40163517
0.40162817
0.4016218
0.40161678
0.40161407
0.40161422
0.40161765
0.40162438
0.40163395
0.40164593
0.4016593
0.4016728
0.4016851
0.40169457
0.40170005
0.40170103
0.40169728
0.40168944
0.40167853
0.4016661
0.40165347
0.40164196
0.40163234
0.40162468
0.4016185
0.40161294
0.4016067
0.40159878
0.40158847
0.40157565
0.40156066
0.4015443
0.4015275
0.40151116
0.4014962
0.40148342
0.401473
0.40146515
0.40145966
0.40145645
0.40145516
0.4014554
0.40145636
0.40145734
0.40145776
0.40145695
0.4014549
0.40145195
0.4014485
0.40144518
0.4014429
0.40144247
0.401445
0.4014512
0.40146154
0.4014764
0.4014957
0.40151894
0.40154535
0.40157393
0.40160325
0.40163174
0.4016576
0.40167928
0.4016955
0.40170565
0.40170974
0.4017084
0.4017028
0.40169457
0.4016854
0.40167657
0.40166923
0.4016639
0.40166056
0.40165886
0.40165836
0.40165827
0.40165806
0.40165734
0.40165582
0.40165386
0.40165135
0.40164876
0.40164626
0.40164453
0.40164447
0.4016471
0.40165406
0.4016674
0.40169027
0.40172687
0.40178338
0.40186802
0.40199244
0.4021731
0.40243363
0.40280327
0.40332386
0.4040535
0.40507063
0.40648165
0.40842837
0.41113177
0.4148145
0.41978568
0.42651856
0.43565434
0.44780418
