0.442523
0.4320046
0.42411464
0.4181753
0.41374284
0.4104719
0.40807724
0.40631753
0.4050312
0.4040987
0.4034229
0.40293497
0.40258324
0.4023295
0.40214553
0.40201068
0.40191042
0.4018346
0.40177637
0.40173116
0.40169594
0.40166855
0.40164787
0.40163293
0.4016232
0.4016179
0.40161642
0.40161788
0.40162098
0.40162465
0.40162772
0.40162945
0.40162948
0.40162802
0.40162575
0.40162343
0.40162182
0.40162134
0.40162218
0.40162444
0.40162802
0.40163296
0.40163943
0.40164724
0.4016562
0.40166554
0.40167442
0.4016819
0.4016872
0.40169
0.40169019
0.40168816
0.40168464
0.4016802
0.40167537
0.4016705
0.4016653
0.4016594
0.40165198
0.40164244
0.40163034
0.40161577
0.4015991
0.40158093
0.40156192
0.40154287
0.40152448
0.40150794
0.40149373
0.40148252
0.4014747
0.40147057
0.4014701
0.4014731
0.40147913
0.4014875
0.40149754
0.40150863
0.40152022
0.40153202
0.4015436
0.4015546
0.4015647
0.4015736
0.40158093
0.40158677
0.40159115
0.40159398
0.40159532
0.40159506
0.4015933
0.40159044
0.40158734
0.40158495
0.40158415
0.40158555
0.40158936
0.40159547
0.4016032
0.4016118
0.40162012
0.40162677
0.40163085
0.40163147
0.40162867
0.40162283
0.40161496
0.4016062
0.40159774
0.4015906
0.40158543
0.40158266
0.40158245
0.40158454
0.40158847
0.40159386
0.4016002
0.40160707
0.40161386
0.4016202
0.40162557
0.40162975
0.40163216
0.40163252
0.40163043
0.40162554
0.4016179
0.4016079
0.40159646
0.4015847
0.40157384
0.40156493
0.40155867
0.40155533
0.40155488
0.4015569
0.40156096
0.40156674
0.40157372
0.4015817
0.40159032
0.40159935
0.4016085
0.40161714
0.401625
0.40163207
0.40163854
0.40164486
0.40165144
0.4016582
0.40166456
0.4016699
0.40167338
0.4016746
0.4016735
0.4016704
0.401666
0.401661
0.40165606
0.4016517
0.40164828
0.4016462
0.4016459
0.401648
0.40165305
0.4016612
0.40167236
0.40168577
0.40170068
0.40171584
0.40173015
0.40174243
0.4017519
0.40175828
0.40176153
0.40176198
0.40176025
0.4017569
0.40175232
0.40174636
0.4017387
0.40172914
0.40171775
0.40170503
0.40169218
0.40168074
0.40167326
0.40167263
0.40168267
0.40170848
0.40175676
0.4018363
0.4019589
0.4021408
0.4024052
0.40278038
0.40330735
0.40404272
0.40506354
0.40647542
0.40842006
0.41111892
0.4147965
0.41976312
0.42649332
0.4356303
0.44778508
