0.44249472
0.43196663
0.42406732
0.41811842
0.4136762
0.41039532
0.40799096
0.4062218
0.40492633
0.40398532
0.40330204
0.40280852
0.40245417
0.40220174
0.40202367
0.4018995
0.40181416
0.40175644
0.4017181
0.40169296
0.4016763
0.40166467
0.4016555
0.40164736
0.40163988
0.4016333
0.40162838
0.40162584
0.40162617
0.40162927
0.40163463
0.4016413
0.40164787
0.40165287
0.40165505
0.4016536
0.40164804
0.40163893
0.40162694
0.40161327
0.4015993
0.40158606
0.4015746
0.40156564
0.4015595
0.40155637
0.40155584
0.40155727
0.40155965
0.4015619
0.40156302
0.40156248
0.40156028
0.40155685
0.40155295
0.40154937
0.40154707
0.40154678
0.4015489
0.40155375
0.40156132
0.4015716
0.40158457
0.4016002
0.40161857
0.40163967
0.401664
0.4016925
0.40172714
0.40177172
0.40183192
0.4019167
0.40203846
0.40221444
0.40246996
0.40283513
0.4033527
0.40408105
0.40509856
0.4065111
0.40845978
0.4111647
0.41484758
0.4198172
0.42654684
0.4356776
0.44782132
