0.44260713
0.43211544
0.42424968
0.4183325
0.41391963
0.41066548
0.40828234
0.40652886
0.40524358
0.4043068
0.4036221
0.40312144
0.40275455
0.4024839
0.40228185
0.40212837
0.4020093
0.40191433
0.40183684
0.4017722
0.40171757
0.4016713
0.40163207
0.40159914
0.401572
0.40154997
0.40153244
0.40151885
0.40150863
0.40150163
0.401498
0.40149784
0.40150118
0.40150768
0.4015167
0.40152764
0.4015395
0.40155113
0.40156174
0.40157083
0.4015785
0.4015851
0.40159118
0.4015971
0.4016029
0.40160844
0.40161315
0.40161687
0.401619
0.40161893
0.40161592
0.4016097
0.40160045
0.40158886
0.4015761
0.40156335
0.40155172
0.40154225
0.40153578
0.40153295
0.40153414
0.4015396
0.4015492
0.40156257
0.4015794
0.40159896
0.40162078
0.40164414
0.40166822
0.40169185
0.40171376
0.40173262
0.40174747
0.40175745
0.40176216
0.40176153
0.4017556
0.4017449
0.40173012
0.40171215
0.4016922
0.40167183
0.4016521
0.4016342
0.401619
0.40160722
0.40159914
0.40159464
0.40159306
0.40159374
0.40159553
0.40159735
0.40159836
0.4015981
0.40159652
0.40159416
0.4015915
0.4015894
0.40158832
0.40158898
0.40159202
0.40159827
0.4016082
0.4016219
0.40163916
0.4016593
0.40168118
0.40170303
0.401723
0.40173936
0.40175045
0.40175515
0.40175295
0.40174386
0.40172848
0.40170813
0.40168434
0.401659
0.4016342
0.40161136
0.40159193
0.4015764
0.40156505
0.40155745
0.40155318
0.40155149
0.40155193
0.40155402
0.4015579
0.40156394
0.40157256
0.40158406
0.40159842
0.40161505
0.40163305
0.40165138
0.40166923
0.401686
0.40170172
0.40171638
0.4017303
0.40174353
0.40175572
0.40176618
0.40177417
0.4017788
0.4017792
0.40177527
0.40176678
0.40175414
0.4017378
0.40171826
0.401696
0.4016716
0.40164587
0.40161982
0.40159443
0.40157068
0.4015494
0.40153113
0.40151647
0.40150565
0.40149876
0.4014961
0.40149745
0.40150264
0.40151128
0.40152296
0.40153697
0.40155268
0.4015693
0.40158606
0.40160227
0.40161687
0.40162888
0.40163726
0.4016412
0.40164018
0.40163434
0.40162414
0.40161064
0.40159518
0.4015789
0.40156302
0.40154824
0.40153533
0.4015247
0.4015167
0.40151158
0.40150958
0.40151098
0.4015161
0.4015251
0.40153813
0.40155473
0.4015743
0.40159595
0.40161833
0.4016399
0.40165913
0.40167478
0.40168628
0.40169343
0.40169674
0.401697
0.40169504
0.40169147
0.4016866
0.4016806
0.4016733
0.4016642
0.40165296
0.4016394
0.40162346
0.4016057
0.4015868
0.401568
0.40155002
0.40153342
0.4015185
0.40150502
0.4014928
0.40148163
0.40147194
0.40146396
0.40145814
0.40145504
0.40145466
0.40145728
0.40146273
0.40147087
0.40148133
0.40149373
0.40150738
0.40152168
0.40153584
0.4015494
0.40156224
0.40157446
0.401586
0.4015969
0.4016067
0.40161476
0.40162048
0.40162367
0.40162456
0.40162373
0.40162194
0.4016203
0.4016196
0.40162048
0.40162286
0.40162653
0.4016306
0.40163416
0.40163627
0.40163657
0.40163514
0.40163246
0.4016296
0.40162754
0.40162724
0.4016291
0.40163335
0.4016397
0.40164787
0.4016573
0.401668
0.4016792
0.40169004
0.40169936
0.40170613
0.40170923
0.40170825
0.40170285
0.4016934
0.40168062
0.40166575
0.4016504
0.40163618
0.40162465
0.40161684
0.40161356
0.40161484
0.4016206
0.4016301
0.40164247
0.40165687
0.40167263
0.40168944
0.4017073
0.40172628
0.40174642
0.40176708
0.4017873
0.4018057
0.40182093
0.4018319
0.40183768
0.40183806
0.40183312
0.40182352
0.40181035
0.4017949
0.4017787
0.4017629
0.40174797
0.40173417
0.40172124
0.401709
0.40169728
0.4016861
0.40167537
0.4016651
0.40165532
0.40164572
0.40163592
0.4016253
0.40161347
0.4015999
0.40158468
0.40156803
0.40155074
0.40153372
0.40151817
0.40150493
0.4014949
0.4014887
0.40148693
0.40149006
0.4014981
0.40151098
0.40152827
0.401549
0.40157223
0.40159672
0.40162107
0.40164447
0.40166613
0.401686
0.4017043
0.40172157
0.40173826
0.40175462
0.4017705
0.40178543
0.40179873
0.4018101
0.40181932
0.4018262
0.40183073
0.40183297
0.4018328
0.40183043
0.40182614
0.4018204
0.40181375
0.401807
0.40180072
0.40179533
0.40179113
0.40178773
0.4017845
0.40178066
0.4017756
0.40176862
0.40175924
0.40174755
0.40173364
0.4017181
0.4017013
0.40168345
0.40166464
0.40164477
0.40162396
0.4016026
0.40158138
0.40156108
0.40154296
0.40152797
0.40151694
0.40151015
0.40150777
0.40150943
0.4015146
0.4015225
0.401532
0.40154225
0.4015523
0.40156168
0.40156984
0.40157658
0.4015816
0.40158513
0.40158734
0.4015889
0.40158996
0.40159097
0.40159166
0.40159193
0.40159166
0.4015909
0.40159
0.40158924
0.4015891
0.40158996
0.4015921
0.40159613
0.40160212
0.40160996
0.40161893
0.401628
0.40163565
0.40164077
0.40164214
0.4016393
0.40163222
0.40162167
0.40160844
0.4015938
0.40157896
0.40156484
0.40155205
0.40154105
0.40153208
0.4015251
0.40151998
0.40151662
0.40151483
0.40151414
0.40151426
0.4015146
0.4015147
0.40151417
0.401513
0.40151143
0.40150985
0.40150875
0.4015085
0.40150973
0.40151268
0.40151787
0.40152535
0.401535
0.4015463
0.40155852
0.40157086
0.40158227
0.40159187
0.40159905
0.40160334
0.40160477
0.40160337
0.40159962
0.40159357
0.40158555
0.40157583
0.4015648
0.4015531
0.4015415
0.40153053
0.40152094
0.40151262
0.40150565
0.40149948
0.40149385
0.40148845
0.401483
0.40147743
0.4014719
0.40146634
0.40146077
0.4014554
0.40145013
0.40144497
0.40144008
0.40143573
0.4014322
0.40142936
0.40142754
0.40142643
0.4014259
0.40142584
0.40142626
0.40142706
0.40142867
0.40143123
0.40143505
0.40144035
0.40144697
0.4014549
0.401464
0.40147436
0.40148595
0.4014988
0.40151262
0.40152717
0.4015417
0.40155566
0.40156823
0.40157884
0.4015874
0.40159422
0.4015998
0.40160468
0.40160936
0.4016142
0.40161902
0.40162364
0.40162754
0.4016304
0.40163174
0.40163144
0.40162933
0.40162534
0.40161893
0.40160975
0.40159747
0.40158242
0.4015651
0.4015464
0.4015278
0.40151072
0.4014966
0.40148652
0.4014812
0.4014809
0.40148544
0.40149426
0.40150645
0.4015211
0.40153703
0.40155324
0.40156913
0.4015846
0.40160018
0.40161648
0.40163404
0.4016529
0.40167275
0.4016926
0.40171114
0.401727
0.40173882
0.40174577
0.40174735
0.40174377
0.40173563
0.40172383
0.40170965
0.4016944
0.40167958
0.4016661
0.40165448
0.40164468
0.40163592
0.40162745
0.4016185
0.40160865
0.40159798
0.40158683
0.40157554
0.40156457
0.4015542
0.40154475
0.40153652
0.40152997
0.40152565
0.40152407
0.40152615
0.40153244
0.4015433
0.4015585
0.40157732
0.40159872
0.40162116
0.401643
0.40166256
0.40167862
0.40169027
0.40169713
0.40169927
0.40169737
0.40169218
0.40168482
0.40167645
0.40166798
0.4016605
0.40165427
0.40164962
0.40164626
0.40164372
0.40164122
0.40163776
0.40163264
0.40162525
0.40161535
0.40160295
0.40158844
0.4015725
0.401556
0.40153992
0.40152514
0.40151247
0.40150234
0.40149486
0.40149
0.40148726
0.40148598
0.40148562
0.40148592
0.40148672
0.4014887
0.40149227
0.4014978
0.40150556
0.4015156
0.40152752
0.40154096
0.4015556
0.40157118
0.4015878
0.40160546
0.40162408
0.40164325
0.40166217
0.40167987
0.40169528
0.40170762
0.40171647
0.40172192
0.40172443
0.40172467
0.40172356
0.40172186
0.40172002
0.4017179
0.40171525
0.4017111
0.40170494
0.40169615
0.40168482
0.40167144
0.4016569
0.4016424
0.40162918
0.4016184
0.401611
0.40160757
0.4016085
0.4016137
0.4016226
0.40163478
0.40164986
0.4016671
0.40168566
0.4017046
0.40172294
0.40173918
0.40175235
0.40176138
0.40176556
0.4017643
0.40175742
0.4017449
0.40172747
0.40170622
0.40168247
0.40165806
0.40163475
0.4016143
0.40159792
0.4015863
0.40157938
0.40157682
0.40157783
0.4015816
0.40158716
0.40159348
0.4015996
0.4016044
0.40160713
0.40160707
0.40160415
0.40159878
0.40159193
0.4015849
0.4015788
0.40157464
0.40157306
0.40157428
0.40157822
0.40158424
0.40159166
0.40159917
0.40160543
0.40160882
0.40160832
0.40160328
0.40159366
0.40158013
0.40156367
0.40154555
0.40152726
0.40151003
0.4014948
0.40148222
0.40147272
0.40146652
0.4014635
0.4014635
0.40146598
0.40147042
0.40147662
0.40148425
0.40149316
0.40150306
0.40151381
0.40152523
0.40153733
0.40155053
0.40156516
0.40158144
0.40159908
0.4016177
0.40163633
0.40165386
0.40166876
0.40168014
0.4016874
0.40169072
0.4016908
0.4016889
0.4016866
0.4016854
0.40168634
0.40169036
0.40169775
0.4017083
0.40172157
0.40173665
0.4017524
0.40176746
0.4017803
0.40178978
0.4017948
0.4017949
0.4017901
0.4017808
0.40176803
0.40175286
0.40173674
0.40172043
0.40170476
0.4016897
0.40167513
0.40166083
0.40164658
0.40163276
0.40161988
0.4016085
0.40159908
0.40159193
0.40158716
0.4015848
0.4015848
0.40158716
0.40159178
0.4015981
0.40160504
0.40161148
0.40161586
0.40161678
0.40161338
0.40160516
0.40159237
0.40157574
0.40155652
0.40153608
0.4015157
0.40149635
0.4014789
0.40146402
0.40145198
0.40144292
0.4014367
0.40143314
0.40143213
0.40143362
0.40143773
0.40144438
0.40145344
0.40146455
0.40147725
0.40149093
0.40150487
0.4015185
0.40153155
0.40154365
0.40155473
0.40156487
0.40157443
0.40158367
0.40159237
0.4016003
0.401607
0.40161216
0.40161568
0.4016179
0.40161914
0.40161946
0.40161872
0.40161672
0.40161303
0.4016077
0.4016011
0.4015938
0.40158612
0.40157863
0.40157175
0.40156573
0.40156046
0.40155593
0.401552
0.40154874
0.40154642
0.40154514
0.40154487
0.40154552
0.40154678
0.40154848
0.40155038
0.40155223
0.40155402
0.40155596
0.4015583
0.40156117
0.4015645
0.40156847
0.40157324
0.40157944
0.40158725
0.40159696
0.4016082
0.40162036
0.4016325
0.40164346
0.40165204
0.4016575
0.4016593
0.40165767
0.40165305
0.40164635
0.40163854
0.4016306
0.4016231
0.40161645
0.40161082
0.4016062
0.4016025
0.4015997
0.40159798
0.4015972
0.40159714
0.40159792
0.40159944
0.401602
0.40160584
0.40161085
0.4016166
0.40162233
0.4016271
0.40162995
0.4016301
0.4016272
0.40162134
0.40161258
0.40160152
0.40158835
0.4015738
0.40155858
0.40154344
0.401529
0.4015157
0.40150356
0.40149274
0.40148312
0.40147457
0.40146703
0.40146095
0.4014566
0.4014543
0.40145418
0.40145612
0.40145972
0.40146443
0.40146986
0.40147528
0.40148026
0.4014847
0.40148857
0.4014923
0.40149638
0.40150154
0.40150845
0.40151742
0.4015286
0.4015417
0.40155643
0.40157193
0.40158734
0.4016017
0.40161398
0.40162307
0.4016284
0.40163007
0.40162846
0.40162498
0.40162063
0.40161696
0.40161508
0.40161583
0.40161958
0.40162623
0.40163508
0.40164503
0.4016546
0.40166223
0.40166634
0.4016662
0.40166143
0.40165237
0.4016399
0.40162534
0.40161046
0.4015975
0.4015883
0.40158427
0.40158638
0.40159506
0.40160993
0.40163
0.40165374
0.40167922
0.40170413
0.40172616
0.40174335
0.4017542
0.40175754
0.40175316
0.40174124
0.40172264
0.40169877
0.40167132
0.401642
0.40161252
0.4015841
0.4015579
0.4015349
0.4015161
0.40150252
0.40149474
0.4014933
0.40149862
0.40151057
0.401529
0.4015534
0.40158305
0.4016169
0.40165362
0.40169165
0.4017291
0.40176466
0.40179706
0.40182564
0.40185007
0.40187007
0.40188545
0.40189615
0.40190214
0.40190342
0.4019
0.40189204
0.40187937
0.40186235
0.4018413
0.4018169
0.4017901
0.40176198
0.40173364
0.40170616
0.4016803
0.4016564
0.40163475
0.40161523
0.40159792
0.40158272
0.40156952
0.4015584
0.4015493
0.40154225
0.40153715
0.40153357
0.40153137
0.40152994
0.4015288
0.40152737
0.4015254
0.401523
0.40152028
0.401518
0.40151685
0.40151784
0.40152144
0.401528
0.40153712
0.40154842
0.40156084
0.40157297
0.40158367
0.40159157
0.4015962
0.4015975
0.40159586
0.40159205
0.4015867
0.40158054
0.40157402
0.4015674
0.40156066
0.4015538
0.40154657
0.401539
0.40153152
0.40152434
0.4015176
0.40151128
0.40150526
0.40149954
0.40149435
0.40148988
0.40148643
0.40148407
0.40148294
0.40148294
0.40148392
0.40148562
0.40148786
0.40149078
0.40149453
0.40149948
0.40150598
0.4015146
0.4015257
0.40153942
0.40155566
0.40157387
0.40159306
0.4016122
0.40162978
0.40164447
0.4016552
0.40166137
0.40166304
0.40166068
0.40165514
0.40164742
0.40163845
0.40162888
0.40161937
0.40161023
0.40160152
0.4015927
0.4015833
0.40157276
0.4015605
0.4015468
0.40153217
0.40151712
0.40150237
0.40148827
0.4014752
0.40146354
0.4014536
0.40144572
0.40143982
0.40143594
0.4014338
0.40143323
0.40143383
0.40143523
0.4014371
0.40143922
0.4014414
0.40144354
0.40144593
0.40144888
0.4014529
0.4014586
0.4014664
0.40147662
0.40148908
0.40150332
0.40151876
0.40153462
0.4015502
0.40156505
0.40157914
0.4015928
0.4016068
0.4016219
0.40163854
0.40165734
0.40167826
0.4017009
0.4017244
0.40174732
0.40176845
0.40178674
0.40180132
0.40181154
0.40181708
0.40181795
0.40181425
0.40180668
0.40179592
0.4017831
0.40176934
0.40175563
0.40174282
0.40173143
0.40172154
0.40171313
0.40170595
0.4016996
0.40169397
0.40168893
0.40168488
0.4016818
0.40167987
0.40167862
0.401678
0.4016779
0.40167832
0.4016793
0.40168047
0.40168154
0.40168226
0.40168256
0.40168235
0.40168166
0.4016802
0.4016775
0.4016731
0.4016671
0.40165958
0.40165058
0.40164044
0.40162963
0.40161908
0.40160966
0.40160242
0.40159786
0.40159634
0.4015979
0.40160227
0.40160894
0.40161738
0.4016271
0.40163788
0.40164948
0.4016617
0.40167394
0.40168533
0.40169504
0.40170234
0.40170676
0.40170807
0.4017065
0.40170255
0.4016966
0.401689
0.40168023
0.4016705
0.40166032
0.40165052
0.4016416
0.40163416
0.4016284
0.40162447
0.40162227
0.40162167
0.40162215
0.4016237
0.40162575
0.40162843
0.40163198
0.4016366
0.4016426
0.40165022
0.4016595
0.40167028
0.40168235
0.40169504
0.4017077
0.4017198
0.40173075
0.40174
0.4017465
0.4017495
0.401748
0.40174147
0.40173006
0.401714
0.40169454
0.40167284
0.40165076
0.40162998
0.40161192
0.40159792
0.40158913
0.40158615
0.4015895
0.4015991
0.40161452
0.4016349
0.40165907
0.40168542
0.4017121
0.40173692
0.40175796
0.40177342
0.40178227
0.40178356
0.40177727
0.40176383
0.4017442
0.40171963
0.40169176
0.4016623
0.40163305
0.40160578
0.40158194
0.4015623
0.4015476
0.40153816
0.401534
0.4015348
0.4015403
0.40154988
0.40156266
0.40157777
0.40159428
0.40161118
0.40162745
0.4016418
0.40165278
0.40165928
0.40166038
0.40165573
0.40164542
0.4016301
0.40161088
0.4015892
0.4015665
0.40154418
0.4015233
0.4015046
0.4014887
0.4014759
0.40146625
0.40145943
0.40145487
0.40145206
0.40145025
0.4014489
0.4014477
0.40144637
0.40144515
0.40144402
0.4014435
0.401444
0.40144584
0.40144944
0.40145504
0.40146288
0.40147284
0.40148506
0.40149945
0.40151638
0.40153593
0.4015583
0.40158355
0.4016115
0.4016419
0.40167397
0.40170658
0.40173826
0.4017676
0.4017935
0.40181485
0.40183103
0.4018416
0.40184656
0.40184617
0.40184122
0.4018327
0.40182176
0.40180957
0.40179703
0.4017844
0.40177134
0.4017573
0.4017413
0.40172264
0.40170076
0.40167567
0.40164787
0.40161824
0.40158844
0.40155995
0.40153456
0.40151373
0.40149844
0.40148956
0.4014874
0.4014923
0.4015039
0.40152165
0.4015448
0.4015724
0.4016035
0.4016368
0.40167138
0.40170565
0.40173805
0.40176705
0.40179136
0.40180978
0.40182143
0.4018258
0.40182248
0.40181187
0.40179446
0.40177134
0.40174395
0.40171376
0.4016826
0.4016522
0.40162382
0.40159863
0.40157717
0.40155992
0.40154684
0.40153775
0.40153202
0.401529
0.40152833
0.4015291
0.4015307
0.40153217
0.4015328
0.4015321
0.40153012
0.40152717
0.401524
0.40152118
0.40151933
0.40151873
0.40151945
0.40152118
0.4015236
0.40152645
0.4015297
0.40153393
0.40153942
0.40154675
0.40155628
0.40156856
0.40158364
0.4016014
0.40162098
0.40164122
0.4016605
0.4016771
0.40168962
0.40169677
0.40169805
0.40169314
0.40168235
0.40166646
0.40164682
0.40162495
0.40160248
0.40158087
0.4015616
0.40154558
0.40153348
0.4015256
0.4015219
0.4015221
0.40152586
0.4015326
0.40154168
0.4015526
0.40156454
0.40157714
0.40158966
0.4016013
0.40161103
0.40161797
0.40162143
0.40162146
0.40161827
0.40161276
0.40160593
0.4015991
0.40159333
0.40158963
0.40158886
0.4015913
0.40159687
0.40160534
0.40161577
0.40162742
0.40163925
0.40165007
0.40165865
0.40166408
0.4016658
0.40166366
0.40165794
0.40164864
0.40163633
0.4016214
0.40160424
0.40158555
0.40156597
0.401546
0.4015263
0.40150717
0.40148923
0.40147308
0.40145925
0.40144828
0.40144062
0.4014366
0.40143627
0.40143958
0.40144634
0.401456
0.40146777
0.40148085
0.40149397
0.40150607
0.4015159
0.40152237
0.4015248
0.4015232
0.401518
0.40151015
0.4015011
0.4014921
0.40148446
0.40147913
0.4014771
0.40147892
0.40148494
0.4014953
0.40151006
0.40152875
0.40155098
0.40157598
0.40160295
0.40163103
0.40165925
0.40168652
0.40171164
0.4017333
0.40175045
0.4017621
0.40176773
0.40176696
0.40175977
0.40174672
0.40172857
0.4017065
0.40168166
0.4016555
0.4016291
0.40160358
0.40157968
0.40155798
0.40153906
0.401523
0.40150973
0.40149903
0.40149072
0.40148446
0.40148
0.40147707
0.40147558
0.40147528
0.40147614
0.40147805
0.40148085
0.4014843
0.40148798
0.40149137
0.40149406
0.40149608
0.4014977
0.40149912
0.40150082
0.40150315
0.4015063
0.40151075
0.40151694
0.40152505
0.401535
0.40154645
0.40155855
0.4015702
0.40158033
0.40158793
0.40159252
0.40159416
0.4015933
0.4015909
0.40158802
0.40158546
0.40158385
0.40158343
0.4015841
0.40158513
0.40158582
0.40158525
0.4015828
0.40157828
0.4015719
0.40156403
0.40155533
0.40154636
0.4015376
0.4015298
0.4015232
0.40151858
0.40151623
0.40151647
0.40151972
0.40152603
0.40153533
0.40154737
0.40156147
0.40157685
0.40159255
0.40160826
0.4016238
0.40163928
0.40165532
0.4016719
0.40168884
0.40170553
0.40172085
0.40173355
0.40174273
0.40174776
0.40174848
0.40174496
0.40173784
0.4017276
0.4017149
0.40170038
0.40168422
0.40166646
0.40164712
0.40162653
0.40160516
0.4015841
0.4015642
0.40154654
0.40153214
0.40152156
0.40151533
0.40151355
0.40151596
0.40152243
0.40153217
0.40154442
0.40155825
0.4015725
0.40158606
0.40159774
0.40160674
0.40161207
0.40161353
0.40161127
0.40160576
0.4015982
0.4015898
0.40158206
0.40157613
0.40157282
0.40157264
0.40157568
0.40158165
0.40159026
0.4016009
0.4016128
0.40162486
0.401636
0.40164512
0.40165162
0.40165502
0.40165535
0.4016528
0.4016483
0.40164274
0.401637
0.40163213
0.40162933
0.40162945
0.40163293
0.40164
0.4016507
0.40166453
0.40168083
0.40169847
0.40171608
0.40173212
0.40174484
0.40175316
0.40175617
0.4017533
0.40174457
0.40173048
0.40171194
0.40169027
0.40166712
0.40164426
0.40162322
0.40160516
0.40159085
0.4015803
0.4015732
0.4015687
0.40156576
0.40156373
0.40156198
0.40156034
0.4015589
0.40155777
0.401557
0.4015567
0.40155712
0.4015589
0.40156275
0.4015693
0.40157914
0.40159276
0.40161023
0.40163147
0.40165582
0.40168256
0.40171042
0.40173826
0.4017648
0.40178913
0.40181035
0.4018279
0.4018416
0.4018514
0.40185753
0.40186056
0.40186152
0.4018612
0.4018606
0.4018607
0.4018619
0.40186402
0.40186656
0.40186855
0.40186936
0.40186852
0.4018658
0.40186152
0.40185606
0.40185
0.4018435
0.4018366
0.40182912
0.40182057
0.4018106
0.40179887
0.40178546
0.40177056
0.4017548
0.4017389
0.40172398
0.4017112
0.40170175
0.40169635
0.40169573
0.40169972
0.40170822
0.40172026
0.4017346
0.4017497
0.40176374
0.40177497
0.40178198
0.40178356
0.4017793
0.4017689
0.40175274
0.40173158
0.40170673
0.4016797
0.401652
0.40162525
0.40160066
0.40157926
0.40156198
0.40154946
0.401542
0.4015395
0.4015416
0.40154755
0.4015564
0.40156707
0.4015784
0.40158927
0.40159896
0.40160704
0.4016137
0.4016194
0.40162468
0.40163
0.40163562
0.40164137
0.40164706
0.40165228
0.40165687
0.40166062
0.40166315
0.40166426
0.40166348
0.40166047
0.40165532
0.4016481
0.40163964
0.40163082
0.40162227
0.40161467
0.40160832
0.40160313
0.401599
0.40159565
0.40159273
0.40158987
0.40158665
0.40158284
0.40157855
0.40157416
0.4015704
0.40156806
0.4015678
0.40157026
0.4015755
0.40158364
0.4015943
0.40160698
0.40162027
0.40163305
0.40164387
0.40165135
0.4016546
0.40165308
0.40164682
0.40163636
0.4016229
0.40160796
0.40159318
0.40158018
0.4015698
0.401563
0.4015599
0.4015605
0.40156484
0.40157282
0.40158424
0.4015984
0.40161437
0.40163088
0.40164635
0.40165946
0.401669
0.40167418
0.40167475
0.40167093
0.40166336
0.4016531
0.4016413
0.40162885
0.40161657
0.40160495
0.40159425
0.40158463
0.40157613
0.40156907
0.4015637
0.4015605
0.40155977
0.40156198
0.40156713
0.40157536
0.40158606
0.4015985
0.40161178
0.4016247
0.40163645
0.40164623
0.40165386
0.40165916
0.40166244
0.4016639
0.40166375
0.40166202
0.40165854
0.4016534
0.401647
0.40164003
0.40163326
0.401628
0.40162492
0.40162486
0.40162805
0.40163428
0.40164277
0.4016526
0.40166265
0.40167177
0.40167862
0.40168244
0.40168273
0.4016794
0.40167302
0.4016644
0.4016545
0.40164435
0.40163505
0.4016274
0.40162167
0.40161797
0.40161595
0.40161473
0.4016135
0.40161148
0.4016083
0.4016035
0.40159672
0.4015878
0.40157673
0.40156373
0.40154925
0.40153408
0.40151903
0.40150493
0.4014927
0.40148318
0.40147677
0.40147376
0.4014742
0.40147808
0.40148535
0.40149608
0.40151003
0.40152693
0.40154663
0.40156844
0.40159184
0.40161562
0.40163857
0.40165943
0.40167686
0.40169004
0.4016985
0.40170214
0.40170136
0.4016969
0.40168983
0.4016814
0.40167263
0.4016643
0.40165707
0.40165105
0.40164626
0.40164223
0.40163857
0.40163463
0.40162963
0.40162325
0.40161526
0.4016061
0.40159628
0.40158647
0.4015771
0.40156835
0.40156066
0.40155426
0.40154913
0.40154558
0.40154377
0.40154383
0.40154564
0.4015491
0.4015541
0.4015603
0.4015675
0.4015755
0.40158415
0.40159324
0.40160277
0.40161276
0.40162307
0.4016335
0.40164366
0.40165332
0.4016622
0.40167016
0.40167657
0.40168086
0.40168226
0.40168035
0.40167534
0.40166754
0.40165776
0.4016468
0.40163535
0.40162387
0.40161276
0.401602
0.4015921
0.40158308
0.40157494
0.4015677
0.4015611
0.40155524
0.40155
0.40154558
0.40154234
0.4015403
0.4015397
0.4015409
0.40154386
0.40154874
0.40155542
0.40156394
0.40157402
0.40158528
0.40159708
0.40160844
0.40161803
0.4016249
0.40162846
0.40162858
0.40162545
0.4016198
0.40161252
0.40160468
0.40159717
0.40159035
0.40158418
0.4015782
0.40157127
0.40156278
0.40155223
0.40153968
0.40152594
0.4015122
0.4014998
0.40149003
0.40148374
0.4014816
0.401484
0.40149087
0.40150222
0.4015176
0.40153673
0.4015588
0.40158257
0.40160653
0.4016289
0.40164787
0.40166193
0.4016703
0.40167263
0.4016693
0.40166134
0.40165034
0.4016381
0.40162635
0.40161678
0.4016104
0.40160772
0.4016086
0.40161234
0.4016179
0.4016237
0.40162846
0.40163115
0.40163115
0.40162832
0.40162307
0.40161622
0.40160862
0.40160108
0.4015941
0.4015881
0.40158308
0.40157884
0.40157512
0.40157148
0.4015677
0.40156376
0.40156004
0.40155703
0.4015551
0.40155506
0.40155736
0.40156215
0.4015696
0.40157938
0.40159136
0.40160534
0.4016209
0.4016378
0.40165552
0.40167356
0.40169078
0.40170613
0.40171865
0.4017276
0.40173268
0.40173408
0.40173277
0.40172967
0.40172622
0.4017236
0.40172273
0.40172416
0.401728
0.4017342
0.40174225
0.401752
0.40176308
0.4017748
0.40178648
0.40179724
0.40180627
0.40181303
0.4018174
0.40181932
0.40181884
0.40181625
0.40181163
0.40180504
0.40179613
0.4017847
0.40177053
0.40175375
0.40173483
0.40171462
0.40169427
0.4016752
0.4016589
0.4016465
0.4016387
0.4016353
0.4016357
0.40163884
0.40164334
0.4016477
0.40165076
0.40165195
0.40165135
0.40164936
0.40164682
0.4016444
0.40164232
0.4016406
0.4016389
0.4016365
0.4016332
0.40162885
0.4016238
0.40161863
0.40161407
0.40161076
0.401609
0.4016085
0.4016089
0.4016097
0.4016102
0.40161046
0.40161052
0.4016107
0.40161127
0.4016124
0.40161404
0.40161592
0.40161774
0.4016195
0.40162086
0.40162155
0.4016212
0.4016196
0.4016172
0.4016143
0.40161115
0.40160817
0.40160555
0.40160364
0.40160298
0.40160415
0.4016073
0.40161252
0.4016195
0.4016276
0.40163636
0.40164483
0.40165222
0.40165767
0.40166098
0.4016623
0.4016621
0.4016616
0.40166172
0.4016633
0.4016668
0.40167236
0.40167958
0.4016877
0.40169573
0.4017029
0.40170848
0.4017124
0.40171492
0.4017165
0.40171757
0.40171877
0.4017201
0.40172166
0.40172362
0.4017263
0.4017297
0.4017338
0.4017385
0.40174326
0.40174806
0.4017526
0.40175715
0.4017621
0.40176812
0.4017755
0.4017845
0.40179446
0.40180463
0.40181386
0.401821
0.40182492
0.40182492
0.40182033
0.4018111
0.4017973
0.4017795
0.4017588
0.40173632
0.4017135
0.40169165
0.4016714
0.40165338
0.40163743
0.40162292
0.4016092
0.40159523
0.40158036
0.4015642
0.40154687
0.40152892
0.4015111
0.4014941
0.40147883
0.401466
0.40145618
0.40144977
0.4014468
0.40144688
0.40144977
0.40145472
0.40146112
0.40146816
0.40147528
0.40148222
0.40148893
0.4014959
0.4015036
0.4015124
0.40152237
0.40153337
0.40154517
0.40155736
0.40156934
0.4015802
0.40158936
0.40159622
0.40160066
0.40160304
0.40160406
0.4016042
0.40160415
0.40160394
0.40160385
0.4016039
0.4016041
0.40160424
0.40160424
0.40160412
0.4016038
0.40160385
0.40160474
0.40160728
0.4016121
0.40162003
0.40163144
0.4016464
0.40166453
0.40168476
0.40170553
0.40172508
0.40174165
0.40175343
0.4017593
0.40175846
0.40175065
0.40173602
0.40171522
0.40168935
0.4016597
0.40162805
0.40159622
0.4015658
0.40153813
0.401514
0.4014936
0.40147713
0.40146434
0.40145478
0.40144795
0.4014433
0.40144035
0.40143865
0.4014378
0.40143755
0.40143803
0.4014391
0.40144065
0.4014426
0.40144482
0.40144697
0.4014496
0.40145284
0.4014572
0.40146294
0.40147033
0.40147915
0.4014892
0.4015
0.4015109
0.4015216
0.40153152
0.40154067
0.4015493
0.40155813
0.40156797
0.4015794
0.40159273
0.40160772
0.4016237
0.40163943
0.40165335
0.40166426
0.40167114
0.40167382
0.40167227
0.40166724
0.4016596
0.40165085
0.40164202
0.4016346
0.40162954
0.4016277
0.40162936
0.4016347
0.40164366
0.40165597
0.401671
0.40168774
0.4017051
0.4017216
0.40173584
0.40174663
0.40175316
0.40175498
0.4017517
0.40174344
0.40173063
0.40171427
0.4016956
0.4016764
0.40165827
0.4016427
0.4016306
0.4016225
0.40161812
0.40161693
0.40161788
0.4016198
0.40162167
0.4016228
0.4016226
0.40162095
0.40161818
0.40161464
0.4016108
0.40160722
0.40160468
0.40160415
0.40160647
0.40161237
0.40162212
0.40163547
0.40165144
0.4016687
0.40168515
0.40169907
0.40170863
0.4017129
0.40171131
0.40170407
0.40169173
0.40167558
0.40165684
0.40163714
0.4016177
0.40159944
0.40158296
0.40156847
0.40155613
0.40154648
0.40153956
0.40153536
0.40153372
0.40153456
0.40153757
0.4015424
0.40154833
0.4015548
0.40156078
0.40156528
0.4015677
0.40156767
0.4015652
0.40156078
0.40155494
0.4015483
0.40154117
0.4015337
0.40152618
0.40151852
0.40151104
0.40150392
0.4014977
0.40149263
0.40148932
0.40148836
0.40149024
0.4014954
0.40150416
0.40151665
0.4015327
0.401552
0.40157402
0.40159804
0.4016236
0.40165007
0.4016772
0.40170464
0.40173185
0.40175837
0.40178356
0.40180653
0.40182653
0.40184292
0.40185517
0.40186298
0.4018662
0.4018647
0.4018587
0.4018484
0.4018342
0.40181634
0.4017955
0.40177238
0.4017476
0.40172237
0.40169778
0.40167516
0.4016557
0.40163994
0.40162814
0.40161976
0.4016142
0.40161037
0.40160733
0.40160424
0.4016006
0.40159613
0.40159082
0.40158442
0.40157703
0.40156856
0.40155897
0.4015486
0.40153742
0.40152583
0.4015144
0.40150407
0.4014953
0.4014889
0.40148512
0.40148413
0.40148598
0.4014905
0.4014977
0.40150774
0.40152064
0.40153646
0.40155494
0.4015757
0.4015979
0.40162027
0.4016415
0.40166023
0.40167525
0.40168548
0.4016902
0.40168902
0.40168226
0.40167052
0.40165472
0.40163583
0.40161532
0.40159434
0.4015739
0.40155494
0.4015383
0.4015244
0.40151373
0.40150642
0.40150264
0.40150222
0.40150458
0.40150914
0.40151495
0.4015212
0.40152705
0.40153176
0.40153491
0.40153658
0.40153748
0.4015384
0.40154028
0.40154383
0.40154937
0.40155682
0.40156564
0.40157503
0.40158364
0.4015905
0.4015945
0.40159506
0.4015922
0.4015862
0.40157804
0.4015683
0.4015578
0.40154678
0.40153575
0.4015249
0.40151468
0.40150538
0.40149724
0.4014903
0.40148452
0.40147948
0.40147498
0.4014708
0.40146685
0.40146306
0.40145987
0.40145752
0.4014563
0.40145642
0.4014579
0.40146062
0.40146452
0.4014694
0.40147513
0.4014817
0.40148917
0.4014975
0.40150666
0.4015166
0.40152723
0.40153867
0.40155104
0.4015644
0.40157852
0.40159282
0.4016067
0.40161955
0.401631
0.40164104
0.40165034
0.4016598
0.4016704
0.40168285
0.40169773
0.4017147
0.4017332
0.40175223
0.40177068
0.4017874
0.4018012
0.40181136
0.4018171
0.40181807
0.40181395
0.40180463
0.4017902
0.40177107
0.40174797
0.40172184
0.4016941
0.4016663
0.40164033
0.40161765
0.40159968
0.4015873
0.40158078
0.40157992
0.40158403
0.4015922
0.40160334
0.40161607
0.40162906
0.40164182
0.4016538
0.40166527
0.40167665
0.40168807
0.40169972
0.40171143
0.40172264
0.40173244
0.40173978
0.40174398
0.40174437
0.4017408
0.4017332
0.40172186
0.40170753
0.40169066
0.40167224
0.4016534
0.40163526
0.40161884
0.40160477
0.40159324
0.401584
0.40157658
0.40157032
0.401565
0.40156028
0.4015564
0.40155342
0.40155149
0.4015512
0.40155277
0.40155646
0.40156224
0.40156978
0.40157855
0.40158767
0.40159616
0.4016032
0.4016081
0.40161055
0.40161106
0.40161046
0.4016097
0.40160957
0.4016108
0.40161365
0.40161812
0.40162385
0.4016302
0.40163642
0.4016419
0.4016463
0.40164948
0.40165174
0.40165332
0.40165445
0.40165535
0.40165645
0.4016585
0.4016621
0.40166798
0.40167654
0.4016879
0.40170136
0.40171635
0.40173158
0.40174606
0.40175888
0.40176937
0.40177715
0.40178195
0.401784
0.4017842
0.40178394
0.40178522
0.4017908
0.4018042
0.4018298
0.40187374
0.40194446
0.40205383
0.40221804
0.40246174
0.40281525
0.40332103
0.4040374
0.4050433
0.40644532
0.40838543
0.41108462
0.4147659
0.4197385
0.42647552
0.43561846
0.44777754
