0.44250318
0.43197653
0.42407733
0.4181275
0.41368392
0.41040123
0.4079951
0.4062245
0.4049275
0.4039846
0.40329856
0.40280047
0.40243903
0.40217635
0.40198484
0.40184447
0.40174133
0.40166524
0.40160903
0.40156737
0.40153626
0.40151268
0.40149444
0.40148038
0.40146992
0.40146318
0.40146062
0.40146258
0.40146935
0.40148085
0.40149692
0.4015168
0.40153968
0.40156436
0.40158963
0.40161413
0.40163645
0.40165532
0.4016698
0.40167978
0.40168586
0.40168908
0.40169114
0.4016936
0.4016976
0.4017037
0.40171167
0.40172058
0.40172902
0.40173554
0.40173867
0.40173778
0.40173241
0.40172297
0.40171006
0.40169498
0.40167895
0.40166318
0.4016488
0.40163645
0.40162686
0.40162003
0.40161595
0.4016139
0.40161285
0.40161157
0.40160865
0.40160316
0.40159437
0.40158224
0.40156725
0.40155038
0.40153262
0.4015152
0.40149903
0.40148494
0.4014736
0.40146548
0.40146112
0.40146095
0.40146548
0.4014752
0.40149042
0.40151134
0.4015379
0.4015696
0.4016055
0.4016444
0.40168455
0.401724
0.40176094
0.40179387
0.40182143
0.40184274
0.40185726
0.40186477
0.40186518
0.4018589
0.40184626
0.40182793
0.40180477
0.40177807
0.40174916
0.4017194
0.40169027
0.4016632
0.40163916
0.40161893
0.4016032
0.40159267
0.4015874
0.40158704
0.40159073
0.40159714
0.40160483
0.4016121
0.4016176
0.40162048
0.40162063
0.40161824
0.40161407
0.40160894
0.40160364
0.40159872
0.4015943
0.40159023
0.40158617
0.4015817
0.40157673
0.4015713
0.40156522
0.4015589
0.40155274
0.4015475
0.401544
0.40154338
0.40154633
0.40155357
0.40156546
0.4015823
0.40160397
0.4016302
0.40166035
0.4016937
0.40172902
0.4017653
0.40180147
0.4018366
0.40186986
0.4019006
0.40192822
0.40195236
0.40197307
0.4019903
0.40200442
0.40201578
0.40202466
0.4020312
0.40203574
0.4020383
0.40203887
0.4020376
0.4020345
0.40202978
0.40202382
0.40201673
0.40200898
0.40200052
0.40199143
0.40198156
0.40197057
0.40195808
0.4019436
0.40192676
0.4019071
0.40188423
0.4018581
0.401829
0.40179738
0.4017641
0.40173003
0.40169638
0.40166393
0.4016333
0.40160477
0.40157855
0.4015548
0.401534
0.4015167
0.40150374
0.40149578
0.40149322
0.4014962
0.40150464
0.4015179
0.4015353
0.40155557
0.40157744
0.4015991
0.40161887
0.40163496
0.40164605
0.40165135
0.40165055
0.40164405
0.4016325
0.40161714
0.40159908
0.40157932
0.4015589
0.40153852
0.40151894
0.40150073
0.4014848
0.40147135
0.40146124
0.40145463
0.40145183
0.40145302
0.4014583
0.40146768
0.40148118
0.4014987
0.40151986
0.40154415
0.40157065
0.401598
0.4016247
0.40164915
0.4016698
0.4016857
0.40169653
0.40170208
0.40170285
0.4016996
0.40169317
0.40168455
0.40167466
0.40166438
0.40165442
0.4016453
0.40163755
0.40163147
0.40162754
0.40162605
0.40162724
0.40163115
0.40163743
0.40164575
0.40165555
0.40166605
0.4016764
0.40168574
0.40169397
0.40170074
0.4017063
0.40171093
0.40171486
0.40171808
0.4017203
0.401721
0.40171945
0.40171468
0.4017057
0.401692
0.40167326
0.40165004
0.4016232
0.40159404
0.40156403
0.40153474
0.40150753
0.4014836
0.40146354
0.4014477
0.40143603
0.4014284
0.40142456
0.40142402
0.4014262
0.4014306
0.40143636
0.4014429
0.40144935
0.40145513
0.40145984
0.40146318
0.40146515
0.40146577
0.40146554
0.4014651
0.40146497
0.40146583
0.40146834
0.40147284
0.40147948
0.40148833
0.40149912
0.40151176
0.40152606
0.40154168
0.4015581
0.4015746
0.40159065
0.40160543
0.4016187
0.40163067
0.40164214
0.40165418
0.40166777
0.4016837
0.40170228
0.40172324
0.4017458
0.40176868
0.40179056
0.4018102
0.4018263
0.40183774
0.4018438
0.40184382
0.40183777
0.40182573
0.4018083
0.4017862
0.4017608
0.40173346
0.40170598
0.40168002
0.4016575
0.40163976
0.40162772
0.40162206
0.4016227
0.4016292
0.40164074
0.401656
0.40167364
0.40169182
0.401709
0.40172374
0.40173513
0.40174282
0.4017467
0.40174693
0.4017438
0.4017373
0.4017274
0.40171427
0.40169814
0.40167955
0.40165913
0.40163815
0.40161765
0.4015988
0.40158254
0.40156916
0.40155888
0.4015513
0.40154603
0.40154275
0.4015409
0.40153983
0.40153882
0.4015374
0.40153515
0.40153223
0.401529
0.40152645
0.4015251
0.40152586
0.40152878
0.40153387
0.40154046
0.40154803
0.40155575
0.40156308
0.40156966
0.4015754
0.4015799
0.40158284
0.40158355
0.40158135
0.40157586
0.40156695
0.40155545
0.40154216
0.40152848
0.4015155
0.40150422
0.40149528
0.40148926
0.40148625
0.40148664
0.40149015
0.40149644
0.40150478
0.40151435
0.40152416
0.40153307
0.4015402
0.4015445
0.4015455
0.40154296
0.40153742
0.40152967
0.40152058
0.40151083
0.40150127
0.4014927
0.40148562
0.40148053
0.40147752
0.40147686
0.40147895
0.40148392
0.40149185
0.40150264
0.40151566
0.4015302
0.40154496
0.40155837
0.40156943
0.4015769
0.4015805
0.40158027
0.40157685
0.40157086
0.40156335
0.40155488
0.40154663
0.40153924
0.40153357
0.40153027
0.4015293
0.40153039
0.40153274
0.40153536
0.40153733
0.40153787
0.40153655
0.4015337
0.4015297
0.4015252
0.40152058
0.40151614
0.40151203
0.40150803
0.40150422
0.40150064
0.40149716
0.40149388
0.40149096
0.40148845
0.40148643
0.40148476
0.40148342
0.40148237
0.40148163
0.40148127
0.40148154
0.40148312
0.4014869
0.40149376
0.4015046
0.40151995
0.40154028
0.40156537
0.40159464
0.4016273
0.40166232
0.40169847
0.40173423
0.40176818
0.40179896
0.4018258
0.40184802
0.40186542
0.401878
0.40188608
0.40188983
0.4018897
0.40188602
0.4018791
0.40186924
0.40185657
0.40184107
0.40182263
0.40180114
0.40177673
0.40174973
0.4017209
0.40169108
0.4016616
0.40163404
0.40160984
0.40159017
0.40157598
0.40156743
0.40156454
0.40156654
0.40157238
0.40158072
0.40159002
0.40159896
0.40160626
0.40161145
0.4016143
0.4016151
0.40161443
0.40161276
0.4016107
0.4016086
0.4016067
0.401605
0.40160343
0.401602
0.4016009
0.4016003
0.40160048
0.40160152
0.40160364
0.40160695
0.40161118
0.40161622
0.4016214
0.40162623
0.4016299
0.4016319
0.40163216
0.40163076
0.40162814
0.4016252
0.40162274
0.4016219
0.4016232
0.4016274
0.40163454
0.40164477
0.40165755
0.40167224
0.40168783
0.40170306
0.4017164
0.40172654
0.40173244
0.40173346
0.40172943
0.401721
0.40170914
0.40169522
0.40168092
0.40166786
0.4016575
0.40165055
0.40164745
0.4016479
0.40165108
0.40165576
0.40166047
0.40166405
0.40166545
0.40166447
0.4016611
0.40165597
0.40164998
0.40164402
0.40163904
0.40163565
0.40163395
0.40163368
0.40163404
0.40163413
0.40163317
0.4016307
0.40162668
0.4016215
0.40161598
0.4016111
0.40160763
0.40160605
0.4016064
0.4016083
0.401611
0.40161386
0.40161678
0.40161967
0.40162292
0.4016268
0.40163115
0.40163577
0.40163985
0.4016425
0.40164325
0.40164173
0.4016384
0.40163374
0.40162846
0.40162286
0.40161708
0.40161082
0.40160373
0.40159553
0.40158606
0.40157562
0.4015648
0.40155426
0.40154475
0.401537
0.40153173
0.40152967
0.4015315
0.40153775
0.4015488
0.40156487
0.40158564
0.40161037
0.4016379
0.40166664
0.40169472
0.40172058
0.4017425
0.40175945
0.4017705
0.40177536
0.4017739
0.40176636
0.40175354
0.40173635
0.40171596
0.40169367
0.40167096
0.40164885
0.40162826
0.4016097
0.40159333
0.40157896
0.4015662
0.4015544
0.40154302
0.40153176
0.40152076
0.4015106
0.40150177
0.401495
0.4014909
0.40148973
0.40149185
0.40149742
0.40150633
0.4015183
0.40153283
0.40154943
0.40156737
0.4015856
0.40160322
0.40161884
0.40163133
0.40163973
0.4016436
0.40164292
0.4016382
0.40163046
0.40162098
0.40161127
0.40160245
0.4015958
0.40159193
0.40159103
0.40159306
0.40159747
0.40160364
0.40161055
0.40161732
0.40162316
0.401628
0.40163195
0.40163594
0.40164047
0.4016459
0.40165195
0.4016581
0.4016633
0.40166664
0.4016675
0.40166548
0.4016607
0.40165362
0.40164497
0.4016357
0.4016269
0.4016191
0.40161264
0.40160757
0.40160397
0.40160167
0.40160048
0.4015998
0.40159893
0.40159732
0.4015946
0.40159088
0.4015868
0.4015829
0.40157956
0.40157703
0.40157536
0.40157458
0.4015748
0.4015757
0.4015775
0.40158018
0.40158352
0.40158784
0.4015933
0.40160027
0.40160948
0.40162143
0.40163627
0.40165344
0.40167236
0.40169168
0.4017099
0.4017256
0.4017372
0.40174368
0.40174457
0.40173978
0.40172997
0.4017162
0.4017
0.40168267
0.40166548
0.4016494
0.401635
0.40162253
0.401612
0.40160337
0.40159646
0.40159112
0.401587
0.40158382
0.4015812
0.40157887
0.40157658
0.40157428
0.40157226
0.4015706
0.40156934
0.40156814
0.40156665
0.4015647
0.40156224
0.4015593
0.40155613
0.4015531
0.40155062
0.40154958
0.40155062
0.4015546
0.40156186
0.40157261
0.40158632
0.40160227
0.40161926
0.40163612
0.40165192
0.4016661
0.40167853
0.40168932
0.40169838
0.4017053
0.40170962
0.40171078
0.40170842
0.4017025
0.40169325
0.4016814
0.40166742
0.40165177
0.40163472
0.40161663
0.40159783
0.40157866
0.40155962
0.40154123
0.4015239
0.40150815
0.40149468
0.40148395
0.40147626
0.40147188
0.40147093
0.40147316
0.40147862
0.40148705
0.40149832
0.40151182
0.40152696
0.40154272
0.40155807
0.40157178
0.40158263
0.40159008
0.40159386
0.4015946
0.40159318
0.40159085
0.4015887
0.40158758
0.40158787
0.40158954
0.40159205
0.40159467
0.4015966
0.4015972
0.40159634
0.40159437
0.40159193
0.4015897
0.40158832
0.40158784
0.40158826
0.40158886
0.40158904
0.40158802
0.40158555
0.4015817
0.4015769
0.40157214
0.4015681
0.40156564
0.40156493
0.40156618
0.40156904
0.401573
0.40157777
0.4015829
0.40158856
0.40159512
0.40160322
0.40161303
0.4016245
0.40163717
0.40165007
0.4016621
0.40167192
0.4016788
0.40168226
0.40168235
0.40167955
0.4016746
0.40166825
0.40166146
0.40165454
0.4016477
0.40164077
0.40163356
0.40162566
0.4016169
0.4016074
0.40159714
0.40158653
0.40157613
0.4015662
0.40155706
0.401549
0.4015422
0.40153643
0.4015319
0.40152887
0.4015275
0.40152815
0.40153104
0.40153626
0.401544
0.40155393
0.40156558
0.40157813
0.40159047
0.4016013
0.4016092
0.40161297
0.40161175
0.40160558
0.40159464
0.40157998
0.40156275
0.40154427
0.40152586
0.40150833
0.4014924
0.40147856
0.4014672
0.4014585
0.40145272
0.40145
0.40145043
0.40145394
0.40146023
0.40146914
0.40148038
0.40149397
0.40150988
0.40152818
0.4015487
0.401571
0.40159476
0.40161908
0.4016432
0.4016657
0.40168533
0.4017011
0.40171242
0.4017192
0.40172204
0.40172184
0.40171966
0.4017166
0.4017135
0.40171105
0.4017095
0.40170935
0.4017108
0.4017142
0.4017194
0.40172586
0.4017325
0.40173817
0.40174174
0.4017426
0.4017406
0.40173602
0.40172943
0.40172166
0.4017132
0.40170437
0.40169555
0.4016871
0.40167955
0.4016736
0.40167013
0.40166974
0.40167248
0.401678
0.40168566
0.4016944
0.40170315
0.4017113
0.40171817
0.40172407
0.40172935
0.40173477
0.4017406
0.40174687
0.40175286
0.40175802
0.40176162
0.4017633
0.40176308
0.40176123
0.4017582
0.40175456
0.401751
0.40174812
0.40174636
0.40174577
0.4017465
0.40174854
0.40175167
0.40175512
0.40175775
0.40175804
0.40175462
0.40174642
0.401733
0.40171438
0.4016914
0.4016654
0.40163797
0.40161106
0.40158632
0.40156513
0.40154853
0.401537
0.4015308
0.40152964
0.40153295
0.40153953
0.40154824
0.4015578
0.40156674
0.40157393
0.40157863
0.40158084
0.4015811
0.40158042
0.40157974
0.40157983
0.4015809
0.4015827
0.40158463
0.40158576
0.4015852
0.4015823
0.40157673
0.4015689
0.40155947
0.40154964
0.40154064
0.40153342
0.4015289
0.4015274
0.401529
0.40153342
0.40154022
0.40154892
0.40155932
0.40157098
0.40158364
0.40159658
0.40160868
0.4016187
0.40162548
0.40162832
0.40162694
0.40162182
0.40161386
0.4016039
0.40159297
0.40158197
0.40157145
0.40156198
0.40155387
0.4015478
0.4015441
0.40154323
0.40154526
0.40154982
0.40155625
0.40156353
0.40157038
0.40157554
0.40157795
0.40157688
0.40157238
0.40156496
0.40155536
0.40154463
0.40153387
0.40152422
0.40151662
0.4015114
0.40150884
0.4015086
0.40151066
0.40151465
0.40152046
0.40152833
0.4015387
0.40155208
0.4015685
0.40158802
0.40160987
0.40163293
0.40165564
0.40167627
0.40169302
0.40170452
0.40170997
0.401709
0.40170178
0.40168917
0.4016724
0.4016531
0.40163305
0.40161404
0.40159765
0.40158513
0.40157738
0.40157494
0.4015781
0.40158674
0.40160054
0.40161887
0.40164095
0.40166554
0.40169144
0.40171713
0.40174115
0.4017625
0.40178025
0.4017942
0.40180436
0.40181106
0.40181488
0.4018165
0.4018165
0.40181538
0.40181306
0.40180928
0.40180326
0.4017944
0.40178227
0.40176678
0.40174833
0.4017278
0.40170628
0.40168512
0.4016656
0.4016488
0.4016355
0.40162614
0.40162066
0.40161866
0.4016193
0.40162125
0.40162316
0.40162346
0.40162107
0.40161535
0.4016063
0.4015944
0.40158042
0.40156546
0.40155047
0.40153626
0.40152347
0.40151244
0.4015034
0.40149614
0.40149048
0.40148646
0.401484
0.40148342
0.40148497
0.40148914
0.40149626
0.4015064
0.40151954
0.4015354
0.40155387
0.40157467
0.40159792
0.40162352
0.4016511
0.40167996
0.40170875
0.40173617
0.4017607
0.40178123
0.40179682
0.40180674
0.40181077
0.40180898
0.40180188
0.4017901
0.40177485
0.4017573
0.40173858
0.4017197
0.4017012
0.4016832
0.40166548
0.40164757
0.40162927
0.40161076
0.40159246
0.40157494
0.40155867
0.40154386
0.40153086
0.4015197
0.4015102
0.40150216
0.40149528
0.40148914
0.40148368
0.40147844
0.4014736
0.40146863
0.40146354
0.40145823
0.4014528
0.40144747
0.40144292
0.40144002
0.40143976
0.40144303
0.4014507
0.40146288
0.40147963
0.4015007
0.4015254
0.40155315
0.401583
0.40161383
0.4016445
0.4016737
0.4017005
0.40172386
0.40174353
0.40175962
0.4017725
0.40178272
0.40179065
0.40179643
0.40180007
0.401801
0.40179867
0.40179276
0.40178284
0.40176865
0.4017505
0.40172902
0.40170506
0.4016799
0.40165493
0.40163144
0.40161046
0.40159297
0.40157956
0.4015706
0.40156597
0.40156555
0.40156904
0.4015758
0.40158546
0.40159747
0.40161175
0.4016278
0.40164545
0.4016639
0.40168223
0.40169907
0.40171286
0.40172234
0.40172645
0.40172467
0.40171698
0.40170375
0.401686
0.40166488
0.4016418
0.40161806
0.40159506
0.40157378
0.40155473
0.40153822
0.40152434
0.4015128
0.40150362
0.4014964
0.401491
0.40148717
0.40148473
0.4014835
0.40148327
0.40148374
0.40148485
0.4014867
0.4014894
0.40149346
0.401499
0.40150613
0.4015146
0.40152362
0.40153226
0.4015397
0.40154526
0.40154862
0.4015501
0.4015498
0.40154782
0.4015442
0.401539
0.40153235
0.40152472
0.4015168
0.40150928
0.40150303
0.40149888
0.40149766
0.40149984
0.40150598
0.40151587
0.40152958
0.40154704
0.40156785
0.40159166
0.40161744
0.4016441
0.40167022
0.40169445
0.40171558
0.40173304
0.40174654
0.40175617
0.40176246
0.40176556
0.40176532
0.4017617
0.40175447
0.40174362
0.40172943
0.40171254
0.40169367
0.40167424
0.40165532
0.40163773
0.40162212
0.40160912
0.40159884
0.4015916
0.40158692
0.40158442
0.40158322
0.4015824
0.40158138
0.40157947
0.40157685
0.40157342
0.40156952
0.40156505
0.40156007
0.40155458
0.40154868
0.40154243
0.4015361
0.40152988
0.40152407
0.40151876
0.4015143
0.40151072
0.40150803
0.40150622
0.40150532
0.40150544
0.40150654
0.40150833
0.4015107
0.40151322
0.40151554
0.4015176
0.4015194
0.4015213
0.40152338
0.4015259
0.40152878
0.40153217
0.4015364
0.40154174
0.40154856
0.4015574
0.40156862
0.40158266
0.40159962
0.40161943
0.40164152
0.40166485
0.40168813
0.40170988
0.4017285
0.4017431
0.4017529
0.40175778
0.40175804
0.4017542
0.40174708
0.40173772
0.40172723
0.40171665
0.40170684
0.40169832
0.40169153
0.40168667
0.4016843
0.40168455
0.4016873
0.40169224
0.40169865
0.40170583
0.40171304
0.4017195
0.40172482
0.401729
0.40173227
0.40173525
0.4017386
0.40174264
0.4017473
0.40175214
0.40175632
0.40175888
0.401759
0.40175602
0.40174967
0.40173995
0.40172708
0.4017118
0.40169457
0.4016762
0.40165722
0.40163806
0.4016188
0.4015998
0.4015816
0.401565
0.40155074
0.4015396
0.40153217
0.401529
0.4015302
0.40153605
0.40154582
0.401559
0.40157446
0.4015907
0.4016063
0.40161985
0.40163046
0.40163764
0.4016417
0.40164334
0.40164366
0.40164378
0.40164468
0.40164724
0.40165222
0.40166
0.40167096
0.40168497
0.401702
0.40172133
0.40174273
0.4017657
0.40178984
0.4018147
0.40183958
0.40186396
0.40188697
0.4019081
0.4019267
0.40194213
0.4019543
0.4019629
0.40196797
0.4019694
0.40196696
0.40196064
0.40195018
0.40193558
0.4019169
0.40189427
0.40186808
0.4018391
0.40180793
0.40177602
0.40174466
0.40171558
0.40169054
0.40167147
0.40165958
0.40165594
0.4016607
0.4016733
0.40169263
0.40171716
0.40174487
0.40177372
0.40180182
0.40182766
0.40185022
0.40186888
0.40188345
0.40189385
0.4019
0.40190178
0.4018994
0.40189248
0.40188122
0.40186572
0.4018463
0.4018238
0.40179926
0.4017743
0.40175012
0.40172806
0.4017088
0.40169284
0.40168
0.40166995
0.4016621
0.4016558
0.40165025
0.40164477
0.40163904
0.40163326
0.40162814
0.40162468
0.40162405
0.40162724
0.4016349
0.4016473
0.40166402
0.40168405
0.40170598
0.40172794
0.40174818
0.40176496
0.40177706
0.4017835
0.40178397
0.4017784
0.4017673
0.40175152
0.4017322
0.4017109
0.40168935
0.40166917
0.40165177
0.40163836
0.40162957
0.40162557
0.40162617
0.40163052
0.40163743
0.40164584
0.4016542
0.40166178
0.40166798
0.40167278
0.40167654
0.40167987
0.401683
0.40168574
0.40168765
0.4016879
0.40168574
0.40168095
0.4016737
0.40166458
0.40165472
0.40164536
0.40163788
0.40163323
0.40163207
0.40163463
0.4016406
0.40164924
0.4016594
0.4016699
0.40167955
0.4016875
0.40169343
0.40169752
0.4017004
0.40170306
0.4017068
0.4017128
0.40172184
0.40173432
0.40174994
0.40176767
0.40178627
0.40180403
0.40181947
0.40183136
0.40183842
0.4018397
0.40183476
0.4018234
0.40180597
0.4017834
0.40175653
0.40172657
0.40169498
0.40166324
0.40163276
0.4016044
0.40157896
0.401557
0.40153864
0.40152422
0.40151414
0.40150842
0.40150708
0.40150943
0.4015146
0.40152147
0.40152866
0.40153497
0.40153953
0.4015421
0.4015426
0.40154165
0.40153986
0.40153787
0.40153626
0.4015356
0.40153626
0.40153864
0.40154287
0.40154892
0.40155685
0.40156633
0.4015767
0.4015874
0.4015975
0.4016062
0.40161267
0.40161672
0.40161812
0.40161762
0.40161562
0.40161267
0.4016089
0.4016044
0.40159878
0.40159237
0.40158564
0.4015797
0.4015758
0.4015753
0.40157914
0.40158784
0.4016014
0.40161917
0.40164012
0.40166253
0.4016847
0.4017049
0.40172142
0.4017332
0.40173963
0.40174055
0.4017363
0.40172777
0.401716
0.4017025
0.40168884
0.40167665
0.40166703
0.4016609
0.4016587
0.40166047
0.40166563
0.40167323
0.40168193
0.40169036
0.40169716
0.40170148
0.40170288
0.40170163
0.40169808
0.4016931
0.40168735
0.4016814
0.40167567
0.4016705
0.40166613
0.40166306
0.40166196
0.40166268
0.40166512
0.40166828
0.401671
0.40167192
0.4016698
0.40166393
0.4016539
0.40163985
0.4016225
0.40160286
0.40158218
0.40156174
0.4015427
0.40152588
0.4015121
0.4015017
0.40149477
0.40149152
0.40149185
0.4014956
0.4015026
0.40151244
0.4015247
0.40153867
0.40155366
0.40156886
0.40158382
0.40159857
0.4016137
0.40162984
0.4016477
0.40166777
0.40169054
0.4017161
0.40174487
0.40177765
0.40181682
0.40186608
0.40193152
0.40202218
0.4021503
0.40233278
0.40259445
0.40296447
0.40348437
0.4042115
0.40522337
0.40662587
0.40856093
0.41124943
0.41491604
0.41987044
0.4265855
0.4357051
0.44784024
