0.44255075
0.43203503
0.42414075
0.4181894
0.41373807
0.41044202
0.40801886
0.40622863
0.40491095
0.4039485
0.40324494
0.40273294
0.40236208
0.402095
0.40190402
0.40176874
0.40167415
0.4016092
0.4015659
0.40153855
0.40152296
0.40151602
0.40151533
0.40151906
0.40152544
0.40153292
0.40153995
0.40154523
0.40154767
0.40154675
0.4015424
0.401535
0.4015253
0.40151408
0.40150213
0.40149027
0.40147913
0.40146917
0.4014608
0.40145412
0.4014494
0.40144652
0.40144527
0.40144524
0.40144584
0.4014465
0.4014465
0.40144542
0.40144318
0.40144005
0.4014365
0.40143275
0.40142936
0.4014263
0.4014238
0.40142202
0.40142122
0.40142184
0.40142438
0.40142933
0.40143728
0.4014485
0.4014631
0.4014808
0.40150103
0.40152302
0.40154567
0.40156776
0.4015883
0.40160614
0.4016203
0.40162998
0.40163445
0.4016337
0.40162787
0.40161765
0.40160385
0.4015877
0.40157026
0.4015529
0.40153682
0.4015231
0.40151235
0.4015052
0.40150177
0.40150228
0.40150636
0.40151367
0.40152347
0.4015348
0.4015468
0.40155882
0.40157035
0.40158153
0.4015924
0.40160316
0.40161404
0.40162516
0.40163672
0.4016486
0.40166086
0.40167338
0.4016863
0.40169984
0.40171418
0.4017296
0.40174633
0.40176454
0.40178406
0.40180454
0.40182528
0.40184575
0.40186504
0.40188262
0.401898
0.40191066
0.40192053
0.4019274
0.40193123
0.40193206
0.4019301
0.40192547
0.40191823
0.40190852
0.40189645
0.4018824
0.40186673
0.4018501
0.40183336
0.40181735
0.40180326
0.4017919
0.4017839
0.40177923
0.4017774
0.40177736
0.4017781
0.40177897
0.4017792
0.40177882
0.4017779
0.40177688
0.4017766
0.4017777
0.40178055
0.4017851
0.4017907
0.40179655
0.40180147
0.40180418
0.4018037
0.40179908
0.40178987
0.4017759
0.4017575
0.4017357
0.4017118
0.40168753
0.40166473
0.40164506
0.40162975
0.40161946
0.4016145
0.40161434
0.40161848
0.40162557
0.40163437
0.40164325
0.40165076
0.40165576
0.40165776
0.40165672
0.40165332
0.40164855
0.4016439
0.40164095
0.401641
0.40164512
0.40165374
0.4016667
0.4016834
0.40170255
0.4017226
0.40174156
0.4017577
0.40176934
0.40177536
0.40177494
0.40176785
0.4017545
0.40173587
0.40171322
0.4016884
0.40166318
0.40163925
0.4016178
0.4015994
0.40158415
0.40157172
0.40156147
0.40155283
0.40154538
0.40153885
0.40153334
0.401529
0.40152615
0.40152493
0.40152553
0.40152824
0.4015331
0.40154
0.4015485
0.4015578
0.40156695
0.40157512
0.4015815
0.40158588
0.40158835
0.40158936
0.4015896
0.40158972
0.40159032
0.40159193
0.40159464
0.4015985
0.4016033
0.40160894
0.40161532
0.40162235
0.40162987
0.40163758
0.40164518
0.40165228
0.40165833
0.40166274
0.4016653
0.401666
0.40166512
0.40166327
0.4016611
0.40165895
0.4016569
0.40165442
0.40165085
0.4016454
0.40163776
0.401628
0.4016165
0.401604
0.40159112
0.40157822
0.40156567
0.40155387
0.40154323
0.401534
0.4015265
0.40152088
0.40151703
0.40151504
0.4015147
0.40151578
0.40151784
0.40152055
0.40152362
0.40152705
0.40153098
0.4015353
0.40154013
0.40154576
0.40155217
0.40155944
0.40156728
0.4015752
0.40158278
0.40158966
0.4015959
0.40160167
0.40160766
0.40161446
0.4016225
0.4016321
0.40164334
0.4016558
0.4016693
0.40168285
0.4016954
0.40170532
0.40171137
0.40171257
0.40170828
0.40169844
0.40168336
0.4016638
0.40164125
0.4016174
0.4015943
0.4015736
0.40155685
0.401545
0.4015387
0.40153813
0.4015431
0.40155295
0.4015665
0.40158263
0.40159974
0.40161672
0.40163264
0.40164718
0.40166023
0.40167165
0.4016813
0.40168875
0.4016933
0.40169442
0.40169153
0.40168428
0.40167296
0.40165803
0.4016406
0.40162185
0.40160304
0.40158528
0.40156937
0.40155578
0.4015447
0.40153584
0.40152892
0.40152344
0.4015188
0.4015146
0.4015106
0.40150663
0.40150288
0.4014994
0.4014965
0.40149453
0.40149426
0.40149626
0.40150112
0.40150905
0.40151998
0.40153322
0.40154797
0.40156314
0.40157744
0.40158984
0.40159947
0.40160605
0.40160942
0.40160996
0.40160805
0.40160426
0.40159938
0.4015943
0.40158996
0.40158707
0.40158623
0.40158814
0.40159312
0.4016018
0.4016143
0.40163082
0.40165105
0.40167454
0.4017002
0.40172702
0.40175393
0.40178
0.40180457
0.4018271
0.40184727
0.4018648
0.4018794
0.4018909
0.40189922
0.40190417
0.40190575
0.40190393
0.40189883
0.40189055
0.4018791
0.40186462
0.40184695
0.40182593
0.40180176
0.40177444
0.40174446
0.4017125
0.40167966
0.4016471
0.4016162
0.4015881
0.40156376
0.4015438
0.40152827
0.40151724
0.40151057
0.4015079
0.4015091
0.40151355
0.40152067
0.4015296
0.4015395
0.40154925
0.4015582
0.40156594
0.40157253
0.40157813
0.401583
0.40158725
0.40159073
0.40159363
0.40159598
0.401598
0.40159962
0.40160063
0.4016007
0.40159988
0.40159833
0.40159646
0.40159482
0.401594
0.40159416
0.40159526
0.40159687
0.4015985
0.4015993
0.40159863
0.40159613
0.4015919
0.4015862
0.40157962
0.40157276
0.401566
0.4015594
0.40155292
0.40154618
0.40153867
0.4015302
0.40152094
0.4015114
0.40150255
0.40149513
0.40149015
0.40148833
0.4014898
0.40149456
0.4015021
0.40151176
0.40152252
0.40153334
0.40154308
0.4015509
0.4015564
0.40155998
0.40156212
0.4015635
0.40156478
0.40156633
0.40156862
0.40157205
0.40157673
0.40158263
0.40158957
0.40159705
0.4016044
0.40161073
0.40161502
0.4016166
0.40161517
0.40161082
0.40160406
0.40159565
0.40158638
0.40157697
0.40156803
0.40156016
0.401554
0.40155
0.40154865
0.40155017
0.40155476
0.40156245
0.40157315
0.40158674
0.4016027
0.4016202
0.40163866
0.40165734
0.40167537
0.40169173
0.40170512
0.40171453
0.4017192
0.40171877
0.40171334
0.40170324
0.40168935
0.4016727
0.4016543
0.40163508
0.40161586
0.40159726
0.4015802
0.40156573
0.4015543
0.40154663
0.4015427
0.40154257
0.40154582
0.40155146
0.40155867
0.40156606
0.40157267
0.40157786
0.40158126
0.40158322
0.40158436
0.40158546
0.40158743
0.40159094
0.40159664
0.40160477
0.4016152
0.40162724
0.40163988
0.401652
0.4016626
0.40167052
0.40167493
0.4016748
0.4016699
0.4016605
0.4016474
0.40163213
0.40161633
0.40160158
0.40158904
0.4015794
0.40157282
0.40156934
0.4015685
0.40157026
0.40157455
0.40158185
0.40159237
0.40160647
0.40162405
0.40164497
0.40166855
0.40169367
0.40171924
0.40174383
0.4017662
0.40178558
0.4018013
0.40181324
0.40182123
0.40182552
0.4018264
0.40182453
0.4018202
0.401814
0.40180647
0.40179822
0.4017899
0.40178198
0.40177453
0.40176722
0.40175933
0.40175003
0.40173897
0.4017257
0.40171024
0.4016931
0.4016746
0.40165547
0.40163618
0.40161738
0.40159962
0.40158358
0.40156966
0.40155816
0.40154916
0.4015427
0.40153864
0.40153652
0.40153593
0.40153593
0.40153593
0.40153545
0.40153435
0.40153295
0.40153158
0.40153047
0.40152994
0.4015302
0.40153182
0.40153515
0.40154058
0.4015487
0.40155974
0.4015736
0.4015899
0.40160763
0.4016253
0.40164134
0.40165377
0.40166122
0.40166283
0.40165845
0.4016486
0.40163442
0.4016172
0.40159848
0.40157938
0.40156078
0.40154344
0.4015278
0.40151402
0.40150237
0.4014928
0.40148535
0.40148
0.40147632
0.40147385
0.40147212
0.40147072
0.40146932
0.40146795
0.4014668
0.40146625
0.4014668
0.40146863
0.4014724
0.40147838
0.4014871
0.40149906
0.40151444
0.4015331
0.40155455
0.401578
0.4016023
0.40162617
0.40164828
0.40166774
0.40168422
0.4016979
0.40170956
0.40172
0.40172988
0.40173966
0.40174907
0.4017578
0.40176526
0.4017714
0.40177628
0.4017803
0.40178388
0.40178755
0.40179157
0.40179574
0.40179968
0.4018023
0.4018026
0.4017996
0.40179268
0.40178183
0.40176743
0.40175027
0.40173176
0.40171322
0.4016961
0.4016814
0.4016699
0.40166157
0.40165624
0.4016534
0.40165266
0.4016535
0.40165523
0.40165716
0.40165848
0.40165827
0.4016563
0.4016523
0.40164635
0.40163863
0.40162906
0.4016179
0.40160516
0.40159115
0.40157625
0.40156132
0.40154713
0.40153465
0.40152448
0.40151727
0.40151352
0.40151373
0.40151802
0.40152645
0.4015389
0.4015548
0.40157318
0.40159276
0.40161192
0.401629
0.40164247
0.4016512
0.4016545
0.4016521
0.40164405
0.40163073
0.40161285
0.40159142
0.40156764
0.40154323
0.40151992
0.40149924
0.4014828
0.40147153
0.40146652
0.4014682
0.40147674
0.40149185
0.40151277
0.40153867
0.40156794
0.40159893
0.40162975
0.40165824
0.4016824
0.4017005
0.40171143
0.4017146
0.40171006
0.40169865
0.4016814
0.40165988
0.40163583
0.40161106
0.40158725
0.40156573
0.40154764
0.40153384
0.40152475
0.40152058
0.4015211
0.40152603
0.40153497
0.40154737
0.40156263
0.4015801
0.40159863
0.40161705
0.40163392
0.40164813
0.40165877
0.4016652
0.40166754
0.4016662
0.40166205
0.40165648
0.40165088
0.40164682
0.40164557
0.4016479
0.4016542
0.4016643
0.40167737
0.4016923
0.4017076
0.40172184
0.40173367
0.40174216
0.40174678
0.4017475
0.40174484
0.40173978
0.4017337
0.40172818
0.40172476
0.4017247
0.40172875
0.40173706
0.40174893
0.40176323
0.4017785
0.4017932
0.40180606
0.40181607
0.40182245
0.40182486
0.40182295
0.40181717
0.4018082
0.4017968
0.40178394
0.40177044
0.4017569
0.4017437
0.40173107
0.40171948
0.4017095
0.40170193
0.40169734
0.40169606
0.40169778
0.40170184
0.401707
0.40171167
0.40171444
0.4017141
0.40171006
0.40170243
0.40169182
0.4016794
0.40166655
0.4016546
0.40164468
0.40163743
0.4016334
0.40163264
0.40163475
0.40163967
0.40164706
0.40165657
0.40166765
0.40167952
0.40169114
0.40170157
0.40171018
0.40171665
0.40172106
0.40172407
0.40172628
0.4017285
0.40173092
0.40173337
0.40173534
0.40173572
0.40173367
0.40172848
0.40171984
0.40170822
0.40169445
0.40167996
0.40166613
0.4016541
0.4016447
0.40163827
0.401635
0.40163428
0.4016354
0.40163717
0.40163848
0.40163854
0.40163705
0.40163422
0.4016307
0.40162718
0.40162453
0.4016232
0.40162346
0.401625
0.40162736
0.40162984
0.40163186
0.40163332
0.40163463
0.4016365
0.40163973
0.40164506
0.40165266
0.4016622
0.40167278
0.4016828
0.40169066
0.4016949
0.40169457
0.40168908
0.40167874
0.40166435
0.4016471
0.40162835
0.40160936
0.40159127
0.40157488
0.40156093
0.40154985
0.40154147
0.40153533
0.401531
0.40152782
0.40152535
0.4015238
0.40152356
0.40152535
0.4015298
0.4015372
0.4015476
0.40156052
0.40157506
0.40158996
0.4016042
0.4016166
0.40162662
0.40163407
0.4016393
0.4016426
0.401644
0.4016436
0.401641
0.40163592
0.40162808
0.40161774
0.4016056
0.40159273
0.40158045
0.40157
0.4015625
0.40155882
0.40155953
0.40156487
0.40157494
0.40158924
0.401607
0.40162715
0.40164855
0.4016701
0.40169087
0.40171045
0.40172884
0.4017469
0.40176615
0.40178922
0.40181997
0.40186352
0.4019266
0.402018
0.4021494
0.40233627
0.40260246
0.40297613
0.40349862
0.40422735
0.40524033
0.40664393
0.40858012
0.4112696
0.41493666
0.41989052
0.42660394
0.43572056
0.44785178
