0.442565
0.4320595
0.4241809
0.4182514
0.4138272
0.41056305
0.40817255
0.4064143
0.40512648
0.40418893
0.40350515
0.40300688
0.4026439
0.40237927
0.40218607
0.40204495
0.40194163
0.40186563
0.4018092
0.40176624
0.40173194
0.40170223
0.40167424
0.40164617
0.40161747
0.40158817
0.40155917
0.40153158
0.40150622
0.40148413
0.40146595
0.40145218
0.40144286
0.40143797
0.401437
0.40143958
0.40144503
0.40145248
0.4014612
0.40147007
0.40147826
0.40148494
0.4014899
0.40149316
0.4014952
0.4014965
0.4014975
0.40149868
0.4015
0.40150136
0.40150255
0.40150347
0.40150407
0.40150452
0.4015045
0.40150416
0.40150347
0.40150288
0.40150297
0.4015046
0.40150854
0.40151533
0.40152544
0.40153894
0.4015559
0.40157607
0.40159878
0.4016229
0.40164706
0.40166962
0.40168935
0.40170524
0.40171698
0.401725
0.40172997
0.40173307
0.4017353
0.4017374
0.40173978
0.40174228
0.40174457
0.40174595
0.40174595
0.40174425
0.40174055
0.401735
0.4017278
0.40171903
0.4017089
0.40169734
0.40168437
0.40167043
0.40165615
0.4016424
0.4016301
0.40161997
0.4016125
0.40160793
0.40160632
0.40160772
0.40161225
0.40161988
0.40163028
0.40164307
0.4016576
0.4016731
0.40168917
0.40170515
0.4017205
0.4017345
0.40174615
0.4017547
0.40175942
0.40175983
0.4017558
0.40174755
0.40173566
0.40172118
0.40170535
0.40168944
0.4016747
0.40166184
0.40165135
0.40164334
0.40163735
0.40163308
0.4016301
0.40162817
0.40162727
0.40162715
0.40162745
0.40162754
0.40162656
0.40162385
0.40161872
0.40161115
0.40160134
0.40158996
0.40157813
0.40156677
0.40155676
0.40154874
0.40154317
0.40154013
0.4015391
0.40153986
0.4015419
0.40154475
0.40154815
0.40155202
0.4015563
0.40156132
0.40156725
0.40157455
0.40158334
0.4015935
0.401605
0.4016173
0.4016302
0.40164334
0.40165657
0.40166995
0.40168366
0.40169755
0.40171123
0.401724
0.40173498
0.40174338
0.4017483
0.40174925
0.40174615
0.40173927
0.40172914
0.40171677
0.401703
0.40168902
0.40167567
0.401664
0.40165478
0.4016484
0.40164527
0.4016453
0.40164813
0.40165305
0.4016589
0.4016644
0.40166855
0.40167034
0.40166968
0.4016668
0.40166262
0.40165824
0.40165517
0.4016551
0.40166014
0.40167275
0.40169576
0.4017327
0.40178782
0.40186664
0.40197656
0.40212762
0.40233508
0.40262008
0.4030111
0.403549
0.40429074
0.40531388
0.4067242
0.40866336
0.41135183
0.41501442
0.41996074
0.4266638
0.43576825
0.4478865
