0.44252187
0.43200257
0.42411152
0.41817072
0.4137365
0.41046387
0.4080676
0.40630677
0.40502
0.4040881
0.4034146
0.40293095
0.40258583
0.40234062
0.4021665
0.40204224
0.40195227
0.40188542
0.4018339
0.4017925
0.40175793
0.40172827
0.40170282
0.4016812
0.40166363
0.40165034
0.40164155
0.40163732
0.40163746
0.40164113
0.40164736
0.40165472
0.4016615
0.40166646
0.40166876
0.40166783
0.4016638
0.40165725
0.4016493
0.40164122
0.4016344
0.4016301
0.40162933
0.40163276
0.4016406
0.4016527
0.40166834
0.40168628
0.40170524
0.4017235
0.40173995
0.40175372
0.40176433
0.40177193
0.40177733
0.40178183
0.40178752
0.40179712
0.40181428
0.4018438
0.40189224
0.40196872
0.4020855
0.40225908
0.4025142
0.4028802
0.4033991
0.40412858
0.40514642
0.40655807
0.4085044
0.4112055
0.4148838
0.4198482
0.42657188
0.4356969
0.44783524
