0.4425314
0.43201065
0.42411312
0.41816056
0.41370964
0.41041538
0.4079949
0.40620786
0.40489355
0.40393424
0.40323365
0.40272397
0.40235478
0.4020885
0.4018974
0.40176108
0.40166458
0.40159705
0.40155074
0.40151995
0.40150085
0.4014904
0.40148664
0.4014881
0.40149376
0.40150285
0.40151483
0.4015293
0.40154612
0.4015653
0.40158668
0.40161
0.40163457
0.40165952
0.40168378
0.4017063
0.40172622
0.40174234
0.40175346
0.40175888
0.40175804
0.40175113
0.40173867
0.4017216
0.40170118
0.40167874
0.4016552
0.40163183
0.40160963
0.4015896
0.4015726
0.40155935
0.40155044
0.40154627
0.4015471
0.40155315
0.40156454
0.4015812
0.40160298
0.40162915
0.40165862
0.40168995
0.4017213
0.4017509
0.40177682
0.4017977
0.4018123
0.40182003
0.40182054
0.40181416
0.40180156
0.40178397
0.40176287
0.40174004
0.40171766
0.40169755
0.4016812
0.4016695
0.40166256
0.4016599
0.40166053
0.40166295
0.4016656
0.40166706
0.40166646
0.40166357
0.40165854
0.40165192
0.40164453
0.40163743
0.4016314
0.40162683
0.40162376
0.401622
0.40162107
0.4016202
0.40161857
0.40161577
0.40161175
0.40160695
0.40160194
0.4015976
0.4015944
0.4015927
0.40159237
0.40159315
0.40159422
0.401595
0.40159494
0.40159392
0.4015923
0.4015904
0.40158877
0.4015878
0.40158775
0.4015888
0.40159124
0.40159506
0.4016005
0.4016077
0.4016164
0.40162617
0.40163642
0.4016464
0.40165532
0.40166235
0.40166712
0.40166962
0.40166995
0.40166876
0.40166694
0.40166533
0.40166464
0.40166515
0.40166673
0.40166903
0.40167168
0.4016746
0.40167773
0.401681
0.40168428
0.40168738
0.40168986
0.40169144
0.40169188
0.40169132
0.40169024
0.40168953
0.40169054
0.40169457
0.40170258
0.40171528
0.4017328
0.40175474
0.40178043
0.40180886
0.40183917
0.40186998
0.4019002
0.40192902
0.40195557
0.40197966
0.40200096
0.40201935
0.40203518
0.40204862
0.40205985
0.40206915
0.4020766
0.40208235
0.4020868
0.40209028
0.40209338
0.40209663
0.40210086
0.40210703
0.40211642
0.4021305
0.4021514
0.40218195
0.40222612
0.40228933
0.40237936
0.40250713
0.40268794
0.40294427
0.40330768
0.4038182
0.4045334
0.405531
0.40691704
0.40883312
0.41149893
0.4151408
0.4200672
0.42674923
0.43583456
0.4479342
