0.4425402
0.43202457
0.42413425
0.41819113
0.4137516
0.41047025
0.40806258
0.406288
0.4049856
0.40403706
0.40334585
0.40284398
0.4024805
0.40221742
0.4020269
0.40188867
0.40178835
0.40171582
0.401664
0.401628
0.4016043
0.4015905
0.4015848
0.4015853
0.4015906
0.40159896
0.4016088
0.40161857
0.4016269
0.401633
0.4016366
0.40163806
0.40163812
0.40163773
0.4016378
0.40163916
0.40164226
0.40164745
0.40165466
0.4016635
0.4016735
0.40168396
0.40169445
0.4017044
0.4017133
0.40172073
0.40172672
0.40173134
0.40173474
0.4017369
0.40173766
0.4017369
0.40173423
0.40172938
0.40172195
0.40171203
0.4017
0.40168703
0.40167433
0.40166387
0.4016569
0.4016545
0.40165734
0.40166536
0.4016782
0.40169472
0.4017135
0.4017326
0.40175
0.40176395
0.40177277
0.40177545
0.40177158
0.40176105
0.40174457
0.40172303
0.40169805
0.4016714
0.40164503
0.4016208
0.40160036
0.40158486
0.40157512
0.40157124
0.40157282
0.40157896
0.40158856
0.40159994
0.40161183
0.40162292
0.40163225
0.40163916
0.40164328
0.40164435
0.40164274
0.401639
0.40163386
0.40162772
0.4016209
0.40161344
0.40160543
0.401597
0.40158847
0.4015801
0.40157196
0.4015641
0.40155676
0.4015499
0.4015438
0.40153867
0.4015352
0.4015339
0.40153518
0.401539
0.40154514
0.401553
0.40156206
0.40157175
0.4015818
0.40159214
0.40160254
0.40161276
0.40162224
0.40163043
0.40163693
0.40164173
0.4016453
0.4016483
0.40165156
0.4016554
0.40166026
0.40166605
0.4016725
0.4016797
0.40168738
0.40169582
0.40170494
0.40171477
0.40172467
0.40173388
0.4017414
0.4017463
0.40174806
0.4017466
0.40174243
0.40173647
0.40172997
0.40172434
0.40172058
0.40171924
0.40172023
0.40172288
0.40172595
0.40172797
0.40172765
0.40172416
0.40171698
0.40170643
0.40169308
0.401678
0.4016623
0.4016471
0.40163362
0.40162277
0.40161523
0.40161175
0.4016126
0.40161803
0.40162778
0.40164122
0.4016572
0.4016745
0.40169156
0.40170726
0.40172073
0.4017318
0.40174055
0.40174773
0.40175372
0.401759
0.4017635
0.4017667
0.40176782
0.40176606
0.40176097
0.40175256
0.40174103
0.40172702
0.4017111
0.40169373
0.40167534
0.40165633
0.4016372
0.4016184
0.40160075
0.4015847
0.4015707
0.40155864
0.40154856
0.4015401
0.40153307
0.40152732
0.4015227
0.40151933
0.40151757
0.4015179
0.40152055
0.4015258
0.40153363
0.4015439
0.40155625
0.40157014
0.4015852
0.401601
0.4016179
0.40163702
0.40166017
0.40169004
0.40173003
0.40178466
0.40185964
0.4019631
0.40210623
0.40230516
0.40258256
0.4029675
0.40350148
0.40424186
0.4052662
0.4066799
0.40862408
0.41131866
0.41498753
0.41993994
0.4266488
0.43575782
0.44787952
