0.4425711
0.4320613
0.4241717
0.4182236
0.41377404
0.41047853
0.4080548
0.40626374
0.4049456
0.40398356
0.40328142
0.40277156
0.40240338
0.40213904
0.40195078
0.40181792
0.40172526
0.4016616
0.40161902
0.40159148
0.40157488
0.40156615
0.40156302
0.40156403
0.40156826
0.40157452
0.40158182
0.4015893
0.40159613
0.4016016
0.4016051
0.4016063
0.40160528
0.40160227
0.40159756
0.40159136
0.40158394
0.40157565
0.4015671
0.40155888
0.40155146
0.40154526
0.4015403
0.40153652
0.40153354
0.401531
0.40152892
0.40152737
0.40152687
0.40152737
0.40152934
0.40153265
0.40153712
0.4015427
0.401549
0.40155575
0.40156272
0.40156993
0.40157726
0.40158486
0.4015926
0.40160018
0.401607
0.4016126
0.40161645
0.40161827
0.40161833
0.40161687
0.4016145
0.4016113
0.4016073
0.40160233
0.40159634
0.40158936
0.40158224
0.40157586
0.40157145
0.40156978
0.40157163
0.40157712
0.40158615
0.40159813
0.4016122
0.4016273
0.40164238
0.401656
0.4016668
0.40167373
0.4016762
0.40167412
0.40166792
0.40165862
0.40164754
0.40163586
0.401625
0.40161607
0.40160966
0.4016061
0.4016051
0.4016062
0.4016085
0.40161112
0.40161318
0.40161413
0.40161362
0.40161195
0.40160957
0.40160686
0.4016042
0.40160158
0.4015988
0.4015956
0.40159175
0.40158725
0.4015824
0.40157744
0.40157276
0.40156853
0.40156507
0.40156257
0.40156123
0.40156078
0.40156132
0.4015623
0.40156317
0.4015635
0.4015627
0.40156046
0.40155688
0.40155244
0.4015474
0.40154225
0.4015373
0.40153295
0.40152934
0.40152678
0.4015252
0.40152454
0.40152484
0.40152615
0.40152848
0.40153202
0.40153652
0.40154174
0.40154728
0.40155265
0.4015578
0.40156242
0.40156677
0.40157086
0.4015746
0.40157804
0.4015806
0.4015818
0.40158123
0.40157855
0.40157396
0.40156797
0.40156138
0.40155506
0.40155014
0.4015476
0.40154824
0.40155253
0.4015607
0.40157238
0.4015869
0.40160304
0.4016193
0.40163404
0.40164584
0.4016538
0.40165746
0.40165687
0.40165237
0.40164426
0.4016328
0.40161824
0.40160105
0.4015821
0.40156248
0.40154317
0.40152523
0.40150914
0.40149522
0.40148368
0.40147448
0.40146756
0.40146294
0.40146035
0.40145934
0.40145966
0.40146095
0.40146306
0.40146625
0.40147048
0.40147588
0.40148243
0.4014901
0.401499
0.40150926
0.4015208
0.4015335
0.40154722
0.40156153
0.40157613
0.40159017
0.4016027
0.40161276
0.4016197
0.40162328
0.40162367
0.40162155
0.4016179
0.4016137
0.40160972
0.40160653
0.40160447
0.4016036
0.40160388
0.4016054
0.40160817
0.40161192
0.40161628
0.40162072
0.40162486
0.4016281
0.40162995
0.40163007
0.4016284
0.40162534
0.40162158
0.40161797
0.40161508
0.4016132
0.4016123
0.4016121
0.401612
0.40161183
0.40161127
0.40161017
0.4016086
0.40160674
0.40160444
0.40160167
0.40159827
0.40159392
0.40158838
0.40158153
0.40157342
0.40156424
0.40155426
0.40154368
0.40153295
0.4015226
0.40151304
0.40150443
0.40149692
0.40149033
0.40148458
0.4014797
0.401476
0.40147394
0.40147403
0.40147713
0.40148377
0.40149462
0.4015099
0.40152982
0.40155423
0.4015829
0.40161532
0.40165082
0.40168813
0.40172595
0.4017623
0.4017956
0.40182438
0.40184754
0.40186444
0.40187463
0.40187797
0.40187457
0.4018646
0.40184855
0.4018268
0.4018
0.4017689
0.40173408
0.4016968
0.4016582
0.40161943
0.40158194
0.40154678
0.401515
0.4014873
0.40146384
0.40144467
0.40142977
0.40141878
0.40141168
0.40140808
0.40140772
0.40141013
0.40141484
0.4014213
0.40142927
0.40143824
0.40144777
0.40145755
0.40146723
0.4014764
0.40148476
0.4014918
0.40149692
0.4014998
0.40150055
0.40149948
0.40149724
0.40149444
0.40149173
0.40148956
0.40148827
0.4014882
0.40148938
0.40149197
0.40149587
0.40150136
0.40150836
0.40151712
0.4015275
0.40153927
0.40155235
0.40156597
0.40157956
0.40159208
0.40160248
0.4016099
0.40161374
0.40161392
0.40161073
0.4016049
0.40159747
0.40158948
0.40158218
0.40157658
0.40157342
0.40157315
0.40157598
0.4015818
0.40159044
0.40160182
0.40161574
0.4016321
0.40165067
0.4016711
0.40169272
0.4017144
0.40173516
0.40175343
0.40176818
0.40177846
0.40178373
0.40178376
0.40177882
0.4017693
0.40175617
0.4017405
0.4017233
0.4017059
0.4016891
0.40167356
0.40165958
0.40164745
0.40163732
0.40162903
0.40162215
0.40161595
0.40160954
0.40160215
0.4015935
0.4015834
0.40157172
0.40155876
0.40154514
0.40153185
0.40151966
0.40150952
0.40150213
0.40149802
0.4014975
0.40150073
0.40150765
0.40151808
0.40153182
0.40154853
0.40156773
0.4015887
0.40161055
0.4016324
0.40165338
0.401673
0.40169102
0.4017075
0.4017225
0.4017356
0.40174642
0.40175435
0.4017588
0.40175915
0.4017552
0.4017471
0.40173528
0.4017201
0.4017024
0.40168285
0.4016621
0.40164068
0.40161943
0.40159923
0.40158072
0.40156463
0.40155146
0.40154186
0.40153614
0.40153453
0.401537
0.40154317
0.4015525
0.40156403
0.40157676
0.40158936
0.40160102
0.40161076
0.4016184
0.40162396
0.40162778
0.40163028
0.40163195
0.4016333
0.40163445
0.4016355
0.40163597
0.40163565
0.4016343
0.40163153
0.40162724
0.40162107
0.40161294
0.40160298
0.40159157
0.40157908
0.401566
0.40155292
0.40154073
0.40153006
0.4015213
0.4015145
0.4015096
0.40150654
0.40150493
0.40150493
0.40150645
0.40150958
0.40151438
0.4015209
0.4015293
0.40153962
0.40155205
0.4015665
0.40158257
0.40159947
0.40161613
0.40163115
0.40164328
0.40165132
0.4016546
0.4016528
0.4016462
0.4016354
0.40162167
0.4016063
0.4015907
0.40157613
0.40156364
0.40155375
0.40154675
0.4015425
0.4015409
0.40154147
0.4015437
0.4015467
0.4015495
0.4015514
0.40155157
0.40155
0.40154696
0.40154305
0.4015391
0.40153557
0.40153277
0.4015307
0.401529
0.40152735
0.40152577
0.40152445
0.401524
0.4015251
0.40152872
0.40153533
0.40154532
0.4015583
0.40157342
0.40158954
0.401605
0.40161818
0.40162787
0.4016332
0.4016339
0.40163034
0.40162334
0.40161386
0.4016033
0.40159285
0.4015841
0.4015781
0.40157565
0.40157685
0.40158153
0.4015891
0.4015987
0.40160936
0.40162012
0.4016302
0.4016385
0.40164453
0.4016481
0.40164948
0.4016495
0.40164906
0.4016488
0.4016496
0.40165186
0.4016557
0.4016611
0.40166733
0.4016737
0.4016797
0.4016847
0.40168893
0.4016926
0.40169603
0.40169942
0.4017027
0.4017055
0.40170693
0.4017061
0.40170217
0.40169472
0.40168366
0.40166935
0.40165275
0.40163493
0.40161714
0.4016004
0.40158546
0.4015728
0.4015624
0.4015543
0.40154797
0.40154275
0.40153807
0.4015333
0.40152827
0.40152293
0.40151775
0.40151304
0.40150928
0.40150663
0.40150523
0.40150496
0.4015058
0.4015076
0.40151042
0.40151423
0.4015191
0.40152496
0.40153158
0.4015391
0.40154737
0.40155628
0.40156558
0.40157443
0.40158212
0.40158772
0.40159085
0.40159127
0.40158927
0.40158513
0.40157896
0.40157115
0.40156198
0.40155175
0.4015412
0.401531
0.40152198
0.40151483
0.4015099
0.4015073
0.4015069
0.40150845
0.40151188
0.4015169
0.40152317
0.4015302
0.40153745
0.40154457
0.4015511
0.40155655
0.40156063
0.40156317
0.40156406
0.40156344
0.40156147
0.40155882
0.40155602
0.40155387
0.40155327
0.40155485
0.4015589
0.40156528
0.40157342
0.40158227
0.40159076
0.40159807
0.40160364
0.4016076
0.40161
0.40161118
0.4016115
0.40161157
0.40161175
0.40161264
0.40161464
0.40161824
0.4016238
0.40163147
0.40164077
0.40165102
0.4016611
0.40166995
0.40167704
0.40168187
0.40168464
0.40168598
0.4016866
0.40168753
0.4016897
0.40169352
0.4016991
0.40170595
0.40171316
0.40171954
0.4017237
0.40172458
0.40172157
0.40171468
0.40170473
0.40169275
0.40168002
0.40166765
0.4016565
0.401647
0.40163925
0.40163305
0.40162796
0.4016237
0.40162054
0.40161884
0.4016192
0.40162203
0.4016276
0.40163577
0.40164605
0.40165767
0.40166953
0.40168053
0.40168986
0.40169695
0.4017016
0.4017038
0.4017037
0.40170112
0.40169623
0.40168917
0.4016802
0.40166995
0.40165928
0.4016494
0.40164095
0.40163445
0.4016299
0.40162694
0.40162498
0.40162355
0.40162235
0.4016214
0.4016209
0.40162092
0.40162134
0.40162182
0.40162182
0.40162107
0.40161937
0.4016171
0.40161476
0.40161276
0.40161163
0.40161172
0.40161338
0.4016167
0.40162155
0.4016274
0.40163353
0.40163955
0.40164506
0.40165025
0.4016556
0.40166152
0.40166834
0.40167588
0.40168387
0.40169162
0.40169883
0.40170515
0.40171033
0.4017141
0.40171608
0.4017159
0.4017132
0.40170804
0.40170068
0.40169165
0.40168166
0.40167186
0.40166298
0.4016556
0.40165013
0.40164644
0.4016442
0.40164268
0.40164122
0.40163922
0.40163642
0.4016328
0.40162832
0.4016231
0.4016172
0.4016107
0.40160346
0.4015957
0.4015873
0.40157828
0.40156856
0.40155795
0.4015466
0.4015347
0.40152246
0.40151024
0.40149817
0.4014868
0.40147635
0.40146726
0.40146002
0.40145516
0.40145326
0.40145496
0.40146098
0.40147182
0.40148777
0.4015087
0.40153405
0.40156284
0.40159371
0.40162522
0.4016555
0.40168306
0.40170643
0.40172446
0.40173653
0.40174246
0.40174267
0.401738
0.40172988
0.40171966
0.401709
0.4016995
0.40169248
0.40168887
0.40168884
0.40169215
0.40169823
0.4017065
0.4017163
0.40172675
0.40173683
0.4017455
0.40175182
0.40175524
0.4017552
0.40175167
0.4017442
0.40173277
0.40171775
0.40169993
0.40168047
0.40166095
0.4016431
0.40162846
0.40161824
0.40161288
0.4016123
0.401616
0.401623
0.4016323
0.4016426
0.40165222
0.40165982
0.40166408
0.40166423
0.40166032
0.40165263
0.40164214
0.40162966
0.4016165
0.40160364
0.40159193
0.4015824
0.40157536
0.40157098
0.40156922
0.40156975
0.40157205
0.40157545
0.40157923
0.4015828
0.40158606
0.40158945
0.40159366
0.4015996
0.4016079
0.401619
0.40163264
0.40164804
0.40166402
0.4016791
0.40169215
0.40170255
0.40171027
0.4017156
0.4017194
0.40172213
0.40172428
0.40172568
0.40172583
0.40172365
0.4017182
0.40170842
0.40169394
0.4016749
0.40165198
0.40162626
0.40159908
0.40157193
0.401546
0.40152252
0.40150237
0.40148625
0.40147445
0.401467
0.40146354
0.4014637
0.4014668
0.40147242
0.40148038
0.4014904
0.40150228
0.40151566
0.40153039
0.4015459
0.40156174
0.40157706
0.40159112
0.4016028
0.40161148
0.40161678
0.40161863
0.40161732
0.40161332
0.40160742
0.4016002
0.40159225
0.40158418
0.40157613
0.40156856
0.40156177
0.4015562
0.40155214
0.40154988
0.40154946
0.40155113
0.40155497
0.40156078
0.4015683
0.40157703
0.40158606
0.401595
0.4016033
0.40161097
0.40161812
0.4016252
0.40163234
0.40163937
0.4016458
0.40165085
0.40165386
0.40165424
0.40165192
0.40164706
0.40164003
0.40163115
0.40162075
0.4016089
0.40159604
0.40158215
0.40156782
0.40155357
0.40154013
0.40152818
0.40151843
0.4015114
0.4015072
0.401506
0.4015075
0.40151116
0.40151623
0.4015218
0.40152678
0.40153015
0.40153113
0.40152943
0.40152496
0.40151802
0.4015092
0.40149945
0.4014898
0.40148124
0.4014746
0.40147072
0.4014703
0.40147376
0.40148133
0.40149328
0.40150928
0.40152913
0.40155208
0.40157777
0.40160528
0.4016339
0.4016629
0.40169173
0.4017207
0.40175083
0.40178406
0.4018233
0.4018727
0.40193778
0.40202686
0.40215126
0.40232736
0.40257993
0.40293944
0.40344852
0.40416607
0.40517125
0.40657076
0.40850663
0.4111994
0.41487217
0.41983372
0.4265566
0.43568334
0.44782484
