0.44254783
0.43203613
0.4241513
0.4182155
0.4137851
0.41051474
0.40811834
0.40635446
0.40506077
0.40411752
0.40342766
0.40292323
0.4025543
0.40228456
0.40208766
0.4019446
0.4018415
0.4017682
0.40171716
0.4016827
0.40166044
0.4016469
0.40163913
0.40163478
0.40163207
0.40162992
0.40162826
0.40162736
0.40162778
0.40163028
0.40163514
0.40164247
0.40165207
0.40166304
0.40167448
0.401685
0.40169343
0.40169907
0.40170124
0.40169984
0.40169498
0.40168703
0.4016767
0.40166473
0.401652
0.401639
0.4016259
0.40161267
0.401599
0.4015845
0.40156955
0.40155435
0.40153983
0.40152645
0.401515
0.4015059
0.4014995
0.40149605
0.4014956
0.40149844
0.4015046
0.40151426
0.40152732
0.4015436
0.40156242
0.40158263
0.40160298
0.40162182
0.40163767
0.40164948
0.40165666
0.4016593
0.40165827
0.4016545
0.40164918
0.40164334
0.40163764
0.4016325
0.40162796
0.40162367
0.40161934
0.40161467
0.4016095
0.4016039
0.40159804
0.40159208
0.4015864
0.40158135
0.4015772
0.40157393
0.40157118
0.40156874
0.4015665
0.40156496
0.40156478
0.40156677
0.40157172
0.4015801
0.4015922
0.4016078
0.4016262
0.40164602
0.40166578
0.40168342
0.40169728
0.4017061
0.40170917
0.40170664
0.40169916
0.40168744
0.40167278
0.40165603
0.4016381
0.40161934
0.40160027
0.4015814
0.4015636
0.40154782
0.401535
0.40152574
0.40152034
0.40151894
0.40152133
0.4015273
0.40153638
0.401548
0.4015615
0.40157568
0.40158913
0.4016004
0.4016081
0.40161142
0.40160996
0.40160397
0.40159416
0.4015817
0.40156773
0.40155363
0.40154043
0.401529
0.40152
0.40151376
0.4015102
0.40150917
0.40151006
0.40151244
0.40151578
0.40151978
0.4015243
0.4015296
0.40153626
0.40154478
0.40155545
0.40156823
0.40158245
0.40159717
0.401611
0.40162265
0.40163115
0.401636
0.4016373
0.40163568
0.40163207
0.40162754
0.40162292
0.4016186
0.40161473
0.40161088
0.40160668
0.40160128
0.40159434
0.40158564
0.40157554
0.40156445
0.40155295
0.40154138
0.40153012
0.40151912
0.40150842
0.40149826
0.40148905
0.4014815
0.40147611
0.40147334
0.40147328
0.401476
0.40148112
0.4014881
0.4014964
0.40150577
0.40151635
0.40152824
0.40154174
0.40155688
0.40157336
0.4015905
0.40160757
0.40162343
0.40163743
0.4016493
0.4016592
0.40166757
0.40167484
0.40168124
0.4016867
0.4016906
0.40169224
0.4016908
0.40168598
0.40167782
0.40166682
0.40165427
0.40164152
0.4016302
0.40162182
0.40161747
0.40161768
0.40162244
0.401631
0.40164256
0.401656
0.4016705
0.4016854
0.40170023
0.4017147
0.40172842
0.40174055
0.40175012
0.4017563
0.40175822
0.4017553
0.4017473
0.40173432
0.40171698
0.40169632
0.40167364
0.40165052
0.40162832
0.4016083
0.40159127
0.40157777
0.40156806
0.40156206
0.40155932
0.40155926
0.40156123
0.40156472
0.4015695
0.40157574
0.4015836
0.40159312
0.40160424
0.40161636
0.4016288
0.40164065
0.40165076
0.40165842
0.40166345
0.4016662
0.4016675
0.40166843
0.4016698
0.4016721
0.40167522
0.4016787
0.4016818
0.40168396
0.40168473
0.40168422
0.40168276
0.4016807
0.40167814
0.4016748
0.40167013
0.40166348
0.40165445
0.40164286
0.4016291
0.40161386
0.40159824
0.4015834
0.40157044
0.40156016
0.40155298
0.40154877
0.4015471
0.40154737
0.401549
0.4015514
0.40155417
0.40155712
0.40156043
0.40156445
0.40156966
0.40157652
0.40158513
0.40159535
0.40160698
0.40161917
0.40163127
0.40164274
0.40165326
0.40166306
0.40167278
0.40168315
0.40169522
0.40170956
0.40172613
0.40174446
0.4017637
0.40178275
0.40180042
0.40181544
0.4018268
0.40183383
0.40183613
0.4018338
0.40182763
0.4018187
0.4018087
0.4017997
0.4017944
0.40179592
0.40180838
0.40183678
0.4018877
0.4019697
0.4020942
0.40227666
0.4025411
0.40291542
0.40344062
0.40417355
0.4051912
0.406599
0.4085385
0.4112306
0.4148999
0.4198564
0.4265736
0.43569544
0.44783303
