0.44263968
0.4321545
0.42429018
0.41836923
0.4139478
0.41068137
0.40828434
0.4065172
0.4052193
0.40427163
0.4035775
0.40306863
0.40269414
0.4024164
0.40220797
0.40204912
0.4019259
0.4018287
0.40175092
0.40168786
0.4016362
0.40159336
0.40155733
0.40152678
0.40150073
0.40147886
0.40146053
0.40144548
0.4014334
0.40142387
0.4014165
0.40141103
0.40140715
0.40140462
0.40140346
0.40140373
0.40140557
0.40140942
0.40141544
0.40142405
0.40143535
0.40144923
0.40146574
0.40148443
0.40150487
0.4015262
0.40154767
0.40156844
0.40158784
0.4016056
0.40162134
0.40163496
0.40164632
0.40165538
0.40166214
0.40166724
0.40167126
0.40167502
0.40167958
0.40168577
0.40169403
0.4017042
0.40171567
0.40172732
0.40173796
0.40174654
0.40175205
0.40175408
0.40175274
0.4017482
0.40174133
0.40173307
0.40172458
0.40171668
0.4017103
0.4017055
0.40170205
0.40169913
0.4016961
0.4016922
0.40168694
0.40167987
0.401671
0.40166047
0.4016487
0.40163592
0.4016227
0.40160963
0.40159738
0.40158656
0.40157762
0.40157068
0.40156606
0.40156367
0.40156344
0.4015655
0.40156984
0.40157646
0.40158498
0.40159485
0.40160537
0.4016156
0.4016245
0.40163115
0.40163463
0.40163445
0.40163046
0.40162313
0.40161338
0.40160254
0.4015919
0.40158272
0.40157598
0.4015724
0.40157256
0.4015765
0.40158427
0.40159556
0.40161
0.40162674
0.40164453
0.4016621
0.40167817
0.4016916
0.4017017
0.40170816
0.40171117
0.4017115
0.40171033
0.40170914
0.40170968
0.4017132
0.4017204
0.4017314
0.4017455
0.40176153
0.40177783
0.40179268
0.40180445
0.40181205
0.40181446
0.40181133
0.40180275
0.40178958
0.40177298
0.40175462
0.40173647
0.40172
0.40170658
0.40169695
0.40169123
0.40168887
0.40168908
0.40169093
0.40169367
0.401697
0.40170076
0.40170524
0.40171066
0.40171742
0.40172505
0.40173307
0.40174064
0.40174705
0.4017518
0.4017545
0.40175486
0.4017524
0.40174687
0.401738
0.40172613
0.40171197
0.40169653
0.4016811
0.40166697
0.4016551
0.40164623
0.4016405
0.4016378
0.40163755
0.40163907
0.4016415
0.40164414
0.40164673
0.4016492
0.4016518
0.4016546
0.40165758
0.4016607
0.40166348
0.40166533
0.40166545
0.4016629
0.40165696
0.40164736
0.4016342
0.40161833
0.40160078
0.40158296
0.40156597
0.40155065
0.4015373
0.4015259
0.4015163
0.40150777
0.4014999
0.40149236
0.40148488
0.40147752
0.40147042
0.4014641
0.4014587
0.40145442
0.40145105
0.40144825
0.4014453
0.4014418
0.4014374
0.40143204
0.4014262
0.4014206
0.40141594
0.40141284
0.40141165
0.40141284
0.40141636
0.4014224
0.40143088
0.40144148
0.4014538
0.40146726
0.40148127
0.40149516
0.4015085
0.401521
0.4015331
0.40154552
0.40155908
0.40157455
0.4015926
0.40161374
0.4016382
0.40166563
0.4016953
0.40172595
0.40175617
0.40178457
0.40181008
0.40183175
0.401849
0.40186158
0.40186945
0.40187296
0.40187255
0.40186867
0.40186194
0.40185258
0.40184107
0.40182757
0.40181258
0.40179673
0.40178064
0.40176514
0.4017509
0.40173814
0.40172675
0.4017162
0.40170556
0.4016944
0.40168226
0.40166923
0.40165564
0.4016417
0.401628
0.4016149
0.40160313
0.40159342
0.4015866
0.40158358
0.40158486
0.4015907
0.40160105
0.4016154
0.4016333
0.40165374
0.4016759
0.40169865
0.401721
0.40174207
0.40176153
0.40177917
0.4017949
0.4018085
0.40181947
0.401827
0.40183073
0.40183008
0.40182495
0.40181538
0.40180176
0.40178463
0.40176454
0.40174204
0.40171784
0.4016927
0.4016675
0.4016432
0.40162036
0.4015998
0.40158185
0.401567
0.40155536
0.401547
0.4015419
0.40153995
0.4015412
0.40154558
0.40155318
0.40156412
0.40157822
0.4015952
0.40161481
0.4016365
0.40165982
0.40168405
0.40170845
0.4017323
0.40175486
0.4017755
0.4017937
0.40180898
0.40182078
0.4018286
0.40183198
0.40183046
0.40182382
0.4018118
0.40179446
0.40177238
0.4017466
0.4017186
0.40169013
0.40166315
0.40163913
0.40161937
0.4016044
0.4015943
0.40158913
0.40158802
0.40159038
0.40159535
0.401602
0.40160975
0.4016181
0.40162662
0.4016346
0.40164152
0.40164682
0.40165037
0.40165207
0.40165195
0.40164992
0.401646
0.40164018
0.4016328
0.40162438
0.40161568
0.40160748
0.40160063
0.40159586
0.40159357
0.401594
0.40159714
0.4016027
0.40160972
0.4016173
0.40162432
0.40162978
0.40163293
0.40163356
0.4016319
0.40162858
0.4016247
0.40162134
0.40161926
0.40161934
0.40162182
0.40162677
0.40163383
0.40164205
0.4016504
0.40165782
0.4016633
0.4016662
0.40166655
0.40166447
0.40166056
0.40165552
0.40165007
0.40164495
0.40164044
0.4016372
0.40163532
0.40163496
0.40163586
0.4016376
0.40163952
0.40164077
0.40164053
0.40163824
0.40163368
0.4016271
0.40161902
0.40161026
0.401602
0.40159526
0.40159068
0.40158877
0.40158996
0.40159416
0.40160108
0.40161029
0.40162134
0.4016334
0.4016457
0.40165752
0.40166834
0.40167767
0.40168515
0.40169036
0.40169293
0.40169284
0.40169019
0.40168536
0.4016786
0.40167013
0.40165988
0.40164798
0.40163475
0.40162084
0.40160742
0.40159586
0.4015873
0.40158263
0.4015823
0.40158623
0.40159404
0.40160465
0.40161675
0.40162894
0.40163985
0.40164825
0.40165335
0.40165484
0.4016528
0.40164787
0.4016407
0.4016321
0.4016227
0.40161303
0.40160343
0.40159443
0.40158638
0.4015798
0.40157515
0.40157285
0.4015731
0.40157565
0.40157998
0.4015854
0.40159103
0.40159634
0.4016009
0.40160486
0.40160865
0.40161303
0.40161857
0.4016256
0.4016339
0.40164334
0.40165308
0.40166244
0.40167037
0.4016762
0.40167993
0.40168196
0.40168327
0.40168494
0.4016881
0.40169343
0.40170085
0.40171
0.40171957
0.4017281
0.40173396
0.40173617
0.4017339
0.40172705
0.40171605
0.40170157
0.40168473
0.40166673
0.40164882
0.40163216
0.40161744
0.40160528
0.40159595
0.40158936
0.40158513
0.4015823
0.40158015
0.4015778
0.4015748
0.40157068
0.40156546
0.40155923
0.4015526
0.4015464
0.40154186
0.4015403
0.40154254
0.40154934
0.40156084
0.40157676
0.40159658
0.40161914
0.40164334
0.4016677
0.40169096
0.40171224
0.40173098
0.40174708
0.40176076
0.4017722
0.40178153
0.4017886
0.40179285
0.40179425
0.40179276
0.40178886
0.4017832
0.40177685
0.40177074
0.4017656
0.4017618
0.4017592
0.4017578
0.40175745
0.40175867
0.40176213
0.4017689
0.4017796
0.4017948
0.4018147
0.4018391
0.4018679
0.40190148
0.4019413
0.40199015
0.40205285
0.402137
0.402254
0.40241984
0.40265867
0.40300277
0.4034946
0.40419367
0.40517998
0.40656137
0.4084808
0.4111598
0.41482374
0.41978142
0.42650503
0.4356386
0.4477909
