0.4426105
0.43211812
0.4242495
0.4183266
0.41390488
0.4106387
0.40824193
0.40647444
0.40517613
0.40422848
0.40353584
0.40303048
0.40266156
0.40239134
0.4021916
0.4020417
0.40192664
0.40183568
0.40176147
0.4016992
0.4016459
0.40160006
0.40156084
0.40152785
0.40150082
0.40147948
0.4014637
0.40145323
0.4014477
0.40144682
0.40145022
0.40145737
0.4014677
0.4014804
0.40149444
0.40150863
0.40152168
0.40153262
0.4015403
0.40154442
0.4015451
0.40154287
0.4015384
0.40153262
0.40152612
0.4015194
0.4015127
0.40150604
0.40149942
0.4014928
0.40148607
0.4014793
0.40147257
0.40146598
0.4014599
0.40145493
0.4014512
0.40144908
0.40144858
0.40144977
0.4014525
0.40145648
0.4014615
0.40146708
0.40147296
0.40147892
0.40148482
0.40149042
0.40149552
0.4015001
0.40150452
0.40150926
0.4015146
0.4015208
0.40152773
0.40153497
0.4015417
0.4015471
0.40155017
0.40155038
0.40154737
0.40154168
0.40153387
0.40152475
0.40151516
0.40150577
0.40149742
0.40149084
0.401487
0.40148672
0.40149075
0.40149924
0.40151218
0.40152875
0.40154782
0.40156776
0.4015868
0.40160328
0.40161568
0.40162334
0.40162602
0.40162382
0.4016175
0.40160826
0.40159765
0.40158725
0.4015785
0.40157226
0.4015692
0.40156946
0.40157276
0.40157837
0.40158534
0.40159264
0.40159917
0.40160415
0.4016069
0.40160707
0.4016044
0.40159884
0.40159088
0.40158108
0.4015706
0.40156025
0.4015509
0.4015429
0.40153646
0.4015313
0.40152702
0.40152317
0.40151957
0.4015161
0.40151286
0.40150988
0.4015072
0.40150493
0.4015032
0.40150234
0.40150255
0.40150404
0.40150702
0.40151176
0.40151834
0.40152687
0.4015373
0.40154967
0.40156367
0.40157914
0.40159598
0.40161416
0.40163368
0.4016545
0.40167612
0.40169752
0.40171748
0.40173456
0.40174764
0.40175584
0.4017587
0.40175644
0.40174916
0.40173763
0.4017225
0.4017047
0.40168497
0.40166408
0.4016425
0.4016207
0.40159914
0.4015786
0.40155992
0.40154377
0.40153083
0.4015211
0.40151465
0.40151122
0.4015103
0.40151128
0.40151367
0.4015168
0.40152055
0.40152478
0.40152988
0.4015362
0.4015441
0.4015536
0.40156433
0.4015755
0.40158617
0.40159544
0.40160254
0.401607
0.40160844
0.4016068
0.4016026
0.40159705
0.40159133
0.40158683
0.4015846
0.4015854
0.40158936
0.40159643
0.4016057
0.4016162
0.40162668
0.40163592
0.40164274
0.40164605
0.40164533
0.4016404
0.40163162
0.40161976
0.4016062
0.4015921
0.40157884
0.40156746
0.40155882
0.40155333
0.40155125
0.4015523
0.40155587
0.40156108
0.40156692
0.40157256
0.4015774
0.4015811
0.40158352
0.4015847
0.40158498
0.4015847
0.4015843
0.40158394
0.40158337
0.40158257
0.4015811
0.4015788
0.4015758
0.40157256
0.40156972
0.4015678
0.40156722
0.40156806
0.40157008
0.401573
0.40157667
0.40158096
0.40158576
0.40159085
0.40159583
0.40160075
0.40160576
0.40161148
0.4016182
0.40162608
0.4016348
0.40164375
0.401652
0.4016584
0.40166217
0.40166304
0.4016611
0.40165684
0.40165105
0.40164465
0.4016382
0.40163237
0.40162712
0.40162218
0.40161693
0.4016109
0.40160364
0.40159506
0.40158513
0.40157402
0.4015623
0.4015505
0.40153927
0.40152928
0.4015209
0.4015146
0.40151048
0.40150875
0.40150952
0.40151286
0.40151873
0.40152702
0.4015373
0.40154892
0.40156087
0.40157175
0.4015804
0.40158555
0.40158644
0.40158275
0.4015748
0.40156326
0.40154967
0.4015355
0.40152255
0.40151203
0.40150514
0.40150267
0.4015052
0.4015129
0.40152565
0.40154278
0.40156335
0.40158588
0.40160868
0.40162987
0.40164796
0.40166172
0.40167028
0.40167347
0.40167126
0.40166432
0.4016535
0.40164
0.40162525
0.4016104
0.40159646
0.40158427
0.40157437
0.40156698
0.40156212
0.40155986
0.4015597
0.4015615
0.4015648
0.40156916
0.40157434
0.40158027
0.401587
0.4015947
0.4016031
0.40161166
0.40161934
0.401625
0.4016276
0.40162647
0.4016214
0.4016129
0.401602
0.40158993
0.40157804
0.40156722
0.40155804
0.40155083
0.40154544
0.40154165
0.4015393
0.40153834
0.4015385
0.40153986
0.40154213
0.401545
0.40154797
0.4015504
0.401552
0.40155268
0.40155262
0.40155232
0.40155235
0.40155342
0.40155584
0.40155983
0.4015653
0.40157163
0.40157804
0.40158376
0.4015883
0.40159145
0.4015935
0.40159482
0.40159592
0.40159702
0.40159822
0.40159938
0.40160015
0.4016001
0.40159893
0.4015964
0.40159243
0.40158743
0.40158188
0.40157652
0.4015719
0.40156838
0.4015663
0.40156558
0.40156603
0.40156767
0.40157026
0.40157375
0.40157822
0.40158355
0.4015899
0.40159735
0.4016062
0.4016166
0.40162867
0.40164196
0.4016559
0.4016693
0.4016808
0.40168917
0.40169343
0.40169302
0.4016877
0.40167776
0.40166357
0.4016463
0.40162715
0.4016078
0.40158963
0.40157402
0.40156198
0.4015546
0.4015527
0.40155646
0.4015656
0.40157926
0.40159622
0.40161476
0.401633
0.40164906
0.40166137
0.4016686
0.40167028
0.40166664
0.4016582
0.40164605
0.4016318
0.40161678
0.40160227
0.4015894
0.4015788
0.4015709
0.40156564
0.40156272
0.40156174
0.401562
0.40156314
0.4015649
0.40156716
0.40156966
0.4015719
0.40157324
0.40157282
0.40157008
0.40156454
0.4015565
0.4015465
0.4015356
0.4015249
0.40151548
0.4015084
0.40150434
0.4015035
0.40150595
0.4015111
0.40151823
0.40152645
0.40153462
0.40154156
0.40154627
0.4015481
0.40154687
0.40154308
0.40153772
0.40153235
0.40152887
0.40152937
0.40153626
0.40155196
0.40157896
0.40162036
0.40168002
0.40176323
0.4018775
0.4020335
0.4022479
0.40254116
0.4029422
0.40349156
0.40424526
0.40528
0.40670076
0.4086488
0.4113445
0.41501224
0.41996202
0.42666727
0.43577215
0.44788978
