0.44255453
0.43204364
0.42415813
0.4182201
0.41378623
0.41051134
0.4081106
0.40634334
0.40504876
0.40410814
0.40342516
0.40293157
0.40257642
0.40232152
0.40213862
0.40200692
0.40191138
0.40184122
0.40178883
0.40174875
0.40171683
0.4016901
0.40166646
0.40164495
0.40162498
0.40160662
0.40159008
0.4015754
0.4015624
0.40155098
0.40154064
0.40153125
0.40152276
0.40151533
0.40150946
0.40150574
0.4015047
0.40150675
0.4015123
0.40152133
0.401534
0.40154967
0.40156776
0.40158728
0.40160707
0.40162596
0.401643
0.4016575
0.40166894
0.4016767
0.4016806
0.40168047
0.40167648
0.40166894
0.4016585
0.4016458
0.40163183
0.40161788
0.40160483
0.4015938
0.4015852
0.40157914
0.4015757
0.4015745
0.4015753
0.40157825
0.4015834
0.40159094
0.401601
0.40161335
0.40162772
0.4016431
0.40165836
0.4016722
0.40168363
0.4016916
0.40169576
0.4016959
0.40169233
0.4016855
0.40167645
0.40166605
0.40165552
0.4016458
0.40163746
0.40163097
0.40162653
0.40162405
0.40162346
0.4016242
0.40162566
0.4016274
0.401629
0.4016304
0.40163153
0.40163243
0.40163305
0.40163377
0.40163496
0.40163723
0.40164077
0.40164545
0.40165058
0.40165538
0.40165925
0.40166178
0.40166304
0.4016633
0.4016628
0.4016616
0.40165952
0.40165597
0.4016507
0.40164325
0.40163362
0.4016221
0.40160927
0.40159598
0.40158275
0.40157008
0.401558
0.40154645
0.4015356
0.40152553
0.40151644
0.40150887
0.4015035
0.40150097
0.40150177
0.40150642
0.40151522
0.4015284
0.40154594
0.4015678
0.40159366
0.40162274
0.4016542
0.4016866
0.4017185
0.40174845
0.40177512
0.4017976
0.40181503
0.40182686
0.40183273
0.40183237
0.4018258
0.40181348
0.40179634
0.4017755
0.4017524
0.40172872
0.40170595
0.40168524
0.40166742
0.40165254
0.40164018
0.40162945
0.401619
0.4016077
0.40159473
0.40157986
0.4015635
0.40154663
0.40153024
0.40151593
0.4015049
0.40149775
0.40149492
0.40149632
0.4015016
0.40151015
0.40152118
0.40153384
0.40154728
0.40156072
0.40157348
0.40158522
0.40159598
0.40160578
0.40161514
0.4016241
0.40163264
0.40164044
0.40164712
0.4016523
0.40165585
0.40165803
0.40165928
0.4016603
0.40166143
0.4016627
0.40166384
0.4016641
0.40166262
0.40165854
0.40165135
0.40164098
0.40162787
0.40161288
0.4015971
0.40158162
0.4015672
0.40155435
0.4015433
0.40153405
0.4015265
0.40152082
0.40151724
0.40151584
0.40151688
0.40152073
0.40152764
0.40153787
0.4015512
0.40156728
0.401585
0.40160355
0.40162164
0.40163845
0.4016534
0.4016662
0.4016767
0.40168434
0.401689
0.40169054
0.40168908
0.40168515
0.40167972
0.40167415
0.40166986
0.4016681
0.40166968
0.40167487
0.40168336
0.4016943
0.40170658
0.40171877
0.40172952
0.4017374
0.40174153
0.40174124
0.40173638
0.4017273
0.4017146
0.40169898
0.4016813
0.40166235
0.40164298
0.40162396
0.4016059
0.40158907
0.4015735
0.40155903
0.4015453
0.4015321
0.4015194
0.40150735
0.4014959
0.4014854
0.40147603
0.40146777
0.4014605
0.40145418
0.40144843
0.40144295
0.4014375
0.401432
0.40142652
0.40142104
0.4014158
0.4014108
0.4014062
0.40140218
0.401399
0.40139675
0.4013957
0.40139583
0.40139723
0.40140003
0.40140414
0.4014096
0.40141636
0.4014245
0.40143386
0.40144444
0.401456
0.40146822
0.40148026
0.4014912
0.40149996
0.40150538
0.4015066
0.4015034
0.40149602
0.40148535
0.40147293
0.40146002
0.40144804
0.40143797
0.40143046
0.40142593
0.4014245
0.40142584
0.4014298
0.40143603
0.40144402
0.4014534
0.40146387
0.4014753
0.40148777
0.4015011
0.40151525
0.4015302
0.40154588
0.40156215
0.40157887
0.40159565
0.40161183
0.40162617
0.4016375
0.40164453
0.40164658
0.40164325
0.4016348
0.40162235
0.4016071
0.40159056
0.40157408
0.40155867
0.401545
0.40153354
0.4015248
0.4015191
0.40151647
0.40151682
0.40151966
0.40152466
0.4015313
0.401539
0.401547
0.4015545
0.40156057
0.40156436
0.40156558
0.40156412
0.40156057
0.4015555
0.40154934
0.4015425
0.40153506
0.401527
0.40151817
0.40150896
0.4015
0.40149176
0.40148503
0.40148026
0.4014777
0.40147752
0.40147963
0.4014839
0.4014902
0.40149838
0.4015081
0.40151936
0.40153196
0.40154576
0.40156028
0.40157515
0.40158993
0.4016041
0.40161678
0.40162736
0.40163523
0.40163982
0.4016411
0.4016395
0.40163583
0.4016312
0.40162686
0.4016238
0.4016226
0.40162343
0.4016258
0.4016289
0.40163153
0.4016327
0.40163174
0.40162846
0.40162328
0.40161705
0.4016109
0.4016061
0.40160337
0.40160307
0.40160513
0.40160894
0.4016137
0.40161833
0.401622
0.4016241
0.40162456
0.4016234
0.40162107
0.4016175
0.40161303
0.40160787
0.40160263
0.40159836
0.4015958
0.40159586
0.40159908
0.40160534
0.40161422
0.40162462
0.40163523
0.40164447
0.4016512
0.40165478
0.4016551
0.40165263
0.4016484
0.40164328
0.4016384
0.40163445
0.40163216
0.4016317
0.40163335
0.401637
0.40164226
0.401649
0.40165678
0.4016657
0.4016755
0.40168595
0.4016969
0.4017082
0.4017198
0.40173182
0.40174404
0.40175605
0.4017671
0.4017761
0.4017821
0.4017843
0.40178224
0.40177563
0.40176466
0.40174967
0.4017313
0.40170985
0.40168574
0.40165928
0.40163103
0.40160173
0.40157238
0.40154395
0.4015173
0.40149325
0.40147224
0.4014544
0.4014399
0.40142867
0.40142044
0.401415
0.401412
0.40141106
0.401412
0.40141413
0.40141696
0.40142003
0.40142286
0.40142506
0.40142676
0.40142798
0.40142882
0.40142933
0.40142962
0.40142965
0.40142962
0.4014297
0.40143007
0.40143088
0.4014322
0.40143412
0.40143654
0.40143934
0.4014423
0.401445
0.4014474
0.4014494
0.40145144
0.4014539
0.40145755
0.4014629
0.4014706
0.40148127
0.401495
0.40151185
0.4015313
0.40155268
0.40157512
0.40159738
0.40161818
0.4016362
0.40165043
0.4016599
0.40166447
0.40166375
0.40165818
0.40164846
0.4016355
0.40162063
0.40160516
0.4015905
0.40157786
0.40156823
0.40156233
0.4015608
0.40156394
0.40157163
0.4015834
0.40159836
0.40161523
0.4016324
0.40164787
0.40165973
0.40166637
0.40166673
0.40166062
0.40164852
0.40163162
0.4016116
0.40159026
0.4015692
0.40154994
0.4015334
0.40151998
0.40150955
0.40150186
0.40149656
0.40149298
0.40149084
0.40148956
0.4014887
0.40148777
0.40148652
0.40148506
0.40148357
0.40148264
0.40148276
0.40148407
0.40148675
0.40149078
0.40149546
0.40150046
0.4015054
0.40150973
0.40151304
0.4015153
0.40151662
0.40151724
0.40151742
0.40151742
0.40151754
0.40151817
0.40151963
0.4015221
0.40152565
0.40153027
0.40153578
0.40154174
0.40154782
0.40155357
0.40155822
0.40156135
0.40156233
0.40156084
0.40155655
0.4015493
0.40153897
0.40152586
0.40151066
0.40149465
0.401479
0.40146497
0.40145344
0.40144518
0.40144038
0.40143898
0.4014408
0.4014455
0.40145308
0.40146345
0.40147692
0.40149382
0.40151435
0.40153855
0.40156627
0.4015969
0.4016297
0.40166348
0.40169683
0.40172836
0.40175632
0.40177953
0.401797
0.40180805
0.40181226
0.40180963
0.40180036
0.40178517
0.40176487
0.4017407
0.40171418
0.40168688
0.40166047
0.4016362
0.40161505
0.40159735
0.40158322
0.40157232
0.401564
0.4015575
0.40155223
0.40154758
0.4015434
0.40153986
0.40153724
0.40153584
0.40153593
0.40153766
0.40154105
0.40154603
0.40155226
0.40155932
0.40156657
0.40157342
0.4015793
0.40158406
0.40158743
0.4015893
0.40158963
0.4015887
0.40158665
0.40158394
0.401581
0.4015782
0.40157574
0.4015736
0.4015719
0.4015704
0.4015694
0.40156886
0.40156892
0.40156972
0.4015711
0.40157267
0.40157428
0.40157565
0.40157685
0.4015781
0.40157965
0.4015817
0.40158454
0.40158835
0.4015932
0.40159908
0.40160584
0.40161327
0.4016211
0.40162924
0.4016378
0.40164676
0.40165627
0.40166613
0.4016758
0.40168422
0.40169036
0.40169308
0.40169147
0.4016849
0.4016734
0.40165737
0.4016376
0.40161526
0.4015916
0.4015677
0.40154493
0.401524
0.4015058
0.4014908
0.40147924
0.4014712
0.40146643
0.40146488
0.40146625
0.40147007
0.40147614
0.40148398
0.40149307
0.40150306
0.40151358
0.40152445
0.4015354
0.4015462
0.4015567
0.4015666
0.40157595
0.401585
0.40159407
0.40160337
0.40161294
0.40162244
0.4016315
0.4016395
0.40164587
0.4016505
0.40165365
0.4016559
0.40165797
0.40166026
0.40166277
0.40166518
0.40166646
0.40166548
0.40166113
0.4016528
0.40164053
0.40162483
0.40160674
0.40158734
0.40156797
0.40154976
0.40153372
0.4015209
0.40151218
0.4015081
0.4015091
0.40151492
0.40152526
0.4015394
0.4015563
0.40157476
0.4015932
0.40161014
0.4016238
0.40163296
0.4016368
0.40163517
0.40162846
0.40161788
0.40160468
0.40159082
0.40157795
0.4015677
0.40156108
0.40155846
0.4015597
0.4015642
0.40157118
0.4015798
0.4015892
0.40159857
0.40160763
0.40161636
0.40162534
0.40163505
0.4016463
0.4016594
0.40167454
0.40169144
0.40170965
0.40172833
0.40174678
0.40176407
0.40177956
0.40179273
0.40180343
0.4018117
0.4018178
0.4018222
0.4018256
0.40182817
0.40183014
0.40183133
0.40183172
0.40183106
0.4018291
0.40182543
0.4018195
0.40181106
0.4017998
0.40178582
0.4017696
0.40175205
0.40173444
0.4017181
0.40170443
0.40169454
0.40168896
0.40168798
0.40169084
0.40169644
0.40170333
0.40170977
0.40171435
0.401716
0.40171424
0.40170917
0.40170148
0.401692
0.40168175
0.40167192
0.4016633
0.40165693
0.40165332
0.40165278
0.40165505
0.40165958
0.40166557
0.40167183
0.40167722
0.40168077
0.40168193
0.4016806
0.40167725
0.40167263
0.4016675
0.4016627
0.4016585
0.4016551
0.4016525
0.40165016
0.40164775
0.40164497
0.4016416
0.40163788
0.40163413
0.40163124
0.4016302
0.40163216
0.40163794
0.40164793
0.401662
0.40167946
0.40169907
0.40171903
0.40173736
0.40175197
0.4017615
0.40176487
0.4017617
0.40175223
0.40173706
0.40171745
0.4016949
0.40167108
0.40164754
0.40162516
0.40160477
0.40158662
0.4015706
0.40155643
0.4015437
0.40153217
0.40152207
0.40151393
0.40150854
0.40150633
0.40150777
0.40151274
0.4015208
0.40153125
0.40154302
0.40155506
0.401566
0.40157482
0.40158057
0.40158245
0.40158
0.40157333
0.40156284
0.40154934
0.40153393
0.40151775
0.4015018
0.40148717
0.40147448
0.40146428
0.40145692
0.40145236
0.4014503
0.4014503
0.40145174
0.40145412
0.40145692
0.40146008
0.40146342
0.4014671
0.40147123
0.40147597
0.40148124
0.401487
0.40149322
0.40150002
0.4015075
0.40151566
0.40152448
0.4015336
0.40154305
0.4015527
0.40156248
0.40157196
0.4015807
0.4015883
0.40159452
0.40159962
0.40160424
0.40160924
0.40161577
0.40162462
0.40163642
0.40165144
0.40166947
0.40168968
0.40171105
0.4017322
0.40175176
0.40176833
0.4017809
0.40178868
0.40179124
0.4017886
0.40178093
0.40176898
0.4017537
0.40173626
0.40171814
0.4017007
0.40168515
0.40167275
0.40166426
0.40166008
0.40166003
0.40166345
0.40166926
0.4016763
0.40168342
0.40168965
0.4016943
0.40169692
0.4016975
0.4016961
0.40169275
0.40168756
0.40168026
0.40167037
0.4016575
0.40164158
0.401623
0.40160263
0.4015816
0.40156108
0.40154234
0.40152627
0.40151367
0.40150484
0.40149996
0.4014992
0.40150264
0.40151018
0.40152135
0.40153533
0.40155104
0.40156698
0.4015818
0.40159392
0.40160254
0.40160722
0.40160826
0.4016066
0.40160346
0.40160036
0.4015985
0.40159923
0.4016033
0.40161133
0.40162337
0.40163916
0.4016581
0.40167943
0.40170217
0.40172508
0.40174675
0.40176576
0.4017808
0.40179077
0.40179488
0.40179294
0.4017851
0.40177196
0.4017547
0.40173465
0.4017135
0.40169284
0.40167403
0.40165833
0.40164602
0.40163743
0.40163225
0.40162984
0.40162933
0.40162995
0.40163085
0.40163174
0.40163255
0.40163335
0.40163437
0.4016356
0.40163708
0.4016389
0.40164083
0.40164283
0.40164477
0.40164676
0.40164906
0.4016519
0.40165552
0.40166005
0.4016653
0.40167093
0.4016767
0.4016826
0.40168858
0.40169466
0.4017004
0.4017052
0.40170836
0.4017091
0.40170676
0.4017012
0.40169284
0.40168235
0.401671
0.40166014
0.40165102
0.40164423
0.40164018
0.40163845
0.40163848
0.40163958
0.4016408
0.40164155
0.40164122
0.4016399
0.40163806
0.40163618
0.40163496
0.40163472
0.4016355
0.40163702
0.40163857
0.4016395
0.40163916
0.40163746
0.40163475
0.401632
0.4016303
0.40163085
0.40163445
0.4016416
0.40165204
0.40166518
0.40167978
0.40169448
0.40170756
0.4017176
0.40172374
0.4017253
0.4017224
0.40171555
0.40170547
0.40169343
0.4016807
0.4016685
0.40165785
0.40164962
0.40164396
0.40164095
0.40164
0.40164044
0.40164104
0.40164077
0.40163866
0.40163437
0.401628
0.4016201
0.40161166
0.40160382
0.40159732
0.4015928
0.40159035
0.40158987
0.4015912
0.4015945
0.4016
0.40160832
0.4016198
0.40163463
0.40165237
0.40167215
0.40169245
0.40171173
0.4017285
0.40174177
0.4017512
0.4017569
0.40175992
0.40176153
0.40176335
0.401767
0.4017736
0.4017838
0.40179744
0.40181354
0.40183073
0.4018475
0.4018623
0.40187413
0.4018821
0.40188575
0.40188506
0.40188023
0.40187183
0.40186092
0.40184873
0.40183693
0.40182698
0.40182027
0.40181777
0.40182003
0.4018269
0.4018378
0.40185165
0.40186703
0.40188247
0.4018967
0.40190852
0.40191722
0.40192217
0.40192285
0.401919
0.40191057
0.40189743
0.4018797
0.40185758
0.40183133
0.4018014
0.4017683
0.40173256
0.40169525
0.40165746
0.40162036
0.4015849
0.40155172
0.40152118
0.40149358
0.40146908
0.4014477
0.40142944
0.4014143
0.40140218
0.40139285
0.40138626
0.4013823
0.40138105
0.4013826
0.4013873
0.40139514
0.4014062
0.40142038
0.40143734
0.40145677
0.40147775
0.4014996
0.40152118
0.40154153
0.4015596
0.4015748
0.4015869
0.40159622
0.40160343
0.401609
0.4016132
0.40161613
0.40161756
0.40161714
0.4016148
0.40161064
0.40160516
0.40159884
0.40159217
0.4015853
0.4015786
0.4015722
0.40156624
0.40156123
0.40155753
0.40155572
0.40155607
0.40155888
0.40156394
0.401571
0.40157974
0.40158948
0.40159962
0.4016097
0.40161937
0.40162826
0.4016359
0.40164164
0.4016448
0.4016448
0.40164122
0.4016339
0.40162316
0.4016096
0.40159407
0.40157756
0.40156078
0.40154445
0.40152904
0.4015149
0.40150207
0.40149057
0.40148038
0.40147167
0.40146488
0.40146086
0.40146056
0.40146554
0.40147755
0.40149894
0.40153262
0.40158257
0.40165445
0.401756
0.40189832
0.40209815
0.40237638
0.4027627
0.40329835
0.40404055
0.40506712
0.40648404
0.40843305
0.4111357
0.4148155
0.4197829
0.42651245
0.43564677
0.44779754
