0.4426216
0.43213436
0.4242726
0.41835895
0.41394943
0.41069895
0.40832007
0.4065724
0.4052951
0.40436837
0.40369627
0.40321115
0.4028627
0.40261352
0.40243596
0.40230966
0.4022198
0.40215582
0.4021099
0.40207657
0.40205178
0.4020326
0.40201697
0.40200344
0.40199125
0.40197995
0.40196922
0.40195897
0.40194902
0.40193903
0.40192857
0.40191695
0.40190363
0.40188795
0.4018695
0.40184814
0.40182406
0.40179762
0.40176955
0.40174073
0.40171224
0.40168512
0.40166032
0.40163878
0.40162122
0.40160817
0.40159965
0.40159562
0.40159598
0.40160015
0.40160772
0.4016179
0.40162987
0.4016426
0.40165544
0.40166786
0.40167966
0.4016906
0.40170047
0.40170932
0.4017173
0.40172502
0.40173304
0.40174156
0.40175062
0.40175948
0.40176734
0.4017733
0.40177655
0.40177655
0.4017731
0.4017663
0.40175658
0.40174472
0.40173176
0.40171885
0.401707
0.40169716
0.4016902
0.40168688
0.40168804
0.40169433
0.40170613
0.4017233
0.40174526
0.40177098
0.4017989
0.40182748
0.40185517
0.40188065
0.4019027
0.40192065
0.40193382
0.4019419
0.40194476
0.4019426
0.40193582
0.40192515
0.40191135
0.40189546
0.40187857
0.40186164
0.40184548
0.40183058
0.40181717
0.40180466
0.40179208
0.40177804
0.40176126
0.40174097
0.40171683
0.40168914
0.4016589
0.40162748
0.4015965
0.40156737
0.40154138
0.40151945
0.40150207
0.40148956
0.40148196
0.40147927
0.40148133
0.40148795
0.40149862
0.40151277
0.40152994
0.401549
0.4015689
0.40158808
0.40160483
0.40161747
0.40162468
0.4016257
0.4016205
0.4016097
0.40159434
0.40157583
0.40155584
0.40153566
0.40151674
0.4015
0.40148592
0.4014748
0.40146658
0.4014612
0.4014584
0.401458
0.40145975
0.4014636
0.4014695
0.40147752
0.40148753
0.40149945
0.40151322
0.4015287
0.401546
0.40156513
0.40158606
0.40160835
0.40163156
0.40165478
0.40167654
0.40169555
0.40171033
0.40171972
0.40172315
0.4017203
0.40171126
0.40169662
0.40167698
0.40165332
0.4016268
0.40159878
0.40157098
0.40154472
0.40152133
0.40150154
0.40148598
0.4014748
0.401468
0.40146533
0.40146625
0.40147033
0.40147683
0.4014851
0.4014943
0.4015038
0.40151277
0.4015205
0.40152618
0.40152943
0.40153056
0.4015299
0.40152818
0.4015259
0.4015235
0.40152106
0.40151873
0.40151644
0.40151426
0.40151203
0.40150988
0.40150765
0.4015052
0.40150237
0.40149894
0.40149465
0.4014893
0.40148288
0.40147522
0.4014664
0.4014566
0.4014463
0.40143627
0.40142733
0.40142035
0.4014161
0.40141502
0.40141737
0.40142313
0.40143183
0.4014431
0.4014561
0.40147033
0.40148538
0.40150094
0.40151697
0.4015333
0.40154967
0.40156534
0.40157947
0.401591
0.40159878
0.40160194
0.4016002
0.40159404
0.40158454
0.40157345
0.40156308
0.4015554
0.40155235
0.40155506
0.40156448
0.40158048
0.40160254
0.40162936
0.40165937
0.40169054
0.40172082
0.40174836
0.4017716
0.40178955
0.40180132
0.40180644
0.40180495
0.40179706
0.40178317
0.4017641
0.40174064
0.4017141
0.40168568
0.40165696
0.4016295
0.4016048
0.40158406
0.40156817
0.40155762
0.40155268
0.40155303
0.4015583
0.40156767
0.4015799
0.40159366
0.4016074
0.40161946
0.4016284
0.40163317
0.40163356
0.40162978
0.40162262
0.4016132
0.4016026
0.40159184
0.4015817
0.40157267
0.40156522
0.4015595
0.40155548
0.40155315
0.40155232
0.40155286
0.40155447
0.40155682
0.40155935
0.40156165
0.4015635
0.40156534
0.40156803
0.4015725
0.40157983
0.40159085
0.40160587
0.401625
0.401648
0.40167445
0.4017036
0.4017345
0.4017659
0.40179652
0.40182492
0.40184975
0.40187004
0.4018848
0.40189326
0.40189514
0.4018901
0.40187815
0.40185964
0.40183517
0.40180537
0.40177146
0.4017345
0.40169594
0.4016572
0.40161946
0.40158376
0.40155077
0.401521
0.40149465
0.4014718
0.4014525
0.4014367
0.40142432
0.40141514
0.4014088
0.40140498
0.40140313
0.40140277
0.40140334
0.4014044
0.40140578
0.40140727
0.4014089
0.40141103
0.40141416
0.40141898
0.40142593
0.4014353
0.40144688
0.4014604
0.40147543
0.40149134
0.4015075
0.40152362
0.40153915
0.4015533
0.40156522
0.4015739
0.40157863
0.40157908
0.4015754
0.40156835
0.40155926
0.40154985
0.4015419
0.40153697
0.4015361
0.40154
0.401549
0.40156272
0.4015803
0.40160054
0.40162182
0.40164232
0.40166017
0.40167373
0.40168172
0.40168363
0.40167943
0.40166968
0.40165552
0.40163854
0.40162048
0.4016031
0.4015881
0.40157676
0.40156993
0.40156785
0.40157038
0.40157685
0.4015861
0.40159672
0.40160713
0.40161568
0.40162116
0.40162268
0.40161988
0.40161258
0.4016013
0.40158665
0.40156955
0.40155086
0.40153158
0.40151244
0.40149432
0.40147787
0.4014637
0.401452
0.4014432
0.40143764
0.4014354
0.4014368
0.40144178
0.40145007
0.40146098
0.40147385
0.40148777
0.40150192
0.40151575
0.4015287
0.4015407
0.40155202
0.40156272
0.40157256
0.40158102
0.4015872
0.40159023
0.40158963
0.4015854
0.40157786
0.40156806
0.40155718
0.40154636
0.4015367
0.4015293
0.40152475
0.4015232
0.40152445
0.40152788
0.40153262
0.40153775
0.40154225
0.40154552
0.4015472
0.40154752
0.4015472
0.40154698
0.4015479
0.40155068
0.40155584
0.40156373
0.40157446
0.40158784
0.4016039
0.4016226
0.40164384
0.40166736
0.4016926
0.40171847
0.40174347
0.40176615
0.40178508
0.40179893
0.40180728
0.4018098
0.40180686
0.40179908
0.40178722
0.40177232
0.4017554
0.40173754
0.40171978
0.40170267
0.4016867
0.40167192
0.4016583
0.40164608
0.4016356
0.40162715
0.40162122
0.40161806
0.4016179
0.4016209
0.40162683
0.40163493
0.40164408
0.40165317
0.40166083
0.40166622
0.40166906
0.40166947
0.40166792
0.40166545
0.40166244
0.40165943
0.40165615
0.40165204
0.40164673
0.4016396
0.40163076
0.4016203
0.40160868
0.4015961
0.40158287
0.40156934
0.40155587
0.40154302
0.4015314
0.40152144
0.40151367
0.4015085
0.4015067
0.40150854
0.40151405
0.4015232
0.40153533
0.4015495
0.40156466
0.4015793
0.40159193
0.40160108
0.40160564
0.401605
0.4015992
0.40158892
0.40157548
0.40156052
0.40154558
0.40153217
0.40152135
0.40151384
0.40151
0.40150973
0.40151262
0.40151802
0.40152505
0.40153298
0.4015411
0.40154883
0.40155566
0.40156132
0.401566
0.40157008
0.40157425
0.40157902
0.4015848
0.40159142
0.40159836
0.40160453
0.40160877
0.40160993
0.4016073
0.40160075
0.4015906
0.40157765
0.40156308
0.40154818
0.40153414
0.40152195
0.40151212
0.40150535
0.40150186
0.40150177
0.40150502
0.40151146
0.4015208
0.4015325
0.40154594
0.40156046
0.4015754
0.40159008
0.40160367
0.40161523
0.40162396
0.4016292
0.4016307
0.4016285
0.40162304
0.4016145
0.40160355
0.40159056
0.40157637
0.40156174
0.40154758
0.40153483
0.40152422
0.40151677
0.401513
0.40151373
0.40151894
0.40152854
0.40154183
0.40155762
0.4015745
0.40159094
0.40160552
0.40161702
0.40162513
0.40162975
0.40163156
0.40163177
0.4016317
0.4016325
0.40163505
0.40164003
0.4016477
0.40165818
0.4016714
0.40168703
0.40170434
0.40172252
0.40174037
0.40175688
0.40177146
0.4017837
0.4017938
0.4018021
0.40180907
0.40181512
0.4018201
0.40182367
0.40182516
0.401824
0.40181988
0.4018129
0.4018035
0.40179232
0.40178064
0.40176967
0.40176105
0.40175626
0.40175653
0.4017624
0.40177372
0.40178984
0.40180916
0.4018298
0.40185001
0.40186825
0.4018832
0.40189403
0.40189984
0.40190035
0.40189523
0.4018844
0.40186808
0.40184695
0.4018217
0.40179378
0.40176466
0.40173608
0.40170985
0.40168723
0.4016692
0.40165606
0.40164775
0.4016436
0.40164265
0.40164384
0.4016463
0.40164948
0.40165332
0.40165803
0.40166414
0.40167224
0.4016827
0.40169507
0.4017087
0.40172237
0.40173456
0.40174413
0.40174994
0.4017512
0.4017473
0.4017379
0.40172288
0.40170258
0.40167785
0.4016497
0.40161988
0.40158996
0.401562
0.4015373
0.40151697
0.40150163
0.40149143
0.40148643
0.40148637
0.4014906
0.40149853
0.40150934
0.40152252
0.4015374
0.40155315
0.4015688
0.40158322
0.40159506
0.40160322
0.4016068
0.40160567
0.40160006
0.40159085
0.4015793
0.4015669
0.40155494
0.40154472
0.40153712
0.40153277
0.40153193
0.40153468
0.40154073
0.4015497
0.4015609
0.40157357
0.4015868
0.4015998
0.40161186
0.40162268
0.40163234
0.40164077
0.40164796
0.40165365
0.4016575
0.40165928
0.40165895
0.40165657
0.40165228
0.40164593
0.40163735
0.40162626
0.40161258
0.40159672
0.4015794
0.40156165
0.4015445
0.40152892
0.4015157
0.4015054
0.40149862
0.40149572
0.40149742
0.40150416
0.40151647
0.40153453
0.40155822
0.4015868
0.4016193
0.40165383
0.4016888
0.4017221
0.40175208
0.4017775
0.4017977
0.4018123
0.4018213
0.401825
0.40182382
0.40181842
0.40180975
0.40179867
0.40178663
0.40177476
0.40176436
0.40175644
0.4017517
0.40175027
0.40175182
0.40175518
0.401759
0.40176174
0.40176204
0.40175882
0.40175146
0.4017394
0.4017228
0.40170208
0.40167797
0.40165156
0.40162385
0.40159613
0.4015694
0.4015444
0.40152183
0.40150198
0.4014851
0.4014711
0.40146035
0.40145275
0.4014484
0.40144697
0.40144798
0.40145057
0.40145388
0.40145695
0.4014589
0.40145925
0.40145788
0.40145528
0.401452
0.40144894
0.401447
0.4014469
0.40144914
0.40145394
0.40146112
0.40147033
0.40148097
0.40149215
0.40150294
0.4015123
0.40151933
0.40152353
0.401525
0.40152413
0.40152165
0.4015185
0.40151545
0.40151346
0.40151343
0.40151608
0.40152204
0.4015315
0.40154427
0.40155998
0.40157774
0.40159652
0.40161508
0.40163222
0.40164682
0.40165785
0.40166444
0.40166605
0.40166274
0.40165508
0.40164408
0.40163103
0.40161747
0.4016049
0.4015945
0.40158716
0.4015834
0.40158328
0.4015865
0.40159225
0.4015996
0.40160733
0.40161505
0.4016226
0.4016304
0.40163904
0.40164888
0.40165988
0.4016716
0.4016831
0.40169343
0.4017019
0.40170825
0.40171272
0.40171587
0.40171874
0.4017222
0.40172702
0.40173352
0.40174156
0.40175036
0.4017586
0.40176493
0.40176812
0.4017673
0.4017623
0.40175346
0.40174174
0.4017287
0.40171576
0.4017045
0.40169582
0.40169024
0.4016877
0.40168774
0.40168977
0.4016931
0.40169686
0.4017002
0.40170234
0.4017025
0.40170005
0.40169472
0.40168652
0.4016759
0.40166348
0.40164992
0.40163612
0.401623
0.4016116
0.4016028
0.40159753
0.40159622
0.40159902
0.40160534
0.40161428
0.40162447
0.40163466
0.40164366
0.40165076
0.4016555
0.4016582
0.40165922
0.4016594
0.40165952
0.40166023
0.40166214
0.4016655
0.40167016
0.40167564
0.40168115
0.40168598
0.40168935
0.40169096
0.401691
0.40168986
0.40168804
0.4016858
0.40168315
0.40167975
0.4016752
0.40166888
0.4016606
0.40165043
0.40163878
0.40162635
0.40161404
0.4016027
0.401593
0.4015854
0.40158015
0.40157717
0.40157586
0.4015754
0.40157455
0.40157256
0.4015687
0.4015629
0.4015557
0.40154794
0.40154064
0.40153465
0.40153056
0.40152857
0.4015285
0.40152988
0.40153223
0.40153533
0.40153927
0.4015442
0.40155038
0.4015578
0.4015666
0.4015769
0.40158886
0.40160263
0.40161806
0.4016351
0.40165317
0.40167126
0.40168825
0.40170285
0.40171385
0.40172035
0.40172157
0.40171728
0.40170786
0.40169388
0.40167654
0.4016572
0.4016372
0.40161774
0.40159988
0.401584
0.40157044
0.40155882
0.40154904
0.40154076
0.4015338
0.4015281
0.4015233
0.40151894
0.40151435
0.40150902
0.40150264
0.40149534
0.4014878
0.40148067
0.40147483
0.40147093
0.4014695
0.40147063
0.40147436
0.40148026
0.4014877
0.40149626
0.40150544
0.40151486
0.40152422
0.40153354
0.4015428
0.40155205
0.40156144
0.40157074
0.40157974
0.40158802
0.4015952
0.40160108
0.4016056
0.40160862
0.40161014
0.40160996
0.40160832
0.4016057
0.401603
0.40160143
0.40160212
0.40160587
0.40161294
0.40162328
0.40163615
0.40165043
0.40166453
0.40167695
0.40168643
0.40169215
0.4016938
0.4016914
0.40168557
0.40167755
0.4016686
0.40166023
0.40165374
0.4016501
0.40164983
0.4016529
0.40165886
0.4016667
0.40167552
0.4016845
0.40169314
0.40170133
0.40170908
0.40171638
0.4017233
0.40172988
0.40173602
0.4017415
0.40174592
0.40174863
0.40174878
0.40174565
0.40173873
0.40172789
0.4017133
0.40169567
0.40167612
0.40165573
0.40163562
0.4016166
0.4015993
0.40158406
0.4015709
0.40155947
0.40154913
0.4015391
0.4015285
0.40151697
0.40150434
0.4014911
0.40147796
0.40146574
0.4014552
0.40144706
0.40144172
0.40143952
0.40144047
0.4014444
0.40145105
0.40145987
0.40147066
0.401483
0.40149632
0.40151006
0.40152362
0.40153635
0.40154764
0.40155762
0.40156657
0.4015752
0.40158433
0.4015943
0.40160543
0.40161732
0.40162933
0.40164077
0.40165064
0.40165836
0.4016635
0.4016662
0.40166682
0.4016661
0.40166485
0.40166366
0.4016629
0.40166262
0.40166277
0.40166315
0.40166333
0.40166333
0.40166336
0.4016639
0.40166572
0.40166962
0.40167642
0.4016863
0.40169936
0.40171513
0.4017327
0.40175095
0.40176845
0.4017836
0.4017951
0.4018018
0.40180284
0.40179786
0.40178674
0.4017699
0.40174797
0.40172195
0.401693
0.40166262
0.40163243
0.40160385
0.40157837
0.40155694
0.40154043
0.4015291
0.4015231
0.4015221
0.40152568
0.40153334
0.40154406
0.4015566
0.40156972
0.40158197
0.40159193
0.4015987
0.40160185
0.4016015
0.4015982
0.40159276
0.40158588
0.40157822
0.40157032
0.40156284
0.40155625
0.4015512
0.40154833
0.40154815
0.40155104
0.40155718
0.40156657
0.40157893
0.40159392
0.40161088
0.40162876
0.40164635
0.4016622
0.40167516
0.40168437
0.40168944
0.40169054
0.40168858
0.40168485
0.40168142
0.40168047
0.40168437
0.4016963
0.40171987
0.40175995
0.40182266
0.40191627
0.40205178
0.4022447
0.4025173
0.40289748
0.40342572
0.40415865
0.40517384
0.40657744
0.408512
0.41119924
0.4148651
0.41982022
0.4265384
0.43566477
0.4478097
