0.44251046
0.43198657
0.42409033
0.41814396
0.41370463
0.41042775
0.40802938
0.40626886
0.40498552
0.40405974
0.40339485
0.4029219
0.4025888
0.40235654
0.4021956
0.4020841
0.4020058
0.4019488
0.4019048
0.40186808
0.4018349
0.40180337
0.4017727
0.40174308
0.40171564
0.4016914
0.4016716
0.40165713
0.40164828
0.40164477
0.40164587
0.4016505
0.40165758
0.4016663
0.40167585
0.40168574
0.4016953
0.40170372
0.40171018
0.40171403
0.40171495
0.40171304
0.40170845
0.4017018
0.4016938
0.40168488
0.40167567
0.40166673
0.4016588
0.4016526
0.40164864
0.40164727
0.40164804
0.40165043
0.40165335
0.4016557
0.40165654
0.40165538
0.4016522
0.4016476
0.4016426
0.4016384
0.40163615
0.40163675
0.40164077
0.40164813
0.40165827
0.40167022
0.40168285
0.40169448
0.4017037
0.40170932
0.4017108
0.40170828
0.40170228
0.40169403
0.40168467
0.40167525
0.4016662
0.40165776
0.4016494
0.40164047
0.4016306
0.40161952
0.4016074
0.40159467
0.40158212
0.4015702
0.40155926
0.4015491
0.40153956
0.4015303
0.4015211
0.40151218
0.40150374
0.4014958
0.40148845
0.40148154
0.401475
0.40146884
0.4014632
0.4014584
0.401455
0.40145332
0.40145388
0.401457
0.401463
0.40147212
0.4014845
0.40150023
0.4015191
0.4015408
0.40156454
0.40158954
0.40161514
0.40164044
0.40166435
0.4016861
0.4017052
0.401721
0.4017333
0.4017413
0.40174475
0.4017434
0.40173748
0.40172753
0.40171424
0.40169832
0.40168047
0.40166125
0.40164137
0.4016214
0.4016019
0.40158364
0.40156743
0.4015538
0.4015433
0.40153635
0.4015331
0.40153337
0.4015367
0.40154245
0.40154976
0.40155774
0.40156546
0.40157232
0.40157792
0.40158245
0.40158647
0.40159073
0.40159607
0.40160304
0.401612
0.40162277
0.40163463
0.40164694
0.40165854
0.40166846
0.4016756
0.40167928
0.4016791
0.40167534
0.40166852
0.40165973
0.40164977
0.4016394
0.4016289
0.40161848
0.40160787
0.4015973
0.40158698
0.40157756
0.40156972
0.40156412
0.40156147
0.40156224
0.40156683
0.40157548
0.40158802
0.40160406
0.4016227
0.401643
0.40166336
0.40168244
0.40169862
0.40171066
0.4017177
0.40171897
0.40171444
0.40170425
0.40168926
0.40167055
0.40164974
0.40162864
0.4016089
0.40159214
0.40157926
0.40157086
0.40156692
0.40156716
0.40157086
0.40157712
0.40158492
0.40159294
0.40159974
0.40160412
0.4016051
0.40160233
0.40159607
0.4015868
0.40157548
0.40156284
0.40154967
0.40153652
0.401524
0.40151277
0.40150356
0.40149698
0.40149343
0.4014932
0.4014964
0.40150306
0.40151316
0.4015266
0.40154323
0.40156284
0.40158495
0.40160865
0.40163276
0.4016556
0.40167582
0.40169224
0.401704
0.40171117
0.4017141
0.40171376
0.40171143
0.40170842
0.40170583
0.40170437
0.40170428
0.40170524
0.40170658
0.40170753
0.4017073
0.4017056
0.4017025
0.40169838
0.40169397
0.4016897
0.40168607
0.40168312
0.40168047
0.4016773
0.40167245
0.401665
0.40165436
0.40164044
0.4016238
0.4016056
0.4015874
0.40157095
0.40155798
0.40154976
0.40154722
0.40155074
0.40156034
0.4015755
0.40159532
0.40161857
0.4016438
0.40166938
0.40169394
0.40171617
0.40173542
0.4017516
0.40176493
0.40177605
0.40178582
0.40179476
0.4018031
0.4018105
0.40181622
0.4018193
0.40181884
0.40181416
0.4018049
0.401791
0.401773
0.40175164
0.4017281
0.40170375
0.40168044
0.4016596
0.40164298
0.40163156
0.40162617
0.40162712
0.4016343
0.4016471
0.40166473
0.4016861
0.40170985
0.4017345
0.4017584
0.40177998
0.40179816
0.4018118
0.40182036
0.4018234
0.4018208
0.4018126
0.40179944
0.40178183
0.40176097
0.40173814
0.40171486
0.40169248
0.4016726
0.40165594
0.40164307
0.40163404
0.40162858
0.4016262
0.40162617
0.40162796
0.4016303
0.40163225
0.40163264
0.40163076
0.40162635
0.4016193
0.40161
0.40159905
0.40158713
0.40157506
0.40156347
0.40155312
0.40154448
0.40153775
0.40153283
0.4015296
0.40152797
0.40152812
0.40153018
0.40153423
0.40154022
0.40154782
0.4015564
0.40156528
0.401574
0.4015817
0.4015884
0.4015943
0.40160015
0.40160674
0.40161476
0.4016246
0.40163642
0.4016499
0.4016643
0.40167862
0.40169156
0.40170193
0.40170875
0.4017117
0.40171087
0.40170676
0.40170035
0.4016925
0.40168393
0.40167496
0.40166572
0.40165606
0.40164602
0.40163583
0.40162587
0.40161666
0.40160844
0.40160117
0.40159494
0.40158963
0.40158525
0.40158144
0.40157795
0.40157416
0.40157014
0.4015659
0.40156183
0.40155804
0.40155488
0.40155232
0.4015503
0.40154856
0.40154707
0.40154552
0.40154362
0.4015412
0.40153834
0.401535
0.40153167
0.4015287
0.4015262
0.40152436
0.4015229
0.4015216
0.40151998
0.40151766
0.40151486
0.40151152
0.401508
0.40150443
0.40150118
0.40149835
0.40149623
0.40149513
0.40149546
0.4014977
0.40150237
0.4015096
0.40151945
0.40153137
0.40154466
0.40155822
0.40157112
0.40158248
0.40159154
0.40159765
0.4016009
0.40160164
0.40160048
0.40159836
0.40159613
0.4015946
0.4015945
0.4015962
0.40159962
0.4016045
0.40161014
0.40161583
0.40162107
0.4016253
0.40162832
0.40163007
0.40163085
0.40163088
0.40163037
0.40162942
0.40162778
0.40162522
0.4016215
0.40161657
0.40161082
0.40160483
0.40159923
0.40159458
0.4015913
0.4015894
0.4015886
0.40158856
0.401589
0.40158975
0.40159082
0.40159237
0.40159434
0.40159696
0.4016002
0.40160406
0.40160817
0.40161183
0.4016145
0.40161568
0.40161523
0.40161356
0.40161076
0.4016074
0.40160373
0.4016004
0.40159765
0.40159607
0.40159565
0.40159628
0.40159765
0.40159932
0.40160066
0.401601
0.40159962
0.4015959
0.40158957
0.40158075
0.40156996
0.401558
0.40154567
0.4015338
0.40152302
0.40151387
0.40150645
0.40150076
0.40149656
0.4014933
0.40149054
0.40148762
0.40148395
0.40147957
0.4014747
0.40146965
0.40146467
0.40146014
0.40145642
0.40145388
0.4014531
0.4014545
0.4014586
0.40146583
0.4014766
0.40149102
0.40150914
0.40153053
0.40155476
0.40158084
0.40160763
0.40163392
0.40165862
0.4016809
0.40170044
0.40171716
0.40173167
0.40174472
0.40175718
0.4017697
0.40178284
0.40179643
0.40180996
0.40182257
0.4018333
0.40184125
0.40184587
0.40184668
0.4018436
0.40183687
0.4018268
0.4018142
0.40179983
0.4017847
0.40176955
0.4017548
0.40174025
0.40172553
0.4017099
0.4016931
0.40167484
0.40165552
0.40163592
0.40161675
0.40159878
0.40158263
0.40156847
0.4015562
0.4015456
0.4015363
0.4015279
0.40152022
0.4015135
0.40150806
0.40150434
0.40150237
0.40150192
0.40150264
0.40150386
0.40150493
0.40150538
0.4015049
0.40150374
0.40150237
0.40150127
0.40150103
0.4015021
0.4015046
0.40150836
0.40151295
0.40151787
0.40152243
0.401526
0.4015285
0.40153006
0.401531
0.4015321
0.401534
0.40153727
0.40154213
0.40154877
0.40155703
0.40156633
0.40157577
0.40158454
0.40159145
0.40159586
0.40159777
0.4015973
0.40159523
0.40159237
0.40158954
0.40158758
0.40158713
0.4015885
0.40159166
0.40159625
0.4016016
0.40160695
0.40161133
0.40161395
0.40161416
0.40161148
0.4016062
0.40159878
0.40159014
0.4015811
0.40157264
0.4015655
0.40156013
0.4015565
0.40155455
0.40155402
0.4015546
0.40155637
0.4015594
0.40156388
0.40156975
0.40157676
0.4015841
0.4015909
0.40159646
0.40160003
0.40160173
0.40160194
0.40160125
0.4016004
0.40159974
0.40159932
0.4015985
0.40159672
0.40159297
0.40158665
0.4015774
0.4015655
0.40155172
0.40153706
0.4015227
0.40150982
0.4014995
0.40149257
0.4014893
0.40148973
0.4014934
0.4014998
0.40150815
0.40151775
0.40152797
0.40153816
0.40154797
0.40155718
0.4015656
0.40157282
0.4015784
0.4015817
0.40158224
0.40157983
0.4015748
0.4015678
0.40155992
0.4015523
0.40154582
0.40154132
0.40153927
0.40153962
0.4015422
0.40154636
0.40155107
0.4015555
0.4015583
0.40155864
0.40155584
0.40154955
0.40154037
0.4015289
0.4015163
0.40150356
0.4014918
0.40148187
0.40147445
0.40147018
0.40146974
0.4014734
0.40148145
0.4014937
0.40150946
0.40152764
0.40154698
0.4015659
0.40158284
0.40159646
0.40160584
0.4016107
0.40161148
0.40160918
0.40160528
0.40160108
0.40159783
0.40159646
0.40159732
0.4016005
0.40160552
0.40161148
0.40161762
0.40162316
0.40162772
0.40163147
0.40163466
0.4016376
0.40164062
0.4016436
0.40164655
0.40164942
0.40165222
0.4016552
0.40165868
0.4016628
0.40166774
0.4016734
0.4016794
0.4016849
0.4016892
0.40169162
0.40169185
0.40168977
0.40168577
0.40168044
0.40167442
0.40166843
0.40166324
0.40165943
0.40165725
0.40165657
0.40165716
0.40165854
0.40166032
0.40166208
0.4016629
0.40166187
0.40165794
0.40165013
0.40163818
0.40162218
0.40160316
0.40158248
0.40156192
0.40154326
0.40152824
0.4015182
0.401514
0.40151614
0.40152466
0.40153953
0.40156028
0.4015862
0.40161675
0.40165058
0.4016865
0.40172297
0.40175846
0.4017911
0.4018194
0.40184215
0.4018585
0.40186808
0.4018708
0.40186676
0.40185648
0.4018405
0.40181947
0.40179387
0.40176463
0.4017326
0.4016989
0.40166456
0.40163073
0.40159836
0.40156823
0.40154105
0.40151742
0.40149742
0.40148127
0.40146875
0.4014593
0.40145266
0.4014483
0.40144593
0.40144503
0.4014456
0.40144712
0.4014494
0.401452
0.40145463
0.4014569
0.4014586
0.40145978
0.40146083
0.4014622
0.40146446
0.401468
0.40147287
0.40147915
0.40148658
0.40149486
0.40150332
0.4015117
0.4015195
0.40152654
0.40153292
0.40153867
0.40154415
0.40154952
0.40155447
0.40155864
0.40156156
0.40156245
0.40156123
0.4015578
0.40155295
0.40154693
0.40154025
0.40153325
0.40152606
0.4015188
0.4015118
0.4015055
0.40150052
0.40149736
0.40149647
0.4014983
0.40150264
0.40150943
0.401518
0.4015274
0.40153685
0.4015454
0.40155217
0.40155685
0.4015594
0.40156
0.40155876
0.40155584
0.40155128
0.40154526
0.401538
0.40152988
0.40152165
0.40151453
0.4015093
0.40150702
0.4015081
0.40151286
0.40152133
0.4015331
0.40154782
0.40156457
0.40158245
0.40160036
0.40161702
0.40163162
0.40164313
0.40165076
0.40165374
0.40165177
0.40164486
0.40163356
0.40161887
0.40160212
0.40158466
0.401568
0.40155345
0.40154198
0.40153414
0.40153006
0.4015296
0.4015323
0.4015373
0.4015438
0.40155053
0.40155652
0.40156052
0.40156123
0.40155807
0.4015508
0.40153986
0.40152636
0.40151152
0.4014968
0.4014835
0.40147257
0.40146455
0.40145984
0.4014584
0.4014602
0.40146488
0.40147224
0.4014819
0.40149364
0.40150735
0.40152258
0.40153933
0.40155727
0.4015757
0.401594
0.40161133
0.4016271
0.40164122
0.40165374
0.4016652
0.40167576
0.4016855
0.40169412
0.4017012
0.4017065
0.40171003
0.40171203
0.4017129
0.40171292
0.40171203
0.4017099
0.40170598
0.40169984
0.4016914
0.40168095
0.4016692
0.40165693
0.4016449
0.40163368
0.40162346
0.4016145
0.4016071
0.40160134
0.40159705
0.401594
0.4015915
0.4015891
0.4015865
0.40158358
0.40158027
0.40157652
0.40157205
0.40156677
0.4015606
0.40155354
0.40154576
0.40153745
0.401529
0.40152073
0.40151274
0.40150553
0.40149966
0.4014959
0.40149504
0.40149784
0.40150467
0.40151557
0.40153039
0.40154874
0.40156984
0.40159255
0.40161535
0.40163636
0.40165392
0.40166655
0.40167332
0.40167373
0.40166786
0.4016565
0.40164068
0.40162194
0.40160173
0.40158144
0.40156198
0.40154406
0.4015279
0.4015138
0.40150163
0.4014916
0.40148377
0.40147808
0.4014748
0.40147418
0.4014766
0.40148208
0.40149078
0.40150228
0.40151635
0.40153226
0.40154934
0.40156683
0.4015841
0.40160033
0.40161487
0.4016274
0.40163782
0.40164667
0.40165478
0.40166324
0.4016731
0.40168515
0.40169975
0.40171677
0.40173584
0.40175632
0.4017768
0.40179577
0.4018118
0.4018235
0.40182996
0.40183073
0.40182546
0.40181422
0.40179712
0.40177467
0.4017475
0.40171662
0.40168327
0.4016486
0.4016139
0.40157992
0.40154788
0.40151873
0.40149352
0.4014731
0.40145805
0.40144885
0.40144554
0.40144804
0.401456
0.40146878
0.40148574
0.40150598
0.4015287
0.40155324
0.40157914
0.4016056
0.40163216
0.40165827
0.40168318
0.4017059
0.40172508
0.40173963
0.40174824
0.4017505
0.40174627
0.40173587
0.40172032
0.40170097
0.4016794
0.40165707
0.4016351
0.40161464
0.4015961
0.40157977
0.40156603
0.40155515
0.40154743
0.4015431
0.40154225
0.40154472
0.4015505
0.4015594
0.40157095
0.4015846
0.40159944
0.40161452
0.40162876
0.40164152
0.40165225
0.40166122
0.40166876
0.4016755
0.4016818
0.40168804
0.40169388
0.40169907
0.40170333
0.4017065
0.40170848
0.40170926
0.40170848
0.4017059
0.40170115
0.40169418
0.40168545
0.40167576
0.40166605
0.4016575
0.40165108
0.40164754
0.401647
0.40164948
0.4016546
0.40166172
0.40167013
0.4016792
0.40168867
0.40169853
0.40170896
0.40171996
0.40173134
0.4017426
0.401753
0.401762
0.40176922
0.40177467
0.4017788
0.40178227
0.40178603
0.4017907
0.40179634
0.4018027
0.4018087
0.40181342
0.40181616
0.40181625
0.40181372
0.4018087
0.40180176
0.4017931
0.4017827
0.4017703
0.40175572
0.4017388
0.40171978
0.40169924
0.40167814
0.40165758
0.40163872
0.40162244
0.40160948
0.40160036
0.4015952
0.40159413
0.40159672
0.40160254
0.401611
0.40162116
0.40163234
0.40164375
0.40165502
0.40166527
0.4016738
0.4016796
0.401682
0.4016807
0.40167594
0.40166834
0.40165895
0.40164903
0.40163967
0.4016319
0.40162635
0.4016235
0.40162337
0.40162575
0.40163
0.40163565
0.40164232
0.40164992
0.4016583
0.40166733
0.4016768
0.40168652
0.40169588
0.4017042
0.4017108
0.4017151
0.40171674
0.40171582
0.40171254
0.40170744
0.401701
0.40169364
0.40168554
0.40167713
0.4016686
0.4016604
0.40165275
0.40164587
0.40164003
0.40163574
0.40163368
0.40163463
0.40163898
0.4016471
0.40165868
0.4016731
0.40168917
0.40170538
0.40172008
0.40173173
0.4017392
0.40174174
0.40173903
0.40173134
0.40171954
0.40170455
0.40168762
0.40166962
0.40165144
0.40163353
0.4016161
0.40159935
0.4015835
0.40156862
0.40155488
0.4015423
0.40153083
0.4015203
0.4015105
0.40150157
0.40149358
0.40148675
0.40148154
0.40147823
0.4014771
0.4014784
0.40148234
0.40148896
0.40149817
0.40151
0.40152422
0.4015409
0.40155974
0.40158054
0.40160304
0.40162694
0.40165222
0.40167913
0.401709
0.40174413
0.40178892
0.4018496
0.40193507
0.40205762
0.40223378
0.4024886
0.4028515
0.40336487
0.40408677
0.40509576
0.4064983
0.40843657
0.411132
0.41480845
0.41977528
0.4265057
0.43564197
0.4477944
