0.44257203
0.43206635
0.42418465
0.41824868
0.41381404
0.41053474
0.40812537
0.40634516
0.4050335
0.40407297
0.40336823
0.4028526
0.40247655
0.40220347
0.40200615
0.4018644
0.40176353
0.40169284
0.4016445
0.40161303
0.4015943
0.40158534
0.4015841
0.40158904
0.40159887
0.40161282
0.40162995
0.40164924
0.4016693
0.40168867
0.40170562
0.40171862
0.40172654
0.40172884
0.40172535
0.40171647
0.4017031
0.40168655
0.40166846
0.4016507
0.40163457
0.40162122
0.40161133
0.4016049
0.40160167
0.40160105
0.40160212
0.40160424
0.40160695
0.4016102
0.4016143
0.4016196
0.40162593
0.40163288
0.40163967
0.40164512
0.40164798
0.4016473
0.4016424
0.40163332
0.40162048
0.40160486
0.40158784
0.40157077
0.40155473
0.4015407
0.40152916
0.40152037
0.4015143
0.4015106
0.40150896
0.40150943
0.40151194
0.4015168
0.40152416
0.40153402
0.40154654
0.40156138
0.40157822
0.40159622
0.40161464
0.4016323
0.40164828
0.40166175
0.40167227
0.4016797
0.40168396
0.40168536
0.40168393
0.4016797
0.40167278
0.40166324
0.4016517
0.40163898
0.40162635
0.40161505
0.40160638
0.4016014
0.40160108
0.40160587
0.40161583
0.4016307
0.40164956
0.40167132
0.40169445
0.4017174
0.40173852
0.40175655
0.4017705
0.4017797
0.40178394
0.40178296
0.401777
0.40176624
0.4017512
0.40173247
0.4017111
0.40168807
0.40166467
0.40164223
0.40162203
0.4016051
0.4015922
0.40158355
0.40157914
0.40157843
0.4015805
0.40158415
0.4015881
0.40159103
0.40159166
0.40158907
0.40158296
0.40157348
0.40156147
0.40154812
0.4015348
0.40152285
0.40151316
0.4015064
0.40150294
0.40150288
0.4015062
0.40151277
0.40152216
0.40153387
0.40154722
0.40156123
0.4015747
0.4015865
0.40159562
0.4016014
0.4016038
0.4016032
0.4016004
0.40159625
0.40159205
0.40158862
0.40158653
0.40158606
0.40158686
0.40158835
0.4015898
0.40159085
0.40159118
0.401591
0.40159032
0.40158907
0.40158707
0.40158427
0.4015805
0.40157598
0.40157124
0.40156683
0.40156317
0.40156066
0.40155962
0.4015602
0.4015625
0.40156692
0.40157387
0.40158364
0.40159664
0.40161294
0.4016325
0.40165478
0.4016786
0.40170282
0.40172562
0.4017455
0.4017611
0.40177137
0.40177587
0.40177462
0.40176803
0.40175724
0.40174353
0.40172842
0.40171334
0.40169942
0.40168703
0.40167624
0.40166637
0.40165654
0.401646
0.40163404
0.40162054
0.4016056
0.40158984
0.40157428
0.40155995
0.4015476
0.4015378
0.4015305
0.40152556
0.4015223
0.40152022
0.40151882
0.401518
0.4015174
0.40151685
0.4015162
0.4015155
0.4015152
0.4015156
0.40151724
0.4015203
0.40152454
0.4015296
0.4015348
0.40153927
0.4015424
0.4015441
0.40154466
0.40154463
0.4015447
0.40154544
0.40154725
0.40155014
0.401554
0.4015585
0.40156344
0.40156838
0.40157282
0.4015758
0.4015767
0.40157485
0.40157017
0.40156263
0.40155283
0.40154132
0.40152895
0.40151656
0.40150476
0.4014944
0.4014858
0.4014793
0.40147498
0.401473
0.4014735
0.40147683
0.40148288
0.40149158
0.40150267
0.40151584
0.40153098
0.40154785
0.4015665
0.4015865
0.40160766
0.40162963
0.40165204
0.40167448
0.4016961
0.4017159
0.4017326
0.40174505
0.40175226
0.40175366
0.40174916
0.40173903
0.40172413
0.40170547
0.40168437
0.40166196
0.4016388
0.40161574
0.4015933
0.40157205
0.40155295
0.40153667
0.4015241
0.4015158
0.4015123
0.40151376
0.40152046
0.40153235
0.40154925
0.4015706
0.40159556
0.40162307
0.4016517
0.4016799
0.40170613
0.40172902
0.40174755
0.40176088
0.4017686
0.4017705
0.40176672
0.4017575
0.4017436
0.40172562
0.4017046
0.40168175
0.4016582
0.4016349
0.4016128
0.4015927
0.40157548
0.40156156
0.40155098
0.4015434
0.40153793
0.40153334
0.40152827
0.40152156
0.40151232
0.40150052
0.40148658
0.40147164
0.40145692
0.40144378
0.40143326
0.40142617
0.40142313
0.4014247
0.40143096
0.40144184
0.4014572
0.40147647
0.4014992
0.4015245
0.4015517
0.4015797
0.4016074
0.4016339
0.40165854
0.4016809
0.40170118
0.40171966
0.40173662
0.4017523
0.4017665
0.40177882
0.40178844
0.40179458
0.4017966
0.40179405
0.4017869
0.4017754
0.40176052
0.4017432
0.40172485
0.4017066
0.4016895
0.40167397
0.40166047
0.40164894
0.4016395
0.40163222
0.4016275
0.4016252
0.40162516
0.4016268
0.40162933
0.40163216
0.4016349
0.40163738
0.40163985
0.4016424
0.40164515
0.40164822
0.40165138
0.4016546
0.40165803
0.40166196
0.40166682
0.40167305
0.4016809
0.40169013
0.40170026
0.4017106
0.4017204
0.40172902
0.401736
0.40174115
0.40174454
0.40174648
0.40174752
0.40174845
0.4017499
0.40175244
0.40175617
0.4017608
0.40176576
0.40177044
0.40177426
0.40177688
0.4017782
0.40177837
0.40177774
0.40177697
0.40177637
0.40177655
0.40177745
0.40177888
0.40178013
0.40178004
0.40177765
0.40177196
0.4017625
0.401749
0.40173212
0.40171248
0.4016914
0.40167022
0.4016503
0.40163308
0.4016197
0.40161106
0.4016079
0.40161046
0.40161866
0.40163222
0.4016506
0.4016728
0.40169787
0.4017245
0.40175158
0.4017781
0.40180317
0.4018261
0.4018465
0.40186375
0.40187755
0.40188742
0.40189293
0.40189385
0.4018901
0.4018814
0.40186805
0.40185037
0.40182912
0.40180522
0.4017798
0.40175405
0.40172917
0.4017062
0.40168568
0.40166765
0.40165192
0.40163758
0.4016241
0.40161118
0.40159884
0.4015874
0.4015771
0.40156835
0.40156156
0.4015566
0.4015535
0.4015518
0.40155125
0.40155157
0.4015526
0.40155414
0.40155634
0.4015594
0.4015635
0.4015688
0.4015752
0.40158284
0.4015915
0.40160096
0.4016107
0.40162012
0.40162885
0.4016367
0.40164366
0.4016501
0.40165597
0.4016614
0.40166587
0.40166885
0.40166968
0.40166816
0.40166426
0.40165833
0.40165085
0.4016425
0.4016338
0.40162525
0.4016173
0.40161023
0.40160385
0.40159795
0.40159234
0.401587
0.40158245
0.40157956
0.40157902
0.4015818
0.4015885
0.40159962
0.40161532
0.4016355
0.40165955
0.40168646
0.4017148
0.40174302
0.4017693
0.40179226
0.40181062
0.4018233
0.40182996
0.40183026
0.40182447
0.40181324
0.4017973
0.40177765
0.4017556
0.4017324
0.4017093
0.4016874
0.40166783
0.40165094
0.40163702
0.40162575
0.40161672
0.4016091
0.40160233
0.40159598
0.40158945
0.40158266
0.4015754
0.40156725
0.40155843
0.40154886
0.401539
0.40152916
0.40151975
0.4015111
0.4015034
0.40149668
0.40149102
0.40148634
0.40148252
0.40147942
0.40147707
0.40147555
0.40147477
0.40147457
0.40147486
0.40147555
0.40147698
0.40147942
0.40148333
0.40148908
0.40149668
0.4015063
0.40151787
0.4015313
0.4015464
0.4015625
0.40157896
0.4015951
0.40161023
0.40162408
0.40163663
0.401648
0.40165824
0.40166724
0.40167472
0.4016802
0.4016833
0.4016836
0.40168115
0.40167654
0.4016704
0.4016639
0.4016583
0.4016547
0.4016541
0.40165716
0.40166438
0.401676
0.40169197
0.4017117
0.40173438
0.40175894
0.40178412
0.40180892
0.4018323
0.40185356
0.40187228
0.40188786
0.4019001
0.40190864
0.40191305
0.40191314
0.40190873
0.40189996
0.40188697
0.4018703
0.4018503
0.40182757
0.40180254
0.40177596
0.40174848
0.401721
0.40169457
0.4016698
0.40164724
0.40162727
0.40160963
0.40159407
0.40158018
0.40156773
0.40155655
0.40154645
0.40153775
0.40153053
0.4015252
0.40152162
0.40151978
0.40151945
0.40152046
0.4015226
0.40152574
0.40152988
0.40153515
0.40154165
0.40154967
0.40155944
0.401571
0.4015843
0.40159875
0.40161353
0.401628
0.40164125
0.40165296
0.4016632
0.40167207
0.40167996
0.40168723
0.40169394
0.40169966
0.40170392
0.4017061
0.40170565
0.40170255
0.40169725
0.4016904
0.4016831
0.40167645
0.40167156
0.40166923
0.4016699
0.40167323
0.4016785
0.40168437
0.4016895
0.40169272
0.40169352
0.40169212
0.40168917
0.40168574
0.40168288
0.40168133
0.4016815
0.4016832
0.40168598
0.40168864
0.40168992
0.40168846
0.40168345
0.4016743
0.40166122
0.40164474
0.4016259
0.40160617
0.40158674
0.4015689
0.40155357
0.40154132
0.40153217
0.40152594
0.4015222
0.40152022
0.4015196
0.40151972
0.40152013
0.40152058
0.4015206
0.40152013
0.40151903
0.40151763
0.4015166
0.4015165
0.4015179
0.40152118
0.4015263
0.40153322
0.40154156
0.40155077
0.40156
0.4015683
0.4015745
0.4015776
0.4015771
0.4015727
0.40156505
0.40155497
0.40154353
0.4015319
0.40152094
0.40151134
0.4015034
0.40149713
0.40149236
0.40148902
0.401487
0.40148625
0.40148643
0.40148756
0.40148947
0.40149203
0.40149513
0.40149853
0.4015022
0.40150622
0.40151078
0.4015163
0.4015232
0.40153217
0.4015437
0.40155807
0.40157524
0.40159473
0.40161562
0.40163672
0.40165657
0.40167385
0.40168753
0.40169716
0.40170258
0.40170434
0.40170315
0.4016998
0.4016949
0.40168884
0.40168172
0.40167338
0.40166354
0.40165198
0.40163857
0.4016237
0.4016079
0.4015922
0.40157768
0.40156513
0.40155533
0.4015485
0.40154472
0.4015437
0.40154514
0.40154877
0.4015543
0.40156147
0.40157
0.40157947
0.40158954
0.40159953
0.4016089
0.40161774
0.40162614
0.4016348
0.4016446
0.40165597
0.40166909
0.4016836
0.40169844
0.40171248
0.40172443
0.40173334
0.4017386
0.40174007
0.40173796
0.40173298
0.40172616
0.40171874
0.4017118
0.4017062
0.40170264
0.40170148
0.4017028
0.40170676
0.4017134
0.4017227
0.40173432
0.40174744
0.4017611
0.4017739
0.4017845
0.4017918
0.40179497
0.4017935
0.40178725
0.40177637
0.40176123
0.40174252
0.40172085
0.40169713
0.401672
0.4016462
0.40162054
0.40159568
0.4015725
0.40155137
0.40153298
0.4015177
0.40150565
0.40149674
0.40149075
0.40148717
0.40148544
0.40148547
0.40148702
0.40149018
0.4014947
0.401501
0.4015093
0.4015199
0.40153286
0.40154824
0.4015657
0.40158454
0.40160382
0.40162215
0.4016382
0.4016505
0.40165797
0.40166017
0.40165707
0.4016492
0.40163797
0.40162498
0.4016121
0.40160102
0.4015933
0.40158996
0.40159142
0.40159726
0.40160668
0.4016183
0.4016307
0.4016423
0.40165174
0.40165794
0.40166
0.40165782
0.40165162
0.40164205
0.4016302
0.4016173
0.40160456
0.4015928
0.40158272
0.40157458
0.40156853
0.40156436
0.40156198
0.40156087
0.40156078
0.4015611
0.40156147
0.4015617
0.40156183
0.40156174
0.40156147
0.40156096
0.4015599
0.40155822
0.40155602
0.40155354
0.40155098
0.40154845
0.40154603
0.40154347
0.40154055
0.40153715
0.40153295
0.40152794
0.4015222
0.40151578
0.4015092
0.4015028
0.4014972
0.40149263
0.40148923
0.40148708
0.40148625
0.4014864
0.40148753
0.40148938
0.40149173
0.40149468
0.40149817
0.4015026
0.4015081
0.40151522
0.4015245
0.4015367
0.40155223
0.40157112
0.40159324
0.40161806
0.40164486
0.4016727
0.40170032
0.40172648
0.4017503
0.40177086
0.4017877
0.40180054
0.40180928
0.40181392
0.40181455
0.40181154
0.40180525
0.40179616
0.4017847
0.40177155
0.40175718
0.40174204
0.4017264
0.40171018
0.4016931
0.40167484
0.40165544
0.401635
0.40161386
0.40159264
0.40157154
0.40155107
0.4015315
0.40151322
0.40149662
0.40148202
0.40146965
0.40145943
0.40145138
0.40144533
0.40144095
0.40143773
0.40143514
0.40143266
0.40143
0.40142688
0.4014232
0.40141922
0.4014153
0.40141177
0.40140882
0.4014068
0.40140605
0.4014069
0.4014099
0.4014153
0.4014233
0.40143394
0.4014469
0.40146178
0.401478
0.4014949
0.40151188
0.4015286
0.4015448
0.40156052
0.40157542
0.40158918
0.40160102
0.4016102
0.4016161
0.40161848
0.4016172
0.40161234
0.40160453
0.40159458
0.40158337
0.40157223
0.401562
0.4015535
0.40154737
0.40154344
0.4015416
0.40154135
0.4015424
0.40154454
0.40154815
0.40155378
0.40156198
0.40157288
0.40158647
0.40160194
0.40161818
0.40163362
0.40164676
0.40165624
0.40166092
0.40166017
0.40165403
0.40164295
0.40162787
0.40160993
0.40159038
0.40157014
0.4015501
0.40153056
0.40151185
0.40149426
0.40147808
0.40146384
0.4014521
0.40144372
0.40143943
0.40144
0.401446
0.4014577
0.40147516
0.40149808
0.4015258
0.40155736
0.4015916
0.4016272
0.4016627
0.40169686
0.4017284
0.40175632
0.40177998
0.40179908
0.40181348
0.4018234
0.4018288
0.40182996
0.4018269
0.40181962
0.40180847
0.4017937
0.401776
0.4017564
0.4017361
0.40171665
0.4016995
0.40168595
0.40167713
0.4016739
0.40167654
0.4016849
0.40169838
0.40171584
0.40173593
0.40175703
0.40177765
0.40179673
0.40181345
0.40182748
0.4018388
0.40184754
0.40185416
0.4018591
0.40186286
0.40186536
0.4018663
0.4018651
0.40186104
0.40185347
0.40184182
0.4018258
0.4018055
0.4017812
0.4017536
0.40172356
0.40169242
0.40166152
0.40163225
0.4016055
0.401582
0.40156183
0.40154466
0.40152994
0.40151715
0.40150538
0.40149426
0.40148365
0.4014737
0.40146497
0.40145805
0.4014536
0.4014522
0.40145433
0.40145987
0.4014688
0.40148094
0.4014961
0.40151444
0.40153605
0.40156078
0.40158835
0.40161797
0.4016486
0.40167895
0.40170723
0.40173227
0.40175286
0.40176815
0.4017776
0.4017808
0.4017778
0.4017689
0.40175465
0.40173575
0.4017134
0.40168875
0.40166304
0.40163776
0.40161398
0.4015928
0.40157533
0.4015622
0.40155405
0.401551
0.4015527
0.4015585
0.40156743
0.40157828
0.40158972
0.40160048
0.40160936
0.40161568
0.4016189
0.40161926
0.4016173
0.40161368
0.40160948
0.4016056
0.40160277
0.40160152
0.4016022
0.40160495
0.4016097
0.40161642
0.4016254
0.40163645
0.4016495
0.40166417
0.4016796
0.40169477
0.40170854
0.40171972
0.40172723
0.4017303
0.40172872
0.40172234
0.40171155
0.40169683
0.40167925
0.40165973
0.40163925
0.40161872
0.40159893
0.40158024
0.40156287
0.4015471
0.40153304
0.40152055
0.40150943
0.40149945
0.40149054
0.40148285
0.40147656
0.40147188
0.4014688
0.40146723
0.401467
0.40146804
0.40147027
0.40147343
0.40147734
0.40148154
0.4014858
0.4014899
0.4014937
0.40149727
0.40150085
0.40150452
0.40150872
0.40151373
0.40151998
0.40152788
0.40153778
0.4015497
0.40156373
0.40157974
0.40159765
0.40161747
0.40163916
0.40166277
0.40168828
0.40171498
0.40174198
0.40176803
0.40179172
0.40181196
0.40182775
0.40183824
0.40184298
0.401842
0.40183547
0.401824
0.40180793
0.40178797
0.4017647
0.40173876
0.40171117
0.40168285
0.40165478
0.40162778
0.40160242
0.4015789
0.40155733
0.40153766
0.40151975
0.40150356
0.40148905
0.40147632
0.4014654
0.40145612
0.4014483
0.40144166
0.40143582
0.4014306
0.40142584
0.40142182
0.40141907
0.40141833
0.40142035
0.40142584
0.40143526
0.40144894
0.4014668
0.4014882
0.40151256
0.4015388
0.40156573
0.40159187
0.40161583
0.40163624
0.40165234
0.40166372
0.40167066
0.40167388
0.40167442
0.40167353
0.40167263
0.40167338
0.40167764
0.40168753
0.4017058
0.40173542
0.40178052
0.40184662
0.40194136
0.40207583
0.40226582
0.4025343
0.40291005
0.4034344
0.404165
0.40517986
0.40658554
0.40852425
0.4112172
0.41488856
0.41984764
0.42656764
0.4356916
0.44783062
