0.4425956
0.43209583
0.42421785
0.418284
0.41385108
0.41057488
0.40817112
0.40640014
0.4051017
0.40415728
0.40347096
0.40297526
0.40262014
0.402369
0.4021945
0.40207654
0.40200016
0.40195394
0.40192914
0.40191904
0.4019186
0.4019241
0.4019328
0.40194312
0.40195364
0.40196377
0.40197307
0.40198126
0.40198824
0.40199405
0.4019989
0.4020029
0.40200624
0.40200886
0.40201068
0.40201166
0.40201163
0.4020104
0.40200776
0.4020034
0.4019971
0.40198863
0.40197784
0.40196472
0.40194947
0.40193257
0.4019144
0.4018956
0.40187672
0.40185836
0.40184116
0.40182546
0.40181118
0.4017978
0.40178484
0.40177184
0.40175852
0.40174505
0.40173182
0.40171936
0.4017084
0.40169933
0.40169317
0.40169054
0.40169203
0.40169773
0.40170705
0.40171894
0.40173182
0.40174368
0.4017531
0.40175855
0.40175915
0.40175465
0.40174484
0.40173048
0.40171242
0.40169168
0.40166962
0.4016476
0.4016268
0.40160796
0.40159163
0.40157795
0.4015666
0.40155703
0.4015484
0.40153995
0.40153107
0.40152144
0.40151113
0.40150067
0.40149102
0.4014832
0.40147796
0.40147588
0.40147737
0.4014824
0.40149093
0.4015026
0.40151677
0.40153265
0.40154943
0.40156624
0.40158245
0.40159786
0.4016125
0.4016264
0.40163958
0.40165162
0.40166208
0.4016704
0.40167597
0.40167883
0.4016791
0.4016773
0.4016746
0.40167204
0.40167052
0.40167066
0.4016725
0.4016757
0.4016796
0.40168303
0.40168464
0.40168345
0.40167895
0.40167084
0.40165973
0.40164623
0.4016313
0.40161568
0.40160018
0.4015852
0.401571
0.4015579
0.40154606
0.4015361
0.40152833
0.40152314
0.4015207
0.4015211
0.40152416
0.40152976
0.4015374
0.4015467
0.40155715
0.40156823
0.40157926
0.40158966
0.40159884
0.40160647
0.4016124
0.40161702
0.4016204
0.40162268
0.4016238
0.4016235
0.40162134
0.40161693
0.40161026
0.40160167
0.40159178
0.40158144
0.40157148
0.40156275
0.4015557
0.4015507
0.40154785
0.40154713
0.4015483
0.4015508
0.4015537
0.40155604
0.4015569
0.40155584
0.40155268
0.40154794
0.40154257
0.40153757
0.40153363
0.4015313
0.40153095
0.40153262
0.40153626
0.40154198
0.4015496
0.40155882
0.4015691
0.4015794
0.40158856
0.40159526
0.40159878
0.40159863
0.4015949
0.40158808
0.4015788
0.4015678
0.40155572
0.40154317
0.40153083
0.40151894
0.40150818
0.40149897
0.4014917
0.40148655
0.4014837
0.4014834
0.40148553
0.40149018
0.40149742
0.4015069
0.4015183
0.40153104
0.40154466
0.4015586
0.40157282
0.40158716
0.40160134
0.40161493
0.4016274
0.40163788
0.40164608
0.4016518
0.40165552
0.4016581
0.4016607
0.40166494
0.40167254
0.40168548
0.40170544
0.4017342
0.40177348
0.40182537
0.4018928
0.40197986
0.40209305
0.40224195
0.40244132
0.4027137
0.4030877
0.40360507
0.40432373
0.4053226
0.4067092
0.4086269
0.4112975
0.41494858
0.41989002
0.42659435
0.43570817
0.44784096
