0.4425178
0.43199748
0.4241057
0.4181646
0.41373044
0.41045803
0.40806192
0.4063011
0.40501422
0.40408185
0.4034078
0.402924
0.40257925
0.40233544
0.40216377
0.40204275
0.40195662
0.40189394
0.40184656
0.40180883
0.40177733
0.4017499
0.40172592
0.40170524
0.40168825
0.4016755
0.4016675
0.4016647
0.4016671
0.40167415
0.40168464
0.40169713
0.40170974
0.401721
0.40172967
0.40173492
0.40173653
0.4017349
0.40173075
0.40172526
0.40171933
0.40171376
0.40170875
0.4017042
0.40169966
0.40169498
0.4016902
0.40168568
0.40168223
0.40168074
0.40168202
0.40168643
0.40169373
0.40170377
0.40171605
0.40173063
0.40174863
0.40177217
0.40180534
0.40185457
0.40192902
0.40204147
0.40220913
0.40245762
0.40281707
0.4033296
0.4040532
0.40506604
0.4064741
0.40841877
0.41112095
0.41480303
0.4197742
0.42650783
0.43564513
0.4477972
