0.44261023
0.43211716
0.42424718
0.41832218
0.41389742
0.41062692
0.40822437
0.4064496
0.4051421
0.40418458
0.40348226
0.40296906
0.40259615
0.4023275
0.40213636
0.40200275
0.4019116
0.4018513
0.401813
0.40178955
0.40177533
0.40176603
0.40175882
0.4017519
0.40174472
0.40173748
0.40173116
0.40172717
0.40172687
0.40173167
0.40174216
0.4017582
0.40177897
0.40180317
0.40182897
0.40185463
0.40187868
0.40189984
0.40191746
0.401931
0.4019403
0.40194535
0.4019463
0.40194297
0.40193552
0.40192398
0.40190867
0.4018899
0.40186805
0.40184355
0.4018168
0.40178818
0.4017583
0.40172794
0.40169805
0.40166947
0.40164304
0.40161917
0.40159816
0.40157998
0.40156454
0.40155172
0.40154138
0.40153378
0.40152916
0.40152797
0.4015302
0.4015354
0.40154296
0.4015519
0.4015613
0.4015703
0.40157863
0.40158623
0.4015933
0.4015998
0.40160587
0.4016114
0.40161636
0.4016208
0.4016248
0.40162867
0.40163282
0.4016377
0.40164343
0.4016498
0.40165642
0.4016624
0.4016668
0.40166888
0.4016681
0.40166464
0.401659
0.40165222
0.4016453
0.40163895
0.40163368
0.4016292
0.40162498
0.4016202
0.40161395
0.40160593
0.40159613
0.40158513
0.4015737
0.40156308
0.40155458
0.40154934
0.4015483
0.401552
0.40156052
0.40157357
0.40159085
0.40161148
0.40163496
0.4016603
0.4016865
0.40171242
0.40173668
0.40175793
0.40177462
0.40178585
0.4017907
0.40178907
0.40178132
0.40176818
0.40175098
0.40173122
0.4017107
0.4016911
0.40167448
0.40166244
0.40165606
0.4016558
0.40166137
0.40167177
0.40168557
0.40170094
0.4017159
0.40172863
0.40173772
0.40174225
0.40174156
0.4017356
0.40172464
0.4017096
0.40169153
0.40167192
0.40165225
0.40163362
0.40161663
0.40160152
0.40158778
0.40157485
0.40156198
0.40154842
0.40153384
0.40151834
0.40150252
0.40148717
0.4014729
0.40146044
0.40145043
0.40144345
0.4014398
0.40143958
0.40144277
0.40144882
0.40145683
0.40146607
0.40147573
0.40148503
0.4014935
0.40150073
0.40150684
0.40151218
0.40151712
0.4015222
0.4015275
0.4015331
0.40153927
0.40154612
0.4015537
0.4015618
0.40157005
0.40157768
0.401584
0.40158844
0.4015906
0.40159044
0.40158817
0.4015841
0.40157855
0.40157178
0.40156406
0.40155542
0.40154576
0.40153518
0.40152407
0.40151295
0.40150225
0.40149233
0.40148365
0.4014761
0.40146968
0.4014641
0.40145925
0.4014551
0.40145153
0.40144846
0.40144584
0.40144375
0.40144232
0.40144187
0.40144256
0.40144458
0.4014483
0.40145403
0.40146205
0.4014726
0.40148562
0.40150133
0.40151972
0.40154082
0.40156463
0.40159076
0.4016185
0.40164664
0.4016737
0.401698
0.40171775
0.4017321
0.4017402
0.401742
0.40173808
0.4017292
0.4017165
0.4017012
0.40168452
0.4016674
0.40165073
0.40163505
0.4016211
0.4016093
0.40159997
0.40159342
0.40158948
0.40158802
0.40158877
0.40159148
0.4015957
0.40160123
0.40160793
0.40161586
0.40162516
0.40163597
0.4016484
0.4016623
0.40167776
0.40169463
0.4017128
0.40173182
0.4017508
0.40176845
0.40178356
0.40179506
0.40180248
0.40180555
0.40180492
0.40180162
0.40179697
0.40179268
0.40179056
0.4017926
0.4018008
0.40181768
0.40184644
0.40189126
0.40195763
0.40205324
0.40218842
0.402378
0.40264508
0.4030178
0.40353718
0.40426093
0.40526718
0.40666264
0.40859
0.4112706
0.4149304
0.41987887
0.42658898
0.4357059
0.4478401
