0.44268313
0.4322122
0.42436108
0.41845232
0.4140417
0.4107843
0.4083932
0.40662882
0.40533078
0.40438044
0.40368205
0.403168
0.40278807
0.40250495
0.40229133
0.40212733
0.401999
0.40189666
0.40181386
0.4017463
0.4016913
0.401647
0.40161204
0.40158555
0.40156665
0.40155455
0.40154824
0.40154666
0.40154874
0.40155342
0.40155974
0.40156713
0.4015752
0.4015841
0.40159371
0.4016041
0.40161481
0.4016253
0.4016348
0.40164247
0.40164718
0.40164846
0.40164605
0.40164053
0.40163264
0.40162346
0.40161398
0.40160486
0.4015963
0.40158793
0.40157932
0.4015698
0.4015591
0.40154722
0.4015343
0.40152115
0.40150818
0.401496
0.40148485
0.40147495
0.40146625
0.40145856
0.40145165
0.40144524
0.40143943
0.40143418
0.4014301
0.40142763
0.40142727
0.40142903
0.4014329
0.40143836
0.40144497
0.40145224
0.40145946
0.40146628
0.40147242
0.401478
0.4014832
0.40148848
0.40149403
0.40150025
0.40150723
0.40151548
0.4015252
0.40153652
0.40154943
0.40156358
0.40157846
0.4015935
0.401608
0.4016215
0.40163368
0.40164438
0.40165323
0.40165988
0.40166375
0.4016641
0.40166074
0.4016537
0.40164334
0.40163034
0.40161538
0.4015991
0.40158236
0.40156573
0.40154976
0.40153503
0.40152165
0.40150988
0.40149966
0.40149102
0.40148416
0.40147915
0.40147623
0.40147552
0.40147725
0.40148163
0.40148854
0.4014981
0.40151012
0.40152422
0.4015397
0.40155575
0.40157112
0.40158442
0.40159443
0.4016002
0.40160125
0.40159765
0.4015898
0.4015788
0.401566
0.40155306
0.4015414
0.40153235
0.40152645
0.4015239
0.40152466
0.40152818
0.40153387
0.40154102
0.4015489
0.40155682
0.40156433
0.40157127
0.40157777
0.40158376
0.40158927
0.40159437
0.40159938
0.4016048
0.40161097
0.4016179
0.40162542
0.40163288
0.4016394
0.40164423
0.4016469
0.40164733
0.40164545
0.4016417
0.40163627
0.40162924
0.4016208
0.40161112
0.40160015
0.40158826
0.40157577
0.40156353
0.40155235
0.4015427
0.40153533
0.4015308
0.40152943
0.4015313
0.4015362
0.4015439
0.40155387
0.40156555
0.40157795
0.40158996
0.4016008
0.4016095
0.40161583
0.4016199
0.40162194
0.40162244
0.40162152
0.40161934
0.40161613
0.4016119
0.40160722
0.40160227
0.40159726
0.40159202
0.40158635
0.4015801
0.401573
0.4015648
0.40155512
0.40154377
0.40153104
0.4015174
0.4015038
0.40149108
0.40148
0.40147114
0.40146482
0.401461
0.40145943
0.4014596
0.40146095
0.40146312
0.40146607
0.40147007
0.40147513
0.4014815
0.40148923
0.40149805
0.40150774
0.40151784
0.4015277
0.40153673
0.40154412
0.40154937
0.401552
0.40155163
0.4015484
0.40154275
0.40153584
0.40152887
0.40152335
0.40152058
0.4015215
0.40152654
0.40153584
0.40154874
0.40156457
0.40158218
0.40160033
0.40161765
0.401633
0.40164572
0.40165555
0.4016629
0.40166816
0.40167212
0.40167534
0.40167812
0.40168032
0.40168154
0.4016811
0.40167847
0.4016735
0.40166664
0.4016586
0.40165052
0.40164357
0.40163857
0.40163618
0.4016365
0.40163958
0.40164512
0.4016528
0.40166202
0.40167218
0.40168288
0.4016938
0.40170452
0.40171453
0.4017231
0.40172938
0.40173277
0.40173292
0.4017299
0.40172413
0.40171608
0.4017065
0.4016958
0.40168422
0.40167207
0.40165967
0.40164763
0.40163663
0.40162736
0.4016203
0.4016161
0.40161532
0.40161812
0.40162438
0.4016337
0.4016456
0.40165976
0.4016761
0.4016942
0.40171385
0.40173438
0.40175495
0.40177462
0.40179196
0.40180585
0.40181527
0.40181935
0.40181768
0.40181032
0.4017978
0.4017809
0.40176088
0.40173918
0.40171725
0.40169647
0.40167764
0.40166125
0.4016475
0.4016367
0.40162888
0.40162423
0.40162277
0.40162396
0.40162745
0.40163225
0.4016373
0.4016415
0.4016438
0.40164378
0.40164128
0.40163657
0.4016303
0.40162304
0.4016152
0.40160754
0.40160048
0.4015945
0.40159014
0.40158775
0.40158775
0.40159017
0.40159494
0.4016014
0.4016089
0.40161666
0.40162387
0.40163034
0.40163612
0.40164155
0.40164703
0.40165287
0.40165898
0.40166494
0.40166998
0.4016736
0.40167522
0.40167493
0.40167278
0.40166906
0.40166384
0.40165693
0.40164793
0.4016367
0.40162334
0.4016085
0.401593
0.4015781
0.4015648
0.40155402
0.40154645
0.40154243
0.40154195
0.40154487
0.40155083
0.40155923
0.4015696
0.40158102
0.40159282
0.40160394
0.40161392
0.40162233
0.401629
0.40163386
0.40163684
0.40163803
0.4016373
0.40163487
0.40163103
0.4016262
0.40162054
0.40161476
0.4016095
0.40160593
0.401605
0.40160772
0.40161493
0.401627
0.4016437
0.4016644
0.40168792
0.40171272
0.40173724
0.40175992
0.40177947
0.401795
0.40180597
0.40181202
0.40181342
0.40181044
0.4018037
0.40179417
0.401783
0.4017713
0.40175992
0.40174958
0.40174064
0.4017335
0.4017281
0.40172386
0.40172014
0.40171626
0.401712
0.40170735
0.40170255
0.40169787
0.40169343
0.40168893
0.40168405
0.40167853
0.4016721
0.4016644
0.40165538
0.40164524
0.40163434
0.40162325
0.40161234
0.40160194
0.40159205
0.4015827
0.4015741
0.40156665
0.4015606
0.401556
0.4015528
0.4015507
0.40154982
0.40155023
0.4015524
0.40155682
0.40156364
0.40157282
0.401584
0.4015967
0.40160978
0.40162215
0.40163237
0.40163907
0.4016415
0.40163925
0.40163276
0.40162307
0.40161133
0.40159893
0.40158695
0.4015764
0.40156803
0.40156254
0.40156052
0.4015627
0.4015695
0.4015814
0.40159845
0.40162045
0.40164676
0.40167665
0.4017087
0.40174153
0.40177363
0.4018037
0.40183064
0.4018536
0.40187195
0.40188533
0.40189326
0.40189564
0.40189245
0.40188396
0.40187076
0.4018535
0.4018333
0.40181124
0.40178853
0.40176612
0.40174472
0.40172467
0.40170592
0.40168872
0.40167364
0.4016615
0.40165323
0.40164998
0.40165222
0.40165988
0.40167245
0.4016886
0.4017067
0.40172476
0.40174112
0.4017541
0.40176263
0.40176585
0.40176335
0.401755
0.40174115
0.40172246
0.40169996
0.40167505
0.40164924
0.40162432
0.40160173
0.40158245
0.401567
0.40155524
0.40154687
0.40154108
0.40153742
0.40153533
0.40153468
0.40153542
0.40153793
0.4015425
0.40154943
0.40155867
0.4015698
0.40158257
0.40159595
0.4016091
0.40162086
0.40163046
0.40163758
0.40164232
0.4016453
0.40164766
0.40165016
0.40165344
0.40165785
0.4016633
0.40166962
0.40167612
0.40168187
0.40168574
0.4016868
0.40168422
0.40167794
0.40166816
0.4016555
0.40164092
0.4016252
0.40160912
0.40159324
0.40157798
0.4015636
0.40155023
0.40153778
0.4015259
0.4015146
0.40150386
0.401494
0.40148538
0.40147838
0.4014733
0.40147036
0.40146965
0.40147114
0.4014749
0.40148097
0.40148938
0.4015001
0.40151304
0.40152797
0.40154448
0.40156204
0.40157998
0.40159765
0.4016145
0.40163025
0.40164518
0.4016596
0.40167415
0.40168917
0.40170467
0.4017204
0.4017357
0.40174985
0.40176213
0.4017723
0.40178025
0.4017859
0.40178925
0.40178975
0.40178707
0.40178093
0.40177163
0.40175956
0.40174517
0.40172926
0.4017123
0.40169492
0.4016774
0.4016599
0.40164223
0.40162447
0.40160665
0.4015889
0.4015718
0.40155613
0.4015425
0.4015315
0.40152335
0.40151832
0.40151617
0.40151668
0.40151936
0.40152377
0.40152934
0.40153584
0.40154284
0.40155026
0.40155813
0.40156683
0.40157673
0.4015881
0.401601
0.40161487
0.40162918
0.40164283
0.40165478
0.4016638
0.4016693
0.40167084
0.40166843
0.40166262
0.401654
0.40164322
0.4016307
0.40161687
0.40160218
0.40158698
0.40157166
0.40155634
0.40154117
0.40152603
0.40151125
0.40149724
0.40148452
0.4014734
0.40146428
0.40145734
0.40145257
0.40144998
0.40144947
0.40145087
0.40145403
0.40145868
0.40146428
0.40147033
0.40147606
0.4014808
0.40148374
0.40148434
0.4014823
0.4014778
0.40147138
0.4014636
0.40145537
0.4014474
0.40144038
0.4014349
0.40143153
0.4014307
0.40143284
0.4014382
0.4014471
0.40145904
0.40147385
0.40149075
0.40150914
0.40152797
0.4015467
0.40156436
0.40158033
0.40159363
0.4016034
0.40160918
0.40161106
0.4016095
0.40160555
0.40160015
0.4015943
0.401589
0.40158513
0.40158314
0.40158337
0.40158564
0.40158933
0.40159366
0.4015979
0.40160155
0.40160456
0.40160716
0.40160987
0.4016133
0.4016178
0.40162364
0.40163043
0.40163764
0.40164447
0.4016499
0.401653
0.40165326
0.40165028
0.4016441
0.4016348
0.40162274
0.40160826
0.40159193
0.4015748
0.40155777
0.40154237
0.4015293
0.40151927
0.40151256
0.40150914
0.40150875
0.40151086
0.40151486
0.40151966
0.4015246
0.40152878
0.40153158
0.4015325
0.40153113
0.40152732
0.4015209
0.40151203
0.40150112
0.40148902
0.40147677
0.40146548
0.40145633
0.40145043
0.4014485
0.40145087
0.40145782
0.40146887
0.40148333
0.4015003
0.4015187
0.4015373
0.40155488
0.40157038
0.4015833
0.40159366
0.40160182
0.40160853
0.4016145
0.40162012
0.40162563
0.40163112
0.40163615
0.40164033
0.40164334
0.40164497
0.40164563
0.40164608
0.40164712
0.40164983
0.40165454
0.4016616
0.40167084
0.401682
0.40169472
0.4017088
0.40172392
0.4017396
0.40175506
0.40176922
0.40178108
0.40178993
0.40179548
0.40179765
0.4017967
0.40179294
0.40178666
0.40177792
0.40176666
0.4017527
0.40173623
0.40171754
0.4016972
0.40167594
0.40165448
0.40163353
0.40161356
0.4015948
0.40157747
0.40156177
0.40154803
0.4015367
0.40152824
0.40152296
0.4015208
0.4015215
0.4015247
0.40152988
0.40153688
0.40154555
0.4015556
0.40156686
0.4015789
0.40159118
0.40160295
0.40161315
0.4016209
0.40162548
0.40162656
0.4016244
0.40161994
0.4016144
0.40160948
0.4016067
0.4016074
0.4016125
0.40162215
0.40163627
0.40165392
0.40167415
0.40169597
0.4017184
0.40174034
0.40176064
0.40177807
0.40179157
0.40179983
0.40180224
0.4017984
0.40178832
0.40177232
0.4017512
0.40172595
0.4016979
0.40166843
0.4016388
0.40161014
0.40158355
0.4015602
0.40154073
0.4015259
0.4015161
0.40151143
0.40151167
0.40151653
0.40152508
0.40153638
0.401549
0.40156174
0.4015732
0.40158245
0.40158886
0.40159234
0.40159312
0.40159178
0.40158895
0.40158546
0.40158233
0.40158048
0.40158075
0.40158382
0.40159002
0.40159953
0.40161204
0.4016271
0.40164378
0.40166098
0.40167755
0.40169218
0.40170392
0.4017121
0.40171656
0.40171757
0.40171584
0.4017123
0.40170792
0.40170386
0.40170076
0.4016989
0.40169775
0.4016966
0.40169454
0.40169063
0.40168464
0.4016766
0.4016671
0.40165672
0.40164676
0.40163803
0.40163115
0.40162662
0.40162447
0.40162498
0.4016282
0.40163437
0.40164328
0.4016543
0.40166628
0.40167776
0.40168726
0.4016935
0.40169558
0.40169337
0.40168706
0.40167746
0.40166605
0.40165415
0.40164346
0.40163505
0.40162984
0.40162805
0.4016295
0.4016336
0.40163913
0.40164497
0.40164948
0.40165168
0.40165082
0.40164682
0.40164018
0.40163174
0.4016226
0.40161362
0.4016056
0.40159896
0.401594
0.40159097
0.40158987
0.40159035
0.40159175
0.40159297
0.40159264
0.40158948
0.40158248
0.40157112
0.40155542
0.40153614
0.40151426
0.40149075
0.40146694
0.4014438
0.40142232
0.40140307
0.40138644
0.4013727
0.401362
0.4013545
0.40135017
0.40134913
0.4013514
0.40135714
0.40136656
0.40137964
0.4013963
0.40141636
0.40143943
0.40146512
0.4014927
0.40152124
0.4015498
0.4015772
0.40160277
0.4016256
0.40164512
0.40166047
0.4016714
0.40167773
0.40167958
0.40167767
0.4016731
0.40166733
0.40166137
0.4016563
0.40165305
0.40165204
0.40165335
0.40165648
0.4016606
0.4016648
0.4016678
0.40166846
0.4016659
0.40165982
0.40165025
0.40163803
0.401624
0.40160927
0.40159464
0.40158084
0.40156856
0.4015583
0.4015502
0.40154412
0.40153953
0.40153584
0.4015325
0.40152943
0.4015271
0.40152615
0.40152723
0.40153083
0.401537
0.40154576
0.40155655
0.4015689
0.40158162
0.40159357
0.40160322
0.4016092
0.40161055
0.40160698
0.40159857
0.40158617
0.40157086
0.401554
0.401537
0.40152118
0.40150782
0.401498
0.40149212
0.40149063
0.40149334
0.4014998
0.4015096
0.40152192
0.40153578
0.4015498
0.40156272
0.40157387
0.40158233
0.4015883
0.40159196
0.40159407
0.40159512
0.4015957
0.4015962
0.4015964
0.401596
0.4015947
0.4015921
0.40158847
0.4015843
0.4015801
0.4015763
0.4015731
0.40157032
0.40156776
0.40156516
0.4015623
0.4015589
0.40155506
0.4015509
0.4015467
0.40154272
0.4015391
0.40153578
0.40153277
0.40153018
0.40152788
0.40152586
0.40152422
0.40152296
0.40152243
0.40152293
0.40152475
0.40152842
0.4015344
0.40154296
0.40155423
0.40156808
0.4015841
0.40160152
0.4016191
0.4016354
0.4016492
0.40165913
0.40166435
0.40166453
0.40165982
0.4016513
0.40164012
0.4016279
0.4016161
0.40160593
0.40159836
0.40159392
0.40159285
0.4015952
0.40160063
0.40160868
0.40161866
0.40162966
0.40164077
0.40165085
0.40165892
0.4016641
0.40166605
0.4016648
0.4016606
0.4016545
0.40164754
0.40164098
0.40163597
0.40163362
0.4016343
0.4016382
0.40164503
0.4016541
0.40166458
0.40167537
0.40168542
0.40169346
0.4016984
0.40169963
0.40169698
0.40169087
0.40168202
0.4016716
0.4016604
0.4016495
0.4016394
0.40163073
0.40162352
0.40161762
0.40161258
0.401608
0.4016033
0.4015981
0.40159222
0.40158588
0.40157923
0.40157264
0.40156662
0.40156183
0.40155867
0.4015579
0.40155986
0.40156507
0.40157384
0.4015862
0.4016019
0.40162003
0.40163937
0.40165854
0.4016759
0.4016901
0.40170008
0.40170515
0.40170503
0.40170005
0.40169108
0.40167916
0.40166607
0.40165347
0.40164286
0.40163538
0.4016318
0.40163207
0.40163583
0.4016422
0.40164995
0.40165764
0.40166375
0.40166712
0.40166733
0.40166435
0.40165895
0.4016521
0.40164512
0.40163884
0.40163386
0.40163028
0.4016278
0.40162602
0.40162432
0.40162235
0.40161985
0.4016166
0.40161243
0.40160707
0.40160048
0.40159246
0.401583
0.40157232
0.4015612
0.4015507
0.4015421
0.40153655
0.40153527
0.4015389
0.40154764
0.4015612
0.40157878
0.40159902
0.4016204
0.4016411
0.4016594
0.40167382
0.40168333
0.40168744
0.40168628
0.40168056
0.4016713
0.40165985
0.40164763
0.40163583
0.40162557
0.40161783
0.40161315
0.40161195
0.40161422
0.4016195
0.40162703
0.40163618
0.40164623
0.4016565
0.4016662
0.40167457
0.40168083
0.40168455
0.40168574
0.40168458
0.40168148
0.40167686
0.401671
0.40166417
0.4016569
0.40164992
0.401644
0.40164006
0.40163884
0.40164104
0.40164703
0.40165678
0.40166983
0.40168518
0.4017014
0.40171683
0.40172988
0.40173933
0.40174472
0.40174592
0.40174344
0.40173808
0.40173098
0.40172306
0.4017153
0.40170828
0.40170226
0.4016972
0.40169293
0.40168962
0.4016874
0.4016871
0.40168908
0.4016938
0.40170136
0.40171134
0.40172315
0.40173578
0.40174842
0.4017605
0.40177196
0.4017836
0.4017969
0.4018144
0.40183958
0.40187722
0.40193352
0.40201682
0.4021385
0.40231454
0.40256917
0.4029323
0.40344593
0.40416822
0.40517768
0.40658045
0.40851843
0.41121215
0.41488492
0.41984567
0.4265672
0.435692
0.4478313
