0.44257563
0.43207037
0.4241881
0.41824996
0.41381142
0.4105261
0.40810934
0.40632054
0.40499938
0.40402874
0.40331328
0.4027862
0.40239832
0.40211338
0.401905
0.4017539
0.40164596
0.40157086
0.401521
0.40149057
0.40147495
0.4014707
0.40147468
0.4014846
0.40149862
0.40151528
0.40153348
0.40155235
0.40157112
0.40158895
0.4016051
0.40161893
0.4016303
0.40163937
0.40164664
0.4016528
0.4016582
0.40166256
0.40166572
0.40166697
0.40166613
0.4016633
0.40165922
0.40165505
0.4016521
0.40165174
0.40165472
0.40166113
0.4016708
0.40168294
0.4016963
0.4017097
0.4017221
0.40173286
0.40174174
0.4017488
0.40175453
0.40175924
0.4017634
0.401767
0.40177009
0.4017728
0.40177515
0.4017771
0.4017786
0.40177986
0.40178135
0.4017837
0.401788
0.40179515
0.40180567
0.40181947
0.40183595
0.40185395
0.40187213
0.40188918
0.40190363
0.40191457
0.4019212
0.40192294
0.40191957
0.401911
0.40189713
0.40187833
0.40185502
0.40182823
0.40179896
0.40176886
0.4017394
0.40171236
0.40168914
0.40167078
0.40165782
0.40165034
0.40164798
0.40165028
0.40165657
0.40166572
0.4016767
0.40168855
0.40170017
0.4017107
0.4017192
0.4017246
0.40172625
0.40172356
0.40171647
0.40170524
0.4016904
0.40167287
0.4016536
0.40163326
0.4016128
0.40159285
0.40157405
0.4015567
0.40154096
0.4015269
0.4015143
0.4015029
0.40149245
0.40148243
0.40147257
0.40146253
0.40145248
0.401443
0.40143457
0.40142787
0.4014236
0.40142253
0.40142497
0.40143153
0.40144208
0.4014566
0.40147454
0.40149516
0.40151757
0.40154085
0.401564
0.4015862
0.4016067
0.4016243
0.40163788
0.4016465
0.40164968
0.40164742
0.40164018
0.401629
0.40161508
0.40159962
0.40158352
0.40156797
0.4015537
0.40154147
0.40153158
0.40152425
0.40151972
0.4015177
0.40151772
0.4015196
0.4015228
0.40152666
0.40153039
0.40153313
0.40153447
0.40153378
0.40153107
0.40152675
0.40152165
0.4015172
0.4015146
0.40151486
0.4015186
0.40152603
0.40153685
0.40155026
0.40156496
0.4015795
0.4015922
0.40160152
0.4016064
0.4016063
0.40160123
0.40159178
0.40157923
0.40156487
0.40155008
0.40153626
0.4015244
0.4015149
0.40150803
0.40150344
0.40150052
0.40149868
0.4014975
0.40149668
0.40149596
0.40149528
0.40149474
0.40149465
0.40149492
0.40149555
0.4014966
0.40149805
0.4015
0.40150237
0.4015052
0.4015084
0.4015117
0.40151492
0.40151775
0.40151995
0.4015212
0.4015213
0.40152043
0.4015192
0.40151832
0.4015181
0.40151912
0.4015216
0.40152544
0.40153047
0.4015367
0.40154397
0.40155163
0.40155917
0.4015657
0.40157026
0.40157223
0.40157133
0.40156797
0.40156284
0.40155685
0.40155095
0.40154582
0.40154216
0.40153995
0.40153927
0.40153956
0.40154058
0.4015419
0.40154317
0.40154442
0.40154573
0.40154737
0.40154934
0.4015517
0.40155444
0.40155753
0.4015611
0.40156513
0.40156978
0.40157512
0.40158102
0.4015875
0.40159422
0.4016008
0.4016065
0.40161058
0.40161252
0.4016122
0.4016099
0.4016063
0.40160254
0.40159982
0.40159947
0.4016027
0.40161046
0.40162307
0.40164027
0.4016612
0.4016841
0.40170717
0.40172818
0.40174505
0.40175632
0.40176097
0.4017588
0.40174988
0.4017353
0.4017162
0.40169445
0.40167132
0.40164813
0.401626
0.40160552
0.40158707
0.40157092
0.40155745
0.4015472
0.40154108
0.40153974
0.40154386
0.4015536
0.40156877
0.4015888
0.40161267
0.4016389
0.4016656
0.40169117
0.4017142
0.40173364
0.40174884
0.40175974
0.4017664
0.40176922
0.40176862
0.4017647
0.40175766
0.40174758
0.4017348
0.40171975
0.40170342
0.40168703
0.40167218
0.40166032
0.40165263
0.40164986
0.40165177
0.40165764
0.40166605
0.40167516
0.40168312
0.40168816
0.40168917
0.40168568
0.40167814
0.40166754
0.40165547
0.40164366
0.40163374
0.40162665
0.40162277
0.40162173
0.40162277
0.40162444
0.4016253
0.40162426
0.40162048
0.4016137
0.4016044
0.40159324
0.4015811
0.4015689
0.40155745
0.4015477
0.40154055
0.4015366
0.40153593
0.40153843
0.4015436
0.40155038
0.40155765
0.4015642
0.4015687
0.40157014
0.4015683
0.40156317
0.40155533
0.40154567
0.4015351
0.40152448
0.4015146
0.40150595
0.40149912
0.40149456
0.40149283
0.40149423
0.40149903
0.40150717
0.4015182
0.4015316
0.4015467
0.40156242
0.4015775
0.40159065
0.40160066
0.40160668
0.4016085
0.40160662
0.40160212
0.4015964
0.4015909
0.40158704
0.40158573
0.4015878
0.40159363
0.40160322
0.40161595
0.4016308
0.4016463
0.40166056
0.401672
0.40167943
0.40168205
0.40167972
0.4016731
0.40166304
0.40165102
0.4016382
0.40162575
0.40161422
0.4016039
0.4015946
0.40158582
0.40157697
0.4015677
0.40155795
0.4015481
0.40153834
0.40152878
0.40151957
0.40151063
0.40150192
0.401494
0.4014874
0.40148306
0.4014816
0.4014839
0.40149054
0.40150177
0.40151784
0.40153858
0.40156364
0.4015922
0.40162346
0.4016563
0.4016892
0.40172058
0.40174878
0.40177238
0.40179038
0.4018021
0.40180728
0.40180612
0.40179932
0.401788
0.4017735
0.4017574
0.40174115
0.40172613
0.40171334
0.40170336
0.4016965
0.40169233
0.40169004
0.40168864
0.40168688
0.40168405
0.4016796
0.40167338
0.40166572
0.40165716
0.40164828
0.40163976
0.4016319
0.401625
0.4016196
0.40161583
0.40161404
0.40161413
0.4016155
0.40161765
0.40161967
0.4016208
0.40162048
0.4016183
0.40161416
0.40160772
0.40159905
0.40158817
0.40157568
0.40156215
0.40154824
0.40153477
0.40152243
0.40151185
0.40150383
0.40149903
0.4014981
0.40150127
0.40150887
0.40152058
0.4015361
0.4015546
0.4015754
0.40159708
0.4016188
0.4016396
0.40165916
0.4016775
0.4016949
0.40171164
0.40172762
0.4017428
0.40175685
0.40177
0.4017821
0.4017932
0.401803
0.40181088
0.40181604
0.40181753
0.40181458
0.4018066
0.40179327
0.40177485
0.40175205
0.4017258
0.40169755
0.40166876
0.40164068
0.4016145
0.40159082
0.4015705
0.40155366
0.40154046
0.40153083
0.40152466
0.4015218
0.40152186
0.40152425
0.40152827
0.401533
0.40153754
0.40154094
0.4015424
0.40154156
0.4015387
0.40153465
0.4015303
0.4015269
0.4015257
0.40152785
0.4015343
0.40154567
0.40156224
0.4015838
0.40160975
0.4016393
0.4016713
0.40170446
0.40173772
0.40176994
0.4018001
0.40182734
0.401851
0.4018705
0.4018852
0.40189472
0.4018986
0.40189666
0.40188867
0.40187502
0.40185574
0.40183133
0.4018024
0.4017699
0.401735
0.40169898
0.40166336
0.4016296
0.4015987
0.40157178
0.4015497
0.401533
0.40152216
0.40151727
0.40151817
0.40152448
0.4015354
0.40154976
0.40156627
0.40158328
0.40159902
0.40161178
0.40162018
0.40162325
0.4016208
0.40161306
0.40160084
0.40158534
0.40156794
0.4015499
0.40153247
0.4015168
0.4015037
0.40149388
0.40148777
0.40148565
0.40148753
0.40149343
0.40150315
0.4015163
0.40153208
0.4015495
0.4015672
0.40158364
0.40159732
0.40160725
0.4016128
0.40161413
0.40161192
0.40160695
0.40160033
0.40159285
0.40158546
0.40157863
0.4015729
0.4015685
0.4015657
0.4015648
0.40156633
0.4015706
0.40157768
0.4015873
0.40159878
0.40161115
0.40162286
0.40163273
0.4016395
0.40164274
0.4016425
0.40163955
0.40163505
0.40163043
0.40162674
0.40162465
0.4016247
0.40162712
0.4016319
0.40163907
0.40164858
0.40166074
0.40167558
0.4016931
0.40171307
0.40173534
0.40175918
0.4017838
0.40180805
0.40183103
0.40185183
0.4018698
0.4018847
0.40189615
0.40190372
0.40190706
0.4019057
0.4018994
0.40188795
0.4018715
0.40185052
0.40182576
0.40179816
0.40176904
0.4017396
0.40171096
0.40168434
0.40166032
0.40163922
0.40162095
0.40160495
0.4015904
0.40157643
0.4015625
0.40154842
0.40153423
0.4015203
0.40150708
0.40149486
0.4014843
0.4014759
0.40147012
0.40146723
0.40146747
0.40147117
0.4014783
0.40148884
0.4015028
0.40152013
0.40154073
0.40156412
0.40158966
0.40161672
0.401644
0.4016704
0.4016946
0.40171525
0.40173107
0.40174115
0.40174502
0.40174285
0.40173528
0.40172344
0.40170908
0.40169376
0.4016792
0.4016669
0.40165776
0.40165222
0.40165034
0.40165177
0.40165624
0.40166372
0.40167415
0.40168762
0.40170392
0.40172306
0.4017449
0.40176916
0.40179512
0.40182188
0.4018484
0.4018738
0.40189716
0.40191782
0.4019349
0.40194783
0.40195617
0.40195987
0.40195876
0.4019531
0.40194303
0.40192908
0.40191156
0.40189102
0.40186825
0.40184385
0.40181866
0.4017937
0.4017699
0.40174815
0.4017285
0.40171078
0.40169436
0.40167832
0.40166187
0.4016441
0.4016244
0.4016028
0.40157956
0.40155557
0.401532
0.40151012
0.40149084
0.40147495
0.40146294
0.40145513
0.40145162
0.40145257
0.4014577
0.4014668
0.4014792
0.4014945
0.4015117
0.40152973
0.40154755
0.40156436
0.4015797
0.4015935
0.40160593
0.40161732
0.40162772
0.4016372
0.40164545
0.40165222
0.4016565
0.40165773
0.4016552
0.40164888
0.4016389
0.40162584
0.4016107
0.40159446
0.401578
0.40156204
0.40154704
0.40153313
0.40152055
0.40150914
0.40149873
0.4014896
0.40148196
0.40147632
0.40147293
0.40147203
0.40147346
0.4014771
0.40148234
0.40148887
0.40149605
0.40150374
0.4015123
0.4015223
0.40153465
0.40154997
0.40156856
0.40159023
0.40161434
0.4016396
0.40166456
0.40168756
0.4017072
0.40172192
0.40173125
0.40173465
0.40173244
0.4017254
0.40171486
0.4017024
0.40168968
0.40167794
0.40166828
0.40166098
0.40165597
0.40165246
0.40164933
0.4016453
0.40163922
0.40163046
0.40161893
0.40160504
0.40158954
0.40157348
0.4015578
0.40154353
0.40153107
0.4015205
0.4015115
0.40150362
0.40149632
0.4014894
0.40148282
0.40147683
0.40147197
0.40146866
0.4014674
0.4014685
0.40147203
0.40147814
0.4014869
0.4014983
0.4015121
0.40152815
0.4015461
0.40156513
0.4015846
0.40160346
0.4016211
0.40163672
0.40165016
0.40166152
0.40167105
0.40167886
0.40168482
0.4016884
0.40168917
0.40168682
0.40168166
0.4016743
0.40166593
0.4016578
0.40165108
0.40164667
0.40164506
0.40164688
0.40165263
0.4016626
0.4016767
0.40169436
0.40171486
0.4017368
0.40175855
0.40177852
0.40179506
0.40180728
0.4018144
0.40181625
0.40181297
0.401805
0.40179336
0.4017793
0.4017643
0.40175003
0.40173784
0.40172887
0.4017237
0.40172252
0.40172538
0.4017316
0.40174055
0.40175134
0.40176293
0.40177396
0.40178287
0.4017881
0.4017886
0.40178347
0.40177253
0.40175617
0.40173525
0.4017111
0.4016854
0.40165973
0.40163577
0.40161484
0.40159792
0.40158555
0.40157777
0.40157428
0.40157443
0.4015774
0.40158245
0.40158895
0.40159658
0.40160474
0.40161303
0.40162078
0.401627
0.40163088
0.40163165
0.40162927
0.4016238
0.40161613
0.40160722
0.40159842
0.401591
0.40158623
0.40158528
0.40158877
0.40159726
0.40161055
0.4016283
0.40164948
0.40167287
0.40169722
0.40172133
0.40174446
0.4017661
0.40178618
0.40180475
0.40182176
0.40183684
0.40184942
0.40185878
0.4018643
0.40186542
0.40186185
0.40185365
0.40184116
0.40182513
0.40180656
0.40178648
0.40176606
0.40174654
0.40172854
0.4017128
0.4016994
0.4016889
0.40168154
0.40167782
0.4016778
0.40168166
0.4016893
0.40170002
0.40171286
0.40172657
0.40173984
0.40175122
0.40175956
0.4017641
0.40176436
0.40175998
0.4017512
0.40173814
0.4017216
0.40170228
0.4016812
0.40165973
0.40163884
0.4016196
0.40160277
0.40158892
0.40157822
0.40157056
0.4015656
0.40156284
0.40156153
0.40156096
0.4015605
0.4015594
0.4015576
0.40155512
0.40155226
0.4015496
0.4015475
0.40154618
0.4015461
0.40154725
0.4015499
0.40155402
0.4015593
0.4015654
0.40157175
0.4015777
0.4015829
0.40158695
0.40158993
0.40159187
0.40159276
0.40159237
0.40159038
0.4015862
0.40157962
0.4015706
0.40155953
0.40154728
0.40153503
0.40152416
0.40151575
0.40151092
0.40151024
0.4015139
0.40152177
0.4015333
0.40154746
0.40156308
0.40157878
0.40159303
0.40160483
0.40161347
0.40161863
0.40162012
0.40161806
0.4016131
0.40160605
0.40159833
0.40159136
0.40158656
0.40158495
0.40158725
0.40159371
0.4016042
0.4016182
0.40163487
0.40165305
0.40167138
0.40168843
0.40170327
0.401715
0.40172365
0.40172932
0.40173286
0.40173504
0.40173694
0.40173936
0.4017424
0.4017461
0.40175024
0.40175432
0.4017576
0.40175924
0.40175852
0.40175498
0.40174845
0.40173927
0.40172765
0.40171394
0.40169832
0.40168107
0.4016626
0.40164325
0.4016231
0.4016022
0.40158066
0.4015588
0.40153724
0.4015168
0.40149868
0.40148354
0.40147206
0.40146437
0.4014605
0.40146035
0.40146327
0.40146884
0.40147665
0.40148625
0.40149757
0.40151066
0.40152583
0.40154317
0.40156272
0.4015841
0.40160647
0.40162873
0.4016496
0.40166783
0.40168262
0.40169352
0.40170076
0.40170482
0.4017065
0.40170628
0.40170428
0.40170053
0.4016949
0.40168753
0.40167883
0.4016693
0.40165976
0.40165126
0.40164497
0.40164152
0.40164137
0.4016448
0.40165162
0.4016617
0.40167475
0.40169057
0.4017085
0.4017275
0.40174645
0.40176404
0.40177897
0.40179038
0.40179762
0.40180036
0.40179858
0.4017927
0.40178338
0.4017715
0.40175804
0.40174404
0.4017304
0.4017177
0.40170658
0.40169755
0.40169063
0.40168592
0.40168303
0.4016811
0.40167928
0.4016764
0.40167165
0.40166473
0.4016558
0.4016456
0.4016351
0.40162566
0.4016179
0.40161258
0.40160963
0.40160877
0.4016095
0.40161133
0.4016138
0.40161696
0.4016207
0.40162498
0.4016295
0.4016341
0.40163848
0.40164256
0.40164608
0.4016486
0.4016498
0.40164936
0.40164736
0.40164396
0.40163976
0.4016352
0.40163088
0.40162706
0.40162367
0.40162048
0.40161654
0.40161118
0.4016036
0.40159324
0.4015802
0.40156513
0.40154868
0.40153202
0.40151605
0.40150186
0.40149054
0.4014828
0.40147915
0.40148008
0.4014858
0.4014962
0.40151125
0.40153044
0.40155333
0.40157947
0.40160802
0.40163797
0.40166798
0.40169674
0.40172255
0.4017441
0.40176022
0.4017701
0.4017735
0.40177068
0.40176222
0.40174907
0.4017324
0.4017136
0.40169403
0.4016749
0.40165713
0.4016412
0.40162724
0.40161538
0.4016056
0.40159792
0.40159264
0.40158987
0.40158963
0.40159187
0.40159595
0.40160134
0.40160707
0.4016125
0.40161696
0.40161994
0.40162063
0.40161836
0.40161252
0.40160272
0.40158877
0.40157112
0.40155068
0.4015285
0.4015058
0.40148348
0.40146232
0.401443
0.40142602
0.40141174
0.4014004
0.40139234
0.4013877
0.40138668
0.4013892
0.40139505
0.4014039
0.40141526
0.4014286
0.40144345
0.40145925
0.40147573
0.4014927
0.4015104
0.4015292
0.4015489
0.40156943
0.40159002
0.40160963
0.40162686
0.4016401
0.40164813
0.40164998
0.4016453
0.40163413
0.4016173
0.4015961
0.40157208
0.40154722
0.40152302
0.40150118
0.4014827
0.4014683
0.40145853
0.4014533
0.4014525
0.40145582
0.40146288
0.40147328
0.4014864
0.4015015
0.40151784
0.40153426
0.40154985
0.40156364
0.4015746
0.40158236
0.40158683
0.40158835
0.4015877
0.40158522
0.40158173
0.40157768
0.40157324
0.4015687
0.4015639
0.4015589
0.40155393
0.4015495
0.40154618
0.4015444
0.40154487
0.40154785
0.4015537
0.4015625
0.40157428
0.40158865
0.40160486
0.401622
0.40163925
0.40165582
0.40167153
0.40168628
0.40170026
0.40171334
0.40172508
0.40173474
0.4017409
0.40174282
0.4017395
0.40173072
0.40171614
0.40169623
0.40167153
0.40164313
0.40161225
0.40158015
0.4015481
0.4015169
0.4014875
0.40146035
0.4014361
0.40141517
0.40139782
0.40138415
0.4013741
0.40136755
0.4013645
0.40136474
0.40136814
0.40137458
0.40138394
0.40139604
0.40141046
0.4014272
0.40144607
0.40146685
0.40148923
0.40151277
0.40153652
0.40155932
0.40157986
0.40159664
0.40160888
0.40161628
0.40161934
0.40161902
0.40161705
0.40161481
0.40161368
0.40161443
0.40161705
0.40162113
0.40162557
0.4016293
0.40163153
0.40163207
0.40163103
0.40162936
0.40162802
0.40162787
0.4016296
0.40163344
0.40163907
0.40164572
0.40165222
0.40165725
0.40165937
0.40165764
0.40165168
0.4016419
0.4016292
0.401615
0.40160075
0.40158793
0.40157774
0.401571
0.4015683
0.40156972
0.40157518
0.40158388
0.40159482
0.4016068
0.40161806
0.40162742
0.4016336
0.40163592
0.4016341
0.40162838
0.4016193
0.40160766
0.4015943
0.40158
0.4015653
0.4015509
0.40153757
0.40152603
0.40151706
0.4015111
0.40150818
0.4015081
0.40151033
0.4015143
0.40151945
0.4015254
0.40153217
0.4015396
0.40154764
0.40155593
0.40156388
0.40157086
0.40157616
0.40157974
0.4015817
0.40158248
0.40158266
0.40158254
0.401582
0.40158066
0.40157783
0.40157285
0.4015654
0.4015556
0.4015442
0.40153193
0.40151998
0.40150905
0.4015001
0.4014941
0.4014917
0.40149385
0.4015009
0.40151304
0.40153006
0.40155113
0.40157548
0.40160164
0.40162814
0.4016535
0.40167654
0.4016964
0.40171307
0.40172678
0.4017384
0.40174907
0.40175992
0.40177193
0.4017856
0.40180072
0.4018165
0.40183207
0.40184695
0.40186012
0.40187132
0.40187976
0.40188506
0.40188652
0.40188354
0.40187585
0.40186322
0.4018458
0.40182415
0.40179893
0.4017711
0.40174168
0.40171167
0.40168226
0.40165445
0.4016293
0.40160757
0.4015896
0.40157542
0.40156484
0.40155733
0.4015523
0.4015491
0.40154725
0.40154657
0.40154678
0.40154797
0.40155023
0.4015536
0.40155822
0.4015641
0.4015714
0.40157998
0.40159023
0.40160218
0.40161586
0.4016307
0.4016463
0.4016617
0.40167588
0.40168753
0.40169558
0.40169924
0.4016983
0.401693
0.4016841
0.40167287
0.4016606
0.4016488
0.40163898
0.40163273
0.40163127
0.4016354
0.40164542
0.40166107
0.40168142
0.4017052
0.40173084
0.40175635
0.40178004
0.40180025
0.4018157
0.40182555
0.4018293
0.4018268
0.40181842
0.40180477
0.40178668
0.40176526
0.4017416
0.40171707
0.4016927
0.40166968
0.4016488
0.40163055
0.40161508
0.40160245
0.40159228
0.4015843
0.4015781
0.4015735
0.40157065
0.40157008
0.40157214
0.40157703
0.4015843
0.40159342
0.40160304
0.40161192
0.4016184
0.4016217
0.40162134
0.40161753
0.4016111
0.4016034
0.40159583
0.40158984
0.40158677
0.4015877
0.40159324
0.40160385
0.40161943
0.40163943
0.4016627
0.40168774
0.4017128
0.40173602
0.40175593
0.4017714
0.40178165
0.40178627
0.4017853
0.4017792
0.40176862
0.40175462
0.4017388
0.40172267
0.40170786
0.40169582
0.40168747
0.40168306
0.4016824
0.40168455
0.4016884
0.4016926
0.40169564
0.40169686
0.40169543
0.4016913
0.40168473
0.40167627
0.40166652
0.40165624
0.40164572
0.40163523
0.40162444
0.40161306
0.40160048
0.40158632
0.4015705
0.40155327
0.40153527
0.4015175
0.40150097
0.40148652
0.40147486
0.40146622
0.4014605
0.4014576
0.40145707
0.4014585
0.40146172
0.40146652
0.40147316
0.40148196
0.40149355
0.40150845
0.40152705
0.40154946
0.40157527
0.40160385
0.40163413
0.40166473
0.4016942
0.40172094
0.4017436
0.40176094
0.40177244
0.40177765
0.4017766
0.4017699
0.40175828
0.40174282
0.40172476
0.4017055
0.40168592
0.40166697
0.40164933
0.4016334
0.40161934
0.40160707
0.40159622
0.4015862
0.40157667
0.4015671
0.40155736
0.40154737
0.4015373
0.40152737
0.40151775
0.40150854
0.40149972
0.40149152
0.401484
0.40147737
0.4014716
0.4014671
0.40146428
0.40146366
0.40146556
0.40147033
0.4014777
0.40148723
0.40149838
0.4015104
0.4015225
0.40153405
0.40154478
0.401555
0.40156516
0.40157568
0.4015865
0.40159732
0.40160707
0.4016145
0.40161833
0.4016175
0.4016116
0.40160078
0.401586
0.4015683
0.40154928
0.4015302
0.4015124
0.40149683
0.4014842
0.4014748
0.4014688
0.40146604
0.40146622
0.4014689
0.40147352
0.40147948
0.40148616
0.40149295
0.40149945
0.40150556
0.4015115
0.4015176
0.40152425
0.4015319
0.40154073
0.4015508
0.40156186
0.40157342
0.40158477
0.4015956
0.40160543
0.4016145
0.40162295
0.40163156
0.40164074
0.40165055
0.40166074
0.40167084
0.40167996
0.4016872
0.40169173
0.40169302
0.40169066
0.40168473
0.40167546
0.40166318
0.4016485
0.40163174
0.40161338
0.40159366
0.401573
0.40155175
0.40153039
0.40150943
0.40148965
0.4014717
0.40145615
0.40144354
0.40143427
0.40142834
0.40142575
0.4014262
0.40142944
0.40143517
0.401443
0.40145278
0.4014641
0.40147683
0.4014908
0.40150553
0.40152058
0.40153506
0.4015482
0.4015593
0.40156788
0.40157405
0.40157855
0.40158245
0.40158698
0.40159327
0.40160185
0.40161267
0.40162534
0.4016388
0.4016519
0.40166345
0.40167278
0.4016797
0.40168455
0.40168792
0.40169108
0.4016949
0.40170026
0.4017074
0.40171582
0.4017246
0.40173244
0.40173814
0.40174133
0.40174156
0.40173933
0.40173537
0.40173033
0.4017247
0.40171888
0.40171286
0.4017062
0.40169847
0.4016893
0.40167898
0.40166822
0.4016583
0.40165082
0.4016473
0.40164906
0.40165684
0.40167066
0.40168986
0.40171325
0.40173924
0.40176585
0.401791
0.40181285
0.40182987
0.40184078
0.40184513
0.40184262
0.40183336
0.401818
0.40179732
0.40177265
0.4017452
0.4017166
0.40168807
0.40166074
0.40163538
0.4016125
0.4015922
0.40157443
0.40155917
0.40154627
0.40153584
0.40152794
0.40152293
0.4015208
0.40152124
0.4015239
0.40152806
0.40153322
0.4015391
0.40154567
0.40155277
0.40156016
0.40156713
0.40157306
0.40157703
0.4015786
0.4015775
0.40157422
0.4015695
0.40156436
0.40156
0.4015573
0.40155685
0.40155894
0.40156344
0.40156972
0.4015769
0.40158403
0.40159008
0.4015942
0.40159568
0.4015944
0.4015904
0.40158436
0.40157706
0.4015695
0.40156245
0.4015564
0.4015518
0.4015489
0.40154797
0.40154934
0.40155315
0.4015595
0.40156803
0.40157807
0.401589
0.40159994
0.40161067
0.40162116
0.40163186
0.401643
0.40165466
0.4016666
0.40167832
0.4016892
0.40169847
0.40170565
0.4017106
0.40171343
0.4017146
0.40171453
0.40171376
0.4017124
0.4017105
0.40170786
0.40170467
0.40170103
0.40169737
0.40169397
0.40169084
0.40168813
0.40168595
0.40168434
0.40168345
0.40168333
0.40168378
0.4016844
0.4016846
0.40168357
0.4016806
0.4016756
0.4016686
0.40166003
0.40165022
0.40163958
0.40162846
0.40161732
0.40160605
0.40159452
0.40158275
0.40157053
0.40155804
0.40154523
0.4015323
0.40151933
0.40150663
0.4014945
0.40148354
0.40147436
0.40146768
0.40146396
0.40146345
0.4014664
0.4014729
0.40148264
0.4014952
0.40151
0.40152615
0.40154257
0.40155804
0.40157118
0.40158093
0.40158632
0.40158725
0.40158397
0.40157726
0.40156838
0.4015585
0.40154883
0.40154037
0.401534
0.40153012
0.40152916
0.4015313
0.40153652
0.40154472
0.40155548
0.40156826
0.4015823
0.40159726
0.4016127
0.40162858
0.40164462
0.40166086
0.40167686
0.40169257
0.4017077
0.40172213
0.40173572
0.40174824
0.40175933
0.40176842
0.40177515
0.4017794
0.4017811
0.40178043
0.4017776
0.40177298
0.4017665
0.40175822
0.4017477
0.4017346
0.40171894
0.40170103
0.40168166
0.40166184
0.40164295
0.40162608
0.40161207
0.40160152
0.40159452
0.40159115
0.40159127
0.40159476
0.4016014
0.4016106
0.4016217
0.40163368
0.4016456
0.40165633
0.40166482
0.40167022
0.40167218
0.40167058
0.40166607
0.4016597
0.40165254
0.4016459
0.4016407
0.40163782
0.40163746
0.40163937
0.401643
0.40164736
0.40165144
0.40165454
0.40165654
0.40165794
0.4016596
0.40166304
0.40166932
0.4016791
0.40169275
0.40170997
0.40172988
0.40175107
0.4017721
0.4017914
0.40180767
0.40182024
0.4018285
0.40183252
0.40183243
0.40182847
0.40182126
0.4018115
0.40179986
0.4017872
0.4017745
0.4017625
0.40175182
0.40174294
0.401736
0.4017309
0.40172747
0.40172493
0.40172225
0.40171817
0.40171164
0.40170163
0.40168798
0.4016707
0.40165067
0.40162906
0.4016074
0.40158692
0.4015687
0.40155357
0.4015419
0.40153387
0.40152955
0.40152884
0.40153176
0.40153816
0.4015483
0.40156236
0.40158018
0.40160125
0.4016249
0.40164968
0.40167397
0.4016959
0.40171382
0.40172645
0.40173313
0.40173376
0.40172872
0.4017187
0.4017048
0.40168834
0.4016709
0.40165418
0.4016395
0.4016278
0.4016196
0.4016149
0.40161332
0.4016144
0.40161783
0.40162313
0.4016295
0.40163612
0.40164214
0.40164706
0.40165085
0.40165377
0.40165612
0.40165836
0.40166032
0.4016621
0.40166363
0.40166512
0.40166643
0.40166762
0.40166855
0.4016688
0.40166798
0.40166575
0.40166193
0.40165707
0.4016518
0.40164742
0.4016453
0.40164658
0.40165192
0.40166125
0.40167397
0.40168884
0.40170428
0.40171847
0.40172976
0.40173712
0.40173975
0.40173757
0.4017308
0.4017204
0.40170723
0.40169266
0.40167758
0.401663
0.4016497
0.40163818
0.40162843
0.40162033
0.40161344
0.40160725
0.40160125
0.40159535
0.40158945
0.4015834
0.40157717
0.40157068
0.4015642
0.4015578
0.40155154
0.40154555
0.40153974
0.40153426
0.40152913
0.40152422
0.40151963
0.401515
0.4015103
0.4015054
0.40150034
0.40149537
0.40149102
0.4014879
0.40148672
0.4014882
0.4014927
0.40150034
0.4015109
0.4015239
0.4015385
0.40155378
0.40156898
0.40158314
0.40159532
0.40160483
0.4016114
0.4016152
0.40161693
0.40161765
0.4016182
0.4016197
0.40162265
0.40162712
0.40163282
0.40163922
0.4016457
0.40165192
0.40165794
0.40166384
0.40166974
0.40167567
0.40168142
0.40168664
0.40169087
0.40169346
0.40169412
0.4016926
0.40168884
0.40168312
0.4016758
0.40166727
0.4016583
0.40164953
0.401642
0.40163636
0.40163308
0.40163216
0.40163308
0.4016351
0.40163714
0.40163803
0.40163702
0.40163407
0.40162936
0.40162346
0.40161732
0.40161166
0.4016071
0.4016039
0.40160224
0.4016019
0.40160277
0.4016047
0.40160733
0.4016101
0.40161222
0.40161264
0.4016105
0.40160516
0.40159672
0.40158573
0.40157318
0.40156052
0.4015489
0.40153953
0.40153286
0.4015295
0.40152952
0.40153286
0.4015394
0.40154886
0.40156093
0.4015753
0.40159133
0.40160826
0.40162534
0.40164196
0.40165794
0.4016731
0.4016873
0.4017006
0.40171316
0.40172476
0.40173528
0.40174422
0.4017515
0.40175685
0.4017603
0.40176186
0.40176186
0.40176034
0.4017572
0.40175223
0.40174505
0.40173534
0.40172255
0.40170687
0.40168858
0.40166843
0.40164763
0.4016274
0.40160868
0.40159237
0.4015789
0.40156862
0.4015618
0.4015585
0.40155867
0.40156174
0.40156716
0.40157375
0.40158
0.40158457
0.40158615
0.40158406
0.40157813
0.40156874
0.4015566
0.4015431
0.40152958
0.40151715
0.40150708
0.40150005
0.4014965
0.40149638
0.4014998
0.40150663
0.40151638
0.4015287
0.40154302
0.4015588
0.40157548
0.40159273
0.40161073
0.40162972
0.4016503
0.40167278
0.40169686
0.40172195
0.40174702
0.4017711
0.4017933
0.4018128
0.4018291
0.40184173
0.4018505
0.4018551
0.40185574
0.40185243
0.4018453
0.40183482
0.4018217
0.40180677
0.40179107
0.40177575
0.40176177
0.40174967
0.40173978
0.401732
0.40172598
0.40172145
0.4017182
0.40171593
0.4017144
0.40171322
0.40171188
0.40170977
0.40170658
0.40170214
0.40169668
0.40169114
0.40168637
0.4016834
0.4016829
0.4016855
0.40169147
0.40170094
0.4017141
0.40173078
0.4017503
0.4017716
0.4017933
0.40181375
0.40183163
0.40184557
0.40185443
0.40185767
0.4018546
0.40184525
0.40182996
0.4018094
0.40178484
0.40175748
0.40172878
0.4017001
0.4016725
0.40164685
0.4016237
0.40160355
0.40158674
0.40157372
0.40156528
0.40156198
0.40156442
0.40157285
0.40158716
0.4016067
0.40163073
0.40165776
0.4016861
0.40171376
0.40173873
0.40175974
0.4017757
0.40178612
0.4017911
0.40179107
0.40178692
0.40177962
0.40177
0.40175885
0.40174687
0.4017345
0.40172246
0.40171126
0.4017014
0.40169275
0.40168506
0.4016774
0.40166867
0.4016577
0.4016436
0.40162605
0.40160543
0.40158278
0.40155932
0.4015363
0.4015149
0.40149596
0.40148014
0.4014679
0.4014594
0.40145445
0.40145293
0.40145445
0.4014587
0.40146542
0.4014741
0.40148446
0.40149623
0.40150934
0.4015238
0.40153927
0.4015554
0.40157163
0.4015872
0.40160134
0.40161338
0.40162292
0.40162995
0.40163463
0.40163732
0.4016381
0.40163684
0.40163368
0.40162855
0.4016221
0.40161505
0.40160844
0.40160328
0.4016002
0.40159944
0.40160066
0.40160286
0.40160513
0.4016063
0.40160552
0.40160236
0.40159705
0.4015903
0.401583
0.40157616
0.40157068
0.40156692
0.40156505
0.40156457
0.40156513
0.40156633
0.4015679
0.40157014
0.40157333
0.4015775
0.40158278
0.40158907
0.40159598
0.40160334
0.40161112
0.40161946
0.40162867
0.40163895
0.40165022
0.40166238
0.40167508
0.40168747
0.4016984
0.4017066
0.4017111
0.401711
0.40170643
0.40169775
0.40168604
0.4016726
0.4016585
0.40164483
0.40163234
0.40162113
0.40161118
0.40160212
0.40159324
0.40158424
0.4015752
0.40156645
0.4015585
0.40155202
0.40154755
0.4015455
0.401546
0.40154934
0.40155524
0.40156373
0.40157467
0.40158758
0.40160173
0.4016161
0.40162954
0.4016411
0.40165025
0.4016569
0.40166175
0.40166587
0.4016707
0.40167746
0.40168732
0.4017006
0.40171742
0.40173692
0.40175807
0.40177947
0.40179968
0.40181747
0.40183192
0.40184245
0.4018486
0.40185022
0.40184718
0.40183952
0.40182713
0.40181008
0.40178835
0.40176213
0.40173218
0.40169907
0.40166414
0.40162888
0.40159476
0.40156317
0.40153533
0.4015123
0.40149468
0.4014831
0.40147737
0.40147734
0.40148255
0.40149206
0.4015046
0.40151876
0.40153292
0.4015455
0.40155506
0.40156087
0.40156272
0.40156096
0.40155652
0.40155044
0.40154377
0.4015374
0.40153176
0.4015271
0.4015235
0.4015206
0.40151817
0.40151605
0.40151423
0.40151304
0.40151268
0.40151358
0.40151593
0.40151998
0.40152568
0.4015335
0.40154377
0.40155736
0.4015751
0.4015987
0.4016308
0.40167534
0.4017379
0.40182707
0.40195486
0.40213853
0.40240154
0.40277398
0.40329802
0.40403137
0.40505219
0.4064664
0.40841535
0.41112
0.4148032
0.4197746
0.42650816
0.43564528
0.44779733
