0.44252354
0.43200403
0.4241118
0.41816846
0.41372997
0.4104507
0.40804574
0.40627417
0.40497527
0.40403035
0.4033434
0.40284628
0.40248817
0.40223122
0.40204743
0.40191624
0.40182245
0.4017549
0.40170512
0.40166706
0.4016366
0.4016112
0.4015898
0.40157238
0.4015594
0.40155146
0.40154892
0.4015518
0.4015597
0.4015716
0.4015861
0.40160134
0.40161547
0.40162688
0.4016344
0.4016373
0.40163538
0.40162942
0.4016203
0.40160948
0.4015985
0.40158877
0.40158117
0.40157634
0.4015745
0.4015752
0.40157792
0.4015817
0.40158522
0.40158775
0.40158877
0.40158856
0.40158734
0.40158594
0.40158513
0.4015854
0.40158704
0.40159017
0.4015947
0.40160036
0.4016069
0.40161428
0.40162292
0.40163374
0.401648
0.40166765
0.4016952
0.40173444
0.40179124
0.40187418
0.4019954
0.40217212
0.402429
0.40279624
0.40331617
0.40404716
0.40506718
0.40648213
0.4084331
0.41114023
0.4148253
0.41979724
0.4265297
0.43566355
0.44781098
