0.4425036
0.43197814
0.4240811
0.41813424
0.4136943
0.41041604
0.40801468
0.40624878
0.4049566
0.40401864
0.40333772
0.40284526
0.4024901
0.4022346
0.40205133
0.40191984
0.4018255
0.40175736
0.40170762
0.40167072
0.40164307
0.40162244
0.4016074
0.40159735
0.40159184
0.4015906
0.40159324
0.4015991
0.40160722
0.40161645
0.4016253
0.4016326
0.4016372
0.40163827
0.40163565
0.40162924
0.40161943
0.40160725
0.40159374
0.40158015
0.40156758
0.40155682
0.4015484
0.40154266
0.40153986
0.40154004
0.40154362
0.4015507
0.4015616
0.40157613
0.40159383
0.4016139
0.4016352
0.40165684
0.40167817
0.4016995
0.40172222
0.40174925
0.40178543
0.40183774
0.40191612
0.4020336
0.4022076
0.40246356
0.402831
0.4033519
0.40408397
0.40510482
0.4065197
0.4084695
0.41117448
0.41485655
0.4198249
0.42655298
0.43568206
0.44782454
