0.44257137
0.43206516
0.42418286
0.4182468
0.4138138
0.41053936
0.4081385
0.40637076
0.40507495
0.40413177
0.4034445
0.40294483
0.40258238
0.40232015
0.4021311
0.40199596
0.40190044
0.40183443
0.40179002
0.40176105
0.4017426
0.4017305
0.40172157
0.40171313
0.40170345
0.40169147
0.4016768
0.4016596
0.40164062
0.40162066
0.40160093
0.40158218
0.4015654
0.40155137
0.40154088
0.40153453
0.40153274
0.40153578
0.40154377
0.40155667
0.40157416
0.40159577
0.40162054
0.4016474
0.401675
0.4017018
0.40172648
0.4017481
0.4017659
0.40177962
0.40178904
0.4017942
0.40179536
0.40179294
0.4017875
0.40177953
0.40176988
0.40175942
0.40174928
0.40174115
0.40173712
0.4017397
0.4017523
0.40177944
0.4018272
0.4019038
0.402021
0.40219474
0.4024497
0.4028149
0.40333247
0.40406018
0.40507615
0.40648633
0.40843213
0.41113442
0.41481596
0.419786
0.42651802
0.43565348
0.4478034
