0.44263032
0.43213987
0.4242679
0.41833606
0.4139002
0.410615
0.40819615
0.4064045
0.40508032
0.40410733
0.40339035
0.402863
0.4024758
0.40219235
0.4019858
0.40183592
0.40172783
0.4016503
0.40159523
0.40155646
0.40152952
0.401511
0.40149838
0.40148965
0.40148324
0.40147853
0.40147516
0.40147334
0.401473
0.40147445
0.40147775
0.40148297
0.40149012
0.4014988
0.40150833
0.401518
0.40152663
0.40153337
0.40153748
0.40153852
0.4015367
0.40153217
0.4015255
0.4015174
0.40150887
0.40150073
0.40149376
0.40148842
0.4014847
0.4014823
0.40148064
0.40147886
0.40147623
0.4014724
0.4014675
0.401462
0.4014566
0.401452
0.40144876
0.40144703
0.40144676
0.40144756
0.40144935
0.40145174
0.40145478
0.40145862
0.4014631
0.40146822
0.40147394
0.40148026
0.40148705
0.40149477
0.4015037
0.40151408
0.40152603
0.4015392
0.40155306
0.40156677
0.40157938
0.40159008
0.4015985
0.40160456
0.40160868
0.40161133
0.40161312
0.40161452
0.40161583
0.40161705
0.40161774
0.40161735
0.40161508
0.40161029
0.4016026
0.40159196
0.4015788
0.40156364
0.40154737
0.40153098
0.40151533
0.40150157
0.40149048
0.40148297
0.4014794
0.40148
0.4014846
0.4014929
0.40150416
0.40151775
0.40153283
0.40154877
0.4015652
0.40158212
0.40159997
0.40161934
0.40164077
0.40166423
0.40168962
0.40171582
0.40174156
0.40176532
0.4017857
0.40180147
0.40181163
0.4018156
0.40181303
0.40180394
0.40178886
0.4017684
0.4017437
0.40171582
0.40168616
0.40165612
0.4016269
0.40159953
0.40157488
0.40155357
0.40153593
0.40152237
0.40151322
0.40150875
0.40150914
0.40151435
0.4015239
0.40153688
0.401552
0.4015677
0.40158248
0.40159494
0.40160418
0.4016101
0.40161344
0.4016152
0.40161687
0.40161982
0.4016253
0.40163434
0.40164712
0.40166363
0.4016833
0.40170488
0.40172723
0.40174884
0.4017687
0.40178603
0.40180027
0.40181136
0.40181956
0.40182564
0.40183055
0.4018355
0.4018415
0.4018491
0.40185827
0.4018685
0.40187883
0.40188846
0.4018964
0.4019019
0.40190443
0.40190375
0.40189967
0.40189254
0.40188277
0.40187097
0.40185776
0.40184367
0.4018291
0.40181443
0.4018001
0.4017866
0.4017745
0.40176454
0.40175706
0.40175238
0.4017503
0.40174988
0.40175018
0.4017497
0.40174714
0.40174112
0.40173098
0.40171638
0.4016976
0.4016755
0.40165156
0.40162715
0.40160385
0.40158272
0.40156457
0.40154967
0.4015379
0.40152884
0.40152204
0.4015167
0.4015122
0.40150782
0.40150297
0.40149733
0.40149075
0.4014833
0.40147525
0.40146726
0.40145996
0.40145397
0.40144968
0.4014472
0.40144706
0.40144935
0.40145445
0.40146253
0.40147367
0.4014875
0.4015035
0.40152088
0.4015385
0.40155506
0.40156934
0.4015803
0.4015876
0.4015912
0.4015916
0.40158948
0.4015856
0.4015806
0.40157485
0.4015687
0.40156236
0.40155628
0.40155113
0.40154737
0.4015457
0.4015467
0.40155077
0.4015581
0.40156853
0.40158126
0.40159532
0.4016092
0.40162125
0.4016301
0.40163466
0.4016344
0.40162945
0.40162066
0.4016094
0.40159723
0.4015856
0.40157548
0.4015672
0.40156072
0.40155548
0.40155083
0.40154603
0.40154073
0.401535
0.40152922
0.4015241
0.40152025
0.40151817
0.40151834
0.40152076
0.4015252
0.40153104
0.40153754
0.4015438
0.4015491
0.40155324
0.40155646
0.40155908
0.40156168
0.4015648
0.40156892
0.40157416
0.40158036
0.401587
0.4015934
0.40159887
0.40160277
0.40160504
0.40160587
0.40160564
0.40160507
0.40160483
0.40160534
0.4016068
0.4016089
0.40161127
0.40161294
0.40161303
0.4016106
0.4016051
0.40159613
0.4015838
0.40156862
0.40155154
0.40153354
0.40151575
0.40149912
0.4014843
0.4014717
0.40146136
0.40145308
0.40144655
0.40144148
0.40143746
0.40143427
0.40143192
0.40143046
0.4014302
0.4014313
0.401434
0.40143833
0.40144414
0.40145132
0.40145946
0.40146828
0.40147746
0.40148672
0.40149587
0.40150493
0.40151414
0.40152374
0.40153363
0.40154365
0.4015531
0.40156123
0.4015674
0.40157118
0.40157276
0.40157256
0.40157142
0.40157
0.40156886
0.4015683
0.40156862
0.40157
0.4015725
0.40157607
0.40158042
0.40158513
0.40158963
0.4015935
0.40159622
0.4015976
0.40159783
0.4015975
0.40159738
0.4015984
0.40160125
0.40160632
0.4016136
0.4016225
0.40163225
0.40164167
0.40165
0.40165678
0.40166202
0.4016663
0.40167022
0.4016742
0.40167853
0.40168312
0.4016874
0.40169063
0.40169188
0.4016904
0.40168568
0.4016775
0.40166605
0.4016522
0.40163675
0.40162095
0.4016056
0.40159133
0.40157855
0.40156728
0.4015579
0.4015503
0.40154442
0.40154043
0.40153864
0.40153956
0.4015438
0.40155163
0.40156332
0.40157855
0.40159678
0.4016172
0.40163863
0.40165964
0.40167877
0.40169472
0.40170646
0.4017133
0.40171486
0.4017113
0.40170306
0.40169102
0.401676
0.40165895
0.40164065
0.4016218
0.4016032
0.4015856
0.4015696
0.40155545
0.40154332
0.4015331
0.40152463
0.40151742
0.40151095
0.401505
0.4014992
0.40149334
0.4014873
0.4014811
0.40147495
0.40146923
0.40146452
0.40146127
0.40146
0.40146118
0.4014652
0.4014724
0.4014829
0.40149668
0.40151355
0.40153295
0.4015541
0.401576
0.40159777
0.40161848
0.40163767
0.4016555
0.4016722
0.40168852
0.4017049
0.40172157
0.40173858
0.4017554
0.40177134
0.40178543
0.40179697
0.40180513
0.40180978
0.40181094
0.40180907
0.4018048
0.40179917
0.40179327
0.4017881
0.40178424
0.40178195
0.40178093
0.40178058
0.4017799
0.40177792
0.40177414
0.4017683
0.40176067
0.40175208
0.40174353
0.4017363
0.4017313
0.4017293
0.40173048
0.40173456
0.40174097
0.4017489
0.40175724
0.4017652
0.40177175
0.4017761
0.40177765
0.40177587
0.4017704
0.40176108
0.40174785
0.4017309
0.4017107
0.4016877
0.4016629
0.4016373
0.401612
0.40158814
0.40156648
0.40154758
0.40153193
0.40151998
0.40151188
0.4015078
0.4015075
0.40151048
0.4015162
0.4015241
0.40153384
0.4015455
0.40155914
0.40157485
0.40159246
0.40161145
0.40163094
0.40164962
0.401666
0.4016785
0.40168628
0.4016886
0.40168557
0.40167788
0.4016664
0.40165263
0.4016379
0.40162328
0.40160957
0.4015971
0.4015859
0.40157568
0.401566
0.40155667
0.4015477
0.40153942
0.40153217
0.40152606
0.4015212
0.4015176
0.40151513
0.40151334
0.40151218
0.4015117
0.40151197
0.40151328
0.40151617
0.4015209
0.40152773
0.4015365
0.40154696
0.40155843
0.40157026
0.40158126
0.40159032
0.4015965
0.40159914
0.40159824
0.40159443
0.40158868
0.40158257
0.40157765
0.4015753
0.40157646
0.40158162
0.40159073
0.40160328
0.4016185
0.4016353
0.4016525
0.40166909
0.40168437
0.40169805
0.40171018
0.4017209
0.40173024
0.40173808
0.40174398
0.40174726
0.40174752
0.4017444
0.40173793
0.40172854
0.40171716
0.40170482
0.40169284
0.40168235
0.4016743
0.40166914
0.40166655
0.401666
0.40166664
0.40166765
0.40166837
0.40166783
0.40166542
0.40166047
0.40165305
0.40164334
0.40163207
0.40162
0.40160793
0.40159658
0.40158615
0.40157703
0.40156916
0.40156257
0.40155745
0.40155435
0.40155402
0.40155736
0.4015651
0.4015776
0.401595
0.401617
0.40164274
0.40167114
0.4017007
0.40172943
0.4017555
0.40177706
0.40179276
0.40180162
0.4018033
0.40179792
0.40178603
0.4017689
0.4017479
0.401725
0.40170208
0.40168113
0.40166375
0.40165105
0.40164348
0.401641
0.4016426
0.40164697
0.40165237
0.4016569
0.4016588
0.40165657
0.40164936
0.40163675
0.40161902
0.40159702
0.40157223
0.4015462
0.40152073
0.40149716
0.40147656
0.40145957
0.40144643
0.40143698
0.401431
0.40142825
0.4014285
0.40143156
0.40143704
0.40144494
0.40145472
0.40146604
0.40147844
0.40149152
0.40150484
0.40151817
0.40153125
0.40154386
0.40155542
0.40156522
0.40157282
0.4015778
0.4015803
0.40158042
0.40157855
0.40157464
0.40156907
0.40156177
0.40155306
0.40154335
0.40153337
0.4015238
0.40151533
0.4015086
0.40150407
0.40150207
0.40150258
0.4015052
0.40150914
0.40151352
0.40151742
0.40152013
0.4015213
0.40152073
0.40151846
0.40151474
0.4015102
0.40150595
0.4015029
0.40150195
0.40150374
0.40150884
0.40151745
0.40152964
0.40154508
0.4015629
0.40158224
0.4016018
0.40162054
0.40163732
0.4016511
0.40166137
0.40166762
0.40167022
0.40166995
0.4016678
0.4016649
0.40166223
0.4016605
0.40166017
0.40166137
0.40166366
0.4016664
0.40166885
0.40167063
0.4016715
0.40167168
0.40167174
0.4016721
0.40167323
0.40167513
0.4016774
0.40167934
0.40168017
0.4016794
0.40167683
0.40167275
0.40166757
0.401662
0.40165663
0.40165204
0.40164855
0.40164632
0.4016454
0.4016457
0.4016469
0.40164876
0.40165046
0.40165138
0.40165105
0.40164915
0.40164572
0.40164104
0.40163574
0.40163037
0.40162575
0.40162247
0.40162107
0.4016215
0.40162337
0.401626
0.40162864
0.4016306
0.4016316
0.40163162
0.40163115
0.40163076
0.40163112
0.40163255
0.40163556
0.40164
0.401646
0.4016535
0.4016629
0.40167457
0.40168908
0.40170658
0.4017268
0.40174893
0.40177172
0.40179345
0.40181255
0.4018275
0.40183708
0.40184048
0.40183747
0.40182823
0.4018134
0.40179384
0.4017708
0.4017456
0.40171972
0.40169466
0.40167195
0.4016525
0.401637
0.4016253
0.40161723
0.40161192
0.4016085
0.4016062
0.40160412
0.40160152
0.40159774
0.40159255
0.40158647
0.40157998
0.4015738
0.40156856
0.40156466
0.40156242
0.40156165
0.40156206
0.40156287
0.40156308
0.4015617
0.40155807
0.40155208
0.40154406
0.40153435
0.40152374
0.40151277
0.40150207
0.40149212
0.40148345
0.40147635
0.4014712
0.40146822
0.40146786
0.40147063
0.40147665
0.40148577
0.40149757
0.40151134
0.40152612
0.4015408
0.40155444
0.40156627
0.40157598
0.40158364
0.40159014
0.4015964
0.40160364
0.4016128
0.40162465
0.40163925
0.40165606
0.40167412
0.40169206
0.40170854
0.40172222
0.4017321
0.40173736
0.4017374
0.401732
0.40172103
0.4017049
0.40168396
0.40165925
0.40163165
0.40160263
0.40157324
0.40154493
0.40151846
0.4014946
0.4014736
0.40145567
0.40144062
0.40142816
0.40141788
0.40140948
0.4014028
0.40139782
0.40139443
0.40139255
0.40139207
0.40139252
0.40139377
0.40139553
0.40139794
0.40140125
0.40140584
0.40141204
0.40141994
0.4014296
0.4014409
0.4014537
0.4014678
0.401483
0.40149936
0.40151706
0.4015359
0.40155584
0.4015763
0.40159672
0.4016162
0.4016336
0.40164787
0.40165818
0.40166408
0.40166524
0.40166166
0.4016537
0.40164214
0.4016279
0.4016123
0.40159664
0.40158206
0.40156963
0.40155995
0.40155345
0.40155026
0.40155056
0.40155447
0.40156186
0.40157264
0.40158638
0.4016023
0.4016196
0.4016372
0.40165406
0.40166917
0.40168133
0.40168968
0.40169352
0.40169287
0.40168786
0.4016794
0.40166843
0.4016563
0.40164447
0.40163422
0.40162662
0.4016221
0.4016206
0.40162158
0.40162423
0.40162718
0.40162924
0.40162945
0.40162745
0.40162328
0.4016173
0.40160993
0.4016015
0.40159228
0.40158263
0.40157294
0.4015637
0.40155524
0.4015477
0.40154132
0.40153626
0.40153295
0.40153158
0.40153223
0.401535
0.40153986
0.40154672
0.40155557
0.401566
0.4015775
0.4015892
0.40160012
0.40160918
0.4016158
0.4016196
0.4016206
0.4016192
0.40161613
0.4016119
0.40160704
0.40160158
0.40159538
0.4015883
0.4015802
0.40157172
0.40156326
0.40155575
0.40154982
0.40154585
0.40154403
0.4015444
0.40154663
0.40155035
0.40155533
0.4015615
0.4015687
0.40157658
0.40158442
0.40159148
0.4015968
0.40159974
0.4015999
0.40159765
0.40159366
0.40158865
0.40158322
0.40157777
0.40157247
0.40156725
0.40156242
0.4015582
0.40155488
0.4015531
0.4015533
0.401556
0.40156135
0.40156943
0.40158015
0.4015931
0.40160757
0.40162256
0.40163666
0.40164843
0.40165654
0.40166014
0.40165895
0.4016532
0.4016436
0.40163124
0.40161702
0.4016021
0.40158695
0.40157217
0.4015578
0.40154397
0.40153047
0.40151706
0.40150362
0.40149027
0.4014772
0.40146494
0.40145397
0.40144485
0.40143818
0.40143454
0.4014343
0.40143758
0.40144432
0.40145403
0.40146607
0.40147975
0.4014943
0.40150887
0.4015227
0.40153503
0.40154526
0.40155283
0.40155753
0.40155947
0.4015592
0.4015573
0.4015543
0.40155083
0.40154737
0.4015444
0.40154245
0.40154216
0.40154412
0.40154886
0.40155688
0.40156838
0.40158337
0.40160167
0.4016226
0.40164554
0.40166947
0.4016933
0.4017159
0.40173614
0.40175316
0.4017666
0.401776
0.4017814
0.40178302
0.4017814
0.40177706
0.40177068
0.40176263
0.401753
0.4017416
0.40172818
0.40171278
0.40169582
0.40167823
0.4016611
0.4016459
0.40163386
0.40162608
0.40162292
0.4016242
0.4016292
0.40163684
0.40164575
0.40165433
0.4016611
0.401665
0.4016655
0.40166274
0.40165743
0.40165055
0.40164334
0.40163675
0.4016315
0.401628
0.4016259
0.40162486
0.40162373
0.40162137
0.40161684
0.40160966
0.40159994
0.40158835
0.40157595
0.4015639
0.40155354
0.40154576
0.40154165
0.40154147
0.40154558
0.40155378
0.4015658
0.40158126
0.40159988
0.4016214
0.40164536
0.40167102
0.40169743
0.4017234
0.401748
0.4017702
0.40178925
0.40180457
0.4018157
0.40182236
0.4018244
0.401822
0.40181524
0.4018044
0.40179002
0.40177274
0.40175357
0.40173382
0.4017148
0.4016979
0.4016841
0.40167397
0.40166768
0.40166482
0.4016648
0.40166643
0.40166888
0.4016711
0.4016725
0.40167218
0.40166947
0.4016635
0.40165374
0.40164
0.40162268
0.40160248
0.40158057
0.40155825
0.4015368
0.40151733
0.40150058
0.40148702
0.40147692
0.40147042
0.4014677
0.40146878
0.4014735
0.4014818
0.4014933
0.40150756
0.4015237
0.4015408
0.40155765
0.40157297
0.40158546
0.4015942
0.40159896
0.40160006
0.4015985
0.40159535
0.4015915
0.4015876
0.4015841
0.40158108
0.40157863
0.40157703
0.40157637
0.40157703
0.4015788
0.40158165
0.4015848
0.4015877
0.4015898
0.4015912
0.40159208
0.40159297
0.40159446
0.40159702
0.401601
0.40160644
0.40161303
0.4016203
0.40162742
0.4016334
0.40163726
0.40163815
0.40163556
0.40162933
0.40161985
0.40160787
0.4015943
0.40158054
0.40156755
0.40155625
0.4015471
0.4015402
0.40153527
0.40153173
0.401529
0.40152645
0.40152332
0.40151912
0.40151352
0.40150672
0.4014993
0.40149194
0.40148538
0.40148035
0.40147728
0.4014766
0.40147838
0.40148246
0.40148842
0.40149546
0.40150282
0.4015096
0.4015156
0.40152058
0.40152493
0.40152913
0.40153357
0.40153864
0.40154436
0.4015506
0.40155697
0.40156275
0.40156734
0.40157023
0.40157136
0.40157104
0.40156972
0.401568
0.4015663
0.4015649
0.401564
0.4015635
0.40156344
0.40156344
0.401563
0.40156138
0.40155762
0.4015512
0.40154183
0.40152964
0.40151525
0.4014992
0.4014825
0.40146577
0.40144995
0.40143567
0.4014235
0.40141407
0.4014078
0.40140525
0.40140694
0.40141314
0.40142393
0.40143937
0.40145898
0.4014822
0.40150836
0.4015364
0.4015652
0.40159354
0.40161994
0.40164325
0.40166232
0.40167677
0.40168643
0.4016916
0.40169278
0.40169084
0.4016866
0.4016809
0.4016742
0.40166682
0.40165895
0.4016507
0.40164217
0.40163404
0.40162688
0.40162164
0.40161893
0.40161902
0.40162185
0.4016268
0.40163282
0.4016393
0.40164545
0.40165105
0.40165624
0.40166152
0.40166745
0.4016745
0.4016829
0.40169278
0.4017039
0.40171647
0.40173063
0.4017464
0.40176356
0.40178156
0.4017995
0.40181607
0.4018304
0.4018415
0.40184873
0.40185168
0.4018503
0.40184474
0.40183538
0.4018229
0.40180826
0.40179294
0.40177834
0.40176606
0.4017574
0.40175354
0.40175512
0.40176222
0.40177423
0.40179014
0.40180853
0.40182805
0.40184727
0.40186515
0.4018807
0.40189326
0.40190244
0.40190798
0.4019097
0.40190747
0.40190092
0.40189004
0.4018749
0.4018559
0.40183365
0.40180907
0.40178332
0.40175763
0.40173346
0.40171212
0.4016946
0.4016814
0.40167284
0.40166867
0.40166813
0.40167004
0.4016729
0.40167516
0.40167585
0.40167403
0.40166947
0.40166217
0.40165246
0.4016409
0.401628
0.4016143
0.40160012
0.4015856
0.4015713
0.40155753
0.40154505
0.4015344
0.401526
0.4015203
0.4015173
0.4015172
0.40151995
0.40152553
0.4015337
0.4015443
0.40155688
0.40157077
0.40158492
0.40159822
0.40160945
0.40161753
0.4016218
0.40162182
0.4016179
0.40161043
0.40160036
0.4015887
0.40157658
0.4015647
0.40155387
0.40154436
0.4015364
0.40153012
0.40152568
0.4015233
0.40152285
0.40152434
0.40152758
0.40153244
0.40153852
0.40154552
0.40155298
0.4015606
0.40156803
0.40157503
0.4015817
0.40158832
0.4015953
0.4016029
0.40161088
0.401619
0.40162662
0.40163273
0.4016366
0.40163788
0.40163663
0.40163362
0.40162992
0.40162683
0.4016253
0.40162638
0.40163046
0.4016377
0.4016477
0.40165946
0.40167168
0.40168306
0.4016923
0.4016986
0.40170148
0.40170112
0.4016977
0.4016916
0.40168327
0.4016731
0.401662
0.40165043
0.40163884
0.40162778
0.40161765
0.4016088
0.40160185
0.40159693
0.40159422
0.40159363
0.40159488
0.40159744
0.40160063
0.40160367
0.4016061
0.40160757
0.40160826
0.40160903
0.40161088
0.40161526
0.40162393
0.40163898
0.40166324
0.40170062
0.40175676
0.4018401
0.40196216
0.40213978
0.40239698
0.4027636
0.40328208
0.40401062
0.40502784
0.40643993
0.40838864
0.41109467
0.41478062
0.41975558
0.42649326
0.43563414
0.44778946
