0.442562
0.43205518
0.42417476
0.41824254
0.41381434
0.41054413
0.40814576
0.40637746
0.40507716
0.40412578
0.40342668
0.40291226
0.40253285
0.40225214
0.4020437
0.4018883
0.4017723
0.4016859
0.40162185
0.40157485
0.40154085
0.40151662
0.40149975
0.4014883
0.40148082
0.40147606
0.40147325
0.40147206
0.40147245
0.40147468
0.40147915
0.40148625
0.4014961
0.40150887
0.40152422
0.40154165
0.40156034
0.40157914
0.4015966
0.4016114
0.40162206
0.40162745
0.40162706
0.40162063
0.40160877
0.4015925
0.40157297
0.40155172
0.4015301
0.40150928
0.40149057
0.401475
0.40146354
0.4014568
0.40145504
0.40145808
0.40146562
0.40147713
0.40149158
0.4015081
0.40152535
0.40154237
0.4015581
0.40157232
0.40158486
0.40159598
0.401606
0.40161505
0.4016232
0.40163028
0.40163594
0.40163994
0.40164208
0.40164253
0.40164185
0.40164068
0.4016399
0.40164027
0.4016421
0.4016456
0.40165055
0.40165666
0.40166342
0.40167025
0.4016767
0.40168253
0.40168765
0.40169224
0.40169668
0.40170145
0.40170676
0.40171266
0.40171915
0.4017262
0.40173405
0.40174308
0.40175357
0.40176532
0.40177792
0.40179038
0.40180188
0.40181124
0.4018178
0.4018211
0.40182087
0.40181735
0.40181097
0.40180233
0.40179172
0.40177932
0.40176493
0.40174833
0.40172932
0.40170828
0.40168563
0.4016622
0.4016391
0.4016176
0.4015985
0.40158272
0.4015706
0.40156233
0.4015579
0.4015572
0.40156013
0.40156627
0.4015752
0.40158638
0.40159893
0.40161192
0.40162438
0.4016353
0.4016439
0.4016497
0.40165263
0.4016528
0.40165058
0.401646
0.40163916
0.40163004
0.4016187
0.40160513
0.40158966
0.40157267
0.40155515
0.40153763
0.4015208
0.40150505
0.4014911
0.40147957
0.40147114
0.40146607
0.40146443
0.40146598
0.4014701
0.401476
0.40148288
0.40148985
0.4014961
0.40150127
0.4015053
0.4015088
0.4015125
0.40151748
0.40152416
0.40153265
0.40154254
0.4015531
0.40156335
0.40157235
0.4015795
0.40158466
0.40158826
0.40159112
0.40159428
0.4015985
0.40160412
0.401611
0.4016184
0.4016256
0.40163156
0.40163538
0.40163678
0.40163568
0.4016324
0.40162766
0.40162215
0.401617
0.40161303
0.40161136
0.40161255
0.40161687
0.4016242
0.40163434
0.4016468
0.4016608
0.40167552
0.40169004
0.4017036
0.4017153
0.4017243
0.40172938
0.40172985
0.4017251
0.40171537
0.40170106
0.4016833
0.40166336
0.40164295
0.40162334
0.4016056
0.40159062
0.4015788
0.40157065
0.40156662
0.40156686
0.40157107
0.4015788
0.40158924
0.4016018
0.40161574
0.4016307
0.40164608
0.40166152
0.40167645
0.40169072
0.40170428
0.40171716
0.40172935
0.4017407
0.40175074
0.40175894
0.4017647
0.40176743
0.40176675
0.40176246
0.4017547
0.4017439
0.40173087
0.40171665
0.4017024
0.40168923
0.40167767
0.4016678
0.40165913
0.40165085
0.40164196
0.4016317
0.40161988
0.40160674
0.40159312
0.40158015
0.4015689
0.40156025
0.40155515
0.40155417
0.40155745
0.40156478
0.40157586
0.40159014
0.40160695
0.40162575
0.40164617
0.40166765
0.4016894
0.4017103
0.401729
0.40174422
0.40175495
0.40176025
0.40175956
0.40175283
0.40174007
0.40172184
0.40169904
0.40167287
0.40164497
0.40161684
0.40159014
0.4015662
0.40154594
0.40153003
0.40151864
0.40151206
0.4015104
0.4015139
0.40152276
0.40153685
0.401556
0.4015795
0.40160662
0.40163624
0.40166694
0.40169698
0.4017246
0.40174818
0.40176624
0.4017778
0.4017822
0.40177912
0.40176892
0.40175223
0.40173033
0.40170455
0.4016767
0.40164828
0.40162086
0.40159565
0.40157372
0.4015559
0.40154287
0.40153491
0.40153217
0.40153474
0.40154225
0.4015543
0.40157014
0.40158904
0.4016097
0.40163088
0.40165126
0.4016693
0.40168396
0.4016943
0.40169972
0.4017001
0.40169537
0.40168628
0.40167388
0.40165973
0.4016456
0.4016332
0.40162393
0.40161878
0.4016181
0.40162158
0.4016285
0.4016376
0.40164736
0.4016562
0.40166277
0.40166646
0.40166706
0.40166494
0.40166098
0.40165624
0.40165153
0.40164763
0.40164477
0.40164304
0.40164223
0.40164223
0.4016429
0.40164435
0.40164667
0.40164974
0.40165323
0.40165645
0.40165862
0.40165928
0.4016582
0.40165564
0.40165246
0.40164915
0.40164658
0.40164512
0.4016447
0.40164477
0.40164447
0.40164274
0.40163884
0.40163252
0.40162382
0.40161377
0.40160343
0.40159398
0.40158665
0.40158212
0.401581
0.4015834
0.4015891
0.40159762
0.4016078
0.4016181
0.4016271
0.4016335
0.40163642
0.40163538
0.4016306
0.4016224
0.40161133
0.40159795
0.4015833
0.4015683
0.40155423
0.4015421
0.4015327
0.4015267
0.40152407
0.40152448
0.40152732
0.40153167
0.4015368
0.40154225
0.40154788
0.4015536
0.40155932
0.40156487
0.40157017
0.4015754
0.40158093
0.4015875
0.4015955
0.40160504
0.40161583
0.4016272
0.4016382
0.40164813
0.4016564
0.40166312
0.4016686
0.40167338
0.4016781
0.401683
0.40168837
0.40169415
0.40170014
0.40170613
0.40171206
0.4017181
0.40172452
0.4017316
0.4017397
0.40174899
0.40175936
0.40177035
0.40178093
0.4017899
0.40179592
0.40179783
0.40179443
0.40178508
0.4017694
0.4017475
0.40171996
0.40168774
0.4016523
0.4016152
0.40157822
0.40154287
0.40151042
0.40148205
0.40145844
0.4014402
0.40142763
0.40142116
0.40142086
0.4014266
0.4014383
0.40145522
0.4014766
0.40150136
0.40152797
0.40155506
0.4015808
0.40160364
0.40162256
0.4016369
0.40164676
0.40165293
0.40165663
0.40165913
0.40166157
0.4016645
0.40166834
0.40167278
0.40167725
0.40168095
0.40168303
0.40168262
0.40167925
0.4016725
0.4016621
0.4016484
0.40163192
0.40161398
0.40159595
0.40157956
0.40156636
0.40155798
0.40155593
0.4015619
0.40157774
0.4016057
0.40164888
0.40171126
0.40179825
0.40191704
0.40207773
0.40229583
0.40259078
0.40299112
0.4035373
0.40428606
0.40531468
0.406729
0.40867084
0.41136074
0.41502383
0.41997007
0.4266724
0.43577555
0.447892
