0.44254518
0.4320345
0.4241525
0.41822165
0.41379815
0.41053683
0.4081509
0.40639853
0.40511703
0.4041856
0.40350664
0.40301117
0.40264797
0.4023793
0.4021778
0.40202382
0.40190363
0.40180767
0.4017297
0.4016656
0.4016125
0.4015686
0.4015326
0.40150347
0.4014806
0.40146336
0.40145096
0.40144286
0.40143824
0.40143654
0.4014372
0.40144002
0.4014447
0.40145117
0.40145934
0.40146908
0.40148026
0.40149269
0.40150595
0.40151957
0.40153292
0.40154532
0.4015562
0.40156528
0.40157205
0.401576
0.40157658
0.40157333
0.40156633
0.40155616
0.4015437
0.40153018
0.40151665
0.40150425
0.40149376
0.40148568
0.40148026
0.40147752
0.4014772
0.40147898
0.40148216
0.40148625
0.4014905
0.40149426
0.40149736
0.4014997
0.40150136
0.40150252
0.40150303
0.40150282
0.40150207
0.4015013
0.40150085
0.40150115
0.40150246
0.4015052
0.4015094
0.40151495
0.40152192
0.40153033
0.4015403
0.40155163
0.40156436
0.40157837
0.40159357
0.40160993
0.40162724
0.40164512
0.4016628
0.40167966
0.40169498
0.40170828
0.40171933
0.40172827
0.40173545
0.4017414
0.40174624
0.40175027
0.40175343
0.40175524
0.40175524
0.40175316
0.40174875
0.40174234
0.40173438
0.40172565
0.4017166
0.40170753
0.40169847
0.40168935
0.40167987
0.4016698
0.40165928
0.4016485
0.40163797
0.40162817
0.40161967
0.4016126
0.40160707
0.4016029
0.4015999
0.40159792
0.40159658
0.4015955
0.40159434
0.40159282
0.40159136
0.40159038
0.40159056
0.40159234
0.40159595
0.40160134
0.40160805
0.40161565
0.40162346
0.40163067
0.40163618
0.40163887
0.40163767
0.40163186
0.4016211
0.40160555
0.40158558
0.4015622
0.40153652
0.40151
0.4014839
0.4014596
0.40143785
0.40141943
0.40140465
0.4013937
0.40138683
0.4013839
0.40138456
0.4013888
0.401396
0.40140605
0.40141833
0.40143266
0.40144882
0.40146667
0.40148625
0.40150777
0.40153116
0.40155625
0.4015823
0.40160853
0.40163353
0.40165597
0.4016748
0.40168908
0.40169862
0.40170354
0.4017047
0.4017031
0.4017001
0.40169707
0.4016949
0.40169424
0.40169513
0.40169722
0.40169972
0.40170178
0.40170252
0.40170145
0.40169832
0.40169305
0.40168592
0.40167704
0.40166664
0.4016552
0.40164316
0.4016313
0.40162045
0.4016114
0.40160474
0.4016009
0.4015998
0.4016013
0.40160495
0.40161005
0.4016161
0.40162274
0.40162998
0.40163752
0.4016454
0.4016536
0.4016617
0.40166956
0.40167657
0.40168208
0.4016852
0.40168518
0.40168133
0.40167335
0.40166125
0.4016456
0.40162724
0.40160728
0.40158686
0.4015672
0.40154928
0.40153408
0.40152234
0.40151465
0.40151134
0.40151262
0.4015184
0.40152842
0.4015423
0.4015602
0.40158188
0.40160757
0.40163663
0.4016685
0.40170178
0.4017351
0.40176705
0.4017964
0.40182236
0.40184465
0.40186298
0.40187764
0.40188906
0.40189743
0.40190306
0.4019063
0.40190727
0.4019062
0.40190306
0.40189794
0.4018906
0.4018808
0.40186825
0.40185276
0.40183434
0.4018134
0.40179035
0.40176585
0.40174064
0.4017152
0.40168965
0.401664
0.4016385
0.40161362
0.40159
0.4015683
0.40154958
0.4015344
0.40152353
0.4015174
0.40151644
0.40152064
0.40152988
0.40154377
0.4015617
0.40158254
0.40160483
0.4016271
0.40164763
0.40166533
0.4016791
0.40168846
0.4016937
0.40169537
0.4016947
0.40169284
0.4016909
0.4016897
0.4016894
0.40169004
0.40169114
0.4016923
0.40169305
0.40169305
0.4016916
0.40168798
0.4016816
0.40167192
0.40165886
0.4016429
0.4016247
0.40160534
0.4015855
0.40156636
0.40154883
0.40153354
0.40152073
0.4015106
0.4015028
0.40149698
0.4014929
0.40149045
0.40148985
0.40149146
0.40149552
0.4015022
0.40151158
0.4015239
0.40153927
0.4015579
0.40157992
0.401605
0.40163252
0.40166163
0.40169066
0.40171817
0.4017424
0.40176186
0.40177566
0.40178302
0.40178406
0.40177926
0.40176985
0.4017571
0.40174267
0.40172803
0.4017143
0.40170223
0.40169197
0.40168327
0.40167543
0.4016681
0.40166074
0.4016536
0.40164676
0.4016409
0.40163618
0.40163296
0.40163097
0.4016299
0.40162906
0.401628
0.40162617
0.40162414
0.40162247
0.40162218
0.40162423
0.40162942
0.40163824
0.40165094
0.4016671
0.40168557
0.4017052
0.40172413
0.40174082
0.40175405
0.40176266
0.40176615
0.40176454
0.40175796
0.4017472
0.40173328
0.40171754
0.4017014
0.40168586
0.40167156
0.4016588
0.40164772
0.40163854
0.40163147
0.40162706
0.40162534
0.40162677
0.40163127
0.40163836
0.4016475
0.40165827
0.40167013
0.4016827
0.40169558
0.40170845
0.40172085
0.40173224
0.4017424
0.4017515
0.40175965
0.4017674
0.4017752
0.4017826
0.40178946
0.40179482
0.40179786
0.40179786
0.40179422
0.40178695
0.40177628
0.40176308
0.40174833
0.40173292
0.40171784
0.4017035
0.40169019
0.4016779
0.4016663
0.4016552
0.40164453
0.4016343
0.40162438
0.4016143
0.40160355
0.4015916
0.4015782
0.40156326
0.40154746
0.4015314
0.40151587
0.40150133
0.40148854
0.40147752
0.4014686
0.40146157
0.40145612
0.40145192
0.4014485
0.40144593
0.401444
0.40144286
0.40144244
0.40144303
0.4014447
0.4014477
0.4014525
0.4014595
0.40146914
0.4014816
0.40149707
0.4015152
0.40153563
0.4015578
0.40158054
0.40160283
0.4016232
0.40164018
0.40165237
0.40165907
0.40165988
0.40165493
0.4016448
0.40163058
0.40161353
0.40159503
0.40157625
0.40155804
0.4015413
0.4015262
0.40151322
0.40150237
0.401494
0.40148816
0.4014851
0.40148476
0.40148732
0.40149245
0.40149987
0.40150928
0.40152037
0.4015325
0.40154523
0.40155774
0.40156966
0.4015808
0.4015915
0.40160203
0.40161297
0.40162438
0.4016364
0.40164846
0.40165958
0.40166846
0.4016738
0.40167454
0.40167013
0.4016604
0.4016459
0.40162757
0.40160662
0.40158454
0.40156248
0.40154168
0.40152317
0.4015076
0.4014954
0.40148646
0.40148053
0.40147683
0.40147486
0.40147394
0.40147358
0.4014736
0.40147376
0.40147382
0.4014737
0.40147325
0.40147257
0.40147167
0.4014707
0.40146974
0.4014688
0.40146762
0.401466
0.40146354
0.40146008
0.40145555
0.40144995
0.4014434
0.40143627
0.4014291
0.4014226
0.40141758
0.401415
0.4014155
0.40141982
0.4014284
0.4014415
0.40145916
0.40148085
0.4015062
0.4015341
0.40156344
0.40159267
0.40162054
0.40164548
0.40166637
0.401682
0.401692
0.4016961
0.4016946
0.40168795
0.40167698
0.4016627
0.4016462
0.4016282
0.4016092
0.40158936
0.40156907
0.40154856
0.40152845
0.40150973
0.40149322
0.40147963
0.40146956
0.40146306
0.40145984
0.40145952
0.4014613
0.40146446
0.40146804
0.4014712
0.4014737
0.40147537
0.40147665
0.40147808
0.40148
0.40148264
0.40148625
0.40149045
0.4014956
0.40150163
0.40150854
0.40151635
0.4015251
0.40153432
0.4015435
0.40155202
0.40155932
0.40156528
0.40157
0.4015742
0.4015784
0.4015833
0.4015892
0.4015961
0.40160367
0.40161172
0.4016198
0.40162766
0.4016351
0.40164232
0.4016493
0.40165588
0.40166184
0.40166682
0.4016704
0.40167192
0.40167123
0.40166858
0.40166482
0.4016608
0.4016576
0.401656
0.4016565
0.40165895
0.4016629
0.40166736
0.40167168
0.40167525
0.4016774
0.4016779
0.4016767
0.40167364
0.40166906
0.4016633
0.4016572
0.40165156
0.40164706
0.4016444
0.401644
0.40164602
0.40165028
0.40165648
0.40166408
0.40167293
0.4016829
0.40169436
0.40170735
0.4017216
0.4017368
0.40175185
0.40176582
0.40177786
0.401787
0.40179276
0.40179467
0.40179244
0.4017861
0.40177596
0.40176252
0.4017467
0.4017294
0.4017118
0.40169498
0.40167987
0.40166694
0.40165612
0.4016469
0.4016384
0.40162948
0.40161934
0.40160763
0.40159467
0.40158093
0.4015674
0.4015553
0.40154573
0.40153986
0.40153837
0.40154153
0.40154925
0.40156108
0.40157613
0.40159345
0.40161157
0.40162915
0.40164495
0.4016581
0.40166855
0.4016765
0.40168285
0.4016884
0.40169406
0.40170002
0.40170604
0.40171167
0.40171614
0.40171894
0.40171963
0.4017185
0.40171614
0.4017134
0.4017111
0.40170994
0.40171006
0.4017113
0.40171275
0.40171382
0.4017141
0.40171343
0.4017121
0.4017105
0.40170914
0.40170813
0.40170738
0.40170658
0.4017055
0.40170375
0.40170163
0.4016991
0.40169644
0.4016938
0.40169114
0.40168828
0.40168437
0.40167895
0.401671
0.4016601
0.40164614
0.40162927
0.40161017
0.4015899
0.4015695
0.40155
0.40153223
0.40151653
0.4015032
0.40149212
0.40148324
0.4014765
0.40147188
0.40146968
0.40146977
0.40147215
0.40147665
0.4014831
0.4014911
0.4015005
0.40151095
0.40152168
0.4015319
0.40154058
0.40154696
0.40155047
0.4015513
0.40155
0.40154737
0.4015444
0.40154183
0.40154046
0.40154082
0.40154347
0.40154865
0.40155688
0.40156874
0.40158436
0.40160394
0.40162745
0.4016545
0.40168422
0.4017155
0.4017469
0.4017772
0.4018055
0.40183115
0.40185377
0.4018732
0.4018895
0.40190268
0.4019128
0.4019198
0.40192363
0.4019241
0.4019209
0.4019138
0.40190238
0.40188637
0.40186566
0.4018402
0.40181038
0.40177685
0.4017407
0.40170336
0.40166664
0.40163234
0.4016021
0.40157723
0.40155873
0.40154696
0.40154165
0.40154243
0.4015483
0.4015579
0.40156963
0.40158167
0.4015922
0.40159962
0.40160304
0.40160227
0.40159792
0.40159112
0.40158302
0.4015749
0.4015677
0.40156198
0.4015578
0.40155494
0.40155327
0.40155235
0.40155214
0.4015528
0.40155447
0.40155715
0.4015606
0.40156463
0.40156907
0.40157375
0.40157908
0.40158528
0.40159264
0.40160125
0.401611
0.40162122
0.40163133
0.40164095
0.40164983
0.401658
0.40166587
0.4016738
0.40168166
0.40168917
0.401696
0.40170148
0.40170547
0.40170813
0.4017097
0.4017108
0.40171215
0.4017141
0.40171698
0.40172085
0.40172556
0.4017313
0.40173796
0.4017455
0.40175352
0.40176177
0.40176982
0.40177718
0.40178394
0.40179005
0.40179583
0.40180162
0.4018076
0.40181416
0.40182123
0.40182847
0.4018352
0.4018407
0.40184417
0.40184498
0.40184286
0.40183765
0.40182945
0.4018187
0.40180585
0.40179166
0.40177706
0.40176287
0.4017497
0.40173808
0.40172777
0.4017183
0.40170896
0.40169892
0.4016878
0.40167537
0.4016617
0.40164676
0.40163076
0.4016138
0.40159604
0.40157777
0.40155968
0.4015427
0.40152773
0.4015156
0.40150687
0.40150186
0.40150073
0.40150315
0.40150842
0.40151608
0.40152535
0.40153566
0.4015467
0.40155786
0.4015688
0.401579
0.40158808
0.4015955
0.40160063
0.4016033
0.4016033
0.4016009
0.40159613
0.4015893
0.40158087
0.40157145
0.4015617
0.4015523
0.40154412
0.40153813
0.40153494
0.40153524
0.40153915
0.4015466
0.40155742
0.40157107
0.40158743
0.40160644
0.401628
0.40165174
0.4016768
0.40170208
0.40172592
0.4017467
0.40176296
0.40177387
0.40177885
0.40177798
0.40177196
0.40176186
0.40174925
0.40173548
0.40172178
0.4017087
0.4016964
0.4016846
0.40167266
0.40165997
0.40164623
0.4016317
0.40161687
0.40160272
0.40159023
0.40158078
0.40157494
0.40157348
0.40157652
0.40158358
0.401594
0.4016064
0.4016193
0.40163082
0.4016396
0.4016447
0.40164542
0.40164208
0.40163547
0.40162703
0.4016185
0.40161166
0.4016081
0.4016088
0.40161434
0.4016248
0.40163925
0.4016567
0.40167537
0.40169367
0.40171018
0.40172377
0.40173408
0.4017412
0.40174553
0.40174773
0.4017483
0.40174714
0.4017439
0.40173814
0.40172982
0.40171865
0.4017049
0.40168902
0.4016716
0.4016534
0.40163508
0.4016175
0.40160152
0.40158775
0.40157658
0.40156808
0.40156186
0.4015574
0.40155405
0.40155113
0.40154818
0.401545
0.40154165
0.4015384
0.40153587
0.40153474
0.4015355
0.40153858
0.40154424
0.4015524
0.40156287
0.40157497
0.4015878
0.40160018
0.4016109
0.401619
0.40162402
0.401626
0.4016256
0.40162396
0.4016227
0.40162334
0.40162688
0.40163428
0.4016459
0.4016617
0.40168124
0.4017041
0.40172908
0.40175506
0.40178058
0.40180463
0.40182608
0.40184402
0.40185776
0.40186682
0.40187097
0.40187007
0.4018643
0.40185392
0.4018394
0.4018216
0.40180188
0.4017814
0.40176153
0.40174362
0.40172833
0.40171623
0.40170747
0.40170205
0.40169957
0.40169948
0.40170076
0.40170234
0.4017028
0.40170112
0.40169644
0.4016881
0.40167576
0.40165928
0.4016393
0.40161645
0.40159184
0.40156665
0.40154216
0.4015194
0.40149897
0.40148178
0.40146798
0.40145782
0.40145138
0.4014483
0.40144846
0.4014515
0.40145692
0.40146443
0.4014741
0.40148583
0.40149954
0.4015151
0.40153217
0.4015502
0.40156865
0.40158722
0.4016056
0.4016241
0.4016429
0.4016622
0.401682
0.40170157
0.40171996
0.40173608
0.4017492
0.4017585
0.40176377
0.4017653
0.40176365
0.4017598
0.40175453
0.40174866
0.40174237
0.40173578
0.40172836
0.40171954
0.401709
0.40169635
0.4016817
0.40166545
0.40164813
0.40163058
0.40161377
0.4015987
0.40158612
0.40157655
0.4015701
0.40156683
0.40156618
0.4015674
0.40156984
0.40157294
0.40157637
0.4015802
0.4015847
0.40159008
0.40159646
0.40160364
0.40161097
0.40161747
0.40162233
0.4016246
0.401624
0.40162072
0.40161535
0.40160885
0.4016024
0.40159672
0.40159243
0.40158963
0.4015882
0.4015877
0.40158758
0.40158752
0.40158758
0.40158808
0.40158924
0.40159124
0.40159395
0.40159723
0.40160093
0.4016049
0.40160936
0.4016145
0.40162027
0.40162653
0.40163264
0.40163764
0.40164053
0.40164044
0.40163684
0.40163013
0.40162107
0.40161073
0.4016006
0.4015917
0.40158528
0.40158194
0.40158197
0.40158546
0.40159225
0.40160185
0.40161303
0.40162444
0.40163454
0.40164188
0.40164512
0.4016435
0.40163675
0.40162504
0.40160954
0.40159133
0.401572
0.4015529
0.401535
0.4015192
0.40150598
0.40149564
0.40148863
0.40148565
0.40148717
0.40149367
0.40150535
0.40152243
0.40154442
0.40157104
0.40160125
0.40163413
0.40166807
0.40170145
0.40173236
0.4017592
0.4017806
0.40179566
0.4018039
0.40180552
0.40180075
0.4017904
0.4017756
0.40175748
0.40173754
0.40171757
0.40169933
0.4016844
0.4016745
0.40167052
0.4016732
0.40168235
0.40169725
0.40171647
0.40173808
0.40176004
0.40178025
0.40179682
0.40180853
0.4018146
0.4018147
0.40180898
0.40179804
0.40178275
0.40176436
0.40174422
0.40172383
0.40170452
0.40168726
0.4016725
0.4016603
0.40165022
0.4016416
0.4016341
0.40162727
0.40162128
0.40161645
0.40161327
0.40161216
0.40161285
0.40161484
0.40161714
0.4016186
0.4016182
0.40161547
0.40161023
0.40160295
0.4015945
0.40158597
0.40157822
0.4015723
0.40156898
0.4015692
0.4015737
0.40158293
0.401597
0.40161532
0.4016369
0.40166017
0.4016833
0.40170452
0.4017222
0.40173507
0.40174216
0.40174308
0.401738
0.4017272
0.40171164
0.40169266
0.40167168
0.4016506
0.40163118
0.40161481
0.40160245
0.40159422
0.4015899
0.4015885
0.40158886
0.40158996
0.40159127
0.4015924
0.40159324
0.40159398
0.401595
0.4015964
0.40159833
0.40160078
0.40160385
0.4016077
0.40161225
0.40161723
0.40162203
0.40162605
0.40162832
0.4016282
0.40162584
0.4016215
0.401616
0.40161029
0.4016052
0.40160158
0.40159994
0.4016007
0.40160394
0.40161002
0.4016189
0.4016302
0.40164334
0.40165728
0.40167108
0.4016839
0.40169513
0.40170464
0.40171266
0.40171984
0.40172702
0.40173492
0.40174398
0.40175408
0.40176484
0.40177503
0.4017834
0.40178838
0.40178886
0.4017837
0.4017725
0.4017553
0.40173253
0.40170527
0.4016751
0.40164393
0.40161362
0.4015858
0.40156186
0.4015427
0.40152913
0.4015213
0.4015192
0.40152264
0.40153104
0.40154377
0.40155992
0.40157822
0.40159723
0.40161535
0.40163088
0.40164226
0.40164846
0.40164888
0.40164357
0.40163296
0.40161806
0.4015999
0.40157974
0.40155843
0.40153697
0.40151623
0.4014969
0.40147975
0.4014654
0.4014541
0.40144616
0.40144175
0.4014409
0.40144375
0.40145022
0.40146044
0.40147418
0.40149117
0.4015107
0.4015319
0.4015538
0.40157488
0.40159392
0.40160966
0.40162134
0.40162867
0.40163162
0.401631
0.40162742
0.4016217
0.40161455
0.40160635
0.40159732
0.40158728
0.4015764
0.40156484
0.40155324
0.40154213
0.40153208
0.40152356
0.4015168
0.40151206
0.40150928
0.4015086
0.40151024
0.40151456
0.4015216
0.4015316
0.4015447
0.40156028
0.40157777
0.40159598
0.40161347
0.4016286
0.40164018
0.40164736
0.40164965
0.40164727
0.40164068
0.40163085
0.40161863
0.40160483
0.40159014
0.4015752
0.40156063
0.40154672
0.40153354
0.40152133
0.4015102
0.40150034
0.40149182
0.40148485
0.40147954
0.40147606
0.40147436
0.40147454
0.4014765
0.40148014
0.40148574
0.40149307
0.40150192
0.40151206
0.40152302
0.4015344
0.4015455
0.40155557
0.40156412
0.4015706
0.40157446
0.40157542
0.40157372
0.40156963
0.4015635
0.4015562
0.4015485
0.4015415
0.40153596
0.40153277
0.4015323
0.40153474
0.4015401
0.40154824
0.40155882
0.40157142
0.40158552
0.4016005
0.40161568
0.40162995
0.40164202
0.40165097
0.40165567
0.40165612
0.4016526
0.40164584
0.40163693
0.4016268
0.4016161
0.40160558
0.40159565
0.40158674
0.40157896
0.4015726
0.40156767
0.40156394
0.40156132
0.40155932
0.4015579
0.40155715
0.4015573
0.40155858
0.40156108
0.4015645
0.4015683
0.40157148
0.40157324
0.40157282
0.40156996
0.40156466
0.40155762
0.4015499
0.40154228
0.40153554
0.40153018
0.40152636
0.40152416
0.40152353
0.40152434
0.40152627
0.40152872
0.40153083
0.4015319
0.40153146
0.4015293
0.40152565
0.4015208
0.4015152
0.40150928
0.40150353
0.40149832
0.40149415
0.40149164
0.40149108
0.40149316
0.40149805
0.401506
0.4015168
0.40153006
0.40154514
0.40156132
0.40157765
0.40159324
0.40160725
0.40161902
0.40162873
0.40163714
0.40164512
0.40165392
0.40166435
0.40167683
0.4016914
0.4017074
0.40172377
0.40173936
0.40175292
0.4017636
0.40177077
0.40177423
0.40177417
0.4017711
0.4017658
0.40175903
0.40175134
0.40174296
0.40173396
0.40172404
0.40171304
0.4017007
0.4016872
0.40167278
0.40165788
0.40164262
0.40162754
0.40161267
0.40159836
0.40158466
0.40157205
0.4015609
0.40155154
0.40154436
0.4015396
0.4015374
0.40153793
0.40154147
0.4015479
0.40155736
0.4015695
0.4015839
0.4015999
0.40161678
0.40163344
0.40164888
0.40166256
0.40167406
0.40168363
0.4016919
0.40169963
0.40170768
0.40171677
0.4017272
0.40173945
0.40175387
0.40177083
0.40179062
0.401813
0.40183732
0.40186226
0.4018868
0.40190944
0.40192935
0.40194547
0.4019572
0.4019642
0.40196607
0.4019628
0.40195432
0.40194076
0.40192214
0.40189865
0.40187067
0.40183857
0.401803
0.4017647
0.4017249
0.40168497
0.40164652
0.40161112
0.40158018
0.4015551
0.40153673
0.4015256
0.4015218
0.4015252
0.40153515
0.4015507
0.40157074
0.40159392
0.4016186
0.40164307
0.4016656
0.40168437
0.40169805
0.40170598
0.40170792
0.40170443
0.4016964
0.40168518
0.40167212
0.40165862
0.40164578
0.40163475
0.40162602
0.4016202
0.40161783
0.4016191
0.4016242
0.40163288
0.40164462
0.40165854
0.40167314
0.40168703
0.40169853
0.4017064
0.40170988
0.40170845
0.40170223
0.40169173
0.4016781
0.4016622
0.40164566
0.4016298
0.4016158
0.40160465
0.4015969
0.40159297
0.40159252
0.40159494
0.40159902
0.4016035
0.40160725
0.40160942
0.4016097
0.40160817
0.40160507
0.4016009
0.40159586
0.40159038
0.40158454
0.40157825
0.4015714
0.40156376
0.40155497
0.4015451
0.40153456
0.40152407
0.4015143
0.40150586
0.40149924
0.4014946
0.40149194
0.40149122
0.40149245
0.4014953
0.40149945
0.40150416
0.4015087
0.40151212
0.40151373
0.40151298
0.40150964
0.40150398
0.40149653
0.4014881
0.40147978
0.40147242
0.4014671
0.40146455
0.40146548
0.40147007
0.40147814
0.4014893
0.40150252
0.4015168
0.40153095
0.40154368
0.40155414
0.40156174
0.40156636
0.4015683
0.4015678
0.40156558
0.40156192
0.40155753
0.40155295
0.40154856
0.40154487
0.40154192
0.4015399
0.40153867
0.4015379
0.4015374
0.40153673
0.401536
0.40153545
0.4015355
0.40153673
0.4015396
0.4015443
0.40155077
0.40155888
0.4015683
0.4015787
0.4015899
0.40160185
0.4016145
0.40162778
0.4016416
0.4016559
0.40167052
0.40168542
0.40170074
0.40171656
0.4017327
0.40174866
0.40176374
0.4017772
0.40178886
0.40179875
0.4018072
0.40181503
0.40182284
0.40183115
0.40184012
0.4018493
0.40185818
0.40186614
0.4018726
0.40187755
0.40188095
0.40188304
0.4018843
0.4018849
0.4018847
0.4018833
0.40187997
0.40187415
0.40186572
0.40185443
0.4018405
0.40182424
0.40180567
0.40178517
0.40176305
0.40173984
0.4017165
0.40169394
0.40167326
0.40165484
0.40163904
0.40162554
0.40161407
0.40160424
0.4015957
0.40158802
0.4015808
0.40157342
0.40156534
0.4015561
0.40154546
0.40153372
0.4015215
0.40150982
0.40149957
0.4014916
0.40148646
0.40148443
0.40148535
0.4014893
0.40149584
0.40150443
0.40151456
0.4015251
0.40153533
0.40154397
0.40155017
0.40155318
0.40155295
0.40154976
0.40154463
0.40153843
0.4015325
0.4015278
0.40152502
0.4015249
0.40152752
0.4015328
0.40154046
0.4015497
0.40155998
0.40157044
0.40158033
0.40158904
0.4015962
0.40160173
0.4016062
0.4016103
0.40161532
0.4016226
0.40163377
0.40165052
0.40167493
0.40170914
0.40175593
0.40181887
0.40190315
0.40201586
0.40216693
0.40237135
0.40265092
0.40303412
0.40356225
0.40429318
0.4053053
0.40670556
0.40863654
0.4113193
0.41497937
0.4199261
0.426632
0.43574187
0.44786692
