0.4425873
0.43208843
0.42421538
0.41829038
0.41386953
0.41060746
0.40821746
0.40645874
0.4051702
0.4042327
0.40355042
0.40305614
0.40270004
0.40244526
0.40226412
0.40213612
0.40204555
0.4019809
0.40193382
0.40189826
0.4018703
0.40184742
0.40182784
0.40181026
0.40179363
0.40177673
0.40175873
0.40173903
0.40171742
0.40169445
0.40167084
0.40164766
0.40162617
0.4016074
0.4015919
0.40157983
0.40157095
0.40156496
0.40156135
0.4015595
0.4015593
0.40156054
0.40156335
0.40156785
0.40157455
0.40158358
0.4015951
0.40160877
0.40162396
0.40163967
0.4016546
0.4016674
0.40167686
0.40168202
0.4016826
0.40167883
0.4016714
0.40166157
0.40165052
0.40163934
0.40162873
0.40161884
0.4016098
0.40160134
0.40159371
0.4015875
0.40158325
0.40158173
0.40158343
0.40158862
0.4015974
0.4016095
0.40162432
0.4016407
0.40165728
0.40167236
0.4016843
0.40169188
0.40169427
0.40169102
0.40168244
0.40166903
0.40165174
0.4016317
0.40160996
0.4015874
0.40156457
0.40154213
0.40152058
0.40150067
0.40148324
0.40146923
0.40145925
0.40145403
0.40145385
0.40145883
0.40146887
0.4014837
0.40150297
0.40152606
0.4015522
0.4015804
0.4016095
0.40163827
0.40166497
0.4016878
0.40170527
0.4017162
0.40171996
0.40171653
0.4017066
0.40169153
0.40167296
0.4016529
0.40163344
0.40161625
0.40160233
0.40159237
0.40158603
0.40158278
0.4015818
0.40158212
0.40158308
0.4015844
0.40158656
0.4015904
0.40159696
0.40160698
0.4016208
0.40163827
0.4016587
0.4016809
0.40170315
0.40172374
0.4017407
0.4017528
0.40175894
0.40175888
0.40175268
0.40174112
0.4017253
0.40170676
0.4016872
0.40166837
0.40165174
0.40163845
0.40162903
0.40162367
0.401622
0.40162322
0.40162632
0.40163
0.40163305
0.40163416
0.40163237
0.40162727
0.4016191
0.4016085
0.40159637
0.4015836
0.40157127
0.4015603
0.40155134
0.40154484
0.40154105
0.40153986
0.4015412
0.40154466
0.40154967
0.401556
0.40156302
0.4015701
0.40157697
0.40158305
0.40158802
0.4015916
0.40159345
0.4015934
0.40159133
0.40158734
0.4015818
0.40157548
0.40156934
0.40156442
0.40156174
0.40156198
0.4015655
0.40157256
0.40158272
0.40159526
0.40160894
0.40162212
0.40163314
0.4016406
0.40164337
0.40164113
0.40163404
0.4016227
0.40160826
0.40159187
0.4015749
0.4015585
0.40154338
0.4015303
0.4015196
0.4015114
0.40150604
0.40150353
0.401504
0.40150726
0.4015129
0.40152013
0.40152812
0.401536
0.40154284
0.40154782
0.40155023
0.40154994
0.40154693
0.4015417
0.40153465
0.40152642
0.40151775
0.40150934
0.40150192
0.4014961
0.40149203
0.40148968
0.40148863
0.4014884
0.40148816
0.4014873
0.40148562
0.40148368
0.4014822
0.4014825
0.40148538
0.4014916
0.4015015
0.40151483
0.40153095
0.40154898
0.4015679
0.4015865
0.40160406
0.4016199
0.4016341
0.40164694
0.40165913
0.4016722
0.40168867
0.40171203
0.4017475
0.40180182
0.40188387
0.40200529
0.4021824
0.40243894
0.40280378
0.40331894
0.4040422
0.40505224
0.40645564
0.40839463
0.4110909
0.41476852
0.4197375
0.42647156
0.43561336
0.44777295
