0.44260165
0.4321051
0.4242313
0.41830194
0.41387323
0.4106002
0.40819782
0.4064264
0.40512553
0.40417674
0.40348366
0.40297833
0.40261012
0.40234187
0.402146
0.40200257
0.40189666
0.401818
0.40175912
0.40171492
0.40168166
0.4016567
0.40163788
0.40162373
0.40161335
0.40160647
0.40160316
0.4016036
0.40160745
0.4016143
0.40162316
0.40163288
0.40164232
0.40165034
0.40165657
0.40166086
0.4016635
0.40166488
0.40166518
0.4016644
0.4016623
0.4016582
0.40165144
0.40164158
0.40162846
0.40161243
0.40159383
0.40157342
0.40155214
0.4015311
0.4015114
0.4014942
0.4014802
0.40147007
0.40146443
0.40146372
0.40146786
0.40147674
0.40148997
0.4015069
0.40152675
0.40154874
0.40157223
0.40159655
0.40162122
0.40164524
0.40166724
0.40168568
0.40169924
0.401707
0.40170848
0.401704
0.4016946
0.40168148
0.4016665
0.40165117
0.40163675
0.40162405
0.40161353
0.40160525
0.40159887
0.40159416
0.40159082
0.40158862
0.401588
0.40158924
0.40159282
0.40159908
0.40160796
0.4016194
0.401633
0.4016482
0.40166447
0.4016812
0.40169778
0.4017135
0.40172783
0.4017405
0.4017512
0.40176007
0.401767
0.4017722
0.40177622
0.40177974
0.40178376
0.40178916
0.40179655
0.40180635
0.4018186
0.40183294
0.40184942
0.4018681
0.40188962
0.401915
0.40194598
0.40198433
0.40203282
0.4020949
0.40217555
0.4022821
0.40242508
0.40261972
0.40288892
0.40326276
0.4037821
0.4045047
0.40550834
0.40689936
0.40881947
0.4114885
0.4151329
0.42006132
0.42674506
0.43583158
0.44793218
