0.44267455
0.43219963
0.42434353
0.41842836
0.41400984
0.4107429
0.40834144
0.40656608
0.40525657
0.4042953
0.40358672
0.40306395
0.40267757
0.40239146
0.40217915
0.4020216
0.40190494
0.4018191
0.40175658
0.4017118
0.4016804
0.40165925
0.40164614
0.40163943
0.40163785
0.40164024
0.4016453
0.40165162
0.40165764
0.4016621
0.40166408
0.40166312
0.40165937
0.40165308
0.40164453
0.40163377
0.40162063
0.40160528
0.40158814
0.40157
0.40155184
0.40153474
0.40151954
0.40150672
0.40149674
0.40148973
0.40148553
0.4014842
0.40148562
0.4014897
0.4014961
0.4015046
0.40151486
0.40152627
0.40153864
0.40155113
0.40156332
0.40157476
0.40158564
0.40159613
0.40160665
0.40161762
0.4016296
0.4016429
0.40165734
0.4016722
0.40168664
0.40169972
0.40171084
0.40171945
0.40172565
0.4017297
0.40173218
0.40173346
0.40173414
0.4017345
0.40173465
0.40173444
0.40173367
0.40173218
0.40172973
0.40172663
0.4017231
0.4017198
0.4017177
0.40171766
0.40172082
0.40172786
0.401739
0.40175396
0.40177172
0.4017908
0.40180972
0.40182698
0.40184113
0.40185127
0.40185675
0.40185744
0.40185338
0.401845
0.40183297
0.40181804
0.40180126
0.40178365
0.4017662
0.40174985
0.40173486
0.4017215
0.40170944
0.40169838
0.4016881
0.40167862
0.40167016
0.40166298
0.4016573
0.4016535
0.40165117
0.4016501
0.4016497
0.40164995
0.40165064
0.4016517
0.40165296
0.40165406
0.40165448
0.40165392
0.40165237
0.4016498
0.4016465
0.40164268
0.4016384
0.4016334
0.40162754
0.4016202
0.40161118
0.40160054
0.40158856
0.40157542
0.40156153
0.40154713
0.40153244
0.40151766
0.40150324
0.4014893
0.40147588
0.40146306
0.40145078
0.40143907
0.40142822
0.40141818
0.4014091
0.40140098
0.4013936
0.40138704
0.40138134
0.40137663
0.40137312
0.401371
0.4013705
0.40137175
0.4013748
0.4013796
0.4013859
0.40139362
0.4014025
0.40141228
0.40142253
0.40143326
0.40144452
0.4014563
0.4014687
0.40148172
0.40149528
0.40150905
0.4015227
0.40153566
0.40154755
0.40155762
0.40156573
0.4015719
0.40157607
0.40157878
0.40158007
0.40158
0.40157863
0.40157583
0.40157145
0.40156546
0.40155777
0.40154892
0.40153953
0.4015302
0.40152174
0.40151453
0.4015087
0.40150416
0.40150058
0.4014975
0.40149468
0.40149185
0.40148923
0.40148744
0.4014871
0.4014888
0.40149277
0.4014992
0.40150782
0.4015185
0.4015312
0.40154564
0.40156144
0.4015778
0.40159374
0.40160817
0.40162027
0.4016299
0.4016372
0.4016428
0.4016476
0.4016523
0.4016575
0.40166366
0.401671
0.4016799
0.40169087
0.401704
0.4017195
0.40173694
0.4017559
0.40177545
0.40179455
0.4018123
0.40182772
0.40184027
0.40184936
0.40185487
0.40185648
0.40185383
0.40184695
0.40183538
0.4018192
0.4017984
0.4017736
0.40174562
0.40171552
0.4016847
0.4016548
0.40162712
0.40160254
0.4015817
0.4015649
0.40155205
0.40154296
0.4015373
0.4015346
0.40153393
0.40153453
0.40153527
0.40153533
0.40153417
0.40153158
0.4015274
0.40152168
0.40151444
0.40150562
0.4014955
0.40148434
0.40147266
0.40146112
0.40145025
0.4014407
0.40143317
0.401428
0.40142548
0.4014257
0.40142843
0.40143397
0.40144214
0.40145308
0.40146667
0.40148282
0.40150136
0.40152183
0.40154362
0.40156573
0.40158683
0.4016055
0.40162057
0.401631
0.40163624
0.40163627
0.40163144
0.40162233
0.40160978
0.4015948
0.40157828
0.40156117
0.4015442
0.401528
0.40151295
0.40149912
0.40148646
0.401475
0.40146458
0.40145496
0.401446
0.4014378
0.40143028
0.40142345
0.4014174
0.40141243
0.401409
0.40140748
0.40140823
0.40141144
0.40141705
0.40142474
0.40143412
0.40144458
0.40145564
0.40146685
0.40147802
0.4014893
0.4015012
0.4015143
0.4015287
0.40154433
0.40156046
0.40157622
0.4015904
0.40160173
0.4016095
0.40161335
0.40161344
0.4016104
0.40160504
0.4015984
0.40159118
0.40158385
0.40157667
0.40156966
0.4015627
0.4015557
0.40154874
0.40154174
0.401535
0.4015288
0.40152347
0.40151927
0.40151665
0.40151593
0.40151778
0.40152237
0.40152988
0.40154004
0.40155235
0.401566
0.40158018
0.40159407
0.40160722
0.4016198
0.40163276
0.40164745
0.40166584
0.4016901
0.40172294
0.40176794
0.40183038
0.40191793
0.40204188
0.4022188
0.40247315
0.40283465
0.4033457
0.40406445
0.40506956
0.4064678
0.4084017
0.4110932
0.414767
0.41973308
0.42646512
0.4356067
0.44776756
