0.44254667
0.4320302
0.42413568
0.41818485
0.41373482
0.41044095
0.4080207
0.4062341
0.40492088
0.40396354
0.403266
0.40276054
0.40239656
0.4021364
0.401952
0.40182245
0.4017327
0.40167132
0.40163025
0.4016038
0.4015879
0.40158
0.4015785
0.40158194
0.40158945
0.40160006
0.40161255
0.40162575
0.40163824
0.4016488
0.40165597
0.40165883
0.40165684
0.4016502
0.4016396
0.40162635
0.4016119
0.4015976
0.4015846
0.40157357
0.4015647
0.40155753
0.4015511
0.4015444
0.40153626
0.40152618
0.4015139
0.40150008
0.40148553
0.40147144
0.4014589
0.4014489
0.40144235
0.40143988
0.401442
0.40144864
0.4014596
0.40147445
0.4014923
0.40151212
0.4015327
0.40155277
0.40157107
0.40158653
0.4015984
0.4016061
0.40160987
0.4016102
0.401608
0.4016043
0.40159988
0.4015954
0.40159145
0.40158814
0.4015855
0.4015835
0.4015821
0.40158102
0.40158015
0.401579
0.40157717
0.40157416
0.4015699
0.4015645
0.40155837
0.40155235
0.4015471
0.40154344
0.40154207
0.40154323
0.40154713
0.4015536
0.4015623
0.4015726
0.40158388
0.4015951
0.40160534
0.40161335
0.4016186
0.4016208
0.40162027
0.40161765
0.4016138
0.40160936
0.4016049
0.4016005
0.40159628
0.4015921
0.4015877
0.401583
0.4015782
0.40157324
0.4015683
0.40156344
0.40155882
0.40155494
0.40155253
0.40155223
0.4015546
0.4015601
0.40156853
0.40157932
0.40159178
0.40160486
0.40161774
0.40162933
0.40163866
0.40164444
0.4016458
0.40164217
0.4016336
0.4016206
0.40160415
0.40158546
0.40156588
0.40154627
0.40152746
0.4015098
0.4014933
0.40147796
0.40146333
0.40144917
0.40143526
0.40142167
0.4014085
0.40139645
0.401386
0.40137783
0.4013725
0.40137056
0.40137243
0.40137845
0.40138867
0.4014031
0.4014215
0.40144327
0.40146777
0.4014941
0.40152106
0.4015475
0.40157193
0.40159327
0.40161073
0.40162396
0.40163302
0.40163845
0.40164095
0.40164137
0.40164068
0.40163955
0.4016384
0.40163732
0.40163594
0.4016338
0.40163007
0.4016242
0.40161586
0.40160543
0.40159357
0.40158126
0.4015696
0.4015594
0.40155172
0.40154713
0.40154633
0.4015497
0.4015574
0.40156943
0.40158546
0.40160498
0.40162694
0.40164992
0.40167218
0.40169173
0.40170693
0.40171635
0.4017193
0.40171573
0.4017059
0.40169072
0.40167138
0.40164924
0.40162578
0.4016025
0.40158075
0.4015617
0.40154636
0.4015353
0.40152895
0.40152723
0.4015296
0.4015355
0.40154377
0.40155354
0.40156344
0.4015726
0.4015802
0.4015858
0.40158904
0.40159026
0.40158972
0.40158796
0.40158495
0.4015806
0.40157443
0.40156618
0.4015556
0.40154323
0.40152994
0.40151677
0.40150464
0.40149483
0.4014882
0.40148547
0.401487
0.4014927
0.4015022
0.40151468
0.40152884
0.4015434
0.40155682
0.4015678
0.40157565
0.40158018
0.40158182
0.40158176
0.4015812
0.40158156
0.40158406
0.4015895
0.40159836
0.4016104
0.40162468
0.40163988
0.4016542
0.40166587
0.4016733
0.4016753
0.40167126
0.40166125
0.40164605
0.40162706
0.4016057
0.4015836
0.40156198
0.4015418
0.40152365
0.40150827
0.40149584
0.40148672
0.40148124
0.40147945
0.4014815
0.4014876
0.40149766
0.40151146
0.40152857
0.4015483
0.40156946
0.40159094
0.40161148
0.4016301
0.4016463
0.40165982
0.4016709
0.40167987
0.4016868
0.4016917
0.4016943
0.4016941
0.4016904
0.4016827
0.40167078
0.40165493
0.40163583
0.40161458
0.40159237
0.40157026
0.40154904
0.40152934
0.40151146
0.40149546
0.40148127
0.40146878
0.40145805
0.40144894
0.40144137
0.40143543
0.4014308
0.4014274
0.40142488
0.4014233
0.4014228
0.40142334
0.40142536
0.401429
0.4014347
0.4014426
0.40145284
0.40146548
0.4014802
0.40149632
0.40151322
0.40152988
0.40154514
0.40155816
0.40156838
0.40157548
0.40157956
0.40158093
0.40157998
0.40157685
0.4015716
0.4015644
0.40155512
0.40154395
0.4015315
0.4015186
0.40150657
0.40149638
0.40148908
0.40148535
0.40148598
0.40149102
0.40150023
0.4015128
0.4015278
0.40154377
0.40155935
0.4015735
0.40158576
0.40159622
0.40160555
0.40161458
0.40162426
0.40163517
0.40164754
0.40166113
0.4016757
0.40169045
0.40170446
0.4017165
0.40172553
0.40173087
0.40173233
0.40173027
0.40172553
0.40171915
0.40171212
0.40170538
0.40169933
0.4016943
0.40169027
0.40168703
0.4016839
0.40168026
0.40167543
0.4016693
0.40166187
0.4016537
0.4016454
0.40163755
0.40163052
0.4016243
0.40161884
0.4016139
0.40160903
0.4016041
0.40159887
0.40159366
0.4015893
0.40158653
0.4015863
0.40158895
0.40159458
0.4016026
0.40161204
0.40162137
0.40162888
0.4016332
0.40163353
0.40162978
0.40162244
0.4016126
0.40160158
0.40159062
0.40158075
0.40157288
0.40156773
0.4015659
0.40156767
0.4015732
0.40158263
0.40159565
0.4016117
0.40162966
0.4016482
0.40166575
0.40168098
0.401693
0.40170136
0.4017062
0.40170786
0.40170708
0.40170464
0.40170112
0.40169704
0.4016923
0.40168655
0.40167925
0.4016699
0.4016584
0.40164503
0.40163052
0.40161586
0.401602
0.40159
0.40158036
0.40157354
0.40156955
0.4015682
0.40156907
0.40157175
0.40157574
0.40158054
0.40158573
0.40159097
0.40159583
0.4015997
0.40160203
0.40160212
0.40159953
0.40159434
0.40158698
0.40157798
0.40156817
0.40155807
0.40154824
0.401539
0.40153053
0.40152305
0.4015164
0.40151066
0.40150574
0.4015019
0.40149936
0.40149856
0.40149966
0.40150303
0.40150893
0.40151757
0.40152907
0.40154362
0.40156117
0.40158138
0.40160364
0.40162686
0.4016498
0.40167108
0.40168977
0.40170532
0.40171793
0.40172818
0.40173712
0.40174577
0.40175506
0.40176538
0.4017765
0.40178758
0.40179732
0.40180436
0.4018072
0.40180486
0.40179652
0.4017821
0.40176204
0.4017374
0.40170977
0.40168115
0.40165335
0.401628
0.40160623
0.40158913
0.40157703
0.40157053
0.4015695
0.40157366
0.40158218
0.4015941
0.40160832
0.4016237
0.40163878
0.40165222
0.40166304
0.4016707
0.40167496
0.40167612
0.40167475
0.40167138
0.4016668
0.40166178
0.40165722
0.40165392
0.40165237
0.4016528
0.40165538
0.40165982
0.4016656
0.4016718
0.4016772
0.4016806
0.40168098
0.4016779
0.4016716
0.40166274
0.4016525
0.40164196
0.40163216
0.40162387
0.4016176
0.40161332
0.40161115
0.40161082
0.40161175
0.40161318
0.4016142
0.40161395
0.40161172
0.4016068
0.40159902
0.40158838
0.4015753
0.40156034
0.40154412
0.40152723
0.4015106
0.40149513
0.40148172
0.4014712
0.40146407
0.40146098
0.40146217
0.4014675
0.40147683
0.40148947
0.40150493
0.40152237
0.4015412
0.40156066
0.40158
0.40159822
0.4016145
0.40162802
0.40163857
0.40164617
0.40165094
0.40165308
0.40165266
0.40164965
0.40164372
0.4016349
0.40162328
0.4016093
0.40159366
0.40157735
0.40156123
0.40154618
0.4015332
0.40152287
0.40151578
0.40151232
0.4015125
0.4015162
0.4015229
0.40153196
0.40154243
0.4015531
0.4015628
0.40157044
0.40157542
0.4015775
0.40157712
0.40157485
0.40157154
0.40156797
0.40156445
0.40156123
0.4015583
0.40155575
0.40155378
0.40155268
0.40155247
0.40155324
0.40155512
0.40155795
0.40156165
0.40156618
0.40157127
0.40157706
0.4015835
0.40159038
0.40159735
0.40160397
0.40160948
0.40161353
0.40161613
0.40161738
0.4016175
0.40161678
0.4016154
0.40161335
0.40161055
0.40160725
0.40160334
0.40159926
0.4015951
0.40159118
0.40158755
0.40158424
0.40158153
0.40157947
0.40157846
0.40157863
0.4015798
0.40158165
0.4015833
0.4015841
0.401583
0.4015794
0.40157315
0.40156454
0.40155426
0.4015431
0.40153205
0.40152177
0.40151292
0.4015059
0.4015009
0.40149784
0.40149665
0.40149698
0.40149847
0.401501
0.4015046
0.40150914
0.40151447
0.40152055
0.40152732
0.4015345
0.40154225
0.40155065
0.40155998
0.40157032
0.40158144
0.4015928
0.40160364
0.40161312
0.40162078
0.40162635
0.4016297
0.40163094
0.40163037
0.40162817
0.40162456
0.4016196
0.40161347
0.4016062
0.40159792
0.40158918
0.40158063
0.40157312
0.40156722
0.4015634
0.40156168
0.40156174
0.40156302
0.40156445
0.40156522
0.40156478
0.40156287
0.40156
0.40155685
0.4015543
0.4015531
0.40155402
0.4015574
0.40156314
0.4015707
0.4015795
0.40158877
0.40159798
0.4016068
0.40161481
0.40162152
0.40162647
0.40162903
0.40162885
0.40162575
0.4016199
0.40161175
0.40160215
0.40159193
0.401582
0.4015729
0.40156513
0.40155882
0.4015541
0.40155104
0.40154982
0.40155044
0.40155286
0.40155703
0.4015629
0.4015706
0.40158024
0.40159202
0.40160593
0.40162182
0.4016393
0.40165827
0.401679
0.40170282
0.40173218
0.40177062
0.40182295
0.40189514
0.40199512
0.4021336
0.40232572
0.40259412
0.40296724
0.4034866
0.40421012
0.40521646
0.40661302
0.40854275
0.4112272
0.4148918
0.41984606
0.4265628
0.43568596
0.44782588
