0.44256496
0.4320568
0.42417267
0.41823438
0.41379797
0.4105183
0.4081104
0.406334
0.4050287
0.4040771
0.40338412
0.4028832
0.40252492
0.4022723
0.4020976
0.4019798
0.40190285
0.40185428
0.4018246
0.40180647
0.40179485
0.4017861
0.40177792
0.4017691
0.40175924
0.4017482
0.40173635
0.4017238
0.40171042
0.40169612
0.40168107
0.4016656
0.4016505
0.4016365
0.40162456
0.40161496
0.40160796
0.40160313
0.40159994
0.4015976
0.40159535
0.40159294
0.40159032
0.40158796
0.4015861
0.4015851
0.40158463
0.40158424
0.40158316
0.40158027
0.40157488
0.40156665
0.4015559
0.40154344
0.40153033
0.40151754
0.401506
0.40149653
0.40148956
0.40148526
0.40148342
0.40148357
0.40148512
0.40148735
0.40148953
0.40149072
0.4014904
0.40148827
0.40148467
0.40148017
0.40147558
0.40147173
0.40146914
0.40146822
0.40146908
0.40147135
0.40147483
0.40147856
0.40148187
0.40148395
0.40148404
0.40148196
0.40147787
0.4014724
0.40146637
0.40146065
0.40145594
0.40145284
0.40145174
0.40145257
0.40145513
0.4014591
0.40146425
0.40147033
0.4014771
0.40148452
0.40149266
0.40150157
0.40151143
0.4015224
0.4015349
0.40154916
0.4015653
0.40158305
0.40160167
0.40162003
0.40163663
0.40164992
0.40165868
0.4016622
0.40166053
0.40165427
0.4016445
0.4016325
0.40161958
0.40160707
0.4015958
0.4015866
0.40158004
0.4015764
0.4015757
0.40157747
0.4015811
0.40158555
0.4015899
0.40159312
0.40159497
0.40159538
0.40159494
0.40159428
0.40159407
0.4015951
0.4015981
0.40160334
0.40161088
0.40162027
0.40163073
0.40164137
0.4016513
0.4016594
0.40166527
0.40166894
0.40167102
0.40167263
0.40167505
0.40167952
0.4016866
0.40169653
0.40170872
0.40172195
0.4017347
0.40174556
0.40175346
0.40175796
0.40175903
0.40175736
0.40175405
0.40175036
0.40174732
0.40174553
0.40174523
0.40174592
0.40174678
0.40174657
0.40174428
0.40173897
0.40173033
0.4017185
0.4017042
0.40168837
0.401672
0.40165597
0.4016412
0.4016282
0.40161765
0.40160972
0.4016045
0.40160212
0.40160248
0.40160564
0.40161148
0.40161994
0.40163082
0.40164348
0.40165716
0.40167052
0.4016822
0.40169108
0.40169635
0.40169775
0.40169534
0.4016897
0.4016812
0.40167063
0.4016581
0.40164378
0.40162787
0.4016106
0.40159264
0.40157488
0.4015583
0.401544
0.40153277
0.4015253
0.40152183
0.40152222
0.40152618
0.40153328
0.40154287
0.40155447
0.40156755
0.40158197
0.40159705
0.4016123
0.40162674
0.4016395
0.4016501
0.40165824
0.40166432
0.40166885
0.4016725
0.401676
0.40167984
0.40168422
0.40168917
0.40169457
0.40170014
0.4017054
0.40170974
0.4017121
0.40171155
0.40170726
0.40169895
0.4016868
0.40167135
0.40165383
0.40163565
0.4016184
0.40160337
0.40159127
0.40158242
0.40157646
0.40157261
0.40156966
0.4015663
0.4015613
0.40155387
0.4015439
0.40153167
0.4015182
0.40150464
0.40149206
0.40148133
0.40147308
0.4014675
0.40146467
0.40146428
0.401466
0.4014694
0.4014741
0.40148
0.40148714
0.40149564
0.40150568
0.40151748
0.4015312
0.401547
0.40156505
0.4015852
0.40160707
0.4016301
0.40165335
0.40167567
0.4016963
0.40171465
0.40173045
0.40174353
0.401754
0.40176153
0.40176597
0.4017668
0.4017642
0.40175804
0.40174872
0.40173653
0.4017217
0.40170452
0.40168545
0.40166497
0.4016438
0.40162286
0.40160304
0.40158534
0.4015705
0.40155914
0.40155172
0.4015484
0.40154868
0.401552
0.40155712
0.40156287
0.40156817
0.40157223
0.4015747
0.40157592
0.40157625
0.40157622
0.40157607
0.40157592
0.40157533
0.40157375
0.40157062
0.4015653
0.40155736
0.40154693
0.4015343
0.40152055
0.40150657
0.40149334
0.40148196
0.40147287
0.40146625
0.40146214
0.4014603
0.40146032
0.4014617
0.40146387
0.40146634
0.40146846
0.40147
0.40147075
0.40147138
0.40147242
0.40147495
0.4014795
0.40148652
0.40149596
0.4015076
0.40152103
0.4015356
0.4015506
0.40156534
0.40157944
0.40159252
0.40160424
0.40161392
0.40162086
0.40162444
0.40162432
0.40162063
0.4016139
0.401605
0.40159518
0.40158576
0.40157786
0.4015723
0.40156943
0.40156934
0.40157178
0.4015763
0.40158224
0.40158865
0.40159476
0.40159985
0.40160322
0.40160468
0.4016044
0.40160277
0.4016006
0.4015984
0.40159678
0.40159616
0.40159672
0.40159848
0.4016011
0.40160415
0.40160686
0.4016085
0.40160826
0.4016059
0.4016015
0.4015956
0.40158918
0.4015833
0.40157902
0.40157717
0.40157837
0.401583
0.40159088
0.40160167
0.40161467
0.40162873
0.40164274
0.4016557
0.40166712
0.40167704
0.40168574
0.4016937
0.40170106
0.4017077
0.40171307
0.40171623
0.40171665
0.4017141
0.40170854
0.4017007
0.4016913
0.40168107
0.40167084
0.40166083
0.4016515
0.40164304
0.40163583
0.4016301
0.40162617
0.40162405
0.40162334
0.40162352
0.4016243
0.4016256
0.40162805
0.40163213
0.4016384
0.401647
0.4016576
0.40166926
0.4016808
0.40169057
0.40169728
0.4016999
0.40169778
0.40169096
0.4016798
0.40166518
0.40164825
0.4016302
0.40161207
0.40159485
0.40157923
0.40156558
0.40155414
0.40154517
0.40153885
0.40153491
0.40153304
0.40153292
0.40153423
0.40153715
0.401542
0.4015491
0.40155864
0.4015706
0.40158457
0.4016
0.4016161
0.4016319
0.40164614
0.40165773
0.40166575
0.40166962
0.40166935
0.40166533
0.40165824
0.40164918
0.4016393
0.4016295
0.40162045
0.4016128
0.4016068
0.40160277
0.40160093
0.40160102
0.4016027
0.40160534
0.4016085
0.40161172
0.4016148
0.40161747
0.40161943
0.40162012
0.4016191
0.4016162
0.40161133
0.40160528
0.4015987
0.40159243
0.40158707
0.40158305
0.40158057
0.40157965
0.40158015
0.40158224
0.40158597
0.40159127
0.40159807
0.401606
0.40161458
0.40162328
0.4016314
0.40163848
0.40164417
0.40164828
0.4016505
0.4016503
0.4016471
0.40164042
0.40162995
0.40161586
0.4015986
0.40157902
0.40155804
0.40153676
0.4015162
0.4014975
0.40148187
0.40147048
0.40146446
0.40146473
0.40147224
0.4014881
0.4015139
0.4015522
0.40160662
0.40168262
0.40178794
0.40193367
0.40213704
0.40241924
0.40281034
0.40335193
0.40410146
0.40513632
0.4065618
0.40851855
0.411227
0.41490915
0.41987467
0.4265973
0.4357185
0.44785145
