0.44257662
0.4320722
0.42419127
0.41825536
0.41382
0.41053942
0.4081288
0.4063481
0.40503696
0.40407807
0.40337574
0.4028627
0.40248874
0.4022165
0.40201828
0.40187365
0.40176794
0.40169087
0.40163487
0.40159458
0.40156633
0.4015474
0.40153587
0.4015302
0.40152928
0.40153208
0.40153757
0.40154496
0.40155312
0.4015613
0.40156862
0.40157494
0.4015801
0.40158445
0.40158832
0.40159193
0.40159535
0.40159836
0.40160078
0.40160248
0.4016033
0.40160343
0.40160355
0.40160456
0.40160736
0.40161252
0.4016201
0.40162975
0.40164077
0.40165222
0.40166277
0.40167147
0.4016774
0.40168014
0.40167984
0.40167698
0.4016725
0.40166765
0.40166366
0.40166143
0.40166166
0.40166432
0.40166885
0.4016742
0.40167883
0.4016814
0.4016809
0.40167686
0.40166917
0.401658
0.40164402
0.40162802
0.40161073
0.40159294
0.4015753
0.40155837
0.40154266
0.40152842
0.40151593
0.40150586
0.4014982
0.40149334
0.40149096
0.40149096
0.40149277
0.40149602
0.40150002
0.40150416
0.40150777
0.4015104
0.4015117
0.40151158
0.40151015
0.4015077
0.40150464
0.4015015
0.40149897
0.40149772
0.40149817
0.40150085
0.40150595
0.4015135
0.40152356
0.40153587
0.4015501
0.40156585
0.40158257
0.40159968
0.40161628
0.4016314
0.40164405
0.40165314
0.401658
0.4016582
0.4016537
0.40164518
0.4016334
0.4016195
0.4016044
0.40158933
0.40157536
0.40156344
0.40155447
0.40154907
0.4015476
0.40155014
0.40155646
0.4015659
0.40157762
0.4015904
0.4016029
0.4016139
0.40162194
0.40162614
0.40162587
0.40162107
0.40161234
0.40160078
0.40158793
0.40157536
0.4015642
0.40155545
0.40154946
0.40154642
0.40154612
0.4015483
0.4015527
0.40155932
0.40156785
0.40157798
0.40158904
0.4015999
0.40160936
0.40161592
0.40161842
0.40161648
0.40161023
0.40160048
0.40158847
0.40157577
0.40156376
0.40155387
0.40154698
0.40154386
0.4015447
0.40154916
0.40155667
0.401566
0.40157613
0.40158612
0.4015951
0.40160254
0.401608
0.40161148
0.4016134
0.40161452
0.40161568
0.40161774
0.40162122
0.4016263
0.40163273
0.40163988
0.40164676
0.4016525
0.40165636
0.40165827
0.40165854
0.40165794
0.4016575
0.40165862
0.40166244
0.4016698
0.4016814
0.4016972
0.4017166
0.40173858
0.40176165
0.401784
0.40180388
0.40181965
0.40182993
0.4018339
0.401831
0.40182123
0.40180495
0.4017827
0.40175542
0.4017243
0.4016908
0.4016564
0.40162277
0.40159118
0.40156287
0.4015385
0.4015185
0.40150294
0.40149134
0.401483
0.40147692
0.4014721
0.4014675
0.40146253
0.4014571
0.40145168
0.4014472
0.40144467
0.40144527
0.40144995
0.40145934
0.40147382
0.40149304
0.4015165
0.4015429
0.40157086
0.4015986
0.40162423
0.40164605
0.40166283
0.40167364
0.40167823
0.40167677
0.40166995
0.401659
0.40164548
0.40163127
0.4016183
0.4016084
0.40160277
0.40160203
0.4016062
0.40161452
0.40162572
0.40163824
0.40165052
0.40166098
0.40166876
0.40167356
0.40167552
0.40167552
0.4016745
0.40167373
0.40167448
0.4016777
0.4016841
0.40169403
0.40170717
0.40172306
0.40174064
0.40175882
0.40177652
0.4017928
0.401807
0.4018186
0.40182754
0.401834
0.40183857
0.40184176
0.40184382
0.40184465
0.4018438
0.40184036
0.4018337
0.40182322
0.40180883
0.4017908
0.40176985
0.4017472
0.40172434
0.40170282
0.40168428
0.40166995
0.4016607
0.40165678
0.40165785
0.40166324
0.40167174
0.4016822
0.4016933
0.40170413
0.40171373
0.401721
0.40172505
0.40172523
0.40172118
0.4017128
0.40170038
0.40168425
0.40166497
0.40164304
0.40161937
0.40159497
0.40157104
0.40154856
0.4015285
0.40151152
0.4014981
0.40148845
0.40148243
0.4014797
0.4014798
0.40148214
0.40148604
0.40149122
0.40149745
0.40150476
0.40151325
0.4015228
0.40153313
0.40154403
0.40155506
0.40156555
0.40157506
0.40158263
0.40158775
0.40159032
0.4015904
0.40158862
0.4015858
0.40158278
0.40158042
0.4015791
0.40157908
0.40158036
0.4015829
0.40158615
0.4015898
0.40159324
0.40159598
0.40159777
0.4015981
0.40159687
0.40159422
0.40159023
0.4015853
0.40157992
0.4015746
0.40157026
0.4015678
0.4015679
0.40157104
0.40157714
0.4015861
0.40159747
0.40161055
0.40162453
0.4016384
0.40165126
0.40166244
0.4016712
0.40167737
0.4016809
0.40168232
0.40168217
0.40168107
0.40167964
0.40167844
0.40167782
0.40167767
0.401678
0.40167877
0.40168002
0.40168202
0.40168473
0.4016881
0.40169227
0.40169752
0.40170437
0.40171322
0.40172467
0.40173876
0.40175518
0.4017733
0.40179208
0.40181035
0.4018269
0.4018406
0.40185052
0.40185624
0.4018574
0.40185407
0.40184656
0.4018354
0.40182137
0.40180537
0.40178874
0.40177277
0.40175867
0.40174747
0.40173972
0.4017357
0.40173528
0.40173754
0.40174156
0.40174574
0.40174875
0.40174964
0.4017479
0.40174374
0.4017378
0.40173116
0.40172502
0.4017205
0.40171853
0.40171942
0.40172306
0.40172875
0.4017354
0.40174174
0.40174666
0.40174934
0.4017492
0.40174615
0.40174046
0.40173277
0.4017238
0.4017142
0.40170446
0.40169474
0.4016851
0.40167537
0.4016656
0.4016554
0.40164465
0.40163273
0.40161946
0.401605
0.40158972
0.4015743
0.40155968
0.40154654
0.40153566
0.4015276
0.40152267
0.4015209
0.40152225
0.4015266
0.40153366
0.40154344
0.40155557
0.40156966
0.40158513
0.40160164
0.4016184
0.40163445
0.4016485
0.40165907
0.40166485
0.4016651
0.40165946
0.4016484
0.40163273
0.40161383
0.40159324
0.40157264
0.40155354
0.40153697
0.401524
0.40151516
0.40151098
0.40151185
0.4015179
0.40152895
0.4015444
0.40156326
0.40158454
0.4016068
0.40162903
0.40165043
0.40167016
0.40168798
0.40170377
0.4017172
0.40172786
0.40173525
0.40173918
0.40173942
0.4017362
0.40172994
0.40172142
0.40171164
0.40170172
0.40169275
0.40168574
0.40168166
0.40168107
0.40168378
0.40168947
0.40169716
0.4017056
0.40171367
0.40172035
0.401725
0.40172738
0.40172777
0.4017267
0.40172502
0.40172347
0.40172225
0.40172127
0.40172002
0.40171772
0.40171376
0.40170762
0.40169933
0.40168917
0.4016779
0.40166646
0.40165612
0.40164798
0.40164307
0.40164196
0.40164477
0.40165076
0.40165907
0.40166822
0.4016766
0.4016828
0.40168566
0.40168464
0.4016799
0.40167207
0.4016622
0.40165162
0.40164128
0.40163216
0.40162474
0.40161902
0.40161443
0.40161043
0.40160668
0.40160295
0.40159953
0.40159708
0.40159664
0.40159914
0.40160555
0.40161633
0.40163162
0.40165105
0.4016739
0.40169907
0.40172538
0.4017515
0.40177572
0.40179694
0.4018141
0.40182638
0.40183342
0.40183508
0.40183154
0.40182337
0.40181136
0.4017967
0.40178064
0.40176484
0.4017508
0.40174007
0.40173382
0.40173247
0.4017362
0.40174407
0.4017549
0.40176708
0.40177903
0.40178922
0.4017967
0.40180042
0.40180004
0.40179488
0.40178484
0.40176964
0.40174955
0.40172505
0.40169716
0.4016671
0.4016365
0.40160707
0.40158007
0.40155646
0.40153685
0.40152135
0.40150982
0.4015018
0.401497
0.4014949
0.40149495
0.40149683
0.40150046
0.40150613
0.40151414
0.40152466
0.4015378
0.40155324
0.40157068
0.40158913
0.40160722
0.4016234
0.40163603
0.40164378
0.40164563
0.40164158
0.40163216
0.40161842
0.40160194
0.40158433
0.40156707
0.40155137
0.40153816
0.40152806
0.4015212
0.4015177
0.40151712
0.4015194
0.4015238
0.40152982
0.40153688
0.4015443
0.40155113
0.40155637
0.4015589
0.4015581
0.40155387
0.40154633
0.40153626
0.40152454
0.4015122
0.40149996
0.4014884
0.40147814
0.40146956
0.40146306
0.401459
0.4014579
0.4014598
0.40146494
0.401473
0.40148345
0.40149555
0.40150827
0.40152055
0.4015313
0.40153995
0.40154603
0.40154925
0.40154994
0.4015484
0.401545
0.40154037
0.40153527
0.40153047
0.40152648
0.40152377
0.4015227
0.40152344
0.4015259
0.4015296
0.40153372
0.401537
0.40153843
0.4015374
0.40153387
0.40152824
0.40152133
0.4015139
0.40150693
0.40150133
0.40149784
0.40149683
0.40149838
0.40150246
0.40150887
0.40151715
0.4015267
0.4015367
0.40154633
0.40155506
0.40156257
0.4015687
0.40157342
0.4015769
0.40157956
0.40158185
0.40158477
0.40158916
0.4015957
0.40160477
0.4016165
0.40163058
0.40164635
0.40166306
0.40168026
0.40169695
0.40171233
0.40172556
0.4017362
0.40174395
0.40174925
0.40175235
0.40175378
0.40175417
0.40175384
0.40175343
0.40175316
0.40175328
0.40175346
0.40175378
0.40175402
0.40175447
0.40175518
0.4017564
0.40175822
0.4017606
0.401763
0.40176472
0.40176496
0.40176284
0.40175775
0.40174943
0.40173775
0.40172303
0.40170553
0.40168563
0.40166384
0.40164068
0.40161687
0.40159333
0.40157086
0.40155017
0.40153196
0.40151656
0.40150383
0.40149367
0.40148553
0.40147898
0.40147343
0.40146855
0.4014641
0.40146002
0.40145642
0.40145335
0.40145096
0.4014495
0.40144897
0.4014492
0.40145007
0.4014513
0.40145266
0.40145385
0.40145463
0.4014548
0.40145424
0.4014531
0.40145168
0.40145043
0.40144974
0.4014501
0.40145192
0.40145552
0.40146136
0.4014695
0.40148005
0.40149286
0.40150765
0.40152416
0.40154195
0.40156034
0.40157855
0.40159538
0.40160996
0.40162122
0.4016284
0.40163133
0.40163016
0.4016256
0.40161848
0.40160987
0.40160048
0.4015909
0.40158126
0.40157154
0.4015619
0.40155205
0.40154225
0.40153253
0.4015232
0.40151456
0.40150705
0.4015013
0.4014977
0.40149647
0.40149796
0.40150192
0.40150806
0.40151563
0.40152377
0.40153137
0.4015374
0.40154096
0.4015415
0.40153867
0.4015326
0.40152353
0.40151203
0.40149903
0.4014858
0.4014733
0.40146273
0.40145504
0.40145105
0.40145132
0.40145615
0.40146577
0.40148026
0.4014993
0.4015228
0.4015501
0.40158054
0.40161344
0.40164775
0.4016823
0.40171582
0.40174702
0.40177476
0.401798
0.40181595
0.40182808
0.40183416
0.401834
0.4018279
0.40181607
0.40179908
0.4017777
0.4017529
0.40172595
0.40169823
0.40167105
0.40164578
0.40162373
0.4016057
0.4015922
0.4015833
0.4015787
0.4015777
0.40157956
0.4015834
0.40158838
0.40159366
0.4015982
0.4016009
0.40160102
0.4015981
0.4015922
0.40158376
0.40157342
0.40156236
0.4015519
0.40154344
0.40153816
0.4015368
0.40153986
0.40154722
0.40155828
0.40157187
0.40158647
0.40160015
0.40161106
0.40161768
0.40161926
0.4016156
0.40160722
0.4015956
0.4015823
0.40156916
0.4015578
0.40154934
0.4015448
0.40154472
0.40154925
0.40155825
0.40157127
0.40158772
0.40160668
0.40162688
0.40164676
0.4016645
0.40167865
0.40168807
0.40169197
0.4016902
0.4016829
0.4016709
0.4016552
0.4016372
0.40161824
0.40159982
0.40158296
0.40156844
0.4015568
0.40154824
0.40154287
0.4015403
0.40154004
0.40154126
0.40154335
0.40154538
0.40154666
0.4015466
0.40154514
0.4015425
0.40153924
0.40153566
0.40153232
0.40152943
0.40152705
0.40152526
0.40152413
0.40152377
0.4015243
0.40152577
0.40152812
0.40153134
0.40153545
0.40154016
0.4015454
0.40155098
0.4015569
0.40156358
0.40157145
0.40158084
0.40159184
0.40160415
0.40161702
0.4016295
0.4016407
0.40164992
0.4016571
0.40166274
0.40166765
0.4016727
0.40167853
0.40168574
0.40169445
0.40170476
0.40171665
0.4017304
0.40174595
0.4017635
0.40178245
0.4018022
0.4018215
0.40183935
0.4018548
0.40186742
0.40187687
0.40188336
0.401887
0.40188798
0.40188634
0.40188217
0.40187547
0.40186638
0.40185502
0.40184197
0.401828
0.40181383
0.4018001
0.40178722
0.4017749
0.40176272
0.4017498
0.40173528
0.40171856
0.4016996
0.40167883
0.40165702
0.40163526
0.40161455
0.4015957
0.40157956
0.40156633
0.4015561
0.40154862
0.40154362
0.40154096
0.4015406
0.4015429
0.40154797
0.40155563
0.40156546
0.40157673
0.40158856
0.40159988
0.40160978
0.4016178
0.4016238
0.401628
0.401631
0.40163326
0.40163508
0.40163648
0.40163723
0.401637
0.40163532
0.401632
0.40162715
0.40162113
0.4016145
0.4016077
0.40160134
0.40159595
0.40159193
0.40158948
0.40158868
0.40158954
0.40159187
0.4015952
0.40159902
0.4016027
0.4016056
0.4016074
0.40160775
0.4016065
0.40160373
0.40159997
0.40159592
0.40159255
0.40159136
0.40159398
0.40160316
0.40162233
0.40165627
0.40171126
0.4017958
0.40192142
0.4021046
0.40236813
0.40274137
0.40326598
0.40399954
0.40501994
0.4064333
0.40838137
0.41108507
0.41476816
0.41974083
0.4264772
0.43561918
0.44777766
