0.44250983
0.4319836
0.42408282
0.41812918
0.41367972
0.41038918
0.4079738
0.4061923
0.40488312
0.4039275
0.40322873
0.40271893
0.4023481
0.4020796
0.40188667
0.40175003
0.40165532
0.40159234
0.4015538
0.40153414
0.40152928
0.40153578
0.40155065
0.40157127
0.40159544
0.40162063
0.40164477
0.40166572
0.40168193
0.4016924
0.4016969
0.401696
0.40169087
0.4016833
0.40167534
0.4016691
0.40166646
0.4016686
0.40167612
0.40168858
0.40170544
0.4017251
0.40174595
0.40176645
0.4017852
0.40180147
0.40181485
0.4018256
0.40183446
0.40184206
0.40184945
0.40185714
0.40186542
0.40187398
0.401882
0.401889
0.40189403
0.40189674
0.40189672
0.40189385
0.40188813
0.4018796
0.40186802
0.4018534
0.40183586
0.40181562
0.4017932
0.40176922
0.40174457
0.40172023
0.4016972
0.40167624
0.4016585
0.40164435
0.40163407
0.4016273
0.40162334
0.40162122
0.40161994
0.4016187
0.40161708
0.40161505
0.4016128
0.40161085
0.4016098
0.40161005
0.40161178
0.40161505
0.4016196
0.40162528
0.40163213
0.40164003
0.4016486
0.40165764
0.4016661
0.40167305
0.40167758
0.40167916
0.40167767
0.40167338
0.40166664
0.40165803
0.40164778
0.40163624
0.40162373
0.40161064
0.40159753
0.40158495
0.4015731
0.401562
0.4015516
0.40154183
0.40153274
0.40152448
0.40151718
0.40151104
0.40150616
0.4015028
0.40150094
0.40150073
0.40150237
0.4015059
0.40151143
0.40151876
0.40152785
0.40153825
0.40154943
0.40156072
0.40157154
0.40158197
0.40159187
0.40160173
0.40161175
0.4016218
0.40163136
0.40164003
0.40164706
0.40165222
0.40165567
0.401658
0.40166017
0.40166348
0.40166885
0.40167722
0.40168867
0.401703
0.4017197
0.40173775
0.4017558
0.40177253
0.40178636
0.40179613
0.40180087
0.40179956
0.4017919
0.40177786
0.40175784
0.40173304
0.40170458
0.40167418
0.40164334
0.4016136
0.401586
0.40156147
0.4015404
0.40152296
0.40150887
0.40149772
0.40148887
0.40148184
0.401476
0.40147102
0.40146664
0.40146273
0.4014594
0.40145683
0.40145528
0.4014551
0.40145633
0.40145913
0.40146333
0.40146884
0.40147555
0.40148315
0.4014915
0.40150008
0.4015088
0.40151742
0.4015263
0.4015358
0.40154636
0.401558
0.4015707
0.40158376
0.40159643
0.401608
0.4016179
0.40162614
0.4016328
0.40163818
0.40164214
0.4016446
0.40164512
0.40164337
0.4016393
0.40163326
0.4016258
0.4016178
0.4016101
0.40160373
0.40159935
0.40159747
0.40159848
0.40160236
0.40160868
0.40161666
0.40162548
0.40163413
0.4016419
0.40164846
0.40165395
0.40165895
0.4016643
0.40167078
0.4016788
0.40168846
0.40169933
0.4017106
0.40172118
0.40173003
0.40173647
0.40173975
0.40173966
0.4017362
0.4017297
0.40172058
0.40170968
0.401698
0.4016866
0.40167686
0.40166995
0.40166697
0.40166867
0.40167546
0.40168703
0.40170273
0.40172103
0.40174028
0.4017584
0.40177366
0.40178466
0.4017904
0.40179062
0.40178534
0.40177545
0.40176198
0.40174654
0.40173057
0.40171582
0.40170366
0.40169498
0.40169036
0.40168977
0.40169266
0.4016981
0.40170538
0.40171373
0.40172252
0.40173137
0.40173963
0.4017463
0.4017507
0.40175205
0.40175003
0.4017441
0.40173423
0.40172032
0.40170214
0.40168002
0.40165472
0.40162697
0.40159824
0.4015698
0.40154296
0.4015189
0.40149873
0.4014832
0.40147263
0.401467
0.40146583
0.40146863
0.4014746
0.4014834
0.40149468
0.40150866
0.40152535
0.401545
0.40156725
0.40159193
0.40161827
0.4016453
0.4016718
0.4016966
0.40171868
0.40173715
0.4017514
0.4017608
0.40176496
0.40176377
0.4017572
0.40174568
0.40172985
0.40171063
0.40168944
0.40166777
0.4016471
0.4016287
0.40161332
0.40160158
0.40159366
0.4015898
0.40159014
0.4015948
0.4016036
0.4016161
0.4016318
0.40164995
0.40166962
0.4016895
0.40170822
0.40172443
0.40173694
0.40174493
0.4017478
0.40174526
0.40173754
0.40172535
0.40170977
0.40169242
0.40167505
0.40165907
0.40164572
0.40163565
0.40162924
0.4016263
0.40162653
0.4016295
0.40163478
0.40164214
0.40165085
0.40166038
0.4016698
0.40167788
0.40168336
0.40168524
0.40168318
0.40167737
0.40166846
0.40165767
0.40164596
0.40163428
0.40162328
0.4016132
0.4016044
0.40159738
0.40159243
0.4015898
0.4015893
0.4015905
0.40159246
0.40159422
0.4015949
0.4015942
0.40159237
0.4015903
0.40158913
0.40159002
0.40159413
0.40160224
0.40161484
0.4016319
0.401653
0.40167758
0.40170422
0.40173134
0.40175703
0.40177944
0.40179724
0.40180957
0.40181628
0.40181774
0.401815
0.40180948
0.4018029
0.40179697
0.4017931
0.40179238
0.40179488
0.40180033
0.40180752
0.4018153
0.40182212
0.40182695
0.40182868
0.40182647
0.40181965
0.40180784
0.4017911
0.40176988
0.401745
0.40171772
0.40168968
0.40166262
0.40163833
0.40161827
0.40160364
0.40159538
0.40159392
0.40159923
0.401611
0.40162817
0.40164968
0.40167367
0.40169835
0.40172154
0.40174156
0.4017569
0.40176666
0.4017704
0.4017684
0.40176135
0.40175048
0.4017371
0.4017226
0.40170804
0.40169397
0.40168062
0.4016681
0.40165657
0.40164635
0.40163812
0.40163234
0.40162924
0.40162876
0.40163088
0.40163475
0.40163997
0.4016459
0.401652
0.40165827
0.40166512
0.40167314
0.40168345
0.40169665
0.401713
0.40173224
0.40175346
0.40177527
0.40179592
0.40181366
0.40182698
0.4018349
0.40183678
0.4018323
0.4018217
0.40180567
0.40178508
0.40176126
0.40173584
0.40171048
0.4016866
0.40166557
0.40164796
0.4016342
0.40162396
0.40161678
0.40161192
0.40160903
0.4016079
0.4016085
0.4016111
0.4016157
0.40162265
0.4016319
0.40164316
0.40165597
0.40166962
0.40168345
0.40169725
0.40171102
0.401725
0.4017395
0.40175462
0.40177
0.40178508
0.40179923
0.40181157
0.40182135
0.40182766
0.40182987
0.40182748
0.40182024
0.4018081
0.40179166
0.40177187
0.40174985
0.40172723
0.40170524
0.40168497
0.4016674
0.40165293
0.40164185
0.40163445
0.40163115
0.4016322
0.40163788
0.401648
0.40166232
0.40168035
0.40170145
0.40172434
0.40174773
0.40177026
0.40179068
0.40180773
0.40182033
0.40182778
0.4018294
0.4018252
0.40181515
0.4018
0.4017805
0.4017576
0.40173244
0.40170616
0.40167943
0.40165287
0.40162674
0.40160102
0.40157592
0.40155146
0.4015284
0.4015069
0.40148732
0.4014701
0.40145522
0.40144286
0.4014326
0.40142432
0.40141755
0.40141207
0.40140766
0.4014044
0.4014023
0.4014011
0.40140107
0.4014019
0.40140358
0.4014061
0.4014091
0.40141237
0.40141556
0.40141833
0.40142027
0.40142098
0.40142062
0.40141955
0.40141845
0.40141788
0.40141848
0.4014209
0.4014254
0.4014324
0.40144172
0.4014534
0.40146717
0.4014828
0.4014997
0.40151724
0.40153483
0.40155178
0.40156785
0.401583
0.4015975
0.40161178
0.4016262
0.40164053
0.4016545
0.40166712
0.40167755
0.40168476
0.40168858
0.40168872
0.40168592
0.4016807
0.40167397
0.40166658
0.40165886
0.401651
0.40164298
0.4016348
0.40162686
0.4016196
0.4016136
0.40160936
0.4016074
0.4016078
0.40161029
0.40161458
0.4016198
0.40162498
0.4016291
0.40163127
0.40163058
0.40162694
0.40162054
0.4016121
0.40160254
0.40159294
0.40158418
0.40157714
0.40157223
0.4015695
0.4015689
0.40157008
0.40157282
0.40157694
0.40158272
0.4015906
0.40160078
0.40161318
0.4016272
0.40164196
0.40165588
0.40166762
0.40167594
0.40168023
0.4016803
0.4016767
0.40167043
0.40166265
0.40165463
0.40164736
0.40164137
0.40163702
0.40163407
0.4016323
0.40163144
0.40163124
0.40163136
0.40163136
0.40163073
0.401629
0.40162605
0.401622
0.4016172
0.4016125
0.4016086
0.4016062
0.4016056
0.40160707
0.40161058
0.4016161
0.4016235
0.40163276
0.40164402
0.40165746
0.40167293
0.40168995
0.40170768
0.40172502
0.4017407
0.40175343
0.40176213
0.4017662
0.40176564
0.40176082
0.40175277
0.40174276
0.40173244
0.40172315
0.40171623
0.40171242
0.40171164
0.4017136
0.40171728
0.40172175
0.40172595
0.4017293
0.40173134
0.40173197
0.4017308
0.40172735
0.401721
0.4017114
0.40169847
0.4016827
0.40166485
0.40164596
0.40162718
0.4016095
0.4015943
0.4015823
0.4015743
0.4015708
0.40157205
0.40157792
0.4015877
0.40160063
0.40161577
0.4016321
0.40164888
0.40166512
0.40167952
0.40169102
0.4016983
0.40170035
0.4016966
0.40168694
0.40167168
0.40165165
0.4016281
0.40160245
0.40157634
0.40155113
0.40152815
0.40150845
0.40149307
0.40148264
0.4014777
0.4014783
0.4014841
0.4014945
0.4015086
0.40152496
0.4015423
0.40155956
0.40157607
0.40159145
0.401606
0.4016197
0.40163252
0.40164387
0.4016529
0.40165886
0.4016611
0.40165958
0.40165502
0.40164825
0.40164074
0.40163383
0.40162846
0.40162534
0.4016251
0.4016278
0.40163386
0.4016429
0.40165448
0.40166742
0.40168026
0.40169144
0.4016998
0.40170464
0.4017056
0.40170312
0.40169773
0.40169019
0.40168163
0.40167263
0.40166363
0.40165478
0.40164572
0.401636
0.4016252
0.40161327
0.40160027
0.40158647
0.40157235
0.40155867
0.40154615
0.4015353
0.4015267
0.40152064
0.40151712
0.4015161
0.4015174
0.4015209
0.40152627
0.4015331
0.40154114
0.4015499
0.401559
0.40156817
0.40157756
0.40158725
0.40159726
0.40160742
0.40161732
0.40162587
0.40163213
0.40163478
0.40163282
0.40162596
0.40161422
0.4015984
0.40157974
0.4015599
0.4015404
0.40152264
0.40150762
0.40149584
0.40148762
0.40148264
0.40148067
0.40148136
0.40148416
0.40148884
0.40149495
0.4015024
0.40151107
0.40152058
0.40153047
0.40154022
0.40154928
0.4015571
0.40156367
0.40156916
0.40157434
0.40157983
0.40158615
0.40159357
0.40160188
0.40161082
0.40162003
0.4016291
0.4016379
0.40164617
0.40165374
0.40166047
0.40166613
0.40167034
0.40167302
0.4016743
0.40167448
0.40167403
0.4016732
0.401672
0.40167052
0.40166858
0.40166646
0.4016643
0.40166238
0.4016608
0.40165973
0.40165907
0.40165868
0.40165827
0.4016576
0.4016562
0.40165403
0.4016511
0.40164775
0.40164447
0.40164196
0.4016408
0.40164134
0.40164334
0.40164667
0.40165058
0.40165487
0.40165925
0.40166393
0.40166909
0.40167508
0.4016819
0.40168917
0.40169644
0.40170306
0.40170845
0.40171227
0.4017145
0.40171555
0.40171608
0.40171683
0.40171805
0.40172
0.4017224
0.40172467
0.40172586
0.40172526
0.40172216
0.40171623
0.40170735
0.4016959
0.40168226
0.40166724
0.40165177
0.4016366
0.4016228
0.40161163
0.40160412
0.401601
0.40160254
0.40160877
0.40161934
0.40163374
0.40165132
0.40167108
0.4016921
0.4017132
0.4017332
0.40175095
0.40176487
0.4017738
0.4017769
0.40177402
0.40176547
0.40175214
0.40173563
0.40171766
0.4017
0.40168422
0.4016714
0.40166244
0.40165764
0.40165716
0.4016609
0.40166822
0.4016784
0.40169036
0.4017031
0.40171525
0.40172595
0.4017342
0.4017389
0.40173927
0.4017347
0.4017251
0.40171078
0.4016924
0.4016712
0.40164855
0.4016261
0.40160513
0.40158683
0.4015718
0.40156078
0.40155378
0.40155086
0.401552
0.40155694
0.40156558
0.40157717
0.40159118
0.4016067
0.40162277
0.40163848
0.40165326
0.40166664
0.40167877
0.4016898
0.4016998
0.4017087
0.4017161
0.40172184
0.40172544
0.4017263
0.40172398
0.40171775
0.40170732
0.40169278
0.40167493
0.4016548
0.40163386
0.40161327
0.40159416
0.401577
0.4015623
0.4015501
0.40154037
0.40153313
0.40152875
0.40152726
0.40152892
0.4015337
0.4015416
0.40155217
0.40156496
0.40157953
0.4015953
0.40161163
0.4016278
0.40164277
0.4016555
0.40166476
0.4016698
0.40167007
0.40166587
0.40165785
0.40164724
0.40163532
0.40162337
0.40161243
0.40160355
0.40159747
0.40159452
0.40159503
0.40159878
0.40160543
0.40161437
0.40162492
0.40163606
0.40164673
0.40165555
0.40166178
0.40166482
0.40166467
0.4016617
0.40165684
0.40165105
0.40164545
0.4016406
0.4016372
0.40163553
0.401636
0.40163904
0.40164512
0.40165415
0.40166605
0.40168002
0.40169534
0.40171093
0.4017258
0.40173852
0.40174788
0.40175274
0.4017524
0.40174654
0.40173513
0.40171888
0.40169865
0.40167594
0.40165207
0.40162897
0.4016085
0.4015921
0.401581
0.40157577
0.40157658
0.40158308
0.40159476
0.40161082
0.4016302
0.40165186
0.4016742
0.40169597
0.4017158
0.4017326
0.40174568
0.40175498
0.4017605
0.4017629
0.40176293
0.40176186
0.40176076
0.4017603
0.40176126
0.40176392
0.40176818
0.40177345
0.40177903
0.40178382
0.40178692
0.40178737
0.40178436
0.40177727
0.4017657
0.40174994
0.40173054
0.4017085
0.4016851
0.40166166
0.40163916
0.4016186
0.40160015
0.4015839
0.40157023
0.40155914
0.40155074
0.40154508
0.4015421
0.4015417
0.4015439
0.4015482
0.401554
0.40156046
0.40156657
0.40157133
0.40157384
0.40157384
0.40157145
0.4015672
0.40156183
0.40155596
0.40155026
0.40154523
0.40154096
0.4015376
0.40153518
0.40153342
0.40153235
0.40153158
0.40153083
0.40152988
0.40152842
0.4015262
0.4015232
0.40151963
0.40151587
0.40151262
0.40151066
0.40151086
0.40151381
0.40151995
0.40152955
0.40154222
0.40155748
0.4015747
0.40159324
0.40161243
0.40163162
0.40165007
0.40166694
0.40168124
0.40169218
0.4016995
0.40170282
0.4017024
0.4016989
0.4016929
0.4016852
0.40167612
0.4016657
0.40165365
0.4016399
0.40162456
0.40160787
0.4015905
0.4015733
0.40155745
0.40154368
0.40153304
0.401526
0.40152314
0.4015244
0.40152973
0.401539
0.4015519
0.40156782
0.40158588
0.40160495
0.4016238
0.40164134
0.40165693
0.40167022
0.40168145
0.40169117
0.4017
0.40170822
0.40171582
0.4017224
0.4017273
0.40172958
0.40172866
0.40172416
0.40171638
0.40170598
0.40169382
0.40168115
0.40166903
0.40165833
0.40164948
0.40164256
0.40163735
0.40163335
0.4016301
0.40162703
0.4016236
0.40161967
0.40161526
0.401611
0.4016074
0.4016052
0.40160477
0.40160605
0.40160865
0.40161186
0.40161476
0.4016167
0.4016177
0.40161806
0.40161878
0.4016209
0.40162545
0.4016333
0.4016447
0.40165955
0.4016773
0.40169728
0.40171894
0.40174174
0.40176517
0.40178862
0.4018114
0.4018328
0.40185204
0.40186858
0.4018818
0.4018913
0.40189657
0.40189728
0.40189278
0.401883
0.4018679
0.40184763
0.40182292
0.4017947
0.40176433
0.40173346
0.40170392
0.40167746
0.40165547
0.40163878
0.4016278
0.40162244
0.4016225
0.40162706
0.40163514
0.40164575
0.40165755
0.4016689
0.40167812
0.4016839
0.40168527
0.4016821
0.40167457
0.4016635
0.40164992
0.4016346
0.4016183
0.40160185
0.40158573
0.40157035
0.40155587
0.40154207
0.40152827
0.40151417
0.40149924
0.40148365
0.4014678
0.40145272
0.40143946
0.40142918
0.40142268
0.4014207
0.40142363
0.40143174
0.40144506
0.40146306
0.40148553
0.40151158
0.4015401
0.40156972
0.40159908
0.40162683
0.40165192
0.4016733
0.40169007
0.4017018
0.40170854
0.40171054
0.4017085
0.40170318
0.40169546
0.40168595
0.4016753
0.40166435
0.4016538
0.40164414
0.40163592
0.40162945
0.40162498
0.40162238
0.40162143
0.40162158
0.40162235
0.40162325
0.40162414
0.40162522
0.40162644
0.4016278
0.4016291
0.4016301
0.40163037
0.40162995
0.40162864
0.4016269
0.40162486
0.4016226
0.4016199
0.40161654
0.4016122
0.40160647
0.40159974
0.40159225
0.40158513
0.40157908
0.40157467
0.4015724
0.40157235
0.40157437
0.40157813
0.40158316
0.4015891
0.40159607
0.40160426
0.4016143
0.40162674
0.40164208
0.4016611
0.40168405
0.40171096
0.40174094
0.40177298
0.40180513
0.40183562
0.40186265
0.40188473
0.40190074
0.40190998
0.40191194
0.40190673
0.4018946
0.40187636
0.40185294
0.40182582
0.40179664
0.40176725
0.40173945
0.4017152
0.40169567
0.4016816
0.40167302
0.40166947
0.40166995
0.40167364
0.4016794
0.40168607
0.4016927
0.40169832
0.40170255
0.40170512
0.40170604
0.4017054
0.40170354
0.40170076
0.40169764
0.40169433
0.40169093
0.40168697
0.40168196
0.40167537
0.40166694
0.40165687
0.4016457
0.40163404
0.40162262
0.4016121
0.40160304
0.4015955
0.4015898
0.4015861
0.40158454
0.4015853
0.40158877
0.40159532
0.40160546
0.40161952
0.4016376
0.4016595
0.4016846
0.40171203
0.40174043
0.40176862
0.4017955
0.40182024
0.40184224
0.40186107
0.40187633
0.40188777
0.4018953
0.40189898
0.40189877
0.40189472
0.40188688
0.40187544
0.40186077
0.40184346
0.40182406
0.40180343
0.4017823
0.4017618
0.40174294
0.40172693
0.40171495
0.40170795
0.40170625
0.40170977
0.40171802
0.40172964
0.4017431
0.40175658
0.40176836
0.401777
0.40178135
0.40178075
0.40177476
0.40176326
0.40174663
0.4017256
0.40170115
0.40167457
0.40164745
0.40162113
0.40159672
0.40157527
0.40155745
0.40154377
0.40153468
0.40153006
0.4015298
0.40153357
0.4015407
0.40155038
0.40156138
0.40157282
0.40158367
0.40159306
0.4016008
0.40160683
0.40161133
0.40161446
0.40161645
0.40161744
0.40161774
0.401618
0.40161893
0.40162167
0.40162706
0.40163568
0.40164763
0.40166247
0.4016793
0.40169668
0.40171307
0.40172693
0.40173703
0.40174252
0.40174296
0.40173876
0.40173033
0.40171888
0.40170562
0.40169218
0.4016797
0.40166962
0.4016623
0.401658
0.40165657
0.40165788
0.40166163
0.40166768
0.40167552
0.40168467
0.40169445
0.40170383
0.40171215
0.40171877
0.40172347
0.40172607
0.4017269
0.4017264
0.40172535
0.40172464
0.40172496
0.40172717
0.4017316
0.40173876
0.40174875
0.40176165
0.4017772
0.401795
0.40181425
0.40183383
0.40185267
0.4018697
0.4018837
0.40189365
0.4018989
0.40189892
0.40189338
0.40188202
0.40186492
0.40184224
0.4018145
0.40178236
0.40174702
0.40170977
0.4016722
0.40163606
0.40160254
0.40157253
0.40154624
0.40152356
0.401504
0.401487
0.40147203
0.40145862
0.40144682
0.4014367
0.40142846
0.40142244
0.4014189
0.4014179
0.40141955
0.40142363
0.40142977
0.4014376
0.40144688
0.40145722
0.40146834
0.40147975
0.40149125
0.4015024
0.40151292
0.4015227
0.4015319
0.4015409
0.40154997
0.40155944
0.40156952
0.40158024
0.4015916
0.40160388
0.40161687
0.40163052
0.4016442
0.4016576
0.40166995
0.40168044
0.40168807
0.40169227
0.4016925
0.40168884
0.40168148
0.40167093
0.40165758
0.40164208
0.40162492
0.40160686
0.40158895
0.40157214
0.4015573
0.4015448
0.4015349
0.4015271
0.4015212
0.40151647
0.4015123
0.4015083
0.40150425
0.40150008
0.40149587
0.40149206
0.4014888
0.40148643
0.40148526
0.40148535
0.40148667
0.40148914
0.40149245
0.4014962
0.40150008
0.40150356
0.40150642
0.4015085
0.40150988
0.4015106
0.40151116
0.40151188
0.40151328
0.40151557
0.40151912
0.401524
0.40153047
0.4015385
0.40154764
0.40155727
0.40156645
0.40157422
0.40157992
0.4015832
0.40158412
0.40158352
0.4015823
0.4015816
0.40158212
0.4015845
0.40158886
0.40159535
0.40160385
0.40161386
0.40162498
0.40163645
0.4016475
0.4016572
0.40166467
0.40166894
0.40166935
0.40166545
0.40165716
0.40164483
0.40162924
0.40161148
0.4015927
0.40157405
0.4015564
0.40154067
0.40152723
0.40151638
0.4015081
0.40150228
0.4014987
0.40149724
0.4014976
0.40149963
0.40150332
0.40150887
0.4015164
0.40152633
0.40153876
0.40155393
0.40157187
0.4015921
0.40161395
0.40163627
0.40165755
0.40167612
0.40169054
0.4016999
0.40170377
0.40170223
0.40169597
0.40168625
0.40167445
0.4016623
0.40165144
0.40164334
0.40163907
0.4016388
0.40164262
0.40165007
0.4016606
0.4016738
0.4016895
0.4017077
0.40172818
0.4017503
0.40177307
0.401795
0.40181485
0.40183136
0.40184376
0.40185142
0.40185422
0.40185213
0.40184557
0.4018349
0.40182087
0.40180436
0.4017863
0.40176785
0.40174985
0.40173286
0.40171722
0.401703
0.40169033
0.40167964
0.4016714
0.4016662
0.40166426
0.40166545
0.40166935
0.4016748
0.4016805
0.40168497
0.40168712
0.401686
0.4016815
0.40167397
0.40166423
0.40165365
0.40164357
0.40163514
0.40162933
0.40162683
0.40162772
0.40163162
0.40163773
0.40164453
0.40165076
0.40165532
0.40165764
0.40165764
0.4016558
0.4016528
0.40164933
0.40164572
0.40164244
0.40163937
0.4016365
0.40163368
0.40163115
0.40162906
0.40162805
0.4016284
0.40163046
0.40163422
0.4016395
0.40164566
0.40165216
0.40165868
0.40166542
0.4016725
0.4016804
0.40168926
0.4016991
0.4017093
0.4017188
0.4017262
0.40172997
0.40172893
0.4017221
0.40170932
0.4016909
0.4016678
0.4016415
0.40161353
0.40158594
0.40156034
0.4015379
0.40151954
0.40150607
0.40149766
0.4014943
0.40149596
0.4015023
0.4015129
0.4015274
0.40154532
0.4015659
0.4015883
0.40161103
0.40163267
0.401652
0.40166807
0.40168047
0.4016894
0.4016955
0.40170002
0.40170425
0.40170968
0.40171725
0.4017276
0.40174043
0.401755
0.40177014
0.40178424
0.40179592
0.40180385
0.40180707
0.401805
0.40179726
0.40178406
0.4017661
0.4017444
0.40172046
0.40169576
0.40167186
0.40165022
0.4016319
0.40161747
0.40160733
0.40160125
0.40159863
0.40159875
0.40160078
0.401604
0.40160787
0.401612
0.40161607
0.40161937
0.40162116
0.40162063
0.4016172
0.40161097
0.40160227
0.40159222
0.40158197
0.40157264
0.40156543
0.40156117
0.40156046
0.40156347
0.40157023
0.40158033
0.40159363
0.40160957
0.40162754
0.4016468
0.4016663
0.40168482
0.4017011
0.4017141
0.40172297
0.40172714
0.40172628
0.4017204
0.4017098
0.40169522
0.4016778
0.40165886
0.40163985
0.401622
0.40160653
0.4015945
0.40158632
0.4015823
0.40158203
0.4015849
0.40158993
0.40159625
0.40160325
0.4016104
0.40161753
0.4016249
0.40163293
0.40164244
0.40165427
0.4016692
0.4016877
0.40170988
0.401735
0.4017621
0.40178987
0.4018169
0.40184185
0.40186366
0.40188143
0.40189478
0.40190345
0.40190724
0.4019064
0.4019012
0.40189213
0.40188003
0.40186587
0.4018508
0.40183634
0.40182397
0.4018152
0.4018111
0.40181187
0.40181717
0.40182585
0.40183645
0.4018471
0.4018564
0.40186307
0.4018661
0.40186486
0.40185913
0.40184903
0.40183508
0.40181813
0.40179932
0.40177968
0.4017605
0.4017426
0.40172672
0.40171304
0.40170157
0.4016923
0.40168515
0.40168044
0.40167868
0.40168062
0.40168753
0.40170085
0.40172297
0.4017569
0.401807
0.401879
0.40198106
0.4021242
0.40232453
0.40260428
0.40299225
0.40352958
0.4042732
0.4053001
0.4067154
0.40866
0.41135365
0.41502038
0.41996944
0.42667395
0.43577796
0.4478942
