0.44266713
0.4321909
0.42433482
0.4184213
0.41400576
0.41074324
0.40834707
0.40657744
0.40527385
0.40431857
0.40361613
0.40309972
0.40271986
0.40244007
0.4022338
0.40208146
0.40196908
0.40188602
0.4018246
0.40177852
0.40174285
0.40171394
0.40168926
0.40166724
0.40164697
0.4016282
0.40161088
0.40159512
0.40158117
0.40156937
0.4015603
0.4015544
0.40155193
0.4015531
0.40155765
0.40156522
0.40157542
0.40158722
0.40159974
0.4016119
0.4016226
0.40163046
0.4016342
0.40163276
0.4016258
0.40161365
0.40159723
0.40157792
0.40155736
0.40153712
0.40151846
0.40150234
0.40148917
0.40147924
0.40147254
0.40146893
0.4014683
0.40147015
0.4014742
0.40147972
0.40148607
0.4014924
0.40149784
0.40150177
0.40150377
0.4015037
0.4015019
0.4014992
0.4014962
0.40149376
0.40149227
0.40149176
0.4014923
0.4014937
0.401496
0.4014994
0.4015045
0.4015121
0.4015227
0.40153658
0.40155354
0.4015727
0.40159285
0.4016125
0.40162975
0.40164325
0.40165192
0.40165538
0.40165374
0.4016477
0.40163854
0.40162754
0.40161568
0.40160382
0.40159243
0.40158197
0.40157238
0.4015636
0.4015554
0.40154722
0.401539
0.4015308
0.4015229
0.40151566
0.4015094
0.40150416
0.40150008
0.401497
0.40149528
0.40149498
0.4014964
0.4014998
0.4015053
0.40151295
0.4015227
0.40153426
0.4015472
0.40156102
0.40157512
0.40158913
0.4016029
0.4016162
0.4016285
0.4016395
0.40164828
0.40165433
0.4016573
0.40165722
0.401654
0.40164796
0.40163925
0.4016282
0.40161514
0.40160054
0.40158516
0.40156993
0.401556
0.40154412
0.4015349
0.4015289
0.40152588
0.40152594
0.40152857
0.40153337
0.40153968
0.4015471
0.40155506
0.4015628
0.40156966
0.40157455
0.40157658
0.40157515
0.40157026
0.40156227
0.40155223
0.4015414
0.40153107
0.4015223
0.40151605
0.4015127
0.40151262
0.40151596
0.40152225
0.40153125
0.40154192
0.40155342
0.40156496
0.40157598
0.401586
0.4015952
0.40160397
0.40161306
0.4016231
0.40163448
0.40164736
0.40166143
0.4016761
0.40169019
0.4017025
0.40171134
0.40171546
0.40171406
0.40170693
0.40169466
0.4016784
0.4016598
0.40164042
0.4016218
0.40160516
0.40159145
0.4015811
0.4015741
0.40157014
0.4015688
0.4015694
0.40157127
0.40157396
0.40157685
0.40157968
0.40158206
0.4015837
0.40158442
0.40158427
0.40158337
0.4015823
0.40158108
0.40157983
0.40157878
0.40157813
0.4015785
0.4015802
0.40158397
0.40158963
0.40159708
0.40160555
0.40161395
0.40162137
0.40162686
0.40163007
0.40163094
0.40162995
0.40162757
0.4016247
0.401622
0.4016197
0.40161803
0.4016167
0.4016154
0.40161356
0.4016105
0.40160576
0.4015988
0.40158936
0.4015775
0.40156364
0.40154856
0.4015331
0.40151814
0.40150443
0.40149277
0.4014841
0.401479
0.40147808
0.40148145
0.40148896
0.40149996
0.4015136
0.40152842
0.401543
0.40155578
0.40156555
0.40157145
0.40157312
0.40157086
0.40156558
0.40155843
0.40155065
0.40154326
0.4015373
0.40153337
0.4015319
0.40153304
0.4015367
0.40154275
0.4015509
0.40156078
0.4015722
0.40158477
0.40159804
0.40161106
0.40162316
0.40163362
0.40164208
0.40164825
0.40165216
0.40165377
0.40165305
0.4016502
0.40164497
0.4016378
0.4016292
0.40161997
0.40161106
0.40160364
0.40159863
0.4015968
0.40159854
0.40160388
0.40161216
0.4016225
0.40163362
0.40164396
0.40165195
0.4016561
0.40165547
0.40164974
0.4016393
0.40162498
0.40160805
0.40159005
0.40157214
0.40155548
0.40154076
0.40152836
0.40151814
0.4015098
0.40150273
0.40149635
0.40149015
0.40148404
0.40147784
0.40147164
0.40146548
0.4014596
0.4014543
0.40145025
0.4014481
0.40144882
0.40145317
0.40146208
0.40147617
0.40149584
0.40152106
0.40155146
0.4015865
0.4016247
0.40166467
0.4017045
0.40174207
0.40177563
0.40180358
0.40182474
0.4018385
0.4018444
0.40184265
0.40183356
0.40181783
0.40179652
0.40177113
0.40174317
0.40171438
0.40168637
0.4016604
0.40163743
0.40161774
0.40160125
0.4015874
0.40157565
0.40156505
0.40155506
0.40154558
0.40153664
0.40152875
0.40152252
0.40151834
0.40151638
0.40151688
0.40151983
0.40152508
0.40153232
0.4015409
0.40155017
0.40155938
0.4015679
0.4015754
0.40158203
0.4015885
0.40159586
0.40160525
0.40161747
0.40163323
0.40165275
0.40167597
0.4017024
0.40173098
0.40176025
0.40178883
0.4018153
0.40183866
0.40185818
0.4018733
0.40188354
0.4018889
0.4018894
0.4018851
0.4018762
0.40186346
0.4018476
0.40182963
0.40181068
0.4017919
0.4017744
0.40175888
0.4017458
0.40173498
0.40172607
0.4017182
0.40171078
0.40170315
0.40169522
0.40168637
0.4016763
0.40166456
0.40165102
0.40163592
0.40161994
0.40160388
0.40158856
0.40157467
0.4015629
0.4015537
0.40154737
0.40154418
0.40154403
0.40154696
0.40155262
0.40156096
0.40157154
0.40158385
0.4015972
0.401611
0.40162474
0.40163812
0.40165034
0.40166074
0.40166867
0.40167373
0.40167585
0.40167537
0.40167278
0.40166843
0.40166268
0.40165597
0.40164864
0.40164092
0.40163288
0.40162435
0.40161526
0.40160558
0.40159565
0.40158606
0.40157726
0.40157002
0.4015645
0.40156072
0.40155864
0.40155804
0.40155882
0.4015611
0.40156513
0.40157107
0.4015787
0.40158752
0.40159655
0.40160483
0.40161148
0.40161613
0.40161857
0.4016193
0.4016185
0.40161654
0.40161344
0.4016092
0.40160355
0.40159646
0.4015879
0.4015782
0.4015681
0.40155855
0.40155026
0.40154424
0.4015413
0.4015419
0.40154648
0.40155524
0.40156817
0.40158513
0.4016056
0.40162846
0.40165246
0.4016758
0.4016965
0.4017132
0.40172434
0.40172908
0.40172684
0.40171754
0.40170172
0.40168056
0.40165552
0.40162864
0.40160188
0.401577
0.40155524
0.40153724
0.40152347
0.40151387
0.40150836
0.40150633
0.40150714
0.4015095
0.40151218
0.40151381
0.40151358
0.40151104
0.4015064
0.40150008
0.40149277
0.40148553
0.4014794
0.40147528
0.40147418
0.4014766
0.40148285
0.40149304
0.401507
0.40152395
0.4015431
0.4015633
0.401583
0.4016008
0.40161553
0.4016263
0.40163264
0.40163448
0.40163234
0.4016266
0.40161803
0.4016074
0.40159568
0.40158397
0.40157324
0.40156457
0.40155882
0.40155625
0.40155685
0.40156
0.40156466
0.40156975
0.40157375
0.40157565
0.40157476
0.40157092
0.40156436
0.40155566
0.40154555
0.4015352
0.40152583
0.4015183
0.4015135
0.40151194
0.4015141
0.40152013
0.40153018
0.40154397
0.40156138
0.40158173
0.4016042
0.4016276
0.40165022
0.40167043
0.40168688
0.40169862
0.40170524
0.40170684
0.40170398
0.40169743
0.40168795
0.4016767
0.40166453
0.4016519
0.4016391
0.4016262
0.40161285
0.40159923
0.4015854
0.40157172
0.4015589
0.40154764
0.40153867
0.40153244
0.40152937
0.40152964
0.4015331
0.40153936
0.40154746
0.40155667
0.4015659
0.4015741
0.4015807
0.40158528
0.40158802
0.4015893
0.40158963
0.40158966
0.4015894
0.40158835
0.4015859
0.4015811
0.40157318
0.40156198
0.40154797
0.40153238
0.40151662
0.40150207
0.40148988
0.40148088
0.40147528
0.4014731
0.40147376
0.40147656
0.4014807
0.40148568
0.40149108
0.40149674
0.40150237
0.40150768
0.40151218
0.40151584
0.40151837
0.40151998
0.40152088
0.4015214
0.40152183
0.40152258
0.4015239
0.40152627
0.40152988
0.40153515
0.4015423
0.4015513
0.401562
0.40157416
0.40158752
0.40160167
0.40161666
0.40163213
0.4016477
0.4016626
0.4016755
0.40168527
0.40169042
0.4016904
0.4016849
0.40167424
0.4016594
0.40164188
0.40162328
0.40160543
0.4015899
0.40157795
0.4015706
0.40156853
0.4015719
0.40158024
0.40159273
0.40160814
0.4016246
0.40164018
0.401653
0.40166137
0.40166456
0.40166256
0.40165597
0.40164617
0.40163472
0.4016235
0.40161398
0.40160736
0.40160415
0.40160424
0.40160725
0.4016124
0.40161923
0.4016274
0.4016372
0.40164918
0.40166393
0.4016815
0.40170196
0.40172443
0.4017478
0.40177053
0.40179107
0.40180779
0.4018194
0.40182513
0.4018244
0.4018171
0.40180358
0.40178457
0.40176123
0.40173498
0.40170753
0.4016802
0.40165403
0.40162963
0.40160728
0.40158674
0.4015677
0.4015501
0.40153393
0.40151948
0.40150702
0.4014968
0.40148896
0.40148357
0.4014804
0.4014792
0.40147984
0.40148205
0.40148562
0.40149042
0.40149683
0.40150493
0.4015149
0.40152654
0.4015396
0.40155357
0.40156797
0.40158254
0.40159744
0.40161285
0.40162927
0.40164682
0.40166554
0.40168527
0.4017055
0.40172586
0.40174583
0.40176502
0.40178296
0.40179873
0.40181166
0.4018212
0.4018269
0.40182874
0.40182698
0.40182212
0.4018147
0.4018051
0.4017938
0.4017811
0.40176734
0.40175283
0.40173805
0.40172377
0.40171078
0.4016998
0.40169108
0.40168437
0.40167946
0.40167543
0.40167174
0.40166813
0.40166467
0.40166196
0.40166077
0.40166184
0.40166605
0.40167347
0.40168396
0.40169704
0.40171206
0.40172827
0.4017452
0.4017621
0.40177837
0.40179318
0.4018056
0.40181485
0.4018199
0.40182018
0.40181515
0.40180475
0.4017892
0.40176907
0.40174577
0.40172064
0.40169564
0.40167254
0.40165296
0.40163812
0.40162855
0.40162456
0.40162608
0.40163243
0.40164274
0.40165564
0.40166935
0.40168196
0.40169153
0.40169668
0.40169653
0.40169045
0.40167883
0.4016623
0.40164194
0.40161914
0.40159523
0.40157145
0.4015485
0.40152737
0.4015087
0.40149277
0.40148002
0.40147015
0.40146294
0.40145776
0.4014537
0.40145037
0.4014474
0.40144455
0.4014419
0.40143985
0.40143865
0.4014387
0.40144044
0.40144423
0.40145025
0.40145883
0.40147027
0.40148476
0.40150237
0.4015231
0.4015467
0.40157285
0.40160125
0.40163115
0.40166166
0.40169147
0.4017192
0.4017437
0.40176395
0.4017793
0.40178934
0.40179387
0.40179324
0.401788
0.40177897
0.40176752
0.4017548
0.40174192
0.40173
0.4017196
0.4017111
0.4017047
0.4017004
0.4016982
0.40169793
0.40169922
0.40170157
0.4017043
0.40170705
0.4017096
0.40171233
0.40171564
0.4017201
0.40172592
0.40173274
0.40173975
0.40174568
0.40174913
0.4017493
0.40174553
0.40173778
0.4017264
0.4017121
0.4016959
0.401679
0.40166235
0.40164676
0.40163276
0.40162072
0.4016111
0.40160426
0.40160075
0.40160066
0.40160415
0.40161097
0.40162048
0.40163177
0.40164408
0.40165636
0.40166786
0.40167806
0.40168694
0.4016946
0.4017015
0.40170816
0.40171504
0.40172222
0.40173003
0.40173826
0.4017465
0.4017542
0.4017606
0.401765
0.40176725
0.40176734
0.40176588
0.40176326
0.4017602
0.40175715
0.40175456
0.4017526
0.40175128
0.40175068
0.40175042
0.40174988
0.40174833
0.40174484
0.40173864
0.4017292
0.4017161
0.40169957
0.4016802
0.4016591
0.40163773
0.40161765
0.4016002
0.40158632
0.4015765
0.40157068
0.40156856
0.40156943
0.4015726
0.40157723
0.4015827
0.4015883
0.40159374
0.40159902
0.4016044
0.4016102
0.4016165
0.40162337
0.4016304
0.40163723
0.40164363
0.40164956
0.40165478
0.4016589
0.40166152
0.40166196
0.40165925
0.40165308
0.4016432
0.4016297
0.4016136
0.40159595
0.40157804
0.40156087
0.4015453
0.40153173
0.4015204
0.40151155
0.4015052
0.40150145
0.40150043
0.40150237
0.40150705
0.4015146
0.40152484
0.40153778
0.40155312
0.40157098
0.40159106
0.40161303
0.40163633
0.4016599
0.40168256
0.40170258
0.40171885
0.40173003
0.40173554
0.40173483
0.4017281
0.40171602
0.40169942
0.40167952
0.40165764
0.40163463
0.40161148
0.40158877
0.4015672
0.40154743
0.40153006
0.40151545
0.40150407
0.40149626
0.4014923
0.4014924
0.40149653
0.40150478
0.4015168
0.4015321
0.4015501
0.40157035
0.40159255
0.40161645
0.4016417
0.40166748
0.40169278
0.40171605
0.4017362
0.4017523
0.40176368
0.4017701
0.40177178
0.40176922
0.40176335
0.4017553
0.4017461
0.40173653
0.40172684
0.40171725
0.40170735
0.40169662
0.4016848
0.40167177
0.40165794
0.401644
0.4016309
0.4016196
0.40161076
0.40160504
0.40160277
0.4016042
0.4016089
0.40161633
0.40162566
0.40163583
0.40164548
0.40165332
0.40165818
0.40165916
0.4016563
0.40165
0.4016414
0.40163183
0.40162268
0.40161538
0.4016111
0.4016107
0.40161452
0.40162277
0.40163493
0.40165037
0.40166816
0.40168703
0.40170532
0.40172142
0.4017336
0.40174046
0.40174124
0.4017356
0.4017239
0.4017071
0.4016867
0.40166426
0.40164134
0.40161926
0.40159875
0.40158024
0.40156373
0.4015491
0.4015362
0.40152472
0.40151435
0.40150496
0.40149662
0.4014893
0.40148342
0.40147948
0.40147808
0.40147972
0.40148494
0.40149397
0.4015067
0.4015228
0.4015416
0.40156218
0.4015835
0.40160435
0.40162337
0.40163916
0.40165052
0.4016567
0.4016575
0.40165296
0.40164384
0.40163103
0.40161568
0.40159863
0.40158084
0.4015631
0.40154606
0.40153036
0.4015162
0.40150398
0.40149373
0.40148538
0.40147877
0.40147385
0.40147042
0.40146852
0.4014681
0.40146944
0.40147284
0.40147865
0.40148726
0.40149888
0.40151358
0.40153125
0.40155146
0.40157327
0.40159562
0.4016172
0.4016365
0.40165234
0.40166363
0.40166995
0.40167108
0.4016672
0.40165895
0.40164736
0.40163398
0.40162018
0.40160763
0.40159723
0.4015898
0.4015858
0.4015852
0.40158752
0.40159175
0.40159646
0.4016002
0.4016018
0.4016002
0.40159532
0.40158725
0.4015766
0.40156454
0.40155196
0.4015398
0.4015285
0.40151843
0.40150955
0.4015019
0.4014954
0.40148988
0.40148535
0.40148175
0.4014789
0.4014771
0.4014767
0.40147847
0.401483
0.40149033
0.40150058
0.4015132
0.40152767
0.40154323
0.40155882
0.40157333
0.40158552
0.40159425
0.40159875
0.4015987
0.40159428
0.40158635
0.40157628
0.40156546
0.40155533
0.4015472
0.40154198
0.40154028
0.40154254
0.40154907
0.40156013
0.40157545
0.40159485
0.40161765
0.40164304
0.40167013
0.40169778
0.4017249
0.40175003
0.40177178
0.40178856
0.40179923
0.40180334
0.40180042
0.40179077
0.4017749
0.40175378
0.40172872
0.4017012
0.4016731
0.40164635
0.40162212
0.40160164
0.4015854
0.40157324
0.40156478
0.4015589
0.40155452
0.40155044
0.40154576
0.4015401
0.40153334
0.401526
0.40151876
0.40151203
0.40150625
0.40150163
0.40149835
0.40149674
0.40149698
0.4014992
0.4015037
0.4015106
0.40151972
0.4015307
0.40154305
0.40155587
0.40156806
0.40157855
0.40158632
0.40159094
0.40159234
0.4015909
0.4015874
0.40158224
0.40157598
0.40156916
0.40156224
0.40155584
0.40155053
0.40154684
0.4015451
0.40154552
0.40154815
0.401553
0.40155977
0.4015683
0.40157828
0.40158933
0.4016014
0.40161455
0.40162894
0.4016447
0.40166143
0.40167868
0.40169522
0.40170988
0.4017217
0.40173006
0.40173492
0.40173665
0.4017361
0.4017345
0.40173298
0.40173277
0.4017345
0.40173852
0.4017442
0.40175065
0.40175655
0.4017605
0.40176144
0.40175888
0.40175268
0.4017432
0.40173155
0.40171894
0.4017069
0.40169704
0.40169027
0.40168744
0.40168875
0.40169415
0.40170306
0.40171462
0.40172768
0.40174088
0.401753
0.4017629
0.40176976
0.40177277
0.4017715
0.40176564
0.4017555
0.4017417
0.40172526
0.40170717
0.4016884
0.40166962
0.4016513
0.40163356
0.40161675
0.40160102
0.40158635
0.40157261
0.4015596
0.4015471
0.40153518
0.40152407
0.40151426
0.40150613
0.40150023
0.4014971
0.4014969
0.4015
0.40150636
0.40151605
0.40152895
0.40154475
0.4015629
0.40158266
0.40160286
0.40162218
0.4016393
0.40165317
0.40166333
0.40166995
0.4016735
0.4016749
0.40167513
0.4016751
0.40167537
0.40167612
0.4016771
0.40167806
0.4016789
0.40167937
0.40167925
0.4016785
0.40167686
0.401674
0.40166986
0.40166458
0.40165886
0.4016536
0.4016495
0.40164742
0.40164766
0.40164998
0.401654
0.4016588
0.40166366
0.40166783
0.40167108
0.40167323
0.40167433
0.4016745
0.40167382
0.4016725
0.40167084
0.40166903
0.40166682
0.40166426
0.40166065
0.40165552
0.40164855
0.4016395
0.40162838
0.40161565
0.40160203
0.4015882
0.40157485
0.4015625
0.40155146
0.40154192
0.4015338
0.4015271
0.4015218
0.4015177
0.4015146
0.40151244
0.4015111
0.40151033
0.40151006
0.40151015
0.40151072
0.40151203
0.40151393
0.4015163
0.40151852
0.40152028
0.4015209
0.40152046
0.40151876
0.4015158
0.40151182
0.4015069
0.40150133
0.40149555
0.40148982
0.40148452
0.40148008
0.401477
0.40147582
0.4014768
0.40148
0.40148535
0.40149274
0.40150192
0.40151277
0.40152526
0.4015392
0.4015544
0.4015705
0.40158716
0.40160424
0.40162155
0.40163907
0.4016567
0.40167442
0.40169203
0.40170905
0.40172476
0.40173832
0.40174884
0.40175563
0.40175807
0.40175617
0.40175015
0.4017406
0.4017285
0.40171495
0.40170094
0.40168718
0.4016737
0.4016605
0.40164706
0.4016334
0.40161967
0.4016059
0.40159243
0.40157968
0.40156803
0.40155786
0.4015494
0.4015427
0.4015376
0.40153414
0.40153205
0.4015313
0.40153167
0.40153304
0.40153518
0.401538
0.4015414
0.4015454
0.4015499
0.40155473
0.40156013
0.4015659
0.40157202
0.40157837
0.40158468
0.4015909
0.4015971
0.40160337
0.4016097
0.40161628
0.401623
0.4016298
0.40163687
0.4016443
0.40165204
0.40165982
0.40166667
0.40167168
0.40167364
0.40167177
0.40166554
0.40165487
0.40164018
0.40162224
0.40160224
0.40158156
0.40156138
0.40154248
0.40152535
0.40151006
0.40149668
0.40148538
0.40147623
0.4014694
0.40146476
0.40146247
0.40146244
0.4014646
0.40146872
0.40147468
0.4014823
0.4014915
0.4015022
0.40151468
0.4015292
0.40154603
0.40156522
0.40158647
0.40160903
0.4016318
0.40165335
0.4016722
0.40168712
0.4016974
0.40170294
0.40170437
0.40170246
0.4016984
0.40169293
0.40168643
0.40167898
0.40167063
0.40166163
0.40165234
0.40164363
0.40163648
0.40163165
0.40162966
0.40163067
0.40163416
0.40163925
0.4016449
0.40165004
0.40165386
0.4016559
0.40165642
0.4016555
0.40165374
0.40165186
0.40165025
0.40164962
0.4016498
0.40165085
0.40165222
0.4016534
0.40165415
0.40165457
0.4016546
0.4016545
0.4016545
0.40165442
0.40165415
0.40165335
0.40165222
0.401651
0.40165034
0.40165117
0.4016541
0.4016596
0.40166765
0.40167773
0.40168875
0.40169936
0.40170828
0.40171427
0.40171686
0.40171608
0.40171245
0.40170708
0.40170085
0.4016949
0.40168983
0.4016861
0.40168378
0.40168256
0.40168226
0.40168267
0.40168417
0.40168712
0.40169215
0.4016999
0.40171066
0.4017246
0.40174124
0.4017597
0.4017786
0.4017964
0.40181148
0.40182263
0.40182912
0.40183055
0.40182698
0.40181887
0.40180692
0.40179232
0.4017765
0.40176103
0.40174723
0.4017362
0.40172824
0.40172327
0.4017207
0.40171954
0.40171853
0.4017162
0.40171117
0.40170255
0.4016898
0.40167314
0.40165308
0.4016307
0.40160713
0.40158355
0.40156123
0.40154088
0.40152347
0.40150943
0.40149912
0.40149274
0.40149042
0.40149197
0.40149713
0.40150547
0.40151647
0.40152952
0.4015442
0.40156004
0.40157694
0.4015949
0.40161392
0.40163404
0.4016546
0.40167502
0.40169418
0.40171084
0.401724
0.4017327
0.40173623
0.40173435
0.40172702
0.4017147
0.40169808
0.4016784
0.401657
0.40163532
0.40161476
0.40159658
0.40158144
0.40156972
0.40156132
0.40155575
0.4015525
0.401551
0.4015505
0.40155047
0.40155053
0.40155062
0.401551
0.40155205
0.4015542
0.40155753
0.401562
0.40156728
0.40157267
0.40157723
0.40158018
0.401581
0.40157953
0.40157625
0.40157178
0.40156683
0.40156174
0.40155697
0.40155244
0.40154812
0.4015437
0.40153927
0.40153503
0.40153167
0.40152988
0.4015303
0.4015333
0.40153906
0.4015476
0.40155867
0.40157172
0.4015862
0.40160105
0.40161508
0.40162706
0.40163583
0.4016408
0.4016416
0.40163827
0.40163112
0.4016205
0.4016069
0.40159082
0.40157276
0.40155357
0.4015343
0.4015161
0.4014999
0.4014867
0.4014771
0.4014715
0.40147027
0.40147334
0.40148035
0.401491
0.40150458
0.40152046
0.40153784
0.40155566
0.4015729
0.40158856
0.4016014
0.401611
0.40161702
0.4016198
0.40162003
0.40161857
0.4016164
0.4016145
0.40161356
0.40161437
0.4016177
0.40162405
0.4016336
0.4016459
0.40166005
0.40167466
0.40168798
0.40169832
0.40170446
0.40170538
0.4017008
0.40169078
0.40167585
0.40165696
0.40163535
0.40161255
0.40159005
0.4015689
0.40155017
0.40153444
0.401522
0.40151322
0.40150833
0.4015076
0.40151113
0.40151894
0.401531
0.401547
0.4015664
0.40158835
0.40161192
0.4016361
0.40165982
0.40168193
0.40170136
0.4017175
0.40173006
0.40173918
0.40174532
0.40174925
0.40175205
0.40175495
0.40175867
0.40176404
0.40177116
0.40177962
0.40178832
0.40179628
0.40180257
0.4018066
0.4018081
0.40180725
0.4018043
0.40179974
0.40179393
0.40178692
0.40177852
0.4017685
0.40175644
0.40174183
0.40172452
0.40170473
0.40168288
0.40165988
0.40163657
0.40161398
0.4015928
0.40157372
0.40155733
0.40154395
0.40153387
0.40152737
0.40152475
0.40152645
0.40153292
0.4015444
0.40156096
0.40158212
0.40160707
0.40163478
0.40166384
0.4016926
0.4017194
0.40174296
0.4017628
0.40177912
0.4017932
0.40180752
0.40182602
0.4018542
0.40189958
0.40197206
0.40208468
0.40225476
0.40250748
0.40287256
0.40339187
0.40412283
0.405143
0.4065574
0.4085065
0.4112102
0.41489017
0.4198555
0.4265793
0.43570343
0.4478402
