0.44250616
0.43197912
0.42407775
0.41812342
0.41367292
0.41038084
0.40796387
0.40618104
0.40487117
0.40391624
0.40321973
0.40271398
0.4023488
0.4020869
0.4019006
0.4017692
0.4016773
0.40161362
0.40156963
0.40153927
0.40151834
0.40150398
0.4014944
0.40148878
0.40148628
0.40148646
0.40148887
0.40149298
0.4014982
0.40150416
0.40151024
0.4015158
0.40152028
0.4015236
0.40152586
0.4015278
0.4015302
0.40153372
0.4015387
0.40154508
0.4015526
0.40156093
0.40156993
0.40157947
0.40159008
0.40160194
0.40161514
0.4016295
0.4016445
0.40165913
0.40167233
0.40168256
0.40168875
0.40169
0.401686
0.40167698
0.40166354
0.40164673
0.40162754
0.40160722
0.40158647
0.40156627
0.40154737
0.40153047
0.4015161
0.4015045
0.40149593
0.40149045
0.40148795
0.4014882
0.401491
0.40149608
0.40150344
0.40151298
0.40152466
0.40153834
0.4015536
0.40156993
0.4015865
0.40160245
0.40161654
0.4016278
0.40163538
0.40163907
0.40163898
0.40163562
0.40162972
0.40162203
0.40161338
0.40160468
0.40159664
0.40159
0.4015855
0.4015839
0.4015858
0.40159145
0.40160075
0.4016134
0.40162906
0.4016474
0.40166774
0.4016894
0.40171143
0.40173262
0.40175182
0.40176785
0.40177986
0.40178716
0.40178946
0.4017867
0.40177912
0.40176725
0.40175173
0.40173355
0.4017137
0.4016937
0.40167484
0.40165845
0.4016454
0.40163592
0.4016297
0.4016256
0.4016223
0.40161854
0.4016132
0.4016057
0.40159586
0.40158394
0.40157032
0.40155584
0.401541
0.40152642
0.4015125
0.40149984
0.40148893
0.40148008
0.40147376
0.4014701
0.40146914
0.4014706
0.40147376
0.40147796
0.40148214
0.4014855
0.4014876
0.40148836
0.40148795
0.4014864
0.4014842
0.40148145
0.40147868
0.40147611
0.40147406
0.40147272
0.40147245
0.40147346
0.40147606
0.40148053
0.40148714
0.40149596
0.4015073
0.4015212
0.4015377
0.40155646
0.4015772
0.40159938
0.40162218
0.4016444
0.4016649
0.40168253
0.40169618
0.40170527
0.40170947
0.40170887
0.40170398
0.40169576
0.4016854
0.401674
0.40166268
0.40165177
0.40164137
0.40163115
0.40162036
0.40160877
0.40159592
0.40158197
0.40156683
0.4015507
0.4015337
0.40151638
0.40149918
0.4014829
0.40146837
0.40145627
0.40144736
0.40144208
0.401441
0.40144452
0.40145284
0.40146622
0.40148458
0.40150768
0.40153497
0.40156567
0.4015987
0.40163273
0.4016662
0.40169773
0.40172565
0.40174907
0.40176716
0.40177953
0.4017862
0.40178755
0.4017842
0.4017773
0.4017678
0.40175703
0.40174618
0.40173605
0.401727
0.40171894
0.40171155
0.40170413
0.40169626
0.4016873
0.40167713
0.40166587
0.4016538
0.40164158
0.4016296
0.401618
0.40160647
0.40159446
0.40158144
0.40156725
0.40155217
0.40153673
0.40152183
0.4015081
0.40149617
0.40148634
0.40147868
0.40147316
0.40146956
0.4014677
0.4014673
0.4014684
0.40147108
0.40147564
0.4014826
0.40149248
0.40150568
0.40152255
0.4015429
0.40156683
0.40159377
0.40162322
0.40165427
0.4016857
0.40171614
0.4017441
0.40176806
0.40178704
0.40180033
0.4018076
0.40180877
0.401804
0.4017935
0.40177757
0.40175653
0.40173107
0.40170228
0.4016715
0.40164047
0.401611
0.4015848
0.40156326
0.4015477
0.40153876
0.40153688
0.4015419
0.4015533
0.40157008
0.4015907
0.40161338
0.401636
0.40165636
0.4016727
0.40168345
0.4016879
0.40168548
0.4016765
0.40166166
0.40164217
0.4016197
0.40159568
0.40157163
0.40154862
0.40152773
0.4015094
0.40149394
0.40148145
0.40147203
0.40146556
0.40146187
0.40146077
0.40146187
0.4014648
0.40146923
0.401475
0.40148237
0.40149152
0.4015027
0.40151605
0.4015315
0.40154865
0.40156665
0.40158454
0.40160072
0.40161416
0.40162396
0.40163
0.4016326
0.40163252
0.4016308
0.40162897
0.40162814
0.40162936
0.40163293
0.4016393
0.4016487
0.40166092
0.4016756
0.4016919
0.40170857
0.40172434
0.40173802
0.40174899
0.4017571
0.40176272
0.40176693
0.40177092
0.40177578
0.4017824
0.401791
0.40180132
0.40181255
0.40182367
0.40183368
0.4018418
0.40184727
0.4018497
0.4018486
0.4018438
0.40183493
0.4018223
0.40180627
0.4017875
0.40176716
0.4017465
0.40172708
0.40171006
0.4016964
0.40168655
0.4016804
0.4016775
0.40167695
0.401678
0.40167987
0.401682
0.40168393
0.40168512
0.40168482
0.4016821
0.401676
0.4016662
0.40165278
0.40163636
0.40161806
0.40159938
0.4015818
0.40156677
0.40155566
0.4015495
0.40154925
0.4015553
0.40156767
0.4015859
0.40160912
0.4016357
0.40166393
0.40169147
0.40171665
0.40173796
0.40175432
0.40176547
0.40177128
0.4017719
0.4017679
0.40175992
0.40174866
0.40173492
0.40171927
0.40170223
0.40168405
0.40166482
0.4016447
0.40162387
0.40160286
0.40158245
0.40156358
0.40154728
0.40153432
0.40152508
0.40151986
0.40151837
0.4015204
0.4015256
0.40153363
0.40154442
0.4015576
0.40157253
0.4015883
0.4016036
0.4016171
0.40162772
0.40163472
0.40163806
0.40163818
0.40163583
0.40163192
0.4016272
0.40162218
0.40161732
0.40161255
0.40160817
0.40160424
0.40160093
0.4015985
0.40159732
0.40159744
0.4015988
0.4016014
0.40160516
0.40160996
0.40161577
0.40162292
0.40163162
0.40164185
0.40165314
0.40166482
0.40167594
0.4016855
0.40169275
0.40169713
0.40169832
0.4016965
0.40169233
0.40168652
0.4016797
0.4016725
0.4016653
0.40165806
0.4016507
0.40164274
0.40163362
0.4016227
0.40160957
0.40159416
0.40157685
0.4015583
0.4015397
0.40152216
0.40150672
0.40149415
0.4014851
0.40147993
0.40147874
0.40148145
0.40148798
0.40149778
0.40151024
0.40152445
0.40153977
0.40155524
0.40157035
0.40158427
0.40159613
0.40160513
0.40161073
0.4016125
0.4016106
0.40160593
0.40159962
0.40159312
0.40158856
0.40158728
0.40159062
0.40159908
0.40161252
0.4016302
0.40165067
0.4016722
0.40169278
0.40171057
0.40172416
0.40173286
0.4017366
0.40173575
0.4017314
0.40172476
0.40171725
0.40171006
0.40170425
0.40170044
0.40169865
0.40169862
0.40169954
0.40170053
0.40170035
0.4016979
0.4016922
0.40168285
0.40166995
0.4016541
0.4016364
0.4016182
0.4016009
0.40158564
0.40157372
0.40156573
0.40156195
0.40156198
0.4015651
0.40157023
0.40157622
0.40158224
0.40158784
0.4015932
0.40159878
0.40160543
0.40161386
0.4016247
0.40163848
0.40165514
0.40167448
0.4016958
0.4017181
0.4017405
0.40176153
0.40178016
0.40179515
0.40180585
0.4018122
0.4018146
0.40181407
0.40181214
0.4018103
0.40181002
0.40181246
0.40181804
0.40182653
0.40183702
0.4018483
0.401859
0.4018678
0.4018738
0.40187606
0.40187433
0.40186834
0.40185848
0.4018451
0.40182906
0.40181136
0.4017929
0.40177503
0.40175828
0.40174335
0.40173033
0.4017192
0.40170968
0.4017013
0.40169343
0.40168524
0.40167594
0.4016647
0.40165135
0.40163583
0.4016185
0.40160024
0.40158197
0.40156457
0.4015494
0.4015373
0.40152895
0.4015247
0.40152454
0.40152833
0.4015355
0.40154535
0.40155682
0.40156886
0.4015804
0.4015904
0.4015979
0.40160194
0.40160218
0.4015985
0.40159136
0.40158126
0.40156904
0.40155566
0.40154237
0.40153024
0.40152058
0.4015143
0.4015123
0.4015152
0.4015231
0.40153593
0.4015532
0.40157393
0.40159672
0.40162012
0.40164256
0.40166286
0.40168014
0.40169424
0.40170524
0.40171382
0.40172094
0.40172768
0.40173492
0.40174338
0.40175316
0.4017644
0.40177622
0.40178794
0.40179864
0.40180776
0.40181473
0.4018195
0.40182245
0.40182418
0.40182546
0.40182677
0.40182838
0.40183002
0.4018313
0.40183148
0.4018303
0.40182748
0.40182322
0.4018181
0.40181273
0.40180796
0.40180472
0.40180343
0.4018042
0.40180692
0.4018114
0.40181747
0.40182498
0.4018337
0.40184328
0.40185314
0.40186265
0.40187088
0.40187716
0.40188074
0.40188116
0.4018781
0.40187138
0.40186104
0.40184733
0.40183043
0.40181074
0.40178865
0.40176484
0.40174007
0.4017155
0.40169233
0.40167192
0.40165526
0.40164307
0.40163577
0.4016336
0.40163657
0.40164477
0.40165776
0.40167487
0.40169516
0.40171722
0.40173972
0.40176147
0.40178138
0.4017985
0.40181205
0.4018214
0.4018261
0.4018257
0.40181988
0.40180838
0.40179124
0.40176862
0.4017409
0.40170905
0.40167424
0.4016381
0.40160218
0.40156808
0.401537
0.40150973
0.40148672
0.40146834
0.40145472
0.4014462
0.4014427
0.4014444
0.40145096
0.40146187
0.40147665
0.40149426
0.40151358
0.40153328
0.40155208
0.40156874
0.40158257
0.40159354
0.40160182
0.401608
0.40161252
0.40161583
0.4016182
0.40161943
0.40161943
0.40161812
0.40161592
0.4016133
0.40161097
0.40160963
0.40160993
0.40161207
0.40161628
0.40162268
0.4016314
0.40164232
0.40165552
0.40167058
0.40168676
0.4017031
0.40171838
0.4017313
0.4017408
0.4017459
0.4017461
0.4017413
0.401732
0.40171894
0.40170306
0.4016855
0.4016672
0.40164882
0.40163094
0.40161407
0.40159902
0.40158665
0.40157804
0.40157413
0.40157557
0.40158263
0.40159518
0.40161273
0.4016343
0.40165833
0.40168294
0.40170616
0.4017261
0.40174147
0.40175137
0.4017555
0.40175396
0.40174735
0.40173665
0.40172312
0.40170813
0.4016931
0.40167937
0.40166798
0.4016599
0.40165538
0.40165475
0.401658
0.40166494
0.40167508
0.40168768
0.40170193
0.40171698
0.4017324
0.4017477
0.40176293
0.40177822
0.40179348
0.4018082
0.40182203
0.40183416
0.40184394
0.40185085
0.40185446
0.40185443
0.40185118
0.40184507
0.40183693
0.40182784
0.40181905
0.40181163
0.40180674
0.40180522
0.40180734
0.40181267
0.40182027
0.40182874
0.4018365
0.40184233
0.4018451
0.40184417
0.40183923
0.40183023
0.40181753
0.40180162
0.40178323
0.40176335
0.4017428
0.40172228
0.4017024
0.4016834
0.40166524
0.40164796
0.40163177
0.4016172
0.40160486
0.40159538
0.4015893
0.4015868
0.40158808
0.40159273
0.40160036
0.40161046
0.40162215
0.40163466
0.40164667
0.40165707
0.40166476
0.40166917
0.4016699
0.40166742
0.40166256
0.40165657
0.40165088
0.40164667
0.4016447
0.4016453
0.40164858
0.401654
0.40166065
0.40166742
0.4016731
0.40167698
0.40167883
0.4016791
0.4016785
0.4016779
0.40167797
0.40167904
0.401681
0.40168336
0.40168524
0.40168568
0.4016839
0.4016792
0.40167165
0.40166152
0.40164933
0.40163592
0.4016224
0.40160993
0.40159953
0.40159193
0.40158746
0.40158585
0.40158644
0.40158835
0.40159044
0.40159178
0.40159157
0.40158966
0.40158638
0.40158224
0.40157798
0.4015742
0.40157118
0.40156925
0.40156856
0.40156892
0.40157026
0.40157223
0.40157446
0.4015767
0.40157884
0.40158087
0.40158272
0.40158445
0.40158594
0.40158734
0.40158856
0.40158945
0.4015901
0.40159062
0.40159136
0.40159282
0.40159553
0.40159968
0.40160528
0.4016121
0.40161967
0.4016276
0.40163562
0.4016436
0.40165162
0.40165958
0.40166706
0.40167338
0.40167764
0.40167928
0.401678
0.40167397
0.4016677
0.40166017
0.40165222
0.401645
0.4016396
0.40163708
0.40163827
0.40164402
0.40165484
0.40167072
0.4016909
0.40171424
0.40173894
0.4017632
0.40178517
0.40180358
0.40181768
0.40182686
0.40183106
0.40183017
0.40182415
0.40181315
0.4017973
0.40177688
0.40175244
0.40172476
0.40169498
0.40166447
0.40163454
0.40160662
0.40158167
0.40156043
0.40154335
0.40153074
0.40152243
0.40151808
0.4015172
0.4015191
0.4015231
0.40152836
0.40153438
0.40154055
0.40154636
0.40155083
0.4015533
0.4015531
0.40154985
0.4015438
0.4015355
0.40152627
0.40151715
0.40150943
0.40150407
0.4015015
0.40150192
0.40150514
0.40151057
0.40151772
0.40152618
0.40153587
0.40154672
0.40155858
0.40157104
0.4015833
0.40159458
0.4016037
0.40160954
0.40161127
0.40160877
0.4016024
0.4015931
0.4015823
0.40157154
0.40156215
0.40155512
0.40155113
0.4015503
0.4015525
0.4015574
0.40156445
0.401573
0.4015823
0.40159136
0.4015993
0.40160516
0.4016085
0.4016089
0.4016066
0.401602
0.40159592
0.40158895
0.40158144
0.40157345
0.40156487
0.40155548
0.40154535
0.4015349
0.40152466
0.4015152
0.40150705
0.40150058
0.40149575
0.40149277
0.40149185
0.40149298
0.40149638
0.40150204
0.40151018
0.40152076
0.4015338
0.40154904
0.40156588
0.40158322
0.40159994
0.40161476
0.40162644
0.4016345
0.40163916
0.40164122
0.40164217
0.4016438
0.40164763
0.40165457
0.401665
0.4016786
0.40169457
0.40171126
0.40172732
0.40174097
0.40175104
0.4017568
0.40175784
0.40175465
0.4017478
0.40173867
0.40172875
0.40171942
0.4017118
0.40170658
0.40170386
0.40170357
0.40170494
0.4017072
0.4017087
0.40170848
0.40170547
0.40169924
0.40168977
0.40167758
0.40166357
0.40164885
0.40163442
0.40162098
0.401609
0.40159863
0.4015899
0.4015829
0.40157768
0.40157425
0.40157238
0.40157178
0.40157172
0.40157136
0.40157008
0.40156743
0.40156344
0.40155837
0.40155292
0.40154788
0.40154406
0.40154213
0.4015426
0.40154552
0.4015507
0.4015578
0.40156606
0.40157506
0.4015841
0.401593
0.40160185
0.40161088
0.4016205
0.40163076
0.4016414
0.40165204
0.40166196
0.40167093
0.40167895
0.40168628
0.4016934
0.40170053
0.4017075
0.40171382
0.40171832
0.40171993
0.4017175
0.40171033
0.40169814
0.4016811
0.40166008
0.40163624
0.40161115
0.40158632
0.40156314
0.4015426
0.40152535
0.40151176
0.4015016
0.4014944
0.40148962
0.40148646
0.4014842
0.40148234
0.4014806
0.40147886
0.40147743
0.40147677
0.40147734
0.40147972
0.40148437
0.40149146
0.401501
0.40151295
0.40152705
0.4015427
0.40155917
0.4015755
0.4015906
0.4016033
0.40161312
0.40162
0.40162438
0.40162715
0.4016291
0.40163103
0.40163317
0.4016355
0.4016376
0.40163907
0.40163934
0.4016379
0.4016347
0.4016298
0.4016238
0.4016172
0.40161037
0.40160355
0.40159664
0.40158945
0.40158194
0.40157375
0.40156487
0.40155515
0.40154487
0.40153435
0.40152407
0.40151447
0.40150627
0.40149996
0.40149626
0.40149543
0.4014976
0.40150282
0.40151048
0.40152025
0.40153128
0.40154302
0.40155476
0.40156582
0.40157598
0.40158525
0.401594
0.4016026
0.40161148
0.40162098
0.4016313
0.40164247
0.40165448
0.40166688
0.4016791
0.40169045
0.4017006
0.40170926
0.40171605
0.40172073
0.40172282
0.40172145
0.40171605
0.40170625
0.40169215
0.40167448
0.40165433
0.4016332
0.4016128
0.4015947
0.40158024
0.40157023
0.4015649
0.40156394
0.4015664
0.4015711
0.40157667
0.40158197
0.40158623
0.40158904
0.4015906
0.40159097
0.40159032
0.40158877
0.40158665
0.4015841
0.40158165
0.40157953
0.40157822
0.40157786
0.4015788
0.40158135
0.4015856
0.4015916
0.4015991
0.40160772
0.40161702
0.4016265
0.40163597
0.40164497
0.40165254
0.40165797
0.40166053
0.4016599
0.40165597
0.4016493
0.40164044
0.40163016
0.40161908
0.40160787
0.4015971
0.40158752
0.40157968
0.40157396
0.4015704
0.40156907
0.4015695
0.40157127
0.40157402
0.401577
0.40157983
0.40158212
0.4015835
0.40158388
0.40158308
0.40158114
0.40157813
0.40157434
0.4015704
0.40156737
0.401566
0.4015672
0.40157154
0.40157923
0.40158993
0.40160304
0.4016174
0.40163177
0.40164456
0.40165445
0.4016601
0.40166092
0.4016567
0.40164775
0.40163496
0.40161937
0.4016023
0.401585
0.40156856
0.4015537
0.4015407
0.40152988
0.40152118
0.40151456
0.40151015
0.40150815
0.4015085
0.40151125
0.40151596
0.40152228
0.40152982
0.40153813
0.4015468
0.40155542
0.40156338
0.40157
0.40157452
0.4015764
0.4015754
0.4015716
0.40156558
0.40155777
0.40154886
0.40153915
0.40152904
0.4015189
0.40150887
0.4014993
0.40149036
0.40148222
0.40147486
0.40146837
0.401463
0.40145886
0.40145615
0.4014552
0.40145615
0.40145934
0.40146533
0.4014741
0.40148577
0.40150025
0.40151706
0.40153557
0.40155506
0.40157455
0.40159345
0.4016111
0.40162677
0.40163988
0.40164948
0.40165493
0.40165564
0.40165147
0.4016429
0.40163088
0.40161675
0.40160215
0.4015888
0.40157837
0.40157205
0.40157065
0.40157446
0.40158316
0.4015963
0.401613
0.4016325
0.40165448
0.4016791
0.40170765
0.40174285
0.4017891
0.4018529
0.40194342
0.4020729
0.40225846
0.40252435
0.40290013
0.4034276
0.40416414
0.4051871
0.40660134
0.4085478
0.41124672
0.41492116
0.4198807
0.4265985
0.43571755
0.44785
