0.442527
0.43200722
0.42411336
0.41816756
0.41372716
0.41044763
0.40804482
0.40627804
0.40498576
0.4040482
0.40336782
0.40287513
0.40251788
0.40225777
0.40206626
0.4019229
0.40181348
0.40172818
0.4016603
0.40160564
0.40156168
0.40152672
0.40149993
0.4014806
0.4014682
0.40146217
0.40146166
0.40146598
0.40147406
0.40148482
0.40149716
0.4015099
0.40152216
0.4015331
0.40154248
0.40155008
0.40155604
0.40156
0.40156183
0.4015611
0.4015578
0.40155217
0.40154508
0.4015377
0.4015312
0.40152687
0.40152568
0.4015285
0.40153578
0.4015473
0.4015629
0.4015818
0.40160313
0.40162602
0.40164933
0.40167177
0.40169188
0.40170828
0.40171963
0.40172526
0.40172464
0.40171793
0.40170565
0.40168884
0.40166876
0.401647
0.40162486
0.40160364
0.40158412
0.40156695
0.40155256
0.40154105
0.4015324
0.40152645
0.40152302
0.40152177
0.40152255
0.4015251
0.40152913
0.40153417
0.40153986
0.40154576
0.40155146
0.40155673
0.40156102
0.40156397
0.40156558
0.401566
0.40156573
0.40156528
0.4015652
0.40156606
0.40156808
0.40157145
0.40157613
0.40158197
0.40158877
0.40159664
0.40160534
0.40161476
0.40162468
0.40163523
0.4016459
0.4016562
0.401665
0.40167117
0.40167364
0.40167192
0.40166584
0.40165567
0.40164232
0.40162703
0.40161142
0.40159705
0.40158552
0.40157804
0.40157554
0.40157852
0.40158692
0.4016002
0.40161735
0.4016367
0.40165633
0.40167448
0.4016895
0.40170044
0.40170702
0.4017093
0.40170795
0.40170395
0.40169847
0.4016926
0.40168718
0.40168276
0.40167943
0.40167698
0.40167484
0.40167218
0.40166798
0.40166152
0.40165234
0.4016406
0.4016268
0.4016118
0.40159696
0.4015832
0.40157133
0.40156174
0.40155435
0.40154883
0.40154484
0.40154225
0.40154096
0.40154058
0.4015409
0.40154156
0.4015426
0.40154415
0.4015466
0.40155038
0.40155575
0.401563
0.40157214
0.40158257
0.40159345
0.4016035
0.40161133
0.40161604
0.4016168
0.40161347
0.40160626
0.40159586
0.40158308
0.40156886
0.40155387
0.40153897
0.40152463
0.4015114
0.40149993
0.4014905
0.4014836
0.4014794
0.4014777
0.40147814
0.40148035
0.40148368
0.4014876
0.4014917
0.40149578
0.4014998
0.40150386
0.4015081
0.4015126
0.40151733
0.4015221
0.40152648
0.4015298
0.40153137
0.40153044
0.4015266
0.4015198
0.40151063
0.40149966
0.4014878
0.401476
0.40146482
0.40145478
0.4014465
0.40144005
0.4014361
0.401435
0.40143713
0.4014427
0.4014518
0.401464
0.40147865
0.40149492
0.4015117
0.40152767
0.40154183
0.401553
0.40156066
0.40156478
0.40156573
0.4015644
0.4015615
0.40155804
0.4015548
0.40155223
0.40155086
0.4015509
0.40155208
0.4015541
0.401556
0.40155703
0.4015567
0.40155488
0.40155193
0.40154853
0.4015454
0.40154323
0.40154257
0.40154386
0.40154737
0.40155318
0.4015611
0.40157032
0.40157992
0.40158847
0.40159485
0.4015981
0.40159765
0.40159348
0.40158606
0.4015763
0.40156534
0.4015542
0.40154412
0.4015362
0.4015313
0.4015302
0.401533
0.40153953
0.40154913
0.40156096
0.401574
0.40158692
0.401599
0.4016099
0.40161964
0.4016287
0.40163743
0.40164614
0.40165505
0.4016639
0.4016723
0.40167925
0.40168408
0.40168595
0.40168422
0.40167895
0.40167025
0.40165916
0.40164655
0.4016335
0.40162095
0.40160975
0.40160048
0.4015936
0.40158948
0.40158835
0.40158993
0.40159371
0.40159896
0.40160468
0.40161
0.40161452
0.4016178
0.4016194
0.401619
0.4016168
0.4016132
0.40160882
0.4016044
0.4016005
0.40159765
0.4015961
0.40159595
0.4015975
0.40160075
0.40160564
0.40161192
0.40161893
0.40162572
0.40163103
0.40163392
0.4016338
0.40163052
0.40162456
0.40161663
0.4016076
0.4015982
0.401589
0.4015804
0.4015726
0.40156558
0.40155932
0.40155405
0.40154994
0.40154713
0.40154573
0.40154588
0.4015474
0.4015503
0.40155435
0.40155932
0.40156457
0.4015697
0.40157428
0.40157798
0.40158078
0.4015824
0.4015829
0.4015823
0.4015806
0.40157822
0.40157554
0.40157333
0.40157205
0.40157247
0.4015747
0.40157917
0.40158594
0.4015951
0.40160662
0.40162006
0.4016347
0.4016493
0.4016624
0.40167284
0.4016797
0.40168256
0.4016816
0.4016774
0.4016709
0.40166286
0.40165377
0.4016439
0.40163314
0.40162137
0.4016086
0.40159518
0.40158176
0.40156907
0.40155774
0.4015484
0.4015415
0.40153706
0.40153491
0.40153456
0.40153578
0.4015379
0.40154046
0.40154284
0.4015447
0.40154603
0.40154678
0.40154713
0.40154728
0.40154764
0.40154898
0.4015519
0.4015571
0.4015647
0.40157467
0.4015863
0.40159857
0.40161037
0.40162012
0.40162706
0.40163052
0.40163103
0.40162906
0.4016258
0.40162218
0.40161923
0.40161738
0.40161687
0.4016175
0.40161878
0.4016199
0.4016202
0.40161917
0.40161672
0.4016131
0.4016088
0.40160444
0.4016005
0.40159768
0.40159643
0.40159705
0.4015998
0.40160456
0.40161115
0.401619
0.40162745
0.40163586
0.40164343
0.40164933
0.40165293
0.4016541
0.4016528
0.40164948
0.4016447
0.40163898
0.40163267
0.4016259
0.4016185
0.40160984
0.4015993
0.40158632
0.40157086
0.40155303
0.4015335
0.40151295
0.40149218
0.40147206
0.4014533
0.4014365
0.40142208
0.4014104
0.40140158
0.4013957
0.40139267
0.40139267
0.40139562
0.40140158
0.40141046
0.4014223
0.40143695
0.40145415
0.4014736
0.40149453
0.4015161
0.40153763
0.4015584
0.40157783
0.40159553
0.40161097
0.40162382
0.40163416
0.4016421
0.40164796
0.4016522
0.40165487
0.4016564
0.40165684
0.40165645
0.40165552
0.40165418
0.4016523
0.40164965
0.40164572
0.40163985
0.40163153
0.40162063
0.40160728
0.4015922
0.4015764
0.4015611
0.40154755
0.40153688
0.40152988
0.4015268
0.40152755
0.4015313
0.40153694
0.40154323
0.40154892
0.40155303
0.4015554
0.40155625
0.40155625
0.40155625
0.40155736
0.40156046
0.40156648
0.40157625
0.4015904
0.4016093
0.40163302
0.40166152
0.40169466
0.40173253
0.40177587
0.40182656
0.40188795
0.40196556
0.4020675
0.4022053
0.40239504
0.40266114
0.4030332
0.40355352
0.40428036
0.40529197
0.4066946
0.40862992
0.41131803
0.4149829
0.41993323
0.42664135
0.4357512
0.44787446
