0.4425864
0.4320835
0.42420238
0.4182653
0.4138291
0.41054955
0.40814272
0.4063688
0.40506744
0.4041202
0.40343115
0.40293297
0.40257555
0.40232188
0.40214393
0.40202054
0.40193564
0.40187672
0.40183443
0.40180176
0.40177372
0.40174714
0.4017198
0.40169096
0.40166053
0.40162903
0.40159732
0.40156633
0.40153688
0.4015096
0.40148494
0.40146318
0.40144458
0.40142927
0.40141705
0.40140775
0.4014011
0.40139708
0.4013956
0.40139666
0.4014005
0.40140718
0.40141657
0.4014283
0.4014418
0.4014565
0.40147153
0.40148634
0.4015004
0.40151355
0.401526
0.40153834
0.4015513
0.40156582
0.40158254
0.40160185
0.4016238
0.4016481
0.4016739
0.4017001
0.40172535
0.40174848
0.40176845
0.40178448
0.40179607
0.40180278
0.40180412
0.40179995
0.4017903
0.40177542
0.40175605
0.40173328
0.4017084
0.40168285
0.40165848
0.40163696
0.40161997
0.4016088
0.4016043
0.4016068
0.40161625
0.40163186
0.4016525
0.40167654
0.40170223
0.4017276
0.40175068
0.40176997
0.40178424
0.4017925
0.4017943
0.4017895
0.4017781
0.4017609
0.4017387
0.40171292
0.4016851
0.4016569
0.40163004
0.40160605
0.401586
0.40157086
0.40156087
0.40155607
0.4015561
0.40156004
0.40156716
0.40157673
0.40158844
0.4016024
0.40161896
0.40163848
0.40166107
0.40168616
0.40171307
0.40174028
0.40176606
0.40178883
0.40180728
0.40182027
0.4018272
0.40182778
0.40182236
0.4018117
0.40179685
0.40177923
0.4017605
0.40174192
0.40172493
0.4017105
0.40169975
0.4016931
0.40169066
0.40169176
0.40169534
0.40169984
0.40170357
0.40170503
0.40170333
0.40169805
0.40168956
0.40167883
0.4016673
0.40165657
0.40164855
0.4016448
0.40164635
0.4016536
0.4016663
0.4016839
0.40170524
0.4017292
0.40175432
0.40177923
0.4018026
0.4018234
0.40184098
0.40185514
0.4018658
0.4018732
0.40187764
0.40187946
0.40187877
0.40187553
0.40186945
0.40186015
0.40184748
0.40183133
0.40181214
0.40179068
0.40176785
0.40174457
0.4017216
0.40169984
0.40167987
0.40166253
0.4016482
0.4016371
0.4016291
0.40162337
0.401619
0.4016152
0.40161115
0.40160674
0.40160224
0.40159822
0.40159526
0.40159383
0.401594
0.40159556
0.4015981
0.40160078
0.4016029
0.4016038
0.40160295
0.40159962
0.40159345
0.40158442
0.40157282
0.40155935
0.401545
0.40153086
0.40151832
0.4015086
0.401503
0.40150237
0.401507
0.40151677
0.4015308
0.40154797
0.40156665
0.4015854
0.40160254
0.4016173
0.40162918
0.40163845
0.40164563
0.40165165
0.40165737
0.4016632
0.40166917
0.40167493
0.40168014
0.40168476
0.4016887
0.40169218
0.40169516
0.40169743
0.40169877
0.40169862
0.4016967
0.40169328
0.40168884
0.40168428
0.40168065
0.40167883
0.40167904
0.4016812
0.40168482
0.40168872
0.40169203
0.401694
0.40169445
0.4016937
0.4016924
0.40169132
0.4016911
0.40169182
0.4016934
0.40169525
0.40169668
0.40169704
0.4016959
0.4016932
0.4016891
0.40168405
0.40167853
0.40167296
0.40166724
0.40166092
0.4016534
0.401644
0.40163237
0.40161875
0.40160367
0.40158826
0.40157348
0.40156066
0.4015508
0.40154448
0.4015421
0.40154344
0.4015481
0.40155524
0.40156427
0.40157434
0.40158525
0.40159684
0.40160945
0.40162295
0.40163717
0.4016513
0.40166417
0.40167457
0.40168145
0.40168393
0.4016817
0.40167516
0.40166527
0.40165305
0.40163988
0.40162677
0.40161481
0.40160447
0.40159613
0.40158996
0.40158606
0.40158433
0.40158442
0.40158576
0.4015874
0.40158826
0.401587
0.40158272
0.40157467
0.4015628
0.4015477
0.40153047
0.40151274
0.40149602
0.40148154
0.40147027
0.4014626
0.40145856
0.40145797
0.40146035
0.40146542
0.4014731
0.40148342
0.4014964
0.4015119
0.4015296
0.40154883
0.40156874
0.40158787
0.40160498
0.40161848
0.40162727
0.4016307
0.40162873
0.4016219
0.40161133
0.40159842
0.4015848
0.40157178
0.4015606
0.4015519
0.40154603
0.40154266
0.4015415
0.40154183
0.4015431
0.40154505
0.4015478
0.40155163
0.4015572
0.401565
0.40157503
0.40158752
0.40160188
0.40161738
0.40163276
0.40164667
0.4016577
0.40166482
0.40166768
0.4016661
0.4016608
0.4016528
0.40164334
0.40163392
0.40162575
0.40161967
0.4016162
0.40161514
0.40161628
0.40161863
0.40162113
0.40162277
0.40162268
0.40162063
0.40161687
0.40161175
0.40160623
0.40160108
0.40159678
0.4015938
0.40159217
0.40159166
0.40159208
0.40159318
0.40159494
0.40159705
0.40159905
0.4016002
0.40159974
0.40159717
0.40159193
0.401584
0.4015736
0.40156087
0.40154648
0.40153092
0.401515
0.40149954
0.40148523
0.40147272
0.4014624
0.40145454
0.40144905
0.4014459
0.40144473
0.4014454
0.4014477
0.40145186
0.40145797
0.40146625
0.40147677
0.40148944
0.40150428
0.401521
0.40153927
0.40155855
0.40157813
0.40159717
0.40161473
0.40163004
0.40164283
0.401653
0.40166047
0.4016656
0.40166822
0.4016681
0.4016648
0.40165797
0.40164796
0.40163538
0.40162137
0.40160704
0.40159348
0.40158162
0.40157214
0.40156543
0.40156153
0.40156057
0.40156212
0.40156603
0.40157172
0.4015788
0.40158698
0.40159613
0.40160626
0.40161738
0.40162948
0.40164238
0.40165552
0.40166816
0.401679
0.40168682
0.40169063
0.40168968
0.40168363
0.4016727
0.40165764
0.40163967
0.4016202
0.40160063
0.40158197
0.40156513
0.40155044
0.40153807
0.4015279
0.40151966
0.401513
0.40150765
0.40150368
0.40150145
0.4015015
0.40150434
0.40151006
0.4015185
0.4015291
0.40154088
0.40155265
0.40156335
0.40157154
0.40157658
0.40157828
0.40157697
0.4015736
0.40156943
0.4015659
0.4015642
0.40156516
0.4015692
0.40157613
0.4015856
0.4015967
0.40160817
0.40161884
0.40162772
0.401634
0.40163758
0.40163866
0.40163773
0.40163523
0.40163183
0.40162808
0.40162438
0.40162107
0.40161857
0.4016171
0.40161666
0.40161714
0.40161833
0.4016199
0.40162185
0.40162435
0.40162772
0.40163222
0.40163797
0.40164468
0.40165177
0.4016589
0.4016656
0.4016716
0.40167645
0.40167987
0.40168172
0.40168208
0.40168124
0.4016796
0.40167767
0.4016758
0.40167403
0.40167248
0.40167058
0.40166783
0.40166357
0.40165716
0.40164852
0.4016378
0.4016256
0.40161264
0.4015999
0.40158838
0.40157887
0.40157214
0.40156886
0.40156916
0.40157297
0.4015801
0.4015898
0.40160152
0.4016142
0.40162674
0.40163788
0.4016465
0.40165162
0.40165263
0.4016496
0.40164274
0.40163308
0.40162188
0.40161046
0.40159997
0.4015913
0.40158483
0.40158075
0.40157887
0.40157887
0.40158007
0.40158165
0.40158236
0.4015814
0.4015781
0.4015722
0.401564
0.4015543
0.4015442
0.401535
0.40152776
0.40152338
0.4015226
0.40152583
0.4015331
0.40154415
0.4015581
0.4015739
0.40159026
0.40160546
0.4016185
0.40162855
0.40163523
0.40163875
0.40163964
0.40163872
0.4016368
0.40163472
0.40163305
0.40163243
0.4016334
0.40163648
0.40164182
0.40164936
0.40165895
0.40166995
0.4016818
0.4016937
0.4017049
0.40171513
0.40172434
0.40173277
0.4017407
0.40174848
0.40175632
0.4017641
0.40177163
0.4017786
0.40178427
0.40178782
0.4017886
0.40178582
0.40177906
0.401768
0.4017526
0.40173334
0.40171096
0.40168682
0.40166247
0.40163988
0.4016209
0.4016073
0.4016004
0.40160093
0.401609
0.4016241
0.4016453
0.40167084
0.40169898
0.40172732
0.401754
0.40177706
0.4017951
0.40180698
0.40181214
0.40181053
0.4018026
0.4017892
0.4017716
0.4017512
0.4017296
0.40170854
0.40168944
0.40167347
0.40166137
0.40165317
0.4016486
0.401647
0.40164712
0.40164828
0.40164992
0.40165177
0.4016542
0.40165782
0.4016632
0.40167084
0.40168074
0.40169215
0.401704
0.401715
0.40172398
0.40172985
0.4017322
0.40173122
0.40172747
0.4017217
0.40171477
0.4017074
0.40170008
0.40169302
0.40168646
0.40168062
0.40167597
0.40167305
0.40167227
0.40167397
0.40167776
0.40168267
0.4016877
0.40169132
0.4016925
0.40169045
0.40168542
0.40167788
0.40166894
0.4016599
0.40165192
0.4016459
0.4016422
0.40164095
0.40164188
0.4016447
0.40164933
0.4016558
0.40166405
0.40167364
0.4016839
0.4016935
0.40170094
0.40170506
0.40170506
0.40170076
0.40169245
0.40168086
0.4016668
0.40165108
0.4016342
0.4016164
0.40159792
0.401579
0.4015603
0.40154243
0.4015259
0.40151122
0.40149847
0.40148777
0.40147907
0.40147233
0.4014677
0.4014651
0.4014644
0.40146556
0.40146852
0.40147308
0.401479
0.401486
0.40149358
0.4015012
0.4015083
0.40151447
0.40151963
0.4015238
0.40152708
0.40152955
0.40153107
0.40153188
0.40153185
0.40153098
0.40152928
0.40152705
0.40152472
0.4015232
0.40152314
0.4015251
0.4015292
0.4015355
0.40154383
0.40155375
0.40156466
0.40157598
0.40158683
0.40159616
0.40160304
0.40160695
0.40160766
0.4016056
0.4016015
0.40159622
0.401591
0.4015866
0.40158382
0.40158328
0.40158516
0.40158936
0.40159565
0.40160313
0.40161082
0.40161762
0.40162244
0.4016249
0.40162465
0.40162182
0.40161672
0.40160978
0.40160167
0.4015931
0.40158486
0.40157795
0.40157288
0.40157044
0.40157077
0.40157402
0.40158018
0.40158895
0.40159988
0.40161234
0.4016253
0.40163773
0.40164828
0.40165627
0.40166125
0.4016633
0.40166298
0.40166107
0.4016583
0.40165547
0.40165293
0.40165076
0.4016486
0.40164614
0.40164304
0.40163943
0.40163577
0.40163308
0.40163252
0.40163493
0.40164134
0.40165222
0.40166765
0.4016872
0.40170988
0.40173414
0.40175825
0.40178064
0.40179986
0.40181494
0.40182498
0.40182972
0.4018292
0.40182367
0.40181372
0.40180036
0.40178484
0.4017685
0.401753
0.40173995
0.40173042
0.40172493
0.4017233
0.40172464
0.40172726
0.40172946
0.40172976
0.40172708
0.40172088
0.40171126
0.40169907
0.40168515
0.40167055
0.4016563
0.40164292
0.40163067
0.4016196
0.40160954
0.40160015
0.4015916
0.40158394
0.40157747
0.4015729
0.40157086
0.40157154
0.40157512
0.40158114
0.40158892
0.40159744
0.4016057
0.40161303
0.4016193
0.4016247
0.40163025
0.40163675
0.40164518
0.40165633
0.4016704
0.40168706
0.40170553
0.40172458
0.40174282
0.4017591
0.40177214
0.40178096
0.40178508
0.40178412
0.4017785
0.40176854
0.4017553
0.40174004
0.40172425
0.4017096
0.40169734
0.4016883
0.4016828
0.40168047
0.4016809
0.4016836
0.4016883
0.40169513
0.401704
0.40171495
0.40172753
0.4017411
0.40175456
0.40176675
0.40177637
0.4017824
0.4017839
0.40178025
0.40177116
0.401757
0.40173823
0.40171573
0.4016907
0.40166456
0.4016388
0.4016149
0.40159398
0.40157717
0.40156496
0.40155762
0.40155488
0.4015564
0.40156126
0.4015689
0.40157863
0.4015905
0.40160465
0.40162128
0.40164077
0.4016633
0.401689
0.4017181
0.40175137
0.40179065
0.40183944
0.40190348
0.4019914
0.40211535
0.4022923
0.40254766
0.402911
0.40342483
0.40414706
0.4051561
0.40655845
0.40849608
0.41118994
0.41486356
0.41982594
0.4265499
0.435678
0.44782093
