0.44254145
0.43202767
0.42414087
0.4182034
0.4137718
0.41050127
0.40810665
0.40634724
0.4050623
0.40413272
0.40346265
0.40298402
0.40264592
0.40240994
0.40224686
0.40213507
0.4020584
0.40200514
0.4019665
0.40193647
0.40191048
0.40188575
0.4018606
0.4018342
0.4018064
0.40177768
0.4017488
0.40172076
0.4016943
0.40166995
0.4016482
0.40162903
0.40161285
0.4015997
0.40158954
0.4015823
0.4015775
0.40157494
0.4015739
0.40157372
0.40157342
0.40157214
0.4015695
0.40156522
0.4015593
0.40155205
0.40154442
0.4015373
0.4015318
0.401529
0.40152988
0.401535
0.40154448
0.40155795
0.4015747
0.40159357
0.40161303
0.40163147
0.40164706
0.40165827
0.401664
0.40166375
0.40165776
0.40164682
0.40163225
0.4016157
0.40159896
0.40158328
0.40156975
0.40155917
0.40155172
0.40154737
0.40154558
0.40154558
0.4015465
0.4015471
0.4015464
0.40154362
0.40153876
0.4015323
0.40152505
0.40151823
0.40151316
0.40151063
0.40151146
0.40151602
0.40152422
0.40153584
0.40155026
0.401567
0.4015855
0.40160543
0.40162674
0.40164918
0.4016725
0.40169618
0.40171918
0.40174007
0.4017574
0.40176982
0.40177622
0.401776
0.40176895
0.4017553
0.40173596
0.40171212
0.4016855
0.40165773
0.40163046
0.40160516
0.40158308
0.40156516
0.40155214
0.40154445
0.40154243
0.4015461
0.40155515
0.4015692
0.4015874
0.4016086
0.40163156
0.40165478
0.40167698
0.40169698
0.40171424
0.40172845
0.40173984
0.40174848
0.40175435
0.40175718
0.40175644
0.40175176
0.40174294
0.40173048
0.40171513
0.401698
0.4016802
0.401663
0.4016471
0.40163302
0.40162075
0.40161005
0.40160093
0.40159342
0.40158758
0.4015838
0.40158206
0.4015823
0.40158436
0.4015883
0.40159383
0.401601
0.40160936
0.40161863
0.401628
0.4016366
0.4016436
0.40164855
0.4016515
0.40165296
0.40165383
0.4016548
0.40165648
0.40165886
0.40166172
0.4016644
0.4016662
0.4016664
0.4016648
0.4016615
0.4016573
0.40165344
0.40165097
0.40165082
0.40165368
0.4016598
0.40166876
0.4016797
0.4016913
0.40170208
0.40171066
0.40171605
0.40171754
0.40171477
0.401708
0.401698
0.4016856
0.40167207
0.40165862
0.40164614
0.4016351
0.40162605
0.40161872
0.40161318
0.40160903
0.40160576
0.40160286
0.4016001
0.40159714
0.40159413
0.4015909
0.4015876
0.40158424
0.40158114
0.40157855
0.40157685
0.40157646
0.4015776
0.40158033
0.40158445
0.40158966
0.40159553
0.401602
0.40160912
0.401617
0.40162542
0.4016342
0.40164274
0.4016505
0.4016568
0.4016615
0.40166435
0.40166575
0.4016662
0.40166655
0.40166765
0.40167022
0.40167424
0.40167925
0.4016844
0.40168846
0.4016903
0.4016892
0.40168476
0.4016769
0.4016662
0.4016534
0.40163982
0.4016267
0.40161538
0.40160695
0.40160245
0.40160227
0.40160653
0.40161476
0.40162617
0.40163967
0.40165418
0.4016688
0.4016833
0.40169773
0.40171254
0.40172818
0.40174508
0.4017635
0.4017834
0.40180486
0.40182763
0.4018513
0.40187523
0.40189895
0.40192217
0.4019448
0.40196666
0.40198833
0.40201014
0.40203327
0.402059
0.40208942
0.40212753
0.40217736
0.40224478
0.40233794
0.40246817
0.40265128
0.4029098
0.4032748
0.4037865
0.40450236
0.4055002
0.40688622
0.40880224
0.4114682
0.41511086
0.42003903
0.42672405
0.4358136
0.44791856
