0.44253138
0.4320164
0.42413077
0.41819686
0.41377124
0.41050893
0.40812373
0.40637434
0.40509874
0.40417594
0.40350842
0.40302697
0.4026802
0.40242976
0.40224802
0.40211517
0.4020174
0.40194532
0.4018926
0.401855
0.40182978
0.40181458
0.40180734
0.4018059
0.40180802
0.40181145
0.40181434
0.4018152
0.40181312
0.4018076
0.40179908
0.40178823
0.4017764
0.40176484
0.4017551
0.40174806
0.40174416
0.40174302
0.4017439
0.40174568
0.40174732
0.40174848
0.40174916
0.40175012
0.4017528
0.40175933
0.40177256
0.40179625
0.40183505
0.40189487
0.4019839
0.40211314
0.40229812
0.4025628
0.40293598
0.40345967
0.40419146
0.40520936
0.40661913
0.40856206
0.4112583
0.41493106
0.41988918
0.4266058
0.4357236
0.44785458
