0.44265574
0.43217403
0.4243109
0.4183885
0.41396296
0.41068968
0.40828374
0.40650612
0.40519705
0.40423912
0.40353668
0.4030219
0.40264404
0.40236524
0.40215746
0.40200052
0.40187988
0.40178567
0.40171108
0.40165153
0.4016039
0.4015659
0.40153593
0.4015127
0.40149528
0.40148297
0.40147513
0.4014713
0.40147108
0.40147403
0.40147993
0.40148848
0.4014994
0.40151256
0.40152782
0.40154514
0.40156466
0.4015862
0.4016097
0.40163437
0.40165937
0.4016837
0.4017063
0.4017262
0.40174228
0.40175343
0.40175885
0.40175804
0.40175113
0.40173867
0.4017216
0.40170118
0.40167874
0.4016552
0.4016318
0.40160963
0.4015896
0.4015726
0.40155932
0.40155044
0.40154627
0.40154707
0.4015531
0.40156445
0.4015811
0.4016028
0.4016289
0.40165836
0.40168953
0.40172073
0.40175012
0.40177578
0.40179634
0.40181053
0.40181765
0.4018174
0.40181005
0.40179628
0.40177715
0.40175423
0.40172926
0.4017042
0.40168107
0.40166137
0.40164584
0.40163493
0.40162832
0.40162516
0.40162438
0.40162483
0.40162548
0.40162578
0.40162563
0.4016253
0.401625
0.4016252
0.40162638
0.40162924
0.4016339
0.40164036
0.40164763
0.4016547
0.40166008
0.40166256
0.40166143
0.40165678
0.40164918
0.40163997
0.40163076
0.4016232
0.40161854
0.4016179
0.4016217
0.40163013
0.40164286
0.40165922
0.40167835
0.40169877
0.40171897
0.4017372
0.401752
0.40176216
0.40176708
0.40176713
0.4017629
0.40175557
0.4017466
0.40173736
0.40172884
0.40172157
0.40171564
0.40171093
0.40170753
0.40170506
0.40170327
0.4017018
0.40170047
0.4016994
0.40169907
0.40169987
0.40170226
0.40170646
0.40171245
0.40172032
0.40172943
0.40173903
0.40174782
0.40175453
0.40175796
0.40175712
0.40175176
0.4017418
0.40172789
0.40171096
0.4016923
0.40167373
0.40165693
0.40164322
0.40163362
0.40162876
0.40162903
0.40163434
0.4016442
0.4016579
0.40167424
0.40169188
0.40170965
0.40172657
0.40174243
0.4017573
0.4017719
0.40178737
0.40180463
0.4018243
0.40184644
0.40187067
0.40189624
0.40192226
0.40194798
0.40197295
0.40199688
0.40202004
0.40204298
0.40206683
0.40209302
0.40212378
0.4021622
0.4022124
0.40228027
0.40237367
0.40250385
0.40268633
0.40294382
0.40330794
0.40381885
0.4045342
0.40553188
0.4069178
0.40883392
0.41149956
0.41514134
0.42006767
0.42674962
0.43583483
0.44793442
