0.44261217
0.43211833
0.42424634
0.41831887
0.413893
0.41062492
0.4082301
0.4064695
0.40518287
0.40425113
0.40357792
0.40309453
0.40274927
0.40250334
0.4023279
0.4022014
0.4021082
0.40203685
0.40197936
0.40193012
0.40188572
0.40184405
0.40180418
0.4017664
0.40173107
0.4016994
0.40167218
0.40164998
0.40163282
0.40162036
0.40161148
0.40160483
0.40159887
0.40159228
0.40158454
0.40157542
0.4015655
0.4015553
0.40154532
0.4015361
0.40152782
0.40152067
0.40151462
0.40150955
0.4015052
0.4015015
0.40149826
0.4014953
0.40149292
0.40149125
0.40149075
0.40149185
0.4014947
0.40149966
0.4015064
0.4015147
0.40152416
0.40153414
0.40154403
0.40155324
0.4015608
0.40156594
0.40156797
0.40156674
0.40156248
0.40155602
0.40154845
0.40154105
0.40153491
0.40153092
0.4015296
0.40153113
0.40153518
0.40154096
0.40154782
0.4015546
0.40156084
0.40156573
0.40156904
0.40157104
0.40157223
0.40157336
0.40157503
0.40157765
0.40158135
0.40158606
0.4015913
0.40159637
0.40160063
0.40160313
0.4016032
0.40160015
0.40159374
0.40158424
0.4015725
0.40155923
0.40154567
0.40153274
0.40152135
0.4015125
0.40150687
0.40150493
0.40150702
0.40151325
0.40152356
0.40153757
0.4015546
0.40157384
0.40159383
0.40161297
0.40162927
0.4016411
0.40164715
0.40164676
0.40164018
0.4016282
0.4016124
0.4015945
0.40157616
0.40155897
0.40154412
0.40153244
0.40152466
0.40152115
0.4015221
0.40152764
0.40153754
0.40155107
0.40156737
0.40158513
0.40160263
0.40161812
0.40163016
0.40163776
0.40164068
0.4016395
0.40163538
0.40163013
0.40162548
0.401623
0.4016241
0.40162927
0.4016385
0.40165132
0.40166664
0.40168327
0.4016997
0.401715
0.40172884
0.4017413
0.401753
0.4017648
0.40177727
0.40179056
0.40180448
0.40181828
0.401831
0.40184173
0.4018499
0.40185487
0.40185636
0.40185437
0.4018493
0.40184173
0.4018326
0.40182295
0.40181372
0.40180537
0.40179816
0.4017914
0.40178436
0.40177613
0.40176606
0.40175393
0.40173978
0.40172422
0.40170845
0.40169385
0.40168193
0.401674
0.40167108
0.40167335
0.4016804
0.4016913
0.40170464
0.4017189
0.4017327
0.40174466
0.40175405
0.40176007
0.40176275
0.40176216
0.40175858
0.4017523
0.40174308
0.401731
0.4017159
0.40169802
0.4016779
0.4016563
0.4016341
0.40161207
0.4015911
0.40157148
0.4015534
0.4015367
0.40152135
0.4015077
0.40149605
0.40148664
0.40147975
0.40147555
0.4014741
0.4014757
0.40148035
0.40148804
0.4014983
0.40151024
0.40152296
0.40153527
0.40154618
0.40155515
0.401562
0.40156707
0.40157068
0.4015735
0.401576
0.40157852
0.40158102
0.40158364
0.40158635
0.40158904
0.40159187
0.40159476
0.40159744
0.4015992
0.40159914
0.4015964
0.40159023
0.4015806
0.40156785
0.4015531
0.40153745
0.4015224
0.40150902
0.40149853
0.4014916
0.40148914
0.40149146
0.40149906
0.40151203
0.4015302
0.40155327
0.40158048
0.4016111
0.4016442
0.40167895
0.40171424
0.40174899
0.40178218
0.40181285
0.4018403
0.4018638
0.401883
0.40189743
0.40190688
0.4019113
0.40191066
0.40190545
0.40189618
0.40188402
0.4018705
0.4018575
0.40184754
0.40184382
0.40185034
0.4018722
0.40191582
0.40198955
0.40210462
0.40227646
0.40252843
0.4028895
0.40340078
0.40411997
0.40512538
0.40652344
0.4084563
0.41114548
0.41481578
0.41977713
0.426503
0.4356372
0.44778988
