0.44253877
0.43202326
0.4241338
0.41819248
0.41375566
0.4104783
0.40807557
0.40630668
0.40500998
0.40406594
0.40337706
0.4028745
0.4025069
0.40223685
0.40203702
0.40188786
0.40177572
0.40169078
0.4016261
0.40157703
0.40153986
0.40151235
0.40149257
0.4014792
0.40147153
0.40146908
0.40147138
0.4014781
0.40148914
0.40150404
0.40152255
0.4015442
0.40156883
0.4015959
0.40162525
0.40165636
0.4016884
0.40172026
0.40175045
0.40177765
0.40180066
0.40181866
0.40183124
0.401838
0.40183902
0.4018343
0.4018241
0.40180883
0.40178937
0.4017667
0.40174225
0.40171754
0.40169412
0.40167305
0.40165505
0.40164015
0.40162814
0.40161854
0.401611
0.40160516
0.4016009
0.40159833
0.40159732
0.40159777
0.4015991
0.4016007
0.40160167
0.40160125
0.40159896
0.4015946
0.40158856
0.40158138
0.40157342
0.40156528
0.40155703
0.40154883
0.4015411
0.4015343
0.4015292
0.40152645
0.40152678
0.40153068
0.4015383
0.40154958
0.4015638
0.40158007
0.40159717
0.40161344
0.4016273
0.40163702
0.4016415
0.40163985
0.4016324
0.40162003
0.40160424
0.40158686
0.40156975
0.40155464
0.40154287
0.40153515
0.40153152
0.40153155
0.40153438
0.40153882
0.40154362
0.4015474
0.4015491
0.40154797
0.40154377
0.40153703
0.40152854
0.40151954
0.4015114
0.40150553
0.4015029
0.40150407
0.4015092
0.40151823
0.40153074
0.401546
0.4015631
0.4015809
0.40159792
0.40161273
0.40162396
0.40163046
0.40163174
0.40162778
0.40161937
0.4016079
0.4015948
0.40158173
0.4015701
0.40156138
0.40155652
0.4015563
0.40156105
0.40157062
0.4015846
0.4016022
0.40162218
0.40164274
0.40166214
0.4016785
0.40169013
0.40169603
0.4016954
0.40168792
0.4016737
0.40165344
0.40162805
0.40159896
0.40156797
0.40153688
0.40150762
0.4014816
0.40146008
0.40144363
0.40143254
0.4014269
0.40142643
0.4014307
0.40143916
0.4014512
0.40146628
0.4014839
0.40150374
0.40152553
0.4015493
0.4015747
0.40160134
0.40162846
0.4016552
0.40168035
0.40170288
0.40172222
0.401738
0.40175042
0.40176
0.40176743
0.40177345
0.4017788
0.40178367
0.40178815
0.4017918
0.40179428
0.40179527
0.40179476
0.4017931
0.40179056
0.40178758
0.40178403
0.40177962
0.40177375
0.40176612
0.40175635
0.40174463
0.40173134
0.40171725
0.40170345
0.4016908
0.4016803
0.40167263
0.40166798
0.40166646
0.40166813
0.40167266
0.40167993
0.40168992
0.40170237
0.40171683
0.40173241
0.4017478
0.40176147
0.40177187
0.40177765
0.40177765
0.40177134
0.4017586
0.40173995
0.40171614
0.40168846
0.40165836
0.4016274
0.40159714
0.40156904
0.40154386
0.4015224
0.40150508
0.40149218
0.40148357
0.40147892
0.40147766
0.40147907
0.40148237
0.401487
0.40149245
0.4014984
0.4015045
0.40151045
0.40151557
0.4015192
0.4015208
0.40152013
0.40151742
0.40151316
0.40150827
0.40150326
0.40149888
0.40149555
0.4014938
0.4014944
0.40149817
0.40150574
0.40151742
0.40153337
0.40155354
0.40157762
0.401605
0.40163526
0.40166745
0.4017005
0.40173313
0.4017642
0.4017926
0.40181765
0.4018386
0.40185514
0.40186706
0.4018744
0.40187734
0.40187636
0.40187198
0.4018649
0.4018558
0.4018454
0.40183455
0.40182424
0.40181527
0.40180856
0.40180472
0.40180385
0.4018057
0.40180942
0.40181386
0.4018181
0.40182137
0.40182304
0.40182307
0.40182132
0.40181813
0.4018136
0.4018076
0.4018001
0.4017909
0.4017797
0.40176663
0.40175188
0.40173602
0.40171972
0.40170377
0.40168858
0.4016744
0.40166092
0.40164796
0.40163508
0.4016221
0.4016085
0.4015945
0.40158057
0.4015677
0.40155733
0.4015507
0.40154907
0.40155315
0.40156332
0.40157953
0.40160125
0.40162727
0.40165597
0.40168524
0.40171283
0.40173662
0.40175486
0.40176633
0.40177038
0.401767
0.40175664
0.40174034
0.4017192
0.40169474
0.40166867
0.40164277
0.40161884
0.40159833
0.4015823
0.40157145
0.401566
0.40156585
0.40157065
0.40158015
0.401594
0.40161166
0.40163267
0.4016565
0.40168253
0.40171006
0.40173852
0.40176666
0.40179327
0.401817
0.40183657
0.401851
0.4018593
0.401861
0.40185577
0.40184373
0.4018253
0.40180156
0.40177366
0.40174326
0.40171185
0.40168133
0.4016529
0.40162754
0.40160564
0.40158707
0.40157127
0.40155736
0.40154412
0.40153062
0.40151635
0.40150136
0.40148625
0.40147182
0.401459
0.4014485
0.40144074
0.40143597
0.40143424
0.40143538
0.40143916
0.40144548
0.40145418
0.4014654
0.40147913
0.4014957
0.4015152
0.40153763
0.40156275
0.40158984
0.40161818
0.40164667
0.40167442
0.40170074
0.4017252
0.4017476
0.40176812
0.40178677
0.4018035
0.40181774
0.40182897
0.4018367
0.40184057
0.4018403
0.401836
0.40182808
0.40181705
0.40180343
0.40178773
0.40177
0.4017502
0.4017281
0.40170377
0.40167776
0.40165076
0.40162387
0.40159824
0.40157485
0.4015546
0.40153816
0.40152568
0.4015173
0.40151265
0.40151158
0.4015138
0.40151906
0.40152705
0.40153742
0.40154973
0.40156344
0.40157777
0.40159193
0.40160468
0.4016146
0.40162048
0.4016214
0.4016173
0.40160877
0.40159672
0.4015829
0.40156907
0.4015568
0.40154764
0.4015427
0.40154243
0.40154687
0.40155548
0.40156743
0.4015817
0.40159672
0.40161088
0.40162274
0.40163127
0.4016357
0.4016361
0.40163276
0.4016264
0.401618
0.40160832
0.40159804
0.40158743
0.40157673
0.40156624
0.40155628
0.4015477
0.40154123
0.4015376
0.4015374
0.4015408
0.40154764
0.40155762
0.4015698
0.4015832
0.4015964
0.401608
0.40161687
0.4016225
0.4016247
0.40162387
0.40162036
0.40161476
0.40160748
0.40159893
0.4015893
0.40157902
0.40156862
0.40155867
0.40154985
0.40154275
0.40153798
0.40153584
0.40153626
0.40153894
0.4015433
0.4015485
0.40155366
0.40155777
0.40156025
0.4015607
0.40155926
0.40155646
0.40155318
0.40155035
0.40154862
0.40154907
0.40155193
0.4015576
0.40156582
0.40157637
0.40158877
0.4016028
0.401618
0.40163377
0.4016492
0.4016632
0.40167448
0.4016819
0.40168455
0.401682
0.40167424
0.40166196
0.40164575
0.4016271
0.40160722
0.4015877
0.4015695
0.40155366
0.40154052
0.4015303
0.4015227
0.40151733
0.40151381
0.4015118
0.40151128
0.4015123
0.40151492
0.40151894
0.4015241
0.40152997
0.40153608
0.401542
0.4015477
0.40155318
0.40155873
0.4015646
0.40157112
0.40157828
0.40158606
0.40159416
0.40160227
0.40160996
0.4016166
0.40162176
0.40162504
0.40162674
0.401627
0.40162656
0.40162602
0.40162617
0.40162772
0.40163097
0.40163603
0.40164292
0.40165117
0.40166023
0.40166917
0.40167713
0.40168378
0.40168908
0.4016932
0.40169662
0.4016994
0.40170163
0.40170288
0.40170288
0.40170112
0.401697
0.40169007
0.40168014
0.4016675
0.4016528
0.4016372
0.40162167
0.40160716
0.40159422
0.40158322
0.40157413
0.40156686
0.40156138
0.40155762
0.40155604
0.40155718
0.4015616
0.4015696
0.40158117
0.40159595
0.4016132
0.40163162
0.4016498
0.40166605
0.40167892
0.40168723
0.40169004
0.40168688
0.40167773
0.4016633
0.40164444
0.4016226
0.40159914
0.40157557
0.40155283
0.40153158
0.40151218
0.40149465
0.40147898
0.40146527
0.40145376
0.40144482
0.40143895
0.4014367
0.40143836
0.40144438
0.40145504
0.40147036
0.40149033
0.40151456
0.40154228
0.40157267
0.40160477
0.4016373
0.40166885
0.40169784
0.40172303
0.40174338
0.40175813
0.40176743
0.40177146
0.401771
0.40176725
0.40176153
0.4017554
0.40175012
0.40174678
0.40174574
0.40174687
0.40174934
0.40175217
0.40175438
0.40175495
0.40175337
0.40174907
0.40174198
0.40173212
0.4017197
0.4017054
0.4016902
0.40167484
0.4016604
0.40164742
0.40163615
0.40162632
0.40161738
0.4016089
0.40160093
0.4015934
0.40158644
0.40157983
0.40157333
0.4015663
0.4015585
0.40154985
0.4015403
0.4015301
0.40151936
0.4015087
0.40149856
0.40148947
0.40148214
0.40147734
0.40147573
0.40147772
0.40148368
0.40149367
0.40150753
0.4015251
0.40154582
0.40156925
0.40159464
0.40162128
0.4016486
0.40167594
0.4017024
0.40172732
0.40175
0.40177009
0.4017872
0.40180126
0.40181196
0.40181887
0.40182126
0.40181866
0.4018106
0.40179712
0.40177852
0.40175554
0.40172917
0.40170085
0.40167215
0.40164438
0.40161896
0.40159696
0.4015791
0.40156558
0.4015562
0.40155053
0.40154788
0.40154755
0.40154856
0.40155026
0.40155208
0.4015533
0.40155375
0.4015531
0.4015513
0.40154853
0.401545
0.40154073
0.40153587
0.40153036
0.4015239
0.40151656
0.4015081
0.40149894
0.40148956
0.40148053
0.40147224
0.40146524
0.40145978
0.40145603
0.401454
0.4014536
0.40145496
0.40145797
0.40146264
0.40146878
0.40147632
0.40148476
0.40149382
0.401503
0.40151212
0.4015211
0.40153015
0.40153953
0.40154928
0.40155932
0.40156925
0.40157855
0.4015868
0.401594
0.40160012
0.40160564
0.40161082
0.40161598
0.40162098
0.4016255
0.40162906
0.40163144
0.40163222
0.40163186
0.40163055
0.40162873
0.401627
0.40162554
0.40162423
0.40162286
0.40162095
0.40161824
0.40161476
0.40161088
0.40160748
0.4016054
0.40160525
0.4016074
0.40161183
0.40161806
0.40162534
0.40163267
0.40163898
0.4016436
0.40164632
0.40164745
0.40164766
0.40164787
0.4016491
0.40165204
0.401657
0.40166375
0.40167183
0.4016807
0.40169004
0.40169972
0.4017099
0.4017205
0.40173134
0.4017417
0.4017507
0.40175736
0.40176094
0.40176126
0.4017586
0.40175378
0.40174806
0.4017431
0.40174055
0.40174168
0.40174735
0.40175748
0.4017713
0.40178752
0.4018044
0.40182033
0.40183395
0.4018442
0.40185052
0.40185264
0.40185085
0.40184557
0.40183762
0.4018281
0.40181828
0.40180996
0.40180522
0.40180647
0.40181637
0.40183765
0.40187302
0.401926
0.40200084
0.40210402
0.40224522
0.40243885
0.40270793
0.40308106
0.40359983
0.4043222
0.40532684
0.4067206
0.40864623
0.4113247
0.414982
0.419927
0.42663187
0.4357416
0.4478667
