0.44257334
0.43206865
0.42418873
0.4182552
0.41382393
0.41054878
0.408144
0.4063686
0.40506163
0.40410516
0.40340382
0.40289095
0.402517
0.4022456
0.4020494
0.40190828
0.4018077
0.40173686
0.40168804
0.40165576
0.4016361
0.40162617
0.4016238
0.40162668
0.4016333
0.40164205
0.40165162
0.40166083
0.40166903
0.401676
0.401682
0.4016873
0.40169218
0.4016962
0.401699
0.4017
0.40169892
0.40169585
0.40169126
0.40168598
0.40168086
0.40167668
0.40167364
0.40167147
0.40166935
0.401666
0.40166017
0.40165073
0.40163714
0.40161917
0.4015975
0.40157315
0.40154782
0.4015233
0.40150133
0.40148333
0.40147027
0.40146253
0.40146026
0.40146327
0.4014711
0.4014832
0.40149873
0.4015167
0.4015358
0.4015546
0.4015719
0.4015862
0.40159664
0.40160215
0.4016024
0.40159753
0.40158844
0.4015765
0.40156344
0.4015512
0.40154123
0.4015347
0.40153232
0.4015344
0.40154073
0.4015507
0.4015634
0.40157765
0.4015922
0.40160605
0.40161818
0.40162754
0.40163368
0.40163642
0.40163594
0.40163282
0.4016278
0.40162176
0.40161544
0.40160972
0.40160525
0.4016024
0.40160137
0.4016024
0.40160543
0.40161055
0.4016179
0.40162715
0.4016377
0.4016487
0.40165913
0.40166798
0.40167478
0.40167904
0.40168095
0.40168113
0.40168014
0.40167868
0.40167728
0.4016764
0.40167618
0.4016764
0.4016764
0.40167546
0.40167278
0.40166816
0.40166152
0.4016535
0.4016453
0.40163815
0.4016336
0.40163282
0.4016369
0.40164608
0.40166047
0.40167955
0.40170208
0.40172657
0.40175128
0.40177435
0.4017942
0.40180975
0.40182033
0.4018257
0.4018261
0.40182218
0.40181503
0.40180573
0.40179566
0.40178585
0.40177715
0.40176997
0.4017643
0.4017596
0.4017549
0.4017491
0.40174133
0.4017308
0.40171716
0.4017003
0.4016804
0.40165818
0.40163463
0.40161088
0.40158826
0.4015678
0.40155044
0.4015368
0.40152723
0.40152168
0.40151972
0.4015208
0.40152422
0.40152913
0.40153474
0.40154052
0.4015464
0.40155244
0.40155873
0.40156507
0.40157095
0.40157565
0.4015783
0.40157837
0.40157554
0.40157
0.40156224
0.40155318
0.4015437
0.40153474
0.40152702
0.40152094
0.401517
0.40151548
0.40151644
0.40151963
0.40152454
0.40153062
0.40153685
0.40154248
0.40154678
0.40154952
0.4015506
0.4015507
0.4015507
0.40155137
0.40155327
0.40155667
0.40156147
0.40156737
0.40157372
0.40157983
0.40158492
0.40158844
0.4015904
0.40159103
0.40159076
0.4015899
0.40158862
0.40158695
0.40158474
0.40158218
0.40157956
0.4015774
0.40157595
0.40157524
0.4015754
0.40157598
0.4015769
0.4015782
0.40157986
0.40158212
0.401585
0.4015883
0.40159175
0.401595
0.4015976
0.40159887
0.4015985
0.40159637
0.4015925
0.40158713
0.4015806
0.4015732
0.40156522
0.40155703
0.40154874
0.40154052
0.40153244
0.40152466
0.4015175
0.40151155
0.40150732
0.40150526
0.40150568
0.4015086
0.40151376
0.40152064
0.40152875
0.40153745
0.4015463
0.4015549
0.40156335
0.4015712
0.40157834
0.40158427
0.4015886
0.40159115
0.4015922
0.40159228
0.40159237
0.40159366
0.40159717
0.40160337
0.40161234
0.40162328
0.40163505
0.40164605
0.40165505
0.4016608
0.4016627
0.40166062
0.40165472
0.40164554
0.40163404
0.40162122
0.40160796
0.40159512
0.40158337
0.4015733
0.40156534
0.40155974
0.40155658
0.40155557
0.40155625
0.4015579
0.40155974
0.40156138
0.40156257
0.4015634
0.40156382
0.4015641
0.4015643
0.4015644
0.40156424
0.40156344
0.4015618
0.4015592
0.40155575
0.40155205
0.4015488
0.40154663
0.40154576
0.40154627
0.401548
0.40155035
0.4015524
0.40155345
0.40155262
0.4015495
0.40154403
0.40153673
0.40152833
0.40151975
0.40151185
0.4015053
0.4015004
0.40149748
0.40149668
0.40149853
0.40150347
0.40151203
0.4015244
0.40154046
0.40155986
0.40158188
0.40160593
0.40163127
0.40165693
0.4016817
0.4017042
0.401723
0.40173727
0.4017463
0.40174973
0.4017475
0.40173972
0.4017268
0.40170956
0.40168884
0.40166616
0.401643
0.4016208
0.40160108
0.40158492
0.40157297
0.40156567
0.4015629
0.40156445
0.40156975
0.40157804
0.40158847
0.4015999
0.40161133
0.40162134
0.4016289
0.40163332
0.40163434
0.40163216
0.4016274
0.40162104
0.40161416
0.401608
0.40160382
0.40160245
0.4016045
0.40161037
0.40162003
0.40163305
0.40164876
0.4016661
0.40168366
0.4017001
0.4017142
0.40172502
0.40173203
0.4017352
0.40173492
0.4017319
0.40172696
0.40172085
0.40171427
0.40170804
0.40170258
0.40169793
0.40169367
0.40168875
0.40168226
0.40167323
0.40166122
0.40164635
0.40162936
0.40161112
0.40159297
0.40157613
0.40156168
0.40155038
0.40154245
0.40153804
0.40153685
0.40153846
0.40154243
0.40154824
0.40155548
0.4015638
0.40157297
0.40158272
0.40159285
0.40160304
0.40161282
0.40162152
0.40162846
0.4016328
0.40163404
0.40163186
0.40162644
0.4016182
0.4016076
0.4015951
0.40158102
0.40156588
0.40155008
0.4015342
0.40151876
0.40150407
0.40149024
0.40147734
0.40146562
0.4014553
0.4014465
0.4014394
0.4014341
0.40143073
0.4014295
0.40143043
0.4014337
0.4014394
0.4014477
0.4014587
0.40147263
0.40148914
0.40150777
0.40152794
0.40154874
0.40156907
0.40158775
0.40160382
0.40161622
0.40162423
0.4016276
0.40162665
0.40162227
0.40161577
0.4016086
0.40160212
0.4015975
0.4015956
0.4015969
0.40160152
0.4016093
0.40161976
0.4016324
0.40164658
0.4016616
0.40167657
0.40169054
0.4017024
0.4017111
0.40171605
0.40171668
0.40171313
0.40170583
0.40169576
0.40168405
0.4016722
0.40166137
0.4016523
0.4016456
0.4016416
0.40164065
0.4016436
0.40165222
0.40166932
0.40169936
0.40174866
0.40182585
0.40194282
0.40211603
0.40236962
0.40273312
0.40324873
0.40397447
0.40498862
0.40639752
0.40834326
0.41104665
0.4147316
0.41970763
0.4264488
0.43559647
0.4477612
