0.44267568
0.4322024
0.42434916
0.41843855
0.41402662
0.4107683
0.408377
0.40661293
0.4053158
0.40436688
0.40367043
0.4031589
0.4027822
0.40250334
0.4022953
0.40213856
0.40201935
0.40192822
0.40185854
0.4018059
0.40176725
0.40174004
0.40172213
0.4017115
0.40170586
0.40170303
0.40170076
0.40169704
0.40169036
0.40167987
0.40166518
0.4016466
0.40162483
0.40160096
0.40157628
0.40155205
0.4015292
0.40150833
0.40149006
0.4014748
0.40146273
0.40145385
0.40144798
0.4014448
0.40144354
0.40144378
0.4014448
0.401446
0.40144712
0.40144798
0.4014489
0.40145037
0.4014527
0.40145627
0.40146127
0.40146777
0.40147546
0.401484
0.40149298
0.40150192
0.40151075
0.40151954
0.40152848
0.40153763
0.4015471
0.40155688
0.4015671
0.4015775
0.40158805
0.40159845
0.401608
0.40161583
0.40162125
0.40162352
0.4016225
0.40161824
0.40161115
0.40160164
0.40159008
0.40157694
0.40156263
0.40154782
0.40153298
0.40151903
0.40150663
0.4014964
0.40148878
0.40148407
0.4014823
0.40148357
0.40148777
0.4014946
0.4015037
0.40151483
0.4015275
0.40154123
0.4015553
0.40156904
0.40158182
0.40159333
0.40160304
0.40161067
0.40161568
0.4016183
0.40161893
0.4016184
0.4016175
0.40161705
0.40161756
0.40161955
0.40162328
0.4016289
0.40163633
0.4016454
0.4016559
0.4016674
0.40167928
0.4016905
0.40170026
0.40170804
0.4017135
0.40171668
0.40171817
0.4017185
0.40171817
0.40171757
0.40171698
0.40171656
0.40171638
0.40171647
0.4017165
0.40171582
0.40171373
0.40170974
0.40170377
0.40169606
0.40168732
0.4016785
0.40167084
0.40166527
0.4016628
0.40166408
0.4016693
0.40167812
0.4016896
0.4017024
0.40171486
0.4017254
0.401733
0.40173656
0.40173578
0.4017308
0.40172234
0.4017113
0.40169883
0.40168634
0.40167484
0.4016649
0.40165672
0.4016501
0.40164444
0.4016394
0.40163478
0.40163055
0.40162683
0.40162385
0.40162176
0.40162063
0.4016202
0.40162024
0.40162018
0.40161964
0.40161818
0.4016157
0.4016122
0.40160754
0.40160158
0.40159434
0.401586
0.4015771
0.40156817
0.40156
0.4015531
0.40154782
0.4015443
0.40154257
0.4015425
0.40154406
0.40154696
0.40155104
0.40155593
0.40156138
0.40156734
0.40157372
0.40158054
0.4015876
0.40159476
0.40160182
0.4016082
0.40161353
0.40161788
0.40162125
0.40162438
0.4016278
0.40163204
0.40163743
0.40164438
0.40165317
0.401664
0.40167645
0.4016898
0.40170306
0.40171513
0.40172508
0.40173227
0.4017363
0.40173694
0.40173447
0.40172943
0.40172267
0.401715
0.4017072
0.40169957
0.4016923
0.4016854
0.40167886
0.40167284
0.40166724
0.401662
0.4016571
0.4016528
0.40164974
0.40164876
0.4016508
0.4016565
0.40166605
0.401679
0.4016943
0.40171048
0.40172595
0.40173954
0.4017501
0.4017569
0.40175974
0.40175885
0.40175474
0.40174824
0.40174022
0.40173128
0.40172195
0.4017128
0.4017042
0.40169686
0.40169138
0.40168816
0.40168747
0.40168908
0.40169284
0.40169838
0.40170524
0.40171248
0.40171888
0.40172324
0.40172452
0.40172213
0.40171596
0.40170628
0.40169376
0.40167925
0.40166348
0.4016473
0.4016318
0.40161824
0.401608
0.4016022
0.40160182
0.4016073
0.40161875
0.40163562
0.40165707
0.40168205
0.40170917
0.40173683
0.40176335
0.40178704
0.4018067
0.40182137
0.40183055
0.40183425
0.40183267
0.40182665
0.4018172
0.40180594
0.40179473
0.40178618
0.40178353
0.40179077
0.4018129
0.40185648
0.40192986
0.40204445
0.40221596
0.4024685
0.40283093
0.40334463
0.4040673
0.40507722
0.40648073
0.40842006
0.4111167
0.4147942
0.4197623
0.42649433
0.43563256
0.4477874
