0.44257018
0.43206447
0.42418358
0.41824925
0.41381708
0.410541
0.40813506
0.40635812
0.40504897
0.40408972
0.40338498
0.40286818
0.4024902
0.40221515
0.4020165
0.40187475
0.40177554
0.40170786
0.4016634
0.4016354
0.40161857
0.40160862
0.40160212
0.4015965
0.40159014
0.4015823
0.40157297
0.40156257
0.40155163
0.40154096
0.40153113
0.40152264
0.40151578
0.40151098
0.40150842
0.40150842
0.4015115
0.4015179
0.4015277
0.4015407
0.401556
0.40157235
0.4015883
0.40160212
0.40161225
0.40161768
0.40161806
0.40161374
0.40160593
0.4015961
0.40158555
0.40157565
0.40156707
0.40156037
0.40155593
0.401554
0.4015547
0.40155795
0.40156344
0.4015708
0.4015794
0.4015889
0.4015991
0.40161
0.40162134
0.40163264
0.40164334
0.4016525
0.40165928
0.40166304
0.40166387
0.40166196
0.40165827
0.40165374
0.4016493
0.40164563
0.40164316
0.40164208
0.40164217
0.4016432
0.4016442
0.40164438
0.40164253
0.4016379
0.40162995
0.40161842
0.4016039
0.40158713
0.4015693
0.40155146
0.4015351
0.40152135
0.40151128
0.40150553
0.40150434
0.40150732
0.4015138
0.4015226
0.40153268
0.40154302
0.4015531
0.40156278
0.40157238
0.4015823
0.40159315
0.401605
0.40161783
0.40163085
0.40164307
0.4016535
0.40166107
0.40166548
0.40166655
0.4016648
0.401661
0.40165636
0.40165162
0.40164727
0.4016433
0.40163925
0.40163445
0.4016279
0.401619
0.40160757
0.40159383
0.4015787
0.40156335
0.40154883
0.40153605
0.40152526
0.4015165
0.40150946
0.40150368
0.4014989
0.40149513
0.4014924
0.40149117
0.40149194
0.40149522
0.40150136
0.4015107
0.40152314
0.4015385
0.40155652
0.40157658
0.40159774
0.40161902
0.40163952
0.4016579
0.4016731
0.40168458
0.40169176
0.40169474
0.40169367
0.40168908
0.40168136
0.40167138
0.40166005
0.40164855
0.40163797
0.40162942
0.40162364
0.4016208
0.40162095
0.4016235
0.40162754
0.4016322
0.40163648
0.40163976
0.40164152
0.4016416
0.40164018
0.4016371
0.40163273
0.4016272
0.4016208
0.4016137
0.4016062
0.40159836
0.40159032
0.40158224
0.40157393
0.40156516
0.40155584
0.40154544
0.40153393
0.4015214
0.40150806
0.40149423
0.40148026
0.40146643
0.40145326
0.4014408
0.40142918
0.40141866
0.4014096
0.4014023
0.4013972
0.4013948
0.4013957
0.40139994
0.40140772
0.40141878
0.401433
0.40144995
0.4014689
0.40148896
0.40150914
0.40152848
0.4015465
0.40156284
0.40157756
0.401591
0.40160346
0.40161514
0.4016259
0.40163553
0.40164334
0.40164897
0.40165234
0.40165386
0.40165398
0.40165332
0.40165225
0.401651
0.40164948
0.4016478
0.4016459
0.401644
0.4016426
0.40164226
0.40164357
0.40164685
0.4016523
0.40165988
0.40166962
0.40168136
0.4016952
0.40171123
0.4017293
0.4017492
0.4017704
0.40179205
0.40181276
0.4018313
0.40184623
0.40185648
0.40186116
0.4018594
0.40185112
0.4018362
0.40181512
0.40178886
0.40175864
0.40172622
0.4016934
0.40166217
0.40163442
0.4016116
0.4015947
0.40158427
0.40158015
0.40158173
0.4015879
0.4015974
0.40160903
0.40162155
0.4016343
0.40164706
0.40165988
0.40167296
0.40168574
0.4016977
0.40170774
0.4017148
0.40171787
0.40171614
0.40170926
0.40169722
0.4016807
0.40166074
0.40163898
0.40161687
0.40159598
0.4015775
0.40156257
0.40155163
0.401545
0.40154257
0.40154418
0.4015492
0.40155727
0.40156803
0.40158144
0.40159762
0.4016166
0.40163836
0.40166238
0.401688
0.4017142
0.40173954
0.40176272
0.40178284
0.40179893
0.40181088
0.40181854
0.40182245
0.40182337
0.40182215
0.40181968
0.40181658
0.4018129
0.4018082
0.40180165
0.40179232
0.4017798
0.40176383
0.40174487
0.40172386
0.40170234
0.4016822
0.40166527
0.4016532
0.401647
0.401647
0.40165284
0.4016635
0.40167734
0.40169245
0.40170717
0.40172032
0.40173122
0.4017399
0.401747
0.40175357
0.4017608
0.40176946
0.40178013
0.40179294
0.40180725
0.40182218
0.40183675
0.40184975
0.4018604
0.40186802
0.40187228
0.4018731
0.40187043
0.40186435
0.40185493
0.40184233
0.40182665
0.4018082
0.40178743
0.40176487
0.40174133
0.40171784
0.4016954
0.40167466
0.40165627
0.40164053
0.40162754
0.40161717
0.40160936
0.4016042
0.401602
0.4016032
0.40160817
0.40161702
0.40163
0.4016469
0.40166757
0.40169126
0.40171698
0.4017432
0.40176845
0.40179113
0.40181035
0.40182525
0.40183547
0.40184093
0.4018417
0.40183818
0.40183073
0.4018201
0.40180647
0.40178993
0.4017704
0.4017479
0.40172288
0.4016959
0.40166828
0.40164122
0.4016163
0.40159506
0.40157878
0.40156823
0.40156382
0.40156543
0.40157232
0.40158355
0.40159792
0.40161398
0.40163055
0.4016465
0.40166137
0.401675
0.40168765
0.4016994
0.40170994
0.40171868
0.4017248
0.40172777
0.4017271
0.40172297
0.40171555
0.40170488
0.4016913
0.40167493
0.40165606
0.40163538
0.40161383
0.40159202
0.40157083
0.40155083
0.4015326
0.40151662
0.40150347
0.40149352
0.401487
0.401484
0.4014845
0.4014883
0.4014949
0.40150374
0.40151417
0.4015256
0.4015373
0.40154868
0.40155908
0.40156806
0.40157536
0.40158075
0.40158442
0.4015865
0.40158746
0.40158802
0.40158877
0.4015903
0.40159267
0.40159565
0.40159875
0.4016012
0.40160215
0.40160128
0.4015985
0.40159422
0.40158877
0.4015826
0.40157616
0.40157023
0.40156546
0.4015627
0.40156224
0.40156427
0.4015686
0.40157476
0.4015821
0.40158996
0.40159777
0.40160468
0.40161037
0.4016145
0.40161675
0.40161702
0.40161526
0.4016109
0.4016035
0.40159237
0.4015777
0.40155995
0.40154013
0.40151966
0.40149984
0.4014819
0.40146667
0.40145472
0.40144593
0.40143985
0.401436
0.40143374
0.4014325
0.40143177
0.40143126
0.4014308
0.40142998
0.4014287
0.40142652
0.40142328
0.40141907
0.40141422
0.40140924
0.4014044
0.40140033
0.40139738
0.40139604
0.4013964
0.40139887
0.4014035
0.40141046
0.40141997
0.40143174
0.40144578
0.4014618
0.40147948
0.40149826
0.40151757
0.40153712
0.40155652
0.40157524
0.4015928
0.40160862
0.40162244
0.40163416
0.40164423
0.40165332
0.40166193
0.40167078
0.40168035
0.4016908
0.40170178
0.40171272
0.4017228
0.40173104
0.4017362
0.40173727
0.40173364
0.40172502
0.40171164
0.4016943
0.40167412
0.40165254
0.40163103
0.40161076
0.40159237
0.40157613
0.401562
0.40155002
0.40154028
0.40153337
0.4015298
0.40152988
0.4015338
0.40154132
0.40155208
0.40156546
0.4015804
0.40159598
0.401611
0.40162438
0.4016356
0.40164444
0.40165117
0.40165648
0.40166086
0.40166482
0.40166876
0.40167245
0.4016756
0.401678
0.4016799
0.4016816
0.40168375
0.4016868
0.40169102
0.4016964
0.40170294
0.40171054
0.40171903
0.4017281
0.4017368
0.4017443
0.40174982
0.4017527
0.401753
0.40175104
0.4017474
0.40174258
0.40173694
0.4017307
0.40172374
0.4017162
0.4017087
0.40170154
0.4016953
0.4016905
0.40168732
0.40168595
0.40168643
0.40168858
0.4016916
0.40169463
0.4016964
0.40169594
0.40169224
0.40168497
0.40167445
0.40166107
0.4016458
0.40162942
0.4016128
0.40159658
0.40158117
0.40156677
0.40155327
0.40154046
0.40152815
0.40151602
0.40150383
0.4014915
0.40147898
0.4014666
0.40145463
0.40144348
0.4014337
0.40142584
0.4014203
0.40141743
0.40141737
0.4014201
0.40142527
0.4014326
0.40144175
0.4014524
0.40146443
0.40147808
0.4014934
0.4015106
0.40152952
0.40154985
0.40157086
0.40159157
0.40161055
0.40162647
0.40163827
0.40164545
0.40164796
0.40164635
0.4016416
0.4016349
0.4016277
0.4016211
0.40161613
0.4016132
0.40161264
0.40161434
0.40161812
0.4016237
0.40163055
0.4016384
0.4016469
0.40165552
0.40166348
0.4016696
0.40167278
0.4016722
0.40166748
0.4016586
0.40164635
0.40163162
0.4016158
0.4016002
0.40158606
0.40157446
0.401566
0.4015611
0.40155974
0.40156147
0.40156546
0.4015703
0.4015746
0.401577
0.40157625
0.4015717
0.40156323
0.40155134
0.401537
0.40152133
0.40150544
0.40149015
0.40147617
0.40146384
0.40145338
0.40144485
0.40143856
0.40143472
0.40143356
0.40143535
0.40144005
0.40144804
0.40145925
0.40147355
0.40149066
0.40151006
0.4015309
0.40155205
0.4015723
0.40159005
0.4016043
0.4016145
0.40162048
0.40162244
0.40162116
0.4016172
0.4016111
0.40160328
0.40159413
0.4015841
0.40157387
0.40156436
0.40155685
0.40155235
0.40155184
0.40155572
0.4015639
0.4015758
0.4015904
0.40160626
0.40162185
0.40163583
0.40164706
0.40165502
0.40165946
0.40166083
0.40165985
0.40165743
0.4016545
0.40165192
0.40165025
0.4016498
0.40165076
0.4016528
0.4016557
0.40165868
0.40166113
0.40166268
0.40166327
0.40166342
0.401664
0.40166616
0.40167084
0.40167868
0.4016897
0.40170333
0.4017184
0.40173346
0.40174696
0.40175778
0.40176547
0.40177014
0.40177247
0.4017737
0.40177506
0.4017778
0.40178284
0.40179038
0.4018002
0.40181136
0.4018226
0.40183243
0.40183955
0.401843
0.4018419
0.40183595
0.40182513
0.40180972
0.40179065
0.4017689
0.4017459
0.40172327
0.4017028
0.40168583
0.40167356
0.40166637
0.4016642
0.40166646
0.40167192
0.40167937
0.4016872
0.40169373
0.40169758
0.40169758
0.40169314
0.40168434
0.40167174
0.40165615
0.4016387
0.40162024
0.4016019
0.40158457
0.40156892
0.40155575
0.4015453
0.4015379
0.40153363
0.40153268
0.40153518
0.401541
0.4015502
0.40156242
0.401577
0.40159303
0.40160918
0.40162396
0.40163586
0.40164387
0.40164733
0.40164617
0.4016407
0.40163183
0.40162063
0.40160844
0.4015965
0.40158597
0.40157774
0.40157256
0.4015706
0.40157172
0.40157548
0.40158114
0.40158805
0.40159535
0.401602
0.40160707
0.40160942
0.4016086
0.4016044
0.40159747
0.4015888
0.40157968
0.4015714
0.40156507
0.4015615
0.40156102
0.40156344
0.40156823
0.40157437
0.4015808
0.4015862
0.40158963
0.40159056
0.40158865
0.4015843
0.40157837
0.4015718
0.40156588
0.40156162
0.40155998
0.40156144
0.401566
0.40157327
0.40158245
0.40159237
0.40160173
0.4016095
0.40161493
0.40161797
0.40161908
0.40161914
0.4016191
0.4016199
0.40162238
0.40162724
0.40163523
0.4016469
0.40166244
0.4016814
0.4017029
0.4017255
0.40174758
0.4017674
0.4017835
0.40179455
0.40179977
0.4017988
0.40179196
0.4017798
0.40176323
0.40174338
0.40172157
0.40169933
0.4016781
0.4016588
0.40164223
0.40162846
0.40161744
0.4016087
0.40160185
0.4015966
0.40159306
0.40159142
0.40159184
0.4015945
0.4015993
0.4016057
0.40161312
0.4016208
0.40162814
0.40163478
0.40164092
0.40164676
0.40165266
0.40165895
0.40166572
0.40167236
0.40167817
0.40168208
0.4016833
0.40168124
0.40167594
0.40166792
0.40165836
0.4016484
0.40163922
0.40163216
0.4016284
0.401629
0.40163523
0.40164798
0.4016683
0.40169695
0.40173483
0.4017833
0.4018448
0.40192354
0.40202636
0.40216377
0.40235108
0.4026124
0.4029771
0.403488
0.40420395
0.40520465
0.40659764
0.40852603
0.41121116
0.41487774
0.4198347
0.42655435
0.4356801
0.447822
