0.44253856
0.43201962
0.4241233
0.4181713
0.41372085
0.41042772
0.40800914
0.40622532
0.4049158
0.4039625
0.40326872
0.40276638
0.40240455
0.40214545
0.4019613
0.40183136
0.40174046
0.40167746
0.40163434
0.4016054
0.40158707
0.40157688
0.40157315
0.4015746
0.40158036
0.40158948
0.4016011
0.4016144
0.4016286
0.40164313
0.40165734
0.40167022
0.40168065
0.40168747
0.40168953
0.4016861
0.4016768
0.40166196
0.40164232
0.40161923
0.40159416
0.40156907
0.40154567
0.40152535
0.4015089
0.40149683
0.40148887
0.40148476
0.40148383
0.4014853
0.4014884
0.40149227
0.4014961
0.4014992
0.40150094
0.401501
0.40149942
0.40149653
0.4014928
0.4014888
0.40148503
0.40148178
0.40147913
0.40147695
0.40147528
0.40147424
0.40147394
0.40147462
0.40147647
0.40147966
0.401484
0.40148956
0.40149635
0.4015043
0.40151334
0.40152338
0.40153447
0.4015465
0.40155932
0.40157238
0.40158504
0.40159652
0.4016062
0.40161386
0.40161952
0.40162337
0.40162575
0.40162706
0.4016273
0.40162653
0.4016247
0.40162197
0.40161824
0.40161365
0.4016083
0.40160254
0.4015969
0.4015921
0.40158877
0.40158725
0.4015877
0.4015902
0.40159476
0.40160134
0.4016097
0.40161926
0.40162918
0.40163854
0.40164664
0.4016532
0.40165806
0.4016615
0.40166348
0.40166414
0.40166306
0.4016599
0.40165457
0.40164733
0.40163854
0.40162906
0.4016196
0.40161082
0.40160325
0.4015971
0.40159237
0.40158877
0.40158588
0.40158305
0.40157998
0.40157646
0.40157256
0.40156806
0.40156317
0.4015578
0.40155217
0.40154642
0.4015407
0.40153518
0.4015298
0.40152493
0.4015209
0.40151805
0.40151653
0.40151638
0.40151727
0.40151876
0.40152025
0.40152118
0.4015215
0.40152124
0.40152076
0.40152046
0.40152073
0.40152192
0.4015245
0.40152887
0.40153483
0.40154225
0.40155044
0.40155855
0.40156534
0.40156963
0.4015702
0.4015664
0.40155822
0.4015463
0.4015319
0.4015167
0.40150225
0.4014898
0.40148017
0.40147388
0.4014711
0.4014717
0.40147552
0.40148243
0.40149233
0.4015051
0.40152067
0.40153894
0.40155974
0.40158296
0.40160826
0.40163526
0.40166357
0.40169248
0.40172115
0.40174833
0.40177286
0.4017937
0.4018099
0.4018206
0.4018252
0.40182328
0.40181488
0.40180045
0.4017806
0.40175676
0.40173018
0.40170255
0.4016754
0.40164986
0.40162662
0.40160623
0.40158895
0.40157488
0.401564
0.4015563
0.4015518
0.40155038
0.4015518
0.401556
0.40156257
0.40157115
0.4015812
0.40159237
0.4016046
0.40161812
0.40163326
0.4016502
0.40166876
0.4016883
0.40170768
0.40172547
0.40174028
0.40175104
0.40175685
0.4017573
0.40175244
0.40174276
0.4017291
0.4017128
0.40169522
0.40167803
0.4016627
0.40165022
0.40164095
0.40163454
0.4016301
0.40162632
0.4016218
0.4016155
0.4016068
0.40159565
0.40158242
0.40156785
0.40155292
0.40153843
0.40152484
0.40151262
0.4015019
0.40149286
0.4014857
0.40148044
0.40147692
0.40147457
0.40147284
0.40147096
0.4014683
0.4014644
0.40145907
0.40145257
0.40144542
0.4014381
0.40143138
0.40142578
0.4014219
0.40142035
0.40142146
0.40142542
0.40143234
0.401442
0.40145418
0.4014685
0.40148413
0.40150028
0.40151584
0.40152958
0.40154046
0.40154797
0.40155178
0.40155244
0.40155053
0.40154737
0.4015444
0.40154287
0.40154383
0.40154782
0.40155488
0.4015647
0.4015766
0.40158963
0.4016025
0.40161398
0.40162277
0.40162784
0.40162873
0.40162557
0.4016188
0.4016091
0.40159705
0.40158305
0.40156743
0.40155038
0.40153238
0.4015144
0.4014975
0.40148264
0.40147096
0.40146333
0.40146023
0.40146205
0.40146863
0.4014798
0.40149513
0.40151376
0.40153483
0.40155712
0.40157896
0.40159875
0.4016149
0.4016264
0.40163282
0.40163445
0.4016324
0.40162805
0.40162313
0.4016194
0.40161818
0.4016203
0.4016261
0.40163508
0.40164623
0.4016579
0.4016685
0.40167618
0.40167975
0.4016784
0.40167186
0.4016605
0.4016453
0.40162763
0.4016092
0.40159127
0.40157533
0.40156204
0.40155208
0.40154514
0.40154096
0.40153858
0.4015373
0.40153623
0.40153518
0.40153414
0.4015337
0.40153465
0.4015373
0.4015421
0.40154883
0.40155736
0.40156737
0.40157863
0.401591
0.40160406
0.40161756
0.40163082
0.40164286
0.40165275
0.40165928
0.4016618
0.40166
0.40165398
0.4016444
0.40163237
0.4016191
0.40160578
0.40159354
0.40158316
0.40157542
0.4015709
0.40156993
0.4015725
0.40157855
0.40158772
0.40159956
0.40161327
0.40162817
0.40164348
0.4016588
0.40167356
0.4016877
0.40170106
0.40171307
0.40172288
0.4017296
0.40173244
0.4017308
0.4017246
0.4017141
0.40170002
0.40168333
0.40166545
0.40164787
0.4016317
0.40161818
0.401608
0.4016016
0.40159914
0.40160054
0.40160543
0.40161338
0.4016239
0.40163645
0.40165055
0.40166524
0.40167937
0.4016918
0.40170145
0.40170735
0.40170932
0.40170714
0.4017013
0.4016924
0.4016814
0.4016692
0.40165648
0.40164393
0.40163252
0.40162346
0.401618
0.4016178
0.40162453
0.40164015
0.40166697
0.40170798
0.40176716
0.40184978
0.4019628
0.40211633
0.40232542
0.4026108
0.40300098
0.40353686
0.40427554
0.40529495
0.4067014
0.4086371
0.41132325
0.41498524
0.41993278
0.42663857
0.43574753
0.44787115
