0.44255805
0.43205026
0.42416966
0.4182386
0.41381353
0.4105491
0.40815884
0.40640122
0.405114
0.40417692
0.4034932
0.40299478
0.40263164
0.40236723
0.40217504
0.40203598
0.40193594
0.4018644
0.40181336
0.40177643
0.40174875
0.40172672
0.40170795
0.40169072
0.4016742
0.40165782
0.40164134
0.40162456
0.40160757
0.4015906
0.4015742
0.40155923
0.4015468
0.4015377
0.40153274
0.40153262
0.4015377
0.401548
0.40156335
0.40158322
0.40160695
0.40163368
0.4016627
0.40169314
0.40172383
0.40175343
0.4017803
0.40180326
0.401821
0.40183288
0.40183836
0.40183738
0.40183008
0.40181693
0.4017989
0.40177697
0.4017524
0.40172672
0.40170106
0.40167665
0.40165418
0.40163448
0.40161827
0.4016061
0.40159842
0.40159547
0.40159717
0.40160298
0.40161195
0.40162277
0.4016337
0.40164307
0.4016495
0.40165204
0.4016502
0.40164393
0.40163404
0.40162134
0.40160716
0.40159273
0.40157923
0.40156764
0.40155873
0.40155306
0.4015509
0.40155196
0.40155566
0.40156087
0.4015664
0.40157104
0.40157354
0.40157336
0.40157026
0.40156448
0.40155628
0.4015462
0.40153468
0.4015221
0.4015091
0.40149608
0.4014837
0.40147272
0.40146387
0.40145785
0.40145513
0.40145603
0.40146062
0.4014686
0.4014794
0.4014924
0.40150666
0.40152127
0.40153524
0.40154755
0.4015576
0.40156516
0.40157086
0.4015757
0.40158117
0.40158877
0.40159962
0.40161428
0.40163264
0.4016539
0.40167654
0.4016987
0.40171844
0.40173408
0.40174416
0.4017482
0.40174624
0.4017391
0.40172783
0.4017141
0.40169942
0.40168533
0.4016725
0.40166155
0.4016525
0.40164536
0.40164018
0.40163687
0.40163478
0.40163344
0.40163174
0.40162897
0.4016247
0.4016192
0.40161267
0.40160587
0.40159926
0.40159342
0.40158847
0.40158483
0.40158224
0.4015802
0.4015781
0.40157506
0.40157068
0.40156507
0.40155858
0.40155172
0.40154532
0.40153998
0.40153626
0.4015344
0.40153447
0.40153638
0.40153986
0.4015449
0.40155146
0.40155968
0.4015695
0.4015811
0.4015943
0.4016085
0.40162286
0.40163624
0.4016476
0.4016562
0.40166196
0.40166527
0.4016671
0.40166828
0.4016699
0.40167245
0.40167603
0.4016804
0.40168467
0.4016877
0.40168837
0.40168568
0.40167892
0.40166804
0.40165317
0.40163496
0.40161443
0.40159282
0.4015716
0.40155187
0.40153465
0.40152064
0.4015101
0.4015031
0.40149906
0.40149742
0.40149724
0.4014977
0.40149784
0.4014971
0.40149528
0.40149266
0.40148956
0.4014868
0.40148526
0.4014858
0.4014892
0.4014959
0.40150613
0.40151966
0.40153605
0.40155455
0.40157452
0.40159512
0.40161577
0.4016355
0.4016536
0.4016693
0.40168253
0.40169308
0.40170103
0.4017061
0.40170786
0.40170613
0.40170082
0.40169233
0.4016812
0.40166855
0.40165502
0.4016415
0.40162846
0.40161633
0.40160516
0.40159506
0.4015856
0.4015764
0.4015666
0.4015557
0.40154362
0.40153083
0.4015181
0.4015063
0.4014962
0.40148854
0.40148342
0.40148115
0.40148163
0.40148482
0.40149048
0.4014987
0.40150946
0.40152314
0.40153986
0.40155986
0.40158302
0.4016091
0.4016373
0.40166646
0.40169492
0.40172088
0.40174234
0.4017578
0.4017662
0.40176702
0.40176028
0.40174657
0.40172702
0.401703
0.40167618
0.40164813
0.40162018
0.4015936
0.40156916
0.4015477
0.40152988
0.40151623
0.40150684
0.40150192
0.4015015
0.40150574
0.40151483
0.40152934
0.40154976
0.40157685
0.40161148
0.40165505
0.4017097
0.40177885
0.4018676
0.40198347
0.4021372
0.40234476
0.4026283
0.40301737
0.40355355
0.40429425
0.40531695
0.40672722
0.40866685
0.41135582
0.4150189
0.41996557
0.4266685
0.4357725
0.44788978
