0.4425065
0.43198037
0.42408097
0.4181302
0.41368544
0.41040215
0.4079968
0.40622884
0.40493762
0.4040041
0.40333176
0.40285227
0.4025141
0.40227893
0.40211782
0.40200937
0.40193748
0.4018901
0.401858
0.40183476
0.4018157
0.40179792
0.40177977
0.40176058
0.40174034
0.40171957
0.40169913
0.40167996
0.40166295
0.40164888
0.40163833
0.4016312
0.40162703
0.40162495
0.40162367
0.401622
0.40161902
0.40161428
0.40160766
0.40159956
0.40159056
0.40158117
0.40157178
0.40156248
0.40155303
0.40154317
0.40153295
0.4015225
0.40151218
0.40150237
0.40149367
0.4014863
0.4014807
0.40147698
0.40147516
0.4014751
0.4014763
0.4014783
0.4014804
0.40148214
0.40148306
0.40148318
0.4014826
0.40148163
0.40148067
0.40147996
0.40147948
0.4014794
0.40147948
0.40147966
0.4014799
0.40148008
0.40148026
0.40148026
0.40148032
0.40148085
0.4014825
0.40148577
0.40149143
0.40149984
0.40151104
0.40152448
0.40153942
0.4015545
0.4015683
0.40157923
0.40158644
0.40158936
0.40158844
0.40158442
0.40157863
0.40157294
0.4015689
0.40156782
0.4015704
0.401577
0.40158725
0.40160066
0.40161622
0.40163293
0.40164974
0.4016659
0.4016808
0.40169397
0.40170476
0.4017124
0.40171605
0.40171495
0.40170887
0.40169796
0.40168315
0.40166587
0.4016479
0.4016313
0.40161774
0.40160877
0.40160516
0.40160733
0.40161493
0.4016274
0.40164348
0.40166217
0.40168166
0.4017005
0.40171716
0.40173018
0.4017384
0.40174115
0.40173814
0.4017298
0.40171677
0.40170017
0.40168136
0.40166178
0.40164316
0.40162718
0.40161526
0.40160832
0.4016069
0.40161085
0.40161943
0.4016314
0.40164503
0.40165856
0.4016703
0.40167895
0.4016837
0.4016843
0.4016809
0.40167364
0.40166298
0.40164912
0.4016324
0.40161332
0.40159264
0.40157104
0.401549
0.40152708
0.40150583
0.40148577
0.40146732
0.40145096
0.40143687
0.40142548
0.4014172
0.4014126
0.40141216
0.40141627
0.40142515
0.40143898
0.4014576
0.4014806
0.40150738
0.40153697
0.40156785
0.4015984
0.40162668
0.40165076
0.40166894
0.4016802
0.4016841
0.401681
0.40167165
0.40165746
0.40164018
0.4016217
0.40160367
0.40158734
0.40157345
0.40156233
0.40155396
0.40154803
0.4015443
0.40154266
0.4015429
0.401545
0.40154848
0.4015534
0.40155968
0.40156722
0.40157568
0.4015846
0.40159342
0.40160152
0.4016087
0.40161481
0.40161988
0.40162405
0.40162727
0.40162945
0.40163013
0.40162873
0.40162498
0.40161854
0.40160966
0.40159896
0.40158704
0.40157476
0.40156308
0.40155235
0.40154296
0.40153456
0.40152678
0.4015191
0.40151125
0.40150347
0.40149635
0.40149048
0.40148658
0.40148503
0.40148628
0.40149048
0.40149784
0.40150812
0.40152097
0.4015355
0.4015507
0.40156528
0.40157777
0.40158707
0.40159243
0.40159374
0.40159142
0.4015862
0.4015793
0.40157172
0.40156442
0.40155855
0.4015548
0.4015537
0.40155548
0.40156
0.40156686
0.40157524
0.40158433
0.4015931
0.40160054
0.40160593
0.40160903
0.40161
0.40160957
0.40160865
0.40160814
0.40160844
0.40160978
0.401612
0.4016143
0.4016157
0.40161523
0.4016121
0.40160587
0.4015968
0.40158555
0.40157288
0.40156004
0.40154812
0.4015378
0.40152973
0.40152395
0.40152055
0.40151927
0.40151995
0.4015225
0.40152636
0.40153107
0.40153605
0.40154046
0.40154362
0.401545
0.40154433
0.40154165
0.40153757
0.40153247
0.40152705
0.40152165
0.4015168
0.40151253
0.40150875
0.40150553
0.40150294
0.4015009
0.4014993
0.40149796
0.40149638
0.4014941
0.40149057
0.40148553
0.40147904
0.40147164
0.40146384
0.40145642
0.40145016
0.40144572
0.40144378
0.401445
0.4014497
0.40145797
0.40146947
0.40148383
0.4015004
0.40151867
0.40153813
0.401558
0.40157768
0.4015965
0.40161404
0.40162987
0.40164334
0.40165392
0.40166125
0.40166518
0.401666
0.40166393
0.40165916
0.40165204
0.40164274
0.40163153
0.40161908
0.40160605
0.40159306
0.40158087
0.40157008
0.4015612
0.4015546
0.40155086
0.40155008
0.4015526
0.4015581
0.40156654
0.40157723
0.40158954
0.40160263
0.4016154
0.40162727
0.4016379
0.40164754
0.4016565
0.40166554
0.40167546
0.4016868
0.40170002
0.40171492
0.40173122
0.4017482
0.40176475
0.4017799
0.4017925
0.4018019
0.40180758
0.4018094
0.40180779
0.4018034
0.4017973
0.40179062
0.40178475
0.4017808
0.40177938
0.40178072
0.4017843
0.40178934
0.40179467
0.40179902
0.4018014
0.40180102
0.40179774
0.40179157
0.40178323
0.40177375
0.40176454
0.401757
0.4017525
0.40175188
0.4017555
0.4017629
0.40177324
0.4017851
0.40179694
0.40180784
0.40181684
0.40182352
0.40182757
0.40182897
0.40182757
0.40182355
0.40181705
0.40180847
0.40179837
0.4017876
0.40177715
0.4017681
0.4017612
0.4017571
0.40175572
0.40175664
0.4017592
0.40176246
0.40176564
0.40176812
0.40176937
0.40176904
0.40176678
0.40176213
0.40175462
0.40174398
0.40173003
0.40171352
0.40169537
0.401677
0.40165988
0.40164545
0.40163487
0.4016286
0.40162668
0.40162846
0.40163288
0.40163857
0.4016442
0.40164873
0.4016519
0.40165392
0.40165567
0.40165803
0.4016617
0.4016668
0.4016733
0.4016803
0.4016868
0.40169162
0.4016938
0.4016925
0.40168712
0.40167746
0.40166405
0.40164736
0.40162867
0.4016095
0.40159154
0.40157613
0.40156454
0.40155745
0.4015552
0.40155762
0.40156382
0.40157276
0.40158275
0.40159252
0.40160105
0.4016077
0.4016126
0.4016162
0.401619
0.4016214
0.40162337
0.40162453
0.40162423
0.40162167
0.40161645
0.4016085
0.40159833
0.40158665
0.40157458
0.40156302
0.40155303
0.4015456
0.4015418
0.40154225
0.40154755
0.4015577
0.4015722
0.40158996
0.40160987
0.40163
0.40164882
0.4016648
0.4016768
0.40168428
0.40168706
0.4016852
0.4016793
0.40167025
0.40165916
0.40164733
0.4016359
0.4016259
0.4016182
0.4016132
0.40161112
0.40161204
0.401616
0.401623
0.40163296
0.40164554
0.4016604
0.40167686
0.40169403
0.40171042
0.40172485
0.40173632
0.40174398
0.40174735
0.40174645
0.4017417
0.40173396
0.40172434
0.40171394
0.40170383
0.40169474
0.4016874
0.4016826
0.40168086
0.40168256
0.40168762
0.4016955
0.40170506
0.40171495
0.40172365
0.4017299
0.40173277
0.40173188
0.40172714
0.40171906
0.4017083
0.40169555
0.40168136
0.401666
0.4016495
0.40163162
0.40161246
0.40159208
0.401571
0.40155014
0.40153036
0.4015124
0.40149698
0.4014843
0.4014746
0.40146777
0.4014635
0.40146145
0.40146115
0.40146208
0.40146384
0.40146637
0.40146983
0.40147462
0.4014812
0.40149
0.4015011
0.4015143
0.4015293
0.40154555
0.40156245
0.4015794
0.40159586
0.40161103
0.401624
0.40163377
0.40163925
0.40163973
0.40163505
0.40162534
0.40161133
0.4015941
0.40157476
0.40155447
0.40153405
0.40151432
0.40149605
0.40147975
0.40146598
0.40145522
0.40144798
0.40144455
0.40144515
0.4014497
0.40145788
0.40146908
0.4014824
0.40149674
0.40151083
0.40152335
0.40153328
0.40153995
0.40154356
0.4015445
0.40154356
0.40154162
0.40153942
0.40153757
0.40153664
0.40153682
0.40153813
0.40154013
0.40154243
0.40154448
0.40154642
0.40154856
0.40155163
0.40155613
0.40156254
0.40157083
0.40158054
0.401591
0.40160125
0.4016101
0.40161705
0.40162167
0.40162423
0.4016253
0.40162617
0.40162775
0.40163073
0.4016356
0.40164214
0.40164965
0.40165707
0.40166295
0.40166613
0.40166578
0.40166137
0.40165278
0.40164068
0.40162587
0.40160945
0.4015922
0.4015748
0.40155777
0.40154183
0.40152752
0.40151533
0.40150586
0.4014993
0.40149575
0.40149498
0.40149674
0.401501
0.40150782
0.4015172
0.40152895
0.4015426
0.40155745
0.4015726
0.40158692
0.40159968
0.40161037
0.401619
0.4016259
0.40163165
0.40163708
0.40164298
0.40164974
0.4016574
0.4016654
0.40167263
0.40167826
0.40168145
0.40168163
0.40167856
0.4016727
0.40166464
0.40165564
0.40164703
0.40163985
0.40163478
0.40163222
0.4016319
0.40163296
0.40163428
0.4016345
0.40163267
0.401628
0.4016202
0.4016097
0.4015974
0.4015845
0.40157196
0.40156078
0.40155166
0.40154508
0.40154117
0.40153986
0.401541
0.4015442
0.40154907
0.4015554
0.40156317
0.40157247
0.40158308
0.40159494
0.4016073
0.40161964
0.4016313
0.40164188
0.40165114
0.4016592
0.4016661
0.40167192
0.40167657
0.4016801
0.4016826
0.40168455
0.4016867
0.40169019
0.40169573
0.401704
0.40171528
0.4017293
0.40174517
0.4017621
0.40177864
0.40179354
0.40180573
0.40181437
0.40181887
0.40181902
0.40181473
0.40180624
0.40179384
0.4017781
0.40175977
0.40173966
0.40171877
0.40169835
0.40167946
0.401663
0.40164948
0.4016391
0.40163177
0.40162718
0.4016249
0.40162405
0.4016237
0.40162256
0.40161946
0.40161362
0.4016047
0.4015928
0.4015788
0.40156388
0.4015492
0.40153584
0.4015244
0.40151504
0.40150756
0.4015016
0.40149683
0.40149283
0.40148947
0.40148684
0.4014852
0.4014847
0.40148553
0.40148774
0.40149125
0.40149596
0.40150136
0.40150705
0.4015125
0.40151727
0.40152106
0.40152407
0.40152672
0.40152964
0.40153348
0.4015385
0.4015449
0.40155295
0.40156284
0.40157464
0.40158832
0.4016032
0.40161848
0.40163282
0.40164503
0.40165395
0.40165907
0.40166023
0.4016579
0.4016531
0.40164658
0.40163928
0.40163162
0.40162405
0.40161642
0.40160877
0.40160066
0.4015922
0.40158322
0.40157387
0.401564
0.40155393
0.40154397
0.40153494
0.40152764
0.40152285
0.4015212
0.40152293
0.4015279
0.40153578
0.40154552
0.4015561
0.40156624
0.4015746
0.40158033
0.4015829
0.40158236
0.4015794
0.40157506
0.40157044
0.40156692
0.40156528
0.40156606
0.4015694
0.40157503
0.40158254
0.40159118
0.40160006
0.40160796
0.40161374
0.40161672
0.4016165
0.40161362
0.40160885
0.40160364
0.40159935
0.40159747
0.40159905
0.40160474
0.40161464
0.40162846
0.40164557
0.40166467
0.4016846
0.4017038
0.40172097
0.40173474
0.40174407
0.40174818
0.4017466
0.40173933
0.4017265
0.4017088
0.40168703
0.40166232
0.40163597
0.40160966
0.4015851
0.4015637
0.40154666
0.40153447
0.40152708
0.40152413
0.40152466
0.40152758
0.40153176
0.40153578
0.40153852
0.40153944
0.40153852
0.40153626
0.4015337
0.4015319
0.40153167
0.40153387
0.40153855
0.40154558
0.4015543
0.4015638
0.4015734
0.40158245
0.40159112
0.40159962
0.4016086
0.4016184
0.40162933
0.4016414
0.40165415
0.4016669
0.4016786
0.40168798
0.40169385
0.40169546
0.40169215
0.40168414
0.40167195
0.40165678
0.40164006
0.4016232
0.40160713
0.40159273
0.4015802
0.40156972
0.4015608
0.40155318
0.40154627
0.40153953
0.40153235
0.40152445
0.40151584
0.401507
0.40149862
0.40149158
0.40148675
0.4014851
0.4014869
0.4014924
0.40150145
0.4015135
0.4015278
0.4015432
0.4015583
0.40157187
0.40158257
0.40158972
0.40159333
0.4015941
0.40159312
0.40159178
0.40159133
0.40159282
0.40159726
0.40160525
0.40161705
0.4016327
0.4016519
0.4016738
0.40169746
0.40172154
0.40174463
0.40176526
0.401782
0.40179372
0.4017995
0.4017989
0.4017918
0.4017786
0.40175992
0.4017368
0.40171057
0.4016825
0.40165406
0.40162665
0.40160128
0.40157887
0.40156
0.40154526
0.4015352
0.40153039
0.40153095
0.40153694
0.40154815
0.40156403
0.4015839
0.40160647
0.40163043
0.40165415
0.4016767
0.40169704
0.40171477
0.40172967
0.40174162
0.40175036
0.40175536
0.4017562
0.40175277
0.4017453
0.4017343
0.40172076
0.40170604
0.4016916
0.4016788
0.40166867
0.4016618
0.40165854
0.40165886
0.4016628
0.40167022
0.40168163
0.40169746
0.40171865
0.4017467
0.40178362
0.4018327
0.40189862
0.40198895
0.4021145
0.40229115
0.40254325
0.40290084
0.40340677
0.4041202
0.40512076
0.406516
0.40844843
0.41113943
0.41481298
0.4197779
0.42650697
0.43564266
0.44779482
