0.44257554
0.43206787
0.42418104
0.4182365
0.4137909
0.4104993
0.4080786
0.4062892
0.40497097
0.4040069
0.4033013
0.40278694
0.4024135
0.40214333
0.40194848
0.40180787
0.40170616
0.40163207
0.4015776
0.40153688
0.40150598
0.40148205
0.4014635
0.40144908
0.40143806
0.40142995
0.40142438
0.40142116
0.40141985
0.40142012
0.40142158
0.4014241
0.40142772
0.40143237
0.40143815
0.40144512
0.40145317
0.40146232
0.4014724
0.40148327
0.401495
0.4015075
0.40152073
0.40153435
0.4015481
0.40156123
0.40157294
0.40158257
0.4015896
0.4015938
0.40159535
0.4015948
0.40159255
0.40158927
0.40158534
0.4015811
0.4015765
0.4015712
0.40156505
0.4015578
0.40154985
0.40154168
0.4015341
0.40152773
0.4015232
0.40152088
0.40152085
0.4015229
0.40152675
0.4015319
0.40153793
0.40154448
0.40155113
0.4015576
0.4015635
0.40156892
0.401574
0.40157887
0.401584
0.40158963
0.40159595
0.40160304
0.40161055
0.40161797
0.4016244
0.4016293
0.40163216
0.40163302
0.4016322
0.4016302
0.4016276
0.4016247
0.40162194
0.40161926
0.40161678
0.40161443
0.40161216
0.40160996
0.40160784
0.40160578
0.40160388
0.4016024
0.4016015
0.401601
0.40160045
0.40159896
0.4015954
0.4015887
0.40157795
0.40156263
0.4015433
0.40152073
0.40149626
0.40147138
0.40144736
0.4014254
0.4014067
0.40139177
0.4013809
0.4013743
0.40137175
0.401373
0.40137777
0.4013857
0.4013962
0.4014087
0.40142265
0.40143737
0.40145242
0.40146756
0.40148258
0.40149736
0.40151188
0.4015263
0.40154055
0.4015547
0.40156886
0.40158293
0.40159696
0.40161052
0.4016231
0.40163395
0.40164238
0.40164787
0.40165025
0.40164965
0.4016467
0.40164214
0.40163684
0.4016319
0.4016278
0.40162513
0.40162402
0.40162447
0.40162632
0.4016291
0.40163216
0.40163505
0.40163723
0.40163836
0.40163794
0.40163592
0.4016322
0.40162727
0.40162167
0.40161583
0.40161046
0.40160587
0.40160227
0.40159997
0.40159896
0.40159923
0.4016009
0.4016038
0.4016074
0.40161097
0.4016132
0.4016131
0.40160966
0.4016028
0.4015929
0.401581
0.40156838
0.40155643
0.40154612
0.4015383
0.40153354
0.4015319
0.40153357
0.4015385
0.40154645
0.40155727
0.4015704
0.40158528
0.40160075
0.4016155
0.4016281
0.40163743
0.40164286
0.40164414
0.40164164
0.40163618
0.40162882
0.40162063
0.4016125
0.40160516
0.4015991
0.40159482
0.4015927
0.40159312
0.40159652
0.40160295
0.4016122
0.40162393
0.40163735
0.4016518
0.40166646
0.4016809
0.40169498
0.40170887
0.40172324
0.40173867
0.40175584
0.40177482
0.40179545
0.401817
0.40183833
0.40185842
0.40187603
0.4018902
0.40190026
0.40190566
0.40190625
0.40190205
0.40189326
0.40188012
0.40186313
0.40184286
0.40181988
0.40179533
0.40177009
0.40174523
0.40172154
0.4016997
0.40167975
0.40166196
0.401646
0.40163165
0.4016188
0.40160742
0.40159777
0.4015898
0.4015836
0.40157908
0.40157607
0.4015749
0.40157607
0.40158018
0.40158755
0.40159842
0.40161252
0.4016292
0.4016476
0.40166655
0.40168506
0.40170243
0.40171856
0.40173358
0.40174788
0.40176147
0.40177414
0.40178514
0.40179387
0.40179977
0.4018026
0.4018025
0.40179995
0.4017956
0.40178996
0.4017832
0.40177515
0.40176564
0.40175477
0.4017426
0.4017297
0.40171665
0.40170395
0.40169197
0.40168062
0.40166962
0.40165854
0.401647
0.40163505
0.4016231
0.4016117
0.4016014
0.40159252
0.40158525
0.4015794
0.40157515
0.40157238
0.4015712
0.40157145
0.40157256
0.40157396
0.40157488
0.40157494
0.40157405
0.40157282
0.40157205
0.40157324
0.40157783
0.40158772
0.40160537
0.40163428
0.40167895
0.4017455
0.40184233
0.4019808
0.40217748
0.40245444
0.40284076
0.403378
0.40412343
0.4051546
0.4065766
0.40853038
0.41123608
0.41491586
0.41987947
0.42660043
0.43572056
0.4478528
