0.44255292
0.43204293
0.4241594
0.41822416
0.41379347
0.41052175
0.40812358
0.4063583
0.4050645
0.4041229
0.40343657
0.402937
0.4025731
0.40230763
0.40211323
0.40197036
0.4018651
0.40178764
0.401731
0.4016901
0.40166134
0.40164238
0.40163118
0.40162608
0.40162542
0.40162772
0.40163127
0.40163496
0.4016382
0.40164104
0.40164396
0.40164772
0.4016528
0.4016595
0.40166762
0.4016767
0.40168625
0.40169546
0.40170342
0.40170917
0.4017117
0.40171024
0.4017047
0.4016953
0.40168285
0.40166822
0.4016525
0.40163663
0.4016214
0.40160742
0.40159532
0.40158552
0.40157858
0.40157485
0.40157476
0.40157855
0.40158606
0.40159664
0.40160936
0.40162274
0.40163538
0.4016456
0.4016522
0.4016542
0.40165162
0.40164468
0.4016344
0.40162215
0.40160984
0.40159905
0.40159133
0.40158784
0.40158927
0.40159595
0.40160766
0.40162364
0.4016426
0.4016629
0.40168262
0.40169993
0.4017131
0.40172085
0.4017224
0.40171754
0.40170673
0.40169087
0.40167144
0.40165016
0.40162882
0.40160903
0.40159193
0.401578
0.4015677
0.40156087
0.40155703
0.40155566
0.4015561
0.40155804
0.4015616
0.4015666
0.4015731
0.40158087
0.40158954
0.4015987
0.4016074
0.4016148
0.40161976
0.40162158
0.40162
0.40161514
0.40160766
0.40159857
0.4015888
0.40157923
0.40157035
0.4015626
0.4015561
0.40155062
0.40154606
0.40154245
0.40153974
0.40153795
0.40153688
0.40153626
0.40153566
0.40153465
0.4015327
0.40152943
0.40152475
0.4015189
0.40151238
0.40150577
0.40149957
0.40149423
0.40149015
0.40148768
0.40148702
0.4014883
0.40149134
0.40149596
0.40150133
0.4015068
0.40151125
0.401514
0.40151426
0.4015117
0.40150604
0.40149748
0.40148667
0.40147454
0.40146202
0.40144986
0.40143862
0.4014286
0.40142012
0.40141335
0.4014084
0.4014053
0.40140396
0.4014045
0.40140688
0.40141118
0.40141746
0.40142578
0.4014361
0.40144828
0.40146172
0.40147567
0.40148908
0.40150073
0.40150973
0.40151536
0.40151775
0.4015173
0.40151474
0.401511
0.40150708
0.40150362
0.40150136
0.40150085
0.40150234
0.40150583
0.40151125
0.40151843
0.40152696
0.4015362
0.40154535
0.40155345
0.4015596
0.40156308
0.40156364
0.40156165
0.4015577
0.40155268
0.40154728
0.40154225
0.40153807
0.40153477
0.4015324
0.40153068
0.40152928
0.40152788
0.4015262
0.40152422
0.40152195
0.40151954
0.40151757
0.40151626
0.4015161
0.40151724
0.40152
0.4015246
0.40153143
0.4015407
0.40155265
0.40156758
0.4015856
0.4016065
0.40162975
0.4016541
0.4016779
0.4016991
0.40171596
0.40172696
0.40173125
0.40172842
0.40171877
0.40170318
0.40168288
0.4016593
0.40163404
0.4016083
0.40158328
0.40155992
0.4015389
0.4015209
0.4015064
0.40149564
0.40148887
0.401486
0.4014871
0.40149224
0.4015015
0.4015152
0.4015333
0.40155578
0.40158224
0.40161186
0.4016436
0.40167636
0.40170863
0.40173933
0.40176708
0.4017911
0.4018104
0.4018243
0.40183207
0.40183356
0.40182838
0.40181673
0.40179896
0.401776
0.40174875
0.40171862
0.4016871
0.4016559
0.40162635
0.40159947
0.40157562
0.40155506
0.4015378
0.401524
0.40151367
0.40150663
0.40150306
0.40150288
0.40150613
0.4015128
0.40152258
0.40153465
0.40154782
0.40156078
0.40157202
0.4015802
0.40158457
0.40158468
0.4015809
0.40157402
0.40156513
0.40155548
0.4015462
0.4015381
0.40153173
0.4015275
0.40152526
0.40152505
0.40152672
0.40153015
0.40153494
0.40154055
0.40154636
0.40155172
0.40155643
0.40156025
0.4015632
0.40156558
0.40156737
0.4015689
0.40157038
0.40157223
0.40157455
0.40157747
0.40158093
0.40158492
0.40158978
0.40159613
0.40160474
0.4016162
0.40163058
0.40164754
0.4016661
0.40168488
0.40170226
0.40171665
0.40172663
0.40173125
0.40173003
0.401723
0.40171063
0.4016937
0.4016733
0.4016509
0.4016281
0.40160626
0.40158665
0.40157017
0.40155745
0.40154883
0.40154448
0.4015442
0.4015479
0.40155515
0.40156543
0.40157795
0.40159166
0.40160543
0.4016184
0.4016297
0.40163875
0.40164524
0.40164855
0.4016483
0.4016443
0.4016365
0.40162548
0.401612
0.40159723
0.4015823
0.4015683
0.40155593
0.40154582
0.4015383
0.40153354
0.40153173
0.40153348
0.40153915
0.40154955
0.4015655
0.40158784
0.40161747
0.40165576
0.40170437
0.40176618
0.4018459
0.40195096
0.40209234
0.4022867
0.40255734
0.4029342
0.4034594
0.4041908
0.4052065
0.40661293
0.40855208
0.41124508
0.4149158
0.41987336
0.42659074
0.43571085
0.44784495
