0.44249105
0.4319619
0.4240619
0.4181129
0.41367155
0.41039222
0.40799037
0.4062245
0.4049327
0.4039955
0.4033159
0.40282598
0.40247545
0.40222743
0.40205508
0.40193832
0.4018621
0.40181485
0.40178752
0.401773
0.40176585
0.40176198
0.40175882
0.40175462
0.4017488
0.40174133
0.4017326
0.40172356
0.4017153
0.4017087
0.40170437
0.4017022
0.4017019
0.40170267
0.4017035
0.40170342
0.4017018
0.40169832
0.40169308
0.40168667
0.40167996
0.4016741
0.40167028
0.40166947
0.4016718
0.40167713
0.40168482
0.40169397
0.40170375
0.40171406
0.4017252
0.4017388
0.4017575
0.40178612
0.40183115
0.4019022
0.40201202
0.40217766
0.4024241
0.4027811
0.40329027
0.40400946
0.40501678
0.40641886
0.40835798
0.4110555
0.41473553
0.41970763
0.42644575
0.43559232
0.44775748
