0.44264212
0.43215656
0.42429042
0.41836557
0.41393763
0.4106611
0.40825057
0.40646636
0.40514854
0.40418026
0.40346682
0.4029422
0.40255803
0.40227842
0.40207726
0.40193477
0.40183628
0.40177065
0.40172905
0.40170455
0.4016913
0.40168452
0.40168023
0.40167546
0.40166816
0.40165737
0.4016429
0.4016254
0.40160576
0.40158543
0.40156567
0.4015477
0.40153262
0.4015209
0.40151304
0.4015089
0.40150824
0.40151033
0.40151432
0.40151918
0.40152374
0.40152705
0.40152842
0.40152737
0.40152407
0.40151912
0.40151304
0.4015069
0.40150115
0.40149635
0.40149269
0.4014901
0.40148833
0.40148708
0.40148598
0.4014847
0.40148306
0.40148127
0.40147942
0.40147763
0.4014759
0.40147403
0.40147194
0.40146935
0.40146628
0.401463
0.40145984
0.40145725
0.40145588
0.40145642
0.40145943
0.40146527
0.40147418
0.40148625
0.4015011
0.4015185
0.40153793
0.4015586
0.4015794
0.40159902
0.4016162
0.40162975
0.40163913
0.40164423
0.40164533
0.40164328
0.401639
0.4016335
0.4016275
0.40162155
0.40161565
0.40160963
0.40160316
0.40159604
0.40158817
0.40157983
0.40157145
0.4015637
0.40155718
0.40155244
0.4015499
0.40154973
0.40155187
0.40155593
0.40156147
0.40156803
0.40157512
0.40158227
0.40158898
0.40159458
0.4015986
0.4016003
0.40159968
0.40159672
0.4015916
0.40158466
0.4015761
0.4015664
0.40155602
0.40154538
0.40153474
0.40152434
0.40151402
0.40150362
0.4014929
0.40148145
0.40146935
0.40145677
0.40144393
0.40143156
0.40142012
0.40141028
0.4014025
0.4013975
0.4013956
0.4013972
0.40140262
0.40141207
0.4014257
0.40144342
0.4014654
0.40149137
0.40152106
0.40155405
0.40158954
0.4016266
0.40166393
0.40169993
0.40173304
0.40176177
0.40178466
0.40180066
0.401809
0.40180925
0.40180138
0.40178603
0.4017641
0.40173683
0.40170583
0.40167278
0.40163976
0.4016085
0.40158075
0.4015578
0.40154046
0.40152934
0.40152448
0.40152588
0.40153295
0.40154496
0.40156087
0.4015795
0.40159938
0.40161902
0.4016366
0.4016508
0.4016604
0.40166467
0.4016632
0.4016562
0.4016443
0.40162855
0.40161029
0.40159073
0.40157095
0.4015518
0.4015339
0.40151766
0.4015032
0.40149075
0.4014804
0.40147233
0.40146634
0.40146226
0.40145957
0.4014579
0.40145677
0.40145615
0.40145615
0.40145722
0.40145966
0.40146378
0.40146968
0.40147737
0.4014864
0.40149638
0.40150663
0.4015164
0.40152484
0.40153158
0.40153643
0.40154
0.40154302
0.40154606
0.40154976
0.40155435
0.40155968
0.40156558
0.40157172
0.4015781
0.4015848
0.40159193
0.40159974
0.40160796
0.40161622
0.40162396
0.40163037
0.4016349
0.40163717
0.40163735
0.4016358
0.40163317
0.4016301
0.40162712
0.4016244
0.40162203
0.40161982
0.4016174
0.40161476
0.4016119
0.40160912
0.4016068
0.40160513
0.40160412
0.40160355
0.40160313
0.40160272
0.40160224
0.4016021
0.40160286
0.40160534
0.40161002
0.40161732
0.401627
0.40163875
0.40165153
0.4016642
0.40167558
0.40168473
0.40169096
0.40169415
0.4016943
0.40169185
0.40168762
0.4016824
0.40167713
0.40167233
0.4016681
0.4016643
0.4016605
0.40165606
0.40165058
0.40164402
0.40163657
0.40162894
0.40162173
0.40161568
0.40161145
0.4016093
0.40160945
0.40161195
0.4016169
0.40162423
0.40163356
0.4016443
0.4016554
0.4016656
0.40167353
0.40167797
0.40167838
0.40167466
0.40166736
0.40165764
0.40164682
0.40163642
0.40162748
0.40162086
0.40161687
0.40161535
0.4016158
0.40161747
0.40161943
0.40162104
0.401622
0.40162274
0.40162408
0.40162686
0.4016321
0.40164068
0.40165305
0.401669
0.4016879
0.4017085
0.40172943
0.4017492
0.40176636
0.40177965
0.40178797
0.40179056
0.40178668
0.4017761
0.40175888
0.40173563
0.40170735
0.40167537
0.4016416
0.401608
0.4015765
0.4015485
0.40152517
0.4015069
0.4014938
0.4014857
0.4014823
0.40148315
0.40148783
0.40149572
0.4015062
0.40151823
0.40153065
0.40154213
0.4015513
0.4015571
0.40155873
0.40155593
0.401549
0.40153858
0.40152586
0.40151203
0.40149832
0.40148565
0.40147465
0.4014658
0.4014594
0.4014554
0.4014538
0.40145454
0.40145752
0.40146264
0.40146977
0.4014787
0.40148914
0.40150064
0.40151238
0.40152362
0.40153354
0.40154138
0.40154704
0.40155077
0.4015533
0.40155533
0.40155745
0.40155992
0.40156275
0.40156546
0.40156752
0.40156826
0.40156722
0.4015644
0.40156028
0.40155548
0.4015509
0.40154737
0.40154567
0.40154627
0.40154928
0.4015546
0.40156183
0.40156993
0.40157798
0.40158463
0.40158877
0.4015896
0.40158695
0.40158117
0.4015729
0.40156302
0.40155205
0.40154085
0.4015297
0.40151903
0.401509
0.4014996
0.40149093
0.40148285
0.40147555
0.40146905
0.40146333
0.4014584
0.4014544
0.4014512
0.40144908
0.40144822
0.40144885
0.4014512
0.4014554
0.40146145
0.4014692
0.40147838
0.40148863
0.4014994
0.40150982
0.40151945
0.40152788
0.40153515
0.40154165
0.4015476
0.4015533
0.40155885
0.4015641
0.40156892
0.401573
0.40157625
0.4015787
0.40158054
0.40158185
0.4015828
0.40158322
0.40158308
0.40158248
0.40158165
0.40158078
0.4015802
0.40158066
0.40158245
0.40158623
0.40159255
0.40160152
0.40161312
0.40162668
0.40164125
0.40165564
0.40166867
0.4016793
0.40168712
0.401692
0.40169457
0.4016953
0.40169522
0.40169483
0.40169412
0.40169278
0.40168986
0.40168464
0.4016764
0.40166458
0.40164933
0.40163115
0.40161073
0.4015892
0.40156803
0.40154848
0.4015316
0.40151837
0.4015092
0.4015042
0.4015032
0.40150568
0.40151072
0.4015174
0.40152472
0.4015315
0.4015368
0.40154013
0.40154147
0.40154156
0.4015412
0.40154183
0.40154412
0.40154874
0.40155593
0.40156543
0.40157658
0.40158844
0.40159968
0.40160894
0.40161532
0.40161812
0.4016174
0.4016136
0.40160763
0.4016007
0.40159377
0.40158784
0.40158355
0.40158114
0.40158045
0.40158096
0.40158185
0.4015821
0.4015806
0.40157652
0.40156934
0.4015591
0.4015464
0.401532
0.40151697
0.40150216
0.4014884
0.4014764
0.40146673
0.4014595
0.4014546
0.40145174
0.4014505
0.4014504
0.40145075
0.40145114
0.40145105
0.4014504
0.401449
0.40144727
0.40144545
0.4014438
0.40144256
0.40144175
0.4014418
0.40144318
0.4014466
0.40145257
0.40146148
0.40147346
0.40148836
0.4015057
0.40152454
0.4015439
0.4015623
0.40157837
0.40159085
0.40159893
0.40160227
0.40160108
0.40159613
0.40158838
0.401579
0.40156904
0.40155923
0.40155026
0.40154237
0.4015358
0.40153056
0.40152645
0.4015229
0.40151945
0.40151566
0.40151143
0.40150657
0.40150142
0.40149656
0.40149257
0.40149003
0.40148923
0.40149027
0.40149295
0.4014968
0.40150145
0.4015063
0.40151092
0.40151516
0.40151876
0.40152192
0.40152478
0.40152737
0.4015297
0.40153173
0.40153345
0.40153474
0.40153584
0.40153682
0.40153816
0.40154046
0.40154424
0.4015501
0.40155822
0.40156874
0.40158138
0.40159553
0.40161055
0.4016255
0.4016393
0.40165082
0.4016588
0.40166238
0.40166122
0.40165538
0.4016454
0.40163246
0.4016179
0.40160313
0.40158954
0.40157807
0.40156934
0.40156335
0.40155986
0.40155822
0.40155753
0.40155703
0.4015561
0.40155455
0.40155256
0.40155053
0.40154892
0.40154782
0.4015471
0.40154672
0.40154633
0.4015461
0.40154618
0.40154696
0.40154853
0.4015509
0.4015537
0.40155634
0.40155825
0.40155885
0.40155804
0.40155625
0.40155432
0.4015533
0.4015542
0.40155753
0.40156338
0.40157124
0.40158013
0.40158862
0.40159535
0.40159926
0.40159962
0.4015965
0.40159062
0.4015833
0.40157622
0.40157086
0.40156847
0.4015698
0.40157506
0.40158352
0.40159422
0.40160543
0.40161535
0.40162233
0.40162516
0.40162328
0.4016168
0.40160647
0.4015933
0.4015788
0.40156436
0.4015512
0.40154022
0.40153205
0.4015269
0.40152448
0.4015244
0.40152588
0.40152845
0.40153146
0.40153438
0.40153673
0.40153813
0.40153795
0.40153575
0.40153113
0.40152422
0.4015152
0.40150478
0.40149382
0.40148294
0.40147272
0.4014635
0.4014553
0.40144816
0.40144208
0.4014372
0.40143353
0.4014313
0.40143073
0.40143186
0.40143466
0.40143895
0.40144446
0.40145093
0.4014581
0.40146613
0.40147513
0.4014853
0.4014969
0.40151006
0.40152493
0.40154156
0.40155953
0.40157804
0.40159604
0.40161216
0.40162498
0.40163335
0.40163687
0.40163523
0.40162903
0.40161914
0.4016066
0.40159255
0.40157786
0.4015633
0.4015491
0.4015356
0.40152302
0.40151158
0.40150166
0.4014935
0.401487
0.40148214
0.4014787
0.40147665
0.40147582
0.40147614
0.40147766
0.40148026
0.40148407
0.40148887
0.40149465
0.40150118
0.40150818
0.40151548
0.4015227
0.40152946
0.4015352
0.40153956
0.40154228
0.40154353
0.40154353
0.40154287
0.40154192
0.40154126
0.4015414
0.40154275
0.40154576
0.4015506
0.4015574
0.4015659
0.40157574
0.4015862
0.40159658
0.40160567
0.40161258
0.40161633
0.4016162
0.4016119
0.40160343
0.40159148
0.40157717
0.401562
0.40154755
0.40153506
0.40152547
0.40151927
0.4015167
0.40151775
0.40152237
0.40153027
0.4015412
0.4015546
0.40156975
0.401586
0.4016027
0.40161914
0.40163466
0.4016484
0.4016594
0.40166724
0.40167156
0.4016724
0.4016699
0.40166408
0.40165487
0.4016426
0.4016276
0.4016109
0.4015934
0.40157598
0.4015594
0.4015444
0.40153125
0.40152013
0.40151125
0.40150443
0.40149954
0.40149614
0.40149415
0.40149322
0.40149322
0.40149388
0.4014951
0.40149698
0.4014996
0.40150326
0.4015081
0.40151408
0.40152124
0.4015295
0.40153882
0.4015492
0.40156046
0.40157205
0.4015834
0.4015935
0.40160185
0.40160817
0.40161273
0.4016161
0.4016191
0.4016224
0.40162668
0.40163246
0.40164036
0.40165082
0.4016641
0.40168032
0.40169922
0.4017203
0.40174285
0.40176618
0.40178946
0.40181148
0.40183136
0.4018484
0.40186208
0.4018721
0.4018784
0.40188083
0.40187952
0.40187424
0.40186477
0.40185097
0.40183276
0.40181044
0.40178442
0.4017555
0.40172464
0.40169317
0.4016627
0.40163487
0.40161127
0.40159318
0.40158165
0.4015769
0.40157872
0.40158623
0.40159822
0.40161303
0.401629
0.40164456
0.40165854
0.4016702
0.40167928
0.40168583
0.40169036
0.40169314
0.40169457
0.4016946
0.4016931
0.40168995
0.40168512
0.40167883
0.40167144
0.40166306
0.40165427
0.40164536
0.401637
0.40162995
0.40162522
0.40162364
0.4016254
0.4016306
0.40163878
0.4016491
0.40166074
0.40167284
0.40168455
0.40169504
0.4017036
0.4017095
0.4017123
0.40171218
0.40170974
0.40170616
0.40170294
0.40170133
0.40170226
0.40170592
0.4017119
0.40171936
0.40172747
0.4017354
0.40174282
0.40174952
0.4017556
0.40176114
0.4017661
0.40177006
0.40177265
0.40177333
0.4017722
0.40176955
0.40176585
0.40176204
0.401759
0.40175718
0.4017569
0.40175778
0.40175888
0.4017596
0.40175915
0.4017573
0.40175393
0.40174934
0.40174404
0.40173832
0.40173244
0.40172616
0.40171924
0.40171126
0.40170187
0.40169087
0.4016785
0.40166518
0.40165135
0.40163746
0.40162376
0.40161046
0.40159765
0.4015853
0.4015735
0.40156242
0.40155223
0.40154332
0.4015357
0.40152934
0.40152413
0.40152007
0.40151742
0.40151626
0.40151715
0.40151995
0.40152502
0.40153202
0.40154064
0.40155026
0.40156034
0.40157008
0.40157855
0.40158495
0.40158838
0.40158832
0.4015848
0.40157828
0.40156984
0.4015611
0.40155354
0.40154856
0.40154734
0.4015503
0.40155745
0.4015683
0.40158147
0.4015954
0.4016084
0.40161866
0.40162498
0.40162686
0.4016245
0.40161863
0.4016105
0.40160158
0.40159333
0.40158698
0.4015835
0.4015835
0.40158704
0.40159366
0.40160248
0.40161216
0.40162107
0.4016279
0.40163147
0.4016313
0.4016275
0.40162066
0.40161192
0.40160236
0.401593
0.40158468
0.40157795
0.40157264
0.40156862
0.40156543
0.4015623
0.40155864
0.4015541
0.4015485
0.40154225
0.40153596
0.4015302
0.40152556
0.40152228
0.40152058
0.40152058
0.40152222
0.4015256
0.40153092
0.40153855
0.4015488
0.4015619
0.4015778
0.40159664
0.40161806
0.40164164
0.4016664
0.40169102
0.40171406
0.40173393
0.40174958
0.40176037
0.40176633
0.40176785
0.40176606
0.40176207
0.40175718
0.4017524
0.40174815
0.40174425
0.40173995
0.4017343
0.40172645
0.40171555
0.40170118
0.4016833
0.4016623
0.40163913
0.40161508
0.4015913
0.4015691
0.4015495
0.4015333
0.401521
0.40151265
0.40150833
0.40150777
0.40151048
0.4015163
0.40152466
0.40153515
0.40154725
0.40156034
0.40157402
0.40158775
0.4016009
0.40161252
0.40162212
0.40162933
0.4016342
0.4016371
0.4016387
0.40163916
0.40163866
0.4016366
0.40163237
0.40162554
0.401616
0.4016042
0.40159085
0.40157673
0.40156317
0.40155098
0.401541
0.40153357
0.4015287
0.4015261
0.40152526
0.40152553
0.40152615
0.40152648
0.4015262
0.40152535
0.40152407
0.4015227
0.40152183
0.4015221
0.40152407
0.4015281
0.40153414
0.40154213
0.40155184
0.40156284
0.4015746
0.4015868
0.4015993
0.4016122
0.40162635
0.40164262
0.40166178
0.40168414
0.4017095
0.4017371
0.40176573
0.4017938
0.40181974
0.40184224
0.40186033
0.40187305
0.40188
0.40188077
0.40187535
0.40186417
0.40184778
0.401827
0.40180314
0.40177736
0.4017512
0.4017259
0.40170282
0.40168267
0.40166554
0.4016511
0.4016387
0.40162748
0.40161708
0.40160763
0.40159974
0.40159434
0.4015928
0.40159613
0.401605
0.40161958
0.40163967
0.40166417
0.40169173
0.40172064
0.40174934
0.40177655
0.4018014
0.4018233
0.40184203
0.40185717
0.4018686
0.40187618
0.40187976
0.40187943
0.40187514
0.40186688
0.40185478
0.40183884
0.40181938
0.40179652
0.40177092
0.40174314
0.40171427
0.40168545
0.40165794
0.40163276
0.40161088
0.40159312
0.40157992
0.4015715
0.40156785
0.4015687
0.40157315
0.4015804
0.40158913
0.40159792
0.4016056
0.4016113
0.40161437
0.40161484
0.40161306
0.40160975
0.40160564
0.4016014
0.40159747
0.40159434
0.40159193
0.4015905
0.4015895
0.40158856
0.40158716
0.4015851
0.40158197
0.40157753
0.4015716
0.4015641
0.40155524
0.40154544
0.40153578
0.40152732
0.40152115
0.40151823
0.40151945
0.40152502
0.40153491
0.40154856
0.4015653
0.4015841
0.40160415
0.40162492
0.40164608
0.40166757
0.401689
0.40170985
0.40172943
0.40174678
0.4017609
0.40177083
0.40177596
0.40177596
0.40177074
0.40176082
0.40174675
0.40172943
0.40170997
0.40168938
0.4016688
0.40164945
0.4016327
0.4016199
0.40161204
0.40160987
0.40161353
0.40162298
0.40163743
0.40165576
0.40167665
0.40169832
0.40171903
0.4017371
0.401751
0.4017599
0.40176335
0.40176147
0.40175495
0.40174463
0.4017317
0.40171707
0.4017012
0.40168455
0.40166706
0.4016488
0.4016296
0.4016097
0.40158936
0.40156907
0.40154916
0.4015303
0.40151295
0.40149784
0.40148515
0.40147513
0.40146786
0.40146342
0.40146154
0.40146202
0.40146437
0.40146837
0.40147376
0.40148044
0.40148818
0.4014968
0.40150568
0.40151465
0.40152356
0.40153244
0.40154147
0.40155044
0.40155908
0.40156677
0.40157264
0.40157613
0.40157697
0.40157545
0.4015722
0.40156788
0.40156305
0.40155822
0.40155357
0.40154934
0.40154573
0.4015431
0.40154168
0.40154156
0.40154254
0.4015442
0.40154582
0.40154678
0.4015466
0.40154535
0.40154323
0.4015408
0.40153852
0.40153703
0.4015367
0.4015379
0.4015407
0.40154508
0.40155083
0.40155745
0.4015644
0.40157118
0.40157768
0.40158388
0.40159008
0.40159646
0.4016028
0.40160877
0.40161365
0.40161672
0.40161747
0.401616
0.40161288
0.40160903
0.4016056
0.4016037
0.40160415
0.40160713
0.40161243
0.401619
0.40162575
0.40163103
0.40163368
0.401633
0.40162873
0.40162152
0.40161225
0.40160218
0.4015925
0.40158454
0.40157914
0.4015771
0.40157863
0.4015841
0.4015933
0.40160573
0.40162036
0.40163577
0.40165022
0.40166196
0.40166956
0.40167218
0.40166953
0.40166196
0.40165025
0.4016358
0.4016199
0.4016039
0.4015888
0.40157542
0.40156394
0.40155455
0.4015475
0.40154275
0.40154073
0.40154153
0.40154514
0.40155146
0.4015601
0.40157026
0.40158087
0.4015909
0.4015992
0.401605
0.4016082
0.4016092
0.4016085
0.4016069
0.40160477
0.40160224
0.40159902
0.4015945
0.40158796
0.40157866
0.4015665
0.4015517
0.40153524
0.4015185
0.40150282
0.4014893
0.4014789
0.40147236
0.40147007
0.40147224
0.40147874
0.4014893
0.4015036
0.40152124
0.4015416
0.40156394
0.40158722
0.40161023
0.40163165
0.40165022
0.40166482
0.40167508
0.40168062
0.40168187
0.40167958
0.4016747
0.40166843
0.4016617
0.40165538
0.40164998
0.40164587
0.40164325
0.4016422
0.40164274
0.40164447
0.401647
0.4016498
0.40165257
0.40165532
0.4016584
0.40166262
0.40166873
0.40167746
0.401689
0.40170294
0.40171817
0.4017334
0.40174702
0.40175754
0.401764
0.40176556
0.40176186
0.40175295
0.40173894
0.40172023
0.4016977
0.4016722
0.4016454
0.40161884
0.40159407
0.40157256
0.40155524
0.4015427
0.40153533
0.40153304
0.40153554
0.40154216
0.40155217
0.4015647
0.40157914
0.40159467
0.4016105
0.40162572
0.4016395
0.40165105
0.40165973
0.40166494
0.40166622
0.40166372
0.40165767
0.40164864
0.40163743
0.4016247
0.40161133
0.40159792
0.40158492
0.4015727
0.40156165
0.4015519
0.40154362
0.4015368
0.4015314
0.40152746
0.40152508
0.4015245
0.40152603
0.4015297
0.40153563
0.40154362
0.40155345
0.4015645
0.40157607
0.4015874
0.40159777
0.40160638
0.401613
0.40161762
0.40162057
0.40162227
0.40162304
0.4016229
0.40162188
0.4016198
0.4016162
0.40161097
0.40160426
0.40159678
0.40158918
0.4015823
0.40157706
0.4015741
0.40157375
0.40157598
0.40158042
0.4015862
0.40159246
0.40159783
0.4016013
0.40160215
0.40160012
0.40159556
0.40158936
0.40158287
0.40157706
0.401573
0.40157118
0.40157166
0.40157413
0.4015781
0.40158263
0.40158683
0.40158963
0.4015906
0.4015893
0.4015863
0.40158224
0.40157837
0.40157604
0.40157676
0.40158206
0.40159348
0.40161312
0.4016437
0.40168917
0.40175536
0.4018506
0.40198663
0.40218037
0.4024546
0.40283892
0.403375
0.40412003
0.40515122
0.40657347
0.4085275
0.41123334
0.41491345
0.41987717
0.42659834
0.43571877
0.44785145
