0.4425442
0.43202952
0.4241397
0.4181968
0.41375738
0.41047597
0.40806782
0.40629175
0.4049861
0.40403226
0.40333375
0.40282288
0.4024498
0.40217763
0.4019795
0.4018355
0.40173116
0.40165594
0.40160218
0.40156427
0.40153813
0.40152076
0.40150997
0.40150407
0.40150207
0.40150315
0.40150693
0.40151322
0.4015216
0.40153164
0.40154257
0.40155354
0.4015634
0.40157133
0.40157673
0.40157956
0.40158027
0.4015796
0.40157863
0.40157855
0.40158
0.4015837
0.40158984
0.40159824
0.40160868
0.40162045
0.40163302
0.40164524
0.40165585
0.40166366
0.4016674
0.40166652
0.40166098
0.40165102
0.40163746
0.4016215
0.40160474
0.40158865
0.40157482
0.40156448
0.40155852
0.40155745
0.40156123
0.40156943
0.40158135
0.40159598
0.40161186
0.40162763
0.40164188
0.40165326
0.40166074
0.4016639
0.40166232
0.4016561
0.4016456
0.40163156
0.40161476
0.40159628
0.4015773
0.40155903
0.40154287
0.40152988
0.401521
0.4015167
0.40151724
0.4015226
0.40153253
0.4015466
0.4015642
0.40158442
0.401606
0.4016274
0.40164676
0.40166253
0.4016735
0.40167877
0.4016779
0.4016708
0.40165794
0.40163985
0.40161765
0.40159282
0.40156695
0.4015416
0.40151808
0.4014977
0.40148124
0.40146932
0.40146217
0.4014597
0.40146154
0.40146726
0.40147644
0.40148857
0.40150315
0.40151954
0.40153715
0.40155536
0.40157375
0.40159222
0.40161085
0.40162948
0.40164766
0.40166467
0.4016796
0.40169156
0.4017
0.4017048
0.40170622
0.4017048
0.40170118
0.4016961
0.40168953
0.40168145
0.4016715
0.4016593
0.40164486
0.40162843
0.40161067
0.40159234
0.4015744
0.40155756
0.40154243
0.40152922
0.40151802
0.4015086
0.40150082
0.40149438
0.4014891
0.40148482
0.40148163
0.40147975
0.4014794
0.4014808
0.40148428
0.40149033
0.40149915
0.40151098
0.40152574
0.40154314
0.4015628
0.40158424
0.4016068
0.40163
0.40165335
0.40167645
0.40169898
0.40172055
0.40174037
0.4017576
0.4017713
0.40178075
0.40178525
0.40178466
0.40177888
0.40176812
0.40175286
0.40173373
0.40171152
0.40168726
0.40166202
0.40163696
0.40161303
0.4015909
0.40157092
0.40155306
0.4015372
0.40152323
0.40151122
0.40150133
0.40149415
0.4014899
0.40148896
0.40149117
0.40149587
0.40150228
0.4015091
0.401515
0.40151894
0.40152025
0.4015187
0.40151483
0.40150902
0.40150192
0.4014941
0.40148598
0.40147808
0.40147096
0.40146494
0.40146014
0.40145645
0.4014537
0.4014516
0.40144995
0.401449
0.4014489
0.40144995
0.4014522
0.40145582
0.4014605
0.40146607
0.40147206
0.40147838
0.40148488
0.40149182
0.40149936
0.4015079
0.4015174
0.4015279
0.40153927
0.4015512
0.4015636
0.4015761
0.40158877
0.4016017
0.40161496
0.40162832
0.40164107
0.40165263
0.40166235
0.4016699
0.4016753
0.4016788
0.40168074
0.4016814
0.40168065
0.4016782
0.40167338
0.40166578
0.40165555
0.4016433
0.40162992
0.40161705
0.4016062
0.4015987
0.4015955
0.40159672
0.40160194
0.40161002
0.40161934
0.40162805
0.40163445
0.4016375
0.40163648
0.40163162
0.4016236
0.40161338
0.40160245
0.4015921
0.40158358
0.40157753
0.40157416
0.40157327
0.4015741
0.4015758
0.40157732
0.40157795
0.40157712
0.40157494
0.40157193
0.4015687
0.40156624
0.40156496
0.40156513
0.40156645
0.4015683
0.40156972
0.4015698
0.40156803
0.40156427
0.4015589
0.40155292
0.4015472
0.40154248
0.4015391
0.40153706
0.40153587
0.40153477
0.40153295
0.40152982
0.4015252
0.40151933
0.40151274
0.40150607
0.40150005
0.40149528
0.40149227
0.40149114
0.40149197
0.40149435
0.40149796
0.40150228
0.401507
0.4015123
0.40151834
0.40152574
0.40153465
0.40154523
0.40155745
0.40157098
0.40158516
0.40159893
0.40161106
0.40162024
0.4016256
0.40162668
0.40162325
0.40161583
0.4016054
0.40159306
0.40158018
0.4015678
0.40155682
0.40154773
0.40154076
0.40153578
0.40153247
0.4015304
0.401529
0.40152782
0.4015262
0.4015239
0.40152073
0.40151665
0.40151167
0.40150568
0.40149862
0.40149057
0.40148178
0.40147257
0.40146318
0.40145397
0.40144515
0.4014367
0.40142858
0.40142086
0.40141353
0.40140697
0.40140158
0.40139765
0.40139532
0.40139467
0.40139568
0.4013981
0.40140158
0.40140584
0.4014104
0.4014149
0.40141892
0.40142217
0.4014245
0.40142602
0.4014269
0.40142763
0.40142852
0.40142962
0.40143093
0.40143242
0.40143412
0.40143582
0.40143764
0.40143985
0.40144303
0.40144786
0.40145516
0.40146556
0.40147975
0.40149796
0.40152004
0.40154558
0.40157372
0.40160346
0.40163362
0.4016629
0.4016901
0.401714
0.4017332
0.4017467
0.40175346
0.40175328
0.40174606
0.40173224
0.40171266
0.40168852
0.40166137
0.40163267
0.40160397
0.40157628
0.40155017
0.40152594
0.40150404
0.4014847
0.4014683
0.40145507
0.4014451
0.40143833
0.40143472
0.40143442
0.40143746
0.40144387
0.40145358
0.40146658
0.40148243
0.4015007
0.40152085
0.40154213
0.401564
0.40158585
0.4016067
0.40162557
0.40164134
0.40165314
0.40166053
0.40166363
0.40166304
0.40165955
0.4016545
0.4016495
0.40164575
0.40164453
0.40164635
0.40165144
0.40165982
0.40167147
0.4016861
0.40170318
0.40172184
0.40174058
0.40175778
0.40177184
0.4017815
0.40178585
0.4017844
0.4017771
0.40176454
0.40174773
0.40172806
0.4017072
0.40168658
0.4016676
0.40165102
0.40163726
0.4016265
0.40161914
0.40161544
0.40161577
0.4016203
0.4016289
0.4016412
0.40165615
0.40167263
0.401689
0.4017036
0.40171474
0.4017216
0.40172365
0.40172118
0.40171495
0.40170616
0.40169635
0.40168655
0.40167746
0.40166947
0.40166238
0.40165552
0.40164828
0.40163943
0.40162838
0.40161481
0.40159896
0.4015815
0.40156332
0.40154532
0.40152824
0.40151274
0.40149915
0.40148777
0.40147898
0.40147305
0.40147027
0.4014706
0.40147427
0.401481
0.40149078
0.4015033
0.40151846
0.40153587
0.4015554
0.4015766
0.40159923
0.40162247
0.40164554
0.40166724
0.40168664
0.40170327
0.40171692
0.4017279
0.4017368
0.4017443
0.40175077
0.40175632
0.40176067
0.40176317
0.40176323
0.40176022
0.40175378
0.40174413
0.40173164
0.40171748
0.40170303
0.40168977
0.40167904
0.40167183
0.40166885
0.4016701
0.4016752
0.40168315
0.4016927
0.40170234
0.4017107
0.40171656
0.40171924
0.4017184
0.40171415
0.4017069
0.4016972
0.40168557
0.40167263
0.4016587
0.4016443
0.40162995
0.40161628
0.40160424
0.4015944
0.40158713
0.4015824
0.40157992
0.401579
0.40157908
0.40157917
0.4015789
0.40157792
0.40157613
0.40157357
0.40157035
0.40156674
0.40156302
0.40155983
0.4015578
0.40155745
0.40155926
0.40156317
0.40156898
0.40157604
0.40158334
0.40158957
0.40159374
0.40159497
0.40159294
0.40158793
0.4015809
0.40157297
0.4015655
0.40155935
0.40155515
0.4015531
0.40155295
0.40155426
0.40155667
0.40156
0.40156406
0.4015687
0.40157342
0.40157774
0.4015808
0.40158194
0.40158072
0.40157732
0.4015723
0.4015665
0.40156108
0.4015573
0.40155622
0.40155864
0.40156513
0.40157554
0.40158936
0.40160587
0.40162376
0.4016417
0.40165854
0.40167287
0.40168396
0.40169114
0.4016944
0.40169418
0.40169138
0.40168706
0.40168226
0.40167773
0.40167382
0.40167013
0.401666
0.40166032
0.40165222
0.40164095
0.40162635
0.4016085
0.40158817
0.4015664
0.4015444
0.40152338
0.40150464
0.40148887
0.40147683
0.4014687
0.40146455
0.40146402
0.40146643
0.4014712
0.40147752
0.40148482
0.4014926
0.40150023
0.40150753
0.40151426
0.40152055
0.40152663
0.401533
0.4015399
0.40154758
0.4015561
0.40156546
0.4015757
0.40158677
0.40159884
0.40161222
0.40162712
0.4016435
0.40166083
0.4016782
0.40169433
0.40170807
0.40171844
0.40172482
0.40172705
0.40172538
0.4017206
0.401714
0.4017073
0.40170223
0.40170026
0.40170217
0.40170804
0.40171736
0.40172902
0.40174142
0.401753
0.40176234
0.40176862
0.40177143
0.40177134
0.40176916
0.40176615
0.4017637
0.40176287
0.40176427
0.40176803
0.40177375
0.4017805
0.40178686
0.40179166
0.40179372
0.4017922
0.40178668
0.4017772
0.40176427
0.40174863
0.4017313
0.40171334
0.40169564
0.401679
0.40166366
0.40164962
0.4016367
0.4016247
0.4016136
0.40160322
0.40159357
0.40158468
0.40157667
0.40156966
0.40156385
0.40155932
0.40155634
0.40155515
0.4015557
0.40155786
0.40156135
0.40156573
0.40157077
0.40157613
0.40158182
0.40158784
0.40159422
0.40160123
0.40160885
0.40161723
0.40162626
0.40163565
0.401645
0.40165386
0.40166184
0.40166906
0.4016757
0.40168202
0.40168813
0.40169397
0.40169877
0.40170163
0.40170148
0.40169728
0.40168867
0.40167567
0.40165895
0.40163958
0.401619
0.40159884
0.40158048
0.40156516
0.40155384
0.40154704
0.40154508
0.40154782
0.40155506
0.40156618
0.40158063
0.40159765
0.4016162
0.40163463
0.4016514
0.401665
0.40167433
0.40167898
0.40167883
0.40167448
0.40166673
0.40165657
0.40164477
0.40163222
0.4016196
0.40160728
0.40159583
0.40158555
0.4015767
0.40156937
0.4015635
0.401559
0.40155533
0.40155202
0.40154848
0.401544
0.40153793
0.40153006
0.40152055
0.40150988
0.40149894
0.4014885
0.40147936
0.40147203
0.40146694
0.40146434
0.40146428
0.40146667
0.4014713
0.40147766
0.4014853
0.40149397
0.40150332
0.40151325
0.40152356
0.40153414
0.40154454
0.40155426
0.4015623
0.4015677
0.4015698
0.40156838
0.40156364
0.40155652
0.40154824
0.40154004
0.4015331
0.40152815
0.4015256
0.4015257
0.40152863
0.40153447
0.40154293
0.4015534
0.40156513
0.40157717
0.4015883
0.40159723
0.40160286
0.40160456
0.40160227
0.4015964
0.40158784
0.40157786
0.4015677
0.4015583
0.40155062
0.40154523
0.40154222
0.40154138
0.40154216
0.4015436
0.40154463
0.40154436
0.40154183
0.4015368
0.4015297
0.40152168
0.401514
0.40150833
0.40150604
0.40150803
0.4015149
0.40152672
0.40154317
0.40156344
0.4015862
0.40160987
0.40163252
0.40165263
0.40166903
0.40168115
0.40168902
0.4016932
0.4016947
0.40169477
0.40169507
0.4016972
0.40170208
0.40171006
0.40172085
0.40173304
0.401745
0.40175486
0.40176114
0.40176266
0.40175882
0.40174958
0.4017356
0.40171784
0.4016979
0.40167707
0.40165642
0.4016365
0.40161777
0.4016002
0.4015839
0.4015693
0.40155676
0.40154684
0.40153986
0.40153575
0.40153438
0.40153548
0.4015386
0.40154335
0.40154946
0.40155676
0.40156493
0.40157372
0.4015829
0.40159214
0.4016009
0.40160882
0.40161562
0.40162128
0.4016261
0.4016306
0.4016354
0.40164095
0.40164736
0.4016543
0.4016611
0.40166673
0.4016705
0.40167168
0.40167022
0.4016662
0.40166017
0.40165272
0.4016443
0.40163514
0.401625
0.40161368
0.4016009
0.40158698
0.40157235
0.4015578
0.4015442
0.4015326
0.40152395
0.40151948
0.40152013
0.4015267
0.40153942
0.4015583
0.401583
0.40161258
0.40164605
0.40168205
0.40171888
0.40175498
0.40178898
0.40181977
0.40184644
0.40186846
0.40188536
0.40189695
0.40190306
0.40190384
0.4018993
0.40188962
0.40187514
0.40185615
0.40183306
0.40180624
0.4017765
0.40174457
0.4017118
0.40167955
0.4016492
0.401622
0.40159854
0.40157902
0.40156308
0.40155014
0.40153974
0.40153152
0.40152532
0.40152127
0.4015195
0.40151998
0.40152243
0.40152627
0.40153095
0.40153557
0.40153936
0.40154168
0.4015422
0.40154096
0.40153822
0.40153447
0.40153039
0.40152672
0.4015244
0.40152392
0.40152568
0.4015297
0.40153605
0.40154448
0.40155524
0.4015687
0.40158492
0.40160388
0.40162492
0.40164703
0.40166867
0.401688
0.40170348
0.40171397
0.40171877
0.40171805
0.40171242
0.40170285
0.4016909
0.40167773
0.40166435
0.4016513
0.40163857
0.40162623
0.40161395
0.4016016
0.40158933
0.4015775
0.4015665
0.4015566
0.4015481
0.4015408
0.40153474
0.40152997
0.4015266
0.40152493
0.4015253
0.4015279
0.40153283
0.40153995
0.40154904
0.40155968
0.40157118
0.4015829
0.4015941
0.40160438
0.40161353
0.40162185
0.40162984
0.40163788
0.4016464
0.40165523
0.40166387
0.40167126
0.40167624
0.40167773
0.40167525
0.40166858
0.4016583
0.4016453
0.40163088
0.40161628
0.40160277
0.40159145
0.40158322
0.40157887
0.40157908
0.40158427
0.40159467
0.40161
0.40163
0.4016541
0.40168142
0.4017109
0.40174118
0.4017708
0.40179807
0.4018215
0.40184
0.40185276
0.40185937
0.40185997
0.4018546
0.4018436
0.40182778
0.4018081
0.40178585
0.40176237
0.4017389
0.40171665
0.40169635
0.4016785
0.40166298
0.40164933
0.40163702
0.40162507
0.40161273
0.4015993
0.40158454
0.40156862
0.40155232
0.40153638
0.40152168
0.40150893
0.4014988
0.40149155
0.40148708
0.40148494
0.4014847
0.4014858
0.40148786
0.40149042
0.40149322
0.40149584
0.40149814
0.40149987
0.40150094
0.4015013
0.401501
0.40150037
0.40149963
0.40149918
0.40149903
0.40149942
0.40150008
0.40150085
0.4015016
0.4015024
0.40150368
0.40150583
0.4015094
0.4015145
0.4015212
0.40152898
0.40153697
0.40154412
0.40154937
0.40155184
0.4015512
0.40154764
0.40154183
0.40153474
0.4015275
0.4015209
0.40151575
0.40151238
0.40151113
0.40151203
0.40151492
0.40151966
0.4015259
0.40153328
0.4015412
0.40154913
0.40155676
0.40156367
0.4015694
0.40157342
0.40157554
0.40157598
0.40157515
0.40157342
0.40157092
0.4015679
0.40156442
0.40156087
0.40155762
0.40155515
0.4015538
0.4015535
0.40155405
0.4015546
0.4015544
0.40155268
0.40154898
0.40154353
0.40153667
0.401529
0.40152127
0.40151408
0.40150782
0.4015027
0.4014986
0.40149513
0.40149212
0.4014893
0.40148667
0.40148416
0.40148205
0.4014804
0.40147948
0.4014794
0.40147996
0.401481
0.40148228
0.40148342
0.4014842
0.40148452
0.4014841
0.4014831
0.40148145
0.40147924
0.40147656
0.40147358
0.40147075
0.40146863
0.40146795
0.4014692
0.4014729
0.4014793
0.40148848
0.40150008
0.40151405
0.40153012
0.40154764
0.40156573
0.40158314
0.4015987
0.4016116
0.40162128
0.4016278
0.4016314
0.40163267
0.40163225
0.4016307
0.40162843
0.40162554
0.40162176
0.40161684
0.4016103
0.40160185
0.40159112
0.40157795
0.4015627
0.40154594
0.40152863
0.40151185
0.40149656
0.40148368
0.4014738
0.4014676
0.40146542
0.40146747
0.4014738
0.4014842
0.40149844
0.40151593
0.40153614
0.40155804
0.40158033
0.40160164
0.40162045
0.40163532
0.40164566
0.40165108
0.40165195
0.40164876
0.40164223
0.40163302
0.40162158
0.4016085
0.40159416
0.40157914
0.40156412
0.4015498
0.40153646
0.40152478
0.401515
0.4015072
0.4015015
0.40149784
0.4014961
0.40149587
0.40149668
0.40149802
0.40149948
0.40150067
0.40150127
0.40150094
0.40149948
0.40149683
0.40149322
0.40148908
0.40148485
0.40148112
0.40147802
0.40147582
0.40147457
0.40147427
0.4014748
0.40147588
0.40147743
0.4014793
0.40148136
0.40148324
0.4014848
0.40148556
0.40148562
0.4014852
0.4014847
0.4014847
0.40148598
0.40148938
0.4014956
0.40150523
0.4015183
0.4015345
0.40155318
0.40157342
0.4015939
0.40161315
0.40162966
0.40164214
0.4016494
0.40165097
0.40164676
0.40163735
0.4016237
0.40160707
0.40158898
0.40157077
0.4015536
0.4015384
0.40152574
0.40151566
0.40150824
0.40150324
0.40150025
0.40149888
0.40149873
0.40149954
0.40150097
0.40150282
0.40150496
0.40150774
0.40151143
0.40151644
0.40152335
0.40153268
0.40154475
0.40155977
0.40157768
0.40159836
0.40162155
0.40164706
0.4016743
0.40170273
0.40173167
0.40176067
0.40178964
0.4018192
0.4018508
0.40188712
0.40193215
0.4019918
0.40207487
0.40219328
0.40236393
0.40261158
0.40296787
0.40347528
0.40419257
0.4051985
0.4065993
0.40853626
0.41122943
0.4149016
0.41986132
0.42658108
0.43570355
0.44783986
