0.4425088
0.43198618
0.42409322
0.41815215
0.41371977
0.41045105
0.40806043
0.4063064
0.40502664
0.40410057
0.4034304
0.4029466
0.40259725
0.40234432
0.40215963
0.4020232
0.40192094
0.40184304
0.40178275
0.4017354
0.40169775
0.40166777
0.40164423
0.4016265
0.4016144
0.40160763
0.40160587
0.40160847
0.4016143
0.401622
0.40162966
0.40163583
0.40163898
0.40163827
0.4016337
0.40162566
0.40161523
0.4016037
0.40159234
0.40158227
0.40157443
0.4015694
0.40156755
0.4015689
0.40157345
0.40158096
0.40159124
0.40160424
0.40161958
0.40163702
0.40165552
0.40167448
0.40169343
0.40171272
0.4017339
0.40175983
0.40179545
0.40184772
0.4019264
0.40204448
0.40221906
0.4024753
0.40284246
0.40336254
0.40409306
0.40511185
0.4065245
0.40847218
0.4111752
0.41485596
0.4198234
0.426551
0.4356802
0.44782305
