0.44263285
0.43214378
0.42427394
0.41834533
0.41391402
0.4106352
0.40822455
0.4064433
0.40513206
0.40417397
0.40347388
0.40296465
0.402596
0.40233067
0.4021406
0.40200472
0.40190727
0.40183663
0.40178388
0.4017427
0.40170845
0.40167832
0.4016507
0.40162498
0.40160137
0.4015802
0.4015619
0.40154654
0.4015343
0.40152532
0.40151954
0.4015168
0.4015168
0.40151927
0.4015239
0.4015302
0.40153763
0.40154567
0.40155387
0.40156183
0.40156907
0.4015754
0.40158075
0.40158558
0.4015905
0.40159625
0.40160355
0.4016127
0.4016235
0.40163538
0.40164742
0.40165818
0.40166673
0.40167224
0.4016746
0.40167418
0.40167192
0.40166894
0.40166646
0.40166563
0.40166688
0.40167022
0.40167508
0.40168035
0.4016847
0.40168685
0.4016857
0.4016808
0.40167195
0.4016596
0.40164438
0.4016268
0.4016077
0.4015881
0.40156916
0.4015519
0.40153706
0.4015251
0.40151587
0.40150923
0.40150467
0.40150163
0.40149954
0.40149784
0.40149623
0.4014945
0.40149304
0.4014924
0.4014933
0.4014969
0.4015036
0.40151393
0.40152767
0.4015444
0.4015628
0.40158153
0.4015987
0.40161246
0.4016214
0.40162456
0.4016218
0.40161353
0.40160108
0.4015862
0.40157086
0.40155667
0.40154526
0.40153754
0.40153402
0.4015349
0.40153956
0.40154737
0.4015571
0.40156758
0.4015777
0.40158665
0.40159398
0.40160015
0.40160578
0.40161204
0.40161997
0.40163043
0.4016439
0.4016603
0.40167928
0.4017
0.40172163
0.40174264
0.4017617
0.40177768
0.40178934
0.40179574
0.40179628
0.40179065
0.40177903
0.40176204
0.4017406
0.40171608
0.40168998
0.40166375
0.4016385
0.40161505
0.40159363
0.40157443
0.40155777
0.4015438
0.40153235
0.4015236
0.40151748
0.4015143
0.40151432
0.40151778
0.4015246
0.40153426
0.4015459
0.40155834
0.40157
0.4015793
0.40158498
0.4015862
0.40158302
0.40157595
0.4015662
0.40155536
0.401545
0.40153638
0.40153068
0.4015285
0.4015301
0.40153515
0.401543
0.4015527
0.40156308
0.40157256
0.40157983
0.40158403
0.4015849
0.401583
0.4015794
0.4015757
0.40157342
0.40157375
0.40157777
0.4015858
0.40159792
0.4016137
0.40163222
0.40165254
0.40167338
0.4016937
0.4017124
0.4017287
0.40174162
0.40175077
0.4017557
0.40175635
0.40175295
0.4017456
0.4017343
0.4017193
0.4017009
0.40167952
0.40165564
0.40163016
0.40160406
0.4015785
0.40155414
0.40153202
0.40151265
0.40149656
0.40148383
0.40147454
0.40146843
0.40146545
0.4014652
0.40146744
0.4014717
0.40147752
0.40148446
0.40149152
0.40149802
0.40150312
0.40150613
0.40150687
0.40150553
0.40150306
0.40150073
0.40149984
0.40150145
0.40150613
0.40151414
0.4015254
0.40153956
0.40155584
0.40157327
0.40159082
0.4016073
0.40162143
0.40163225
0.40163898
0.40164122
0.40163904
0.401633
0.40162405
0.4016133
0.4016019
0.40159118
0.40158203
0.4015752
0.4015711
0.4015695
0.40157014
0.40157253
0.40157577
0.40157908
0.40158138
0.40158165
0.40157914
0.40157387
0.4015659
0.40155575
0.40154436
0.4015325
0.40152124
0.40151125
0.4015033
0.40149796
0.40149537
0.40149528
0.40149724
0.4015005
0.40150425
0.4015076
0.40151006
0.4015113
0.40151158
0.4015114
0.40151125
0.40151188
0.40151367
0.40151688
0.40152156
0.40152746
0.40153405
0.40154055
0.4015464
0.4015508
0.40155306
0.40155268
0.40154928
0.4015431
0.40153462
0.40152442
0.4015135
0.40150273
0.40149316
0.40148538
0.40147963
0.40147617
0.4014745
0.40147448
0.4014757
0.40147796
0.40148088
0.40148434
0.4014879
0.4014912
0.40149412
0.40149692
0.40150008
0.4015041
0.40150946
0.40151626
0.40152454
0.4015339
0.40154362
0.4015528
0.40156025
0.4015649
0.40156606
0.4015635
0.40155756
0.4015489
0.40153843
0.40152705
0.40151548
0.40150467
0.40149546
0.4014884
0.40148392
0.40148205
0.40148267
0.4014858
0.40149134
0.4014994
0.40150988
0.40152302
0.40153882
0.40155718
0.40157777
0.40159988
0.40162268
0.40164486
0.40166512
0.40168193
0.40169418
0.40170112
0.40170228
0.40169755
0.40168732
0.40167236
0.40165392
0.40163326
0.40161186
0.40159085
0.40157115
0.40155354
0.40153807
0.40152496
0.40151408
0.4015052
0.4014982
0.40149298
0.4014894
0.4014871
0.40148604
0.40148598
0.4014866
0.4014877
0.40148908
0.40149057
0.40149245
0.40149513
0.40149876
0.401504
0.40151116
0.40152055
0.40153226
0.40154582
0.40156043
0.40157512
0.40158877
0.4016002
0.4016083
0.40161222
0.40161175
0.40160698
0.4015985
0.40158734
0.40157488
0.40156263
0.4015519
0.4015437
0.4015383
0.40153584
0.40153575
0.40153733
0.40153992
0.40154287
0.40154594
0.40154883
0.40155137
0.40155336
0.40155488
0.40155613
0.40155745
0.40155908
0.40156123
0.40156403
0.40156737
0.40157118
0.40157557
0.40158033
0.4015854
0.40159023
0.40159458
0.40159836
0.40160152
0.40160435
0.40160713
0.40161002
0.4016128
0.4016149
0.4016156
0.40161374
0.40160877
0.40160027
0.40158847
0.40157416
0.40155858
0.401543
0.40152872
0.4015168
0.40150803
0.40150273
0.40150094
0.4015022
0.40150595
0.40151146
0.401518
0.40152475
0.4015314
0.40153793
0.4015443
0.40155047
0.40155607
0.40156078
0.40156382
0.40156496
0.4015642
0.40156198
0.40155914
0.40155655
0.40155488
0.40155473
0.40155616
0.40155917
0.40156373
0.40156972
0.40157717
0.4015862
0.40159664
0.40160814
0.4016202
0.40163213
0.4016429
0.40165147
0.40165696
0.4016587
0.4016566
0.40165097
0.40164247
0.40163222
0.40162155
0.40161118
0.4016018
0.40159366
0.4015868
0.40158093
0.4015754
0.4015698
0.40156385
0.40155742
0.40155062
0.40154377
0.4015373
0.40153152
0.40152663
0.40152287
0.40152022
0.40151894
0.40151912
0.40152055
0.4015231
0.40152645
0.40153012
0.40153372
0.40153715
0.40154028
0.40154302
0.40154538
0.40154734
0.40154883
0.40154988
0.4015503
0.40154982
0.4015481
0.4015448
0.40153995
0.4015337
0.40152648
0.40151846
0.40151006
0.40150177
0.40149406
0.40148735
0.40148184
0.4014777
0.40147477
0.401473
0.4014724
0.40147305
0.40147495
0.40147802
0.40148205
0.40148672
0.4014917
0.40149665
0.40150127
0.40150538
0.4015086
0.4015106
0.40151107
0.40150973
0.4015064
0.40150133
0.40149522
0.40148857
0.40148216
0.40147656
0.4014723
0.40146974
0.40146893
0.40146983
0.401472
0.40147486
0.4014777
0.40147993
0.40148115
0.40148118
0.40148008
0.40147802
0.40147528
0.40147197
0.40146804
0.4014635
0.40145853
0.4014533
0.40144807
0.40144312
0.40143874
0.40143532
0.4014332
0.40143234
0.40143284
0.40143457
0.40143743
0.40144122
0.40144596
0.4014515
0.4014579
0.40146524
0.40147367
0.401483
0.40149292
0.4015029
0.40151203
0.40151936
0.40152377
0.40152448
0.40152118
0.40151408
0.40150407
0.4014924
0.40148035
0.40146926
0.4014602
0.4014536
0.4014501
0.4014495
0.40145186
0.4014567
0.40146375
0.4014724
0.40148205
0.40149185
0.401501
0.40150887
0.40151522
0.40152013
0.40152425
0.40152815
0.40153226
0.401537
0.40154254
0.40154898
0.40155625
0.40156424
0.4015726
0.40158102
0.4015892
0.4015969
0.4016039
0.40160993
0.4016144
0.40161678
0.4016166
0.40161374
0.40160835
0.401601
0.40159234
0.40158308
0.40157405
0.40156558
0.40155795
0.40155137
0.40154582
0.40154138
0.40153813
0.40153617
0.40153566
0.40153673
0.40153968
0.40154472
0.40155205
0.40156174
0.40157324
0.4015858
0.40159836
0.4016098
0.401619
0.40162548
0.40162894
0.40162966
0.40162858
0.40162656
0.4016245
0.4016228
0.40162155
0.40162018
0.40161774
0.4016135
0.40160683
0.40159756
0.40158576
0.401572
0.40155688
0.40154123
0.40152553
0.40151033
0.401496
0.40148285
0.40147135
0.4014618
0.40145478
0.40145078
0.40144992
0.40145236
0.4014582
0.40146717
0.40147898
0.40149298
0.40150833
0.40152383
0.4015384
0.40155095
0.40156034
0.40156615
0.4015679
0.40156597
0.40156087
0.4015533
0.4015442
0.4015344
0.4015248
0.4015167
0.401511
0.40150863
0.40151012
0.40151557
0.4015247
0.40153697
0.40155163
0.40156785
0.401585
0.40160254
0.4016202
0.4016375
0.40165392
0.4016687
0.40168062
0.40168902
0.40169293
0.4016921
0.40168643
0.4016762
0.40166196
0.4016445
0.40162516
0.40160507
0.4015854
0.401567
0.40155062
0.40153685
0.4015259
0.40151766
0.40151197
0.40150824
0.40150607
0.4015051
0.40150493
0.40150523
0.40150586
0.4015066
0.40150723
0.40150777
0.40150806
0.401508
0.40150735
0.40150586
0.4015033
0.40149972
0.4014954
0.40149084
0.40148646
0.40148273
0.40148008
0.4014788
0.40147904
0.40148094
0.4014844
0.40148905
0.4014946
0.4015003
0.40150574
0.40151033
0.4015136
0.4015152
0.40151516
0.40151364
0.4015113
0.4015087
0.40150627
0.40150425
0.40150252
0.40150094
0.4014989
0.4014959
0.40149182
0.40148672
0.40148112
0.40147567
0.40147105
0.40146777
0.4014665
0.40146753
0.4014713
0.40147796
0.4014875
0.40149984
0.40151483
0.40153196
0.401551
0.40157163
0.40159357
0.4016167
0.40164047
0.401664
0.40168616
0.40170562
0.40172127
0.40173203
0.40173712
0.40173602
0.40172893
0.4017162
0.4016989
0.40167823
0.40165588
0.40163314
0.4016113
0.4015912
0.4015737
0.4015594
0.40154892
0.4015426
0.40154073
0.40154362
0.40155113
0.40156317
0.40157914
0.40159836
0.4016199
0.40164253
0.40166482
0.40168512
0.4017018
0.4017136
0.40171954
0.40171927
0.401713
0.40170127
0.40168515
0.40166602
0.40164536
0.40162486
0.40160596
0.40159002
0.40157798
0.4015704
0.4015676
0.40156937
0.4015754
0.40158504
0.40159783
0.40161276
0.40162858
0.40164366
0.40165633
0.40166515
0.4016692
0.40166828
0.40166262
0.40165335
0.4016418
0.40162945
0.40161762
0.40160725
0.4015991
0.40159357
0.4015909
0.40159103
0.40159383
0.40159857
0.4016045
0.40161037
0.40161496
0.4016175
0.40161747
0.40161481
0.40161005
0.4016039
0.40159714
0.40159062
0.40158468
0.40157965
0.40157562
0.40157256
0.4015704
0.4015691
0.40156853
0.40156895
0.4015705
0.40157306
0.4015764
0.40158024
0.40158412
0.4015878
0.401591
0.4015939
0.4015964
0.40159845
0.40159965
0.40159956
0.40159765
0.40159366
0.40158787
0.40158096
0.40157387
0.40156728
0.40156242
0.40155992
0.40156046
0.4015645
0.40157214
0.4015833
0.40159762
0.4016143
0.40163246
0.4016511
0.40166968
0.40168798
0.40170586
0.40172383
0.40174225
0.40176144
0.40178192
0.40180463
0.40183148
0.40186545
0.40191087
0.40197387
0.40206325
0.40219083
0.4023729
0.40263358
0.4030021
0.40351966
0.40424392
0.40525284
0.40665302
0.40858632
0.4112736
0.4149392
0.41989222
0.42660505
0.43572146
0.44785246
