0.44263813
0.4321515
0.42428458
0.41835958
0.41393265
0.4106589
0.40825325
0.4064766
0.4051692
0.4042138
0.40351516
0.40300626
0.4026367
0.40236923
0.40217555
0.4020353
0.40193343
0.40185905
0.401804
0.4017624
0.40172955
0.4017021
0.4016778
0.40165547
0.4016346
0.40161526
0.40159792
0.40158296
0.4015704
0.40156022
0.40155205
0.40154576
0.40154132
0.40153915
0.40153965
0.40154308
0.40154946
0.40155837
0.40156937
0.40158165
0.40159422
0.40160626
0.40161663
0.40162447
0.4016295
0.40163124
0.40162948
0.40162393
0.40161437
0.401601
0.40158427
0.40156502
0.40154442
0.40152386
0.40150437
0.40148696
0.40147224
0.40146086
0.40145335
0.40144998
0.40145105
0.40145624
0.40146548
0.40147823
0.401494
0.40151235
0.4015327
0.40155447
0.40157676
0.4015987
0.4016193
0.40163732
0.40165204
0.40166277
0.40166947
0.40167218
0.40167156
0.40166816
0.40166247
0.40165478
0.40164486
0.40163282
0.401619
0.4016041
0.40158886
0.40157446
0.40156162
0.40155107
0.40154296
0.40153688
0.4015322
0.401528
0.4015235
0.40151843
0.40151277
0.4015069
0.40150106
0.40149564
0.40149066
0.40148607
0.40148178
0.40147763
0.40147334
0.4014688
0.4014641
0.40145916
0.4014541
0.4014494
0.40144548
0.401443
0.4014427
0.401445
0.40145034
0.40145895
0.40147063
0.40148488
0.4015009
0.4015175
0.40153354
0.40154797
0.4015602
0.40157008
0.40157786
0.40158424
0.40158996
0.4015956
0.4016016
0.40160853
0.40161654
0.40162572
0.4016361
0.40164772
0.4016611
0.40167624
0.40169337
0.4017122
0.40173233
0.4017526
0.40177175
0.40178856
0.40180156
0.40180987
0.401813
0.40181082
0.40180385
0.40179306
0.40177962
0.4017649
0.40175018
0.4017363
0.4017237
0.40171257
0.40170267
0.40169427
0.4016877
0.4016837
0.40168315
0.40168655
0.40169412
0.4017055
0.4017198
0.4017357
0.40175152
0.4017656
0.40177706
0.40178457
0.40178782
0.40178636
0.4017802
0.40176937
0.40175447
0.40173608
0.40171537
0.40169343
0.40167174
0.40165126
0.40163264
0.40161613
0.40160152
0.40158862
0.40157688
0.40156576
0.40155524
0.40154517
0.4015362
0.40152875
0.40152335
0.4015204
0.4015202
0.40152285
0.40152815
0.40153578
0.40154514
0.40155575
0.40156686
0.40157774
0.4015874
0.40159494
0.40159914
0.40159965
0.40159646
0.40159008
0.4015815
0.40157163
0.4015616
0.40155217
0.40154395
0.4015373
0.40153235
0.40152907
0.40152735
0.4015265
0.40152603
0.4015251
0.40152314
0.40151972
0.40151468
0.40150827
0.40150094
0.40149382
0.40148783
0.40148368
0.4014818
0.40148246
0.40148565
0.40149134
0.40149954
0.40151015
0.4015232
0.4015383
0.401555
0.40157276
0.40159056
0.4016074
0.40162227
0.40163428
0.40164307
0.4016486
0.4016512
0.40165162
0.4016507
0.40164915
0.40164763
0.40164658
0.40164632
0.40164682
0.40164822
0.40165007
0.40165192
0.40165317
0.40165332
0.4016521
0.40164965
0.40164644
0.401643
0.40163997
0.40163806
0.40163782
0.40164
0.401645
0.40165263
0.4016622
0.4016725
0.40168205
0.40168917
0.40169272
0.4016921
0.40168726
0.4016787
0.40166724
0.40165403
0.4016405
0.40162796
0.40161753
0.4016101
0.40160614
0.4016059
0.401609
0.40161455
0.40162137
0.401628
0.401633
0.40163526
0.40163428
0.4016296
0.40162155
0.4016103
0.40159658
0.4015811
0.40156493
0.40154886
0.4015337
0.4015203
0.40150914
0.4015005
0.4014946
0.40149125
0.40149033
0.40149146
0.40149426
0.40149817
0.4015029
0.4015078
0.40151244
0.40151632
0.401519
0.4015202
0.4015201
0.40151906
0.40151763
0.40151626
0.40151545
0.4015152
0.40151557
0.40151688
0.40151963
0.40152416
0.40153065
0.40153894
0.40154842
0.40155843
0.40156803
0.40157613
0.40158212
0.4015858
0.4015874
0.4015878
0.40158772
0.40158784
0.4015887
0.40159056
0.4015934
0.40159723
0.40160173
0.4016068
0.4016122
0.40161774
0.40162307
0.4016275
0.4016303
0.40163085
0.4016284
0.40162283
0.40161437
0.40160385
0.40159243
0.40158144
0.40157205
0.4015653
0.40156156
0.40156078
0.40156263
0.40156648
0.40157145
0.40157685
0.40158224
0.4015873
0.40159196
0.40159613
0.40159953
0.40160167
0.4016023
0.40160125
0.4015985
0.40159443
0.401589
0.40158245
0.40157503
0.40156752
0.40156078
0.40155584
0.4015536
0.40155494
0.40156075
0.40157145
0.40158755
0.40160915
0.40163583
0.40166664
0.40170008
0.4017345
0.4017683
0.4018
0.40182877
0.40185377
0.40187466
0.40189114
0.40190324
0.40191108
0.4019148
0.40191463
0.40191066
0.40190312
0.4018919
0.40187696
0.40185842
0.401836
0.40180984
0.40178004
0.40174714
0.4017118
0.4016754
0.40163922
0.4016045
0.40157256
0.4015442
0.40151986
0.4014998
0.401484
0.4014723
0.40146437
0.40145984
0.4014583
0.40145904
0.40146148
0.40146488
0.4014688
0.40147284
0.40147695
0.40148133
0.40148634
0.4014923
0.40149966
0.4015086
0.40151927
0.40153155
0.40154508
0.4015596
0.40157476
0.40158993
0.40160447
0.40161732
0.4016276
0.40163472
0.4016382
0.40163824
0.40163526
0.40163007
0.40162337
0.40161595
0.40160832
0.401601
0.401594
0.40158752
0.40158165
0.40157598
0.4015704
0.40156448
0.40155745
0.4015489
0.40153864
0.40152678
0.4015143
0.40150237
0.40149218
0.4014852
0.40148214
0.4014835
0.4014895
0.40149975
0.4015136
0.40153036
0.4015492
0.40156907
0.40158877
0.40160695
0.40162194
0.4016324
0.40163726
0.401636
0.40162864
0.4016158
0.4015985
0.40157822
0.40155643
0.40153447
0.4015138
0.40149555
0.4014806
0.40146947
0.40146217
0.4014585
0.40145797
0.40145984
0.4014631
0.40146658
0.4014694
0.40147048
0.40146956
0.4014665
0.4014618
0.4014565
0.4014513
0.40144712
0.40144444
0.40144375
0.40144542
0.40144983
0.4014571
0.40146738
0.40148053
0.40149644
0.40151507
0.40153643
0.4015603
0.40158632
0.40161365
0.40164137
0.40166798
0.40169218
0.40171248
0.40172827
0.4017395
0.40174663
0.4017505
0.4017524
0.40175357
0.40175506
0.40175745
0.4017608
0.40176454
0.40176803
0.4017704
0.40177086
0.40176812
0.40176147
0.4017505
0.40173513
0.4017158
0.40169322
0.40166834
0.40164223
0.40161598
0.40159088
0.40156806
0.40154865
0.4015334
0.401523
0.40151766
0.4015173
0.40152138
0.40152904
0.40153912
0.40155038
0.40156168
0.40157205
0.4015807
0.40158707
0.40159142
0.40159416
0.40159592
0.40159714
0.4015982
0.401599
0.40159974
0.4016007
0.401602
0.40160415
0.40160733
0.401612
0.40161812
0.40162534
0.40163282
0.40163976
0.4016447
0.40164682
0.40164548
0.4016406
0.4016324
0.40162167
0.40160957
0.40159702
0.4015846
0.40157238
0.40156028
0.40154782
0.40153456
0.4015206
0.4015064
0.40149274
0.40148062
0.40147075
0.40146387
0.40146044
0.4014608
0.40146482
0.40147233
0.40148297
0.40149617
0.40151143
0.4015282
0.40154612
0.4015644
0.4015823
0.40159893
0.40161365
0.4016259
0.40163538
0.40164202
0.40164623
0.40164846
0.4016494
0.4016497
0.40164965
0.40164906
0.40164736
0.40164384
0.40163797
0.40162987
0.40161994
0.4016091
0.4015985
0.40158898
0.40158138
0.40157625
0.4015739
0.4015746
0.4015785
0.40158555
0.4015961
0.40161
0.40162703
0.40164682
0.40166873
0.40169173
0.4017147
0.40173596
0.40175402
0.40176743
0.4017751
0.40177667
0.40177193
0.40176156
0.40174645
0.40172786
0.40170714
0.40168566
0.40166447
0.4016442
0.4016256
0.40160894
0.40159422
0.40158123
0.40156972
0.4015594
0.4015503
0.4015426
0.4015367
0.40153283
0.40153104
0.4015314
0.4015337
0.40153798
0.40154418
0.40155232
0.40156242
0.4015741
0.40158707
0.40160066
0.40161416
0.4016269
0.40163842
0.40164846
0.40165716
0.4016649
0.40167192
0.40167823
0.40168378
0.40168807
0.4016907
0.40169156
0.4016906
0.40168822
0.40168458
0.40168053
0.40167686
0.4016747
0.40167466
0.40167716
0.40168232
0.4016896
0.40169832
0.40170786
0.40171766
0.40172735
0.40173647
0.40174428
0.40175015
0.40175357
0.40175426
0.4017519
0.40174645
0.40173766
0.40172538
0.40170974
0.40169096
0.40166962
0.4016465
0.40162274
0.40159962
0.40157828
0.40155962
0.4015443
0.4015326
0.40152422
0.40151876
0.4015158
0.40151483
0.40151566
0.40151808
0.40152204
0.4015274
0.401534
0.40154165
0.40155026
0.40155983
0.40157008
0.40158102
0.4015922
0.40160364
0.4016151
0.40162647
0.40163717
0.40164608
0.40165222
0.4016545
0.40165207
0.40164483
0.40163302
0.4016175
0.40159935
0.40157956
0.40155923
0.40153915
0.40152013
0.4015029
0.4014878
0.40147504
0.4014647
0.4014566
0.40145043
0.40144593
0.40144256
0.40144014
0.40143856
0.40143773
0.4014376
0.40143806
0.4014387
0.40143943
0.4014398
0.40143943
0.40143833
0.4014366
0.40143457
0.40143296
0.4014323
0.40143317
0.40143618
0.40144172
0.40144995
0.4014608
0.40147403
0.4014893
0.40150654
0.40152535
0.40154558
0.40156677
0.40158826
0.4016092
0.40162873
0.40164608
0.40166098
0.40167338
0.401684
0.40169343
0.4017024
0.40171117
0.4017195
0.40172675
0.4017321
0.40173423
0.40173241
0.40172586
0.40171435
0.40169817
0.40167806
0.40165547
0.4016319
0.40160888
0.4015881
0.4015706
0.40155703
0.40154788
0.40154314
0.40154272
0.40154606
0.4015526
0.40156138
0.40157187
0.4015838
0.4015971
0.40161192
0.40162843
0.40164682
0.40166727
0.40169004
0.40171504
0.40174168
0.40176904
0.40179607
0.4018216
0.40184453
0.40186417
0.40187985
0.4018912
0.40189794
0.40190008
0.4018976
0.40189072
0.4018796
0.40186462
0.401846
0.4018244
0.40180045
0.4017745
0.40174723
0.40171933
0.40169147
0.40166426
0.40163812
0.40161347
0.40159085
0.4015706
0.40155327
0.40153915
0.40152854
0.4015215
0.40151802
0.40151802
0.40152135
0.40152782
0.4015371
0.40154874
0.4015623
0.40157717
0.4015925
0.40160745
0.40162137
0.40163374
0.4016443
0.40165296
0.40165988
0.40166488
0.401668
0.40166962
0.40167022
0.40167102
0.4016733
0.40167806
0.40168628
0.40169814
0.4017133
0.40173087
0.40174967
0.40176845
0.4017858
0.4018006
0.4018117
0.40181834
0.4018203
0.40181774
0.40181124
0.40180162
0.40179002
0.40177736
0.40176496
0.40175387
0.40174463
0.40173733
0.40173167
0.40172684
0.40172184
0.40171555
0.40170738
0.40169713
0.40168482
0.40167108
0.40165624
0.40164095
0.40162563
0.40161118
0.4015985
0.40158877
0.4015829
0.4015816
0.40158477
0.40159193
0.401602
0.40161356
0.40162462
0.40163353
0.4016387
0.40163913
0.40163478
0.40162602
0.40161416
0.40160048
0.40158674
0.40157434
0.40156427
0.40155736
0.40155417
0.40155494
0.40155983
0.40156877
0.40158117
0.40159658
0.40161398
0.40163267
0.40165165
0.40166986
0.40168592
0.40169874
0.40170753
0.4017117
0.4017115
0.40170717
0.40169966
0.40168974
0.40167823
0.4016659
0.4016534
0.40164143
0.40163052
0.40162146
0.4016145
0.40160993
0.40160763
0.40160757
0.40160954
0.40161327
0.4016185
0.40162462
0.40163085
0.40163624
0.40164033
0.40164292
0.4016441
0.4016448
0.40164617
0.40164965
0.4016564
0.4016673
0.40168276
0.40170267
0.40172622
0.40175208
0.40177855
0.40180403
0.401827
0.40184632
0.4018611
0.40187088
0.40187538
0.40187475
0.4018693
0.4018595
0.40184593
0.40182954
0.4018112
0.40179235
0.401774
0.40175718
0.4017424
0.4017297
0.40171877
0.40170875
0.40169877
0.4016878
0.4016752
0.40166044
0.40164387
0.40162593
0.40160763
0.40159014
0.40157455
0.40156174
0.40155256
0.40154737
0.4015464
0.40154928
0.40155566
0.4015646
0.40157512
0.40158582
0.40159526
0.40160218
0.40160593
0.40160638
0.401604
0.40159962
0.40159404
0.40158826
0.40158263
0.4015772
0.40157163
0.40156505
0.40155685
0.40154696
0.40153557
0.40152332
0.40151116
0.40150008
0.4014909
0.40148416
0.40148026
0.40147904
0.4014804
0.40148392
0.40148893
0.40149477
0.40150085
0.4015064
0.40151116
0.40151513
0.40151834
0.40152124
0.401524
0.40152678
0.40152943
0.4015319
0.40153384
0.40153503
0.4015356
0.4015358
0.40153593
0.4015361
0.40153643
0.40153688
0.40153742
0.40153787
0.40153837
0.40153915
0.40154046
0.40154243
0.4015451
0.40154842
0.40155235
0.40155703
0.4015624
0.4015683
0.40157405
0.40157896
0.40158212
0.40158272
0.40158033
0.40157494
0.40156692
0.40155688
0.40154535
0.40153277
0.4015197
0.4015068
0.4014944
0.4014831
0.40147322
0.4014652
0.40145934
0.40145606
0.4014554
0.40145752
0.40146235
0.4014697
0.401479
0.40148956
0.40150037
0.40151036
0.40151843
0.40152395
0.40152666
0.4015269
0.40152556
0.40152374
0.40152243
0.40152252
0.4015248
0.40152985
0.4015377
0.40154815
0.40156066
0.40157455
0.40158868
0.40160212
0.4016139
0.40162334
0.40163043
0.40163523
0.40163824
0.40164018
0.40164128
0.40164205
0.4016426
0.401643
0.4016431
0.40164298
0.40164262
0.40164214
0.4016414
0.40164068
0.40163982
0.4016388
0.40163758
0.4016361
0.4016341
0.4016313
0.40162712
0.4016214
0.40161416
0.40160543
0.40159553
0.40158427
0.4015716
0.40155792
0.40154353
0.40152916
0.40151566
0.4015043
0.4014959
0.4014911
0.40149015
0.40149304
0.4014993
0.40150824
0.40151894
0.4015302
0.4015407
0.4015494
0.4015552
0.40155745
0.40155533
0.4015487
0.40153807
0.4015243
0.401509
0.40149376
0.40148026
0.40146974
0.40146318
0.40146092
0.4014629
0.40146875
0.40147743
0.40148816
0.40149978
0.4015115
0.4015227
0.40153262
0.40154046
0.4015459
0.4015487
0.4015492
0.40154746
0.40154415
0.40153995
0.40153533
0.40153125
0.40152827
0.40152675
0.40152696
0.40152863
0.40153116
0.4015337
0.40153557
0.4015361
0.40153518
0.40153295
0.40153006
0.40152696
0.4015243
0.40152255
0.40152177
0.40152204
0.40152314
0.40152466
0.40152627
0.40152776
0.40152887
0.4015296
0.40153056
0.40153268
0.4015367
0.4015434
0.40155303
0.40156555
0.40158045
0.40159684
0.40161374
0.4016301
0.40164527
0.40165895
0.40167156
0.4016834
0.40169495
0.4017066
0.40171847
0.4017302
0.40174124
0.40175048
0.40175718
0.40176052
0.4017601
0.401756
0.40174842
0.40173823
0.40172628
0.40171346
0.40170056
0.40168798
0.4016757
0.40166363
0.4016517
0.40163955
0.40162742
0.40161574
0.4016051
0.40159616
0.4015893
0.4015847
0.40158242
0.40158212
0.40158325
0.40158528
0.40158767
0.4015904
0.40159315
0.40159565
0.40159738
0.40159762
0.4015955
0.40159047
0.40158254
0.40157214
0.40156034
0.4015484
0.40153748
0.40152887
0.40152338
0.40152165
0.40152377
0.40152937
0.40153784
0.4015481
0.4015589
0.4015689
0.4015764
0.40158018
0.4015794
0.40157375
0.40156373
0.40155038
0.40153515
0.4015197
0.40150562
0.40149412
0.40148583
0.401481
0.4014794
0.40148053
0.4014839
0.4014888
0.40149468
0.40150085
0.40150663
0.40151134
0.40151468
0.40151653
0.4015175
0.40151817
0.4015193
0.40152135
0.40152484
0.40152958
0.40153527
0.4015412
0.4015466
0.40155026
0.40155113
0.40154856
0.4015425
0.4015335
0.40152255
0.40151066
0.4014988
0.40148774
0.4014777
0.40146887
0.40146112
0.40145457
0.40144923
0.40144527
0.40144277
0.40144175
0.4014423
0.40144458
0.40144882
0.40145496
0.40146306
0.40147284
0.40148404
0.40149632
0.40150917
0.40152198
0.4015343
0.40154555
0.4015555
0.40156373
0.4015703
0.40157542
0.4015793
0.40158203
0.40158373
0.40158406
0.4015829
0.4015801
0.40157565
0.4015697
0.4015625
0.40155452
0.40154618
0.40153816
0.4015315
0.4015269
0.40152514
0.4015269
0.40153235
0.40154147
0.4015538
0.4015688
0.4015858
0.401604
0.4016229
0.40164188
0.40166065
0.40167886
0.4016962
0.40171197
0.40172532
0.4017353
0.40174112
0.401742
0.4017379
0.4017287
0.40171495
0.40169743
0.40167758
0.40165657
0.40163577
0.4016162
0.40159887
0.4015846
0.40157387
0.40156698
0.40156403
0.40156484
0.40156904
0.40157607
0.4015852
0.40159538
0.40160578
0.4016154
0.40162364
0.4016295
0.40163267
0.40163302
0.40163076
0.40162653
0.40162095
0.40161484
0.40160885
0.4016034
0.40159854
0.4015943
0.40159073
0.40158767
0.40158546
0.40158397
0.4015834
0.40158346
0.401584
0.40158474
0.40158528
0.40158522
0.40158415
0.40158188
0.4015787
0.40157497
0.40157136
0.40156847
0.4015668
0.40156677
0.40156874
0.40157288
0.40157938
0.40158784
0.40159756
0.40160757
0.40161654
0.40162334
0.4016268
0.40162647
0.40162215
0.40161446
0.4016038
0.40159118
0.4015773
0.40156308
0.4015494
0.40153706
0.4015269
0.40151936
0.40151513
0.40151453
0.40151778
0.40152508
0.40153652
0.401552
0.4015712
0.4015939
0.40161943
0.40164694
0.40167537
0.40170366
0.40173054
0.40175495
0.40177608
0.40179327
0.4018063
0.40181515
0.40182027
0.40182233
0.4018223
0.401821
0.40181932
0.40181777
0.40181664
0.4018158
0.40181476
0.4018129
0.40180945
0.4018039
0.40179643
0.401787
0.40177625
0.40176484
0.4017534
0.40174225
0.40173134
0.40172037
0.40170872
0.40169606
0.40168235
0.40166792
0.40165332
0.40163907
0.40162584
0.40161407
0.40160418
0.40159613
0.40158963
0.40158427
0.4015793
0.40157413
0.40156862
0.40156317
0.40155855
0.40155575
0.4015555
0.4015583
0.40156463
0.40157428
0.40158704
0.40160248
0.40162006
0.4016388
0.40165752
0.40167475
0.40168884
0.40169832
0.4017019
0.40169892
0.40168914
0.40167287
0.40165117
0.40162545
0.40159738
0.4015687
0.4015411
0.40151584
0.4014941
0.40147656
0.40146393
0.4014561
0.4014531
0.40145454
0.40145993
0.40146866
0.40148002
0.40149298
0.40150648
0.40151945
0.40153086
0.40154028
0.40154764
0.401553
0.40155685
0.40155944
0.4015613
0.40156254
0.40156367
0.40156513
0.40156725
0.4015702
0.4015738
0.40157768
0.40158126
0.4015837
0.40158442
0.40158293
0.4015793
0.40157402
0.40156785
0.40156195
0.40155694
0.4015537
0.40155247
0.40155366
0.4015573
0.40156317
0.40157107
0.40158018
0.40158993
0.40159938
0.40160775
0.40161416
0.40161765
0.40161747
0.40161338
0.40160543
0.40159425
0.4015809
0.4015665
0.40155232
0.40153956
0.40152922
0.40152186
0.40151775
0.4015169
0.40151903
0.40152362
0.40153027
0.40153867
0.4015488
0.40156078
0.40157467
0.4015904
0.40160766
0.40162596
0.4016447
0.40166333
0.4016815
0.4016988
0.40171427
0.4017269
0.4017356
0.40173936
0.40173757
0.40173027
0.40171772
0.40170062
0.40168002
0.40165743
0.4016342
0.40161163
0.40159085
0.40157264
0.40155786
0.40154693
0.40154004
0.4015373
0.40153864
0.40154377
0.40155232
0.40156335
0.40157574
0.4015883
0.40159962
0.40160877
0.40161508
0.4016184
0.4016191
0.40161747
0.40161386
0.40160882
0.40160245
0.4015951
0.4015871
0.4015785
0.40156963
0.4015611
0.4015533
0.4015465
0.40154085
0.40153638
0.40153295
0.40153047
0.40152863
0.40152726
0.40152618
0.40152547
0.40152523
0.40152565
0.4015269
0.40152934
0.4015333
0.4015392
0.40154728
0.40155777
0.4015706
0.40158513
0.40160075
0.40161666
0.40163207
0.40164658
0.40166017
0.40167263
0.40168405
0.40169424
0.40170255
0.40170833
0.40171075
0.40170914
0.4017031
0.40169242
0.40167746
0.4016588
0.4016373
0.40161386
0.4015899
0.40156633
0.40154433
0.40152463
0.40150815
0.40149552
0.40148687
0.40148222
0.401481
0.40148264
0.4014861
0.40149033
0.40149423
0.40149713
0.4014988
0.40149975
0.40150064
0.40150237
0.40150553
0.4015107
0.40151808
0.40152794
0.40154055
0.40155607
0.40157443
0.40159535
0.40161863
0.40164387
0.40167078
0.40169868
0.4017268
0.40175387
0.40177864
0.40179983
0.40181658
0.40182823
0.40183455
0.4018355
0.40183118
0.40182206
0.40180895
0.4017927
0.4017746
0.40175575
0.40173694
0.40171906
0.40170217
0.40168652
0.4016722
0.4016597
0.40164924
0.4016415
0.40163663
0.40163505
0.4016367
0.40164137
0.4016488
0.40165836
0.40166932
0.40168092
0.40169224
0.40170243
0.40171087
0.40171725
0.40172178
0.4017251
0.40172818
0.4017317
0.40173635
0.4017423
0.40174916
0.40175617
0.4017623
0.40176633
0.40176725
0.40176424
0.4017566
0.40174446
0.4017281
0.40170857
0.40168723
0.40166578
0.40164593
0.40162936
0.4016173
0.4016107
0.40161014
0.4016156
0.4016268
0.4016432
0.40166387
0.4016878
0.40171364
0.40173987
0.401765
0.40178764
0.40180692
0.40182242
0.40183434
0.4018432
0.40184972
0.40185443
0.40185776
0.40185973
0.40186033
0.40185973
0.40185818
0.40185624
0.4018541
0.40185195
0.40184942
0.40184593
0.4018405
0.40183246
0.4018209
0.4018055
0.40178612
0.40176323
0.4017374
0.40170965
0.40168095
0.40165278
0.40162602
0.40160158
0.4015801
0.4015619
0.4015473
0.4015368
0.40153053
0.40152866
0.4015308
0.40153667
0.4015455
0.40155646
0.40156862
0.40158084
0.4015921
0.40160152
0.40160823
0.40161204
0.40161303
0.40161192
0.4016095
0.4016068
0.40160424
0.40160218
0.40160048
0.40159878
0.4015969
0.4015945
0.4015915
0.40158838
0.4015858
0.4015848
0.40158632
0.4015912
0.40159985
0.4016122
0.40162754
0.40164512
0.40166375
0.40168247
0.4017006
0.40171775
0.4017331
0.40174595
0.4017553
0.4017601
0.4017599
0.4017544
0.40174425
0.40173015
0.40171346
0.40169552
0.40167788
0.40166166
0.40164793
0.40163776
0.40163198
0.40163124
0.40163597
0.40164623
0.40166143
0.40168056
0.40170228
0.40172476
0.4017462
0.40176496
0.40177965
0.4017892
0.4017931
0.40179116
0.40178397
0.4017722
0.40175733
0.4017407
0.40172392
0.4017084
0.40169516
0.4016849
0.40167773
0.4016732
0.4016704
0.40166813
0.40166545
0.40166163
0.40165645
0.40165013
0.40164277
0.4016346
0.40162534
0.40161505
0.40160334
0.40158996
0.4015748
0.40155786
0.4015396
0.40152067
0.40150198
0.4014844
0.40146863
0.40145522
0.4014446
0.40143695
0.40143234
0.40143085
0.40143248
0.40143728
0.40144485
0.40145463
0.40146577
0.40147713
0.40148753
0.40149558
0.40150037
0.40150133
0.4014987
0.40149307
0.4014852
0.4014763
0.4014672
0.4014587
0.40145156
0.40144593
0.4014419
0.4014397
0.40143928
0.40144068
0.40144372
0.40144807
0.4014534
0.4014594
0.4014658
0.4014726
0.40148002
0.40148804
0.40149692
0.4015066
0.40151706
0.401528
0.401539
0.40154916
0.4015579
0.40156436
0.40156838
0.4015699
0.40156907
0.40156645
0.40156245
0.40155768
0.4015526
0.40154755
0.4015427
0.40153798
0.40153366
0.40152994
0.40152737
0.40152645
0.4015275
0.4015309
0.40153652
0.4015442
0.40155327
0.40156272
0.4015715
0.40157837
0.40158263
0.4015839
0.4015824
0.4015787
0.4015735
0.40156758
0.40156147
0.40155575
0.4015508
0.40154696
0.4015442
0.40154243
0.40154138
0.40154064
0.40153986
0.401539
0.40153793
0.40153694
0.40153658
0.40153784
0.4015415
0.40154812
0.40155804
0.40157118
0.40158707
0.4016051
0.40162474
0.4016454
0.40166607
0.40168568
0.40170258
0.40171546
0.40172282
0.40172392
0.40171868
0.40170744
0.4016913
0.40167174
0.4016507
0.40162992
0.40161115
0.40159553
0.40158352
0.40157542
0.40157077
0.40156874
0.40156853
0.4015694
0.40157086
0.40157297
0.4015758
0.40157956
0.4015844
0.40159047
0.4015979
0.40160644
0.40161583
0.40162584
0.4016362
0.40164694
0.40165767
0.40166825
0.40167817
0.40168667
0.40169305
0.40169692
0.40169838
0.40169775
0.40169582
0.40169352
0.40169153
0.40169027
0.40168983
0.40168986
0.40168965
0.4016881
0.40168437
0.4016779
0.40166864
0.40165716
0.40164438
0.4016313
0.40161896
0.40160844
0.40160033
0.4015947
0.40159157
0.4015905
0.4015913
0.40159371
0.40159824
0.40160534
0.40161556
0.4016293
0.40164647
0.4016665
0.40168858
0.4017111
0.4017325
0.4017512
0.40176606
0.40177596
0.40178058
0.40177962
0.40177333
0.4017626
0.40174845
0.4017323
0.40171573
0.4017
0.4016862
0.40167457
0.40166527
0.40165764
0.40165105
0.4016448
0.40163812
0.40163058
0.4016223
0.40161365
0.40160534
0.40159822
0.40159315
0.40159082
0.40159214
0.40159714
0.40160605
0.4016183
0.4016333
0.40164998
0.40166697
0.40168267
0.4016953
0.40170342
0.40170598
0.40170234
0.40169233
0.40167665
0.40165612
0.40163243
0.40160695
0.4015812
0.4015564
0.40153363
0.4015136
0.4014966
0.4014827
0.40147188
0.40146402
0.4014587
0.40145582
0.40145478
0.40145522
0.40145645
0.4014581
0.4014596
0.40146068
0.40146127
0.40146154
0.4014613
0.40146068
0.40145954
0.40145814
0.40145686
0.40145636
0.40145728
0.40146032
0.4014658
0.40147403
0.40148488
0.40149775
0.40151176
0.40152562
0.40153798
0.4015478
0.40155435
0.4015579
0.4015594
0.4015602
0.40156198
0.40156677
0.4015767
0.4015945
0.4016238
0.4016689
0.4017361
0.40183344
0.40197194
0.40216792
0.40244302
0.4028266
0.40335995
0.40410048
0.40512586
0.40654173
0.40848994
0.41119152
0.41486996
0.41983488
0.42655978
0.43568686
0.44782776
