0.44258678
0.43208766
0.42421386
0.41828734
0.41386345
0.4105961
0.40819854
0.40642968
0.4051281
0.40417546
0.40347597
0.40296265
0.40258613
0.40230986
0.402107
0.4019575
0.40184677
0.401764
0.4017018
0.40165487
0.4016196
0.40159336
0.40157416
0.40156078
0.40155193
0.40154678
0.4015443
0.40154347
0.4015429
0.40154192
0.40153986
0.40153673
0.40153277
0.40152824
0.40152347
0.4015185
0.4015133
0.40150747
0.40150055
0.40149242
0.401483
0.40147245
0.4014612
0.40144998
0.40143952
0.40143037
0.40142286
0.4014171
0.4014132
0.4014109
0.40140998
0.4014102
0.40141132
0.40141323
0.4014156
0.4014185
0.40142217
0.4014267
0.40143225
0.40143898
0.4014471
0.4014566
0.40146795
0.40148145
0.40149757
0.40151653
0.4015383
0.40156248
0.40158844
0.4016152
0.4016417
0.40166658
0.40168852
0.40170625
0.40171888
0.401726
0.4017276
0.40172404
0.4017162
0.4017052
0.40169212
0.40167806
0.40166417
0.40165117
0.40163985
0.40163088
0.40162456
0.40162098
0.40161982
0.4016204
0.40162173
0.4016228
0.40162268
0.40162092
0.40161765
0.40161335
0.40160877
0.40160465
0.40160158
0.40159997
0.40159988
0.40160114
0.4016034
0.4016062
0.4016091
0.40161148
0.40161303
0.40161344
0.40161297
0.4016115
0.40160966
0.40160757
0.40160546
0.40160343
0.4016014
0.4015994
0.4015976
0.40159625
0.40159613
0.40159765
0.40160093
0.4016056
0.401611
0.4016162
0.40162027
0.40162268
0.40162346
0.4016231
0.4016224
0.40162235
0.40162355
0.4016264
0.40163103
0.4016373
0.40164468
0.4016525
0.40165982
0.40166545
0.40166855
0.40166846
0.40166527
0.40165928
0.4016513
0.4016421
0.40163276
0.40162396
0.40161654
0.4016112
0.4016086
0.40160936
0.4016137
0.4016217
0.40163302
0.4016471
0.4016633
0.40168098
0.4016991
0.40171665
0.4017328
0.40174687
0.40175873
0.4017687
0.40177765
0.4017863
0.40179542
0.40180534
0.4018157
0.4018259
0.4018349
0.40184197
0.4018465
0.40184814
0.40184686
0.401843
0.40183714
0.4018297
0.40182084
0.4018104
0.40179807
0.40178332
0.40176553
0.40174472
0.40172118
0.40169552
0.40166873
0.40164164
0.40161514
0.4015898
0.4015661
0.4015445
0.40152553
0.40150952
0.401497
0.40148833
0.40148354
0.40148246
0.40148476
0.40148982
0.40149698
0.40150538
0.401514
0.40152216
0.4015293
0.40153491
0.40153867
0.40154055
0.40154076
0.40153968
0.40153795
0.40153608
0.40153426
0.4015327
0.4015313
0.40153012
0.40152922
0.40152892
0.4015298
0.40153244
0.40153757
0.4015455
0.40155607
0.4015692
0.401584
0.4015998
0.40161568
0.40163103
0.40164518
0.4016576
0.40166742
0.40167397
0.40167686
0.40167618
0.4016723
0.4016662
0.40165913
0.4016524
0.40164718
0.40164402
0.4016432
0.40164408
0.4016463
0.40164864
0.40165034
0.40165043
0.4016481
0.40164268
0.4016338
0.4016214
0.40160596
0.4015882
0.40156907
0.4015495
0.40153047
0.40151286
0.40149736
0.40148443
0.4014746
0.40146786
0.40146434
0.40146366
0.40146542
0.40146905
0.40147427
0.40148038
0.4014869
0.4014932
0.40149865
0.40150273
0.40150502
0.4015052
0.40150326
0.4014992
0.4014933
0.40148598
0.4014777
0.40146905
0.401461
0.40145427
0.4014494
0.40144676
0.40144634
0.40144834
0.40145266
0.40145928
0.4014683
0.40147948
0.4014927
0.40150726
0.40152246
0.40153703
0.40154973
0.401559
0.4015639
0.40156412
0.40156025
0.40155324
0.4015448
0.4015367
0.4015305
0.4015278
0.40152958
0.40153658
0.40154916
0.40156704
0.40158963
0.4016162
0.40164572
0.40167734
0.40171006
0.40174285
0.4017745
0.4018041
0.40183055
0.40185323
0.40187156
0.40188527
0.4018942
0.4018982
0.40189728
0.4018913
0.40188047
0.4018652
0.40184593
0.4018235
0.40179873
0.40177244
0.4017456
0.40171906
0.4016935
0.40166962
0.40164813
0.40162933
0.40161386
0.401602
0.40159434
0.40159106
0.40159237
0.4015981
0.4016079
0.40162084
0.40163568
0.40165085
0.40166458
0.40167522
0.4016815
0.401683
0.40167972
0.40167263
0.4016629
0.4016521
0.4016416
0.4016324
0.40162504
0.4016196
0.40161562
0.40161225
0.40160877
0.40160424
0.40159783
0.40158904
0.40157777
0.40156454
0.40155038
0.40153643
0.40152416
0.4015146
0.4015085
0.40150633
0.40150827
0.40151414
0.40152374
0.40153658
0.4015527
0.40157175
0.40159342
0.401617
0.4016417
0.4016669
0.40169147
0.4017143
0.40173405
0.4017497
0.40176007
0.40176487
0.40176377
0.40175694
0.40174505
0.40172872
0.40170905
0.4016872
0.40166453
0.40164194
0.4016204
0.4016008
0.40158403
0.40157053
0.40156066
0.40155473
0.40155262
0.40155414
0.4015585
0.4015647
0.40157175
0.40157837
0.40158355
0.4015868
0.4015883
0.4015883
0.40158755
0.40158668
0.401586
0.40158546
0.40158457
0.40158257
0.40157855
0.4015717
0.40156174
0.40154874
0.40153334
0.40151638
0.40149894
0.40148205
0.4014664
0.40145275
0.40144137
0.4014325
0.401426
0.4014216
0.401419
0.40141782
0.40141752
0.4014179
0.40141895
0.40142062
0.40142286
0.4014257
0.40142912
0.4014334
0.4014388
0.40144554
0.40145376
0.40146324
0.4014737
0.40148476
0.40149626
0.4015079
0.40152004
0.40153304
0.40154713
0.40156236
0.4015783
0.40159428
0.40160936
0.40162244
0.40163267
0.40163967
0.4016435
0.4016446
0.40164384
0.40164214
0.40164033
0.40163895
0.40163827
0.40163842
0.40163928
0.40164095
0.40164366
0.40164772
0.40165314
0.40165973
0.40166724
0.40167543
0.40168402
0.40169278
0.40170148
0.4017099
0.40171784
0.40172464
0.4017296
0.40173233
0.40173244
0.40172994
0.40172476
0.4017169
0.40170643
0.40169343
0.4016781
0.40166083
0.40164253
0.4016242
0.40160686
0.40159178
0.4015797
0.40157136
0.40156686
0.4015659
0.40156782
0.40157145
0.40157565
0.40157896
0.40158057
0.40158
0.40157738
0.4015732
0.4015683
0.4015635
0.40155965
0.40155736
0.4015573
0.40155992
0.401566
0.40157595
0.4015898
0.40160722
0.4016277
0.40165007
0.40167326
0.40169594
0.4017168
0.40173456
0.4017481
0.4017565
0.40175918
0.401756
0.40174717
0.4017332
0.40171495
0.40169355
0.4016704
0.4016469
0.40162483
0.40160555
0.4015903
0.40157986
0.4015746
0.40157437
0.4015787
0.40158674
0.4015976
0.40161005
0.4016232
0.40163615
0.40164858
0.40166047
0.4016721
0.40168345
0.40169472
0.40170538
0.4017149
0.40172282
0.40172905
0.40173376
0.4017374
0.40174037
0.4017428
0.40174446
0.40174487
0.40174335
0.40173918
0.401732
0.40172178
0.4017088
0.40169412
0.40167916
0.4016654
0.40165392
0.4016456
0.40164083
0.40163955
0.40164128
0.40164548
0.4016517
0.40165937
0.40166783
0.40167636
0.40168393
0.40168965
0.40169266
0.4016926
0.40168917
0.40168276
0.40167397
0.40166342
0.40165174
0.4016393
0.40162653
0.40161386
0.40160185
0.40159154
0.4015839
0.4015799
0.40157998
0.40158427
0.40159243
0.40160364
0.4016166
0.40162998
0.40164232
0.4016526
0.40166005
0.4016646
0.40166667
0.40166718
0.40166706
0.40166736
0.4016687
0.40167144
0.40167555
0.4016808
0.40168646
0.4016917
0.4016959
0.4016989
0.40170053
0.4017012
0.40170133
0.4017018
0.40170375
0.40170905
0.40172
0.40174007
0.4017739
0.40182748
0.40190902
0.40202978
0.40220523
0.40245953
0.40282145
0.4033335
0.40405384
0.40506178
0.40646413
0.40840328
0.41110066
0.41477963
0.41974956
0.4264839
0.43562445
0.44778156
