0.44268644
0.43221593
0.42436427
0.41845378
0.41403997
0.41077757
0.40838006
0.4066079
0.40530062
0.40434024
0.40363127
0.4031065
0.40271637
0.40242448
0.4022043
0.40203696
0.40190896
0.40181065
0.40173513
0.4016772
0.40163305
0.4015997
0.40157503
0.40155745
0.40154558
0.40153822
0.40153426
0.40153262
0.40153217
0.4015319
0.40153086
0.4015286
0.40152466
0.40151906
0.4015123
0.40150505
0.40149838
0.40149298
0.40148947
0.40148804
0.40148884
0.40149173
0.40149647
0.4015028
0.40151006
0.4015179
0.40152603
0.4015344
0.40154302
0.40155175
0.40156028
0.40156803
0.40157434
0.4015789
0.40158153
0.4015824
0.40158162
0.40157992
0.40157777
0.40157577
0.40157402
0.40157205
0.40156922
0.40156472
0.4015577
0.40154797
0.4015356
0.40152118
0.40150568
0.40149018
0.40147546
0.4014625
0.40145195
0.4014444
0.40144047
0.40144026
0.40144408
0.40145195
0.4014636
0.40147856
0.40149608
0.4015151
0.40153456
0.40155342
0.40157086
0.4015865
0.4016001
0.40161133
0.4016199
0.4016252
0.40162697
0.40162522
0.40162018
0.4016123
0.40160227
0.4015907
0.4015782
0.40156522
0.40155232
0.40153986
0.4015281
0.40151712
0.40150717
0.4014981
0.40149012
0.4014833
0.40147778
0.40147367
0.40147075
0.4014692
0.40146884
0.40147
0.40147316
0.40147904
0.4014885
0.4015021
0.40152022
0.40154284
0.40156966
0.40159982
0.4016324
0.40166605
0.40169922
0.4017303
0.40175802
0.40178102
0.40179837
0.40180954
0.40181425
0.40181255
0.40180504
0.40179268
0.40177682
0.40175915
0.40174142
0.40172553
0.4017129
0.40170446
0.4017006
0.4017012
0.40170565
0.4017129
0.4017216
0.4017304
0.4017377
0.40174255
0.40174443
0.40174317
0.40173918
0.40173313
0.40172607
0.40171903
0.40171322
0.40170965
0.40170914
0.4017123
0.40171927
0.4017297
0.40174267
0.40175676
0.4017704
0.40178224
0.4017908
0.4017952
0.4017951
0.4017904
0.40178162
0.40176937
0.40175462
0.4017384
0.40172184
0.40170553
0.40168995
0.40167478
0.4016594
0.40164283
0.40162438
0.40160364
0.40158075
0.40155667
0.40153235
0.40150887
0.40148726
0.4014683
0.40145254
0.40144035
0.40143186
0.40142712
0.40142602
0.4014285
0.4014344
0.4014435
0.4014555
0.4014699
0.401486
0.40150315
0.40152016
0.40153626
0.40155035
0.4015619
0.4015704
0.40157613
0.40157947
0.40158087
0.40158084
0.40157974
0.40157777
0.40157488
0.40157086
0.4015656
0.40155908
0.40155157
0.40154353
0.4015355
0.40152806
0.40152156
0.4015161
0.40151155
0.40150774
0.40150434
0.40150106
0.40149772
0.40149406
0.40149015
0.40148634
0.401483
0.40148073
0.40148026
0.40148225
0.40148747
0.40149656
0.40151006
0.40152857
0.4015529
0.4015838
0.40162286
0.40167236
0.40173575
0.40181845
0.40192857
0.4020776
0.40228245
0.402565
0.4029547
0.4034925
0.4042352
0.4052602
0.4066729
0.40861493
0.41130716
0.41497412
0.41992566
0.42663494
0.43574584
0.44787043
