0.4426353
0.43215057
0.42428866
0.4183719
0.41395605
0.4106964
0.40830672
0.40654755
0.4052586
0.40432078
0.40363795
0.40314153
0.40278056
0.40251666
0.40232164
0.4021749
0.40206173
0.401972
0.40189874
0.40183762
0.4017863
0.40174317
0.40170765
0.4016791
0.40165696
0.4016406
0.40162933
0.4016229
0.40162095
0.40162343
0.40162998
0.40164015
0.40165308
0.4016679
0.4016833
0.40169775
0.4017097
0.40171784
0.40172136
0.40172035
0.40171522
0.40170717
0.4016977
0.40168825
0.40168026
0.4016748
0.40167266
0.40167415
0.40167895
0.4016861
0.40169412
0.40170103
0.40170488
0.4017042
0.40169805
0.40168616
0.4016693
0.40164846
0.40162548
0.401602
0.40157977
0.40156007
0.40154386
0.4015318
0.4015243
0.40152144
0.40152296
0.40152827
0.4015366
0.4015468
0.40155777
0.40156826
0.40157676
0.4015821
0.4015835
0.40158075
0.40157402
0.40156403
0.4015518
0.4015384
0.40152505
0.40151268
0.4015021
0.40149388
0.4014882
0.40148503
0.40148395
0.40148443
0.4014859
0.4014878
0.4014899
0.40149218
0.401495
0.4014987
0.40150374
0.40151048
0.4015192
0.40153012
0.40154317
0.4015582
0.40157455
0.40159133
0.4016074
0.40162152
0.40163285
0.40164077
0.40164518
0.40164652
0.40164545
0.401643
0.40164012
0.4016375
0.40163538
0.4016339
0.40163288
0.40163198
0.4016309
0.40162945
0.4016273
0.40162423
0.40162012
0.40161476
0.40160796
0.40159974
0.40158996
0.4015791
0.40156716
0.4015547
0.4015422
0.4015301
0.40151873
0.4015084
0.4014992
0.40149125
0.40148437
0.40147856
0.40147394
0.40147063
0.40146917
0.40146998
0.40147352
0.4014804
0.40149084
0.40150493
0.40152252
0.40154323
0.40156633
0.40159115
0.40161663
0.4016416
0.40166464
0.40168408
0.40169853
0.4017066
0.40170768
0.4017015
0.40168852
0.40166962
0.40164626
0.40162018
0.40159285
0.4015659
0.40154013
0.4015163
0.4014947
0.4014757
0.40145928
0.40144575
0.4014351
0.40142763
0.40142342
0.40142253
0.40142485
0.40143067
0.4014398
0.40145206
0.40146708
0.4014842
0.4015027
0.40152186
0.40154085
0.40155882
0.4015749
0.40158895
0.4016011
0.40161234
0.4016238
0.4016366
0.4016514
0.40166837
0.40168697
0.40170616
0.40172446
0.4017401
0.4017517
0.40175822
0.4017593
0.4017552
0.4017472
0.40173674
0.40172586
0.40171665
0.40171063
0.40170896
0.401712
0.40171954
0.40173078
0.40174446
0.4017592
0.40177372
0.40178686
0.4017977
0.40180567
0.40181032
0.40181202
0.40181118
0.40180838
0.4018049
0.40180162
0.40179995
0.40180027
0.40180278
0.40180695
0.40181184
0.40181622
0.40181893
0.40181893
0.40181533
0.4018075
0.40179518
0.40177852
0.40175804
0.4017345
0.4017088
0.401682
0.4016547
0.40162772
0.40160158
0.40157717
0.4015555
0.40153754
0.40152434
0.40151656
0.4015145
0.4015182
0.40152726
0.40154096
0.40155843
0.40157837
0.40159935
0.40161994
0.40163872
0.40165445
0.4016662
0.4016737
0.40167686
0.4016763
0.4016729
0.40166783
0.40166235
0.40165734
0.40165344
0.4016509
0.40164968
0.40164965
0.4016507
0.40165278
0.40165615
0.40166086
0.40166652
0.40167263
0.40167844
0.40168327
0.40168655
0.40168822
0.40168837
0.40168738
0.40168566
0.40168342
0.40168074
0.4016772
0.4016722
0.4016651
0.40165517
0.40164214
0.40162608
0.40160733
0.40158662
0.40156466
0.40154243
0.40152064
0.4015003
0.40148243
0.4014679
0.40145734
0.40145132
0.40144983
0.40145284
0.40145996
0.40147063
0.401484
0.40149894
0.40151435
0.40152934
0.40154353
0.4015569
0.40157
0.40158314
0.40159672
0.40161055
0.4016238
0.40163532
0.40164375
0.40164813
0.4016477
0.40164232
0.40163282
0.4016202
0.40160593
0.40159178
0.4015794
0.40157014
0.401565
0.40156412
0.4015677
0.40157488
0.4015847
0.40159568
0.4016062
0.40161458
0.40161934
0.4016196
0.4016151
0.4016061
0.40159342
0.40157792
0.40156093
0.40154338
0.401526
0.4015095
0.40149415
0.40148026
0.4014678
0.4014568
0.40144703
0.4014383
0.40143028
0.40142292
0.40141612
0.40141013
0.40140533
0.40140215
0.40140098
0.40140226
0.4014063
0.40141314
0.40142283
0.40143505
0.40144965
0.4014659
0.4014834
0.40150112
0.4015183
0.40153405
0.40154773
0.4015592
0.40156877
0.4015769
0.40158415
0.40159085
0.4015969
0.40160182
0.40160477
0.40160483
0.40160143
0.40159428
0.40158358
0.40157026
0.40155545
0.40154028
0.40152594
0.40151313
0.40150225
0.40149358
0.40148702
0.40148246
0.40147957
0.40147805
0.40147784
0.40147913
0.40148214
0.40148717
0.4014944
0.40150416
0.40151638
0.40153083
0.40154687
0.40156364
0.40157974
0.40159366
0.40160415
0.40161037
0.40161207
0.4016097
0.401604
0.40159607
0.40158677
0.40157703
0.40156755
0.40155888
0.4015512
0.40154484
0.40153986
0.40153638
0.40153435
0.40153378
0.4015347
0.40153697
0.40154052
0.401545
0.40154964
0.40155363
0.4015561
0.40155616
0.40155363
0.40154874
0.40154213
0.4015347
0.40152752
0.40152153
0.40151742
0.40151542
0.40151528
0.40151653
0.40151852
0.40152067
0.4015226
0.4015243
0.40152586
0.40152735
0.40152875
0.4015299
0.40153074
0.4015311
0.40153122
0.40153137
0.40153202
0.4015332
0.40153491
0.40153667
0.4015378
0.40153745
0.40153536
0.40153146
0.40152618
0.40152037
0.40151483
0.40151042
0.40150818
0.4015088
0.40151277
0.4015203
0.40153122
0.4015449
0.40156034
0.40157616
0.40159103
0.40160385
0.40161398
0.40162137
0.40162632
0.4016291
0.40163028
0.40162992
0.40162858
0.40162662
0.40162498
0.40162462
0.4016266
0.40163177
0.40164083
0.40165442
0.4016731
0.4016978
0.4017296
0.40177026
0.40182295
0.40189266
0.4019874
0.40211892
0.4023039
0.4025673
0.40293884
0.40346095
0.40419146
0.40520853
0.40661782
0.4085607
0.41125724
0.41493028
0.41988897
0.42660594
0.435724
0.4478549
