0.44259983
0.4321047
0.4242347
0.41831225
0.4138935
0.41063318
0.4082449
0.40648848
0.405203
0.40426925
0.40359068
0.40309912
0.40274382
0.40248686
0.40230033
0.40216392
0.4020632
0.40198794
0.4019313
0.4018884
0.40185568
0.40183067
0.4018114
0.4017964
0.40178415
0.40177333
0.40176246
0.40175036
0.40173602
0.40171897
0.40169924
0.40167722
0.4016536
0.40162954
0.40160653
0.40158597
0.40156895
0.4015564
0.4015489
0.40154645
0.40154883
0.40155557
0.401566
0.40157956
0.40159565
0.40161374
0.40163308
0.40165287
0.40167218
0.4016902
0.40170652
0.40172103
0.4017339
0.40174493
0.4017541
0.4017611
0.40176573
0.40176776
0.40176696
0.40176326
0.4017568
0.40174752
0.40173542
0.4017209
0.4017043
0.40168643
0.40166822
0.40165034
0.40163353
0.40161797
0.40160364
0.40159026
0.40157744
0.40156513
0.4015534
0.40154245
0.40153295
0.40152553
0.40152106
0.40152028
0.40152374
0.40153176
0.4015442
0.40156052
0.40157953
0.40159985
0.40161976
0.40163752
0.40165186
0.40166178
0.40166724
0.40166852
0.40166667
0.40166283
0.40165803
0.40165308
0.40164846
0.40164462
0.40164182
0.4016401
0.40163925
0.40163907
0.40163884
0.4016378
0.40163493
0.4016297
0.40162182
0.4016116
0.40159962
0.40158707
0.4015752
0.40156513
0.40155762
0.4015531
0.4015513
0.40155154
0.40155268
0.40155324
0.40155214
0.4015483
0.40154156
0.40153205
0.4015206
0.40150845
0.401497
0.40148768
0.40148163
0.40147945
0.40148163
0.40148824
0.40149897
0.40151352
0.4015314
0.40155184
0.40157402
0.40159696
0.4016197
0.40164107
0.4016596
0.4016743
0.40168434
0.40168944
0.4016898
0.401686
0.40167904
0.40166992
0.40165988
0.40165013
0.4016416
0.40163523
0.40163156
0.40163088
0.40163293
0.4016369
0.4016417
0.4016459
0.4016481
0.4016471
0.4016422
0.4016333
0.40162063
0.40160516
0.4015881
0.40157077
0.40155414
0.401539
0.4015259
0.4015152
0.40150663
0.4015001
0.4014953
0.40149203
0.40149024
0.40149012
0.40149185
0.40149578
0.4015019
0.4015102
0.4015207
0.4015331
0.40154713
0.40156224
0.40157768
0.40159264
0.40160617
0.4016171
0.4016244
0.40162742
0.40162575
0.40161946
0.40160918
0.40159577
0.40158018
0.40156364
0.40154722
0.40153173
0.40151793
0.4015063
0.40149698
0.4014902
0.40148625
0.40148512
0.40148735
0.40149358
0.40150413
0.40151906
0.40153816
0.40156078
0.401586
0.4016125
0.40163854
0.40166256
0.40168285
0.4016983
0.40170804
0.40171218
0.4017111
0.40170583
0.40169778
0.4016888
0.40168053
0.4016745
0.40167183
0.4016733
0.40167934
0.40168992
0.40170488
0.40172356
0.40174508
0.40176845
0.40179262
0.4018163
0.4018388
0.4018591
0.4018768
0.40189147
0.40190282
0.401911
0.40191606
0.4019183
0.40191782
0.40191466
0.40190876
0.40189987
0.4018878
0.40187243
0.40185395
0.40183288
0.40181008
0.40178666
0.40176383
0.4017427
0.401724
0.40170816
0.40169516
0.4016846
0.40167597
0.4016688
0.40166247
0.40165696
0.4016519
0.40164706
0.40164214
0.40163657
0.40162984
0.40162107
0.40160963
0.40159535
0.40157837
0.4015593
0.401539
0.40151852
0.40149906
0.40148172
0.40146756
0.40145746
0.4014519
0.4014513
0.40145573
0.40146497
0.40147826
0.40149468
0.40151304
0.40153235
0.40155146
0.40156937
0.4015851
0.40159747
0.401606
0.40161002
0.40160963
0.4016052
0.40159714
0.40158612
0.40157247
0.40155673
0.40153962
0.40152192
0.4015046
0.4014883
0.40147376
0.4014613
0.40145132
0.40144375
0.40143847
0.40143538
0.40143412
0.40143445
0.4014364
0.40143982
0.40144488
0.4014517
0.40146065
0.40147188
0.4014857
0.4015022
0.40152156
0.4015437
0.40156862
0.40159613
0.40162584
0.40165725
0.40168944
0.40172118
0.401751
0.40177748
0.40179932
0.40181565
0.4018258
0.40182954
0.40182698
0.40181845
0.40180463
0.40178636
0.40176475
0.40174115
0.40171716
0.40169445
0.401675
0.40166083
0.40165448
0.40165913
0.4016791
0.40172058
0.40179196
0.40190506
0.40207642
0.40233004
0.40269518
0.40321356
0.40394276
0.40496066
0.40637308
0.40832192
0.4110277
0.41471446
0.41969195
0.42643487
0.43558466
0.4477523
