0.442631
0.43214098
0.42426997
0.41833958
0.4139061
0.4106245
0.4082107
0.40642592
0.40511087
0.40414897
0.4034453
0.40293348
0.40256375
0.4022991
0.40211195
0.40198156
0.40189275
0.4018343
0.4017977
0.4017761
0.4017641
0.4017569
0.4017512
0.40174404
0.40173373
0.40171927
0.40170035
0.40167725
0.40165076
0.40162203
0.40159243
0.40156302
0.40153474
0.40150827
0.40148443
0.40146384
0.4014467
0.4014332
0.40142328
0.40141663
0.40141287
0.4014115
0.40141192
0.40141335
0.4014152
0.40141687
0.40141785
0.40141806
0.40141773
0.40141746
0.40141773
0.40141907
0.40142173
0.40142584
0.40143156
0.40143853
0.40144676
0.401456
0.4014665
0.4014781
0.40149093
0.40150487
0.40151966
0.40153515
0.40155146
0.4015686
0.40158632
0.40160435
0.40162215
0.4016395
0.4016559
0.40167114
0.40168473
0.40169564
0.40170327
0.40170693
0.40170652
0.40170228
0.40169498
0.40168577
0.40167576
0.4016662
0.40165773
0.40165102
0.40164635
0.40164384
0.4016432
0.4016439
0.40164545
0.40164757
0.40164953
0.40165094
0.4016513
0.40164998
0.4016469
0.40164223
0.40163642
0.40163037
0.40162542
0.40162292
0.40162408
0.40162972
0.40164018
0.4016552
0.40167427
0.40169615
0.40171924
0.40174186
0.40176237
0.40177912
0.40179074
0.40179634
0.40179533
0.40178773
0.40177387
0.40175462
0.40173122
0.40170527
0.40167832
0.4016524
0.40162903
0.4016096
0.40159497
0.40158573
0.4015818
0.40158245
0.40158698
0.401594
0.40160194
0.40160924
0.4016146
0.4016171
0.40161633
0.40161267
0.4016069
0.40159988
0.4015923
0.4015848
0.4015775
0.4015704
0.40156317
0.40155515
0.40154558
0.40153405
0.40152067
0.40150598
0.40149096
0.40147686
0.401465
0.40145645
0.40145198
0.4014518
0.40145588
0.40146378
0.40147468
0.40148768
0.40150163
0.40151528
0.40152785
0.4015386
0.4015472
0.40155393
0.40155894
0.4015625
0.40156487
0.40156648
0.40156785
0.40156984
0.40157306
0.40157768
0.40158385
0.4015915
0.40160036
0.40160996
0.40161964
0.40162846
0.40163565
0.40164018
0.40164137
0.4016387
0.40163246
0.40162325
0.40161225
0.40160084
0.40159035
0.40158197
0.40157634
0.40157375
0.40157396
0.40157616
0.4015793
0.40158203
0.401583
0.4015813
0.40157658
0.40156895
0.40155944
0.4015493
0.40154
0.40153304
0.40152943
0.40153018
0.40153578
0.4015466
0.40156284
0.4015839
0.40160927
0.40163746
0.4016668
0.4016955
0.401722
0.40174505
0.40176424
0.40177938
0.40179098
0.4017995
0.40180555
0.40180966
0.40181205
0.40181267
0.4018114
0.40180814
0.4018028
0.40179545
0.40178636
0.40177596
0.40176487
0.4017539
0.40174383
0.40173525
0.40172824
0.40172252
0.40171757
0.40171292
0.40170825
0.40170377
0.4016999
0.4016977
0.40169808
0.40170223
0.4017106
0.40172333
0.40173978
0.40175864
0.40177822
0.4017967
0.4018124
0.40182382
0.40182987
0.4018297
0.40182295
0.40180972
0.40179065
0.4017664
0.40173823
0.40170753
0.4016756
0.40164393
0.40161362
0.40158555
0.40156043
0.40153837
0.40151972
0.40150434
0.40149212
0.4014825
0.40147486
0.4014686
0.40146306
0.40145788
0.40145263
0.4014472
0.4014419
0.40143687
0.4014322
0.40142804
0.40142447
0.40142158
0.4014196
0.40141872
0.40141916
0.40142107
0.40142465
0.40142977
0.4014363
0.40144405
0.4014528
0.40146208
0.4014718
0.4014818
0.40149203
0.40150243
0.40151346
0.40152553
0.4015393
0.40155506
0.40157282
0.4015921
0.40161234
0.401633
0.40165338
0.40167278
0.4016905
0.4017055
0.401717
0.40172473
0.40172836
0.40172806
0.40172434
0.4017179
0.4017096
0.40169978
0.40168914
0.40167797
0.4016669
0.40165648
0.40164727
0.40163967
0.40163398
0.4016299
0.40162703
0.40162498
0.40162316
0.40162122
0.40161917
0.40161705
0.40161493
0.40161297
0.40161106
0.40160918
0.40160716
0.4016046
0.40160128
0.40159726
0.40159285
0.4015886
0.40158486
0.40158212
0.40158063
0.40158072
0.40158263
0.4015864
0.40159172
0.40159792
0.40160415
0.40160942
0.40161288
0.40161386
0.40161225
0.40160844
0.401603
0.40159652
0.40158933
0.40158153
0.40157297
0.40156317
0.40155196
0.40153915
0.40152517
0.40151042
0.4014959
0.40148237
0.4014708
0.40146208
0.40145677
0.40145513
0.40145737
0.4014634
0.4014731
0.40148628
0.40150282
0.4015223
0.4015443
0.40156803
0.40159255
0.40161705
0.4016406
0.40166262
0.40168253
0.40169966
0.4017136
0.40172428
0.40173188
0.4017372
0.40174115
0.40174472
0.4017485
0.40175274
0.40175706
0.401761
0.40176407
0.4017659
0.40176657
0.40176585
0.40176368
0.40175974
0.40175343
0.4017443
0.4017322
0.4017173
0.40170023
0.4016816
0.4016623
0.4016431
0.40162474
0.40160805
0.40159348
0.40158126
0.4015713
0.4015629
0.40155545
0.40154818
0.4015407
0.4015329
0.40152478
0.40151694
0.40151003
0.40150484
0.40150225
0.40150294
0.4015072
0.40151528
0.40152693
0.40154138
0.40155774
0.40157443
0.40159014
0.4016033
0.40161312
0.40161943
0.40162256
0.40162355
0.40162364
0.4016238
0.4016247
0.40162653
0.40162927
0.40163293
0.40163782
0.4016443
0.4016525
0.4016623
0.4016731
0.40168405
0.4016941
0.40170255
0.40170902
0.40171376
0.40171728
0.40172046
0.40172398
0.40172842
0.40173346
0.401739
0.40174457
0.40174928
0.4017523
0.40175274
0.4017499
0.40174362
0.40173396
0.40172118
0.40170547
0.40168738
0.4016674
0.40164644
0.4016249
0.40160337
0.40158224
0.40156177
0.40154257
0.40152544
0.4015107
0.40149906
0.40149114
0.40148732
0.4014879
0.40149313
0.40150297
0.40151754
0.4015365
0.40155944
0.40158564
0.4016142
0.40164366
0.4016725
0.40169892
0.40172118
0.40173754
0.40174693
0.40174845
0.40174183
0.40172735
0.40170604
0.4016792
0.4016486
0.40161636
0.40158442
0.40155482
0.40152892
0.40150803
0.4014929
0.40148407
0.40148163
0.40148547
0.4014949
0.4015092
0.4015272
0.4015476
0.40156913
0.4015905
0.401611
0.40162984
0.40164676
0.40166137
0.40167305
0.4016813
0.40168583
0.4016867
0.4016844
0.4016796
0.4016729
0.40166482
0.40165615
0.40164688
0.40163752
0.40162826
0.40161926
0.40161073
0.4016028
0.4015956
0.40158936
0.4015847
0.40158212
0.40158197
0.4015844
0.40158927
0.4015963
0.40160468
0.40161362
0.40162218
0.40162933
0.40163472
0.40163824
0.4016404
0.4016418
0.40164298
0.40164423
0.40164554
0.4016466
0.40164706
0.40164617
0.4016436
0.4016394
0.40163434
0.40162906
0.40162483
0.40162227
0.4016221
0.40162438
0.4016286
0.40163395
0.40163898
0.40164244
0.40164334
0.4016411
0.40163556
0.4016268
0.4016155
0.40160224
0.4015877
0.40157226
0.40155652
0.4015407
0.4015254
0.4015111
0.40149805
0.40148658
0.401477
0.40146965
0.40146473
0.40146273
0.4014641
0.40146923
0.4014787
0.40149307
0.40151268
0.40153775
0.401568
0.40160286
0.4016415
0.40168235
0.40172398
0.40176493
0.40180367
0.4018393
0.40187111
0.40189868
0.40192172
0.40194017
0.40195397
0.40196308
0.4019676
0.40196759
0.40196335
0.4019552
0.40194356
0.40192893
0.40191177
0.40189242
0.40187123
0.40184867
0.40182522
0.40180156
0.4017787
0.40175793
0.40174022
0.40172648
0.40171716
0.40171215
0.401711
0.4017135
0.40171924
0.4017281
0.40173963
0.40175298
0.40176705
0.4017805
0.40179172
0.40179995
0.4018042
0.40180403
0.40179974
0.4017917
0.40178066
0.4017674
0.40175256
0.4017361
0.4017181
0.40169832
0.40167645
0.40165272
0.4016274
0.40160134
0.40157574
0.4015519
0.40153104
0.4015143
0.40150237
0.40149578
0.4014944
0.4014981
0.4015062
0.40151787
0.40153185
0.40154675
0.40156102
0.40157315
0.40158206
0.40158716
0.40158844
0.40158632
0.4015816
0.40157536
0.40156856
0.40156204
0.40155634
0.40155172
0.4015482
0.40154552
0.40154338
0.40154156
0.40153968
0.40153766
0.40153563
0.40153387
0.40153283
0.40153325
0.40153578
0.40154096
0.4015492
0.40156022
0.40157378
0.40158904
0.40160456
0.40161908
0.4016307
0.4016379
0.40163985
0.40163612
0.4016269
0.40161303
0.4015956
0.40157613
0.40155628
0.40153742
0.40152082
0.40150765
0.40149865
0.40149435
0.40149495
0.40150017
0.40150973
0.40152296
0.40153944
0.4015585
0.40157947
0.4016018
0.40162474
0.40164754
0.40166888
0.40168747
0.40170228
0.40171236
0.40171722
0.40171674
0.4017111
0.4017008
0.40168697
0.4016709
0.40165415
0.4016384
0.40162483
0.40161464
0.4016085
0.4016069
0.40160975
0.4016166
0.40162668
0.40163898
0.4016525
0.40166605
0.4016785
0.40168917
0.4016977
0.4017042
0.40170926
0.40171373
0.40171883
0.40172523
0.40173328
0.40174264
0.40175232
0.4017611
0.40176755
0.40177062
0.40176946
0.40176368
0.40175334
0.40173906
0.40172178
0.4017031
0.40168476
0.40166843
0.40165564
0.4016475
0.40164462
0.40164706
0.401654
0.40166417
0.4016756
0.40168652
0.40169504
0.40170002
0.40170062
0.40169668
0.4016885
0.40167642
0.4016611
0.40164286
0.40162218
0.40159938
0.40157542
0.4015512
0.4015279
0.40150657
0.40148786
0.40147245
0.40146083
0.40145323
0.40144968
0.40145028
0.40145507
0.40146407
0.40147728
0.4014946
0.40151533
0.4015388
0.40156367
0.40158844
0.40161133
0.4016307
0.401645
0.40165326
0.4016551
0.4016507
0.40164068
0.40162647
0.40160954
0.40159136
0.40157324
0.40155637
0.40154132
0.4015287
0.4015185
0.401511
0.40150616
0.401504
0.40150425
0.4015064
0.40151
0.4015144
0.4015192
0.40152392
0.40152824
0.40153202
0.4015351
0.40153757
0.40153974
0.4015417
0.40154353
0.40154526
0.40154707
0.40154934
0.4015529
0.40155822
0.40156573
0.40157545
0.40158695
0.40159938
0.40161163
0.40162218
0.40162966
0.40163282
0.40163088
0.40162385
0.40161237
0.40159762
0.40158096
0.40156388
0.40154764
0.40153307
0.40152076
0.4015108
0.4015032
0.40149778
0.4014943
0.40149245
0.40149182
0.40149218
0.40149328
0.40149468
0.40149617
0.40149742
0.4014982
0.40149885
0.40149957
0.40150067
0.40150246
0.40150535
0.4015096
0.40151545
0.40152314
0.4015326
0.40154386
0.4015566
0.4015704
0.4015849
0.40159908
0.4016121
0.4016226
0.40162995
0.40163347
0.4016334
0.40163037
0.4016251
0.40161842
0.4016112
0.4016041
0.4015976
0.40159202
0.40158752
0.40158364
0.40157992
0.40157565
0.40157032
0.40156403
0.40155736
0.40155098
0.4015457
0.40154225
0.40154096
0.40154183
0.4015444
0.4015477
0.4015508
0.40155235
0.40155146
0.40154752
0.40154058
0.4015313
0.40152055
0.4015096
0.40149966
0.4014917
0.40148672
0.40148535
0.40148768
0.40149376
0.40150315
0.40151504
0.40152848
0.40154222
0.4015547
0.4015647
0.40157127
0.40157416
0.40157375
0.40157062
0.40156573
0.40155992
0.40155402
0.40154865
0.40154406
0.40154043
0.40153807
0.4015373
0.4015383
0.40154096
0.401545
0.4015499
0.4015552
0.40156078
0.4015662
0.40157148
0.40157706
0.40158328
0.40159044
0.40159917
0.4016101
0.40162364
0.40163937
0.40165702
0.40167528
0.40169284
0.40170822
0.40172014
0.40172765
0.40173006
0.4017275
0.40172014
0.40170887
0.4016949
0.40167937
0.4016632
0.4016471
0.40163147
0.40161628
0.4016015
0.40158698
0.401573
0.40155983
0.4015477
0.4015367
0.4015273
0.4015195
0.40151337
0.40150884
0.40150532
0.4015023
0.4014992
0.4014958
0.40149197
0.40148786
0.40148395
0.40148082
0.40147895
0.40147913
0.4014821
0.4014885
0.40149856
0.40151227
0.40152904
0.40154818
0.40156844
0.40158862
0.40160763
0.40162498
0.40164033
0.401654
0.40166628
0.4016776
0.40168828
0.40169814
0.40170664
0.40171322
0.4017172
0.40171838
0.40171707
0.4017136
0.40170854
0.40170223
0.4016947
0.40168577
0.40167558
0.40166438
0.4016528
0.40164196
0.40163267
0.40162542
0.40162063
0.40161806
0.40161732
0.40161774
0.40161884
0.40162036
0.40162253
0.40162575
0.40163052
0.401637
0.4016449
0.4016534
0.40166125
0.4016671
0.40166947
0.4016678
0.40166184
0.40165204
0.40163913
0.401624
0.40160763
0.40159076
0.40157396
0.4015577
0.40154245
0.40152898
0.40151778
0.40150955
0.40150458
0.40150297
0.40150452
0.4015088
0.401515
0.4015222
0.40152916
0.401535
0.4015386
0.40153968
0.40153867
0.40153638
0.40153396
0.40153295
0.40153456
0.40153968
0.40154898
0.4015626
0.40158045
0.4016017
0.40162572
0.40165126
0.40167704
0.40170205
0.4017252
0.4017461
0.40176436
0.40177962
0.40179148
0.4017996
0.40180385
0.4018044
0.40180138
0.40179536
0.4017869
0.40177667
0.4017652
0.40175283
0.40173987
0.4017265
0.4017134
0.4017013
0.4016912
0.4016839
0.4016797
0.40167862
0.4016802
0.40168354
0.4016877
0.4016919
0.4016961
0.40170044
0.40170568
0.4017126
0.40172178
0.40173328
0.40174654
0.40176055
0.40177405
0.40178576
0.4017944
0.4017991
0.4017995
0.4017955
0.40178737
0.40177608
0.4017625
0.40174788
0.40173346
0.40172014
0.4017084
0.40169838
0.4016901
0.40168327
0.40167773
0.4016735
0.40167084
0.40167034
0.4016725
0.40167746
0.40168512
0.40169492
0.40170598
0.40171728
0.401728
0.40173745
0.40174535
0.40175152
0.401756
0.40175852
0.40175906
0.4017575
0.401754
0.4017486
0.40174192
0.40173468
0.4017271
0.40171972
0.4017122
0.401704
0.40169463
0.40168336
0.40166998
0.4016545
0.40163708
0.40161833
0.40159872
0.40157923
0.4015606
0.4015437
0.401529
0.40151653
0.40150648
0.4014984
0.40149233
0.4014879
0.40148482
0.4014828
0.40148145
0.40148053
0.40147966
0.4014788
0.40147796
0.40147737
0.40147734
0.40147838
0.40148112
0.40148616
0.40149382
0.4015043
0.4015176
0.40153357
0.40155184
0.4015717
0.40159217
0.401612
0.40163
0.40164524
0.40165716
0.40166578
0.4016715
0.40167502
0.4016773
0.40167928
0.40168154
0.40168455
0.40168807
0.40169176
0.4016954
0.40169865
0.4017016
0.40170437
0.40170705
0.4017093
0.4017106
0.40171024
0.40170762
0.40170243
0.4016946
0.40168437
0.40167227
0.40165922
0.4016459
0.40163317
0.40162122
0.40161029
0.40160033
0.4015912
0.40158343
0.40157714
0.40157276
0.4015705
0.40157026
0.40157205
0.40157524
0.4015793
0.4015837
0.40158767
0.40159076
0.40159234
0.40159205
0.4015898
0.40158588
0.40158066
0.4015748
0.40156883
0.4015639
0.40156096
0.40156105
0.4015647
0.40157253
0.40158442
0.4016
0.4016186
0.4016393
0.40166107
0.40168282
0.40170342
0.40172157
0.40173587
0.40174535
0.40174952
0.40174815
0.40174183
0.4017316
0.4017187
0.4017045
0.40168992
0.40167567
0.4016623
0.40165007
0.4016391
0.40162936
0.40162045
0.40161183
0.4016028
0.40159297
0.40158224
0.40157095
0.40155956
0.40154865
0.40153882
0.40153056
0.40152407
0.40151954
0.40151653
0.40151456
0.40151262
0.40150988
0.4015058
0.4015004
0.40149423
0.40148795
0.40148252
0.4014787
0.4014772
0.4014783
0.40148222
0.4014886
0.40149733
0.4015081
0.40152046
0.401534
0.40154842
0.4015633
0.40157804
0.4015922
0.4016053
0.40161705
0.40162706
0.40163466
0.40163913
0.40164027
0.40163776
0.40163204
0.4016238
0.4016139
0.40160334
0.40159312
0.4015841
0.40157717
0.4015733
0.40157306
0.40157667
0.40158406
0.40159434
0.40160647
0.401619
0.40163043
0.40163958
0.4016459
0.40164956
0.40165114
0.40165195
0.40165305
0.40165544
0.4016595
0.40166512
0.40167162
0.4016779
0.4016826
0.4016845
0.40168276
0.40167704
0.40166757
0.40165505
0.40164062
0.4016256
0.40161127
0.4015985
0.40158802
0.40158024
0.4015754
0.40157345
0.40157434
0.40157795
0.401584
0.4015924
0.40160275
0.40161458
0.4016273
0.40164044
0.40165338
0.4016658
0.40167758
0.40168884
0.4016997
0.40171006
0.4017198
0.40172824
0.4017346
0.4017379
0.40173742
0.40173304
0.4017249
0.4017138
0.401701
0.40168777
0.40167537
0.4016649
0.4016571
0.4016525
0.40165138
0.401654
0.4016605
0.40167066
0.40168437
0.40170088
0.4017189
0.40173694
0.40175343
0.40176672
0.40177608
0.4017808
0.40178123
0.40177786
0.40177158
0.4017634
0.4017546
0.40174603
0.40173855
0.40173241
0.4017276
0.40172365
0.40171987
0.40171555
0.40171006
0.4017033
0.40169576
0.40168825
0.40168184
0.40167767
0.4016768
0.40167987
0.40168712
0.40169817
0.4017122
0.40172786
0.40174344
0.40175727
0.40176782
0.401774
0.40177503
0.40177047
0.4017605
0.40174526
0.40172535
0.40170145
0.40167466
0.401646
0.4016168
0.40158844
0.40156206
0.4015389
0.40151975
0.40150538
0.40149605
0.40149194
0.401493
0.40149915
0.40151006
0.40152562
0.40154555
0.40156943
0.401597
0.4016276
0.40166017
0.40169308
0.40172482
0.40175343
0.4017772
0.401795
0.40180588
0.4018094
0.40180585
0.4017958
0.40178064
0.4017617
0.4017408
0.4017195
0.40169933
0.4016813
0.40166605
0.401654
0.4016453
0.40163973
0.40163675
0.40163523
0.4016338
0.40163103
0.40162584
0.40161765
0.40160647
0.40159324
0.40157896
0.40156496
0.40155235
0.40154225
0.4015355
0.40153277
0.40153477
0.40154177
0.40155333
0.4015688
0.40158692
0.4016061
0.40162456
0.40164047
0.4016524
0.4016594
0.40166095
0.40165716
0.4016486
0.40163618
0.40162113
0.40160483
0.4015885
0.40157324
0.4015599
0.4015487
0.4015398
0.40153268
0.40152672
0.401521
0.4015146
0.40150714
0.40149844
0.4014889
0.40147918
0.4014701
0.40146244
0.40145668
0.4014531
0.4014518
0.4014528
0.401456
0.40146106
0.40146744
0.40147483
0.40148276
0.40149134
0.40150118
0.40151262
0.40152642
0.40154317
0.40156323
0.40158665
0.40161312
0.401642
0.40167218
0.40170208
0.40172997
0.40175426
0.4017735
0.40178663
0.40179312
0.4017927
0.4017857
0.40177265
0.40175447
0.40173218
0.40170717
0.4016808
0.4016545
0.40162948
0.40160647
0.40158594
0.40156803
0.40155262
0.40153942
0.4015281
0.4015185
0.40151042
0.40150407
0.4014992
0.4014957
0.4014929
0.40149027
0.4014873
0.40148357
0.40147898
0.40147358
0.40146744
0.40146086
0.40145442
0.40144864
0.40144438
0.40144232
0.4014429
0.4014465
0.40145323
0.4014629
0.40147522
0.40148953
0.40150493
0.4015206
0.40153533
0.40154797
0.40155742
0.4015627
0.40156335
0.40155956
0.40155217
0.4015422
0.4015311
0.40152007
0.40150997
0.40150118
0.40149388
0.40148786
0.4014828
0.40147817
0.4014742
0.40147093
0.4014688
0.40146807
0.40146923
0.4014724
0.4014777
0.4014849
0.4014936
0.4015033
0.4015133
0.40152296
0.40153164
0.40153906
0.40154514
0.40155002
0.40155387
0.40155712
0.40156028
0.4015638
0.40156838
0.40157443
0.40158257
0.40159297
0.40160567
0.40161985
0.40163457
0.40164828
0.40165964
0.4016674
0.40167102
0.4016705
0.40166646
0.40166032
0.40165344
0.40164736
0.40164307
0.40164104
0.40164104
0.40164226
0.40164384
0.40164477
0.40164444
0.4016424
0.40163878
0.40163368
0.40162772
0.40162113
0.4016143
0.40160728
0.40160006
0.40159252
0.40158468
0.40157637
0.4015677
0.40155876
0.40154964
0.40154076
0.40153244
0.40152526
0.40151954
0.40151563
0.4015139
0.4015145
0.40151757
0.40152314
0.40153125
0.40154156
0.40155354
0.40156633
0.40157914
0.4015913
0.40160215
0.40161127
0.40161806
0.40162215
0.40162337
0.40162155
0.40161708
0.40161073
0.40160334
0.40159598
0.40158936
0.40158427
0.40158075
0.40157917
0.4015794
0.40158102
0.40158358
0.4015862
0.4015883
0.40158918
0.40158877
0.40158707
0.4015841
0.40157998
0.4015746
0.40156817
0.40156057
0.40155178
0.40154198
0.40153137
0.40152013
0.40150863
0.40149754
0.40148735
0.40147805
0.4014699
0.4014628
0.40145668
0.40145195
0.40144888
0.40144813
0.40145022
0.4014558
0.40146554
0.4014798
0.40149894
0.40152264
0.40155026
0.40158093
0.40161353
0.40164718
0.401681
0.4017142
0.401746
0.40177533
0.40180093
0.40182188
0.40183717
0.40184632
0.40184915
0.4018456
0.4018362
0.40182158
0.401803
0.4017814
0.40175828
0.40173465
0.4017116
0.40168992
0.4016705
0.40165362
0.4016395
0.40162772
0.4016178
0.40160885
0.40160018
0.40159133
0.40158224
0.40157312
0.40156445
0.4015566
0.40155002
0.40154502
0.4015421
0.40154135
0.401543
0.40154678
0.40155244
0.40155932
0.4015669
0.40157476
0.4015823
0.40158913
0.40159464
0.40159845
0.4016002
0.40159985
0.40159765
0.40159407
0.4015898
0.4015854
0.40158138
0.40157786
0.40157476
0.40157175
0.40156803
0.4015631
0.40155646
0.40154815
0.4015385
0.40152824
0.40151823
0.4015093
0.40150228
0.40149757
0.4014954
0.4014956
0.40149805
0.4015022
0.40150768
0.40151393
0.40152088
0.40152812
0.40153533
0.40154222
0.40154856
0.40155414
0.40155876
0.40156206
0.40156376
0.40156394
0.40156293
0.40156168
0.40156105
0.4015619
0.40156454
0.40156907
0.4015747
0.40158054
0.40158546
0.40158844
0.4015893
0.4015883
0.40158603
0.40158358
0.40158203
0.40158242
0.40158528
0.40159103
0.40159994
0.401612
0.40162715
0.4016453
0.40166605
0.4016889
0.40171325
0.40173826
0.40176287
0.401786
0.40180638
0.40182304
0.40183526
0.4018421
0.4018432
0.40183806
0.4018269
0.40180987
0.40178794
0.40176213
0.40173396
0.40170488
0.40167627
0.40164915
0.40162423
0.40160167
0.4015816
0.4015635
0.40154696
0.40153176
0.40151778
0.40150538
0.40149486
0.40148664
0.40148118
0.4014789
0.40148005
0.40148458
0.40149236
0.40150297
0.40151596
0.4015308
0.40154713
0.4015646
0.40158305
0.40160245
0.4016224
0.40164232
0.40166098
0.40167713
0.40168923
0.40169606
0.40169695
0.4016919
0.4016815
0.40166706
0.40165013
0.4016323
0.40161505
0.40159947
0.40158647
0.40157637
0.4015696
0.40156618
0.40156603
0.4015689
0.40157405
0.40158063
0.4015874
0.40159318
0.40159672
0.4015973
0.40159443
0.4015883
0.40157956
0.40156898
0.40155745
0.40154582
0.40153474
0.40152493
0.40151697
0.4015116
0.401509
0.4015092
0.40151206
0.40151703
0.40152335
0.40153033
0.4015372
0.40154362
0.4015495
0.40155488
0.40156004
0.40156513
0.40156993
0.40157443
0.4015782
0.40158093
0.4015823
0.40158206
0.40158013
0.40157613
0.40157044
0.4015635
0.40155607
0.40154925
0.40154383
0.40154082
0.4015408
0.40154418
0.40155113
0.40156156
0.40157497
0.40159056
0.40160745
0.40162438
0.40164027
0.4016541
0.40166527
0.40167338
0.4016783
0.40167996
0.40167823
0.4016727
0.4016633
0.40164992
0.401633
0.40161327
0.40159193
0.40156996
0.4015485
0.40152854
0.40151075
0.4014956
0.4014835
0.40147445
0.40146872
0.40146625
0.4014669
0.40147033
0.4014759
0.40148297
0.40149078
0.40149856
0.40150583
0.40151212
0.40151703
0.40152022
0.40152133
0.40152
0.40151596
0.40150905
0.40149975
0.40148854
0.40147632
0.4014641
0.4014531
0.4014442
0.40143847
0.4014365
0.4014384
0.4014443
0.40145382
0.40146667
0.4014822
0.4014997
0.40151802
0.4015361
0.40155265
0.40156665
0.4015772
0.40158406
0.4015874
0.4015877
0.40158555
0.4015815
0.40157613
0.40157008
0.4015641
0.40155882
0.40155452
0.40155146
0.40154988
0.4015496
0.4015507
0.401553
0.40155625
0.4015602
0.40156433
0.4015681
0.4015711
0.40157288
0.40157357
0.4015736
0.40157312
0.40157294
0.40157366
0.40157562
0.401579
0.40158376
0.40158966
0.40159613
0.40160283
0.40160924
0.40161481
0.40161917
0.40162185
0.40162244
0.40162054
0.40161574
0.40160814
0.40159792
0.40158573
0.4015722
0.40155813
0.40154448
0.4015319
0.40152127
0.40151292
0.40150744
0.4015052
0.40150663
0.4015119
0.40152094
0.4015337
0.40154967
0.40156785
0.40158716
0.40160593
0.4016226
0.40163597
0.40164533
0.4016504
0.40165162
0.4016498
0.40164605
0.40164134
0.40163645
0.40163174
0.4016272
0.40162277
0.40161797
0.40161264
0.40160644
0.40159926
0.40159133
0.40158334
0.40157613
0.4015706
0.40156755
0.40156728
0.40156978
0.40157494
0.40158206
0.40159085
0.40160078
0.4016115
0.40162304
0.4016351
0.4016479
0.40166092
0.40167364
0.40168533
0.40169567
0.40170428
0.40171146
0.40171742
0.40172204
0.40172493
0.40172544
0.40172306
0.40171754
0.40170896
0.40169805
0.4016855
0.40167233
0.40165928
0.401647
0.40163568
0.40162516
0.40161514
0.40160516
0.40159497
0.4015846
0.40157428
0.40156454
0.40155584
0.40154842
0.40154254
0.4015382
0.40153536
0.4015342
0.40153491
0.40153775
0.40154272
0.40154982
0.40155864
0.40156883
0.40157977
0.40159085
0.40160108
0.4016097
0.40161592
0.4016196
0.4016208
0.40162012
0.4016178
0.4016142
0.40160945
0.4016034
0.40159598
0.40158725
0.4015774
0.40156665
0.40155545
0.4015437
0.40153173
0.40151978
0.40150836
0.4014981
0.40148973
0.4014838
0.40148082
0.40148088
0.40148407
0.40149015
0.40149894
0.40150994
0.40152273
0.4015367
0.40155146
0.40156716
0.4015843
0.4016042
0.40162888
0.40166166
0.40170693
0.40177113
0.4018625
0.40199238
0.4021768
0.40243852
0.4028066
0.4033228
0.40404513
0.4050527
0.40645263
0.408388
0.411081
0.41475645
0.4197243
0.42645836
0.43560165
0.4477641
