0.44254234
0.4320304
0.42414674
0.4182136
0.41378704
0.4105218
0.4081317
0.4063751
0.40509015
0.40415648
0.403477
0.40298334
0.4026248
0.40236416
0.40217423
0.4020351
0.40193218
0.40185454
0.4017939
0.4017443
0.40170175
0.40166366
0.4016289
0.40159717
0.40156826
0.40154234
0.4015193
0.40149903
0.40148157
0.40146673
0.40145478
0.40144584
0.4014403
0.40143824
0.40143943
0.4014436
0.4014504
0.4014592
0.4014695
0.40148088
0.40149277
0.40150484
0.40151626
0.40152675
0.4015357
0.40154302
0.40154883
0.40155327
0.40155652
0.40155873
0.40156004
0.4015606
0.4015605
0.4015597
0.4015583
0.40155628
0.4015534
0.4015496
0.4015451
0.40154028
0.40153566
0.4015316
0.40152848
0.40152627
0.40152505
0.40152493
0.40152583
0.40152737
0.4015293
0.4015312
0.4015328
0.40153396
0.40153474
0.40153527
0.40153617
0.4015379
0.4015414
0.40154734
0.4015562
0.4015683
0.40158364
0.40160182
0.40162212
0.40164384
0.40166622
0.40168896
0.40171117
0.40173197
0.40175027
0.4017653
0.4017764
0.40178332
0.40178615
0.40178522
0.401781
0.40177435
0.40176564
0.40175566
0.40174428
0.40173155
0.40171736
0.40170178
0.40168506
0.4016677
0.40165067
0.40163496
0.4016215
0.401611
0.40160385
0.4016002
0.40159988
0.40160236
0.40160707
0.40161335
0.40162063
0.40162817
0.40163574
0.40164277
0.40164903
0.4016541
0.40165794
0.40166014
0.40166047
0.4016582
0.40165254
0.4016433
0.4016306
0.40161532
0.40159887
0.4015829
0.40156892
0.40155807
0.40155113
0.40154815
0.4015485
0.40155146
0.40155575
0.40155986
0.40156254
0.40156275
0.40156013
0.4015546
0.40154678
0.40153745
0.4015277
0.40151846
0.4015105
0.40150452
0.40150124
0.401501
0.40150443
0.40151188
0.40152374
0.40153986
0.40155992
0.40158308
0.40160832
0.40163404
0.40165854
0.40167978
0.4016961
0.40170625
0.40170947
0.4017057
0.4016954
0.40167946
0.40165928
0.40163642
0.40161258
0.4015893
0.4015679
0.4015493
0.40153414
0.4015226
0.40151465
0.4015101
0.40150863
0.40150976
0.4015131
0.40151814
0.4015243
0.4015312
0.40153873
0.40154734
0.40155745
0.40156952
0.40158406
0.40160125
0.40162122
0.40164366
0.40166804
0.40169367
0.40171972
0.40174466
0.401767
0.4017853
0.4017985
0.40180594
0.40180746
0.40180358
0.40179497
0.4017826
0.40176776
0.40175155
0.40173534
0.40172014
0.4017069
0.4016964
0.40168935
0.4016862
0.4016871
0.4016918
0.4016996
0.40170956
0.4017205
0.40173143
0.40174115
0.40174907
0.40175462
0.40175796
0.4017594
0.40175945
0.40175864
0.4017571
0.40175486
0.4017512
0.40174532
0.40173653
0.40172443
0.40170914
0.40169114
0.40167108
0.40165028
0.40162978
0.40161076
0.40159425
0.40158135
0.40157297
0.40156972
0.40157193
0.4015793
0.4015911
0.40160662
0.40162447
0.4016434
0.4016621
0.40167913
0.40169317
0.401703
0.40170795
0.40170777
0.40170258
0.40169302
0.4016796
0.40166306
0.40164438
0.40162423
0.40160358
0.40158314
0.40156335
0.4015447
0.40152708
0.40151075
0.4014959
0.40148285
0.40147176
0.4014628
0.40145627
0.4014525
0.40145168
0.40145388
0.4014587
0.40146568
0.4014741
0.40148312
0.40149167
0.40149865
0.40150297
0.40150407
0.40150186
0.40149716
0.40149102
0.40148443
0.40147868
0.4014744
0.4014723
0.40147272
0.4014759
0.40148187
0.40149033
0.4015011
0.40151346
0.40152705
0.40154105
0.40155476
0.4015677
0.40157938
0.40158936
0.40159756
0.4016039
0.40160912
0.4016142
0.40162
0.40162712
0.4016356
0.40164512
0.40165487
0.40166378
0.4016708
0.4016756
0.401678
0.40167832
0.40167716
0.401675
0.4016722
0.40166903
0.40166554
0.40166157
0.40165713
0.40165237
0.40164787
0.40164408
0.4016418
0.4016413
0.40164274
0.4016458
0.40165
0.40165427
0.40165734
0.40165776
0.4016547
0.40164778
0.40163732
0.4016243
0.40160975
0.40159503
0.40158123
0.4015692
0.40155947
0.40155232
0.40154743
0.40154442
0.4015425
0.4015409
0.40153867
0.4015353
0.4015307
0.40152484
0.40151843
0.40151185
0.4015058
0.40150085
0.4014976
0.40149638
0.4014975
0.4015009
0.4015064
0.40151373
0.4015222
0.40153122
0.40154004
0.40154815
0.40155515
0.4015611
0.40156606
0.40156993
0.4015725
0.40157324
0.40157196
0.4015687
0.40156364
0.4015572
0.40154994
0.40154243
0.40153533
0.40152955
0.40152574
0.40152448
0.40152618
0.40153056
0.40153736
0.40154576
0.40155476
0.4015635
0.40157115
0.40157703
0.40158042
0.4015811
0.4015791
0.40157476
0.40156895
0.40156248
0.40155652
0.40155226
0.40155062
0.40155223
0.4015572
0.40156528
0.40157557
0.4015872
0.401599
0.4016101
0.40161994
0.40162873
0.40163687
0.40164483
0.40165326
0.40166205
0.401671
0.4016791
0.4016851
0.40168765
0.40168554
0.40167838
0.40166646
0.4016507
0.40163267
0.4016143
0.40159777
0.40158466
0.40157637
0.4015738
0.4015771
0.40158585
0.40159926
0.401616
0.40163475
0.40165374
0.40167114
0.40168542
0.40169522
0.40169993
0.40169927
0.40169367
0.40168422
0.40167218
0.4016593
0.4016474
0.4016376
0.40163094
0.4016276
0.40162727
0.40162927
0.40163252
0.40163592
0.40163878
0.4016407
0.40164164
0.40164185
0.40164134
0.40164
0.40163764
0.40163392
0.40162873
0.40162218
0.401615
0.40160745
0.40160015
0.4015934
0.40158793
0.40158463
0.40158477
0.40158966
0.40159997
0.40161625
0.4016384
0.40166587
0.40169743
0.4017319
0.4017674
0.40180194
0.40183386
0.4018616
0.40188423
0.40190077
0.40191084
0.40191448
0.40191182
0.4019035
0.40189025
0.4018734
0.40185428
0.40183446
0.40181556
0.40179923
0.40178663
0.40177828
0.40177414
0.40177333
0.4017752
0.40177894
0.40178436
0.40179121
0.4017996
0.4018094
0.4018204
0.4018319
0.40184277
0.40185198
0.40185845
0.401861
0.40185905
0.40185204
0.40184033
0.40182438
0.40180513
0.40178373
0.40176144
0.4017396
0.40171903
0.4017005
0.40168378
0.4016686
0.40165442
0.40164095
0.40162832
0.40161642
0.40160552
0.40159532
0.40158588
0.40157726
0.4015698
0.4015637
0.40155905
0.40155584
0.4015537
0.40155208
0.40155065
0.40154907
0.40154755
0.40154624
0.40154532
0.40154484
0.401545
0.40154555
0.4015464
0.4015475
0.40154842
0.4015494
0.40155083
0.4015531
0.4015564
0.4015608
0.40156588
0.40157086
0.40157485
0.401577
0.40157676
0.40157402
0.4015689
0.4015619
0.40155342
0.4015437
0.40153292
0.40152094
0.40150777
0.40149355
0.40147898
0.40146473
0.4014519
0.40144134
0.40143389
0.40143043
0.40143132
0.40143704
0.40144765
0.40146282
0.40148196
0.40150407
0.40152794
0.40155226
0.40157568
0.4015969
0.40161532
0.40163055
0.40164298
0.40165326
0.40166214
0.40167013
0.40167725
0.40168288
0.40168628
0.4016863
0.40168193
0.4016725
0.40165812
0.40163925
0.40161705
0.4015931
0.40156904
0.4015464
0.40152645
0.40151003
0.4014978
0.40149006
0.401487
0.40148836
0.40149382
0.40150282
0.40151462
0.40152857
0.4015442
0.40156078
0.40157822
0.40159628
0.401615
0.40163404
0.40165293
0.40167135
0.40168884
0.40170527
0.40172026
0.4017332
0.4017437
0.40175152
0.4017567
0.40175956
0.40176067
0.4017604
0.40175933
0.40175787
0.4017565
0.4017557
0.40175566
0.40175653
0.40175804
0.40175992
0.4017617
0.401763
0.40176326
0.4017617
0.40175796
0.40175176
0.40174365
0.40173438
0.401725
0.4017164
0.40170935
0.40170446
0.4017019
0.40170148
0.40170237
0.4017036
0.4017041
0.40170327
0.40170082
0.40169677
0.4016915
0.4016851
0.40167746
0.40166852
0.40165794
0.40164518
0.4016302
0.40161312
0.40159437
0.40157476
0.40155533
0.40153682
0.4015201
0.40150574
0.40149415
0.40148568
0.4014805
0.40147844
0.40147948
0.40148324
0.40148914
0.40149656
0.4015047
0.40151277
0.40152013
0.40152603
0.4015298
0.4015308
0.4015289
0.40152407
0.40151697
0.4015087
0.40150005
0.4014917
0.40148383
0.4014763
0.40146863
0.4014604
0.4014514
0.40144193
0.40143242
0.4014236
0.40141603
0.40141022
0.40140688
0.4014062
0.40140852
0.40141368
0.40142182
0.4014328
0.40144643
0.40146255
0.40148067
0.40150025
0.40152055
0.40154073
0.4015601
0.40157795
0.40159416
0.4016091
0.40162346
0.40163782
0.40165257
0.40166757
0.40168226
0.40169582
0.401707
0.40171486
0.40171877
0.40171894
0.4017159
0.40171066
0.4017048
0.40169936
0.40169516
0.4016925
0.40169102
0.40169027
0.40168935
0.40168723
0.4016835
0.40167776
0.40166998
0.40166047
0.40164968
0.40163803
0.40162602
0.4016143
0.40160394
0.40159598
0.4015915
0.40159118
0.40159535
0.40160415
0.40161714
0.4016334
0.40165174
0.4016704
0.40168747
0.40170148
0.40171084
0.4017147
0.40171275
0.40170497
0.4016922
0.40167567
0.4016568
0.40163702
0.40161744
0.4015988
0.40158162
0.401566
0.40155196
0.40153915
0.4015273
0.40151617
0.4015057
0.40149596
0.40148732
0.4014804
0.40147573
0.40147358
0.4014744
0.40147844
0.4014861
0.40149742
0.4015126
0.40153158
0.40155402
0.4015794
0.4016068
0.40163514
0.40166292
0.40168864
0.40171105
0.40172935
0.40174326
0.4017529
0.4017588
0.40176126
0.40176064
0.40175703
0.4017503
0.40174058
0.40172797
0.40171278
0.40169564
0.4016774
0.40165886
0.40164065
0.401623
0.40160587
0.4015888
0.40157142
0.40155333
0.40153474
0.40151608
0.40149802
0.40148136
0.40146667
0.40145442
0.40144497
0.4014384
0.40143472
0.40143386
0.40143567
0.40144008
0.4014469
0.40145588
0.40146667
0.4014787
0.40149152
0.40150478
0.40151817
0.40153158
0.40154532
0.40155944
0.40157402
0.40158844
0.40160218
0.40161437
0.40162435
0.4016317
0.4016362
0.40163806
0.40163732
0.4016342
0.40162864
0.4016208
0.40161073
0.40159878
0.40158573
0.40157238
0.40155974
0.40154856
0.40153912
0.4015313
0.401525
0.40151975
0.40151566
0.40151307
0.40151256
0.40151486
0.40152046
0.40152994
0.40154323
0.40156004
0.4015797
0.40160078
0.40162167
0.4016404
0.40165535
0.40166524
0.40166947
0.40166798
0.40166163
0.4016512
0.40163848
0.40162465
0.40161115
0.40159887
0.40158862
0.40158087
0.40157577
0.40157315
0.40157264
0.40157393
0.4015764
0.4015794
0.40158245
0.40158546
0.40158862
0.40159252
0.40159765
0.40160415
0.4016121
0.40162098
0.40162995
0.40163794
0.40164393
0.40164718
0.40164733
0.4016447
0.4016399
0.40163407
0.40162802
0.40162256
0.40161818
0.40161496
0.4016127
0.40161103
0.40160963
0.4016083
0.4016068
0.4016056
0.40160534
0.40160665
0.40161
0.40161556
0.4016232
0.40163243
0.4016427
0.40165326
0.40166315
0.40167174
0.40167877
0.40168378
0.4016866
0.40168688
0.4016841
0.40167817
0.40166906
0.40165734
0.40164387
0.40162995
0.40161663
0.40160504
0.4015956
0.4015884
0.40158314
0.4015792
0.40157586
0.4015725
0.40156838
0.40156317
0.4015567
0.40154892
0.40154037
0.4015316
0.4015233
0.40151587
0.40150958
0.4015045
0.40150034
0.4014967
0.4014932
0.4014893
0.4014851
0.40148082
0.40147728
0.40147525
0.40147546
0.40147856
0.40148464
0.4014938
0.40150547
0.40151885
0.4015329
0.40154603
0.40155712
0.40156487
0.40156874
0.40156856
0.40156502
0.40155932
0.40155292
0.40154743
0.4015442
0.40154448
0.4015491
0.40155837
0.40157235
0.40159044
0.40161175
0.40163514
0.4016593
0.40168342
0.40170664
0.4017286
0.40174916
0.4017678
0.40178397
0.40179682
0.40180567
0.40181
0.40180996
0.40180573
0.40179807
0.40178773
0.40177536
0.40176147
0.4017458
0.40172833
0.40170896
0.40168825
0.40166688
0.40164602
0.40162683
0.40161029
0.401597
0.40158725
0.40158084
0.40157726
0.4015758
0.40157574
0.40157664
0.40157828
0.40158093
0.40158486
0.40159035
0.40159723
0.40160516
0.40161365
0.40162244
0.40163144
0.4016412
0.40165216
0.40166485
0.40167937
0.4016955
0.40171266
0.40173
0.40174624
0.4017602
0.4017704
0.40177622
0.401777
0.40177265
0.40176326
0.40174952
0.4017323
0.40171283
0.40169242
0.40167236
0.4016538
0.4016378
0.40162522
0.4016168
0.4016129
0.40161356
0.40161857
0.40162742
0.40163925
0.4016532
0.40166825
0.40168336
0.4016972
0.40170825
0.40171543
0.4017176
0.40171435
0.40170556
0.4016917
0.40167385
0.4016536
0.40163246
0.4016121
0.40159407
0.40157947
0.4015693
0.4015639
0.4015635
0.40156785
0.40157676
0.40158972
0.40160593
0.4016245
0.40164417
0.4016633
0.40168
0.4016927
0.40170005
0.40170118
0.4016962
0.4016855
0.40167028
0.40165216
0.4016327
0.40161365
0.4015965
0.40158236
0.40157205
0.40156615
0.40156472
0.4015677
0.4015746
0.40158468
0.40159696
0.40161073
0.40162534
0.40164027
0.40165505
0.40166914
0.40168232
0.4016942
0.40170413
0.40171114
0.40171438
0.40171316
0.40170723
0.40169677
0.40168205
0.4016639
0.40164313
0.40162066
0.4015973
0.4015739
0.40155175
0.4015318
0.40151477
0.40150103
0.40149072
0.40148345
0.40147886
0.4014761
0.40147462
0.40147403
0.40147412
0.40147492
0.40147635
0.4014788
0.4014823
0.40148705
0.40149298
0.40149984
0.40150732
0.40151528
0.4015235
0.40153193
0.4015407
0.40154982
0.4015595
0.40157008
0.4015815
0.40159377
0.40160677
0.40162045
0.40163505
0.40165085
0.4016681
0.40168667
0.40170604
0.40172553
0.40174398
0.40176
0.40177238
0.40178013
0.40178254
0.40177953
0.4017716
0.4017595
0.40174422
0.4017269
0.40170842
0.40168968
0.4016712
0.4016534
0.40163642
0.40161988
0.40160364
0.40158784
0.40157264
0.40155822
0.40154472
0.40153226
0.40152082
0.40151063
0.401502
0.40149546
0.40149134
0.4014899
0.40149102
0.40149444
0.40149954
0.4015054
0.40151116
0.40151566
0.40151834
0.4015188
0.40151742
0.40151474
0.40151176
0.40150958
0.40150905
0.40151075
0.40151507
0.40152192
0.401531
0.4015417
0.40155324
0.4015647
0.40157533
0.40158406
0.40159014
0.40159288
0.40159205
0.40158787
0.40158138
0.4015736
0.40156615
0.40156
0.40155593
0.40155426
0.40155488
0.4015574
0.40156096
0.40156484
0.40156844
0.40157175
0.40157482
0.4015778
0.40158078
0.4015834
0.40158522
0.40158594
0.40158525
0.40158322
0.40158042
0.40157765
0.4015758
0.4015754
0.40157676
0.40157986
0.40158427
0.40158904
0.40159333
0.40159586
0.40159586
0.40159276
0.40158683
0.4015786
0.4015691
0.40155926
0.4015501
0.40154243
0.40153673
0.4015333
0.40153217
0.401533
0.4015354
0.401539
0.40154347
0.40154842
0.4015538
0.40155944
0.40156558
0.4015723
0.40158
0.40158862
0.40159807
0.40160802
0.4016183
0.40162858
0.4016388
0.4016488
0.40165854
0.40166813
0.40167794
0.4016884
0.4016996
0.40171146
0.40172333
0.40173432
0.40174368
0.40175113
0.40175647
0.40176007
0.4017624
0.40176386
0.40176472
0.40176496
0.401764
0.40176126
0.4017563
0.40174866
0.40173855
0.40172654
0.4017135
0.40170076
0.40168968
0.40168133
0.40167654
0.40167534
0.40167713
0.40168074
0.40168437
0.40168628
0.4016849
0.4016793
0.40166926
0.40165532
0.4016385
0.4016203
0.401602
0.40158513
0.4015704
0.40155864
0.40155002
0.4015447
0.4015426
0.40154353
0.40154722
0.40155318
0.40156078
0.4015692
0.40157747
0.401585
0.40159136
0.40159625
0.40159938
0.4016004
0.40159932
0.4015965
0.4015925
0.40158805
0.4015839
0.40158084
0.40157896
0.4015787
0.40157968
0.40158147
0.4015835
0.40158534
0.40158665
0.4015876
0.40158844
0.40158966
0.40159127
0.4015934
0.4015957
0.4015976
0.40159872
0.40159878
0.40159762
0.4015951
0.40159127
0.4015863
0.4015804
0.40157393
0.40156698
0.40155986
0.40155226
0.4015442
0.4015355
0.4015261
0.4015159
0.40150505
0.401494
0.40148324
0.4014735
0.40146554
0.40146014
0.4014578
0.40145925
0.40146443
0.40147322
0.4014851
0.40149933
0.4015155
0.40153304
0.4015514
0.40156996
0.40158826
0.40160578
0.40162238
0.40163746
0.40165064
0.40166116
0.40166855
0.4016725
0.40167332
0.4016714
0.40166745
0.40166208
0.4016558
0.40164906
0.40164232
0.40163583
0.40162984
0.40162453
0.4016199
0.40161604
0.4016132
0.40161163
0.40161133
0.4016125
0.4016151
0.40161934
0.4016255
0.4016336
0.40164334
0.4016539
0.4016641
0.4016725
0.4016776
0.40167814
0.40167338
0.4016632
0.40164784
0.40162817
0.4016055
0.40158126
0.40155694
0.4015338
0.4015127
0.40149435
0.40147907
0.40146708
0.40145865
0.4014537
0.40145206
0.40145323
0.4014567
0.40146205
0.4014685
0.40147558
0.401483
0.40149072
0.40149873
0.4015073
0.40151638
0.40152627
0.4015371
0.40154883
0.40156156
0.40157503
0.40158933
0.40160424
0.40161926
0.40163392
0.40164724
0.40165848
0.40166628
0.40166962
0.40166757
0.40165958
0.401646
0.40162754
0.40160543
0.40158144
0.40155712
0.4015338
0.40151247
0.40149394
0.40147844
0.40146628
0.40145764
0.40145248
0.40145087
0.4014529
0.4014585
0.4014672
0.4014784
0.40149122
0.4015046
0.40151724
0.40152794
0.40153566
0.40153968
0.40153995
0.4015368
0.40153083
0.40152285
0.40151393
0.40150493
0.40149698
0.40149075
0.40148672
0.4014849
0.40148488
0.40148613
0.4014879
0.40148947
0.40149048
0.40149075
0.4014902
0.40148896
0.40148702
0.40148443
0.4014814
0.40147817
0.40147513
0.40147272
0.40147153
0.40147224
0.40147522
0.4014809
0.40148938
0.4015005
0.40151405
0.40152955
0.40154624
0.40156344
0.40157992
0.40159452
0.40160614
0.40161362
0.40161628
0.40161395
0.40160733
0.4015975
0.401586
0.40157455
0.40156454
0.4015571
0.40155283
0.401552
0.40155447
0.40156
0.40156797
0.40157783
0.40158895
0.40160048
0.4016121
0.4016232
0.40163377
0.4016436
0.40165257
0.40166038
0.40166703
0.40167236
0.40167654
0.4016794
0.40168065
0.40167984
0.40167654
0.40167084
0.40166324
0.40165427
0.40164486
0.40163603
0.40162864
0.40162343
0.4016208
0.40162086
0.40162316
0.4016269
0.4016313
0.40163556
0.40163943
0.40164295
0.40164664
0.40165105
0.4016566
0.40166354
0.40167177
0.40168083
0.40169007
0.4016988
0.40170604
0.4017109
0.40171233
0.4017096
0.40170217
0.40169019
0.40167397
0.40165472
0.40163353
0.40161192
0.40159133
0.40157294
0.4015579
0.40154693
0.4015404
0.4015387
0.40154198
0.40155002
0.40156242
0.40157837
0.40159675
0.40161625
0.4016355
0.40165344
0.4016698
0.40168455
0.40169847
0.4017123
0.40172663
0.40174174
0.4017572
0.40177235
0.40178612
0.40179786
0.40180668
0.4018125
0.40181544
0.40181607
0.4018153
0.4018141
0.40181315
0.4018131
0.40181375
0.4018147
0.40181494
0.40181357
0.40180972
0.401803
0.4017932
0.40178037
0.40176526
0.40174872
0.4017321
0.40171638
0.40170282
0.40169218
0.40168464
0.40168056
0.40167975
0.40168175
0.401686
0.40169203
0.4016995
0.40170822
0.40171802
0.40172857
0.40173915
0.40174875
0.40175647
0.40176147
0.40176353
0.40176272
0.4017593
0.40175372
0.40174612
0.40173662
0.4017249
0.40171084
0.40169445
0.40167615
0.40165654
0.40163654
0.40161705
0.40159866
0.40158173
0.4015664
0.4015525
0.40153983
0.40152827
0.40151772
0.40150833
0.40150025
0.40149358
0.40148863
0.40148553
0.4014842
0.40148494
0.4014879
0.40149346
0.40150204
0.40151373
0.40152833
0.40154523
0.40156344
0.4015817
0.40159878
0.40161347
0.40162516
0.40163377
0.40164012
0.40164548
0.4016515
0.4016593
0.40167007
0.40168402
0.40170094
0.4017199
0.40173963
0.40175822
0.40177405
0.40178567
0.40179175
0.4017916
0.40178525
0.4017732
0.4017563
0.40173584
0.40171334
0.40169027
0.401668
0.4016477
0.4016299
0.4016149
0.4016028
0.4015934
0.40158656
0.40158206
0.40157974
0.4015794
0.40158084
0.40158376
0.4015883
0.40159407
0.401601
0.4016089
0.40161803
0.40162805
0.40163848
0.4016486
0.40165758
0.40166453
0.4016688
0.40167013
0.4016686
0.40166438
0.4016575
0.4016482
0.40163666
0.40162334
0.4016088
0.40159392
0.40157923
0.40156516
0.40155205
0.40153992
0.40152878
0.40151888
0.4015103
0.4015032
0.40149754
0.40149322
0.40148982
0.4014869
0.40148404
0.4014807
0.4014765
0.40147126
0.40146515
0.40145838
0.40145162
0.40144557
0.40144095
0.4014385
0.40143865
0.40144163
0.40144753
0.40145594
0.40146652
0.40147862
0.4014917
0.4015052
0.4015188
0.40153217
0.4015451
0.40155745
0.40156934
0.4015806
0.40159127
0.40160114
0.40161046
0.4016197
0.40162975
0.40164137
0.4016552
0.4016714
0.40168986
0.40170977
0.40173003
0.40174907
0.4017653
0.40177733
0.40178406
0.40178466
0.40177897
0.40176734
0.40175062
0.40173003
0.4017072
0.4016839
0.40166163
0.40164155
0.40162462
0.40161127
0.40160152
0.401595
0.40159127
0.4015898
0.40159023
0.40159255
0.40159672
0.40160277
0.40161023
0.40161836
0.4016262
0.40163243
0.40163627
0.40163714
0.40163454
0.4016288
0.40162036
0.40160963
0.40159732
0.40158385
0.40157002
0.40155643
0.40154406
0.4015339
0.40152696
0.401524
0.40152535
0.4015312
0.40154096
0.4015541
0.40156966
0.4015867
0.40160435
0.40162182
0.40163895
0.40165538
0.40167108
0.40168542
0.4016978
0.4017076
0.4017144
0.40171838
0.4017195
0.4017179
0.4017137
0.40170676
0.4016972
0.4016854
0.40167168
0.4016569
0.40164137
0.40162593
0.40161103
0.4015973
0.40158513
0.4015746
0.40156564
0.4015577
0.4015504
0.40154317
0.40153584
0.40152845
0.4015216
0.4015156
0.401511
0.40150806
0.40150672
0.40150666
0.40150747
0.4015086
0.40150958
0.4015104
0.40151122
0.40151232
0.40151405
0.40151656
0.40151954
0.40152276
0.40152565
0.40152782
0.40152934
0.40153006
0.4015298
0.40152848
0.4015262
0.40152335
0.40152067
0.40151882
0.40151876
0.4015209
0.4015258
0.4015337
0.40154472
0.40155867
0.4015749
0.4015928
0.40161115
0.40162903
0.4016453
0.40165895
0.40166885
0.40167442
0.40167522
0.40167138
0.4016633
0.4016516
0.40163693
0.4016202
0.40160227
0.40158415
0.40156665
0.4015506
0.40153626
0.40152374
0.4015128
0.40150324
0.40149486
0.4014875
0.40148127
0.40147623
0.4014724
0.40146977
0.40146858
0.40146908
0.40147164
0.40147653
0.40148383
0.40149322
0.401504
0.40151516
0.40152562
0.40153447
0.40154132
0.40154636
0.40155026
0.40155417
0.40155926
0.4015665
0.4015767
0.40158996
0.40160596
0.4016235
0.40164104
0.40165696
0.40166968
0.40167826
0.40168223
0.40168148
0.4016767
0.40166867
0.40165845
0.40164727
0.40163597
0.4016253
0.4016157
0.40160713
0.40159965
0.4015931
0.4015876
0.40158334
0.4015802
0.40157858
0.4015782
0.40157855
0.40157908
0.4015791
0.40157768
0.40157408
0.40156785
0.40155917
0.40154877
0.4015378
0.40152776
0.40152
0.40151575
0.40151584
0.40152067
0.40153015
0.4015438
0.4015606
0.4015794
0.40159872
0.40161702
0.4016332
0.4016466
0.40165743
0.4016662
0.4016741
0.40168202
0.40169096
0.4017013
0.40171278
0.40172493
0.40173668
0.40174714
0.40175512
0.40175992
0.4017611
0.40175864
0.40175298
0.40174457
0.40173405
0.40172234
0.40170977
0.40169695
0.401684
0.40167114
0.40165854
0.40164617
0.4016342
0.40162286
0.40161243
0.40160295
0.40159452
0.40158716
0.401581
0.40157616
0.4015728
0.40157062
0.40156946
0.4015689
0.40156844
0.40156803
0.4015677
0.40156764
0.40156806
0.40156946
0.40157223
0.4015765
0.40158197
0.4015884
0.40159494
0.4016008
0.40160543
0.40160844
0.40161005
0.40161106
0.40161252
0.40161565
0.40162155
0.40163082
0.40164343
0.401659
0.4016764
0.40169394
0.4017101
0.4017234
0.40173268
0.40173712
0.40173662
0.40173137
0.40172237
0.40171084
0.40169868
0.40168744
0.40167847
0.4016724
0.40166935
0.4016688
0.40166953
0.40167013
0.40166914
0.40166545
0.40165845
0.40164798
0.4016346
0.40161896
0.40160218
0.40158522
0.4015689
0.40155372
0.4015402
0.4015286
0.40151957
0.40151402
0.4015129
0.40151697
0.40152654
0.4015418
0.40156206
0.4015866
0.40161404
0.40164283
0.40167132
0.4016977
0.4017201
0.40173697
0.4017474
0.40175048
0.4017463
0.40173542
0.40171906
0.40169898
0.4016771
0.40165564
0.40163648
0.40162107
0.40160984
0.4016026
0.40159842
0.40159592
0.40159357
0.40159008
0.40158442
0.40157613
0.4015654
0.40155253
0.40153834
0.40152347
0.40150878
0.40149468
0.40148112
0.40146804
0.40145537
0.40144306
0.4014313
0.40142
0.40140942
0.40139967
0.40139118
0.40138412
0.40137884
0.4013757
0.40137464
0.40137568
0.40137866
0.40138334
0.40138954
0.4013971
0.40140563
0.4014149
0.40142474
0.40143487
0.40144515
0.40145573
0.40146658
0.40147787
0.40148973
0.40150216
0.40151504
0.40152824
0.40154183
0.40155566
0.40156966
0.40158388
0.401598
0.40161204
0.40162545
0.4016376
0.4016477
0.40165502
0.40165886
0.40165922
0.40165633
0.40165076
0.40164325
0.40163437
0.40162504
0.40161628
0.40160865
0.40160277
0.40159863
0.40159577
0.40159363
0.4015916
0.4015893
0.40158698
0.40158513
0.40158415
0.40158454
0.40158617
0.40158877
0.40159175
0.401594
0.4015945
0.4015922
0.40158668
0.40157786
0.4015665
0.4015535
0.40154046
0.4015284
0.4015185
0.40151176
0.4015086
0.4015092
0.40151352
0.40152124
0.40153182
0.40154454
0.40155864
0.4015735
0.40158838
0.40160254
0.4016155
0.4016268
0.4016361
0.4016429
0.40164664
0.40164697
0.40164334
0.40163597
0.40162528
0.4016117
0.40159583
0.40157855
0.4015606
0.40154254
0.40152493
0.40150812
0.40149266
0.40147883
0.40146685
0.4014569
0.40144876
0.40144226
0.40143728
0.40143389
0.40143216
0.40143222
0.40143418
0.40143788
0.40144318
0.4014497
0.401457
0.4014647
0.40147215
0.40147886
0.4014843
0.40148845
0.40149143
0.40149382
0.40149635
0.40149966
0.40150428
0.4015107
0.4015191
0.40152958
0.40154156
0.4015542
0.40156648
0.40157685
0.4015843
0.40158817
0.40158844
0.4015858
0.4015812
0.40157592
0.40157086
0.40156692
0.40156445
0.4015635
0.40156376
0.40156466
0.40156546
0.40156528
0.40156376
0.40156066
0.40155646
0.40155163
0.4015467
0.4015422
0.40153846
0.4015356
0.40153363
0.40153217
0.40153107
0.40152988
0.40152818
0.401526
0.40152335
0.40152055
0.40151802
0.40151575
0.40151396
0.40151277
0.40151176
0.40151066
0.40150928
0.40150753
0.40150547
0.4015033
0.40150133
0.4014999
0.40149927
0.4014998
0.40150195
0.40150598
0.40151238
0.4015221
0.4015356
0.40155354
0.40157598
0.4016025
0.40163222
0.40166387
0.40169546
0.4017252
0.4017515
0.40177277
0.40178835
0.4017976
0.4018006
0.40179777
0.40179005
0.4017787
0.40176544
0.40175173
0.4017391
0.4017284
0.40172032
0.40171483
0.40171146
0.40170962
0.40170836
0.40170705
0.40170494
0.40170154
0.4016963
0.40168914
0.40168017
0.4016698
0.40165895
0.4016483
0.40163866
0.4016302
0.40162277
0.40161565
0.40160784
0.40159813
0.40158588
0.40157074
0.40155318
0.401534
0.401514
0.40149426
0.40147585
0.40145957
0.40144628
0.4014364
0.4014301
0.40142766
0.4014287
0.4014331
0.40144035
0.40144995
0.40146127
0.40147388
0.40148735
0.40150145
0.40151587
0.4015304
0.4015447
0.40155837
0.40157127
0.40158284
0.40159252
0.4015998
0.4016038
0.40160412
0.40160066
0.40159363
0.40158367
0.40157136
0.4015575
0.40154275
0.40152764
0.40151277
0.40149888
0.40148667
0.4014769
0.40147012
0.40146685
0.40146708
0.4014707
0.40147743
0.40148672
0.40149814
0.4015114
0.4015263
0.40154243
0.40155932
0.40157658
0.4015939
0.401611
0.40162748
0.4016428
0.40165612
0.40166655
0.40167338
0.40167645
0.40167615
0.4016732
0.4016684
0.40166247
0.40165627
0.4016502
0.40164465
0.40164006
0.40163687
0.40163508
0.40163466
0.40163523
0.40163633
0.40163717
0.40163717
0.4016352
0.4016307
0.40162364
0.40161422
0.40160346
0.40159234
0.4015818
0.40157264
0.40156522
0.40155935
0.40155455
0.40154997
0.4015447
0.4015381
0.40152994
0.40152055
0.40151042
0.4015005
0.40149185
0.40148565
0.4014829
0.40148446
0.40149084
0.40150207
0.40151793
0.4015379
0.40156093
0.40158594
0.40161136
0.4016354
0.40165648
0.40167278
0.40168345
0.40168798
0.40168625
0.4016789
0.4016667
0.40165105
0.40163347
0.4016154
0.40159824
0.4015832
0.4015712
0.4015629
0.4015586
0.40155828
0.40156186
0.40156907
0.4015797
0.40159374
0.401611
0.4016313
0.4016546
0.4016805
0.40170795
0.40173563
0.4017618
0.4017848
0.40180326
0.40181607
0.40182287
0.4018235
0.40181822
0.4018078
0.40179336
0.40177622
0.4017578
0.40173948
0.40172204
0.4017058
0.40169054
0.4016758
0.40166074
0.401645
0.4016278
0.401609
0.40158877
0.4015678
0.40154696
0.40152723
0.40150946
0.4014948
0.40148377
0.40147713
0.40147522
0.40147814
0.4014858
0.40149817
0.40151495
0.4015355
0.40155903
0.40158466
0.40161127
0.40163785
0.40166366
0.4016879
0.40170968
0.40172815
0.4017425
0.4017523
0.40175715
0.40175715
0.40175268
0.40174413
0.4017323
0.40171775
0.4017011
0.401683
0.40166467
0.401647
0.4016312
0.4016183
0.4016089
0.40160343
0.40160152
0.40160257
0.40160543
0.4016087
0.40161073
0.4016099
0.40160516
0.40159598
0.40158257
0.40156558
0.40154588
0.40152454
0.40150237
0.40147993
0.40145773
0.40143636
0.4014161
0.40139726
0.4013803
0.40136552
0.40135324
0.4013436
0.40133664
0.4013324
0.40133074
0.4013316
0.40133494
0.40134084
0.40134922
0.40136024
0.40137407
0.4013909
0.40141064
0.40143344
0.40145883
0.40148634
0.40151516
0.40154397
0.4015717
0.4015965
0.40161687
0.4016314
0.4016393
0.40164047
0.40163538
0.40162504
0.40161085
0.40159425
0.40157685
0.4015599
0.40154457
0.40153173
0.40152165
0.40151474
0.401511
0.40151057
0.40151334
0.40151936
0.40152818
0.40153942
0.4015525
0.40156645
0.4015802
0.40159297
0.40160364
0.40161192
0.40161777
0.40162182
0.4016249
0.4016279
0.40163162
0.4016365
0.4016423
0.40164852
0.40165445
0.40165943
0.40166315
0.4016656
0.4016669
0.40166736
0.4016668
0.40166512
0.40166178
0.40165624
0.40164828
0.40163806
0.401626
0.40161303
0.4016
0.40158793
0.4015776
0.40156952
0.40156394
0.40156063
0.40155917
0.40155882
0.40155914
0.40155983
0.40156123
0.40156353
0.40156743
0.40157315
0.40158075
0.40159017
0.40160066
0.40161133
0.40162116
0.40162927
0.40163505
0.40163836
0.4016393
0.4016385
0.40163633
0.40163326
0.40162978
0.4016259
0.4016217
0.40161678
0.40161073
0.40160304
0.40159374
0.40158278
0.4015705
0.40155703
0.40154248
0.40152705
0.40151104
0.40149486
0.40147904
0.40146416
0.40145046
0.4014384
0.401428
0.4014194
0.4014124
0.4014069
0.40140292
0.40140054
0.40140006
0.40140158
0.40140545
0.40141174
0.4014203
0.401431
0.40144327
0.40145645
0.4014698
0.40148228
0.40149304
0.4015013
0.40150633
0.4015081
0.4015069
0.40150356
0.4014992
0.40149513
0.4014923
0.40149173
0.40149418
0.40150017
0.40150985
0.40152314
0.40153968
0.40155894
0.40157998
0.40160188
0.4016238
0.40164465
0.40166327
0.40167877
0.4016902
0.4016967
0.40169805
0.4016943
0.40168592
0.40167353
0.4016581
0.40164077
0.40162274
0.40160516
0.40158877
0.40157434
0.40156218
0.40155268
0.4015456
0.40154096
0.40153852
0.4015381
0.40153933
0.40154165
0.4015443
0.4015463
0.4015468
0.4015455
0.40154225
0.40153754
0.40153167
0.401525
0.40151772
0.40151006
0.40150264
0.40149605
0.4014912
0.40148884
0.40148956
0.40149367
0.40150106
0.4015117
0.4015248
0.40153986
0.40155566
0.40157107
0.40158477
0.40159565
0.40160286
0.40160623
0.4016062
0.4016033
0.40159845
0.4015922
0.40158498
0.4015772
0.40156898
0.40156046
0.40155184
0.40154362
0.4015363
0.40153053
0.40152663
0.40152466
0.40152454
0.401526
0.40152892
0.4015331
0.40153876
0.40154594
0.40155452
0.4015643
0.4015752
0.40158704
0.40159956
0.40161237
0.40162498
0.4016371
0.4016484
0.4016588
0.40166843
0.40167755
0.40168604
0.40169403
0.40170166
0.4017095
0.40171826
0.40172875
0.40174153
0.40175676
0.401774
0.4017921
0.40180966
0.40182492
0.4018367
0.40184408
0.4018465
0.40184394
0.4018368
0.40182588
0.40181223
0.40179697
0.4017811
0.40176582
0.40175167
0.40173912
0.40172797
0.4017179
0.40170825
0.40169832
0.40168798
0.40167722
0.40166643
0.40165627
0.40164706
0.40163895
0.40163204
0.40162632
0.40162137
0.4016165
0.40161073
0.40160298
0.40159255
0.401579
0.40156248
0.40154326
0.40152207
0.40149975
0.40147737
0.40145588
0.4014365
0.40141994
0.40140727
0.40139896
0.4013954
0.40139687
0.40140286
0.401413
0.40142673
0.4014433
0.40146178
0.401481
0.4015
0.4015177
0.4015335
0.40154728
0.40155908
0.4015689
0.4015769
0.40158305
0.40158734
0.40158975
0.4015904
0.4015896
0.40158805
0.40158665
0.40158656
0.4015887
0.40159392
0.40160286
0.40161562
0.4016318
0.4016504
0.40167007
0.40168872
0.40170455
0.40171573
0.40172106
0.40172
0.40171263
0.40169975
0.40168262
0.40166283
0.40164196
0.40162134
0.4016019
0.4015845
0.40156922
0.40155622
0.40154514
0.40153593
0.40152884
0.40152407
0.40152183
0.40152255
0.40152603
0.4015323
0.40154073
0.40155062
0.40156105
0.40157112
0.4015802
0.40158802
0.40159407
0.4015985
0.40160182
0.40160474
0.40160793
0.40161195
0.40161684
0.40162215
0.4016272
0.40163115
0.40163326
0.4016334
0.40163207
0.40162975
0.40162736
0.40162557
0.40162498
0.4016255
0.40162688
0.40162855
0.4016298
0.40163025
0.40162966
0.40162802
0.40162545
0.40162268
0.40162063
0.40162045
0.4016231
0.40162918
0.40163898
0.40165263
0.40167013
0.4016913
0.40171584
0.4017438
0.40177584
0.40181372
0.4018608
0.40192273
0.40200797
0.4021285
0.40230083
0.40254954
0.4029046
0.40340823
0.40411875
0.4051157
0.40650633
0.4084337
0.4111196
0.41478902
0.41975138
0.42647976
0.43561807
0.44777578
