0.4426031
0.43210578
0.42423013
0.41829854
0.41386792
0.41059425
0.4081936
0.4064266
0.40513325
0.40419468
0.4035143
0.40302363
0.40267155
0.40242013
0.40224135
0.40211463
0.4020246
0.40195984
0.4019117
0.40187407
0.40184256
0.40181443
0.40178797
0.4017629
0.40173933
0.40171826
0.40170044
0.40168655
0.40167686
0.4016713
0.40166894
0.40166876
0.4016696
0.40167043
0.40167084
0.40167066
0.40167028
0.4016705
0.40167195
0.40167528
0.40168056
0.40168738
0.40169504
0.401703
0.40171066
0.40171784
0.40172434
0.40172988
0.4017339
0.4017357
0.40173423
0.4017286
0.40171826
0.401703
0.40168312
0.4016595
0.40163335
0.4016062
0.4015794
0.40155447
0.4015325
0.4015144
0.40150073
0.4014915
0.40148625
0.4014842
0.4014847
0.40148687
0.40149048
0.4014956
0.40150264
0.40151176
0.40152347
0.40153772
0.40155435
0.40157282
0.40159214
0.40161133
0.40162942
0.40164572
0.40165955
0.40166998
0.4016767
0.40167943
0.4016785
0.4016743
0.40166757
0.4016587
0.40164846
0.40163767
0.4016271
0.4016176
0.4016095
0.4016034
0.40159926
0.40159693
0.40159628
0.40159723
0.4015997
0.40160397
0.4016101
0.40161812
0.4016276
0.4016379
0.4016482
0.4016578
0.4016662
0.40167338
0.40167943
0.4016848
0.40169007
0.40169594
0.40170288
0.40171093
0.40171972
0.40172824
0.40173542
0.4017401
0.4017416
0.40173984
0.4017354
0.40172946
0.40172383
0.4017204
0.40172112
0.40172714
0.40173927
0.40175724
0.4017802
0.4018064
0.40183404
0.40186098
0.40188542
0.4019059
0.40192142
0.4019311
0.40193465
0.40193185
0.4019226
0.40190706
0.40188557
0.40185893
0.401828
0.40179425
0.40175942
0.40172535
0.40169403
0.40166706
0.40164566
0.40163067
0.40162235
0.4016208
0.40162557
0.40163592
0.40165085
0.4016692
0.4016895
0.4017102
0.40172982
0.40174702
0.4017609
0.401771
0.4017772
0.40177995
0.40177986
0.4017778
0.4017749
0.40177187
0.40176898
0.40176633
0.4017635
0.40175965
0.40175408
0.40174612
0.4017351
0.40172085
0.40170345
0.4016832
0.40166074
0.40163657
0.40161133
0.4015853
0.4015592
0.40153372
0.40150988
0.40148857
0.4014708
0.40145746
0.40144923
0.40144652
0.4014494
0.4014578
0.40147138
0.40148965
0.4015119
0.40153733
0.4015647
0.4015925
0.4016189
0.40164202
0.40166038
0.40167272
0.4016784
0.4016773
0.4016698
0.4016567
0.40163943
0.40161952
0.40159878
0.4015787
0.40156063
0.40154573
0.4015348
0.40152827
0.40152612
0.40152842
0.4015349
0.40154517
0.40155908
0.40157613
0.4015958
0.4016171
0.40163884
0.40165955
0.4016779
0.40169275
0.4017035
0.40170994
0.40171227
0.40171093
0.4017063
0.40169874
0.4016884
0.40167558
0.40166083
0.40164506
0.4016295
0.4016156
0.40160468
0.40159783
0.40159592
0.4015993
0.40160802
0.40162185
0.4016404
0.40166304
0.40168908
0.40171754
0.40174752
0.40177837
0.4018094
0.40184036
0.4018705
0.4018988
0.4019244
0.4019464
0.4019641
0.40197727
0.40198547
0.40198863
0.40198666
0.40197966
0.4019677
0.40195107
0.40193018
0.40190554
0.40187782
0.40184787
0.40181687
0.40178588
0.40175632
0.40172952
0.40170678
0.401689
0.4016765
0.40166897
0.40166572
0.40166575
0.4016682
0.40167236
0.40167794
0.4016847
0.40169236
0.40170023
0.40170735
0.40171275
0.40171537
0.40171462
0.40171024
0.4017025
0.4016921
0.40168014
0.40166777
0.40165606
0.40164587
0.4016378
0.40163237
0.40162995
0.40163058
0.40163395
0.40163913
0.40164477
0.40164933
0.4016514
0.40164998
0.40164468
0.40163556
0.40162337
0.40160918
0.40159443
0.4015802
0.4015677
0.40155762
0.40155062
0.40154696
0.4015467
0.40154982
0.4015562
0.40156606
0.40157974
0.4015975
0.40161923
0.40164453
0.4016725
0.4017017
0.4017302
0.4017561
0.40177736
0.40179262
0.4018007
0.40180114
0.40179384
0.40177903
0.4017574
0.40172997
0.40169805
0.4016633
0.4016275
0.40159243
0.40155983
0.40153086
0.40150657
0.40148735
0.4014735
0.4014653
0.40146294
0.40146658
0.40147614
0.40149158
0.4015126
0.4015383
0.401568
0.4016002
0.40163344
0.401666
0.4016962
0.40172294
0.4017453
0.40176293
0.40177587
0.4017842
0.40178794
0.40178713
0.40178165
0.4017716
0.40175733
0.40173945
0.40171885
0.40169668
0.40167397
0.40165174
0.4016303
0.40160972
0.40158984
0.40157065
0.40155247
0.40153593
0.40152186
0.40151098
0.40150383
0.4015006
0.40150124
0.4015052
0.40151155
0.40151924
0.401527
0.40153354
0.40153784
0.40153942
0.4015384
0.40153527
0.4015307
0.40152547
0.40152022
0.40151533
0.40151104
0.40150735
0.401504
0.40150064
0.40149656
0.40149096
0.4014833
0.4014733
0.40146136
0.40144798
0.40143406
0.40142077
0.40140927
0.40140083
0.4013962
0.40139624
0.40140152
0.40141225
0.4014283
0.4014495
0.40147528
0.40150493
0.40153742
0.4015718
0.4016069
0.40164137
0.40167382
0.40170294
0.4017279
0.40174836
0.4017642
0.4017757
0.40178365
0.40178892
0.40179265
0.40179548
0.4017978
0.40179962
0.40180087
0.40180144
0.40180135
0.40180078
0.4018001
0.40179962
0.4017994
0.40179917
0.40179822
0.40179563
0.40179047
0.40178207
0.40177014
0.40175495
0.4017373
0.4017183
0.4016994
0.40168208
0.4016674
0.401656
0.40164804
0.4016431
0.40164033
0.40163854
0.4016366
0.40163353
0.4016288
0.4016225
0.40161508
0.40160763
0.40160096
0.4015958
0.40159252
0.40159133
0.40159193
0.40159407
0.40159726
0.40160108
0.40160534
0.4016099
0.40161487
0.4016202
0.40162566
0.40163103
0.40163633
0.40164158
0.401647
0.40165257
0.401658
0.4016627
0.40166607
0.4016676
0.40166697
0.40166444
0.40166038
0.4016556
0.40165064
0.40164605
0.4016422
0.40163928
0.40163746
0.4016367
0.40163675
0.40163735
0.40163794
0.4016384
0.40163872
0.4016393
0.40164068
0.40164334
0.40164766
0.40165362
0.40166074
0.40166798
0.4016742
0.40167812
0.40167868
0.40167525
0.40166783
0.40165693
0.40164337
0.40162846
0.4016134
0.40159938
0.40158725
0.40157792
0.40157202
0.40157032
0.40157387
0.40158382
0.40160254
0.4016333
0.4016808
0.4017513
0.40185335
0.40199822
0.40220273
0.4024882
0.4028837
0.40342999
0.40418345
0.40522045
0.4066457
0.40859962
0.41130257
0.41497758
0.41993442
0.42664668
0.43575728
0.44787952
