0.44267988
0.43220764
0.42435506
0.41844428
0.41403097
0.41076955
0.40837324
0.40660194
0.4052948
0.40433362
0.40362245
0.40309405
0.40269884
0.4024007
0.40217322
0.40199783
0.40186158
0.4017554
0.4016731
0.40161046
0.40156427
0.40153208
0.40151185
0.4015015
0.40149918
0.40150273
0.4015102
0.40151954
0.40152875
0.40153638
0.4015414
0.4015437
0.4015437
0.40154237
0.40154064
0.40153927
0.40153873
0.40153912
0.40154022
0.4015416
0.40154275
0.40154314
0.40154243
0.40154052
0.40153784
0.40153497
0.40153265
0.4015314
0.40153176
0.40153393
0.40153807
0.4015442
0.40155295
0.40156457
0.40157986
0.40159887
0.40162155
0.40164736
0.4016752
0.4017036
0.4017309
0.4017556
0.4017765
0.40179244
0.40180287
0.40180743
0.4018061
0.40179917
0.40178713
0.40177074
0.40175113
0.40172955
0.40170726
0.40168542
0.401665
0.4016465
0.4016303
0.4016165
0.401605
0.40159553
0.4015881
0.40158248
0.40157855
0.40157598
0.4015741
0.40157256
0.40157044
0.40156728
0.40156242
0.40155593
0.4015481
0.40153962
0.40153164
0.40152523
0.40152133
0.401521
0.40152475
0.40153295
0.40154546
0.40156198
0.4015817
0.40160334
0.40162545
0.40164635
0.4016642
0.4016776
0.40168533
0.4016868
0.401682
0.40167132
0.40165564
0.401636
0.40161327
0.40158868
0.401563
0.4015372
0.40151203
0.40148827
0.40146667
0.40144774
0.4014319
0.40141952
0.40141064
0.4014054
0.40140375
0.40140548
0.40141046
0.40141886
0.40143046
0.40144515
0.40146247
0.40148178
0.40150198
0.40152195
0.40154052
0.4015565
0.401569
0.40157753
0.4015821
0.40158302
0.40158117
0.40157762
0.40157324
0.40156904
0.40156546
0.40156293
0.40156165
0.40156165
0.40156287
0.40156513
0.4015682
0.40157187
0.40157613
0.40158093
0.40158623
0.40159234
0.40159908
0.40160602
0.40161276
0.40161833
0.4016219
0.40162277
0.40162063
0.40161586
0.401609
0.40160125
0.40159348
0.40158662
0.4015811
0.40157735
0.4015754
0.4015754
0.40157712
0.40158072
0.4015862
0.40159366
0.40160272
0.40161285
0.40162352
0.40163392
0.40164307
0.40165
0.401654
0.40165475
0.4016523
0.40164742
0.40164065
0.40163282
0.40162462
0.4016166
0.40160918
0.4016025
0.4015965
0.401591
0.40158573
0.4015805
0.40157476
0.40156847
0.40156138
0.40155366
0.40154523
0.4015361
0.4015263
0.40151608
0.40150586
0.40149608
0.40148714
0.4014793
0.4014726
0.4014668
0.4014615
0.40145642
0.40145132
0.40144628
0.40144145
0.401437
0.40143356
0.40143165
0.40143174
0.40143436
0.4014397
0.40144783
0.40145883
0.40147257
0.4014887
0.4015069
0.40152654
0.40154687
0.40156692
0.4015859
0.40160295
0.40161714
0.40162787
0.40163475
0.40163782
0.40163743
0.40163422
0.4016291
0.4016227
0.40161595
0.40160936
0.40160346
0.4015984
0.4015941
0.4015904
0.40158707
0.40158364
0.40157974
0.40157488
0.40156892
0.401562
0.4015543
0.401546
0.40153742
0.401529
0.40152127
0.40151498
0.40151083
0.40150946
0.40151152
0.4015173
0.40152687
0.40153995
0.40155628
0.4015754
0.40159672
0.4016199
0.40164417
0.40166888
0.40169343
0.40171757
0.40174127
0.40176463
0.4017878
0.40181077
0.40183318
0.40185472
0.40187484
0.40189293
0.40190858
0.40192142
0.40193132
0.40193805
0.4019417
0.40194237
0.40194017
0.40193522
0.40192756
0.40191692
0.40190324
0.40188637
0.40186638
0.40184367
0.40181887
0.401793
0.40176734
0.4017432
0.40172186
0.40170416
0.40169019
0.40167958
0.40167114
0.4016636
0.40165532
0.40164506
0.40163237
0.40161732
0.4016004
0.40158245
0.4015643
0.40154648
0.4015296
0.401514
0.4014998
0.40148762
0.40147743
0.4014695
0.4014637
0.40145966
0.40145704
0.40145507
0.40145314
0.4014508
0.40144786
0.40144452
0.40144107
0.401438
0.40143594
0.40143535
0.4014367
0.40144026
0.40144596
0.40145358
0.40146294
0.40147376
0.40148595
0.4014994
0.40151393
0.40152943
0.40154517
0.4015606
0.40157464
0.40158665
0.40159586
0.40160245
0.40160707
0.40161073
0.40161464
0.40162
0.40162745
0.4016372
0.40164882
0.4016615
0.40167388
0.40168464
0.4016926
0.40169662
0.4016962
0.40169114
0.40168193
0.40166935
0.40165496
0.40164018
0.4016268
0.4016162
0.4016094
0.40160707
0.40160918
0.40161526
0.40162438
0.40163556
0.4016477
0.40166
0.401672
0.40168345
0.4016944
0.4017047
0.40171385
0.40172112
0.40172556
0.40172654
0.40172383
0.40171745
0.4017079
0.4016959
0.4016827
0.40166947
0.40165734
0.40164724
0.40164003
0.4016359
0.40163496
0.40163678
0.4016407
0.40164557
0.40165007
0.40165305
0.4016536
0.40165153
0.40164757
0.4016428
0.40163872
0.40163663
0.40163758
0.40164196
0.40164974
0.40166035
0.4016729
0.4016861
0.40169865
0.4017093
0.40171692
0.40172085
0.4017207
0.40171656
0.40170896
0.4016988
0.4016867
0.40167356
0.40165985
0.40164617
0.40163293
0.40162086
0.40161067
0.4016029
0.4015982
0.40159672
0.40159854
0.40160337
0.40161073
0.40161988
0.40162984
0.40163955
0.40164772
0.40165305
0.40165448
0.40165156
0.40164438
0.40163368
0.40162092
0.40160763
0.40159553
0.4015861
0.40158033
0.4015788
0.40158147
0.4015879
0.40159705
0.40160766
0.40161827
0.4016275
0.40163413
0.40163743
0.40163746
0.40163457
0.40162995
0.40162495
0.4016211
0.4016196
0.40162122
0.40162635
0.4016349
0.4016465
0.40166053
0.40167588
0.40169114
0.40170473
0.40171546
0.40172264
0.40172613
0.4017265
0.4017251
0.40172386
0.40172505
0.4017313
0.40174562
0.40177125
0.40181223
0.4018739
0.4019636
0.40209186
0.4022736
0.4025326
0.40289757
0.40341052
0.40412986
0.4051347
0.40653217
0.4084651
0.41115507
0.41482663
0.41978914
0.42651567
0.43564907
0.4477992
