0.4425192
0.43199894
0.4241069
0.4181649
0.41372958
0.41045573
0.40805838
0.4062963
0.40500823
0.40407488
0.40339985
0.40291503
0.40256932
0.40232444
0.40215167
0.4020295
0.4019422
0.40187836
0.40182987
0.40179121
0.4017588
0.40173057
0.4017058
0.40168405
0.40166575
0.40165126
0.40164107
0.40163577
0.40163532
0.4016393
0.40164676
0.40165615
0.40166602
0.40167478
0.4016812
0.40168473
0.4016849
0.40168226
0.40167743
0.40167165
0.4016659
0.4016611
0.40165764
0.40165547
0.40165442
0.40165415
0.4016546
0.4016557
0.40165794
0.40166184
0.40166774
0.4016757
0.40168542
0.40169618
0.40170735
0.40171862
0.4017303
0.40174398
0.4017624
0.40179053
0.40183538
0.40190673
0.40201774
0.40218574
0.4024363
0.40279886
0.40331548
0.40404367
0.40506104
0.40647328
0.40842164
0.41112643
0.41481015
0.41978177
0.42651507
0.4356511
0.4478016
