0.44264352
0.4321587
0.42429376
0.41837105
0.41394687
0.41067693
0.40827623
0.40650555
0.40520462
0.40425485
0.40355968
0.4030512
0.4026789
0.4024055
0.40220374
0.40205407
0.40194225
0.40185803
0.40179387
0.40174434
0.4017055
0.40167445
0.40164918
0.40162796
0.40160948
0.40159318
0.4015788
0.40156665
0.40155736
0.4015514
0.4015494
0.4015519
0.40155917
0.40157095
0.40158677
0.40160564
0.40162635
0.40164718
0.40166643
0.40168253
0.40169427
0.40170103
0.40170285
0.40170038
0.40169472
0.40168726
0.40167937
0.40167204
0.40166587
0.40166125
0.40165803
0.40165588
0.4016541
0.40165216
0.40164918
0.40164468
0.40163812
0.4016291
0.40161756
0.40160364
0.40158775
0.4015706
0.40155286
0.401535
0.4015174
0.40150008
0.40148282
0.40146556
0.40144837
0.40143156
0.40141556
0.40140092
0.40138814
0.40137762
0.40136972
0.40136474
0.4013628
0.4013642
0.40136898
0.4013771
0.40138867
0.4014035
0.4014213
0.40144196
0.40146503
0.40149033
0.40151712
0.4015447
0.4015719
0.40159735
0.40162003
0.40163875
0.4016528
0.4016618
0.40166554
0.4016642
0.4016582
0.4016482
0.40163517
0.4016202
0.40160435
0.40158874
0.40157428
0.4015617
0.40155163
0.40154454
0.4015407
0.40154025
0.40154302
0.40154865
0.40155628
0.40156516
0.40157452
0.40158382
0.40159303
0.40160248
0.40161264
0.40162405
0.401637
0.40165147
0.40166724
0.40168342
0.401699
0.40171283
0.4017239
0.4017318
0.40173647
0.40173858
0.40173924
0.40173975
0.40174118
0.40174434
0.40174958
0.4017567
0.40176502
0.4017738
0.40178186
0.40178832
0.4017921
0.40179256
0.4017891
0.40178156
0.40177014
0.40175542
0.40173844
0.40172037
0.40170276
0.40168694
0.4016739
0.40166408
0.40165734
0.40165284
0.40164974
0.4016469
0.40164343
0.40163907
0.40163404
0.40162903
0.40162492
0.40162277
0.40162346
0.4016278
0.4016361
0.4016482
0.40166357
0.40168118
0.40169948
0.40171665
0.40173107
0.40174142
0.40174687
0.40174726
0.40174294
0.40173474
0.4017236
0.40171078
0.4016973
0.4016841
0.40167204
0.40166163
0.4016535
0.4016482
0.40164572
0.4016459
0.4016482
0.40165198
0.40165678
0.4016623
0.40166855
0.4016757
0.40168396
0.40169296
0.40170223
0.40171096
0.40171814
0.4017233
0.40172595
0.40172645
0.40172526
0.40172324
0.40172145
0.40172058
0.40172106
0.40172303
0.40172616
0.40172997
0.40173423
0.4017388
0.40174416
0.40175104
0.40176034
0.4017728
0.40178892
0.40180865
0.4018314
0.40185606
0.4018813
0.4019058
0.40192837
0.40194798
0.40196398
0.40197593
0.40198374
0.4019873
0.40198705
0.40198314
0.4019759
0.4019658
0.40195337
0.4019391
0.40192363
0.40190756
0.4018916
0.40187627
0.40186197
0.40184855
0.40183553
0.40182203
0.40180692
0.40178928
0.40176827
0.4017437
0.40171555
0.40168467
0.40165225
0.40162
0.40158984
0.40156388
0.4015438
0.40153092
0.40152618
0.40153003
0.40154225
0.40156227
0.40158877
0.4016202
0.4016546
0.40168992
0.40172425
0.401756
0.40178397
0.4018076
0.40182656
0.40184072
0.40185001
0.40185443
0.4018542
0.40184933
0.40184015
0.40182707
0.40181053
0.40179133
0.40177032
0.4017485
0.401727
0.40170634
0.4016871
0.40166897
0.40165156
0.4016342
0.40161648
0.4015985
0.40158066
0.40156344
0.4015474
0.40153322
0.4015213
0.40151235
0.4015069
0.40150544
0.40150827
0.40151533
0.40152648
0.40154105
0.4015583
0.40157706
0.4015964
0.40161508
0.4016319
0.4016457
0.40165555
0.40166125
0.40166274
0.40166053
0.4016552
0.40164742
0.4016378
0.40162697
0.40161592
0.40160555
0.40159684
0.40159073
0.40158772
0.4015881
0.40159187
0.4015985
0.40160748
0.40161794
0.40162918
0.40164033
0.40165105
0.40166062
0.40166852
0.40167412
0.40167677
0.40167624
0.40167272
0.40166682
0.4016593
0.40165135
0.4016437
0.40163687
0.40163085
0.40162516
0.4016191
0.40161172
0.40160227
0.40159056
0.40157712
0.40156266
0.40154856
0.40153614
0.4015268
0.4015215
0.40152073
0.40152478
0.4015336
0.40154704
0.40156463
0.40158582
0.40160963
0.40163463
0.40165925
0.40168175
0.4017006
0.4017146
0.40172297
0.40172553
0.4017227
0.40171552
0.40170515
0.40169302
0.4016806
0.40166888
0.4016585
0.4016495
0.40164155
0.40163404
0.4016263
0.401618
0.40160927
0.40160048
0.40159246
0.4015857
0.40158084
0.40157837
0.40157887
0.4015829
0.40159076
0.40160254
0.4016179
0.4016357
0.40165478
0.40167338
0.40168992
0.40170315
0.40171236
0.40171725
0.40171826
0.40171582
0.40171078
0.401704
0.40169612
0.4016874
0.40167788
0.40166706
0.40165493
0.40164134
0.40162653
0.40161073
0.40159425
0.40157747
0.40156075
0.40154463
0.4015301
0.4015179
0.40150887
0.4015037
0.40150297
0.4015072
0.40151638
0.40153047
0.4015492
0.4015719
0.4015975
0.4016248
0.40165234
0.40167853
0.4017018
0.40172085
0.40173462
0.40174258
0.4017444
0.40173995
0.4017297
0.40171427
0.40169477
0.4016724
0.40164834
0.4016238
0.4015999
0.4015778
0.40155858
0.40154323
0.4015325
0.4015269
0.4015265
0.40153122
0.4015404
0.40155333
0.4015692
0.4015871
0.40160605
0.40162534
0.40164447
0.4016627
0.4016794
0.401694
0.40170583
0.40171465
0.40172043
0.40172362
0.40172487
0.40172458
0.4017229
0.40171966
0.4017141
0.40170583
0.40169436
0.4016799
0.40166298
0.40164453
0.4016258
0.4016082
0.4015928
0.40158057
0.40157205
0.40156755
0.40156722
0.40157095
0.40157872
0.40159026
0.40160477
0.4016214
0.40163904
0.40165654
0.4016731
0.40168858
0.40170288
0.4017167
0.4017303
0.40174404
0.40175787
0.4017714
0.4017839
0.40179464
0.40180287
0.40180832
0.40181088
0.40181077
0.40180862
0.40180498
0.40180036
0.40179482
0.401788
0.4017792
0.40176806
0.40175432
0.40173832
0.40172073
0.40170264
0.40168527
0.40166983
0.4016571
0.40164772
0.40164196
0.40163985
0.40164125
0.4016459
0.4016532
0.40166244
0.40167263
0.40168253
0.40169063
0.40169573
0.40169674
0.4016931
0.4016848
0.40167218
0.40165603
0.40163714
0.40161622
0.40159416
0.40157172
0.40154973
0.40152875
0.40150973
0.40149322
0.4014798
0.40146977
0.40146318
0.40146017
0.40146083
0.401465
0.40147266
0.40148324
0.40149593
0.40150964
0.40152293
0.40153414
0.4015418
0.40154448
0.4015418
0.40153372
0.40152133
0.40150577
0.40148857
0.40147114
0.40145445
0.40143946
0.4014268
0.40141693
0.40141046
0.40140787
0.40140933
0.4014152
0.4014254
0.40143955
0.40145725
0.40147778
0.40150046
0.40152463
0.40154943
0.40157416
0.40159807
0.40162072
0.40164226
0.40166306
0.40168393
0.40170524
0.40172696
0.40174872
0.4017696
0.4017886
0.40180463
0.4018169
0.40182462
0.40182725
0.4018244
0.40181604
0.4018021
0.4017827
0.40175822
0.40172932
0.4016972
0.40166315
0.40162873
0.40159547
0.4015645
0.40153688
0.4015133
0.40149453
0.40148067
0.40147197
0.40146813
0.4014688
0.40147334
0.40148085
0.40149036
0.40150088
0.4015113
0.40152103
0.40152973
0.40153763
0.40154555
0.4015542
0.40156412
0.4015758
0.40158916
0.4016036
0.40161827
0.40163225
0.40164408
0.4016529
0.4016579
0.40165895
0.40165654
0.40165168
0.40164587
0.40164062
0.40163735
0.40163693
0.40163958
0.4016449
0.4016518
0.40165892
0.40166473
0.4016682
0.40166873
0.40166643
0.40166193
0.40165633
0.40165052
0.4016454
0.4016414
0.40163878
0.40163732
0.4016368
0.40163696
0.40163758
0.40163893
0.4016415
0.40164572
0.4016518
0.4016597
0.40166894
0.40167898
0.40168917
0.40169904
0.40170842
0.40171775
0.4017281
0.40174142
0.4017611
0.4017918
0.40184033
0.40191576
0.40203053
0.4022011
0.40245253
0.40281406
0.40332776
0.4040516
0.40506393
0.40647084
0.40841413
0.41111487
0.41479596
0.41976663
0.42650032
0.4356386
0.4477923
