0.4425757
0.43207154
0.4241919
0.41825914
0.41382992
0.4105596
0.4081626
0.40639836
0.4051055
0.40416476
0.40347978
0.4029828
0.40262377
0.40236586
0.4021816
0.4020504
0.4019568
0.401889
0.40183866
0.40179995
0.40176925
0.40174463
0.40172535
0.40171155
0.40170336
0.40170085
0.4017036
0.40171048
0.40171993
0.40173018
0.40173963
0.40174687
0.40175125
0.4017526
0.4017515
0.40174866
0.40174517
0.40174204
0.40174007
0.40173966
0.40174088
0.40174335
0.40174642
0.40174952
0.40175223
0.40175423
0.40175566
0.4017567
0.40175772
0.40175873
0.4017595
0.40175933
0.40175724
0.4017524
0.40174407
0.40173176
0.4017155
0.40169567
0.4016729
0.40164828
0.4016232
0.4015987
0.40157583
0.40155545
0.40153816
0.40152466
0.4015153
0.40151048
0.4015104
0.40151492
0.40152362
0.401536
0.40155104
0.40156767
0.4015844
0.40159968
0.40161198
0.40162003
0.40162307
0.4016209
0.40161386
0.40160313
0.40159026
0.40157685
0.4015647
0.40155488
0.401548
0.40154403
0.4015425
0.4015424
0.4015424
0.40154135
0.40153864
0.40153396
0.40152773
0.4015203
0.4015123
0.40150434
0.4014968
0.40149063
0.40148607
0.4014833
0.40148222
0.4014825
0.40148365
0.40148538
0.4014874
0.4014896
0.40149194
0.4014943
0.40149668
0.40149912
0.4015016
0.40150422
0.401507
0.40151006
0.4015135
0.40151748
0.40152195
0.40152666
0.4015315
0.40153614
0.40154046
0.40154463
0.4015487
0.4015531
0.40155798
0.40156335
0.40156904
0.4015747
0.4015801
0.40158513
0.40158975
0.40159407
0.40159765
0.4015999
0.4016002
0.4015981
0.40159363
0.40158734
0.4015799
0.40157187
0.40156385
0.4015561
0.4015491
0.40154317
0.4015386
0.40153527
0.40153292
0.40153098
0.40152866
0.40152553
0.40152144
0.4015167
0.40151173
0.4015069
0.40150237
0.40149814
0.4014941
0.40149
0.4014857
0.40148148
0.40147775
0.401475
0.4014737
0.4014742
0.4014766
0.401481
0.4014875
0.4014959
0.4015064
0.40151885
0.40153304
0.40154874
0.4015654
0.40158245
0.40159938
0.40161526
0.40162933
0.40164086
0.4016492
0.40165392
0.40165448
0.40165052
0.40164185
0.40162858
0.40161148
0.40159166
0.40157053
0.4015495
0.4015299
0.40151262
0.4014983
0.4014869
0.40147838
0.4014723
0.40146807
0.40146512
0.40146273
0.40146056
0.40145814
0.4014553
0.40145186
0.40144753
0.40144235
0.40143642
0.40143004
0.40142363
0.4014178
0.40141293
0.40140942
0.4014079
0.40140858
0.40141165
0.4014173
0.40142542
0.40143603
0.40144908
0.40146443
0.40148208
0.40150163
0.4015227
0.4015448
0.40156743
0.4015897
0.40161085
0.40162987
0.40164605
0.4016594
0.40166995
0.40167826
0.4016851
0.40169087
0.4016958
0.4016998
0.40170273
0.4017045
0.40170506
0.40170437
0.40170214
0.40169775
0.4016906
0.40168005
0.4016658
0.40164778
0.40162653
0.4016029
0.40157804
0.40155336
0.40152988
0.40150854
0.40148973
0.40147403
0.40146154
0.4014523
0.40144616
0.40144286
0.40144178
0.40144253
0.40144444
0.40144712
0.40145025
0.40145388
0.4014585
0.40146452
0.4014726
0.4014834
0.4014973
0.40151465
0.40153524
0.4015584
0.40158322
0.4016085
0.40163282
0.40165505
0.40167397
0.40168917
0.40170044
0.40170753
0.40171024
0.4017086
0.40170267
0.40169275
0.40167943
0.40166354
0.40164623
0.40162873
0.4016126
0.40159905
0.40158877
0.40158224
0.40157902
0.40157863
0.4015801
0.40158218
0.40158382
0.4015841
0.40158254
0.40157902
0.40157384
0.40156767
0.4015609
0.40155405
0.40154722
0.4015403
0.40153313
0.40152562
0.40151742
0.40150875
0.40150025
0.40149263
0.4014867
0.40148312
0.40148243
0.40148488
0.4014905
0.40149903
0.4015102
0.40152344
0.4015379
0.40155295
0.40156743
0.40158102
0.40159318
0.4016037
0.40161225
0.40161806
0.4016204
0.40161836
0.4016116
0.4016002
0.40158495
0.40156698
0.4015477
0.40152827
0.40150973
0.40149266
0.40147752
0.40146455
0.40145403
0.40144607
0.40144086
0.40143836
0.4014384
0.40144062
0.40144458
0.40144968
0.40145528
0.40146095
0.40146607
0.40147033
0.40147358
0.4014761
0.40147847
0.40148145
0.40148607
0.40149316
0.40150356
0.4015178
0.40153614
0.40155852
0.40158463
0.4016139
0.40164545
0.40167832
0.40171126
0.4017431
0.40177277
0.40179935
0.4018224
0.4018416
0.40185684
0.40186808
0.40187526
0.4018785
0.40187782
0.4018733
0.4018649
0.40185267
0.4018366
0.401817
0.40179417
0.40176874
0.40174133
0.40171292
0.40168437
0.40165672
0.40163073
0.4016071
0.40158674
0.4015706
0.40155962
0.40155447
0.40155557
0.40156302
0.40157655
0.4015957
0.4016196
0.401647
0.40167627
0.40170556
0.40173286
0.40175658
0.4017755
0.40178904
0.40179726
0.40180096
0.40180105
0.40179878
0.40179557
0.40179268
0.40179092
0.40179053
0.40179142
0.4017932
0.40179524
0.40179694
0.40179798
0.4017982
0.40179765
0.4017966
0.40179527
0.40179348
0.40179068
0.40178633
0.40177962
0.40177
0.40175718
0.4017412
0.40172237
0.40170154
0.40167978
0.40165845
0.4016388
0.40162182
0.40160832
0.40159887
0.40159377
0.40159306
0.40159652
0.40160382
0.40161422
0.40162697
0.40164122
0.40165606
0.40167084
0.40168488
0.40169722
0.40170702
0.40171367
0.401717
0.4017174
0.4017153
0.40171173
0.40170744
0.40170288
0.4016979
0.4016919
0.40168378
0.40167278
0.40165824
0.40163988
0.40161797
0.4015932
0.40156665
0.40153942
0.40151286
0.40148798
0.40146562
0.4014465
0.40143088
0.401419
0.4014111
0.40140703
0.40140706
0.40141115
0.40141922
0.40143138
0.4014475
0.40146726
0.4014901
0.40151525
0.4015418
0.4015687
0.40159503
0.4016202
0.40164384
0.40166593
0.4016866
0.4017056
0.40172246
0.40173632
0.4017463
0.4017518
0.4017524
0.40174848
0.40174082
0.4017306
0.40171954
0.4017093
0.4017013
0.40169647
0.40169504
0.40169662
0.4017001
0.40170422
0.40170783
0.40171006
0.40171036
0.40170872
0.4017052
0.40169996
0.40169346
0.401686
0.40167782
0.40166903
0.40165988
0.401651
0.40164307
0.40163663
0.40163216
0.40162995
0.40162942
0.40162998
0.40163085
0.40163103
0.40162978
0.40162662
0.40162167
0.4016154
0.4016089
0.40160337
0.40159988
0.4015993
0.40160197
0.40160793
0.40161672
0.40162754
0.4016399
0.40165323
0.4016675
0.40168256
0.40169832
0.40171427
0.4017296
0.4017437
0.4017555
0.40176436
0.40176976
0.40177134
0.4017691
0.4017633
0.40175414
0.40174198
0.40172723
0.40171024
0.40169144
0.40167108
0.40164986
0.4016286
0.4016085
0.4015909
0.40157712
0.40156817
0.40156513
0.40156844
0.40157855
0.40159503
0.4016175
0.40164524
0.40167713
0.4017118
0.40174773
0.40178302
0.40181616
0.4018455
0.4018697
0.40188786
0.40189922
0.40190348
0.40190077
0.4018915
0.4018766
0.401857
0.40183398
0.40180886
0.401783
0.40175754
0.40173373
0.4017123
0.4016938
0.4016784
0.40166605
0.40165642
0.40164924
0.40164378
0.40163934
0.40163538
0.40163156
0.40162796
0.401625
0.4016235
0.40162408
0.40162727
0.40163314
0.40164137
0.4016513
0.40166146
0.40167055
0.40167698
0.40167925
0.40167648
0.4016684
0.40165532
0.40163812
0.40161824
0.40159717
0.4015766
0.40155834
0.40154377
0.40153426
0.40153068
0.40153378
0.40154383
0.4015606
0.40158343
0.4016109
0.4016414
0.40167296
0.40170363
0.4017316
0.4017553
0.4017736
0.40178585
0.40179175
0.40179121
0.4017846
0.40177244
0.4017554
0.40173465
0.40171137
0.4016871
0.40166333
0.4016417
0.4016235
0.40160936
0.40159956
0.40159374
0.401591
0.40159032
0.4015904
0.4015906
0.40159023
0.40158957
0.40158877
0.40158865
0.4015896
0.40159193
0.40159556
0.40160015
0.4016049
0.40160906
0.40161175
0.40161255
0.40161148
0.4016091
0.40160605
0.40160325
0.4016013
0.40160048
0.40160084
0.40160203
0.40160385
0.40160587
0.40160805
0.40161082
0.40161487
0.40162098
0.4016298
0.40164155
0.401656
0.40167263
0.40169045
0.40170833
0.40172485
0.4017389
0.40174952
0.40175602
0.4017581
0.401756
0.40174988
0.40174064
0.40172935
0.40171736
0.40170592
0.40169597
0.40168786
0.40168136
0.4016755
0.40166917
0.4016611
0.40165034
0.40163645
0.40161943
0.4015996
0.40157768
0.4015546
0.40153155
0.40150946
0.40148944
0.40147224
0.40145844
0.40144846
0.4014424
0.4014402
0.40144166
0.40144628
0.40145394
0.4014644
0.4014777
0.40149364
0.40151232
0.40153325
0.401556
0.40157974
0.40160364
0.40162668
0.40164778
0.40166578
0.40167972
0.40168917
0.40169403
0.40169457
0.4016915
0.40168583
0.4016785
0.4016704
0.40166196
0.4016534
0.4016451
0.40163743
0.40163103
0.40162674
0.40162507
0.40162626
0.40163
0.4016355
0.40164134
0.40164596
0.40164813
0.40164682
0.40164182
0.40163308
0.4016214
0.40160775
0.40159312
0.40157834
0.40156397
0.40155065
0.40153876
0.4015291
0.40152225
0.40151864
0.40151846
0.4015218
0.4015285
0.4015385
0.4015513
0.40156618
0.40158197
0.40159723
0.40161043
0.40162018
0.40162557
0.40162662
0.40162367
0.4016179
0.40161055
0.40160337
0.4015975
0.40159374
0.4015925
0.4015938
0.40159714
0.40160194
0.4016073
0.40161237
0.40161625
0.40161827
0.4016183
0.40161654
0.40161362
0.4016104
0.40160736
0.40160513
0.40160397
0.4016039
0.40160477
0.40160605
0.40160704
0.40160713
0.40160602
0.40160376
0.40160048
0.4015966
0.40159237
0.40158784
0.40158305
0.40157792
0.40157226
0.40156633
0.40156043
0.40155488
0.4015502
0.40154642
0.40154362
0.40154162
0.40154043
0.40153986
0.40154
0.40154108
0.4015432
0.4015465
0.40155157
0.40155834
0.40156683
0.40157655
0.4015869
0.4015972
0.40160686
0.40161553
0.40162298
0.4016289
0.4016333
0.40163624
0.40163833
0.40164
0.4016418
0.40164348
0.40164486
0.401645
0.40164286
0.40163767
0.40162906
0.4016173
0.4016029
0.40158695
0.40157074
0.40155533
0.4015415
0.40152985
0.40152085
0.4015146
0.40151128
0.4015109
0.40151346
0.40151924
0.40152875
0.4015423
0.40155998
0.40158117
0.401605
0.40162995
0.40165415
0.40167594
0.40169355
0.40170568
0.4017116
0.4017111
0.40170452
0.40169287
0.40167758
0.40166038
0.40164328
0.401628
0.40161586
0.4016079
0.40160438
0.40160516
0.40160996
0.4016179
0.4016282
0.40164006
0.4016522
0.40166333
0.40167263
0.40167925
0.40168306
0.40168408
0.40168276
0.40167958
0.40167496
0.40166962
0.40166414
0.40165913
0.40165493
0.4016519
0.40165034
0.40165067
0.4016528
0.40165642
0.4016604
0.40166363
0.40166467
0.40166238
0.40165615
0.40164575
0.40163174
0.40161493
0.40159652
0.40157792
0.40156043
0.40154526
0.40153337
0.40152535
0.4015216
0.4015222
0.40152702
0.40153578
0.4015478
0.40156224
0.40157804
0.401594
0.40160903
0.4016225
0.40163437
0.4016451
0.40165535
0.4016656
0.40167612
0.4016868
0.4016972
0.40170693
0.40171593
0.40172398
0.40173107
0.4017368
0.4017407
0.4017423
0.40174112
0.40173683
0.40172967
0.40172008
0.40170887
0.40169707
0.40168545
0.4016747
0.40166515
0.401657
0.40165016
0.40164435
0.40163922
0.40163472
0.40163112
0.40162882
0.40162838
0.40163016
0.40163428
0.40164024
0.40164733
0.40165433
0.40166014
0.401664
0.40166545
0.40166476
0.40166265
0.4016601
0.40165827
0.40165806
0.40166017
0.40166467
0.40167165
0.40168053
0.4016907
0.40170118
0.4017112
0.40171996
0.40172702
0.40173173
0.40173373
0.40173286
0.4017292
0.4017229
0.40171444
0.401704
0.40169197
0.4016786
0.4016644
0.4016502
0.40163684
0.40162542
0.40161666
0.40161097
0.40160817
0.40160757
0.4016083
0.4016092
0.40160933
0.40160832
0.4016063
0.40160382
0.4016016
0.40160063
0.40160152
0.40160468
0.40161014
0.40161747
0.40162596
0.4016346
0.40164214
0.4016477
0.40165094
0.40165192
0.40165117
0.40164962
0.40164813
0.40164754
0.40164816
0.4016501
0.40165272
0.4016552
0.40165657
0.40165597
0.40165308
0.40164798
0.40164134
0.4016342
0.4016278
0.40162337
0.40162173
0.4016231
0.4016273
0.40163362
0.40164104
0.40164828
0.40165418
0.40165803
0.40165973
0.40165967
0.40165854
0.40165743
0.4016574
0.40165907
0.40166262
0.40166765
0.40167332
0.40167832
0.40168136
0.4016812
0.40167743
0.4016699
0.40165913
0.40164617
0.4016321
0.4016179
0.4016043
0.4015916
0.40157992
0.4015691
0.40155882
0.40154892
0.40153956
0.40153074
0.40152252
0.40151492
0.4015078
0.40150115
0.40149468
0.40148833
0.40148178
0.4014751
0.4014685
0.4014623
0.40145683
0.40145248
0.40144956
0.40144807
0.40144798
0.40144908
0.4014509
0.4014531
0.40145522
0.401457
0.40145832
0.401459
0.40145928
0.40145952
0.4014602
0.40146178
0.40146485
0.40146968
0.40147653
0.40148565
0.401497
0.40151083
0.40152696
0.40154526
0.40156537
0.4015868
0.40160903
0.40163112
0.40165195
0.4016704
0.40168542
0.40169603
0.40170163
0.40170208
0.4016976
0.40168875
0.40167645
0.4016615
0.40164474
0.40162712
0.40160933
0.40159172
0.40157455
0.40155792
0.4015419
0.40152642
0.40151143
0.40149683
0.401483
0.4014706
0.4014605
0.4014535
0.40144995
0.40145025
0.4014543
0.4014619
0.40147287
0.40148658
0.4015024
0.40151963
0.4015373
0.40155435
0.4015701
0.40158406
0.4015962
0.40160686
0.40161678
0.40162635
0.40163574
0.40164474
0.40165305
0.40166032
0.40166652
0.40167192
0.40167668
0.4016811
0.40168512
0.40168822
0.4016897
0.40168884
0.401685
0.40167797
0.40166783
0.40165523
0.4016411
0.40162656
0.40161267
0.4016006
0.40159088
0.40158418
0.40158057
0.40157992
0.40158153
0.40158466
0.40158802
0.40159062
0.4015918
0.40159136
0.40158948
0.40158665
0.40158364
0.40158126
0.40158018
0.40158093
0.40158403
0.40158996
0.40159917
0.40161198
0.40162832
0.4016475
0.40166858
0.4016898
0.40170947
0.40172586
0.40173772
0.40174413
0.40174475
0.40174
0.4017308
0.40171862
0.40170524
0.40169266
0.4016829
0.40167755
0.40167737
0.40168253
0.40169242
0.4017059
0.40172124
0.40173677
0.40175092
0.40176266
0.4017711
0.4017757
0.40177622
0.4017728
0.4017657
0.4017556
0.4017435
0.40173057
0.40171817
0.40170768
0.4017003
0.40169692
0.40169835
0.40170476
0.40171584
0.4017308
0.40174824
0.40176645
0.4017837
0.4017984
0.40180954
0.40181622
0.40181804
0.40181488
0.40180698
0.4017948
0.40177932
0.4017618
0.40174383
0.40172693
0.40171272
0.40170234
0.40169668
0.4016961
0.40170053
0.40170956
0.4017225
0.40173852
0.40175623
0.401774
0.40179023
0.40180346
0.40181246
0.40181616
0.40181407
0.40180627
0.40179294
0.4017751
0.4017537
0.40173003
0.4017054
0.40168074
0.40165678
0.4016342
0.40161356
0.4015953
0.40157992
0.40156773
0.40155914
0.40155426
0.40155324
0.40155613
0.40156284
0.40157315
0.40158695
0.4016038
0.40162334
0.4016454
0.40167016
0.40169755
0.40172738
0.40175924
0.40179244
0.40182638
0.4018606
0.40189514
0.40193057
0.4019682
0.4020104
0.40206122
0.40212643
0.40221462
0.40233746
0.4025114
0.40276006
0.40311536
0.40361863
0.4043284
0.40532362
0.40671113
0.4086329
0.41130924
0.41496533
0.4199099
0.426615
0.43572658
0.44785506
