0.44262305
0.43213
0.42425558
0.4183213
0.4138835
0.41059706
0.4081784
0.40638837
0.40506762
0.4040997
0.40338942
0.40287003
0.40249172
0.40221742
0.4020198
0.4018788
0.40177965
0.40171158
0.4016665
0.40163872
0.4016237
0.40161812
0.4016193
0.40162483
0.40163326
0.4016428
0.40165192
0.40165907
0.4016629
0.40166262
0.40165794
0.40164912
0.40163675
0.40162176
0.4016051
0.4015878
0.40157068
0.40155455
0.40154
0.40152782
0.40151823
0.40151176
0.40150833
0.40150785
0.4015104
0.4015156
0.40152314
0.4015324
0.40154284
0.40155387
0.40156505
0.40157613
0.40158704
0.4015973
0.40160653
0.40161428
0.40162024
0.40162447
0.40162727
0.40162903
0.40163025
0.40163115
0.4016318
0.40163237
0.40163293
0.40163374
0.40163496
0.40163663
0.40163872
0.401641
0.40164334
0.40164548
0.4016478
0.40165025
0.4016532
0.40165648
0.40165955
0.4016617
0.4016617
0.4016586
0.40165144
0.40163973
0.40162367
0.40160388
0.4015816
0.40155837
0.4015361
0.4015161
0.40149972
0.4014875
0.40148005
0.40147734
0.4014794
0.40148598
0.40149695
0.40151203
0.40153074
0.40155268
0.401577
0.4016026
0.40162814
0.4016516
0.40167093
0.4016844
0.40169063
0.40168875
0.4016786
0.40166083
0.40163687
0.40160823
0.4015771
0.4015451
0.4015139
0.4014845
0.40145797
0.4014349
0.40141562
0.4014004
0.40138906
0.4013814
0.40137723
0.40137598
0.40137744
0.4013811
0.4013867
0.40139353
0.40140125
0.40140918
0.40141663
0.40142313
0.40142807
0.4014316
0.40143412
0.40143624
0.40143865
0.4014423
0.4014477
0.40145552
0.40146613
0.4014797
0.40149593
0.4015146
0.40153491
0.40155604
0.40157685
0.4015963
0.40161332
0.40162736
0.40163818
0.4016459
0.40165105
0.401654
0.4016551
0.40165472
0.40165314
0.4016511
0.40164903
0.40164718
0.40164572
0.40164453
0.40164334
0.4016417
0.4016395
0.40163678
0.40163422
0.40163246
0.40163192
0.4016333
0.4016369
0.40164292
0.40165162
0.40166304
0.4016773
0.40169415
0.40171316
0.40173337
0.40175343
0.40177184
0.4017872
0.4017984
0.40180504
0.40180692
0.40180454
0.4017986
0.4017903
0.40178064
0.40177074
0.4017615
0.4017536
0.40174776
0.40174434
0.4017436
0.40174532
0.40174875
0.4017526
0.40175518
0.40175495
0.40175053
0.40174097
0.40172586
0.40170506
0.40167925
0.4016493
0.4016166
0.4015827
0.40154892
0.4015167
0.4014871
0.40146095
0.4014388
0.40142098
0.4014074
0.40139797
0.4013926
0.40139082
0.4013926
0.40139776
0.4014063
0.40141806
0.40143272
0.40144977
0.40146837
0.40148735
0.40150547
0.4015213
0.40153363
0.4015417
0.40154558
0.40154567
0.4015431
0.401539
0.40153432
0.40152973
0.4015257
0.4015226
0.40152067
0.40152022
0.40152162
0.4015251
0.40153047
0.40153804
0.4015476
0.4015592
0.40157247
0.40158665
0.401601
0.4016145
0.40162653
0.40163675
0.40164515
0.40165204
0.40165743
0.4016611
0.40166262
0.4016617
0.40165818
0.4016523
0.40164486
0.40163675
0.4016289
0.4016223
0.40161753
0.40161476
0.40161356
0.40161306
0.4016122
0.40160987
0.40160528
0.40159816
0.4015887
0.40157768
0.40156603
0.4015548
0.40154472
0.40153638
0.40153006
0.4015257
0.40152296
0.40152133
0.40152028
0.40151918
0.40151748
0.40151468
0.40151057
0.4015052
0.40149906
0.40149277
0.4014872
0.40148318
0.40148154
0.40148312
0.40148854
0.4014981
0.40151215
0.4015307
0.4015537
0.40158087
0.40161163
0.40164533
0.4016808
0.40171647
0.4017512
0.4017836
0.40181282
0.40183833
0.40185982
0.4018771
0.40189016
0.40189886
0.40190324
0.40190342
0.4018994
0.4018915
0.40188
0.4018652
0.40184745
0.40182757
0.40180653
0.40178558
0.40176606
0.40174916
0.4017357
0.4017261
0.40172008
0.40171674
0.40171504
0.4017134
0.4017108
0.4017065
0.40170005
0.40169173
0.40168223
0.40167224
0.4016629
0.4016549
0.40164888
0.40164512
0.40164384
0.40164474
0.40164766
0.4016522
0.40165755
0.4016629
0.40166727
0.40167022
0.40167135
0.40167072
0.40166876
0.40166593
0.40166277
0.40165946
0.40165582
0.40165174
0.40164718
0.40164256
0.40163866
0.40163636
0.40163645
0.4016396
0.40164614
0.40165576
0.40166807
0.40168214
0.40169668
0.40171024
0.40172142
0.40172896
0.4017319
0.40172946
0.40172133
0.4017074
0.40168816
0.4016645
0.40163803
0.40161
0.40158203
0.40155545
0.4015314
0.40151092
0.40149468
0.40148306
0.4014763
0.4014742
0.40147632
0.40148205
0.40149054
0.40150073
0.40151176
0.40152255
0.40153226
0.4015408
0.40154833
0.40155566
0.40156373
0.40157342
0.40158555
0.40160048
0.40161824
0.40163803
0.40165862
0.40167832
0.4016955
0.4017085
0.40171605
0.40171742
0.40171212
0.40170044
0.40168312
0.40166155
0.40163732
0.40161225
0.4015879
0.40156597
0.40154758
0.40153384
0.40152526
0.4015219
0.40152347
0.40152937
0.40153885
0.40155113
0.40156534
0.40158093
0.40159714
0.40161338
0.40162876
0.40164262
0.4016547
0.4016648
0.40167296
0.40167937
0.40168405
0.4016872
0.401689
0.40168977
0.40168992
0.40169019
0.4016913
0.40169457
0.4017007
0.4017105
0.40172422
0.40174165
0.4017617
0.40178317
0.40180445
0.40182424
0.40184143
0.4018551
0.40186486
0.4018704
0.40187186
0.4018694
0.4018634
0.40185457
0.40184405
0.40183294
0.40182272
0.4018145
0.40180886
0.4018061
0.4018055
0.401806
0.40180615
0.40180463
0.40180045
0.40179294
0.40178198
0.40176803
0.40175182
0.40173417
0.4017157
0.40169665
0.40167695
0.4016562
0.40163395
0.40161037
0.4015858
0.40156096
0.4015371
0.4015152
0.40149632
0.40148118
0.40147033
0.40146387
0.40146202
0.4014646
0.4014714
0.4014821
0.40149614
0.40151268
0.4015307
0.4015492
0.40156737
0.40158486
0.40160185
0.40161872
0.40163592
0.40165332
0.40167058
0.40168694
0.4017013
0.4017124
0.4017194
0.4017216
0.40171894
0.40171134
0.4016995
0.40168417
0.4016662
0.4016466
0.40162626
0.40160576
0.4015856
0.401566
0.40154698
0.40152875
0.4015117
0.40149605
0.40148205
0.40146992
0.40145952
0.40145075
0.40144345
0.40143728
0.401432
0.4014273
0.40142286
0.40141848
0.4014141
0.40140972
0.40140542
0.4014015
0.40139812
0.4013955
0.40139362
0.40139246
0.40139207
0.40139234
0.4013933
0.40139508
0.40139782
0.40140176
0.4014073
0.40141454
0.40142378
0.40143478
0.40144745
0.4014614
0.401476
0.40149042
0.4015035
0.40151408
0.40152088
0.4015232
0.40152082
0.40151432
0.40150476
0.40149358
0.4014822
0.40147203
0.4014641
0.4014593
0.40145844
0.40146178
0.4014695
0.40148154
0.4014975
0.40151665
0.40153757
0.40155882
0.40157846
0.40159476
0.40160632
0.4016125
0.40161318
0.40160918
0.40160173
0.40159246
0.40158314
0.40157542
0.40157068
0.40156972
0.40157288
0.40158007
0.4015906
0.40160352
0.40161768
0.4016319
0.40164512
0.401657
0.4016672
0.40167564
0.40168214
0.40168625
0.4016873
0.4016847
0.401678
0.4016672
0.40165275
0.40163568
0.40161756
0.40160006
0.40158486
0.40157357
0.40156725
0.40156677
0.40157235
0.40158412
0.40160164
0.40162408
0.40165016
0.40167803
0.4017058
0.40173137
0.40175328
0.40177023
0.40178174
0.40178752
0.40178785
0.4017836
0.40177584
0.40176603
0.4017558
0.4017468
0.40174055
0.40173766
0.4017384
0.40174216
0.40174806
0.40175465
0.40176
0.40176272
0.40176165
0.40175617
0.40174633
0.40173277
0.40171632
0.40169823
0.40167966
0.4016617
0.40164512
0.40163052
0.40161788
0.4016068
0.4015966
0.40158674
0.40157676
0.40156665
0.4015567
0.40154722
0.40153858
0.4015312
0.40152553
0.40152195
0.40152103
0.4015231
0.40152836
0.4015367
0.40154788
0.40156108
0.4015753
0.40158945
0.40160245
0.40161344
0.4016221
0.4016284
0.40163255
0.40163502
0.40163597
0.40163606
0.4016356
0.40163496
0.40163437
0.4016339
0.40163323
0.4016317
0.4016287
0.40162346
0.40161577
0.40160573
0.40159404
0.4015816
0.40156934
0.40155795
0.40154782
0.40153915
0.40153196
0.4015264
0.401523
0.4015221
0.40152416
0.40152925
0.4015373
0.40154788
0.40156072
0.4015753
0.40159118
0.40160784
0.40162423
0.4016397
0.40165305
0.40166304
0.40166858
0.40166858
0.4016628
0.4016514
0.40163523
0.40161577
0.40159458
0.40157345
0.40155402
0.40153742
0.40152454
0.40151596
0.40151176
0.4015117
0.4015152
0.40152168
0.40153056
0.401541
0.4015526
0.40156463
0.40157652
0.40158752
0.40159672
0.40160385
0.4016088
0.4016119
0.40161338
0.40161362
0.40161252
0.4016099
0.40160552
0.40159953
0.4015923
0.40158466
0.40157756
0.40157202
0.40156898
0.40156916
0.4015729
0.40158042
0.40159145
0.40160528
0.40162095
0.40163732
0.40165278
0.401666
0.40167594
0.4016818
0.40168357
0.4016815
0.40167654
0.4016698
0.40166256
0.4016557
0.4016497
0.40164477
0.4016405
0.40163627
0.40163162
0.4016265
0.40162107
0.40161595
0.40161192
0.40160993
0.4016107
0.40161473
0.401622
0.40163225
0.40164453
0.4016575
0.40166962
0.4016792
0.40168482
0.40168554
0.40168086
0.4016708
0.40165594
0.40163693
0.40161464
0.4015902
0.40156478
0.40153956
0.40151557
0.40149367
0.4014746
0.40145883
0.40144643
0.40143764
0.4014322
0.40143022
0.4014318
0.40143734
0.4014474
0.401462
0.40148136
0.40150523
0.40153313
0.40156427
0.4015973
0.40163043
0.40166187
0.4016895
0.40171155
0.40172663
0.4017341
0.4017339
0.4017263
0.4017123
0.40169337
0.40167108
0.40164736
0.40162385
0.401602
0.40158272
0.4015666
0.4015538
0.40154463
0.40153897
0.40153697
0.4015384
0.40154308
0.40155053
0.40155995
0.40157038
0.4015807
0.40158972
0.40159658
0.40160063
0.40160194
0.40160114
0.4015991
0.401597
0.40159598
0.40159675
0.40160006
0.40160576
0.40161377
0.40162334
0.40163344
0.40164277
0.40165016
0.4016542
0.40165442
0.40165043
0.40164247
0.4016313
0.40161788
0.40160286
0.40158725
0.40157142
0.40155587
0.4015412
0.40152788
0.40151688
0.40150902
0.40150493
0.40150508
0.40150946
0.40151775
0.40152946
0.4015435
0.40155894
0.40157437
0.40158844
0.40159988
0.40160766
0.4016116
0.4016117
0.40160877
0.4016039
0.40159836
0.40159312
0.40158907
0.40158647
0.40158555
0.40158615
0.401588
0.40159085
0.40159452
0.4015992
0.40160483
0.40161148
0.401619
0.40162718
0.40163568
0.4016437
0.4016507
0.4016558
0.4016588
0.40165982
0.4016595
0.40165868
0.40165818
0.40165862
0.40166014
0.40166244
0.4016647
0.40166605
0.40166542
0.4016623
0.40165657
0.40164843
0.4016382
0.40162683
0.4016149
0.40160337
0.401593
0.40158442
0.40157828
0.4015747
0.40157387
0.4015754
0.40157872
0.401583
0.40158734
0.401591
0.4015932
0.40159342
0.40159136
0.40158734
0.40158156
0.4015744
0.40156618
0.401557
0.4015472
0.40153697
0.40152636
0.40151596
0.4015063
0.40149817
0.40149236
0.40148923
0.40148908
0.40149182
0.40149716
0.40150476
0.40151408
0.4015244
0.40153494
0.40154496
0.40155366
0.4015606
0.40156537
0.40156806
0.40156922
0.40156975
0.40157077
0.40157333
0.40157798
0.40158516
0.4015946
0.40160564
0.4016178
0.4016302
0.40164238
0.40165415
0.40166578
0.40167728
0.4016889
0.40170085
0.4017136
0.4017276
0.4017435
0.4017618
0.40178254
0.40180537
0.40182945
0.40185368
0.40187696
0.40189803
0.4019161
0.40193045
0.4019404
0.40194553
0.40194535
0.40193993
0.40192896
0.40191278
0.4018919
0.40186715
0.40183973
0.40181106
0.40178287
0.40175688
0.40173477
0.40171784
0.4017069
0.40170217
0.4017031
0.40170863
0.40171728
0.40172714
0.40173644
0.40174335
0.40174702
0.40174642
0.40174142
0.4017322
0.40171963
0.4017052
0.4016901
0.40167603
0.40166426
0.40165564
0.40165046
0.4016487
0.40164965
0.40165237
0.40165594
0.40165937
0.40166196
0.40166315
0.4016628
0.40166074
0.40165716
0.401652
0.40164533
0.40163735
0.40162832
0.4016184
0.40160763
0.401596
0.40158364
0.40157077
0.40155774
0.4015451
0.40153313
0.4015221
0.40151203
0.40150267
0.4014938
0.40148494
0.40147588
0.40146685
0.40145805
0.40144998
0.40144315
0.40143806
0.4014352
0.4014347
0.4014367
0.40144098
0.40144736
0.40145507
0.40146357
0.40147206
0.4014799
0.40148655
0.4014918
0.40149575
0.40149865
0.40150064
0.4015018
0.4015022
0.40150204
0.4015015
0.4015009
0.40150037
0.4014998
0.40149918
0.40149802
0.40149656
0.40149498
0.40149412
0.40149468
0.40149742
0.40150285
0.40151116
0.40152222
0.4015355
0.40155008
0.40156472
0.40157807
0.4015889
0.4015962
0.40159947
0.40159866
0.40159413
0.40158653
0.40157694
0.40156633
0.40155584
0.40154615
0.4015379
0.40153158
0.40152737
0.40152565
0.4015266
0.40153024
0.4015366
0.40154552
0.40155685
0.40157044
0.40158644
0.4016046
0.40162456
0.40164575
0.4016675
0.40168917
0.40171015
0.40172982
0.40174738
0.40176186
0.40177244
0.40177846
0.4017797
0.40177676
0.4017704
0.40176198
0.40175316
0.40174568
0.40174115
0.40174064
0.40174457
0.40175253
0.40176356
0.4017762
0.4017883
0.40179816
0.40180412
0.40180495
0.40179983
0.40178832
0.40177032
0.40174645
0.40171766
0.40168548
0.4016517
0.40161812
0.40158632
0.40155736
0.401532
0.4015107
0.40149364
0.40148085
0.4014722
0.40146714
0.4014652
0.40146583
0.4014683
0.40147182
0.40147576
0.4014794
0.40148243
0.4014846
0.40148625
0.4014876
0.40148905
0.40149102
0.4014936
0.4014972
0.40150192
0.40150818
0.40151605
0.4015257
0.4015368
0.40154925
0.4015624
0.40157583
0.4015888
0.40160078
0.40161118
0.4016197
0.40162644
0.4016319
0.4016369
0.40164208
0.40164763
0.40165338
0.40165868
0.40166244
0.40166366
0.40166163
0.40165547
0.40164515
0.40163103
0.40161392
0.4015951
0.40157586
0.40155762
0.40154135
0.40152806
0.40151814
0.40151176
0.40150887
0.4015092
0.40151244
0.40151832
0.4015265
0.40153697
0.4015493
0.40156317
0.40157822
0.40159371
0.40160885
0.40162244
0.4016334
0.40164092
0.40164453
0.40164456
0.4016416
0.40163675
0.40163103
0.40162554
0.40162125
0.4016187
0.40161806
0.40161934
0.40162238
0.4016271
0.40163335
0.401641
0.40164965
0.40165848
0.40166652
0.4016731
0.4016774
0.4016787
0.4016767
0.40167114
0.40166217
0.40165022
0.40163603
0.40162048
0.40160424
0.40158802
0.40157223
0.4015571
0.40154326
0.4015313
0.40152153
0.4015146
0.40151075
0.40151042
0.40151364
0.40152022
0.40152985
0.40154183
0.40155566
0.40157056
0.40158606
0.40160152
0.4016162
0.40162906
0.40163937
0.40164652
0.4016504
0.40165144
0.40165025
0.40164754
0.4016439
0.4016401
0.40163645
0.40163323
0.40163037
0.40162772
0.40162534
0.4016232
0.40162176
0.40162176
0.40162376
0.4016282
0.4016353
0.40164453
0.4016552
0.40166643
0.40167737
0.4016874
0.4016964
0.40170437
0.40171114
0.40171638
0.40171966
0.40172035
0.40171835
0.40171352
0.4017063
0.4016967
0.40168485
0.4016707
0.4016543
0.40163618
0.40161702
0.4015979
0.40157965
0.40156308
0.401549
0.4015378
0.4015298
0.40152538
0.40152475
0.40152788
0.4015346
0.4015445
0.4015573
0.4015725
0.4015898
0.40160918
0.40163046
0.40165314
0.40167654
0.40169984
0.40172195
0.40174165
0.40175778
0.40176958
0.4017765
0.40177846
0.4017759
0.40176946
0.40176034
0.40174955
0.40173796
0.40172637
0.40171555
0.4017063
0.4016991
0.40169427
0.40169215
0.401693
0.40169683
0.4017036
0.40171272
0.40172318
0.4017339
0.40174335
0.4017502
0.4017531
0.4017512
0.40174422
0.40173227
0.40171605
0.4016966
0.401675
0.4016525
0.40162995
0.40160784
0.4015864
0.40156558
0.401545
0.40152442
0.4015039
0.40148386
0.4014647
0.401447
0.40143144
0.40141842
0.4014084
0.40140158
0.40139812
0.40139797
0.40140107
0.40140712
0.4014158
0.40142673
0.40143958
0.40145397
0.4014695
0.4014859
0.40150315
0.4015215
0.40154165
0.40156403
0.40158918
0.40161708
0.40164754
0.40167966
0.40171233
0.4017441
0.4017732
0.4017982
0.40181795
0.40183166
0.40183926
0.40184098
0.40183768
0.40183046
0.40182066
0.4018097
0.4017989
0.40178916
0.40178078
0.40177357
0.4017669
0.40175968
0.40175113
0.4017407
0.4017284
0.4017144
0.40169975
0.40168497
0.401671
0.40165862
0.4016484
0.40164036
0.40163454
0.4016306
0.40162772
0.4016251
0.40162215
0.40161875
0.40161481
0.40161085
0.40160736
0.40160498
0.40160394
0.40160465
0.4016068
0.4016102
0.40161455
0.40161943
0.40162447
0.40162948
0.401634
0.40163758
0.40163964
0.40163988
0.40163803
0.40163442
0.40162978
0.40162516
0.40162182
0.4016208
0.40162256
0.40162736
0.40163523
0.40164557
0.40165788
0.40167135
0.40168482
0.4016972
0.40170708
0.4017136
0.40171638
0.40171564
0.4017118
0.40170592
0.401699
0.40169218
0.4016861
0.40168187
0.4016801
0.40168115
0.401685
0.40169078
0.40169755
0.4017043
0.40171042
0.40171543
0.40171918
0.40172186
0.4017237
0.40172464
0.40172443
0.40172264
0.40171862
0.40171188
0.40170228
0.40169004
0.40167594
0.40166092
0.40164632
0.40163335
0.401623
0.40161583
0.40161204
0.4016114
0.4016132
0.4016166
0.4016204
0.40162334
0.4016247
0.4016243
0.40162233
0.40161943
0.4016162
0.4016129
0.40160966
0.40160623
0.40160254
0.4015984
0.40159416
0.4015905
0.4015883
0.40158832
0.4015911
0.4015968
0.40160507
0.40161487
0.40162483
0.4016334
0.40163967
0.40164286
0.40164295
0.40164062
0.4016365
0.40163162
0.40162665
0.401622
0.40161806
0.40161467
0.4016117
0.4016088
0.40160587
0.4016029
0.4016002
0.4015981
0.40159655
0.40159568
0.40159535
0.40159526
0.40159535
0.40159592
0.4015971
0.4015992
0.40160227
0.4016063
0.401611
0.4016158
0.40162012
0.40162298
0.40162367
0.40162155
0.40161654
0.4016089
0.40159938
0.4015888
0.40157804
0.40156773
0.40155846
0.40155044
0.4015439
0.40153894
0.40153578
0.40153447
0.40153542
0.40153894
0.4015454
0.40155506
0.4015678
0.40158316
0.40160045
0.40161842
0.4016359
0.40165153
0.40166447
0.40167415
0.40168062
0.4016845
0.40168634
0.40168676
0.40168592
0.40168378
0.40168
0.4016743
0.40166667
0.40165707
0.40164548
0.40163225
0.4016176
0.40160164
0.40158495
0.40156788
0.4015508
0.40153447
0.40151945
0.40150633
0.40149575
0.40148827
0.40148458
0.401485
0.40148985
0.40149912
0.40151274
0.4015302
0.40155074
0.40157324
0.4015963
0.40161824
0.40163788
0.40165403
0.4016661
0.40167406
0.40167832
0.40167987
0.4016797
0.4016786
0.40167734
0.40167594
0.4016746
0.40167305
0.40167144
0.40166947
0.40166676
0.40166247
0.40165588
0.40164596
0.40163246
0.4016154
0.4015952
0.40157247
0.40154788
0.40152243
0.40149707
0.40147284
0.40145037
0.40143052
0.4014138
0.4014008
0.40139204
0.40138745
0.4013874
0.40139163
0.40139994
0.40141198
0.40142757
0.40144622
0.4014677
0.4014918
0.40151846
0.40154743
0.4015783
0.40161055
0.4016432
0.40167513
0.40170527
0.40173244
0.40175557
0.401774
0.40178716
0.40179488
0.40179738
0.40179482
0.40178773
0.4017767
0.40176228
0.40174517
0.40172625
0.40170643
0.40168664
0.40166765
0.4016499
0.4016334
0.40161818
0.4016036
0.4015892
0.40157482
0.40156034
0.40154588
0.40153176
0.40151834
0.40150633
0.40149626
0.4014888
0.4014842
0.4014829
0.40148476
0.40148985
0.4014979
0.40150866
0.40152195
0.4015373
0.40155455
0.4015732
0.40159252
0.4016117
0.40162933
0.40164417
0.4016551
0.40166166
0.40166372
0.40166193
0.4016571
0.40165037
0.40164268
0.40163478
0.40162742
0.40162113
0.4016168
0.4016154
0.4016179
0.4016249
0.40163666
0.40165293
0.40167302
0.40169567
0.40171924
0.40174216
0.40176272
0.40177965
0.40179208
0.4017997
0.40180284
0.40180206
0.40179822
0.4017923
0.40178534
0.40177846
0.40177238
0.40176758
0.40176383
0.40176055
0.4017568
0.40175152
0.40174353
0.401732
0.40171626
0.40169618
0.40167204
0.40164462
0.40161535
0.40158582
0.4015577
0.4015324
0.40151092
0.40149406
0.40148225
0.40147582
0.40147468
0.40147865
0.40148735
0.4015001
0.4015162
0.40153491
0.40155548
0.40157735
0.4016002
0.4016241
0.4016493
0.4016757
0.40170297
0.40173018
0.4017561
0.40177944
0.40179923
0.40181452
0.401825
0.4018306
0.40183142
0.40182784
0.4018206
0.40181053
0.40179864
0.40178603
0.40177324
0.40176046
0.4017475
0.4017342
0.40172026
0.40170538
0.4016895
0.4016727
0.40165538
0.4016384
0.40162256
0.4016088
0.4015979
0.4015899
0.40158466
0.40158153
0.40157974
0.40157828
0.40157658
0.40157434
0.401572
0.4015697
0.40156752
0.40156564
0.4015636
0.40156096
0.40155745
0.40155268
0.4015467
0.40154013
0.40153372
0.4015285
0.401525
0.40152344
0.4015238
0.40152577
0.40152887
0.40153262
0.4015368
0.40154165
0.4015475
0.40155432
0.40156236
0.40157145
0.40158114
0.40159073
0.40159944
0.4016068
0.40161276
0.4016176
0.40162173
0.4016255
0.401629
0.40163198
0.4016342
0.40163553
0.401636
0.40163547
0.40163404
0.40163174
0.40162894
0.4016263
0.40162453
0.40162423
0.40162578
0.40162933
0.40163457
0.4016407
0.40164718
0.4016534
0.40165913
0.40166447
0.4016692
0.4016731
0.40167555
0.40167585
0.4016735
0.40166822
0.40166032
0.40165034
0.4016393
0.40162817
0.40161797
0.40160963
0.40160382
0.40160108
0.40160164
0.40160513
0.40161115
0.40161917
0.40162873
0.40163982
0.401652
0.40166482
0.40167776
0.40168983
0.40170017
0.40170825
0.4017137
0.40171665
0.40171742
0.40171692
0.40171596
0.40171543
0.4017159
0.40171778
0.40172118
0.40172586
0.40173167
0.40173814
0.4017446
0.40175012
0.40175387
0.40175498
0.40175283
0.40174714
0.40173745
0.40172416
0.40170786
0.40168965
0.40167072
0.40165246
0.40163586
0.40162146
0.4016094
0.40159956
0.40159145
0.4015847
0.40157926
0.40157503
0.4015722
0.40157062
0.40157026
0.40157083
0.40157232
0.4015752
0.40157992
0.40158692
0.40159646
0.4016082
0.40162158
0.40163562
0.40164906
0.40166074
0.40166977
0.4016756
0.4016779
0.40167707
0.40167353
0.40166765
0.40165988
0.40165043
0.40163925
0.40162635
0.40161183
0.40159595
0.40157956
0.40156376
0.40154976
0.4015389
0.40153217
0.40153062
0.4015346
0.40154403
0.40155864
0.40157777
0.40160015
0.40162456
0.40164953
0.4016739
0.4016965
0.40171617
0.40173158
0.40174177
0.40174618
0.40174457
0.4017374
0.40172535
0.40170962
0.40169153
0.40167236
0.4016536
0.40163627
0.40162134
0.4016093
0.4016002
0.40159407
0.4015905
0.4015892
0.40159023
0.40159348
0.4015987
0.40160534
0.4016128
0.40162045
0.4016276
0.40163362
0.40163827
0.40164155
0.40164334
0.4016436
0.40164217
0.40163884
0.40163335
0.40162575
0.40161636
0.40160593
0.4015954
0.40158588
0.40157798
0.4015722
0.40156844
0.40156677
0.4015666
0.40156764
0.40156937
0.40157178
0.4015752
0.40158018
0.40158707
0.40159652
0.40160853
0.4016231
0.4016398
0.40165794
0.40167665
0.40169483
0.40171134
0.4017252
0.40173563
0.40174192
0.40174365
0.40174064
0.4017332
0.40172163
0.40170664
0.40168917
0.40167007
0.40165052
0.40163174
0.40161476
0.4016002
0.40158877
0.4015809
0.40157685
0.4015769
0.40158102
0.40158907
0.40160075
0.40161568
0.40163326
0.40165293
0.4016737
0.4016946
0.40171444
0.40173244
0.40174818
0.4017618
0.40177357
0.4017838
0.40179268
0.4018
0.40180555
0.40180907
0.40181053
0.40181008
0.4018081
0.4018053
0.4018024
0.40180004
0.4017983
0.40179694
0.40179506
0.40179178
0.4017862
0.40177786
0.4017664
0.40175176
0.40173408
0.4017141
0.4016924
0.40166983
0.4016471
0.4016248
0.40160376
0.40158483
0.40156916
0.4015577
0.40155125
0.40154994
0.4015538
0.40156198
0.40157336
0.40158635
0.4015991
0.40160972
0.40161672
0.40161896
0.4016162
0.4016085
0.40159667
0.40158185
0.40156546
0.40154883
0.401533
0.4015188
0.40150666
0.4014969
0.40148953
0.40148446
0.40148127
0.40147948
0.4014786
0.40147808
0.40147737
0.401476
0.40147382
0.40147093
0.4014678
0.40146473
0.40146214
0.40146017
0.40145892
0.4014581
0.40145752
0.4014569
0.40145612
0.40145507
0.4014536
0.40145165
0.4014494
0.4014472
0.40144542
0.4014443
0.40144393
0.40144446
0.4014459
0.40144798
0.40145037
0.4014529
0.40145573
0.40145928
0.40146413
0.401471
0.4014801
0.40149173
0.40150553
0.4015209
0.4015368
0.4015523
0.40156633
0.4015783
0.40158808
0.40159586
0.40160212
0.4016074
0.40161198
0.40161583
0.40161866
0.40161988
0.40161875
0.4016149
0.4016085
0.40159988
0.4015898
0.4015794
0.4015695
0.40156093
0.40155435
0.4015502
0.401549
0.40155086
0.40155563
0.40156302
0.4015725
0.4015832
0.40159416
0.40160418
0.40161207
0.40161747
0.40162027
0.40162113
0.40162122
0.40162155
0.40162334
0.4016273
0.40163404
0.40164378
0.40165633
0.40167162
0.40168917
0.4017084
0.40172896
0.40175048
0.40177304
0.40179607
0.4018193
0.40184173
0.40186238
0.40188023
0.40189445
0.4019044
0.4019097
0.40191016
0.40190566
0.40189642
0.40188244
0.401864
0.40184152
0.4018157
0.4017873
0.40175754
0.4017278
0.4016995
0.40167424
0.40165296
0.40163642
0.40162468
0.40161747
0.40161425
0.40161437
0.40161747
0.40162337
0.40163216
0.40164393
0.40165895
0.40167683
0.4016974
0.40171948
0.40174207
0.40176377
0.4017831
0.40179896
0.40181038
0.4018165
0.40181717
0.40181255
0.40180328
0.40179047
0.40177554
0.40176
0.4017455
0.4017331
0.4017237
0.40171725
0.40171325
0.40171063
0.40170777
0.40170327
0.40169615
0.4016858
0.40167248
0.4016568
0.40164003
0.40162334
0.40160805
0.4015951
0.40158495
0.4015778
0.40157357
0.40157187
0.40157217
0.4015738
0.40157595
0.4015776
0.40157774
0.40157568
0.40157112
0.4015645
0.40155637
0.40154737
0.40153813
0.401529
0.40152055
0.40151277
0.40150604
0.4015001
0.40149504
0.40149087
0.4014876
0.40148547
0.40148446
0.4014846
0.4014858
0.4014882
0.4014917
0.4014965
0.40150255
0.40150946
0.40151697
0.40152448
0.4015314
0.40153778
0.40154362
0.40154916
0.4015546
0.40156013
0.40156546
0.40157086
0.4015765
0.4015824
0.40158895
0.40159664
0.40160564
0.40161628
0.40162855
0.40164238
0.40165713
0.40167186
0.40168512
0.40169546
0.40170154
0.4017025
0.40169787
0.40168795
0.40167338
0.40165547
0.40163565
0.40161535
0.4015957
0.40157765
0.40156168
0.4015483
0.40153795
0.40153074
0.4015268
0.40152612
0.40152854
0.40153405
0.4015423
0.40155333
0.4015666
0.40158135
0.40159675
0.40161192
0.40162572
0.40163702
0.4016448
0.4016485
0.40164787
0.40164307
0.40163478
0.40162396
0.40161133
0.40159786
0.40158394
0.40156993
0.4015562
0.40154287
0.40153012
0.40151823
0.4015075
0.40149844
0.40149158
0.4014875
0.40148667
0.40148968
0.40149695
0.4015087
0.40152493
0.4015453
0.40156898
0.4015948
0.4016215
0.4016475
0.4016714
0.4016917
0.40170693
0.40171602
0.4017183
0.4017136
0.4017024
0.40168554
0.40166456
0.40164098
0.40161654
0.4015927
0.4015707
0.4015514
0.40153524
0.40152237
0.4015124
0.40150493
0.40149942
0.4014954
0.40149248
0.40149075
0.40149033
0.40149125
0.4014935
0.40149692
0.40150103
0.40150553
0.40151012
0.40151495
0.40152007
0.40152583
0.40153235
0.4015398
0.40154865
0.40155905
0.40157136
0.4015856
0.40160164
0.40161902
0.40163666
0.4016534
0.40166786
0.40167865
0.40168512
0.40168673
0.40168378
0.40167716
0.40166822
0.4016585
0.40164974
0.40164366
0.40164214
0.401647
0.4016599
0.40168297
0.40171793
0.40176725
0.401834
0.40192294
0.40204057
0.4021969
0.4024074
0.40269366
0.4030845
0.40362126
0.40436092
0.40538105
0.40678757
0.40872222
0.4114052
0.4150621
0.42000234
0.4266984
0.43579587
0.4479067
