0.44259477
0.4320939
0.42421368
0.41827628
0.41383854
0.4105561
0.40814534
0.40636677
0.40506008
0.404107
0.40341094
0.40290335
0.4025329
0.4022618
0.4020621
0.4019138
0.40180266
0.40171868
0.40165484
0.40160593
0.4015683
0.401539
0.40151614
0.40149826
0.40148428
0.40147343
0.40146524
0.40145957
0.40145656
0.40145645
0.40145954
0.40146592
0.40147546
0.40148804
0.40150338
0.40152106
0.40154073
0.40156227
0.4015856
0.40161088
0.40163806
0.4016665
0.4016955
0.40172365
0.40174958
0.40177205
0.40178996
0.40180272
0.40181005
0.4018122
0.40180978
0.40180376
0.4017952
0.4017856
0.40177605
0.40176743
0.4017602
0.40175417
0.40174904
0.40174413
0.40173876
0.40173247
0.40172508
0.40171665
0.4017074
0.40169743
0.40168712
0.40167636
0.40166512
0.40165326
0.40164077
0.40162787
0.401615
0.40160283
0.4015922
0.40158373
0.40157795
0.40157518
0.40157554
0.40157896
0.40158513
0.40159306
0.40160167
0.4016095
0.40161523
0.40161777
0.40161666
0.40161192
0.4016041
0.40159395
0.40158242
0.40157026
0.40155807
0.4015463
0.40153533
0.4015256
0.40151742
0.40151098
0.40150672
0.40150464
0.40150464
0.40150657
0.40150988
0.40151414
0.40151843
0.40152195
0.40152422
0.40152493
0.40152416
0.4015221
0.40151888
0.40151474
0.40150976
0.40150404
0.4014976
0.4014906
0.401483
0.4014748
0.40146607
0.40145698
0.40144795
0.40143958
0.40143266
0.40142772
0.4014254
0.4014261
0.40143037
0.4014384
0.40145025
0.40146565
0.40148413
0.40150502
0.40152723
0.40154934
0.40156972
0.40158674
0.4015991
0.40160638
0.40160844
0.40160602
0.40160015
0.40159172
0.40158185
0.40157166
0.40156215
0.40155405
0.4015478
0.40154344
0.40154105
0.40154055
0.40154192
0.4015451
0.40154994
0.40155602
0.4015629
0.40156984
0.40157622
0.40158126
0.4015846
0.4015862
0.4015867
0.40158686
0.40158784
0.4015906
0.4015958
0.40160364
0.4016137
0.40162525
0.40163687
0.40164715
0.4016549
0.4016592
0.4016596
0.40165612
0.40164915
0.40163943
0.40162802
0.40161625
0.40160507
0.40159547
0.40158805
0.40158308
0.40158075
0.40158072
0.40158287
0.40158707
0.4015933
0.40160128
0.40161058
0.40162048
0.40162966
0.40163717
0.40164194
0.40164337
0.4016417
0.4016376
0.40163207
0.40162638
0.40162182
0.40161934
0.40161943
0.40162197
0.40162635
0.40163156
0.4016362
0.40163916
0.40163976
0.40163755
0.40163288
0.40162635
0.40161866
0.40161046
0.40160242
0.401595
0.40158844
0.40158275
0.4015776
0.40157261
0.4015677
0.40156323
0.40155977
0.40155813
0.40155882
0.40156215
0.40156803
0.4015761
0.40158588
0.40159672
0.4016079
0.40161866
0.4016283
0.40163642
0.4016431
0.4016486
0.4016534
0.4016577
0.40166157
0.40166488
0.40166742
0.401669
0.40166974
0.40167013
0.40167084
0.40167278
0.4016764
0.401682
0.40168926
0.4016974
0.4017052
0.40171152
0.40171564
0.40171665
0.40171427
0.40170854
0.4016999
0.40168896
0.40167665
0.40166384
0.40165135
0.4016395
0.40162843
0.40161797
0.40160802
0.40159857
0.4015898
0.40158197
0.4015752
0.4015698
0.40156606
0.40156373
0.40156263
0.4015625
0.40156308
0.40156394
0.40156487
0.4015657
0.401566
0.40156546
0.40156376
0.4015606
0.4015561
0.40155068
0.40154514
0.40154055
0.40153795
0.40153834
0.4015424
0.40155077
0.40156373
0.40158093
0.40160152
0.40162408
0.40164688
0.40166783
0.40168482
0.40169615
0.40170074
0.40169814
0.40168858
0.40167305
0.4016528
0.40162942
0.40160456
0.40157992
0.40155676
0.40153626
0.40151936
0.4015067
0.40149888
0.40149647
0.40150008
0.40150976
0.40152553
0.40154698
0.40157354
0.40160438
0.40163833
0.4016739
0.40170938
0.40174294
0.401773
0.4017982
0.40181747
0.4018302
0.4018363
0.40183613
0.4018301
0.40181932
0.40180495
0.4017884
0.40177107
0.4017542
0.40173876
0.40172508
0.4017134
0.40170327
0.4016942
0.40168598
0.40167835
0.4016713
0.4016647
0.40165824
0.4016513
0.4016432
0.40163347
0.40162238
0.40161043
0.40159878
0.40158877
0.4015817
0.40157855
0.40158
0.40158638
0.40159717
0.40161145
0.4016279
0.4016449
0.40166074
0.40167424
0.4016846
0.40169156
0.4016953
0.4016966
0.4016964
0.40169576
0.40169555
0.40169638
0.40169838
0.4017013
0.40170458
0.40170768
0.40171018
0.40171203
0.40171367
0.40171576
0.4017193
0.40172526
0.40173453
0.40174747
0.40176395
0.40178326
0.4018045
0.40182656
0.40184796
0.40186766
0.40188482
0.40189886
0.40190956
0.40191668
0.40192002
0.40191945
0.40191478
0.40190607
0.40189335
0.40187663
0.40185606
0.4018321
0.4018052
0.40177625
0.4017463
0.4017164
0.40168756
0.40166053
0.40163574
0.40161338
0.40159374
0.40157685
0.40156275
0.40155146
0.40154308
0.4015377
0.40153533
0.40153626
0.40154088
0.40154946
0.40156224
0.40157926
0.40160048
0.40162534
0.40165296
0.40168226
0.4017117
0.40173978
0.4017652
0.40178663
0.401803
0.40181354
0.40181777
0.40181556
0.40180698
0.40179244
0.40177268
0.4017488
0.40172228
0.40169472
0.4016679
0.40164334
0.40162218
0.40160525
0.4015927
0.4015843
0.40157944
0.40157717
0.4015764
0.40157616
0.4015758
0.40157512
0.40157422
0.40157342
0.401573
0.40157342
0.4015748
0.40157717
0.40158066
0.40158525
0.4015906
0.4015963
0.4016019
0.401607
0.40161115
0.40161422
0.40161607
0.40161675
0.40161622
0.40161437
0.40161103
0.40160617
0.40160003
0.40159324
0.40158606
0.40157914
0.40157282
0.40156746
0.4015634
0.40156078
0.4015595
0.40155932
0.40155974
0.40156028
0.40156043
0.40155977
0.40155816
0.40155563
0.40155235
0.40154848
0.4015443
0.40154013
0.40153614
0.4015325
0.4015293
0.40152648
0.4015237
0.40152055
0.40151697
0.40151277
0.4015084
0.4015041
0.40150043
0.40149775
0.40149632
0.40149623
0.40149745
0.40149987
0.40150326
0.40150744
0.40151227
0.40151766
0.4015239
0.40153104
0.40153968
0.40155038
0.40156338
0.40157887
0.4015966
0.40161583
0.40163562
0.40165445
0.40167066
0.40168285
0.40168965
0.4016903
0.40168455
0.40167278
0.4016558
0.401635
0.401612
0.40158844
0.40156567
0.40154484
0.40152678
0.40151197
0.4015004
0.40149224
0.40148732
0.40148598
0.40148816
0.40149394
0.401503
0.40151492
0.40152887
0.40154356
0.40155786
0.40157038
0.4015799
0.4015856
0.40158725
0.40158534
0.40158096
0.40157545
0.40157026
0.40156665
0.40156573
0.40156785
0.4015733
0.40158167
0.40159205
0.40160337
0.4016143
0.40162364
0.4016301
0.40163323
0.40163302
0.4016302
0.40162602
0.40162194
0.40161955
0.40162018
0.4016247
0.4016339
0.4016484
0.40166888
0.40169653
0.4017334
0.4017826
0.4018492
0.40194118
0.40207008
0.40225226
0.4025124
0.4028803
0.40339857
0.40412548
0.40513965
0.4065472
0.4084896
0.41118768
0.41486427
0.41982841
0.4265533
0.43568116
0.44782338
