0.44260538
0.4321094
0.42423552
0.41830617
0.41387796
0.41060635
0.40820608
0.40643683
0.40513733
0.40418845
0.4034935
0.40298453
0.40261158
0.40233806
0.40213728
0.40199
0.4018821
0.401803
0.40174457
0.40170062
0.4016662
0.40163812
0.401614
0.40159282
0.40157402
0.4015576
0.40154353
0.4015318
0.40152222
0.40151468
0.4015087
0.40150344
0.40149802
0.40149158
0.40148368
0.4014744
0.40146428
0.40145394
0.40144393
0.40143484
0.40142676
0.40141997
0.40141422
0.4014096
0.40140578
0.40140268
0.40140012
0.40139818
0.40139693
0.40139636
0.40139645
0.40139732
0.4013989
0.4014013
0.4014045
0.40140843
0.4014129
0.40141755
0.40142208
0.40142605
0.40142903
0.40143096
0.40143165
0.4014313
0.40143028
0.40142903
0.40142795
0.40142733
0.4014273
0.4014278
0.40142894
0.4014307
0.40143326
0.40143695
0.40144208
0.40144885
0.40145737
0.40146753
0.40147904
0.40149137
0.40150374
0.40151533
0.40152535
0.401533
0.4015379
0.40153986
0.40153927
0.40153652
0.4015321
0.40152648
0.40152025
0.40151355
0.40150672
0.40150008
0.40149418
0.4014901
0.40148878
0.4014912
0.40149796
0.40150955
0.40152603
0.4015472
0.40157253
0.40160108
0.40163174
0.4016633
0.40169472
0.40172505
0.4017534
0.40177885
0.4018006
0.40181804
0.4018308
0.40183857
0.4018414
0.4018395
0.40183336
0.40182367
0.40181124
0.40179726
0.40178287
0.40176955
0.40175822
0.40174982
0.40174457
0.401742
0.40174145
0.4017415
0.40174082
0.40173826
0.4017332
0.40172553
0.4017155
0.40170372
0.40169102
0.40167835
0.4016662
0.40165532
0.40164608
0.40163898
0.4016344
0.40163246
0.40163293
0.4016355
0.40163955
0.4016442
0.40164846
0.4016513
0.40165186
0.4016498
0.40164536
0.4016391
0.40163198
0.4016247
0.40161812
0.40161246
0.40160787
0.40160426
0.4016015
0.40159908
0.40159687
0.40159506
0.40159386
0.4015938
0.40159547
0.40159962
0.40160662
0.40161672
0.40162933
0.4016439
0.40165928
0.40167475
0.40168986
0.40170434
0.40171862
0.401733
0.40174806
0.40176415
0.40178123
0.40179893
0.4018165
0.40183294
0.40184703
0.40185782
0.4018645
0.40186644
0.40186334
0.40185496
0.40184122
0.40182236
0.40179875
0.40177116
0.4017407
0.40170872
0.40167683
0.40164703
0.40162084
0.4015996
0.401584
0.4015744
0.40157068
0.4015725
0.40157884
0.40158877
0.40160093
0.40161362
0.40162516
0.40163404
0.40163913
0.40164024
0.40163758
0.401632
0.4016247
0.401617
0.40160996
0.40160468
0.40160185
0.401602
0.40160543
0.40161216
0.4016219
0.4016341
0.40164804
0.40166247
0.40167594
0.4016868
0.4016936
0.4016955
0.401692
0.4016833
0.40167013
0.40165386
0.401636
0.4016184
0.40160263
0.40158987
0.40158093
0.40157613
0.40157542
0.40157822
0.4015836
0.4015905
0.40159732
0.4016025
0.40160483
0.4016035
0.4015982
0.4015893
0.40157768
0.4015642
0.40154967
0.40153491
0.40152055
0.4015069
0.40149435
0.4014831
0.40147316
0.4014646
0.40145752
0.4014518
0.40144768
0.40144524
0.4014447
0.40144604
0.4014492
0.40145403
0.4014605
0.4014683
0.40147725
0.401487
0.4014972
0.4015072
0.40151653
0.40152475
0.4015315
0.40153685
0.40154132
0.40154538
0.40154964
0.40155455
0.40156052
0.40156767
0.40157595
0.40158483
0.40159342
0.40160033
0.40160435
0.4016044
0.40159997
0.4015913
0.40157914
0.40156475
0.40154982
0.40153578
0.40152392
0.40151516
0.4015099
0.40150854
0.40151075
0.40151638
0.40152475
0.40153515
0.40154654
0.40155825
0.4015698
0.40158126
0.40159303
0.40160546
0.40161884
0.40163317
0.40164804
0.4016628
0.40167636
0.4016878
0.4016964
0.40170166
0.4017036
0.4017027
0.4016999
0.40169615
0.40169218
0.40168858
0.40168524
0.401682
0.4016783
0.40167367
0.40166786
0.40166092
0.40165308
0.40164503
0.40163758
0.40163127
0.4016268
0.40162456
0.4016249
0.40162805
0.40163386
0.40164223
0.40165263
0.40166432
0.40167654
0.40168846
0.40169936
0.4017088
0.40171665
0.4017227
0.40172663
0.40172774
0.40172535
0.4017187
0.4017077
0.40169266
0.4016746
0.40165493
0.40163523
0.40161714
0.40160173
0.40158984
0.40158135
0.40157562
0.40157166
0.40156838
0.40156487
0.4015605
0.40155488
0.40154797
0.4015398
0.40153033
0.4015198
0.40150866
0.40149754
0.40148717
0.4014781
0.40147078
0.40146527
0.4014618
0.40146026
0.40146068
0.40146306
0.40146747
0.40147382
0.40148214
0.40149227
0.4015039
0.40151653
0.40152988
0.40154317
0.40155575
0.40156683
0.40157595
0.40158302
0.40158868
0.40159392
0.4015999
0.40160775
0.40161824
0.40163162
0.40164787
0.40166622
0.40168557
0.4017042
0.40172046
0.40173283
0.40173995
0.40174097
0.40173566
0.40172416
0.40170735
0.4016867
0.40166414
0.40164158
0.40162072
0.4016029
0.40158865
0.40157834
0.40157172
0.4015683
0.40156743
0.40156862
0.40157145
0.40157598
0.40158224
0.4015904
0.40160045
0.40161204
0.40162456
0.401637
0.40164796
0.401656
0.40165985
0.40165862
0.40165216
0.40164077
0.40162557
0.40160784
0.40158868
0.40156925
0.40155035
0.40153235
0.4015157
0.40150058
0.40148762
0.40147713
0.4014697
0.40146562
0.4014653
0.40146863
0.40147537
0.40148503
0.40149692
0.40151003
0.40152326
0.40153554
0.40154582
0.40155342
0.401558
0.40155986
0.40155944
0.40155804
0.40155658
0.40155575
0.40155613
0.4015579
0.40156096
0.40156513
0.40156996
0.40157476
0.40157914
0.40158245
0.4015846
0.4015856
0.40158582
0.4015858
0.401586
0.40158698
0.40158904
0.4015925
0.4015973
0.40160304
0.40160924
0.40161517
0.40161988
0.4016225
0.40162283
0.4016208
0.4016167
0.4016112
0.40160498
0.4015985
0.40159225
0.40158644
0.4015811
0.4015763
0.40157238
0.40156966
0.40156847
0.40156913
0.40157187
0.4015769
0.40158418
0.4015935
0.4016044
0.4016163
0.4016287
0.40164104
0.4016528
0.40166324
0.4016715
0.40167713
0.4016796
0.40167895
0.40167522
0.40166888
0.40166032
0.40165022
0.40163916
0.4016279
0.40161714
0.4016077
0.4016004
0.40159565
0.40159377
0.4015946
0.40159777
0.4016027
0.4016085
0.4016143
0.40161976
0.4016244
0.40162814
0.40163076
0.40163255
0.40163404
0.40163586
0.4016393
0.40164542
0.40165508
0.4016685
0.40168536
0.4017048
0.40172535
0.4017456
0.40176398
0.40177938
0.40179104
0.40179858
0.40180206
0.40180176
0.40179825
0.40179223
0.40178457
0.4017762
0.40176812
0.40176144
0.40175706
0.4017556
0.40175733
0.40176183
0.4017684
0.40177563
0.40178227
0.40178695
0.4017885
0.4017863
0.4017798
0.40176925
0.40175518
0.4017386
0.40172085
0.40170315
0.4016868
0.4016727
0.40166143
0.40165305
0.40164718
0.4016431
0.40163982
0.40163633
0.40163192
0.40162647
0.40162012
0.40161344
0.40160704
0.40160167
0.40159833
0.4015975
0.40159926
0.40160322
0.4016085
0.40161386
0.40161854
0.40162158
0.40162295
0.40162274
0.40162176
0.40162054
0.4016196
0.4016189
0.40161833
0.40161738
0.4016155
0.40161207
0.40160677
0.4015993
0.40159014
0.4015801
0.40157
0.40156063
0.40155244
0.4015454
0.4015393
0.4015338
0.40152848
0.40152305
0.40151748
0.4015118
0.40150598
0.40149996
0.40149382
0.40148762
0.4014814
0.40147546
0.40147033
0.40146685
0.40146604
0.40146893
0.4014765
0.40148908
0.40150672
0.40152898
0.40155488
0.40158322
0.4016124
0.40164083
0.40166682
0.4016889
0.4017064
0.40171877
0.40172607
0.40172848
0.40172672
0.40172157
0.40171418
0.40170556
0.40169713
0.40168947
0.4016833
0.40167856
0.40167508
0.40167215
0.4016688
0.40166417
0.40165773
0.40164933
0.40163916
0.40162772
0.40161583
0.4016046
0.40159494
0.40158778
0.40158394
0.40158364
0.40158725
0.40159422
0.40160397
0.40161532
0.40162697
0.40163767
0.40164658
0.40165323
0.4016576
0.40166
0.40166107
0.40166155
0.40166187
0.4016624
0.4016632
0.40166402
0.4016643
0.40166348
0.401661
0.40165663
0.40165034
0.40164247
0.40163356
0.40162423
0.40161505
0.40160635
0.40159842
0.40159118
0.40158457
0.4015787
0.40157375
0.40157
0.40156752
0.40156683
0.40156797
0.40157124
0.40157697
0.40158546
0.4015969
0.40161103
0.4016274
0.40164486
0.4016623
0.40167823
0.40169182
0.40170255
0.40171066
0.40171695
0.40172246
0.40172833
0.4017355
0.4017443
0.40175435
0.40176517
0.40177542
0.40178388
0.40178937
0.4017909
0.4017876
0.4017794
0.4017664
0.40174899
0.40172824
0.40170538
0.40168193
0.40165907
0.4016379
0.40161926
0.4016036
0.4015909
0.40158117
0.40157402
0.40156922
0.40156665
0.40156636
0.4015687
0.40157402
0.40158245
0.40159407
0.40160835
0.4016248
0.4016424
0.40166017
0.40167686
0.40169173
0.40170386
0.40171307
0.4017192
0.4017227
0.4017237
0.4017227
0.40171954
0.40171453
0.40170813
0.40170094
0.40169373
0.40168726
0.40168202
0.40167814
0.40167516
0.4016725
0.40166944
0.40166545
0.40166032
0.40165418
0.40164724
0.40163988
0.4016325
0.40162534
0.4016187
0.40161276
0.4016077
0.40160376
0.401601
0.40159944
0.40159917
0.40160015
0.40160212
0.40160468
0.40160733
0.4016094
0.40161037
0.40160993
0.40160832
0.4016057
0.40160227
0.40159822
0.40159357
0.40158817
0.40158185
0.40157452
0.40156633
0.4015577
0.40154925
0.40154156
0.40153497
0.4015296
0.40152535
0.40152165
0.40151802
0.40151364
0.40150827
0.40150177
0.40149453
0.4014866
0.40147847
0.40147033
0.40146273
0.40145597
0.40145022
0.40144584
0.40144318
0.4014424
0.40144396
0.4014477
0.4014538
0.401462
0.40147203
0.4014835
0.40149578
0.4015081
0.40151978
0.40153024
0.40153933
0.40154722
0.40155402
0.4015602
0.40156567
0.40157056
0.40157476
0.40157858
0.40158245
0.40158722
0.40159366
0.4016026
0.40161428
0.40162858
0.40164497
0.40166256
0.4016803
0.4016969
0.40171131
0.4017224
0.40172908
0.40173048
0.40172625
0.40171647
0.40170172
0.40168285
0.4016611
0.4016376
0.40161374
0.4015907
0.4015695
0.4015508
0.40153506
0.40152243
0.40151277
0.40150604
0.40150195
0.40150046
0.40150174
0.4015058
0.4015127
0.40152255
0.40153506
0.40155008
0.40156737
0.40158612
0.40160578
0.4016256
0.40164497
0.4016627
0.40167797
0.40168998
0.40169835
0.40170315
0.4017048
0.40170383
0.40170094
0.4016965
0.40169087
0.4016846
0.40167832
0.40167302
0.40166938
0.40166834
0.40167034
0.4016756
0.40168375
0.40169394
0.4017048
0.40171486
0.40172264
0.40172684
0.40172672
0.40172184
0.40171245
0.40169892
0.40168202
0.40166262
0.40164167
0.40162027
0.40159962
0.4015811
0.40156573
0.4015544
0.40154785
0.40154633
0.40154994
0.40155822
0.40157062
0.4015864
0.40160468
0.4016245
0.40164497
0.40166503
0.40168372
0.40170053
0.4017153
0.40172815
0.4017395
0.40174958
0.4017583
0.40176532
0.40177023
0.40177265
0.40177232
0.40176922
0.40176365
0.40175596
0.40174657
0.40173605
0.40172485
0.40171316
0.40170103
0.4016883
0.40167475
0.40166003
0.40164387
0.4016264
0.4016082
0.40159017
0.40157336
0.40155876
0.4015471
0.4015387
0.4015336
0.4015314
0.40153173
0.40153387
0.40153748
0.40154222
0.40154824
0.40155596
0.40156573
0.40157768
0.4015917
0.40160722
0.40162334
0.40163875
0.40165222
0.40166265
0.40166947
0.4016725
0.40167192
0.40166843
0.4016629
0.40165657
0.4016506
0.4016459
0.40164304
0.4016423
0.40164366
0.4016469
0.40165174
0.4016581
0.40166613
0.40167627
0.401689
0.4017047
0.40172353
0.40174538
0.40176982
0.40179592
0.40182242
0.40184823
0.4018723
0.40189394
0.40191272
0.40192828
0.4019405
0.40194923
0.40195435
0.40195575
0.40195313
0.40194634
0.40193522
0.40191963
0.40189976
0.40187567
0.40184778
0.40181625
0.40178183
0.40174556
0.40170872
0.40167296
0.40163994
0.40161142
0.4015886
0.40157223
0.40156257
0.40155917
0.40156135
0.40156803
0.40157822
0.40159073
0.40160477
0.40161934
0.40163356
0.4016465
0.40165716
0.4016648
0.40166906
0.40167022
0.40166858
0.40166458
0.40165856
0.4016507
0.40164074
0.40162867
0.4016145
0.4015985
0.40158135
0.40156376
0.4015463
0.40152952
0.40151381
0.4014995
0.40148675
0.40147585
0.40146673
0.4014595
0.40145388
0.40144977
0.40144685
0.40144497
0.4014442
0.40144452
0.40144625
0.40144965
0.40145463
0.4014612
0.40146917
0.40147814
0.40148795
0.40149817
0.4015087
0.40151933
0.40153006
0.4015408
0.40155146
0.4015619
0.40157205
0.40158212
0.40159252
0.40160373
0.40161592
0.40162888
0.40164217
0.4016549
0.40166572
0.40167323
0.40167624
0.40167397
0.4016662
0.40165338
0.4016366
0.40161738
0.4015975
0.40157855
0.40156195
0.40154883
0.40153986
0.40153506
0.4015344
0.40153754
0.4015439
0.40155265
0.40156302
0.40157375
0.4015838
0.40159225
0.4015984
0.40160143
0.40160123
0.40159786
0.4015921
0.40158504
0.40157777
0.4015714
0.4015665
0.40156358
0.40156263
0.4015635
0.40156597
0.4015695
0.40157375
0.40157837
0.40158302
0.40158716
0.40159044
0.40159264
0.40159398
0.40159506
0.4015965
0.4015991
0.40160364
0.4016107
0.40162086
0.40163457
0.4016519
0.40167248
0.40169558
0.4017198
0.4017435
0.4017647
0.4017817
0.4017932
0.40179804
0.40179574
0.4017863
0.40177026
0.40174848
0.40172246
0.40169373
0.40166408
0.40163523
0.4016086
0.40158528
0.4015658
0.40155056
0.40153944
0.40153208
0.40152752
0.40152493
0.40152347
0.4015226
0.40152222
0.40152243
0.40152326
0.4015248
0.40152723
0.40153062
0.4015354
0.40154186
0.40155008
0.40156
0.4015707
0.40158138
0.40159056
0.40159735
0.4016008
0.4016008
0.4015979
0.40159294
0.40158725
0.40158203
0.4015784
0.40157714
0.4015787
0.40158308
0.4015898
0.4015981
0.40160683
0.401615
0.40162158
0.40162647
0.4016296
0.40163162
0.40163308
0.40163475
0.40163693
0.40163985
0.4016435
0.4016477
0.40165222
0.4016565
0.40165985
0.4016617
0.4016618
0.40166023
0.40165746
0.40165436
0.401652
0.40165135
0.40165323
0.40165818
0.4016667
0.4016787
0.40169373
0.40171093
0.40172902
0.4017465
0.401762
0.40177417
0.40178198
0.40178484
0.40178227
0.40177467
0.40176278
0.40174794
0.40173188
0.40171653
0.4017037
0.40169472
0.4016905
0.4016914
0.40169695
0.4017064
0.40171835
0.4017311
0.4017432
0.40175313
0.40175977
0.40176234
0.40176025
0.4017532
0.40174142
0.40172523
0.4017054
0.40168312
0.4016597
0.40163645
0.40161476
0.40159568
0.40158027
0.40156913
0.4015627
0.40156096
0.40156394
0.4015709
0.40158117
0.40159383
0.40160784
0.40162227
0.40163627
0.40164873
0.4016588
0.4016657
0.40166903
0.40166917
0.40166667
0.40166262
0.40165794
0.4016535
0.40164977
0.401647
0.40164486
0.40164295
0.40164047
0.40163642
0.40162984
0.40161994
0.40160647
0.40158963
0.4015703
0.4015495
0.40152845
0.4015081
0.40148914
0.4014723
0.4014578
0.401446
0.40143716
0.40143156
0.40142977
0.4014319
0.4014383
0.40144888
0.4014634
0.40148145
0.40150234
0.4015251
0.40154874
0.4015719
0.4015931
0.4016111
0.40162444
0.40163216
0.4016339
0.40162978
0.4016205
0.40160733
0.40159193
0.4015764
0.40156242
0.4015513
0.40154412
0.40154108
0.40154222
0.40154698
0.40155458
0.40156373
0.40157297
0.40158096
0.4015862
0.40158802
0.40158603
0.40158057
0.40157256
0.40156302
0.40155292
0.4015434
0.4015351
0.4015287
0.40152457
0.40152302
0.40152422
0.4015279
0.40153387
0.4015416
0.4015507
0.40156093
0.40157261
0.40158582
0.401601
0.40161818
0.4016373
0.40165776
0.4016785
0.40169808
0.40171486
0.4017274
0.40173462
0.40173584
0.40173104
0.40172046
0.4017052
0.40168634
0.40166563
0.40164456
0.40162453
0.4016065
0.4015911
0.40157855
0.4015686
0.40156093
0.4015552
0.40155113
0.40154842
0.40154704
0.4015468
0.40154743
0.4015483
0.40154874
0.40154794
0.40154532
0.40154067
0.40153414
0.4015262
0.4015174
0.40150833
0.40150002
0.40149322
0.40148854
0.40148628
0.4014866
0.40148944
0.4014944
0.40150094
0.40150845
0.40151623
0.40152362
0.40153003
0.4015349
0.4015378
0.40153864
0.40153715
0.4015337
0.40152875
0.401523
0.40151748
0.4015133
0.40151146
0.4015129
0.40151843
0.40152875
0.4015444
0.40156567
0.40159276
0.40162557
0.40166402
0.4017079
0.40175733
0.4018132
0.40187797
0.40195602
0.40205467
0.40218475
0.40236238
0.40261206
0.4029648
0.4034639
0.40416896
0.40516013
0.40654537
0.4084679
0.41114935
0.41481504
0.41977403
0.42649883
0.43563366
0.44778726
