0.44261858
0.43213028
0.42426732
0.41835234
0.413941
0.4106878
0.4083049
0.4065513
0.40526548
0.40432763
0.40364134
0.40313888
0.40276995
0.4024976
0.40229484
0.4021423
0.40202636
0.40193766
0.4018697
0.40181828
0.40178013
0.4017524
0.4017327
0.40171853
0.40170774
0.4016986
0.40169
0.40168157
0.40167338
0.40166575
0.401659
0.40165323
0.40164852
0.4016448
0.4016422
0.4016412
0.40164214
0.40164545
0.40165135
0.40165964
0.40166962
0.4016806
0.40169117
0.40170002
0.4017059
0.40170822
0.40170676
0.40170193
0.40169454
0.40168557
0.4016763
0.4016675
0.4016596
0.40165257
0.4016459
0.40163898
0.40163112
0.40162197
0.4016115
0.4016002
0.40158847
0.40157685
0.40156543
0.40155435
0.40154353
0.40153313
0.4015237
0.4015155
0.40150896
0.40150407
0.40150076
0.40149868
0.4014972
0.40149555
0.40149304
0.4014893
0.401484
0.4014777
0.40147087
0.4014641
0.4014578
0.40145233
0.40144813
0.40144548
0.40144458
0.40144575
0.40144902
0.40145466
0.40146282
0.40147346
0.40148646
0.40150142
0.4015177
0.4015344
0.4015507
0.40156543
0.40157744
0.4015857
0.40158966
0.40158918
0.40158498
0.40157807
0.40156966
0.40156096
0.40155306
0.40154666
0.40154225
0.40154013
0.40154028
0.4015426
0.40154675
0.4015525
0.40155953
0.40156752
0.40157595
0.4015839
0.4015905
0.40159467
0.4015957
0.40159342
0.4015877
0.40157914
0.40156856
0.40155646
0.40154326
0.4015293
0.40151492
0.4015007
0.40148744
0.40147585
0.40146655
0.40145978
0.40145567
0.40145403
0.40145478
0.40145752
0.4014624
0.4014694
0.40147862
0.40149048
0.4015054
0.40152356
0.40154496
0.40156922
0.40159565
0.4016232
0.4016505
0.40167612
0.40169892
0.40171787
0.4017322
0.40174133
0.40174472
0.40174243
0.40173453
0.4017216
0.40170464
0.40168476
0.40166357
0.4016428
0.40162423
0.4016094
0.40159962
0.40159553
0.4015974
0.40160528
0.40161848
0.4016361
0.4016569
0.40167952
0.40170223
0.4017233
0.4017412
0.40175444
0.40176186
0.401763
0.4017577
0.4017464
0.40173024
0.4017107
0.40168932
0.4016682
0.4016487
0.40163207
0.401619
0.40160996
0.40160477
0.40160298
0.40160388
0.40160635
0.4016093
0.40161133
0.4016116
0.40160948
0.4016051
0.40159887
0.40159154
0.40158376
0.40157613
0.4015694
0.40156376
0.40155956
0.40155673
0.40155512
0.40155435
0.40155414
0.40155402
0.4015538
0.40155312
0.4015519
0.40154985
0.40154707
0.40154362
0.4015395
0.40153468
0.401529
0.40152234
0.40151423
0.40150452
0.40149304
0.40148023
0.40146622
0.40145165
0.40143695
0.40142286
0.40140972
0.40139773
0.40138707
0.40137783
0.40137008
0.40136364
0.40135854
0.40135434
0.40135065
0.40134725
0.4013441
0.4013414
0.40133947
0.4013387
0.40133947
0.4013421
0.4013469
0.40135404
0.40136358
0.40137526
0.40138906
0.40140468
0.40142182
0.40144047
0.4014603
0.40148103
0.40150234
0.4015236
0.40154442
0.40156472
0.40158442
0.40160358
0.40162203
0.4016394
0.40165514
0.40166837
0.4016785
0.4016854
0.401689
0.40169004
0.40168944
0.40168846
0.40168828
0.40168953
0.4016925
0.40169668
0.40170124
0.4017048
0.40170592
0.40170342
0.40169647
0.40168455
0.40166792
0.40164718
0.40162352
0.40159836
0.4015732
0.40154937
0.401528
0.40150982
0.4014956
0.40148568
0.40148008
0.4014788
0.40148163
0.4014885
0.40149915
0.40151268
0.4015282
0.40154442
0.40155992
0.40157318
0.40158328
0.40158954
0.40159193
0.40159097
0.40158758
0.40158275
0.4015775
0.4015724
0.4015677
0.40156326
0.40155858
0.4015531
0.4015464
0.40153846
0.40152967
0.40152064
0.4015121
0.40150476
0.4014992
0.40149587
0.40149492
0.40149653
0.40150082
0.4015081
0.40151846
0.40153193
0.40154842
0.40156752
0.40158868
0.4016108
0.4016325
0.40165225
0.40166873
0.4016808
0.40168783
0.40168977
0.40168706
0.40168026
0.40167055
0.40165928
0.4016477
0.4016369
0.40162763
0.40162048
0.4016152
0.40161163
0.4016091
0.40160695
0.40160456
0.4016013
0.4015971
0.40159228
0.4015874
0.40158316
0.40158027
0.4015789
0.401579
0.40158018
0.4015818
0.40158328
0.40158376
0.40158254
0.40157914
0.40157342
0.40156573
0.40155658
0.4015468
0.40153706
0.4015279
0.4015198
0.40151316
0.40150827
0.40150532
0.40150443
0.40150538
0.4015078
0.40151128
0.40151533
0.4015194
0.4015229
0.4015254
0.40152663
0.40152663
0.40152547
0.40152344
0.4015208
0.40151775
0.40151444
0.40151116
0.40150812
0.40150595
0.40150508
0.4015064
0.40151033
0.40151727
0.40152735
0.40154058
0.40155694
0.4015761
0.40159732
0.40161943
0.40164095
0.4016601
0.40167534
0.40168533
0.40168917
0.40168658
0.40167782
0.40166372
0.40164554
0.40162465
0.40160236
0.4015797
0.40155753
0.40153638
0.40151665
0.40149868
0.4014828
0.4014695
0.4014591
0.40145206
0.40144876
0.4014494
0.40145403
0.4014629
0.4014759
0.40149277
0.4015135
0.4015373
0.40156364
0.40159145
0.40161943
0.40164608
0.40166974
0.4016888
0.4017021
0.40170896
0.40170956
0.40170422
0.40169412
0.40168035
0.40166423
0.401647
0.40162945
0.40161237
0.40159604
0.40158093
0.40156713
0.40155488
0.40154448
0.40153626
0.40153053
0.40152764
0.40152752
0.40153003
0.40153447
0.4015399
0.40154514
0.4015489
0.4015502
0.4015487
0.40154454
0.40153852
0.4015319
0.40152588
0.4015218
0.40152043
0.40152216
0.4015268
0.4015337
0.4015419
0.40155008
0.40155715
0.40156186
0.40156353
0.4015622
0.40155822
0.4015524
0.40154585
0.40153944
0.401534
0.40152997
0.4015277
0.40152735
0.40152884
0.4015323
0.4015373
0.40154362
0.40155077
0.40155804
0.40156472
0.40156972
0.40157256
0.4015727
0.40157038
0.401566
0.40156034
0.40155402
0.40154758
0.40154153
0.40153605
0.40153113
0.40152705
0.40152362
0.4015211
0.40151954
0.40151912
0.40151998
0.40152225
0.40152648
0.40153277
0.4015411
0.4015512
0.40156245
0.40157384
0.40158427
0.4015925
0.40159762
0.4015993
0.40159768
0.40159348
0.40158752
0.40158063
0.4015737
0.4015674
0.4015623
0.40155867
0.40155676
0.40155673
0.40155888
0.4015635
0.40157077
0.40158042
0.40159193
0.4016042
0.4016161
0.40162647
0.4016344
0.4016396
0.40164232
0.401643
0.40164274
0.4016423
0.40164256
0.4016439
0.40164623
0.40164936
0.40165287
0.40165642
0.40165958
0.4016624
0.40166473
0.4016663
0.40166667
0.40166527
0.40166178
0.40165606
0.40164846
0.40163964
0.4016303
0.4016212
0.40161282
0.4016056
0.40159965
0.4015948
0.40159085
0.40158728
0.40158382
0.40158018
0.40157616
0.40157205
0.4015683
0.40156537
0.4015636
0.40156317
0.40156388
0.40156513
0.40156627
0.40156633
0.40156478
0.4015611
0.4015552
0.40154755
0.40153858
0.40152934
0.40152067
0.40151337
0.40150836
0.4015063
0.40150777
0.4015133
0.4015233
0.4015378
0.40155676
0.4015797
0.40160576
0.40163368
0.40166184
0.4016883
0.40171155
0.40172997
0.4017427
0.40174899
0.4017486
0.40174168
0.40172872
0.40171048
0.40168816
0.40166306
0.401637
0.40161133
0.40158758
0.40156686
0.40154994
0.4015373
0.401529
0.40152508
0.40152526
0.40152892
0.40153518
0.40154284
0.40155065
0.401557
0.40156066
0.40156096
0.40155736
0.40155008
0.40153953
0.40152654
0.40151212
0.40149722
0.40148282
0.4014698
0.40145898
0.4014507
0.40144533
0.40144265
0.4014426
0.40144473
0.40144867
0.40145394
0.40145996
0.40146652
0.40147325
0.40148026
0.40148747
0.40149477
0.40150204
0.4015088
0.4015146
0.40151894
0.40152133
0.4015214
0.40151885
0.4015135
0.40150547
0.4014951
0.4014829
0.40146974
0.40145656
0.40144438
0.40143403
0.4014261
0.40142074
0.40141788
0.40141705
0.4014177
0.40141922
0.40142143
0.40142432
0.4014283
0.4014338
0.4014414
0.4014513
0.40146378
0.40147874
0.4014959
0.401515
0.4015357
0.40155745
0.40157956
0.40160152
0.40162277
0.4016429
0.40166193
0.40167952
0.40169534
0.40170884
0.40171894
0.4017248
0.40172583
0.40172178
0.401713
0.40170008
0.40168417
0.4016666
0.40164876
0.40163162
0.4016161
0.40160245
0.4015909
0.4015817
0.40157488
0.40157068
0.40156916
0.4015704
0.4015744
0.4015806
0.40158835
0.4015965
0.40160382
0.4016089
0.40161085
0.4016088
0.40160248
0.4015922
0.40157866
0.40156287
0.40154615
0.40152994
0.40151566
0.40150464
0.4014977
0.4014954
0.40149784
0.40150487
0.40151557
0.40152892
0.4015435
0.40155768
0.40157
0.40157923
0.40158468
0.40158617
0.40158385
0.40157822
0.40156975
0.40155908
0.40154666
0.40153292
0.4015184
0.4015039
0.40149024
0.40147838
0.4014691
0.40146306
0.40146053
0.40146187
0.40146735
0.40147683
0.40149018
0.40150678
0.40152633
0.40154815
0.4015718
0.40159708
0.40162352
0.40165034
0.40167654
0.4017008
0.40172186
0.4017388
0.40175095
0.4017581
0.40176067
0.4017592
0.40175474
0.4017482
0.4017407
0.40173277
0.40172467
0.40171617
0.40170676
0.40169606
0.4016839
0.4016705
0.4016566
0.40164316
0.4016313
0.40162158
0.40161481
0.40161115
0.40161073
0.40161327
0.40161866
0.40162647
0.40163612
0.40164676
0.40165716
0.4016659
0.40167192
0.40167448
0.40167335
0.40166873
0.40166128
0.4016518
0.40164137
0.40163088
0.4016212
0.4016128
0.40160587
0.40160024
0.40159544
0.40159082
0.40158555
0.40157914
0.40157145
0.40156272
0.40155387
0.40154582
0.40153962
0.40153593
0.40153491
0.4015363
0.4015396
0.4015438
0.40154755
0.40154982
0.40154934
0.40154555
0.4015385
0.4015286
0.4015168
0.40150416
0.4014917
0.40148
0.40146977
0.4014612
0.40145436
0.40144897
0.40144482
0.40144166
0.40143928
0.40143773
0.40143687
0.40143684
0.4014379
0.40144017
0.401444
0.40144923
0.40145588
0.40146378
0.4014724
0.40148127
0.40148973
0.40149707
0.40150264
0.40150604
0.40150735
0.40150708
0.40150613
0.40150538
0.40150565
0.40150756
0.40151167
0.4015182
0.4015271
0.40153825
0.40155113
0.4015652
0.4015796
0.4015933
0.40160507
0.40161398
0.40161926
0.4016207
0.4016184
0.40161312
0.40160537
0.40159604
0.40158573
0.40157512
0.40156496
0.40155575
0.40154797
0.40154195
0.40153787
0.4015356
0.40153524
0.40153643
0.40153936
0.40154397
0.40155023
0.4015578
0.401566
0.40157413
0.40158123
0.40158632
0.40158874
0.4015883
0.4015852
0.40158015
0.4015739
0.4015671
0.4015602
0.4015536
0.40154755
0.40154225
0.4015379
0.4015349
0.40153357
0.40153456
0.40153807
0.40154412
0.4015525
0.4015626
0.4015736
0.40158463
0.40159506
0.40160468
0.40161362
0.40162235
0.40163136
0.40164107
0.40165162
0.40166283
0.40167412
0.4016845
0.40169278
0.40169773
0.40169862
0.40169522
0.40168786
0.4016775
0.40166515
0.4016523
0.4016402
0.4016298
0.40162164
0.40161598
0.4016127
0.40161118
0.40161082
0.40161073
0.40161
0.4016082
0.40160498
0.40159997
0.4015931
0.40158433
0.40157387
0.4015619
0.4015489
0.40153527
0.4015212
0.4015069
0.40149257
0.40147832
0.4014646
0.40145183
0.40144053
0.40143123
0.40142423
0.40141997
0.4014182
0.40141883
0.40142128
0.40142503
0.4014296
0.4014347
0.40144017
0.40144625
0.40145284
0.4014598
0.40146694
0.40147385
0.40148038
0.40148625
0.40149125
0.40149522
0.40149805
0.4014998
0.4015005
0.40150058
0.40150037
0.40150014
0.40150025
0.40150067
0.4015015
0.40150297
0.40150505
0.40150797
0.40151173
0.40151632
0.4015216
0.4015275
0.40153414
0.4015419
0.4015512
0.40156224
0.4015748
0.40158802
0.40160108
0.40161252
0.40162122
0.40162605
0.4016266
0.40162292
0.40161562
0.40160564
0.4015942
0.40158227
0.40157086
0.4015605
0.40155163
0.4015444
0.40153864
0.40153414
0.40153077
0.40152827
0.40152636
0.4015251
0.40152448
0.40152457
0.40152547
0.4015271
0.40152934
0.401532
0.40153474
0.40153697
0.40153816
0.40153787
0.40153578
0.401532
0.40152693
0.4015209
0.4015144
0.401508
0.40150204
0.40149695
0.4014929
0.40149015
0.4014891
0.40149015
0.40149385
0.40150028
0.40150952
0.40152135
0.40153557
0.40155157
0.4015687
0.4015862
0.40160346
0.4016202
0.4016366
0.40165353
0.40167263
0.4016959
0.40172622
0.40176725
0.4018234
0.40190074
0.40200752
0.40215462
0.40235776
0.4026392
0.40302742
0.4035635
0.4043044
0.4053274
0.40673825
0.40867832
0.41136774
0.41503102
0.4199774
0.4266796
0.43578196
0.44789693
