0.4426526
0.43216926
0.42430377
0.41837788
0.41394734
0.41066697
0.40825215
0.4064639
0.4051428
0.4041727
0.40345868
0.40293458
0.4025507
0.40227014
0.40206528
0.40191576
0.40180668
0.40172732
0.40166995
0.40162888
0.4016
0.40158033
0.40156785
0.4015613
0.4015596
0.40156227
0.40156898
0.4015793
0.40159264
0.40160793
0.40162405
0.4016394
0.40165234
0.40166143
0.40166572
0.401665
0.40165943
0.4016497
0.4016368
0.40162182
0.40160593
0.4015902
0.4015757
0.4015635
0.4015546
0.40154982
0.40154973
0.40155455
0.40156448
0.40157914
0.4015981
0.4016206
0.40164545
0.40167138
0.4016965
0.4017193
0.40173826
0.40175223
0.40176043
0.40176263
0.4017589
0.4017497
0.40173593
0.40171868
0.40169942
0.4016797
0.4016607
0.40164348
0.40162858
0.40161577
0.4016047
0.4015949
0.40158606
0.40157828
0.40157196
0.40156755
0.40156564
0.40156642
0.40157026
0.40157697
0.40158632
0.4015976
0.40160975
0.4016218
0.40163267
0.4016418
0.40164915
0.40165523
0.40166083
0.4016669
0.40167433
0.40168345
0.4016943
0.40170604
0.40171775
0.4017279
0.40173525
0.40173858
0.40173703
0.40173024
0.4017184
0.40170208
0.40168217
0.40165973
0.4016357
0.40161106
0.40158656
0.40156293
0.4015409
0.40152076
0.40150294
0.4014874
0.40147427
0.40146342
0.40145487
0.40144846
0.4014442
0.40144166
0.40144062
0.4014412
0.40144318
0.4014466
0.40145138
0.4014575
0.40146488
0.40147358
0.40148368
0.401495
0.40150753
0.40152082
0.40153465
0.40154845
0.4015618
0.40157416
0.4015851
0.40159407
0.4016012
0.40160662
0.4016109
0.4016143
0.40161696
0.40161875
0.40161914
0.4016177
0.40161422
0.40160885
0.40160215
0.40159476
0.40158734
0.40158033
0.40157372
0.40156737
0.40156093
0.4015543
0.40154704
0.40153882
0.40152943
0.4015185
0.40150636
0.40149352
0.40148097
0.40146965
0.40146026
0.40145347
0.40144968
0.4014489
0.4014513
0.40145683
0.40146518
0.40147588
0.40148836
0.40150186
0.40151566
0.40152916
0.40154183
0.40155327
0.40156302
0.4015706
0.4015758
0.4015787
0.40157914
0.4015776
0.4015748
0.4015716
0.4015689
0.40156716
0.4015666
0.40156692
0.4015677
0.40156862
0.40156972
0.40157127
0.40157375
0.4015774
0.4015823
0.4015884
0.40159512
0.401602
0.40160814
0.40161252
0.4016144
0.40161344
0.4016095
0.40160316
0.40159494
0.4015857
0.40157625
0.40156743
0.40155968
0.4015531
0.40154764
0.40154302
0.40153927
0.40153643
0.40153483
0.40153491
0.40153682
0.40154073
0.40154657
0.401554
0.40156236
0.4015709
0.4015788
0.40158555
0.401591
0.40159535
0.40159917
0.40160334
0.40160817
0.4016137
0.4016197
0.4016255
0.4016302
0.40163296
0.401633
0.40163
0.4016243
0.40161642
0.4016074
0.40159807
0.40158927
0.4015818
0.40157616
0.40157256
0.401571
0.40157166
0.4015744
0.40157896
0.40158513
0.40159234
0.40160048
0.40160924
0.4016184
0.40162754
0.40163627
0.40164396
0.40165028
0.4016545
0.40165612
0.40165505
0.40165135
0.4016454
0.40163782
0.4016291
0.40161994
0.40161097
0.40160286
0.40159672
0.40159273
0.40159106
0.40159118
0.40159234
0.40159342
0.40159318
0.40159082
0.40158606
0.40157893
0.4015703
0.40156135
0.4015533
0.40154743
0.40154463
0.40154535
0.40154976
0.40155756
0.40156803
0.40158004
0.4015925
0.40160394
0.40161303
0.40161866
0.40162027
0.40161783
0.4016118
0.4016031
0.40159267
0.4015814
0.40157026
0.4015599
0.40155083
0.4015434
0.40153775
0.4015337
0.4015315
0.40153125
0.40153357
0.40153915
0.4015485
0.40156212
0.40158018
0.40160277
0.40162957
0.4016599
0.40169248
0.40172613
0.40175888
0.40178922
0.40181562
0.4018367
0.40185162
0.40185982
0.40186098
0.40185514
0.4018426
0.40182364
0.40179926
0.40177047
0.4017386
0.40170524
0.40167177
0.40164003
0.4016113
0.4015867
0.40156692
0.40155232
0.40154257
0.40153727
0.40153527
0.40153545
0.4015365
0.4015373
0.40153724
0.4015363
0.40153506
0.4015344
0.4015352
0.4015383
0.40154442
0.40155387
0.4015666
0.40158224
0.40159988
0.40161857
0.40163714
0.40165457
0.40167022
0.40168375
0.40169516
0.40170464
0.40171266
0.4017198
0.40172637
0.40173203
0.4017362
0.401738
0.4017369
0.40173233
0.4017243
0.4017131
0.4016994
0.4016839
0.40166718
0.40165004
0.4016332
0.40161747
0.40160388
0.40159324
0.40158647
0.4015841
0.40158632
0.40159306
0.40160382
0.40161744
0.40163264
0.4016476
0.40166035
0.4016693
0.401673
0.4016709
0.40166298
0.40164998
0.4016332
0.40161434
0.40159535
0.4015777
0.40156272
0.40155125
0.40154335
0.40153894
0.4015373
0.40153778
0.40153933
0.40154108
0.40154234
0.40154243
0.40154094
0.4015381
0.40153447
0.401531
0.40152878
0.40152875
0.40153155
0.4015374
0.40154615
0.40155727
0.40156972
0.40158254
0.40159458
0.40160528
0.40161413
0.4016212
0.40162626
0.401629
0.40162906
0.40162602
0.4016196
0.40161005
0.40159792
0.40158403
0.40156922
0.40155435
0.40154013
0.4015273
0.4015161
0.4015068
0.40149948
0.4014941
0.40149057
0.4014887
0.40148827
0.40148896
0.40149036
0.40149257
0.40149564
0.40149996
0.40150562
0.401513
0.4015221
0.4015329
0.40154538
0.40155923
0.40157408
0.40158904
0.40160328
0.40161598
0.40162647
0.40163448
0.40164018
0.40164393
0.40164647
0.40164813
0.40164918
0.4016495
0.4016484
0.4016453
0.40163925
0.40162945
0.40161538
0.40159717
0.4015753
0.4015512
0.40152636
0.40150252
0.4014812
0.4014635
0.40145007
0.4014413
0.4014372
0.40143728
0.40144095
0.4014474
0.40145567
0.401465
0.40147507
0.40148562
0.40149724
0.40151006
0.40152436
0.40153995
0.40155628
0.4015723
0.40158665
0.401598
0.40160534
0.40160802
0.40160638
0.401601
0.4015931
0.40158412
0.40157542
0.40156806
0.40156263
0.40155932
0.40155792
0.40155804
0.40155932
0.40156165
0.40156484
0.4015683
0.40157133
0.4015732
0.40157354
0.4015724
0.4015704
0.4015687
0.4015683
0.4015704
0.4015758
0.40158492
0.40159774
0.4016145
0.40163445
0.40165702
0.40168074
0.4017041
0.4017255
0.4017435
0.4017569
0.40176496
0.40176708
0.40176338
0.4017542
0.4017404
0.40172306
0.40170333
0.40168235
0.4016611
0.40164036
0.40162057
0.40160245
0.40158644
0.40157315
0.40156278
0.4015554
0.4015507
0.40154824
0.40154764
0.40154865
0.4015513
0.40155604
0.4015633
0.40157324
0.40158606
0.40160152
0.40161896
0.4016378
0.4016568
0.40167457
0.40168956
0.40170026
0.40170556
0.40170488
0.4016981
0.40168563
0.40166834
0.40164754
0.40162474
0.40160167
0.40157968
0.40155992
0.40154323
0.40153006
0.4015203
0.4015139
0.4015105
0.40151003
0.401512
0.40151587
0.40152106
0.40152657
0.4015314
0.40153465
0.4015355
0.4015337
0.4015297
0.40152422
0.40151817
0.40151212
0.4015066
0.40150177
0.40149802
0.40149552
0.40149453
0.40149513
0.40149724
0.40150067
0.40150514
0.4015102
0.40151575
0.40152177
0.40152872
0.40153706
0.40154728
0.4015595
0.40157378
0.40158963
0.4016063
0.40162256
0.40163726
0.40164924
0.40165767
0.40166187
0.40166143
0.40165615
0.40164644
0.40163276
0.40161586
0.40159675
0.40157658
0.4015564
0.40153763
0.40152118
0.40150788
0.40149847
0.40149343
0.4014929
0.4014968
0.4015046
0.4015155
0.4015285
0.40154237
0.40155566
0.40156743
0.401577
0.40158442
0.4015901
0.40159494
0.4015998
0.4016056
0.40161288
0.40162212
0.40163362
0.40164733
0.4016629
0.40167964
0.40169677
0.4017135
0.40172938
0.4017441
0.40175796
0.40177172
0.401786
0.4018016
0.40181872
0.40183723
0.40185648
0.4018757
0.40189385
0.40191013
0.40192392
0.40193465
0.40194193
0.40194526
0.4019444
0.40193912
0.40192923
0.40191483
0.40189615
0.40187362
0.40184802
0.40181997
0.40179038
0.40176043
0.40173134
0.4017042
0.4016801
0.40165943
0.40164226
0.40162832
0.40161687
0.4016073
0.40159884
0.40159103
0.40158358
0.40157664
0.4015707
0.40156606
0.40156317
0.40156212
0.40156284
0.40156522
0.40156922
0.40157506
0.40158275
0.40159276
0.40160504
0.4016194
0.40163505
0.40165085
0.40166548
0.4016775
0.40168563
0.4016893
0.40168852
0.4016839
0.40167654
0.40166807
0.40165982
0.40165287
0.40164796
0.40164533
0.401645
0.40164676
0.4016507
0.40165666
0.40166512
0.40167612
0.40168974
0.40170553
0.40172264
0.40173984
0.40175572
0.40176904
0.4017787
0.40178406
0.4017848
0.4017811
0.4017735
0.40176255
0.40174899
0.40173352
0.4017171
0.4017
0.4016827
0.40166527
0.40164816
0.40163183
0.4016171
0.40160486
0.40159604
0.40159115
0.4015905
0.40159398
0.40160128
0.40161157
0.40162352
0.40163556
0.401646
0.40165332
0.40165657
0.40165544
0.40165022
0.40164185
0.40163165
0.40162122
0.40161183
0.40160447
0.40159962
0.40159705
0.40159628
0.40159664
0.40159762
0.4015992
0.40160173
0.40160576
0.40161172
0.40161976
0.40162992
0.40164205
0.40165526
0.4016686
0.4016807
0.40169027
0.4016965
0.40169898
0.4016976
0.40169266
0.4016844
0.40167335
0.40165955
0.40164363
0.40162617
0.40160802
0.40158987
0.40157214
0.40155524
0.401539
0.4015233
0.40150788
0.4014927
0.40147802
0.4014644
0.4014524
0.40144247
0.40143496
0.4014299
0.40142736
0.40142742
0.40142986
0.40143472
0.4014418
0.40145087
0.40146172
0.4014742
0.4014882
0.40150356
0.40152025
0.40153757
0.40155506
0.40157223
0.40158862
0.40160447
0.40162
0.40163538
0.40165073
0.40166563
0.40167952
0.4016913
0.40169984
0.4017042
0.40170392
0.40169907
0.40169033
0.40167862
0.40166512
0.40165076
0.4016362
0.4016219
0.40160784
0.40159413
0.4015811
0.40156898
0.40155786
0.40154773
0.40153852
0.40153033
0.40152335
0.40151802
0.40151465
0.40151373
0.40151554
0.40152025
0.40152767
0.40153763
0.4015496
0.40156287
0.4015769
0.40159112
0.4016051
0.40161884
0.40163222
0.40164557
0.4016592
0.4016733
0.40168765
0.4017018
0.40171486
0.40172562
0.40173307
0.4017366
0.40173593
0.40173143
0.40172386
0.40171424
0.4017034
0.40169212
0.40168092
0.40167022
0.4016604
0.4016519
0.4016453
0.40164137
0.40164042
0.40164247
0.4016473
0.40165454
0.40166366
0.40167412
0.4016858
0.40169874
0.4017132
0.4017294
0.40174735
0.40176657
0.40178618
0.40180504
0.4018219
0.40183583
0.40184584
0.40185133
0.401852
0.40184796
0.40183952
0.40182745
0.40181255
0.401796
0.40177897
0.4017623
0.40174678
0.4017325
0.4017194
0.40170717
0.4016959
0.40168598
0.401678
0.40167272
0.40167063
0.401672
0.40167677
0.40168434
0.4016943
0.40170595
0.40171844
0.40173075
0.40174147
0.40174928
0.4017532
0.40175256
0.40174693
0.40173653
0.40172195
0.40170383
0.4016831
0.4016603
0.401636
0.40161082
0.4015856
0.40156135
0.40153882
0.4015189
0.4015022
0.40148896
0.40147945
0.4014736
0.40147138
0.4014727
0.40147743
0.40148512
0.4014953
0.4015076
0.4015211
0.401535
0.4015483
0.40156
0.40156955
0.40157676
0.401582
0.40158588
0.4015892
0.4015928
0.4015976
0.40160397
0.40161225
0.40162212
0.40163288
0.4016436
0.40165335
0.40166143
0.40166757
0.40167165
0.40167382
0.40167433
0.40167332
0.40167052
0.4016659
0.40165976
0.4016525
0.40164495
0.4016382
0.40163356
0.40163207
0.40163428
0.40164012
0.40164906
0.4016599
0.40167126
0.40168193
0.4016912
0.40169883
0.4017052
0.4017108
0.4017164
0.40172264
0.4017296
0.4017372
0.40174466
0.40175104
0.4017553
0.4017565
0.40175387
0.40174708
0.4017362
0.40172178
0.40170494
0.40168703
0.4016695
0.40165368
0.40164036
0.40162966
0.4016215
0.40161508
0.40160945
0.40160364
0.40159687
0.401589
0.40157998
0.40157035
0.4015608
0.40155193
0.4015444
0.4015387
0.4015351
0.40153384
0.40153506
0.40153912
0.4015459
0.4015553
0.40156674
0.40157956
0.40159306
0.4016063
0.40161824
0.40162763
0.40163377
0.4016361
0.4016349
0.40163073
0.4016245
0.40161687
0.40160844
0.40159956
0.4015904
0.40158108
0.40157124
0.40156096
0.40155038
0.40154
0.4015308
0.40152356
0.40151903
0.40151766
0.40151975
0.40152523
0.4015336
0.40154406
0.40155515
0.4015655
0.40157366
0.40157855
0.40157956
0.40157676
0.40157098
0.40156335
0.4015554
0.40154868
0.40154445
0.4015436
0.40154645
0.40155298
0.40156275
0.40157488
0.4015886
0.40160277
0.40161654
0.40162906
0.40163973
0.40164828
0.40165496
0.40166035
0.40166524
0.40167022
0.40167567
0.40168154
0.4016875
0.40169302
0.40169778
0.40170154
0.40170437
0.40170616
0.40170676
0.40170583
0.40170288
0.40169764
0.40169
0.40168014
0.40166852
0.4016557
0.40164217
0.40162832
0.40161455
0.40160152
0.40159008
0.40158087
0.40157443
0.40157086
0.4015698
0.4015707
0.40157256
0.40157455
0.40157583
0.40157604
0.40157512
0.40157345
0.40157163
0.40157008
0.4015695
0.40157002
0.40157178
0.40157476
0.40157914
0.4015847
0.4015913
0.4015985
0.40160587
0.40161344
0.40162152
0.40163055
0.40164077
0.40165237
0.40166485
0.40167728
0.40168843
0.40169704
0.40170208
0.40170303
0.40169993
0.40169322
0.4016837
0.40167236
0.4016603
0.40164858
0.40163803
0.4016289
0.40162134
0.40161476
0.40160885
0.40160325
0.40159777
0.4015921
0.4015861
0.4015796
0.4015728
0.40156615
0.4015603
0.40155625
0.4015548
0.40155667
0.40156248
0.4015722
0.4015855
0.40160158
0.40161923
0.40163687
0.40165263
0.4016651
0.40167284
0.40167537
0.40167272
0.40166542
0.40165448
0.40164122
0.4016268
0.4016121
0.40159792
0.40158442
0.40157154
0.4015593
0.40154755
0.40153617
0.40152526
0.40151507
0.40150604
0.40149865
0.40149334
0.4014904
0.4014901
0.40149266
0.4014983
0.401507
0.40151873
0.40153334
0.40155056
0.40157
0.401591
0.40161294
0.40163508
0.4016563
0.4016755
0.4016917
0.4017038
0.4017112
0.40171334
0.40171018
0.40170223
0.40169027
0.40167537
0.40165895
0.4016424
0.40162697
0.40161404
0.40160453
0.40159908
0.40159792
0.40160096
0.4016077
0.4016173
0.4016286
0.40164012
0.40165028
0.40165764
0.40166092
0.40165946
0.40165296
0.4016419
0.40162712
0.4016099
0.4015915
0.40157327
0.4015562
0.40154096
0.40152794
0.40151742
0.4015094
0.4015039
0.40150097
0.40150064
0.40150282
0.4015075
0.4015146
0.40152395
0.40153545
0.40154848
0.40156233
0.40157613
0.40158898
0.40159994
0.40160868
0.4016149
0.40161887
0.4016209
0.40162158
0.401622
0.40162298
0.40162516
0.401629
0.4016345
0.40164137
0.40164876
0.40165588
0.40166202
0.40166697
0.40167084
0.40167388
0.40167645
0.40167832
0.40167937
0.401679
0.40167713
0.40167373
0.40166914
0.40166366
0.40165743
0.4016504
0.4016424
0.40163317
0.40162298
0.40161222
0.40160167
0.40159214
0.4015844
0.40157914
0.40157676
0.4015777
0.40158212
0.40158996
0.40160114
0.40161493
0.4016306
0.40164718
0.4016633
0.40167746
0.4016885
0.4016954
0.40169805
0.40169683
0.40169275
0.40168706
0.40168107
0.40167594
0.40167248
0.40167102
0.40167138
0.40167296
0.40167475
0.4016757
0.40167493
0.4016716
0.4016654
0.40165624
0.40164453
0.40163088
0.40161613
0.40160078
0.4015858
0.40157178
0.40155932
0.40154883
0.4015403
0.40153363
0.40152842
0.40152448
0.40152168
0.40152043
0.4015211
0.40152422
0.40153024
0.40153942
0.4015518
0.40156725
0.4015856
0.40160614
0.40162772
0.401649
0.40166828
0.40168378
0.4016944
0.40169942
0.4016988
0.40169337
0.40168428
0.4016733
0.40166196
0.40165162
0.40164325
0.40163732
0.40163386
0.4016325
0.40163296
0.4016349
0.4016379
0.40164137
0.40164444
0.40164614
0.40164557
0.40164217
0.40163592
0.4016271
0.40161645
0.4016049
0.40159348
0.401583
0.40157428
0.40156794
0.40156427
0.40156317
0.40156412
0.40156633
0.4015689
0.40157074
0.40157112
0.40156955
0.40156627
0.40156198
0.40155792
0.4015554
0.40155563
0.40155974
0.40156853
0.40158236
0.40160114
0.40162438
0.40165117
0.40168002
0.4017093
0.40173692
0.4017612
0.40178072
0.4017944
0.4018017
0.4018024
0.40179652
0.4017846
0.40176752
0.40174636
0.4017226
0.4016976
0.40167296
0.40164986
0.40162927
0.40161192
0.4015981
0.40158784
0.40158084
0.4015763
0.4015734
0.40157092
0.40156803
0.4015641
0.40155908
0.40155342
0.40154782
0.40154347
0.4015415
0.40154344
0.4015513
0.40156725
0.4015946
0.40163732
0.40170115
0.40179405
0.40192735
0.402118
0.4023886
0.4027691
0.4033014
0.40404314
0.4050719
0.4064934
0.4084486
0.41115806
0.4148438
0.4198151
0.42654592
0.43567708
0.44782108
