0.4426076
0.43211588
0.4242498
0.41833144
0.41391614
0.41065776
0.40826854
0.40650728
0.40521246
0.40426502
0.40356895
0.40305713
0.4026799
0.4024009
0.40219358
0.40203846
0.40192172
0.4018338
0.4017678
0.40171868
0.40168285
0.4016571
0.40163887
0.40162587
0.4016162
0.4016085
0.4016024
0.40159762
0.40159416
0.40159202
0.40159073
0.40158963
0.40158784
0.40158424
0.40157795
0.4015683
0.40155536
0.40153977
0.40152243
0.4015045
0.40148702
0.40147072
0.40145627
0.4014441
0.40143457
0.40142772
0.40142342
0.40142155
0.401422
0.4014245
0.401429
0.4014352
0.40144318
0.40145323
0.40146524
0.4014792
0.40149486
0.40151137
0.40152776
0.40154287
0.40155533
0.4015639
0.40156782
0.4015671
0.4015625
0.40155533
0.40154704
0.40153903
0.40153244
0.40152788
0.40152568
0.401526
0.40152863
0.40153348
0.40154037
0.40154916
0.40155974
0.40157154
0.40158376
0.40159544
0.40160537
0.40161285
0.40161765
0.4016201
0.4016208
0.40162066
0.40162054
0.40162116
0.40162292
0.40162608
0.40163055
0.401636
0.4016417
0.4016468
0.40165025
0.40165138
0.40164968
0.4016453
0.40163872
0.40163085
0.40162277
0.40161532
0.40160903
0.4016041
0.40160018
0.401597
0.4015939
0.40159014
0.40158543
0.40157992
0.40157387
0.40156776
0.40156215
0.4015573
0.4015533
0.4015502
0.40154764
0.40154526
0.40154266
0.40153995
0.4015373
0.401535
0.40153337
0.40153265
0.40153292
0.40153393
0.40153533
0.4015367
0.40153736
0.40153697
0.40153545
0.4015328
0.40152934
0.40152508
0.40152013
0.4015144
0.40150803
0.40150142
0.40149528
0.4014902
0.40148687
0.40148544
0.4014859
0.4014879
0.40149078
0.4014936
0.4014956
0.40149614
0.40149492
0.40149236
0.40148926
0.40148664
0.40148553
0.40148675
0.40149096
0.40149832
0.4015087
0.40152183
0.4015373
0.40155485
0.40157425
0.40159553
0.40161866
0.40164378
0.4016705
0.40169844
0.40172705
0.4017555
0.40178293
0.40180865
0.40183204
0.40185285
0.40187111
0.4018872
0.40190184
0.40191594
0.40193042
0.40194628
0.40196407
0.40198433
0.40200797
0.40203586
0.40206993
0.40211263
0.4021678
0.4022408
0.40233943
0.40247455
0.40266165
0.40292352
0.4032912
0.40380523
0.4045232
0.4055231
0.40691087
0.40882844
0.41149533
0.4151381
0.4200652
0.42674786
0.43583357
0.4479335
