0.44260916
0.4321123
0.42423528
0.4182999
0.4138625
0.41057837
0.4081637
0.4063791
0.4050648
0.40410337
0.40339932
0.40288574
0.4025126
0.4022427
0.4020483
0.40190864
0.40180808
0.40173528
0.4016818
0.40164223
0.4016126
0.4015905
0.4015741
0.4015622
0.40155363
0.4015475
0.40154266
0.40153834
0.40153387
0.40152895
0.40152374
0.4015185
0.40151358
0.40150914
0.40150526
0.40150216
0.4015001
0.4014992
0.40149957
0.40150115
0.4015038
0.4015076
0.40151247
0.40151882
0.40152723
0.40153798
0.4015513
0.40156665
0.40158334
0.4016001
0.40161547
0.401628
0.40163648
0.4016404
0.40163958
0.40163437
0.4016256
0.4016145
0.40160218
0.40158957
0.40157747
0.40156624
0.40155575
0.40154576
0.40153593
0.40152618
0.40151653
0.4015073
0.40149868
0.40149093
0.40148416
0.40147886
0.40147516
0.40147376
0.40147513
0.4014795
0.40148717
0.4014979
0.40151152
0.40152723
0.4015441
0.4015608
0.40157622
0.40158924
0.40159953
0.40160707
0.4016124
0.40161663
0.4016208
0.40162605
0.4016332
0.40164274
0.4016546
0.40166858
0.40168378
0.40169936
0.40171412
0.4017268
0.40173626
0.40174162
0.40174252
0.40173903
0.4017316
0.40172127
0.40170884
0.40169513
0.40168077
0.40166637
0.40165254
0.40164006
0.4016296
0.40162176
0.40161687
0.4016149
0.40161526
0.40161687
0.40161875
0.40161952
0.40161866
0.40161595
0.40161192
0.40160766
0.40160426
0.40160304
0.40160483
0.4016103
0.40161967
0.40163267
0.40164894
0.40166768
0.40168738
0.40170658
0.40172374
0.40173757
0.4017471
0.40175235
0.4017533
0.40175077
0.40174565
0.40173912
0.401732
0.40172496
0.40171838
0.40171272
0.40170836
0.40170565
0.40170437
0.401704
0.40170348
0.40170145
0.4016965
0.40168744
0.40167373
0.40165535
0.40163285
0.4016073
0.40157992
0.40155196
0.4015244
0.40149817
0.40147418
0.4014531
0.4014355
0.40142152
0.40141118
0.4014041
0.40139994
0.40139833
0.40139857
0.4014004
0.40140307
0.40140644
0.4014103
0.40141457
0.40141922
0.40142417
0.40142936
0.40143463
0.4014401
0.4014459
0.4014519
0.40145805
0.40146425
0.4014703
0.40147617
0.40148196
0.40148786
0.4014941
0.40150082
0.4015081
0.40151623
0.4015251
0.4015354
0.40154704
0.40156
0.4015738
0.40158743
0.40159953
0.40160877
0.40161386
0.4016143
0.4016097
0.4016004
0.4015872
0.4015712
0.40155378
0.4015362
0.40151957
0.40150487
0.4014929
0.401484
0.40147844
0.40147623
0.4014769
0.40147996
0.4014848
0.4014902
0.40149528
0.40149868
0.4014993
0.40149668
0.40149078
0.40148205
0.4014713
0.4014595
0.40144753
0.40143654
0.40142733
0.40142065
0.40141696
0.40141645
0.4014194
0.4014258
0.4014358
0.4014494
0.40146664
0.4014874
0.40151158
0.4015387
0.401568
0.40159824
0.401628
0.40165547
0.40167883
0.4016965
0.4017075
0.40171137
0.40170836
0.40169954
0.4016862
0.40166995
0.40165278
0.40163592
0.40162045
0.4016069
0.40159568
0.40158686
0.40158045
0.40157613
0.4015736
0.4015725
0.4015723
0.40157282
0.401574
0.4015758
0.4015788
0.40158308
0.40158904
0.40159672
0.40160605
0.40161678
0.40162846
0.40164036
0.40165156
0.40166134
0.40166914
0.40167487
0.40167877
0.4016812
0.4016832
0.40168542
0.40168852
0.40169248
0.4016969
0.4017007
0.40170285
0.40170234
0.40169874
0.401692
0.40168253
0.4016708
0.40165764
0.4016435
0.40162873
0.4016139
0.40159917
0.40158528
0.40157256
0.40156156
0.4015525
0.40154555
0.40154022
0.401536
0.4015319
0.40152726
0.4015214
0.40151408
0.40150526
0.40149513
0.4014841
0.4014729
0.40146226
0.40145293
0.40144566
0.4014409
0.40143916
0.40144047
0.40144497
0.40145263
0.40146333
0.40147737
0.4014946
0.401515
0.4015381
0.40156323
0.4015894
0.40161526
0.4016394
0.40166035
0.40167677
0.40168777
0.40169305
0.40169293
0.40168828
0.4016804
0.40167093
0.40166152
0.40165374
0.4016488
0.4016475
0.4016503
0.40165684
0.40166637
0.4016779
0.4016904
0.40170327
0.401716
0.40172845
0.40174043
0.40175155
0.4017611
0.40176842
0.40177262
0.40177304
0.4017693
0.40176123
0.40174907
0.40173346
0.4017154
0.4016961
0.40167683
0.40165868
0.40164214
0.40162745
0.4016142
0.40160185
0.4015899
0.4015781
0.4015665
0.40155515
0.40154412
0.40153348
0.4015231
0.4015129
0.401503
0.40149382
0.40148562
0.40147892
0.401474
0.40147123
0.40147102
0.40147367
0.40147945
0.40148878
0.40150154
0.40151754
0.40153614
0.40155658
0.40157792
0.40159947
0.40162072
0.4016411
0.40166003
0.4016769
0.40169132
0.401703
0.40171176
0.40171742
0.40171972
0.40171808
0.40171212
0.4017018
0.4016872
0.4016689
0.4016477
0.40162465
0.40160108
0.40157828
0.40155712
0.40153846
0.4015226
0.40150973
0.4014998
0.4014928
0.4014887
0.40148735
0.4014883
0.40149143
0.40149665
0.40150383
0.4015131
0.40152472
0.40153894
0.40155587
0.40157557
0.40159762
0.40162125
0.4016454
0.40166885
0.40169013
0.40170783
0.40172058
0.40172747
0.4017281
0.40172228
0.4017105
0.40169364
0.4016727
0.40164906
0.40162414
0.40159956
0.40157658
0.4015563
0.40153936
0.40152615
0.40151662
0.40151057
0.40150765
0.4015077
0.4015106
0.4015163
0.40152466
0.4015356
0.40154877
0.40156376
0.4015802
0.40159756
0.4016148
0.4016309
0.4016447
0.40165502
0.40166083
0.4016617
0.40165764
0.40164924
0.40163752
0.40162405
0.40161026
0.4015976
0.40158707
0.40157968
0.40157565
0.40157503
0.40157738
0.40158182
0.40158695
0.40159106
0.40159264
0.4015905
0.40158433
0.40157434
0.40156138
0.40154654
0.40153098
0.40151572
0.40150177
0.40148988
0.40148064
0.40147415
0.40147057
0.40146992
0.40147215
0.40147713
0.4014844
0.4014934
0.4015033
0.4015131
0.40152192
0.4015289
0.40153366
0.40153638
0.40153724
0.4015367
0.40153497
0.40153244
0.40152934
0.40152612
0.40152273
0.4015192
0.40151548
0.40151158
0.40150774
0.40150428
0.4015015
0.40149972
0.40149888
0.40149903
0.40150017
0.4015021
0.40150478
0.40150812
0.40151185
0.4015156
0.40151936
0.4015231
0.40152678
0.4015307
0.4015353
0.40154088
0.4015481
0.40155733
0.40156898
0.40158308
0.40159938
0.40161705
0.40163508
0.40165237
0.40166748
0.401679
0.40168557
0.40168646
0.40168133
0.40167055
0.4016551
0.40163592
0.4016142
0.40159103
0.40156755
0.4015449
0.40152413
0.40150604
0.40149117
0.4014797
0.40147167
0.40146685
0.40146497
0.40146565
0.40146837
0.4014726
0.40147758
0.40148252
0.40148655
0.40148908
0.4014896
0.4014881
0.4014846
0.40147927
0.40147224
0.4014637
0.40145388
0.4014429
0.4014313
0.40141976
0.40140906
0.4013999
0.40139294
0.40138867
0.4013873
0.40138894
0.4013934
0.40140048
0.40140957
0.40142
0.40143088
0.40144154
0.40145132
0.40145975
0.4014666
0.40147194
0.4014758
0.40147835
0.40147993
0.401481
0.4014824
0.4014847
0.40148836
0.40149385
0.40150112
0.40151012
0.40152073
0.40153277
0.40154585
0.40155932
0.40157247
0.40158442
0.40159434
0.40160123
0.40160447
0.4016041
0.40160048
0.40159464
0.40158787
0.40158144
0.40157625
0.4015729
0.40157163
0.40157205
0.40157375
0.4015761
0.4015787
0.40158144
0.40158427
0.4015872
0.40159035
0.40159366
0.4015969
0.40159962
0.40160128
0.40160143
0.40160006
0.40159735
0.40159366
0.40158936
0.40158463
0.40157956
0.40157422
0.40156877
0.40156323
0.40155792
0.40155298
0.40154848
0.40154448
0.4015407
0.40153673
0.40153226
0.40152702
0.4015209
0.40151444
0.40150827
0.40150282
0.40149853
0.4014957
0.40149444
0.40149474
0.40149656
0.4014998
0.40150443
0.40151057
0.40151805
0.40152678
0.40153643
0.40154645
0.40155604
0.40156436
0.4015707
0.4015746
0.40157607
0.40157568
0.4015746
0.40157452
0.40157685
0.401583
0.40159377
0.4016096
0.4016302
0.40165484
0.40168235
0.4017111
0.40173933
0.40176505
0.401787
0.40180385
0.40181494
0.4018198
0.40181842
0.40181124
0.40179867
0.40178183
0.40176183
0.40174022
0.40171847
0.40169787
0.40167966
0.40166467
0.40165323
0.40164554
0.4016411
0.4016393
0.40163916
0.40163973
0.40164006
0.4016393
0.4016372
0.40163386
0.40162972
0.4016252
0.4016209
0.40161738
0.40161508
0.40161413
0.40161452
0.4016162
0.40161875
0.40162197
0.40162575
0.40163013
0.40163505
0.40164027
0.40164515
0.4016489
0.4016506
0.40164933
0.40164435
0.4016355
0.4016228
0.40160707
0.40158924
0.4015707
0.40155286
0.40153697
0.40152416
0.40151522
0.40151075
0.4015111
0.40151614
0.40152574
0.40153927
0.40155602
0.40157503
0.40159526
0.40161568
0.40163535
0.40165335
0.4016685
0.40167975
0.40168628
0.40168768
0.40168396
0.40167567
0.40166366
0.40164882
0.40163222
0.40161508
0.40159845
0.40158355
0.4015716
0.4015634
0.4015595
0.4015602
0.40156513
0.40157384
0.40158555
0.40159926
0.40161383
0.40162832
0.40164214
0.4016552
0.4016674
0.40167895
0.4016895
0.4016988
0.4017059
0.40170977
0.4017096
0.40170476
0.40169504
0.40168077
0.40166235
0.4016407
0.40161702
0.40159237
0.40156797
0.40154478
0.40152362
0.40150532
0.4014906
0.40147996
0.40147376
0.40147227
0.40147525
0.40148225
0.40149248
0.40150496
0.40151852
0.40153223
0.401545
0.4015557
0.40156344
0.40156737
0.40156743
0.40156394
0.4015578
0.40155023
0.40154245
0.4015356
0.4015305
0.40152764
0.40152735
0.40152958
0.40153414
0.40154064
0.40154827
0.4015564
0.40156424
0.40157133
0.40157768
0.40158364
0.40159026
0.40159824
0.40160844
0.40162086
0.4016352
0.40165025
0.4016646
0.40167654
0.40168464
0.40168822
0.4016872
0.4016824
0.40167513
0.4016674
0.4016614
0.4016593
0.40166354
0.40167627
0.40170008
0.40173766
0.40179262
0.40186942
0.40197477
0.4021183
0.4023147
0.4025862
0.40296164
0.4034829
0.40420792
0.4052155
0.4066126
0.40854234
0.41122627
0.41489026
0.41984394
0.4265602
0.43568355
0.44782397
