0.4426718
0.43219563
0.42433777
0.4184204
0.41399905
0.41072834
0.4083223
0.40654117
0.40522444
0.40425462
0.4035363
0.403003
0.40260577
0.4023089
0.40208644
0.40191942
0.4017939
0.40169963
0.40162906
0.4015769
0.401539
0.4015124
0.40149468
0.40148383
0.4014781
0.401476
0.40147606
0.40147743
0.40147918
0.4014807
0.40148145
0.40148082
0.40147844
0.4014744
0.40146872
0.40146187
0.4014543
0.40144652
0.40143916
0.40143293
0.40142873
0.40142718
0.40142888
0.40143412
0.40144306
0.4014555
0.40147093
0.40148863
0.40150777
0.40152723
0.40154585
0.40156224
0.40157494
0.40158266
0.4015846
0.4015807
0.40157154
0.40155834
0.4015425
0.40152538
0.40150812
0.40149152
0.40147606
0.40146187
0.40144935
0.4014384
0.40142915
0.40142158
0.40141562
0.40141124
0.40140814
0.4014063
0.4014055
0.40140563
0.40140688
0.40140948
0.40141377
0.40142003
0.40142873
0.40144005
0.40145412
0.40147078
0.40148968
0.40151057
0.4015329
0.40155602
0.40157917
0.40160143
0.40162182
0.4016394
0.40165398
0.4016656
0.40167478
0.40168226
0.40168852
0.40169358
0.4016972
0.40169898
0.40169874
0.40169644
0.40169227
0.40168646
0.40167913
0.4016704
0.40166008
0.401648
0.4016345
0.4016201
0.40160555
0.40159175
0.4015793
0.40156874
0.40156028
0.40155402
0.4015501
0.40154848
0.40154925
0.40155247
0.40155816
0.4015663
0.4015767
0.4015893
0.4016039
0.40162012
0.40163738
0.40165502
0.40167218
0.40168825
0.40170264
0.40171522
0.40172586
0.40173435
0.40174037
0.40174353
0.4017433
0.4017394
0.4017319
0.40172112
0.40170798
0.40169367
0.40167984
0.40166783
0.40165886
0.40165383
0.40165305
0.40165627
0.40166298
0.40167218
0.40168253
0.4016925
0.40170035
0.4017049
0.4017052
0.4017009
0.4016924
0.40168035
0.401666
0.40165052
0.40163502
0.4016202
0.40160638
0.40159366
0.4015823
0.4015727
0.40156546
0.40156105
0.40155995
0.40156224
0.40156803
0.40157717
0.40158966
0.401605
0.40162262
0.40164137
0.40165982
0.40167627
0.40168917
0.40169728
0.40169984
0.40169668
0.40168834
0.40167588
0.4016606
0.40164378
0.40162632
0.40160888
0.4015917
0.4015746
0.40155762
0.40154076
0.40152422
0.40150836
0.40149346
0.40147993
0.40146807
0.40145865
0.40145224
0.4014494
0.4014508
0.40145677
0.40146726
0.4014823
0.40150127
0.40152332
0.40154728
0.4015717
0.4015951
0.401616
0.40163314
0.40164548
0.40165266
0.40165478
0.40165237
0.4016466
0.40163872
0.40162984
0.40162107
0.40161303
0.40160602
0.4016002
0.4015951
0.4015905
0.40158597
0.40158126
0.40157643
0.4015718
0.40156785
0.40156522
0.4015645
0.40156633
0.40157154
0.40158084
0.40159494
0.40161476
0.40164113
0.4016757
0.40172085
0.40178004
0.40185842
0.4019634
0.4021058
0.4023017
0.4025742
0.40295315
0.4034809
0.40421528
0.4052344
0.40664408
0.4085856
0.41127944
0.41494915
0.4199042
0.42661735
0.43573216
0.44786054
