0.4425501
0.4320371
0.42414865
0.4182071
0.4137695
0.41049147
0.40808877
0.4063214
0.40502855
0.40409112
0.4034123
0.40292323
0.4025721
0.4023201
0.4021384
0.40200606
0.4019081
0.4018343
0.40177798
0.40173474
0.40170172
0.40167698
0.4016589
0.401646
0.40163702
0.40163076
0.4016268
0.40162483
0.40162528
0.40162832
0.4016336
0.40164036
0.40164736
0.40165293
0.40165567
0.40165433
0.40164828
0.40163767
0.40162334
0.40160647
0.40158886
0.40157217
0.40155762
0.40154642
0.40153927
0.40153643
0.4015381
0.401544
0.40155354
0.4015656
0.4015788
0.4015916
0.40160227
0.40160948
0.40161228
0.4016104
0.4016039
0.40159354
0.4015803
0.40156522
0.40154934
0.40153337
0.40151808
0.4015039
0.40149125
0.40148038
0.40147153
0.40146497
0.40146068
0.4014587
0.40145898
0.4014614
0.40146607
0.4014733
0.40148348
0.4014967
0.4015133
0.40153337
0.40155673
0.401583
0.40161133
0.40164086
0.40167043
0.40169892
0.40172535
0.40174893
0.40176916
0.40178585
0.40179908
0.4018094
0.4018174
0.40182385
0.40182972
0.40183565
0.4018421
0.40184915
0.40185633
0.40186313
0.40186912
0.40187398
0.4018777
0.40188068
0.40188313
0.40188518
0.40188676
0.40188727
0.4018861
0.40188256
0.40187588
0.40186545
0.40185097
0.40183225
0.40180987
0.4017844
0.40175688
0.40172854
0.40170088
0.40167496
0.40165192
0.40163225
0.40161598
0.4016029
0.40159214
0.4015829
0.40157408
0.40156487
0.40155488
0.40154415
0.4015335
0.40152395
0.40151665
0.4015126
0.40151262
0.40151718
0.40152636
0.40153956
0.4015559
0.40157393
0.40159193
0.40160823
0.4016215
0.4016308
0.401636
0.40163735
0.40163583
0.4016326
0.40162888
0.40162563
0.4016237
0.40162325
0.4016245
0.40162715
0.40163094
0.40163547
0.4016406
0.4016462
0.4016519
0.40165734
0.4016622
0.40166655
0.40167028
0.40167332
0.40167505
0.40167484
0.4016721
0.40166646
0.40165836
0.40164852
0.40163794
0.4016277
0.40161848
0.4016111
0.40160593
0.40160304
0.4016021
0.40160254
0.40160373
0.401605
0.40160552
0.40160477
0.40160263
0.40159917
0.40159506
0.40159073
0.4015868
0.40158376
0.40158162
0.40158033
0.40157956
0.40157902
0.4015783
0.40157694
0.40157455
0.40157086
0.4015657
0.40155908
0.40155098
0.40154135
0.4015302
0.40151766
0.4015042
0.40149045
0.40147716
0.40146488
0.4014541
0.40144527
0.40143865
0.40143454
0.40143308
0.40143466
0.4014397
0.4014483
0.40146053
0.40147617
0.40149474
0.40151575
0.40153822
0.4015613
0.4015839
0.40160525
0.40162414
0.40163967
0.40165094
0.4016576
0.4016594
0.40165666
0.40164992
0.40164006
0.40162814
0.40161532
0.4016028
0.40159163
0.40158242
0.40157557
0.40157107
0.40156844
0.4015668
0.40156513
0.4015624
0.4015579
0.40155137
0.40154305
0.40153372
0.40152416
0.40151542
0.40150818
0.4015029
0.40149972
0.40149844
0.4014988
0.4015004
0.40150252
0.40150452
0.40150598
0.40150657
0.40150645
0.40150574
0.40150467
0.40150344
0.40150228
0.40150145
0.40150127
0.40150234
0.40150496
0.40150955
0.40151596
0.40152422
0.40153384
0.4015445
0.40155587
0.40156782
0.40158057
0.4015943
0.40160942
0.4016259
0.40164396
0.40166372
0.40168497
0.40170735
0.40172997
0.4017517
0.40177128
0.40178725
0.40179855
0.40180427
0.40180412
0.4017983
0.40178755
0.40177304
0.40175608
0.40173814
0.40172032
0.4017034
0.40168774
0.4016735
0.40166038
0.4016481
0.40163624
0.40162486
0.40161368
0.40160245
0.40159088
0.4015788
0.4015663
0.40155354
0.40154067
0.40152824
0.4015167
0.4015066
0.40149835
0.40149236
0.40148884
0.40148795
0.40148973
0.401494
0.40150058
0.40150917
0.40151954
0.4015316
0.40154508
0.40155944
0.40157402
0.40158793
0.4016002
0.40160987
0.40161625
0.40161923
0.40161923
0.40161714
0.4016142
0.40161145
0.4016099
0.40160996
0.40161148
0.401614
0.40161657
0.40161824
0.40161824
0.40161625
0.40161234
0.40160698
0.40160048
0.40159377
0.40158746
0.40158224
0.40157858
0.4015769
0.40157744
0.40158013
0.4015845
0.40158993
0.40159526
0.40159944
0.40160173
0.40160173
0.4015998
0.40159655
0.40159306
0.40159023
0.4015888
0.4015891
0.40159094
0.40159371
0.40159678
0.40159953
0.4016015
0.40160254
0.40160295
0.401603
0.40160295
0.4016027
0.40160194
0.40160027
0.40159744
0.40159357
0.40158924
0.40158522
0.40158224
0.40158102
0.40158224
0.4015862
0.4015931
0.40160272
0.40161476
0.40162894
0.40164512
0.4016629
0.40168154
0.4017003
0.40171778
0.4017332
0.40174577
0.4017552
0.4017617
0.40176556
0.40176758
0.40176833
0.40176788
0.40176618
0.4017627
0.40175688
0.40174833
0.4017368
0.40172264
0.4017065
0.40168932
0.40167236
0.40165672
0.4016436
0.40163395
0.4016286
0.40162814
0.40163293
0.40164307
0.4016585
0.40167883
0.40170345
0.40173137
0.4017614
0.40179235
0.4018229
0.40185222
0.40187943
0.4019042
0.4019262
0.40194523
0.4019613
0.40197444
0.40198448
0.40199137
0.40199465
0.4019941
0.40198943
0.4019804
0.40196684
0.40194863
0.40192574
0.40189832
0.40186688
0.40183225
0.40179542
0.40175763
0.40172032
0.40168494
0.4016528
0.4016247
0.40160102
0.4015817
0.4015665
0.40155506
0.40154687
0.40154183
0.40153995
0.4015415
0.40154663
0.4015554
0.4015677
0.40158334
0.40160167
0.40162167
0.4016419
0.40166077
0.40167645
0.40168762
0.40169325
0.40169287
0.40168655
0.4016749
0.40165928
0.4016412
0.40162235
0.4016046
0.40158933
0.4015776
0.40157008
0.40156698
0.4015683
0.4015737
0.40158257
0.40159434
0.40160817
0.40162325
0.4016384
0.4016523
0.40166378
0.40167138
0.40167403
0.4016713
0.40166304
0.4016502
0.40163404
0.4016162
0.4015985
0.40158254
0.40156937
0.40155953
0.401553
0.40154928
0.40154758
0.40154704
0.40154678
0.401546
0.4015444
0.40154174
0.4015381
0.40153357
0.40152842
0.40152314
0.4015183
0.4015146
0.4015124
0.4015121
0.40151367
0.40151715
0.4015223
0.4015289
0.40153643
0.40154463
0.40155283
0.4015606
0.40156737
0.40157282
0.40157706
0.40158045
0.4015833
0.40158594
0.4015887
0.40159196
0.4015964
0.4016022
0.40160948
0.4016181
0.40162763
0.40163782
0.40164813
0.40165794
0.40166637
0.40167245
0.40167537
0.40167475
0.40167072
0.4016639
0.40165564
0.4016477
0.40164214
0.40164095
0.40164557
0.40165684
0.40167478
0.40169862
0.40172693
0.40175784
0.40178928
0.40181902
0.4018454
0.40186688
0.4018826
0.4018919
0.40189454
0.4018906
0.4018803
0.40186435
0.40184346
0.40181887
0.4017919
0.40176412
0.40173712
0.4017123
0.40169087
0.40167364
0.40166086
0.40165228
0.4016471
0.40164414
0.4016422
0.40164018
0.40163746
0.40163368
0.4016291
0.4016245
0.4016205
0.40161797
0.40161738
0.4016188
0.401622
0.4016261
0.4016301
0.40163305
0.40163413
0.40163293
0.40162936
0.40162337
0.4016152
0.40160474
0.40159187
0.40157658
0.40155935
0.40154096
0.40152243
0.40150478
0.40148923
0.40147656
0.40146753
0.40146258
0.40146178
0.40146515
0.40147257
0.40148374
0.40149838
0.40151593
0.40153578
0.40155667
0.40157732
0.40159646
0.4016128
0.40162575
0.40163532
0.40164188
0.4016463
0.4016495
0.4016526
0.40165633
0.40166134
0.40166822
0.40167698
0.4016874
0.40169898
0.4017111
0.40172338
0.40173572
0.40174785
0.40175936
0.4017697
0.40177816
0.40178367
0.40178543
0.40178287
0.4017759
0.40176463
0.40174967
0.40173185
0.40171206
0.4016913
0.40167022
0.40164906
0.401628
0.4016073
0.40158725
0.40156847
0.40155128
0.4015361
0.4015231
0.40151232
0.4015039
0.40149784
0.40149435
0.40149343
0.40149522
0.4014998
0.4015075
0.4015183
0.401532
0.40154827
0.4015663
0.4015852
0.40160432
0.40162328
0.40164182
0.40166008
0.4016782
0.40169603
0.40171325
0.40172952
0.40174404
0.40175632
0.40176615
0.40177384
0.40177974
0.40178472
0.40178925
0.4017936
0.40179768
0.4018009
0.40180233
0.4018008
0.40179533
0.40178537
0.4017705
0.4017511
0.40172783
0.40170163
0.40167397
0.40164617
0.40161958
0.40159535
0.40157416
0.4015567
0.40154302
0.40153322
0.4015271
0.40152434
0.40152422
0.40152618
0.40152916
0.40153226
0.40153474
0.40153587
0.40153557
0.401534
0.40153176
0.4015295
0.40152782
0.40152708
0.40152776
0.40152985
0.4015333
0.4015379
0.40154347
0.4015495
0.40155584
0.40156192
0.40156767
0.40157294
0.401578
0.40158328
0.40158918
0.40159613
0.4016042
0.40161327
0.40162277
0.40163198
0.4016399
0.40164584
0.40164933
0.40165052
0.40164986
0.40164822
0.4016465
0.40164545
0.40164563
0.40164724
0.40165034
0.40165436
0.40165868
0.40166253
0.4016654
0.40166697
0.40166736
0.40166676
0.40166545
0.40166354
0.40166086
0.4016571
0.40165195
0.40164536
0.40163752
0.40162888
0.40161997
0.40161133
0.40160322
0.4015957
0.40158856
0.40158138
0.4015735
0.4015644
0.40155375
0.40154156
0.40152818
0.40151426
0.40150037
0.40148723
0.40147567
0.40146637
0.40145993
0.40145642
0.40145588
0.4014578
0.40146148
0.4014658
0.40146956
0.40147156
0.40147075
0.40146667
0.40145925
0.40144902
0.40143672
0.4014232
0.40140957
0.4013969
0.4013861
0.40137783
0.40137243
0.40137
0.40137032
0.40137315
0.40137824
0.4013854
0.40139422
0.4014044
0.40141565
0.40142763
0.40144005
0.4014525
0.40146488
0.40147716
0.40148947
0.40150163
0.40151373
0.40152553
0.40153706
0.4015483
0.40155903
0.40156898
0.40157768
0.40158457
0.40158936
0.4015922
0.40159342
0.40159357
0.4015933
0.40159297
0.40159264
0.40159214
0.40159124
0.4015899
0.40158805
0.4015858
0.40158314
0.40158018
0.40157685
0.40157282
0.40156782
0.40156198
0.40155533
0.4015484
0.40154177
0.4015361
0.401532
0.4015298
0.40152943
0.4015307
0.4015333
0.40153697
0.40154138
0.40154633
0.401552
0.40155846
0.401566
0.40157452
0.40158358
0.4015925
0.40160054
0.40160707
0.40161175
0.40161455
0.40161547
0.40161464
0.40161225
0.40160844
0.40160337
0.40159735
0.40159085
0.40158427
0.40157828
0.40157327
0.4015696
0.40156728
0.4015661
0.4015658
0.401566
0.40156633
0.40156677
0.40156752
0.40156892
0.40157145
0.4015754
0.40158084
0.40158778
0.40159577
0.40160424
0.4016125
0.4016201
0.40162674
0.40163243
0.40163732
0.40164167
0.40164584
0.40164998
0.4016541
0.40165806
0.40166143
0.40166387
0.40166494
0.40166432
0.40166152
0.4016561
0.40164784
0.40163678
0.4016234
0.40160832
0.40159228
0.40157592
0.40155986
0.40154466
0.40153074
0.40151858
0.40150824
0.4014998
0.40149295
0.4014874
0.40148282
0.40147904
0.4014761
0.40147403
0.40147302
0.40147334
0.40147495
0.40147826
0.40148342
0.4014906
0.40149984
0.40151092
0.40152338
0.40153646
0.401549
0.40155977
0.40156752
0.4015715
0.40157154
0.4015681
0.4015623
0.40155557
0.40154925
0.40154475
0.40154308
0.40154505
0.40155113
0.40156153
0.40157592
0.40159324
0.40161222
0.40163103
0.40164787
0.40166122
0.4016701
0.40167415
0.40167367
0.40166953
0.40166274
0.40165478
0.40164676
0.40163988
0.40163496
0.4016324
0.40163237
0.4016346
0.40163875
0.40164435
0.4016506
0.40165666
0.40166137
0.40166336
0.40166202
0.40165678
0.40164772
0.40163547
0.4016208
0.4016049
0.40158862
0.40157267
0.40155762
0.4015437
0.40153143
0.4015211
0.40151307
0.40150777
0.4015051
0.40150496
0.40150705
0.40151098
0.4015163
0.4015224
0.40152916
0.40153643
0.40154466
0.40155387
0.4015643
0.40157557
0.40158707
0.4015978
0.40160647
0.40161192
0.40161312
0.4016101
0.40160304
0.40159297
0.401581
0.40156844
0.4015566
0.40154627
0.4015382
0.40153265
0.4015295
0.40152833
0.40152842
0.4015289
0.40152904
0.40152845
0.40152696
0.40152475
0.40152216
0.40151954
0.40151715
0.4015151
0.4015135
0.40151253
0.40151235
0.40151328
0.40151548
0.40151894
0.40152362
0.40152943
0.40153614
0.40154362
0.40155193
0.40156093
0.4015706
0.4015804
0.4015899
0.40159827
0.40160516
0.4016103
0.40161407
0.40161705
0.40161982
0.40162307
0.40162694
0.40163127
0.40163523
0.40163794
0.40163863
0.40163687
0.40163267
0.4016268
0.40162003
0.40161344
0.401608
0.40160424
0.4016024
0.40160245
0.40160424
0.40160763
0.40161258
0.401619
0.4016268
0.40163583
0.40164617
0.40165737
0.40166903
0.40168026
0.40169036
0.40169865
0.40170512
0.40170977
0.40171304
0.40171528
0.4017167
0.40171725
0.40171692
0.40171584
0.40171435
0.40171254
0.4017104
0.40170792
0.40170476
0.40170103
0.4016971
0.40169394
0.40169263
0.40169516
0.40170363
0.40172097
0.40175053
0.4017968
0.40186536
0.40196377
0.4021022
0.40229553
0.40256602
0.40294203
0.403465
0.40419292
0.40520445
0.40660653
0.40854186
0.41123164
0.4149004
0.4198574
0.4265755
0.43569788
0.44783524
