0.4426936
0.43222594
0.42437783
0.41847196
0.41406426
0.4108101
0.4084228
0.40666345
0.4053725
0.40443176
0.403746
0.40324825
0.4028884
0.402629
0.40244228
0.4023074
0.40220916
0.4021364
0.40208077
0.4020364
0.40199915
0.40196592
0.40193462
0.4019035
0.4018715
0.40183774
0.40180212
0.40176496
0.401727
0.40168938
0.40165335
0.4016199
0.4015898
0.4015634
0.4015408
0.40152168
0.40150568
0.40149245
0.40148172
0.40147316
0.40146652
0.4014614
0.40145764
0.40145484
0.40145272
0.40145093
0.4014493
0.4014478
0.40144658
0.40144575
0.4014453
0.40144575
0.40144727
0.40145043
0.40145582
0.40146384
0.4014748
0.40148854
0.40150476
0.40152302
0.4015425
0.4015625
0.40158224
0.4016013
0.40161934
0.40163583
0.40164992
0.40166062
0.401667
0.40166843
0.40166473
0.40165636
0.4016442
0.40162957
0.40161386
0.40159842
0.40158403
0.40157142
0.40156087
0.40155247
0.40154603
0.40154117
0.40153757
0.40153506
0.4015334
0.40153244
0.40153235
0.40153342
0.40153638
0.40154162
0.4015499
0.40156174
0.4015775
0.40159735
0.40162116
0.4016485
0.4016785
0.40171006
0.40174156
0.40177137
0.40179792
0.40182003
0.40183678
0.40184754
0.40185216
0.40185037
0.40184253
0.40182889
0.40181008
0.40178698
0.40176067
0.40173244
0.40170357
0.4016755
0.40164945
0.40162662
0.401608
0.4015945
0.40158674
0.40158513
0.40158957
0.4015994
0.40161362
0.40163067
0.40164873
0.40166587
0.40168035
0.40169078
0.4016959
0.4016955
0.40168953
0.40167865
0.40166414
0.4016474
0.40163025
0.40161452
0.40160134
0.4015916
0.40158564
0.40158322
0.40158373
0.40158617
0.40158948
0.4015925
0.4015942
0.4015935
0.4015898
0.4015828
0.4015727
0.4015602
0.40154606
0.40153125
0.40151638
0.40150216
0.40148896
0.40147713
0.40146717
0.40145928
0.4014536
0.40145022
0.40144876
0.40144902
0.4014505
0.40145263
0.40145478
0.40145618
0.4014566
0.40145576
0.40145403
0.4014518
0.40144968
0.40144798
0.40144727
0.4014479
0.4014505
0.40145564
0.4014636
0.40147495
0.40148976
0.401508
0.40152916
0.40155235
0.40157655
0.4016001
0.4016214
0.4016389
0.40165126
0.40165785
0.4016585
0.40165353
0.40164393
0.401631
0.40161613
0.4016008
0.40158653
0.4015744
0.40156516
0.40155938
0.40155703
0.40155765
0.40156066
0.40156513
0.40157
0.40157467
0.4015788
0.40158224
0.4015851
0.4015876
0.40159002
0.4015926
0.40159562
0.40159935
0.4016039
0.40160942
0.40161595
0.40162337
0.40163147
0.4016396
0.40164727
0.40165344
0.40165743
0.4016587
0.4016572
0.4016532
0.40164715
0.40163976
0.4016315
0.401623
0.40161476
0.40160707
0.40160033
0.40159467
0.40159008
0.40158632
0.40158325
0.40158066
0.4015784
0.40157628
0.40157422
0.4015723
0.4015707
0.40157
0.40157035
0.40157202
0.4015748
0.4015781
0.40158126
0.4015832
0.40158302
0.40158
0.40157408
0.4015655
0.40155506
0.40154353
0.40153208
0.40152135
0.40151203
0.40150428
0.40149817
0.40149358
0.40149054
0.40148923
0.40149
0.40149334
0.40149957
0.4015092
0.40152222
0.40153867
0.40155822
0.4015805
0.40160483
0.40163055
0.40165642
0.4016812
0.40170383
0.40172324
0.40173882
0.40175027
0.40175763
0.401761
0.40176097
0.40175802
0.40175244
0.40174457
0.40173423
0.4017217
0.40170708
0.4016911
0.40167472
0.40165922
0.4016458
0.40163538
0.40162864
0.40162557
0.40162587
0.40162858
0.40163267
0.40163693
0.40164018
0.40164167
0.40164077
0.40163717
0.40163082
0.40162134
0.40160877
0.4015933
0.40157554
0.40155652
0.4015373
0.40151912
0.40150312
0.40149015
0.40148094
0.4014758
0.4014748
0.40147778
0.4014846
0.40149513
0.4015092
0.4015266
0.4015471
0.40157038
0.40159598
0.40162307
0.40165088
0.4016785
0.4017054
0.40173176
0.4017588
0.40178898
0.40182662
0.40187815
0.4019528
0.4020633
0.40222695
0.40246922
0.40282097
0.4033249
0.4040396
0.40504393
0.4064444
0.40838292
0.41108045
0.41476023
0.41973162
0.4264681
0.4356116
0.44777215
