0.44265002
0.4321663
0.42430106
0.41837606
0.41394725
0.41066954
0.40825838
0.40647498
0.40516037
0.404198
0.4034936
0.40298092
0.40261036
0.40234506
0.40215695
0.40202475
0.40193233
0.40186733
0.40182033
0.40178472
0.40175575
0.40173048
0.4017072
0.40168524
0.40166426
0.40164435
0.4016257
0.40160832
0.40159225
0.40157762
0.4015639
0.40155053
0.4015367
0.40152177
0.40150547
0.40148804
0.40147018
0.40145275
0.4014366
0.4014223
0.40141037
0.40140083
0.40139383
0.4013892
0.40138707
0.40138766
0.40139133
0.4013985
0.40140972
0.40142524
0.40144518
0.40146947
0.40149754
0.40152857
0.4015615
0.40159473
0.40162653
0.4016552
0.4016793
0.40169805
0.40171096
0.4017186
0.40172178
0.4017221
0.40172136
0.40172145
0.40172365
0.40172893
0.40173712
0.40174764
0.401759
0.40176937
0.40177733
0.4017815
0.40178135
0.40177673
0.40176818
0.40175664
0.40174326
0.4017294
0.40171653
0.4017058
0.40169793
0.4016932
0.40169114
0.40169084
0.40169096
0.40169036
0.40168795
0.40168327
0.40167624
0.40166745
0.40165764
0.4016477
0.40163845
0.40163037
0.4016237
0.40161824
0.4016137
0.40160945
0.40160504
0.40160033
0.40159512
0.40158966
0.40158397
0.4015782
0.40157223
0.40156633
0.4015606
0.40155542
0.4015507
0.40154642
0.40154243
0.40153843
0.40153423
0.40152967
0.4015249
0.4015204
0.40151677
0.40151486
0.4015152
0.40151837
0.40152442
0.40153277
0.4015426
0.40155286
0.4015625
0.4015708
0.40157735
0.40158212
0.4015856
0.4015881
0.40158963
0.40159023
0.40158957
0.4015873
0.4015833
0.40157786
0.40157145
0.40156513
0.40155968
0.401556
0.40155458
0.40155566
0.40155903
0.4015641
0.40157014
0.4015764
0.4015824
0.40158793
0.4015931
0.40159777
0.40160185
0.4016056
0.40160933
0.40161356
0.40161875
0.4016253
0.40163362
0.40164343
0.4016543
0.40166554
0.40167612
0.4016849
0.40169096
0.40169355
0.40169233
0.4016874
0.40167922
0.40166855
0.40165636
0.40164348
0.40163073
0.40161842
0.4016069
0.40159604
0.4015857
0.40157565
0.40156564
0.40155557
0.4015455
0.40153563
0.4015264
0.4015182
0.4015117
0.40150732
0.40150553
0.40150636
0.40150973
0.4015151
0.40152186
0.40152916
0.40153643
0.40154302
0.40154892
0.40155402
0.4015585
0.40156215
0.40156505
0.40156692
0.4015681
0.40156916
0.40157065
0.40157348
0.40157828
0.40158513
0.40159374
0.4016035
0.4016133
0.401622
0.40162843
0.40163136
0.4016301
0.40162438
0.40161464
0.40160173
0.40158668
0.40157074
0.40155524
0.40154117
0.4015296
0.40152133
0.4015168
0.40151653
0.40152064
0.4015292
0.40154213
0.40155908
0.40157938
0.40160188
0.4016253
0.40164846
0.40166992
0.40168875
0.401704
0.4017153
0.40172184
0.40172297
0.40171835
0.40170786
0.4016919
0.40167114
0.40164703
0.40162086
0.40159416
0.40156806
0.40154335
0.4015204
0.4014993
0.4014802
0.4014629
0.40144747
0.40143386
0.401422
0.40141183
0.40140358
0.40139723
0.40139294
0.40139073
0.4013908
0.4013935
0.4013992
0.40140834
0.4014213
0.40143824
0.40145898
0.40148342
0.40151066
0.40154
0.40157038
0.4016004
0.40162864
0.4016537
0.40167454
0.40169054
0.4017018
0.40170866
0.40171188
0.4017121
0.40170977
0.40170506
0.401698
0.40168855
0.40167683
0.40166318
0.40164798
0.40163213
0.40161663
0.40160277
0.4015916
0.40158427
0.40158165
0.40158427
0.40159237
0.4016057
0.40162352
0.40164465
0.4016673
0.4016897
0.40170977
0.4017258
0.40173647
0.40174097
0.40173936
0.4017321
0.40172026
0.4017053
0.40168902
0.40167284
0.4016581
0.40164554
0.40163538
0.40162754
0.40162134
0.40161586
0.40161055
0.40160477
0.40159836
0.40159157
0.40158495
0.4015793
0.40157542
0.40157396
0.4015754
0.40158004
0.40158787
0.4015987
0.40161178
0.40162617
0.40164044
0.40165305
0.40166238
0.40166715
0.4016666
0.40166062
0.40164965
0.40163472
0.40161693
0.4015974
0.4015774
0.4015579
0.40153968
0.40152347
0.40150955
0.40149817
0.40148956
0.40148368
0.40148064
0.4014804
0.40148282
0.4014875
0.40149403
0.4015021
0.4015114
0.40152177
0.40153337
0.40154627
0.4015605
0.40157595
0.4015922
0.40160877
0.40162465
0.4016388
0.40165016
0.4016576
0.40166053
0.40165862
0.40165195
0.40164122
0.40162745
0.4016121
0.40159643
0.4015818
0.40156916
0.40155897
0.4015517
0.40154704
0.40154463
0.4015441
0.4015447
0.4015459
0.40154737
0.4015489
0.4015507
0.40155286
0.40155578
0.40156007
0.40156627
0.4015749
0.4015866
0.40160188
0.4016214
0.4016453
0.40167338
0.40170497
0.4017388
0.4017734
0.4018072
0.40183857
0.40186623
0.40188906
0.4019064
0.40191787
0.40192354
0.40192354
0.40191817
0.40190792
0.40189308
0.40187413
0.40185156
0.40182593
0.4017983
0.4017696
0.40174097
0.40171376
0.40168926
0.40166858
0.40165234
0.40164042
0.40163237
0.40162727
0.40162393
0.4016209
0.40161702
0.40161133
0.40160355
0.40159357
0.4015818
0.4015688
0.40155533
0.4015421
0.40152976
0.40151876
0.4015097
0.40150288
0.40149865
0.40149724
0.40149868
0.4015028
0.4015091
0.40151697
0.40152586
0.4015349
0.4015437
0.40155163
0.40155795
0.40156218
0.40156427
0.4015645
0.40156367
0.40156257
0.401562
0.4015627
0.4015652
0.40157035
0.40157855
0.40158993
0.4016041
0.40161994
0.40163618
0.401651
0.4016628
0.40166998
0.40167177
0.4016676
0.40165776
0.401643
0.40162465
0.40160435
0.40158415
0.401566
0.4015517
0.40154228
0.40153855
0.40154064
0.40154815
0.40156052
0.40157682
0.40159586
0.40161633
0.40163675
0.40165564
0.40167153
0.40168315
0.40168953
0.40169004
0.40168464
0.4016738
0.40165818
0.40163878
0.40161678
0.40159357
0.40157032
0.40154824
0.40152827
0.40151098
0.4014971
0.4014869
0.4014807
0.4014788
0.40148112
0.4014876
0.40149784
0.40151116
0.40152678
0.4015437
0.40156093
0.40157768
0.4015933
0.4016077
0.40162116
0.40163404
0.40164667
0.40165895
0.40167058
0.40168056
0.40168813
0.40169233
0.40169248
0.4016884
0.4016803
0.40166888
0.4016552
0.40164047
0.40162584
0.40161222
0.4016002
0.40159008
0.4015818
0.4015751
0.40156955
0.40156487
0.40156054
0.40155634
0.40155244
0.4015491
0.40154696
0.4015465
0.40154848
0.40155318
0.4015608
0.40157118
0.40158418
0.4015996
0.4016174
0.4016382
0.40166298
0.40169346
0.4017321
0.40178236
0.40184978
0.4019424
0.40207216
0.40225577
0.402518
0.4028889
0.40341106
0.40414247
0.40516126
0.40657318
0.4085193
0.4112198
0.41489714
0.41986024
0.4265824
0.43570557
0.4478417
