0.4425036
0.4319781
0.4240811
0.41813424
0.41369432
0.41041604
0.40801468
0.40624878
0.4049566
0.4040187
0.40333772
0.40284526
0.4024901
0.40223464
0.40205133
0.40191984
0.4018255
0.40175736
0.40170762
0.40167072
0.40164307
0.4016224
0.40160742
0.40159735
0.4015918
0.4015906
0.40159324
0.4015991
0.40160722
0.40161645
0.4016253
0.4016326
0.4016372
0.40163827
0.40163565
0.40162924
0.40161943
0.40160725
0.40159374
0.40158015
0.40156758
0.40155682
0.4015484
0.40154266
0.40153986
0.40154
0.4015436
0.4015507
0.40156153
0.40157607
0.40159371
0.40161377
0.40163505
0.4016567
0.40167797
0.40169924
0.4017219
0.4017488
0.40178484
0.4018371
0.40191534
0.40203264
0.40220645
0.40246227
0.40282947
0.40335023
0.40408218
0.40510285
0.40651768
0.4084675
0.41117257
0.41485488
0.41982344
0.42655185
0.43568122
0.44782388
