0.4425681
0.43206027
0.4241757
0.41823646
0.41379902
0.41051838
0.40811032
0.40633494
0.40503165
0.40408242
0.40339124
0.40289068
0.40253058
0.40227386
0.4020927
0.40196624
0.40187895
0.40181893
0.40177757
0.40174848
0.40172756
0.40171185
0.4016999
0.40169054
0.40168294
0.40167624
0.40166923
0.40166074
0.40164974
0.40163565
0.4016185
0.40159872
0.40157717
0.40155488
0.40153295
0.40151244
0.40149435
0.4014793
0.40146753
0.40145895
0.40145308
0.40144923
0.40144682
0.4014452
0.40144423
0.40144372
0.40144393
0.40144515
0.4014477
0.4014524
0.40145957
0.40146947
0.40148187
0.4014964
0.40151215
0.4015279
0.40154243
0.40155435
0.401563
0.40156803
0.4015695
0.40156826
0.40156507
0.40156084
0.40155625
0.40155172
0.40154767
0.40154424
0.40154156
0.40153944
0.40153804
0.4015373
0.40153748
0.40153903
0.4015424
0.40154794
0.40155613
0.40156752
0.40158248
0.40160137
0.4016241
0.4016503
0.40167937
0.40171045
0.4017425
0.4017745
0.4018052
0.40183365
0.4018593
0.40188172
0.40190086
0.40191668
0.40192926
0.40193862
0.40194467
0.40194726
0.40194616
0.40194127
0.40193248
0.4019196
0.40190265
0.40188134
0.40185553
0.40182522
0.4017908
0.401753
0.40171304
0.40167233
0.40163252
0.40159494
0.40156078
0.40153095
0.4015058
0.4014855
0.40146998
0.40145895
0.40145206
0.4014489
0.4014489
0.4014515
0.40145627
0.401463
0.40147173
0.40148237
0.40149486
0.4015089
0.40152436
0.40154073
0.40155736
0.40157315
0.4015868
0.401597
0.40160242
0.40160248
0.40159747
0.40158817
0.40157613
0.40156317
0.40155098
0.4015412
0.401535
0.40153334
0.40153664
0.4015448
0.40155745
0.4015735
0.40159187
0.40161088
0.40162894
0.4016447
0.40165713
0.40166578
0.40167058
0.4016721
0.401671
0.40166843
0.40166554
0.40166348
0.40166304
0.40166473
0.4016688
0.40167516
0.4016839
0.40169445
0.40170616
0.40171802
0.4017287
0.40173677
0.40174115
0.40174115
0.40173668
0.40172812
0.40171638
0.40170255
0.40168783
0.40167314
0.40165922
0.40164658
0.4016357
0.40162727
0.40162173
0.40161934
0.4016202
0.40162423
0.40163112
0.40164003
0.40164977
0.40165895
0.40166613
0.40167013
0.40167013
0.4016659
0.40165767
0.40164605
0.40163207
0.40161672
0.40160108
0.40158606
0.4015726
0.4015612
0.40155253
0.40154693
0.4015448
0.40154603
0.40155023
0.4015566
0.40156427
0.40157205
0.4015789
0.40158424
0.40158784
0.40159026
0.40159234
0.40159535
0.4016003
0.4016082
0.4016195
0.4016342
0.40165177
0.40167126
0.4016914
0.4017113
0.40173024
0.40174797
0.40176442
0.40177965
0.40179345
0.40180537
0.40181476
0.4018206
0.40182203
0.4018183
0.40180907
0.40179428
0.40177462
0.40175098
0.4017248
0.40169775
0.40167138
0.4016471
0.40162602
0.4016086
0.40159476
0.4015841
0.40157554
0.40156806
0.40156078
0.40155324
0.40154552
0.40153784
0.40153047
0.4015238
0.40151814
0.4015139
0.40151173
0.40151206
0.4015155
0.40152246
0.40153283
0.40154624
0.40156177
0.40157828
0.4015946
0.40160936
0.40162194
0.4016319
0.40163925
0.40164393
0.401646
0.40164533
0.40164214
0.40163672
0.4016295
0.40162122
0.4016125
0.40160412
0.4015969
0.40159145
0.40158793
0.40158656
0.4015868
0.40158802
0.40158916
0.4015891
0.4015872
0.4015829
0.40157643
0.40156823
0.4015589
0.4015494
0.40154064
0.4015333
0.401528
0.4015247
0.4015233
0.4015233
0.40152422
0.40152565
0.40152737
0.40152934
0.40153134
0.4015331
0.40153414
0.40153408
0.40153277
0.40153047
0.40152782
0.4015254
0.40152392
0.40152356
0.40152407
0.40152493
0.40152526
0.40152416
0.40152094
0.40151536
0.40150756
0.40149784
0.40148684
0.40147492
0.40146282
0.40145126
0.4014411
0.401433
0.4014278
0.40142608
0.4014284
0.4014349
0.40144575
0.40146065
0.40147898
0.40150002
0.4015225
0.40154502
0.40156627
0.40158477
0.40159962
0.40161023
0.40161678
0.40161994
0.40162048
0.40161917
0.40161684
0.4016139
0.40161046
0.40160695
0.40160343
0.40160024
0.40159765
0.40159595
0.4015954
0.40159598
0.4015975
0.40159953
0.4016017
0.4016039
0.40160576
0.40160725
0.4016079
0.40160757
0.40160593
0.40160298
0.4015985
0.40159243
0.40158468
0.40157518
0.4015642
0.40155235
0.40154
0.40152818
0.4015173
0.40150777
0.4014998
0.4014935
0.40148842
0.4014842
0.40148053
0.40147698
0.40147343
0.40146968
0.40146592
0.40146232
0.40145898
0.40145588
0.40145296
0.4014501
0.40144736
0.4014445
0.40144148
0.40143824
0.40143472
0.40143114
0.40142798
0.40142572
0.4014249
0.4014261
0.40142953
0.4014354
0.40144348
0.4014534
0.40146464
0.4014766
0.40148884
0.40150118
0.4015138
0.40152726
0.40154198
0.4015582
0.4015757
0.40159398
0.40161234
0.40162963
0.40164497
0.40165734
0.40166593
0.40167052
0.4016711
0.40166834
0.40166318
0.40165707
0.40165126
0.40164718
0.4016458
0.40164763
0.40165263
0.40166
0.40166855
0.40167657
0.40168256
0.40168524
0.40168402
0.40167898
0.401671
0.40166146
0.40165216
0.4016448
0.40164095
0.4016414
0.40164658
0.4016562
0.40166953
0.4016855
0.40170297
0.40172067
0.40173763
0.40175265
0.40176445
0.40177205
0.40177453
0.40177166
0.4017635
0.40175062
0.4017339
0.40171453
0.40169352
0.40167218
0.4016517
0.40163314
0.40161738
0.40160477
0.40159532
0.4015886
0.40158388
0.4015802
0.40157694
0.40157357
0.40157044
0.40156794
0.40156686
0.40156782
0.4015711
0.40157646
0.40158346
0.401591
0.4015981
0.40160373
0.4016074
0.40160877
0.40160793
0.40160537
0.4016017
0.40159753
0.40159342
0.40158963
0.40158662
0.4015844
0.401583
0.40158245
0.40158305
0.4015852
0.40158904
0.40159476
0.4016022
0.40161088
0.40161994
0.40162838
0.40163505
0.40163898
0.40163985
0.40163743
0.40163225
0.4016249
0.4016162
0.40160695
0.40159792
0.40158948
0.40158197
0.40157542
0.40156943
0.4015636
0.40155765
0.40155163
0.4015457
0.40154013
0.40153518
0.4015309
0.40152737
0.40152478
0.40152296
0.4015219
0.40152138
0.40152162
0.40152252
0.40152436
0.4015274
0.40153208
0.4015386
0.40154696
0.40155703
0.40156844
0.40158048
0.40159276
0.40160447
0.40161514
0.40162405
0.4016307
0.4016348
0.40163675
0.40163678
0.4016358
0.40163428
0.4016328
0.4016313
0.40162936
0.40162638
0.40162173
0.40161505
0.4016063
0.40159598
0.40158468
0.4015729
0.40156114
0.40154955
0.4015385
0.40152833
0.40151954
0.4015129
0.4015088
0.40150765
0.40150973
0.401515
0.40152347
0.40153477
0.40154845
0.4015636
0.40157923
0.4015943
0.40160784
0.40161937
0.4016289
0.40163684
0.40164384
0.4016503
0.4016565
0.40166226
0.40166733
0.4016713
0.40167397
0.4016754
0.4016758
0.4016751
0.4016734
0.40167046
0.40166572
0.4016588
0.40164933
0.40163752
0.40162385
0.40160912
0.40159425
0.40158015
0.4015677
0.40155765
0.4015506
0.40154693
0.40154666
0.4015495
0.4015552
0.4015635
0.4015747
0.40158972
0.40161037
0.4016395
0.4016812
0.4017418
0.40182987
0.40195748
0.4021417
0.40240568
0.40277895
0.40330294
0.40403503
0.4050528
0.4064621
0.40840495
0.4111029
0.41478053
0.41974822
0.42648026
0.4356198
0.44777745
