0.44252956
0.43201104
0.4241187
0.41817427
0.41373405
0.41045237
0.40804434
0.4062687
0.40496394
0.40401134
0.40331456
0.40280586
0.40243506
0.4021652
0.4019692
0.40182728
0.4017249
0.4016515
0.40159962
0.40156382
0.4015403
0.40152648
0.4015206
0.40152124
0.40152723
0.40153682
0.40154848
0.40156028
0.4015703
0.4015772
0.4015801
0.4015788
0.40157402
0.4015666
0.40155804
0.4015495
0.40154222
0.4015367
0.40153328
0.40153185
0.40153185
0.40153268
0.40153354
0.40153396
0.40153357
0.4015319
0.40152863
0.40152356
0.4015168
0.4015091
0.4015012
0.40149444
0.40149
0.4014889
0.40149194
0.40149942
0.4015114
0.40152726
0.40154636
0.4015676
0.40159014
0.401613
0.40163556
0.40165734
0.40167776
0.40169632
0.4017122
0.40172485
0.4017341
0.40174022
0.4017437
0.40174535
0.40174595
0.40174615
0.4017463
0.4017465
0.40174687
0.40174732
0.4017479
0.40174875
0.40175003
0.40175205
0.4017543
0.401756
0.40175617
0.40175346
0.40174723
0.4017368
0.40172222
0.401704
0.4016832
0.401661
0.40163884
0.40161803
0.40159956
0.40158412
0.40157226
0.40156397
0.401559
0.40155667
0.40155613
0.40155667
0.40155768
0.40155908
0.40156087
0.40156323
0.40156633
0.40157008
0.40157464
0.4015799
0.4015856
0.40159145
0.40159664
0.40160033
0.40160155
0.40159965
0.40159446
0.40158623
0.40157574
0.40156373
0.40155098
0.40153834
0.40152636
0.40151593
0.4015076
0.4015015
0.40149775
0.40149602
0.40149593
0.40149742
0.40149993
0.40150338
0.4015079
0.40151387
0.40152147
0.40153086
0.40154213
0.40155482
0.40156865
0.40158322
0.40159798
0.4016122
0.40162513
0.40163577
0.4016437
0.40164855
0.40165043
0.4016495
0.40164632
0.40164104
0.40163398
0.40162498
0.40161434
0.40160242
0.40158948
0.4015761
0.40156272
0.40155017
0.4015391
0.40153044
0.4015249
0.40152302
0.4015251
0.40153098
0.40154055
0.40155363
0.4015698
0.40158877
0.40161005
0.40163314
0.40165734
0.40168148
0.4017043
0.40172425
0.40173995
0.40175042
0.40175506
0.40175378
0.40174684
0.40173545
0.40172076
0.40170425
0.40168726
0.40167075
0.40165526
0.401641
0.40162787
0.40161574
0.4016047
0.40159503
0.40158713
0.40158173
0.40157962
0.4015817
0.40158856
0.40160066
0.40161797
0.40164018
0.40166605
0.40169412
0.40172237
0.40174866
0.40177083
0.40178737
0.40179694
0.4017989
0.40179294
0.40177944
0.4017593
0.40173373
0.40170464
0.4016739
0.4016439
0.40161636
0.4015928
0.40157413
0.4015606
0.40155202
0.40154755
0.4015464
0.4015475
0.40154985
0.401553
0.40155673
0.40156084
0.40156507
0.40156907
0.4015722
0.40157387
0.40157387
0.4015718
0.40156814
0.40156284
0.40155643
0.401549
0.401541
0.4015325
0.40152395
0.40151587
0.40150884
0.40150326
0.4014994
0.40149698
0.40149584
0.40149572
0.40149602
0.4014965
0.4014967
0.4014968
0.40149665
0.40149656
0.40149668
0.40149748
0.40149894
0.40150118
0.40150374
0.4015064
0.4015085
0.40150946
0.40150896
0.40150687
0.4015031
0.4014978
0.40149134
0.40148386
0.40147597
0.40146807
0.40146086
0.40145504
0.40145147
0.40145075
0.4014537
0.4014605
0.4014711
0.40148506
0.40150118
0.40151834
0.40153515
0.40155014
0.40156248
0.40157172
0.40157795
0.4015815
0.40158278
0.40158197
0.40157902
0.4015738
0.4015663
0.40155682
0.40154627
0.40153578
0.40152636
0.4015191
0.40151468
0.4015133
0.4015152
0.40151998
0.40152696
0.4015353
0.40154377
0.4015512
0.40155652
0.40155926
0.40155932
0.4015573
0.40155387
0.40154994
0.40154633
0.40154377
0.40154287
0.40154368
0.4015467
0.40155178
0.40155888
0.40156722
0.40157622
0.40158495
0.401593
0.40159994
0.40160576
0.40161046
0.40161365
0.40161505
0.40161404
0.40160996
0.40160248
0.40159145
0.4015773
0.40156084
0.40154317
0.4015254
0.4015087
0.4014939
0.40148196
0.40147343
0.40146887
0.40146863
0.40147308
0.4014823
0.40149665
0.40151638
0.40154138
0.40157133
0.40160543
0.40164274
0.40168166
0.40172058
0.4017577
0.4017913
0.4018203
0.4018438
0.40186143
0.401873
0.40187857
0.4018783
0.4018723
0.401861
0.40184474
0.40182424
0.4018002
0.4017736
0.40174577
0.40171802
0.40169173
0.40166822
0.40164828
0.40163252
0.40162057
0.4016122
0.40160647
0.4016026
0.40159997
0.40159813
0.40159705
0.4015971
0.40159878
0.40160227
0.40160754
0.40161407
0.40162113
0.40162763
0.40163243
0.40163445
0.40163347
0.40162936
0.4016228
0.40161464
0.40160593
0.40159756
0.40159005
0.4015837
0.4015784
0.40157393
0.40156975
0.4015656
0.40156147
0.4015576
0.40155455
0.40155295
0.40155318
0.40155575
0.40156063
0.40156782
0.40157694
0.40158784
0.40160015
0.4016132
0.4016263
0.4016384
0.40164888
0.40165716
0.40166304
0.40166682
0.40166876
0.40166906
0.40166792
0.40166518
0.4016607
0.40165424
0.40164617
0.40163693
0.40162736
0.40161866
0.40161148
0.40160674
0.4016049
0.4016062
0.4016107
0.40161842
0.40162933
0.40164316
0.40165955
0.40167788
0.40169722
0.40171647
0.4017343
0.40174943
0.40176064
0.401767
0.40176785
0.4017628
0.4017519
0.4017356
0.4017147
0.40169045
0.4016643
0.4016375
0.4016112
0.4015865
0.40156418
0.4015448
0.40152875
0.40151638
0.4015079
0.40150332
0.40150282
0.40150604
0.40151286
0.40152243
0.40153387
0.40154594
0.40155718
0.40156624
0.40157187
0.40157327
0.40157053
0.40156412
0.40155506
0.40154472
0.40153414
0.4015244
0.40151605
0.40150946
0.40150446
0.40150067
0.40149745
0.4014944
0.40149108
0.40148717
0.40148288
0.40147838
0.40147376
0.4014692
0.40146464
0.40146002
0.4014554
0.40145054
0.40144527
0.40143922
0.4014323
0.40142474
0.40141723
0.40141064
0.4014059
0.40140373
0.40140456
0.4014088
0.4014165
0.4014274
0.40144074
0.40145588
0.4014719
0.40148792
0.4015035
0.40151775
0.40153053
0.40154213
0.4015529
0.40156326
0.4015737
0.40158412
0.4015945
0.40160468
0.4016144
0.40162387
0.40163288
0.40164098
0.40164727
0.40165058
0.40164992
0.40164462
0.4016347
0.40162048
0.4016029
0.40158305
0.4015623
0.4015418
0.40152252
0.40150556
0.40149167
0.40148118
0.4014746
0.40147197
0.40147334
0.4014787
0.40148795
0.40150088
0.4015173
0.40153697
0.40155935
0.40158394
0.40160957
0.40163526
0.40165967
0.40168172
0.40170088
0.4017171
0.40173098
0.4017434
0.4017556
0.4017684
0.40178233
0.40179783
0.40181434
0.40183163
0.40184888
0.40186545
0.4018809
0.4018947
0.4019065
0.40191618
0.4019236
0.4019284
0.40193054
0.40192968
0.40192577
0.40191868
0.40190837
0.40189496
0.40187857
0.40185937
0.40183768
0.40181372
0.4017879
0.40176094
0.40173364
0.4017072
0.4016828
0.4016618
0.40164524
0.4016336
0.40162697
0.4016249
0.40162626
0.40162978
0.4016338
0.40163705
0.40163863
0.40163803
0.40163496
0.4016296
0.401622
0.4016125
0.40160152
0.40158993
0.4015788
0.40156907
0.4015614
0.40155616
0.4015531
0.40155137
0.40155008
0.40154794
0.4015439
0.40153742
0.40152845
0.40151724
0.40150437
0.40149036
0.40147588
0.4014614
0.4014474
0.4014343
0.4014226
0.40141296
0.40140578
0.40140143
0.40140006
0.40140182
0.40140674
0.401415
0.40142646
0.40144116
0.40145883
0.40147915
0.40150163
0.40152577
0.4015507
0.4015758
0.40160048
0.40162456
0.40164763
0.40166935
0.40168932
0.40170676
0.40172055
0.40172976
0.40173396
0.40173286
0.40172693
0.40171683
0.40170366
0.40168872
0.40167326
0.40165836
0.40164486
0.4016335
0.40162465
0.4016185
0.40161473
0.40161252
0.4016111
0.4016092
0.4016059
0.4016004
0.4015925
0.40158266
0.40157148
0.40156016
0.40154958
0.4015406
0.40153396
0.40153006
0.40152928
0.40153196
0.4015384
0.40154862
0.4015623
0.40157846
0.40159613
0.4016136
0.40162924
0.40164143
0.40164906
0.4016515
0.40164897
0.40164196
0.40163198
0.40162036
0.4016087
0.40159848
0.40159076
0.40158632
0.40158573
0.4015892
0.40159672
0.4016084
0.40162396
0.40164325
0.40166593
0.40169165
0.40171972
0.40174916
0.40177867
0.4018072
0.40183362
0.40185726
0.4018775
0.40189415
0.40190732
0.40191698
0.4019235
0.4019271
0.40192822
0.40192696
0.4019235
0.4019178
0.40190953
0.4018982
0.40188342
0.4018647
0.40184185
0.40181503
0.40178457
0.4017513
0.4017164
0.40168115
0.40164682
0.40161458
0.40158552
0.40156037
0.40153977
0.40152392
0.401513
0.401507
0.40150586
0.40150934
0.40151703
0.40152815
0.40154165
0.40155634
0.40157086
0.4015835
0.40159297
0.40159822
0.40159887
0.40159503
0.4015876
0.40157777
0.40156716
0.40155712
0.4015489
0.40154332
0.40154058
0.40154043
0.4015421
0.40154484
0.40154797
0.40155107
0.40155447
0.4015586
0.40156427
0.401572
0.40158203
0.4015945
0.40160906
0.4016255
0.40164313
0.4016611
0.40167823
0.40169337
0.40170538
0.40171337
0.40171677
0.4017154
0.40170977
0.40170062
0.4016887
0.40167502
0.40166038
0.40164572
0.4016317
0.4016189
0.40160814
0.40159982
0.4015945
0.40159225
0.40159303
0.40159646
0.40160197
0.40160885
0.40161604
0.4016223
0.40162644
0.40162772
0.40162575
0.40162078
0.40161344
0.401605
0.40159672
0.40158972
0.40158492
0.40158278
0.40158358
0.40158704
0.4015928
0.4016003
0.4016088
0.40161762
0.40162632
0.4016348
0.4016435
0.40165222
0.40166107
0.40166974
0.40167767
0.40168446
0.40168965
0.40169308
0.40169472
0.40169433
0.40169144
0.4016856
0.4016764
0.40166378
0.40164813
0.40163004
0.4016103
0.40158987
0.40156943
0.40154985
0.4015319
0.4015162
0.40150315
0.4014927
0.401485
0.40147975
0.40147692
0.40147647
0.40147883
0.40148416
0.4014929
0.4015051
0.40152067
0.40153927
0.40156028
0.40158275
0.40160534
0.4016267
0.40164545
0.40166053
0.40167147
0.4016781
0.40168065
0.4016802
0.40167785
0.40167502
0.40167296
0.40167245
0.4016737
0.4016767
0.40168062
0.40168455
0.40168738
0.4016877
0.40168482
0.40167847
0.4016687
0.4016565
0.40164304
0.40162992
0.40161863
0.40161005
0.40160477
0.40160277
0.40160352
0.40160602
0.4016094
0.4016128
0.40161592
0.4016191
0.4016227
0.40162727
0.40163317
0.4016404
0.40164846
0.4016567
0.401664
0.4016696
0.40167284
0.40167364
0.40167233
0.40166938
0.4016659
0.40166324
0.40166244
0.4016644
0.40166953
0.40167758
0.4016878
0.4016992
0.40171015
0.40171924
0.40172517
0.4017271
0.40172464
0.40171778
0.4017072
0.40169367
0.4016788
0.4016638
0.40165025
0.40163952
0.40163264
0.40163028
0.40163264
0.40163937
0.40164986
0.40166306
0.40167758
0.40169185
0.4017041
0.40171248
0.40171555
0.40171248
0.4017027
0.40168652
0.40166467
0.4016385
0.4016097
0.4015801
0.4015513
0.4015248
0.40150177
0.40148312
0.4014695
0.40146112
0.40145797
0.40145966
0.40146577
0.40147558
0.40148833
0.40150312
0.40151903
0.40153515
0.40155026
0.4015637
0.40157452
0.40158245
0.40158767
0.40159085
0.40159267
0.4015943
0.40159675
0.4016002
0.40160465
0.40160936
0.4016133
0.4016149
0.40161312
0.40160707
0.40159655
0.40158185
0.40156376
0.40154323
0.40152133
0.4014992
0.40147784
0.4014579
0.40144002
0.40142465
0.40141183
0.40140155
0.40139338
0.40138698
0.401382
0.4013781
0.4013752
0.4013731
0.40137175
0.4013711
0.40137115
0.40137202
0.40137413
0.40137765
0.40138298
0.4013904
0.40139994
0.40141174
0.4014253
0.40144032
0.4014563
0.40147266
0.4014888
0.40150386
0.40151742
0.4015289
0.4015383
0.40154576
0.401552
0.40155753
0.4015632
0.40156955
0.40157712
0.40158606
0.40159637
0.40160784
0.40162024
0.40163356
0.40164736
0.4016608
0.401673
0.40168276
0.40168947
0.40169293
0.4016937
0.40169275
0.40169168
0.40169182
0.40169448
0.40170035
0.4017094
0.4017209
0.4017337
0.40174595
0.401756
0.4017624
0.40176427
0.40176126
0.4017536
0.401742
0.4017276
0.4017117
0.4016959
0.4016814
0.40166903
0.40165925
0.40165216
0.40164742
0.4016447
0.40164346
0.40164334
0.40164378
0.4016439
0.40164286
0.40163985
0.40163428
0.40162617
0.40161613
0.4016053
0.40159497
0.4015868
0.40158218
0.40158185
0.40158588
0.401594
0.40160534
0.40161893
0.40163362
0.40164855
0.40166292
0.40167597
0.4016869
0.40169513
0.4017003
0.40170237
0.40170193
0.40169936
0.40169504
0.40168893
0.40168065
0.40167016
0.40165746
0.4016431
0.40162778
0.40161246
0.40159807
0.4015854
0.40157515
0.40156788
0.4015636
0.40156227
0.40156317
0.40156546
0.4015679
0.40156943
0.40156916
0.40156662
0.4015619
0.40155548
0.40154812
0.4015407
0.401534
0.40152892
0.4015262
0.4015264
0.40152982
0.40153652
0.40154636
0.40155903
0.40157428
0.40159193
0.40161148
0.40163222
0.40165326
0.40167326
0.4016908
0.40170464
0.40171355
0.4017171
0.4017151
0.40170795
0.4016965
0.40168196
0.40166548
0.40164828
0.40163133
0.4016155
0.4016014
0.4015893
0.4015797
0.40157282
0.40156874
0.40156716
0.40156746
0.40156892
0.40157038
0.40157095
0.40156972
0.40156627
0.40156046
0.4015528
0.40154412
0.40153557
0.40152797
0.40152225
0.40151882
0.40151802
0.40151948
0.40152302
0.40152824
0.40153491
0.4015424
0.40155014
0.40155762
0.40156397
0.4015686
0.401571
0.401571
0.401569
0.40156543
0.40156087
0.4015559
0.40155107
0.40154728
0.40154514
0.40154523
0.40154755
0.40155178
0.4015573
0.401563
0.4015678
0.40157086
0.40157172
0.4015707
0.40156826
0.40156543
0.401563
0.4015617
0.40156177
0.4015631
0.40156513
0.40156728
0.40156877
0.4015694
0.4015689
0.40156758
0.4015654
0.4015623
0.4015581
0.40155268
0.40154546
0.40153667
0.40152645
0.40151548
0.40150484
0.40149546
0.40148833
0.40148434
0.4014841
0.40148804
0.4014962
0.40150863
0.4015247
0.40154368
0.40156457
0.4015863
0.40160784
0.40162796
0.40164575
0.40166074
0.4016728
0.40168205
0.40168893
0.40169382
0.40169686
0.40169787
0.40169677
0.40169328
0.40168753
0.40167972
0.4016704
0.40166005
0.40164912
0.40163788
0.40162656
0.4016155
0.40160528
0.40159664
0.40159035
0.40158695
0.40158686
0.4015903
0.40159705
0.401607
0.4016196
0.40163437
0.40165076
0.40166792
0.40168542
0.4017024
0.4017182
0.40173233
0.401744
0.40175247
0.40175676
0.40175617
0.40175027
0.40173894
0.4017226
0.401702
0.4016782
0.40165263
0.40162647
0.4016009
0.40157682
0.40155515
0.40153652
0.40152156
0.4015106
0.40150374
0.40150118
0.40150255
0.4015074
0.4015152
0.40152493
0.40153563
0.40154603
0.40155488
0.4015614
0.40156487
0.40156496
0.40156177
0.40155566
0.4015471
0.40153703
0.40152633
0.40151575
0.40150586
0.40149698
0.4014894
0.40148324
0.40147877
0.40147635
0.40147632
0.4014789
0.40148425
0.40149233
0.40150294
0.40151542
0.4015289
0.40154234
0.4015546
0.4015648
0.4015725
0.40157777
0.40158135
0.40158424
0.40158743
0.40159133
0.40159643
0.4016026
0.4016097
0.40161738
0.40162563
0.4016346
0.40164417
0.40165392
0.40166324
0.40167114
0.40167654
0.40167868
0.4016773
0.40167263
0.40166548
0.4016566
0.40164682
0.40163678
0.40162677
0.401617
0.40160736
0.40159807
0.40158924
0.4015808
0.4015726
0.4015643
0.40155548
0.40154603
0.4015361
0.40152612
0.4015167
0.40150824
0.40150142
0.4014964
0.40149352
0.4014927
0.4014941
0.40149742
0.40150255
0.40150928
0.40151745
0.4015271
0.40153855
0.40155187
0.4015671
0.4015837
0.40160117
0.4016185
0.40163448
0.40164793
0.4016576
0.40166256
0.40166238
0.401657
0.40164688
0.40163282
0.40161583
0.40159678
0.40157658
0.40155625
0.40153694
0.4015198
0.40150574
0.4014955
0.40148932
0.40148705
0.40148813
0.40149134
0.40149543
0.40149912
0.40150127
0.4015012
0.40149876
0.4014943
0.4014884
0.40148187
0.40147555
0.40147015
0.40146634
0.40146425
0.40146396
0.40146527
0.40146807
0.4014722
0.40147778
0.4014852
0.4014948
0.4015069
0.40152165
0.40153927
0.40155932
0.40158096
0.40160304
0.40162396
0.401642
0.4016559
0.40166467
0.40166816
0.40166673
0.40166137
0.40165308
0.40164313
0.4016324
0.40162158
0.40161148
0.4016023
0.40159443
0.40158784
0.40158233
0.4015775
0.40157306
0.40156865
0.40156463
0.4015616
0.40156034
0.40156195
0.40156692
0.4015758
0.40158856
0.40160468
0.40162352
0.4016439
0.40166453
0.40168372
0.40170044
0.40171364
0.40172264
0.4017274
0.4017281
0.40172485
0.40171817
0.40170828
0.40169498
0.40167826
0.40165806
0.4016346
0.40160856
0.4015809
0.40155268
0.40152496
0.4014986
0.40147427
0.40145263
0.40143397
0.4014183
0.4014055
0.4013952
0.4013868
0.4013797
0.40137365
0.4013684
0.40136418
0.4013609
0.40135905
0.40135893
0.40136087
0.40136516
0.40137193
0.40138128
0.40139312
0.4014074
0.40142375
0.40144175
0.4014612
0.40148163
0.40150294
0.40152496
0.4015477
0.4015711
0.4015945
0.40161732
0.4016382
0.4016561
0.40167013
0.40167978
0.40168524
0.40168712
0.40168637
0.40168437
0.40168226
0.4016809
0.40168077
0.40168172
0.40168333
0.40168467
0.40168488
0.40168312
0.40167868
0.4016713
0.4016612
0.4016489
0.40163523
0.40162107
0.40160733
0.4015952
0.4015857
0.40157962
0.4015774
0.4015789
0.4015836
0.40159056
0.4015987
0.40160647
0.40161294
0.40161765
0.4016202
0.4016207
0.40161917
0.40161568
0.40161005
0.40160245
0.40159297
0.4015818
0.40156934
0.4015561
0.4015427
0.4015304
0.40152022
0.40151304
0.40150955
0.40151015
0.40151483
0.40152335
0.4015353
0.40154994
0.40156645
0.4015838
0.40160128
0.401618
0.40163314
0.40164608
0.40165615
0.40166304
0.4016668
0.4016675
0.40166545
0.40166134
0.40165564
0.4016488
0.40164113
0.40163282
0.40162396
0.4016143
0.4016039
0.40159252
0.40158042
0.40156785
0.40155548
0.40154377
0.4015333
0.4015243
0.4015168
0.40151075
0.40150586
0.40150204
0.4014992
0.40149748
0.40149698
0.4014977
0.4014994
0.4015016
0.4015039
0.40150598
0.40150768
0.40150896
0.40151006
0.40151113
0.40151235
0.40151426
0.401517
0.4015211
0.40152645
0.4015331
0.4015409
0.40154937
0.40155822
0.40156704
0.40157548
0.40158358
0.40159118
0.40159822
0.40160424
0.4016092
0.4016126
0.4016142
0.40161377
0.4016115
0.40160772
0.40160283
0.4015971
0.4015906
0.40158308
0.40157443
0.4015647
0.40155414
0.40154296
0.40153167
0.40152073
0.40151066
0.40150177
0.4014944
0.40148863
0.40148446
0.40148172
0.4014808
0.4014816
0.40148446
0.4014891
0.4014955
0.40150347
0.4015127
0.40152296
0.401534
0.4015454
0.4015573
0.40156963
0.4015824
0.4015955
0.40160885
0.40162244
0.40163636
0.40165037
0.40166414
0.401677
0.40168807
0.40169653
0.40170133
0.40170214
0.4016987
0.40169123
0.4016805
0.40166768
0.40165398
0.40164077
0.40162936
0.40162054
0.40161467
0.40161175
0.40161148
0.40161338
0.40161696
0.40162218
0.40162888
0.40163708
0.40164635
0.40165588
0.40166444
0.4016707
0.4016736
0.40167224
0.4016666
0.40165702
0.40164444
0.40163004
0.40161517
0.40160108
0.40158856
0.40157846
0.40157118
0.40156692
0.40156555
0.40156662
0.4015694
0.40157315
0.40157717
0.40158114
0.40158513
0.40158957
0.40159488
0.4016012
0.4016085
0.40161633
0.4016242
0.40163133
0.40163755
0.40164292
0.401648
0.4016537
0.40166077
0.40166947
0.4016799
0.40169156
0.40170345
0.40171435
0.40172297
0.40172815
0.40172923
0.40172592
0.40171847
0.40170753
0.4016943
0.4016802
0.40166664
0.40165478
0.40164536
0.40163884
0.4016353
0.40163442
0.40163568
0.40163827
0.4016417
0.40164512
0.40164813
0.4016504
0.40165254
0.40165502
0.4016585
0.40166393
0.40167212
0.4016836
0.4016988
0.40171772
0.40174
0.40176475
0.4017909
0.40181702
0.40184224
0.4018658
0.4018874
0.40190688
0.40192446
0.40194067
0.4019562
0.4019715
0.40198746
0.40200502
0.40202507
0.40204862
0.40207726
0.40211314
0.40216
0.40222278
0.40230924
0.40243024
0.40260154
0.40284562
0.4031947
0.40368968
0.40438882
0.40537125
0.4067443
0.40865132
0.41131347
0.41495845
0.41989562
0.4265966
0.43570894
0.4478412
