0.442562
0.43205208
0.4241653
0.41822335
0.4137823
0.41049683
0.40808296
0.40630072
0.40498963
0.4040318
0.403331
0.40281972
0.40244776
0.40217823
0.401984
0.4018451
0.40174675
0.40167817
0.4016313
0.4016001
0.40157998
0.4015672
0.401559
0.40155292
0.40154755
0.40154207
0.40153614
0.4015302
0.40152457
0.4015199
0.40151688
0.40151638
0.40151948
0.40152723
0.40154046
0.40155956
0.40158442
0.40161452
0.4016488
0.40168577
0.40172356
0.40176016
0.40179363
0.40182215
0.40184453
0.40186
0.40186808
0.40186867
0.4018622
0.40184888
0.40182957
0.40180504
0.40177673
0.40174595
0.40171444
0.401684
0.4016561
0.40163225
0.40161338
0.40160033
0.4015933
0.40159246
0.40159762
0.40160844
0.40162432
0.4016449
0.40166947
0.40169713
0.40172672
0.40175703
0.40178645
0.40181342
0.40183657
0.40185487
0.4018676
0.4018744
0.4018754
0.40187123
0.40186244
0.4018501
0.4018351
0.40181872
0.40180174
0.40178517
0.40176937
0.40175447
0.4017398
0.40172464
0.40170813
0.4016898
0.40166962
0.4016482
0.4016264
0.40160578
0.40158767
0.40157387
0.40156567
0.4015641
0.4015698
0.40158275
0.4016024
0.40162763
0.4016572
0.40168917
0.40172175
0.40175298
0.4017814
0.40180597
0.4018258
0.40184012
0.4018484
0.40185037
0.4018457
0.40183452
0.4018171
0.40179393
0.40176564
0.4017333
0.4016979
0.40166074
0.40162316
0.40158647
0.40155202
0.40152073
0.40149328
0.40147015
0.40145162
0.40143797
0.4014293
0.4014259
0.40142798
0.40143558
0.40144864
0.40146664
0.40148896
0.40151483
0.4015429
0.4015722
0.4016012
0.40162864
0.40165362
0.40167567
0.40169463
0.40171087
0.4017246
0.40173593
0.4017446
0.40175027
0.40175277
0.40175182
0.40174755
0.4017402
0.40173018
0.40171838
0.4017058
0.40169352
0.40168282
0.40167433
0.40166858
0.4016656
0.40166515
0.4016671
0.4016708
0.401676
0.40168223
0.40168884
0.40169504
0.40170002
0.4017028
0.40170297
0.40170044
0.40169555
0.40168887
0.4016812
0.4016734
0.40166605
0.40165946
0.40165383
0.40164915
0.401645
0.40164098
0.40163657
0.40163133
0.40162456
0.401616
0.40160576
0.40159422
0.40158197
0.40156972
0.4015578
0.40154612
0.4015345
0.40152255
0.40150988
0.4014968
0.40148374
0.40147102
0.4014594
0.40144935
0.40144113
0.40143505
0.40143123
0.40142936
0.4014295
0.4014315
0.40143532
0.4014411
0.40144882
0.40145856
0.40147033
0.40148413
0.40149996
0.40151784
0.40153745
0.40155846
0.4015799
0.40160063
0.40161937
0.40163496
0.4016467
0.40165448
0.40165868
0.4016599
0.40165937
0.40165797
0.4016565
0.40165538
0.40165442
0.4016535
0.40165222
0.40165043
0.40164828
0.40164614
0.40164438
0.40164337
0.40164334
0.40164444
0.4016465
0.4016497
0.4016541
0.40165946
0.4016654
0.401671
0.40167567
0.40167883
0.4016802
0.40167946
0.4016765
0.40167093
0.40166256
0.40165117
0.40163732
0.4016217
0.4016056
0.40159032
0.40157706
0.40156674
0.40155977
0.40155646
0.40155667
0.40156013
0.40156645
0.4015751
0.40158543
0.40159684
0.40160885
0.40162134
0.40163413
0.40164736
0.4016608
0.4016741
0.40168655
0.4016972
0.40170506
0.4017091
0.40170854
0.40170297
0.40169227
0.40167674
0.40165716
0.40163457
0.4016103
0.40158594
0.40156284
0.4015421
0.40152466
0.40151125
0.40150228
0.40149778
0.4014978
0.40150207
0.40151006
0.40152118
0.4015343
0.40154848
0.4015625
0.40157542
0.40158674
0.4015964
0.40160507
0.4016139
0.40162396
0.40163636
0.40165162
0.4016701
0.4016914
0.4017147
0.40173894
0.4017626
0.4017844
0.40180323
0.40181834
0.40182936
0.40183607
0.40183836
0.40183613
0.4018293
0.40181786
0.4018019
0.40178168
0.40175793
0.40173146
0.40170348
0.40167537
0.40164855
0.40162405
0.40160283
0.40158546
0.40157247
0.40156382
0.4015594
0.4015585
0.4015602
0.40156326
0.40156665
0.4015694
0.40157104
0.4015712
0.40157035
0.40156907
0.40156806
0.40156803
0.4015695
0.40157315
0.4015794
0.4015886
0.40160093
0.40161675
0.40163615
0.40165895
0.4016845
0.4017118
0.4017396
0.4017664
0.4017908
0.40181154
0.4018273
0.40183726
0.4018407
0.40183735
0.40182722
0.40181077
0.40178883
0.4017628
0.40173408
0.40170428
0.40167528
0.40164858
0.40162548
0.40160668
0.40159246
0.40158272
0.4015771
0.40157476
0.40157488
0.40157664
0.40157914
0.40158156
0.40158322
0.40158376
0.40158305
0.4015814
0.40157908
0.40157613
0.40157264
0.4015683
0.40156248
0.40155515
0.40154633
0.40153667
0.40152702
0.40151834
0.40151152
0.40150732
0.40150627
0.40150842
0.40151373
0.40152198
0.40153295
0.40154603
0.40156075
0.40157664
0.40159324
0.40161023
0.40162748
0.40164474
0.4016615
0.40167686
0.40168974
0.40169898
0.40170375
0.40170366
0.4016985
0.40168867
0.40167478
0.40165794
0.4016393
0.4016201
0.40160125
0.4015835
0.40156728
0.40155306
0.40154082
0.4015305
0.40152207
0.40151554
0.40151125
0.4015095
0.40151083
0.40151542
0.40152356
0.401535
0.40154925
0.40156516
0.40158165
0.40159705
0.40161046
0.4016211
0.40162906
0.40163505
0.40163967
0.40164393
0.40164846
0.40165398
0.40166083
0.40166935
0.40167972
0.40169188
0.40170583
0.4017213
0.40173823
0.40175644
0.40177554
0.401795
0.40181407
0.40183192
0.40184748
0.40185964
0.40186775
0.40187097
0.4018688
0.40186083
0.4018472
0.40182814
0.40180445
0.40177736
0.40174824
0.40171877
0.40169084
0.40166587
0.4016453
0.40162992
0.40162048
0.40161684
0.40161884
0.4016256
0.40163592
0.40164793
0.40165988
0.40167007
0.40167686
0.40167937
0.40167704
0.40167004
0.40165895
0.40164477
0.40162864
0.4016117
0.40159503
0.4015794
0.40156558
0.40155393
0.4015447
0.40153775
0.4015328
0.4015298
0.40152815
0.40152764
0.40152785
0.40152848
0.40152934
0.40153044
0.40153164
0.40153304
0.4015346
0.4015366
0.40153962
0.40154427
0.40155113
0.40156078
0.40157375
0.40159023
0.40161014
0.40163276
0.40165707
0.4016812
0.40170345
0.40172195
0.40173504
0.4017418
0.40174168
0.40173474
0.40172157
0.4017033
0.40168154
0.40165827
0.40163523
0.40161392
0.4015957
0.40158117
0.4015707
0.40156397
0.40156052
0.4015594
0.40155974
0.40156075
0.40156198
0.4015632
0.40156436
0.40156564
0.40156716
0.4015693
0.40157214
0.40157604
0.4015811
0.40158734
0.4015946
0.40160245
0.40161046
0.401618
0.40162453
0.4016293
0.4016315
0.4016308
0.40162712
0.40162086
0.40161264
0.40160325
0.40159327
0.401583
0.40157247
0.40156138
0.4015495
0.40153664
0.40152287
0.4015085
0.40149397
0.40148002
0.40146753
0.40145755
0.40145084
0.40144813
0.40144995
0.40145627
0.40146703
0.4014818
0.40149993
0.4015204
0.40154243
0.4015648
0.40158653
0.40160662
0.40162393
0.40163732
0.40164593
0.40164945
0.40164796
0.4016423
0.40163362
0.40162328
0.4016126
0.40160283
0.40159476
0.40158892
0.4015855
0.40158457
0.40158594
0.40158966
0.40159526
0.40160263
0.4016111
0.40161988
0.40162775
0.40163362
0.4016365
0.40163592
0.4016319
0.4016249
0.40161598
0.40160632
0.40159714
0.40158966
0.40158424
0.4015815
0.40158108
0.40158257
0.40158555
0.4015893
0.40159327
0.40159678
0.4015993
0.40160012
0.40159905
0.40159613
0.40159187
0.4015868
0.4015818
0.4015774
0.40157437
0.40157327
0.40157455
0.40157843
0.40158483
0.40159342
0.40160328
0.4016135
0.40162283
0.40163028
0.4016353
0.4016377
0.40163803
0.40163687
0.40163523
0.40163404
0.40163407
0.4016357
0.4016391
0.4016442
0.4016511
0.40166
0.40167072
0.40168294
0.401696
0.40170875
0.40172026
0.40172943
0.40173587
0.4017394
0.4017405
0.4017397
0.4017379
0.40173575
0.40173396
0.4017327
0.40173218
0.4017324
0.401733
0.4017339
0.40173528
0.40173712
0.40173972
0.40174285
0.40174627
0.40174934
0.40175146
0.40175173
0.40174967
0.4017446
0.4017363
0.401725
0.40171146
0.40169683
0.40168276
0.4016708
0.40166256
0.40165913
0.40166113
0.40166855
0.40168074
0.40169662
0.40171465
0.40173316
0.40175074
0.40176612
0.40177837
0.40178695
0.40179163
0.40179262
0.40179035
0.4017858
0.40178016
0.40177447
0.40176985
0.401767
0.40176615
0.40176728
0.40177026
0.40177497
0.40178135
0.40178964
0.4018001
0.4018129
0.4018281
0.4018451
0.4018633
0.4018818
0.40189955
0.40191576
0.40192968
0.40194076
0.4019487
0.4019532
0.40195432
0.40195218
0.4019468
0.40193862
0.40192783
0.4019148
0.4018997
0.40188265
0.40186375
0.4018427
0.40181956
0.40179428
0.40176708
0.4017386
0.40170985
0.401682
0.4016565
0.4016346
0.401617
0.4016039
0.40159518
0.4015906
0.4015896
0.4015918
0.40159672
0.40160406
0.4016137
0.401626
0.40164077
0.40165767
0.40167585
0.40169418
0.40171146
0.40172678
0.4017396
0.40174985
0.401758
0.40176466
0.40177032
0.40177524
0.40177938
0.40178233
0.40178382
0.40178356
0.40178135
0.40177712
0.4017712
0.40176395
0.401756
0.40174788
0.40173995
0.40173253
0.40172598
0.40172058
0.40171638
0.40171313
0.40171024
0.40170693
0.40170223
0.40169555
0.40168637
0.40167433
0.4016593
0.4016417
0.40162197
0.40160063
0.40157834
0.40155566
0.40153322
0.40151167
0.40149152
0.4014734
0.40145764
0.40144458
0.4014347
0.40142828
0.40142572
0.40142712
0.40143248
0.40144163
0.4014543
0.40146983
0.4014876
0.40150675
0.40152645
0.40154582
0.4015642
0.40158126
0.40159672
0.40161052
0.4016226
0.4016325
0.40163973
0.40164387
0.4016445
0.40164188
0.40163657
0.40162963
0.40162218
0.4016154
0.40161014
0.4016068
0.40160587
0.40160722
0.4016102
0.40161416
0.40161806
0.4016214
0.40162385
0.40162557
0.40162712
0.4016291
0.40163204
0.40163627
0.4016417
0.4016477
0.40165335
0.40165767
0.40165988
0.40165973
0.40165722
0.4016528
0.4016469
0.40164006
0.40163252
0.4016245
0.40161636
0.4016088
0.40160245
0.401598
0.40159613
0.40159723
0.40160167
0.40160963
0.40162134
0.40163723
0.40165824
0.40168607
0.40172347
0.40177432
0.4018445
0.40194207
0.40207845
0.40227014
0.4025405
0.40291873
0.40344647
0.40418112
0.40520066
0.4066109
0.40855357
0.41124955
0.41492215
0.41988075
0.42659828
0.43571746
0.44785
