0.44266322
0.4321836
0.42432183
0.4184
0.41397363
0.41069743
0.40828595
0.40649974
0.40517908
0.40420747
0.4034904
0.40296206
0.4025739
0.4022901
0.402084
0.40193588
0.40183088
0.40175778
0.40170774
0.4016739
0.401651
0.40163505
0.4016226
0.40161133
0.40159947
0.40158615
0.40157127
0.4015553
0.40153867
0.40152198
0.40150595
0.40149093
0.40147743
0.4014659
0.40145662
0.4014497
0.40144542
0.40144372
0.40144488
0.401449
0.40145615
0.4014662
0.4014787
0.40149352
0.40151018
0.40152827
0.4015471
0.40156624
0.40158495
0.40160298
0.40162024
0.40163702
0.4016536
0.40166995
0.40168622
0.40170172
0.4017158
0.40172747
0.4017363
0.40174174
0.40174398
0.40174335
0.40174082
0.40173724
0.40173364
0.4017306
0.4017285
0.40172726
0.40172654
0.40172595
0.40172485
0.40172264
0.40171903
0.4017141
0.40170807
0.4017014
0.40169454
0.40168768
0.4016811
0.40167475
0.4016684
0.4016617
0.40165445
0.40164658
0.4016384
0.4016301
0.40162215
0.40161514
0.40160942
0.40160537
0.40160337
0.4016036
0.40160602
0.4016105
0.40161654
0.4016236
0.40163088
0.40163785
0.40164372
0.40164784
0.40164953
0.4016486
0.40164506
0.40163913
0.40163156
0.4016229
0.401614
0.40160567
0.4015986
0.40159324
0.4015899
0.40158835
0.4015883
0.4015894
0.4015912
0.40159357
0.40159595
0.40159792
0.40159893
0.4015987
0.40159732
0.40159532
0.40159354
0.40159306
0.40159494
0.4016002
0.4016098
0.40162396
0.40164268
0.40166518
0.40169036
0.40171653
0.40174186
0.4017647
0.40178365
0.40179756
0.40180567
0.40180746
0.40180275
0.40179187
0.40177536
0.4017543
0.40173006
0.40170425
0.40167892
0.40165606
0.40163726
0.40162364
0.40161568
0.40161327
0.40161586
0.40162188
0.4016298
0.4016376
0.4016436
0.40164644
0.40164542
0.40164062
0.40163252
0.40162185
0.40160978
0.40159726
0.40158477
0.40157282
0.40156138
0.40155038
0.40153968
0.4015297
0.40152058
0.4015123
0.40150502
0.40149885
0.40149388
0.40149033
0.40148854
0.40148863
0.4014909
0.4014954
0.40150204
0.4015105
0.40152043
0.4015313
0.40154275
0.40155455
0.4015666
0.40157908
0.40159193
0.40160516
0.40161833
0.40163085
0.40164196
0.40165105
0.4016574
0.40166047
0.40166026
0.40165684
0.4016508
0.40164286
0.40163398
0.4016247
0.4016155
0.4016063
0.40159678
0.4015866
0.4015752
0.40156257
0.4015489
0.40153483
0.4015213
0.40150917
0.40149933
0.40149257
0.40148932
0.40149
0.40149453
0.40150252
0.40151367
0.40152696
0.40154183
0.40155745
0.40157282
0.40158668
0.40159765
0.40160444
0.40160638
0.40160316
0.4015953
0.40158376
0.40157
0.40155566
0.4015424
0.40153158
0.40152434
0.4015216
0.4015238
0.40153122
0.4015438
0.40156096
0.40158224
0.40160635
0.40163207
0.40165776
0.4016819
0.40170318
0.40172082
0.40173417
0.40174323
0.40174848
0.40175065
0.40175104
0.40175107
0.40175188
0.40175444
0.40175924
0.40176636
0.40177527
0.40178508
0.4017944
0.401802
0.40180674
0.40180764
0.40180418
0.4017961
0.40178332
0.40176633
0.4017456
0.40172186
0.40169626
0.40166986
0.4016441
0.40162024
0.40159944
0.40158245
0.4015697
0.40156096
0.4015558
0.40155327
0.40155178
0.4015501
0.40154687
0.4015413
0.4015333
0.40152338
0.40151277
0.40150273
0.40149456
0.40148914
0.40148717
0.40148878
0.40149376
0.40150136
0.40151083
0.4015211
0.40153125
0.4015408
0.4015497
0.40155834
0.40156725
0.40157685
0.40158767
0.4015998
0.40161332
0.40162772
0.40164223
0.401656
0.40166786
0.401677
0.40168288
0.4016855
0.4016854
0.40168327
0.40167996
0.4016765
0.40167373
0.40167248
0.40167338
0.40167654
0.40168187
0.4016889
0.40169728
0.40170643
0.40171555
0.4017237
0.40172988
0.40173304
0.40173277
0.40172905
0.4017222
0.40171292
0.40170208
0.40169036
0.4016785
0.40166673
0.40165547
0.40164503
0.40163562
0.40162694
0.40161878
0.4016105
0.40160173
0.40159237
0.40158272
0.40157342
0.40156522
0.4015588
0.40155432
0.4015519
0.40155146
0.4015528
0.40155575
0.40156028
0.40156615
0.40157333
0.4015817
0.4015909
0.40160024
0.40160877
0.4016155
0.40161988
0.40162167
0.40162134
0.40161943
0.40161675
0.4016137
0.40161064
0.4016076
0.4016044
0.40160096
0.4015974
0.40159428
0.40159187
0.40159073
0.4015913
0.40159386
0.40159866
0.40160543
0.4016134
0.4016215
0.40162826
0.40163258
0.40163353
0.40163082
0.4016246
0.4016157
0.40160537
0.401595
0.4015859
0.4015792
0.40157562
0.40157554
0.40157908
0.40158588
0.40159547
0.4016069
0.4016189
0.4016302
0.40163952
0.4016456
0.4016477
0.4016453
0.40163884
0.4016289
0.40161645
0.40160242
0.40158802
0.40157434
0.40156233
0.4015526
0.40154558
0.4015412
0.40153942
0.40153953
0.40154082
0.4015425
0.40154377
0.40154403
0.40154302
0.40154064
0.4015367
0.40153143
0.40152478
0.40151724
0.4015092
0.40150118
0.40149394
0.40148798
0.401484
0.40148255
0.40148398
0.40148854
0.40149638
0.40150744
0.40152133
0.4015376
0.40155548
0.40157452
0.40159392
0.40161306
0.40163118
0.40164784
0.40166298
0.40167668
0.401689
0.40169987
0.4017089
0.40171546
0.40171915
0.40171984
0.40171772
0.4017132
0.40170676
0.4016986
0.40168864
0.4016767
0.40166268
0.40164667
0.40162906
0.40161064
0.40159205
0.4015741
0.4015578
0.40154395
0.40153348
0.401527
0.40152475
0.4015267
0.40153244
0.40154138
0.4015525
0.40156472
0.40157706
0.4015889
0.4015998
0.4016097
0.40161884
0.40162763
0.40163663
0.4016459
0.40165564
0.40166554
0.40167576
0.4016861
0.40169668
0.40170735
0.401718
0.40172797
0.4017368
0.40174395
0.40174884
0.40175158
0.40175208
0.40175053
0.40174738
0.4017429
0.4017372
0.4017304
0.4017225
0.401714
0.40170553
0.401698
0.4016923
0.4016892
0.40168908
0.40169173
0.40169677
0.40170345
0.4017112
0.4017192
0.40172672
0.40173307
0.401738
0.4017413
0.40174335
0.40174446
0.4017454
0.40174675
0.40174916
0.40175295
0.40175837
0.40176547
0.40177375
0.4017826
0.40179104
0.40179807
0.4018029
0.40180504
0.40180445
0.40180138
0.40179634
0.4017901
0.40178314
0.40177575
0.40176794
0.40175983
0.40175137
0.40174213
0.40173167
0.40171954
0.40170553
0.4016895
0.4016716
0.4016522
0.40163162
0.40161082
0.40159062
0.40157205
0.40155604
0.4015432
0.40153372
0.40152764
0.40152466
0.40152466
0.40152764
0.40153366
0.4015426
0.4015541
0.40156767
0.40158245
0.40159747
0.40161115
0.40162218
0.4016293
0.40163183
0.4016298
0.4016238
0.40161496
0.4016049
0.4015951
0.4015869
0.40158135
0.4015793
0.40158093
0.40158647
0.40159586
0.40160874
0.40162456
0.40164274
0.4016622
0.40168175
0.40169978
0.4017149
0.40172592
0.40173218
0.40173346
0.40173015
0.40172282
0.40171263
0.40170068
0.40168837
0.401677
0.40166765
0.401661
0.40165725
0.4016562
0.4016573
0.40166017
0.40166402
0.4016683
0.40167278
0.40167764
0.40168303
0.4016894
0.40169722
0.40170684
0.40171835
0.40173152
0.40174544
0.40175912
0.40177128
0.40178084
0.40178704
0.40178934
0.40178767
0.40178227
0.40177384
0.40176323
0.40175146
0.40173936
0.4017276
0.40171665
0.40170673
0.40169802
0.40169066
0.4016849
0.40168092
0.40167874
0.40167832
0.40167975
0.40168273
0.40168664
0.4016908
0.40169406
0.40169525
0.40169325
0.40168726
0.40167686
0.40166223
0.40164384
0.40162295
0.401601
0.4015794
0.40155968
0.4015429
0.4015297
0.4015203
0.4015146
0.40151235
0.40151292
0.40151557
0.4015193
0.40152314
0.40152606
0.40152758
0.4015274
0.40152586
0.4015233
0.40152013
0.40151697
0.40151426
0.40151218
0.4015111
0.40151086
0.4015114
0.40151262
0.401514
0.4015152
0.40151617
0.4015168
0.40151733
0.40151778
0.40151843
0.40151975
0.40152207
0.40152565
0.40153065
0.40153715
0.40154466
0.40155277
0.4015611
0.40156946
0.40157798
0.40158725
0.4015981
0.4016113
0.40162745
0.40164688
0.40166965
0.4016961
0.40172702
0.4017647
0.40181315
0.40187883
0.40197086
0.40210158
0.40228796
0.4025547
0.40293106
0.40345892
0.40419555
0.40521836
0.40663248
0.40857854
0.41127646
0.41494915
0.41990596
0.42662
0.43573466
0.44786245
