0.44248053
0.43194714
0.42404214
0.4180872
0.41363925
0.41035306
0.40794504
0.40617403
0.40487903
0.40394104
0.40326327
0.40277717
0.4024313
0.4021871
0.40201563
0.4018953
0.4018105
0.40175027
0.40170708
0.40167582
0.40165293
0.40163586
0.40162256
0.40161133
0.4016007
0.40158927
0.40157607
0.4015606
0.40154302
0.40152392
0.40150434
0.4014855
0.40146852
0.40145445
0.40144432
0.4014388
0.40143827
0.40144274
0.40145198
0.401465
0.40148088
0.40149847
0.4015167
0.40153456
0.40155163
0.4015676
0.4015827
0.40159717
0.4016112
0.40162498
0.4016382
0.40165076
0.4016623
0.40167302
0.40168303
0.40169236
0.401701
0.40170854
0.40171483
0.40171954
0.40172252
0.40172344
0.4017221
0.40171868
0.40171325
0.40170616
0.4016974
0.40168706
0.40167546
0.40166274
0.40164906
0.40163445
0.40161914
0.40160334
0.40158752
0.4015721
0.40155748
0.40154392
0.40153158
0.4015207
0.40151146
0.40150407
0.40149856
0.40149492
0.401493
0.40149274
0.40149394
0.40149635
0.4015
0.40150493
0.40151128
0.40151963
0.4015302
0.40154317
0.40155834
0.4015755
0.40159434
0.4016144
0.40163565
0.40165877
0.40168512
0.40171775
0.4017611
0.4018215
0.40190738
0.40203044
0.4022067
0.40246025
0.4028203
0.4033291
0.4040452
0.40504792
0.4064445
0.40837774
0.41106978
0.41474518
0.4197136
0.42644882
0.43559378
0.4477582
