0.4426625
0.43218315
0.42432216
0.41840166
0.4139774
0.4107042
0.40829676
0.4065159
0.40520197
0.4042379
0.4035283
0.40300593
0.40262046
0.40233445
0.4021203
0.40195814
0.40183398
0.40173823
0.40166426
0.4016074
0.40156436
0.40153268
0.40151033
0.40149584
0.40148795
0.40148568
0.40148833
0.40149546
0.4015066
0.40152133
0.4015391
0.40155917
0.40158066
0.40160254
0.40162346
0.40164214
0.40165734
0.40166813
0.4016741
0.40167508
0.40167165
0.40166464
0.4016552
0.40164453
0.40163356
0.40162286
0.40161288
0.40160382
0.40159553
0.40158784
0.40158054
0.4015734
0.40156627
0.40155953
0.4015536
0.40154934
0.40154737
0.4015483
0.40155217
0.40155873
0.40156728
0.4015767
0.40158594
0.4015939
0.40159956
0.40160272
0.4016035
0.40160248
0.40160054
0.4015985
0.40159705
0.4015964
0.40159672
0.40159777
0.4015991
0.40160033
0.4016004
0.40159863
0.40159443
0.40158772
0.40157896
0.40156913
0.4015592
0.4015505
0.401544
0.40154052
0.40154046
0.40154395
0.40155077
0.40156046
0.40157247
0.4015857
0.4015991
0.40161112
0.40162012
0.40162483
0.40162432
0.40161824
0.40160695
0.40159145
0.40157306
0.40155366
0.40153497
0.40151852
0.40150568
0.4014971
0.40149322
0.40149423
0.40149996
0.4015096
0.40152246
0.4015374
0.4015531
0.4015682
0.40158153
0.40159237
0.40160066
0.40160707
0.40161273
0.40161875
0.40162602
0.40163532
0.40164694
0.40166083
0.40167674
0.40169367
0.4017105
0.4017257
0.40173784
0.40174574
0.40174866
0.4017462
0.40173876
0.40172693
0.40171185
0.40169522
0.40167862
0.40166387
0.40165237
0.401645
0.40164202
0.40164325
0.4016477
0.40165392
0.40166014
0.4016647
0.40166605
0.40166312
0.4016557
0.40164414
0.40162933
0.40161276
0.40159562
0.4015794
0.40156528
0.40155455
0.4015483
0.40154725
0.4015516
0.40156123
0.40157545
0.4015933
0.40161332
0.40163395
0.40165353
0.4016708
0.40168527
0.40169692
0.4017066
0.40171558
0.40172508
0.40173635
0.40174994
0.40176603
0.40178406
0.40180328
0.4018227
0.40184143
0.4018589
0.40187448
0.40188795
0.4018989
0.401907
0.40191194
0.40191314
0.40191007
0.4019023
0.40188918
0.4018706
0.40184665
0.40181765
0.4017843
0.40174773
0.4017093
0.40167055
0.40163332
0.40159887
0.4015683
0.40154245
0.4015218
0.4015064
0.40149593
0.40148988
0.40148768
0.40148836
0.40149108
0.4014949
0.4014992
0.40150374
0.40150833
0.40151265
0.4015166
0.40151998
0.40152243
0.4015239
0.40152445
0.40152434
0.40152422
0.4015248
0.40152645
0.4015293
0.40153328
0.40153793
0.40154275
0.4015471
0.40155038
0.4015523
0.40155286
0.40155244
0.4015516
0.40155086
0.40155074
0.40155146
0.40155295
0.4015549
0.40155718
0.40155956
0.40156215
0.4015653
0.4015696
0.4015754
0.40158287
0.40159187
0.401602
0.40161306
0.4016247
0.40163705
0.40165028
0.40166464
0.40168014
0.4016966
0.4017134
0.40172985
0.40174487
0.4017575
0.4017672
0.40177357
0.40177697
0.401778
0.40177774
0.40177715
0.40177706
0.40177783
0.40177926
0.40178078
0.40178105
0.40177882
0.40177307
0.40176323
0.40174925
0.40173167
0.40171152
0.4016901
0.40166852
0.40164787
0.40162873
0.4016117
0.4015968
0.40158442
0.4015746
0.40156725
0.4015623
0.4015594
0.40155822
0.40155807
0.40155843
0.40155846
0.40155745
0.4015549
0.40155053
0.40154442
0.40153685
0.40152827
0.40151912
0.40150964
0.40150073
0.40149298
0.401487
0.4014834
0.4014826
0.401485
0.40149066
0.40149957
0.4015115
0.4015259
0.40154248
0.40156072
0.40158018
0.40160054
0.4016211
0.40164113
0.4016598
0.40167624
0.40169004
0.40170085
0.40170872
0.4017134
0.4017146
0.40171197
0.40170532
0.40169495
0.40168148
0.40166605
0.40164998
0.40163457
0.40162086
0.40160963
0.40160117
0.40159565
0.4015928
0.40159193
0.4015921
0.40159202
0.40159038
0.40158606
0.40157855
0.4015677
0.40155402
0.4015383
0.40152138
0.401504
0.40148672
0.4014701
0.40145454
0.40144053
0.40142852
0.40141878
0.40141183
0.4014078
0.4014068
0.40140876
0.40141356
0.40142092
0.4014307
0.40144274
0.40145713
0.4014742
0.4014943
0.40151784
0.40154514
0.40157613
0.40161046
0.40164736
0.40168557
0.40172386
0.40176052
0.40179417
0.40182358
0.4018477
0.40186563
0.4018769
0.40188113
0.40187836
0.40186852
0.4018519
0.40182894
0.40180042
0.40176758
0.40173176
0.4016949
0.4016588
0.40162548
0.4015964
0.40157261
0.4015549
0.40154377
0.401539
0.4015403
0.40154704
0.4015586
0.40157402
0.4015921
0.40161142
0.40163043
0.40164763
0.40166196
0.40167266
0.40167975
0.4016837
0.40168527
0.4016858
0.40168643
0.40168798
0.40169084
0.40169483
0.40169924
0.40170318
0.40170595
0.4017069
0.40170625
0.40170437
0.40170228
0.40170118
0.40170214
0.40170616
0.40171355
0.40172434
0.40173793
0.40175357
0.40177053
0.4017881
0.40180516
0.40182066
0.40183362
0.4018431
0.40184852
0.4018495
0.40184617
0.40183866
0.40182757
0.40181348
0.401797
0.40177858
0.4017587
0.40173823
0.40171793
0.40169895
0.40168247
0.40166944
0.40166026
0.40165487
0.4016526
0.40165222
0.40165222
0.40165085
0.40164676
0.40163916
0.4016277
0.40161276
0.4015951
0.40157592
0.40155628
0.40153742
0.40152016
0.40150553
0.40149453
0.40148792
0.40148658
0.40149078
0.40150058
0.40151596
0.40153643
0.40156108
0.40158877
0.40161833
0.4016482
0.40167674
0.40170226
0.40172336
0.40173915
0.4017491
0.40175343
0.4017525
0.4017473
0.401739
0.40172878
0.40171757
0.4017061
0.40169486
0.40168422
0.40167454
0.40166605
0.40165895
0.4016536
0.40165007
0.401649
0.40165058
0.40165508
0.40166235
0.401672
0.40168342
0.40169585
0.40170836
0.40172002
0.4017296
0.40173584
0.40173784
0.40173486
0.40172696
0.40171432
0.40169778
0.4016785
0.40165803
0.4016378
0.4016193
0.40160355
0.4015916
0.40158397
0.4015809
0.40158212
0.40158692
0.4015941
0.40160218
0.40160963
0.4016151
0.4016178
0.40161732
0.40161356
0.40160695
0.40159836
0.4015883
0.4015773
0.40156588
0.40155458
0.40154403
0.40153474
0.4015268
0.40152025
0.40151468
0.40151015
0.40150648
0.40150368
0.40150177
0.40150097
0.40150136
0.40150297
0.40150607
0.40151045
0.40151566
0.40152144
0.40152723
0.40153286
0.40153885
0.40154576
0.4015543
0.40156475
0.40157717
0.4015913
0.40160647
0.40162212
0.4016376
0.40165225
0.401665
0.40167493
0.40168133
0.40168422
0.40168405
0.401682
0.4016796
0.40167847
0.4016798
0.4016843
0.4016923
0.40170318
0.40171623
0.40173018
0.40174398
0.4017566
0.40176755
0.4017765
0.40178347
0.40178886
0.40179276
0.40179542
0.40179655
0.40179563
0.40179217
0.40178585
0.4017768
0.40176532
0.4017521
0.40173793
0.40172347
0.4017093
0.40169564
0.40168253
0.40166962
0.40165702
0.40164465
0.40163285
0.40162194
0.4016121
0.4016035
0.4015961
0.40159023
0.40158653
0.4015858
0.40158877
0.40159613
0.401608
0.40162423
0.4016439
0.40166587
0.40168858
0.40171048
0.4017299
0.40174565
0.40175658
0.40176204
0.40176186
0.40175635
0.4017461
0.40173227
0.40171626
0.40169966
0.4016839
0.4016703
0.40165976
0.4016528
0.40164948
0.40164945
0.40165204
0.40165672
0.40166298
0.40167016
0.40167764
0.4016846
0.40169019
0.40169373
0.40169483
0.40169328
0.40168956
0.40168437
0.40167877
0.4016738
0.40167052
0.40166962
0.401671
0.40167427
0.40167868
0.40168327
0.40168738
0.4016908
0.40169367
0.40169615
0.40169844
0.40170044
0.4017018
0.40170223
0.4017016
0.40169984
0.401697
0.4016931
0.401688
0.4016816
0.40167364
0.40166438
0.40165403
0.40164325
0.4016327
0.4016232
0.4016152
0.40160924
0.40160555
0.4016039
0.40160424
0.40160644
0.40160993
0.40161398
0.4016176
0.4016196
0.40161934
0.40161636
0.401611
0.40160397
0.40159628
0.40158913
0.40158325
0.40157956
0.4015787
0.4015812
0.4015874
0.40159705
0.40160993
0.4016252
0.40164226
0.4016604
0.40167874
0.4016961
0.4017111
0.40172252
0.40172952
0.4017314
0.40172812
0.40172
0.40170774
0.40169248
0.40167543
0.40165752
0.40163958
0.40162244
0.40160674
0.40159282
0.40158093
0.40157083
0.40156206
0.40155444
0.4015478
0.4015421
0.40153748
0.40153378
0.40153098
0.4015287
0.40152672
0.40152466
0.4015222
0.40151924
0.40151584
0.40151235
0.40150926
0.40150714
0.40150654
0.40150777
0.40151134
0.40151766
0.40152705
0.40153942
0.4015548
0.40157261
0.4015921
0.40161246
0.40163267
0.40165204
0.40167007
0.40168628
0.40170062
0.4017125
0.4017216
0.40172735
0.40172932
0.40172714
0.4017209
0.4017107
0.40169713
0.40168053
0.40166205
0.40164274
0.40162396
0.40160698
0.4015926
0.40158153
0.40157402
0.40157
0.40156922
0.40157145
0.40157643
0.401584
0.40159366
0.40160474
0.4016162
0.4016267
0.40163505
0.40164018
0.4016416
0.4016391
0.40163288
0.40162352
0.40161195
0.40159923
0.40158632
0.40157402
0.40156287
0.4015532
0.40154505
0.4015384
0.40153304
0.40152875
0.4015251
0.40152168
0.40151775
0.4015129
0.4015072
0.40150106
0.40149555
0.40149158
0.40149018
0.40149188
0.40149724
0.4015064
0.40151912
0.401535
0.40155342
0.4015733
0.4015936
0.40161294
0.40163034
0.4016446
0.40165493
0.4016609
0.4016623
0.4016593
0.40165263
0.4016431
0.40163165
0.40161946
0.40160757
0.40159693
0.40158838
0.4015824
0.40157923
0.40157863
0.4015802
0.40158343
0.4015876
0.40159214
0.40159667
0.401601
0.4016051
0.40160912
0.40161362
0.40161946
0.40162778
0.40163943
0.40165505
0.40167457
0.40169755
0.4017228
0.40174899
0.40177467
0.4017985
0.40181917
0.40183562
0.40184703
0.40185297
0.40185338
0.40184855
0.40183908
0.4018258
0.40181002
0.40179303
0.40177655
0.40176216
0.40175122
0.40174475
0.4017431
0.40174595
0.40175256
0.40176168
0.40177202
0.40178224
0.40179077
0.4017966
0.40179908
0.40179777
0.4017929
0.40178484
0.4017745
0.40176308
0.40175176
0.40174183
0.4017347
0.40173128
0.40173224
0.40173766
0.4017471
0.40175992
0.40177482
0.40179077
0.4018066
0.4018213
0.40183404
0.40184405
0.40185064
0.40185344
0.40185216
0.40184662
0.40183687
0.40182355
0.4018075
0.40178984
0.40177196
0.4017553
0.4017412
0.40173075
0.40172473
0.40172312
0.4017258
0.40173164
0.4017392
0.40174696
0.40175343
0.40175736
0.40175796
0.40175462
0.40174744
0.40173686
0.40172374
0.40170917
0.40169442
0.40168062
0.4016687
0.40165913
0.40165204
0.40164745
0.40164503
0.40164447
0.4016453
0.40164715
0.40164945
0.40165162
0.40165323
0.40165395
0.40165365
0.40165254
0.40165085
0.401649
0.40164718
0.4016459
0.40164548
0.40164608
0.40164715
0.40164796
0.40164733
0.40164408
0.40163758
0.40162745
0.40161407
0.40159822
0.40158108
0.40156397
0.40154788
0.4015337
0.40152195
0.40151277
0.40150595
0.40150127
0.40149844
0.40149716
0.40149742
0.4014994
0.4015032
0.40150923
0.40151766
0.4015285
0.40154147
0.4015561
0.4015716
0.40158695
0.40160102
0.40161267
0.40162086
0.4016247
0.40162387
0.4016185
0.4016092
0.401597
0.4015829
0.40156808
0.4015538
0.40154096
0.4015303
0.40152195
0.40151578
0.40151152
0.40150875
0.4015072
0.40150672
0.4015073
0.40150905
0.4015123
0.40151742
0.40152442
0.40153354
0.40154463
0.4015573
0.40157112
0.40158555
0.40160003
0.4016144
0.40162814
0.40164077
0.4016519
0.4016611
0.40166825
0.4016737
0.40167785
0.40168083
0.40168285
0.4016838
0.40168375
0.40168276
0.4016812
0.4016799
0.4016794
0.40168026
0.4016826
0.4016861
0.40169033
0.4016947
0.40169865
0.40170166
0.40170312
0.4017024
0.40169924
0.4016937
0.40168625
0.40167794
0.40167007
0.40166402
0.40166092
0.40166143
0.40166545
0.4016725
0.40168154
0.4016911
0.40169927
0.4017047
0.4017063
0.4017037
0.40169716
0.40168753
0.40167654
0.40166578
0.4016574
0.40165308
0.4016541
0.40166113
0.40167424
0.40169275
0.40171555
0.40174097
0.40176713
0.40179217
0.40181458
0.40183312
0.40184712
0.40185615
0.40186024
0.40185955
0.40185428
0.4018449
0.40183184
0.40181577
0.4017973
0.40177706
0.40175572
0.4017341
0.40171322
0.401694
0.4016774
0.4016644
0.40165552
0.40165108
0.4016507
0.40165362
0.4016588
0.4016647
0.4016699
0.40167287
0.40167263
0.40166843
0.40166005
0.4016477
0.4016321
0.4016143
0.4015956
0.40157703
0.40155956
0.40154386
0.40152988
0.40151757
0.40150645
0.40149656
0.4014881
0.40148163
0.40147766
0.40147683
0.40147966
0.40148625
0.40149647
0.40150982
0.40152547
0.40154257
0.40156034
0.40157837
0.4015965
0.4016149
0.40163368
0.4016527
0.40167138
0.40168872
0.40170375
0.4017155
0.40172327
0.40172672
0.401726
0.40172178
0.40171468
0.40170595
0.4016966
0.40168774
0.4016805
0.40167567
0.40167364
0.40167457
0.40167817
0.4016837
0.40169019
0.40169623
0.40170076
0.40170255
0.40170076
0.40169483
0.40168437
0.4016696
0.40165085
0.4016291
0.4016055
0.4015813
0.40155774
0.40153593
0.40151677
0.40150097
0.40148887
0.4014806
0.401476
0.40147486
0.40147677
0.401481
0.4014872
0.40149483
0.4015036
0.40151337
0.401524
0.40153515
0.40154654
0.4015578
0.40156886
0.40157983
0.40159088
0.4016019
0.40161252
0.40162215
0.40163013
0.40163565
0.40163848
0.4016385
0.4016365
0.40163353
0.40163058
0.4016285
0.40162784
0.4016285
0.40163043
0.4016334
0.40163732
0.40164217
0.40164787
0.401654
0.4016599
0.40166444
0.40166664
0.4016657
0.40166113
0.40165332
0.40164298
0.40163153
0.40162036
0.40161076
0.4016041
0.40160108
0.40160254
0.4016086
0.40161896
0.40163276
0.4016489
0.40166587
0.40168196
0.40169558
0.40170556
0.4017113
0.40171263
0.40171015
0.4017048
0.40169775
0.40169024
0.4016831
0.40167654
0.4016704
0.40166378
0.4016557
0.4016453
0.40163207
0.40161613
0.40159813
0.4015794
0.40156123
0.40154502
0.4015319
0.4015228
0.4015181
0.40151802
0.4015221
0.40152985
0.40154022
0.40155223
0.40156463
0.40157616
0.40158564
0.4015919
0.4015941
0.40159193
0.4015855
0.40157554
0.40156317
0.40154976
0.40153643
0.4015244
0.4015144
0.4015069
0.40150204
0.40149963
0.4014994
0.40150085
0.40150374
0.40150777
0.40151262
0.40151817
0.40152422
0.4015308
0.40153784
0.4015453
0.4015534
0.4015625
0.40157324
0.40158597
0.4016008
0.40161768
0.40163597
0.4016552
0.40167457
0.4016936
0.4017118
0.4017285
0.40174285
0.40175405
0.4017611
0.4017638
0.40176204
0.4017565
0.4017482
0.40173864
0.40172943
0.4017221
0.40171796
0.40171796
0.4017227
0.4017321
0.4017455
0.4017622
0.40178108
0.40180096
0.40182123
0.40184146
0.4018618
0.40188286
0.40190598
0.40193298
0.4019671
0.40201256
0.40207565
0.4021652
0.40229335
0.4024766
0.40273923
0.40311125
0.4036334
0.40436247
0.4053754
0.40677723
0.40870926
0.41139105
0.4150477
0.4199885
0.4266857
0.4357851
0.44789857
