0.44257852
0.43207276
0.42418876
0.41824886
0.41380998
0.41052818
0.40811947
0.40634388
0.40504044
0.40409008
0.40339577
0.40288875
0.40251803
0.40224627
0.4020463
0.40189874
0.40178972
0.40170917
0.40164986
0.40160623
0.4015741
0.4015501
0.40153152
0.40151623
0.40150267
0.40149033
0.4014789
0.40146863
0.40146005
0.4014536
0.4014501
0.40145022
0.40145433
0.40146288
0.40147582
0.40149277
0.40151316
0.40153578
0.4015595
0.401583
0.40160474
0.40162328
0.40163773
0.40164733
0.4016518
0.40165117
0.4016459
0.40163657
0.40162444
0.40161073
0.4015967
0.4015834
0.4015717
0.40156212
0.40155488
0.40155026
0.4015483
0.4015492
0.40155286
0.4015591
0.4015675
0.40157732
0.4015878
0.40159783
0.40160656
0.40161362
0.40161872
0.40162215
0.401624
0.40162438
0.40162322
0.40162048
0.40161613
0.40161046
0.40160364
0.40159592
0.40158707
0.40157717
0.40156624
0.4015547
0.40154353
0.40153354
0.40152588
0.40152147
0.40152088
0.4015244
0.4015319
0.40154302
0.40155694
0.40157282
0.40158927
0.40160528
0.40161943
0.40163055
0.4016376
0.40164003
0.40163755
0.40163073
0.4016205
0.40160826
0.4015955
0.40158358
0.40157384
0.40156725
0.40156463
0.40156633
0.40157232
0.4015823
0.40159556
0.40161133
0.40162858
0.40164635
0.40166348
0.4016791
0.40169215
0.40170214
0.40170896
0.40171286
0.40171453
0.40171462
0.40171367
0.4017118
0.4017088
0.4017043
0.40169793
0.40168956
0.4016794
0.40166798
0.4016563
0.40164503
0.4016349
0.40162644
0.40162003
0.4016156
0.401613
0.40161207
0.40161297
0.4016158
0.40162125
0.40162966
0.40164125
0.40165564
0.401672
0.40168914
0.40170547
0.40171972
0.40173063
0.40173757
0.40174043
0.40173966
0.4017363
0.401732
0.40172842
0.40172714
0.40172943
0.40173578
0.40174606
0.40175948
0.4017746
0.4017898
0.40180352
0.40181425
0.40182093
0.40182295
0.40181997
0.40181205
0.4017995
0.4017831
0.40176392
0.40174353
0.4017233
0.40170473
0.40168884
0.4016762
0.40166706
0.40166143
0.4016588
0.40165898
0.40166178
0.40166727
0.40167567
0.40168732
0.40170267
0.40172288
0.4017497
0.4017861
0.401836
0.40190497
0.4020006
0.4021335
0.40231913
0.40258127
0.402949
0.40346482
0.40418693
0.4051943
0.40659398
0.40852818
0.41121793
0.41488746
0.41984573
0.42656547
0.43568972
0.4478292
