0.4426056
0.43211403
0.42424923
0.41833407
0.41392463
0.41067606
0.40830052
0.40655673
0.40528324
0.40435943
0.40368888
0.40320334
0.40285215
0.40259758
0.4024117
0.40227416
0.40216988
0.40208814
0.40202105
0.40196335
0.4019116
0.40186384
0.40181944
0.40177834
0.40174133
0.40170932
0.40168285
0.4016623
0.40164727
0.40163672
0.4016295
0.4016243
0.4016202
0.4016166
0.4016133
0.4016101
0.40160736
0.401605
0.4016031
0.40160182
0.4016012
0.40160152
0.40160325
0.40160713
0.40161356
0.4016227
0.40163428
0.40164736
0.40166077
0.40167278
0.401682
0.40168718
0.40168738
0.4016824
0.40167236
0.401658
0.40164027
0.4016202
0.40159878
0.40157703
0.4015554
0.40153462
0.40151492
0.40149653
0.40147963
0.40146446
0.40145105
0.40143955
0.40143022
0.40142325
0.40141904
0.4014178
0.40141955
0.40142438
0.4014322
0.40144262
0.40145558
0.40147048
0.4014869
0.4015041
0.40152168
0.40153956
0.40155768
0.40157604
0.40159452
0.40161276
0.4016302
0.40164632
0.40166083
0.40167356
0.4016844
0.40169343
0.40170044
0.40170503
0.40170684
0.40170568
0.40170172
0.40169564
0.40168858
0.40168187
0.40167695
0.40167502
0.40167674
0.40168226
0.40169108
0.40170187
0.40171316
0.40172315
0.4017302
0.40173322
0.40173182
0.40172607
0.40171695
0.40170598
0.401695
0.40168586
0.40167978
0.40167785
0.4016802
0.40168646
0.40169567
0.40170628
0.40171668
0.40172526
0.40173048
0.40173134
0.40172732
0.40171844
0.40170515
0.40168834
0.40166947
0.40165016
0.40163207
0.40161666
0.4016049
0.40159726
0.40159374
0.40159392
0.40159726
0.40160257
0.40160868
0.4016143
0.40161863
0.4016214
0.40162307
0.40162438
0.40162647
0.40163046
0.40163735
0.40164787
0.40166244
0.40168133
0.40170476
0.40173334
0.40176845
0.40181246
0.4018695
0.40194553
0.40204903
0.40219173
0.40238968
0.40266618
0.40304992
0.40358183
0.404319
0.40533844
0.4067458
0.40868258
0.41136894
0.41502964
0.41997418
0.4266751
0.43577734
0.44789317
