0.44264832
0.43216318
0.42429554
0.41836703
0.41393328
0.410649
0.40822977
0.4064365
0.4051098
0.4041336
0.4034133
0.40288278
0.402493
0.4022077
0.40200025
0.40185097
0.40174547
0.40167364
0.40162772
0.40160212
0.40159252
0.40159568
0.4016089
0.4016301
0.40165716
0.40168825
0.4017215
0.4017551
0.40178743
0.40181732
0.40184394
0.40186673
0.40188548
0.40190014
0.40191084
0.40191764
0.4019208
0.40192047
0.40191707
0.40191072
0.40190193
0.40189102
0.40187845
0.4018651
0.40185234
0.40184233
0.40183797
0.40184325
0.40186325
0.4019046
0.40197584
0.40208846
0.4022581
0.40250847
0.40286887
0.4033806
0.40410107
0.4051083
0.4065085
0.40844366
0.4111351
0.41480738
0.4197705
0.4264981
0.43563375
0.44778758
