0.44261864
0.4321252
0.4242518
0.41832048
0.41388765
0.41060862
0.40819904
0.40642014
0.4051121
0.4041578
0.4034616
0.40295625
0.40259114
0.40232873
0.4021405
0.4020051
0.40190688
0.4018345
0.40177986
0.40173772
0.40170425
0.40167704
0.40165433
0.4016349
0.40161756
0.40160158
0.40158638
0.40157172
0.4015579
0.40154538
0.40153474
0.4015264
0.40152073
0.40151775
0.40151727
0.4015188
0.40152168
0.40152508
0.40152887
0.4015327
0.4015373
0.40154335
0.4015518
0.40156317
0.40157768
0.40159503
0.4016144
0.40163463
0.4016541
0.40167144
0.4016855
0.401696
0.40170288
0.40170708
0.40170974
0.4017123
0.40171638
0.40172315
0.40173307
0.4017461
0.40176138
0.40177748
0.40179306
0.40180662
0.40181717
0.4018241
0.40182725
0.4018268
0.40182352
0.40181822
0.40181196
0.40180606
0.4018012
0.4017977
0.4017955
0.4017943
0.40179387
0.40179417
0.40179557
0.40179855
0.4018038
0.401812
0.40182343
0.40183774
0.40185395
0.40187064
0.40188637
0.40189973
0.4019093
0.4019139
0.40191275
0.40190518
0.40189096
0.40187034
0.40184388
0.40181264
0.4017781
0.40174228
0.40170714
0.40167472
0.40164676
0.40162462
0.4016091
0.4016005
0.4015987
0.40160283
0.401612
0.40162474
0.40163937
0.40165383
0.4016663
0.40167534
0.40167993
0.40167996
0.40167585
0.40166834
0.40165845
0.40164718
0.40163547
0.40162385
0.40161264
0.40160218
0.40159264
0.40158442
0.40157795
0.4015737
0.40157208
0.40157348
0.40157777
0.40158436
0.40159246
0.40160102
0.40160903
0.40161583
0.40162134
0.40162575
0.4016293
0.40163207
0.40163377
0.40163386
0.40163156
0.40162626
0.4016177
0.4016062
0.40159264
0.40157837
0.40156502
0.4015542
0.40154722
0.4015449
0.40154788
0.40155625
0.40157008
0.40158904
0.4016127
0.4016406
0.40167263
0.40170783
0.40174526
0.4017835
0.40182096
0.4018562
0.40188804
0.40191555
0.4019383
0.40195596
0.4019684
0.40197563
0.4019777
0.40197465
0.4019665
0.40195364
0.40193617
0.40191472
0.40189028
0.40186387
0.40183714
0.4018117
0.40178934
0.40177158
0.40175948
0.4017536
0.4017537
0.40175885
0.40176755
0.40177816
0.40178895
0.40179837
0.40180504
0.40180805
0.40180674
0.40180078
0.4017901
0.4017752
0.40175658
0.4017354
0.40171304
0.40169114
0.40167114
0.40165448
0.40164188
0.4016337
0.40162987
0.4016297
0.40163216
0.4016361
0.40164018
0.4016436
0.40164572
0.40164626
0.40164503
0.40164185
0.40163624
0.40162814
0.4016174
0.4016042
0.4015891
0.40157312
0.40155712
0.40154213
0.40152872
0.40151733
0.40150824
0.40150136
0.4014965
0.40149328
0.40149134
0.40149006
0.40148908
0.40148795
0.40148684
0.40148613
0.40148622
0.40148726
0.4014893
0.40149203
0.4014951
0.40149802
0.40150043
0.40150246
0.40150437
0.40150693
0.40151113
0.40151784
0.40152782
0.40154165
0.4015594
0.40158075
0.401605
0.40163085
0.40165672
0.4016809
0.40170145
0.40171722
0.40172732
0.40173188
0.4017314
0.40172714
0.4017207
0.40171367
0.4017075
0.40170336
0.40170166
0.40170267
0.40170598
0.4017108
0.40171623
0.40172127
0.40172544
0.40172848
0.40173054
0.4017321
0.40173358
0.40173534
0.40173763
0.4017404
0.4017434
0.40174592
0.40174696
0.4017454
0.40174022
0.4017308
0.4017168
0.40169832
0.40167588
0.40165064
0.40162393
0.4015972
0.40157196
0.40154946
0.4015307
0.4015162
0.40150604
0.40149978
0.4014968
0.40149626
0.40149724
0.40149906
0.40150133
0.40150413
0.40150768
0.40151227
0.40151823
0.4015259
0.40153542
0.40154678
0.40155998
0.40157494
0.4015916
0.40160945
0.40162787
0.40164605
0.40166312
0.40167803
0.40169019
0.40169924
0.40170538
0.40170905
0.40171075
0.40171102
0.40171045
0.4017097
0.40170926
0.4017094
0.40171042
0.40171248
0.4017156
0.40171975
0.40172422
0.40172833
0.40173087
0.4017308
0.40172732
0.40171972
0.40170798
0.4016926
0.4016743
0.40165454
0.40163475
0.40161636
0.40160048
0.4015878
0.40157855
0.40157282
0.40157026
0.40157044
0.40157232
0.40157512
0.40157783
0.40158
0.4015815
0.40158248
0.4015832
0.40158367
0.40158367
0.40158278
0.40158072
0.40157726
0.40157264
0.40156746
0.40156257
0.40155882
0.40155688
0.40155733
0.40156022
0.40156573
0.40157384
0.40158474
0.40159872
0.40161598
0.4016364
0.4016594
0.40168405
0.40170902
0.40173277
0.40175393
0.40177134
0.4017842
0.401792
0.40179467
0.40179226
0.40178525
0.40177447
0.40176097
0.40174615
0.40173125
0.40171725
0.40170467
0.4016938
0.4016845
0.4016768
0.40167102
0.40166777
0.40166765
0.40167132
0.4016788
0.40168968
0.401703
0.40171736
0.40173107
0.40174258
0.40175062
0.40175438
0.40175387
0.40174967
0.4017429
0.40173492
0.40172705
0.40172023
0.4017147
0.40171015
0.4017061
0.40170148
0.4016955
0.4016877
0.40167817
0.40166736
0.40165615
0.4016458
0.4016372
0.40163097
0.4016272
0.40162557
0.4016253
0.4016255
0.40162504
0.40162343
0.40162048
0.40161663
0.40161252
0.40160868
0.40160537
0.40160263
0.40159985
0.4015964
0.40159148
0.40158463
0.40157568
0.40156487
0.40155295
0.40154037
0.4015279
0.40151596
0.40150502
0.40149522
0.4014869
0.40148053
0.40147677
0.40147606
0.4014789
0.4014852
0.40149492
0.40150768
0.40152285
0.40154004
0.40155846
0.40157732
0.40159634
0.4016154
0.40163478
0.40165442
0.40167418
0.4016933
0.401711
0.4017264
0.4017389
0.4017485
0.4017554
0.4017602
0.4017637
0.40176684
0.40176997
0.4017734
0.40177655
0.40177888
0.4017797
0.40177867
0.40177593
0.40177166
0.40176666
0.4017617
0.4017576
0.4017547
0.4017531
0.40175253
0.40175256
0.40175286
0.40175343
0.4017542
0.4017553
0.40175673
0.40175828
0.4017598
0.4017611
0.40176213
0.40176293
0.4017636
0.4017644
0.40176556
0.4017672
0.40176904
0.40177053
0.401771
0.40176958
0.40176588
0.40175992
0.40175197
0.40174255
0.4017324
0.40172172
0.40171084
0.40169993
0.40168914
0.4016785
0.40166843
0.40165937
0.4016518
0.4016459
0.40164155
0.40163824
0.40163565
0.40163326
0.4016309
0.40162858
0.40162656
0.40162522
0.40162495
0.4016262
0.4016293
0.40163472
0.40164256
0.40165263
0.4016644
0.40167725
0.40169036
0.4017031
0.40171495
0.4017258
0.40173575
0.40174487
0.40175277
0.40175894
0.4017624
0.4017623
0.4017578
0.40174824
0.40173373
0.4017147
0.4016923
0.40166765
0.4016426
0.40161848
0.4015969
0.40157896
0.40156546
0.40155706
0.401554
0.4015561
0.401563
0.40157378
0.40158755
0.40160304
0.40161896
0.40163428
0.40164825
0.4016607
0.40167168
0.4016813
0.4016895
0.4016961
0.40170056
0.40170243
0.40170124
0.40169692
0.40168995
0.40168107
0.40167162
0.4016629
0.40165585
0.4016514
0.40164992
0.40165162
0.40165642
0.40166384
0.4016731
0.40168312
0.40169284
0.40170097
0.40170687
0.40171018
0.40171093
0.40170962
0.40170693
0.4017039
0.4017013
0.4017
0.4017007
0.40170386
0.40170997
0.40171915
0.40173116
0.40174535
0.4017606
0.40177563
0.4017892
0.40180022
0.4018078
0.4018113
0.40181017
0.4018042
0.40179372
0.40177903
0.40176105
0.40174115
0.40172094
0.40170196
0.4016859
0.4016739
0.40166667
0.40166417
0.40166572
0.40166995
0.40167528
0.4016796
0.4016812
0.40167907
0.40167236
0.40166128
0.40164632
0.40162846
0.40160918
0.40158966
0.40157107
0.401554
0.4015388
0.40152544
0.40151364
0.4015033
0.4014943
0.401487
0.40148178
0.40147907
0.40147898
0.40148157
0.4014866
0.4014937
0.40150252
0.40151286
0.4015246
0.40153778
0.4015523
0.401568
0.40158442
0.40160075
0.40161586
0.40162855
0.4016377
0.40164268
0.40164328
0.40163994
0.4016337
0.40162575
0.40161756
0.40161046
0.40160543
0.40160334
0.40160468
0.40160948
0.40161765
0.40162846
0.40164104
0.4016541
0.40166646
0.40167713
0.4016851
0.40168938
0.4016895
0.40168542
0.4016774
0.40166605
0.40165222
0.40163672
0.40162066
0.4016051
0.40159118
0.40157983
0.40157187
0.40156767
0.40156746
0.40157118
0.40157846
0.40158862
0.40160066
0.40161335
0.40162534
0.40163562
0.4016435
0.40164897
0.40165237
0.4016545
0.40165612
0.40165785
0.40165997
0.4016623
0.4016644
0.40166584
0.40166637
0.40166605
0.40166548
0.40166533
0.4016663
0.40166876
0.40167263
0.40167725
0.40168157
0.40168422
0.40168428
0.40168107
0.40167454
0.40166518
0.40165392
0.40164196
0.40163037
0.4016202
0.40161195
0.4016062
0.4016034
0.40160385
0.401608
0.40161613
0.40162826
0.4016444
0.4016642
0.40168723
0.4017128
0.4017397
0.40176645
0.40179157
0.40181357
0.40183115
0.40184322
0.4018489
0.40184778
0.40183985
0.40182534
0.401805
0.4017797
0.4017509
0.4017198
0.40168828
0.40165788
0.4016299
0.40160558
0.4015858
0.40157124
0.40156224
0.40155882
0.4015609
0.40156817
0.40157992
0.40159535
0.40161327
0.40163264
0.40165207
0.4016709
0.40168855
0.40170485
0.40172
0.40173396
0.40174678
0.4017583
0.40176827
0.40177616
0.40178123
0.40178287
0.40178087
0.4017753
0.4017665
0.40175524
0.40174198
0.40172735
0.40171164
0.40169492
0.40167725
0.4016584
0.4016384
0.4016174
0.40159595
0.4015747
0.40155447
0.4015359
0.40151954
0.40150553
0.4014941
0.40148515
0.4014788
0.40147513
0.40147433
0.40147644
0.40148154
0.40148985
0.4015015
0.4015167
0.4015356
0.40155822
0.40158427
0.40161294
0.40164337
0.4016744
0.40170455
0.40173253
0.4017571
0.4017771
0.40179178
0.40180036
0.40180257
0.40179834
0.4017882
0.40177307
0.40175426
0.40173355
0.40171278
0.40169406
0.40167913
0.40166926
0.40166512
0.40166664
0.40167338
0.40168422
0.40169778
0.4017126
0.40172747
0.40174192
0.40175548
0.4017686
0.40178147
0.40179455
0.4018082
0.40182248
0.40183672
0.4018502
0.40186214
0.40187183
0.40187883
0.40188283
0.40188372
0.4018815
0.4018762
0.40186796
0.4018569
0.40184328
0.40182745
0.40180996
0.40179157
0.4017733
0.40175608
0.40174103
0.40172884
0.4017198
0.40171385
0.40171075
0.40171006
0.4017116
0.4017154
0.40172145
0.4017296
0.4017395
0.40175042
0.40176147
0.40177184
0.401781
0.40178895
0.40179607
0.40180317
0.4018112
0.40182093
0.40183344
0.40185025
0.40187374
0.40190768
0.40195787
0.402033
0.40214536
0.40231216
0.40255877
0.40291643
0.40342748
0.4041501
0.40516225
0.40656945
0.4085125
0.41121137
0.41488814
0.41985154
0.4265745
0.43569893
0.44783667
