0.4426789
0.4322066
0.42435423
0.41844445
0.41403311
0.4107757
0.40838557
0.40662345
0.40532926
0.40438446
0.4036935
0.40318933
0.4028219
0.4025541
0.4023585
0.40221506
0.40210912
0.40202984
0.40196943
0.40192208
0.4018838
0.4018519
0.4018244
0.40180027
0.40177897
0.40176034
0.401745
0.4017335
0.40172628
0.40172338
0.40172443
0.40172845
0.40173396
0.40173963
0.40174407
0.40174642
0.40174603
0.40174276
0.40173694
0.40172914
0.40172017
0.4017108
0.40170163
0.4016931
0.40168506
0.4016773
0.40166962
0.40166196
0.40165433
0.40164673
0.40163898
0.40163076
0.40162197
0.4016127
0.40160322
0.401594
0.4015853
0.4015774
0.40157053
0.4015647
0.40156028
0.40155727
0.40155563
0.40155524
0.40155572
0.401557
0.40155914
0.40156257
0.4015676
0.4015744
0.40158278
0.40159228
0.40160194
0.40161082
0.40161818
0.40162355
0.40162706
0.40162918
0.4016309
0.40163293
0.4016358
0.40163982
0.40164512
0.40165144
0.40165854
0.40166605
0.40167382
0.4016819
0.40169004
0.40169793
0.4017052
0.4017115
0.4017165
0.40172035
0.40172333
0.4017257
0.4017274
0.40172842
0.4017281
0.4017259
0.40172112
0.40171316
0.40170187
0.40168744
0.40167072
0.40165275
0.4016349
0.4016186
0.4016048
0.4015943
0.40158767
0.40158495
0.40158612
0.4015907
0.40159792
0.401607
0.40161687
0.40162674
0.4016356
0.4016426
0.40164718
0.40164918
0.4016489
0.4016473
0.40164557
0.4016451
0.40164727
0.40165284
0.40166226
0.40167508
0.40169027
0.40170628
0.40172118
0.4017333
0.40174142
0.401745
0.40174416
0.40173978
0.40173313
0.40172586
0.40171957
0.4017155
0.4017143
0.40171608
0.4017204
0.40172622
0.4017326
0.4017385
0.4017433
0.4017466
0.4017482
0.40174833
0.40174687
0.4017437
0.40173838
0.40173057
0.40172
0.40170667
0.40169117
0.40167454
0.4016579
0.4016426
0.40162957
0.4016196
0.40161294
0.40160945
0.40160877
0.40161029
0.4016132
0.40161657
0.40161943
0.40162113
0.40162152
0.40162072
0.4016194
0.4016183
0.40161818
0.40161973
0.4016234
0.4016296
0.4016384
0.40164945
0.40166217
0.40167567
0.40168884
0.40170088
0.40171096
0.40171903
0.40172508
0.40172926
0.40173158
0.40173212
0.40173057
0.40172657
0.4017196
0.4017097
0.40169683
0.40168166
0.40166485
0.40164718
0.4016298
0.40161374
0.40159997
0.4015892
0.40158197
0.40157813
0.4015776
0.40157983
0.4015845
0.40159097
0.40159884
0.40160787
0.40161774
0.40162858
0.40164068
0.40165403
0.4016685
0.40168336
0.40169743
0.40170965
0.4017185
0.40172324
0.40172315
0.4017181
0.40170863
0.40169564
0.4016801
0.40166295
0.40164495
0.40162635
0.4016075
0.4015883
0.401569
0.4015499
0.40153173
0.40151498
0.40150023
0.40148774
0.4014778
0.40147042
0.40146548
0.40146258
0.40146157
0.40146232
0.40146473
0.40146872
0.40147403
0.40148026
0.401487
0.40149382
0.40150025
0.40150568
0.40150985
0.4015123
0.40151307
0.40151253
0.40151095
0.40150887
0.40150672
0.4015049
0.40150377
0.40150374
0.40150487
0.40150693
0.40150976
0.40151298
0.4015162
0.40151936
0.4015227
0.4015264
0.40153074
0.40153587
0.40154165
0.40154797
0.40155447
0.4015611
0.40156788
0.40157476
0.40158212
0.40158987
0.40159786
0.40160564
0.4016125
0.40161753
0.40162024
0.40162054
0.40161884
0.40161613
0.4016134
0.40161192
0.40161225
0.40161458
0.4016184
0.40162274
0.40162647
0.4016282
0.4016274
0.40162367
0.40161774
0.40161058
0.40160358
0.40159798
0.401595
0.40159553
0.4016001
0.40160877
0.40162107
0.40163615
0.40165263
0.40166897
0.4016834
0.40169457
0.40170136
0.40170345
0.4017009
0.4016943
0.4016843
0.4016721
0.40165833
0.40164357
0.40162817
0.40161258
0.4015971
0.40158212
0.40156776
0.40155435
0.40154243
0.40153223
0.40152416
0.40151834
0.4015147
0.40151316
0.40151343
0.40151528
0.4015185
0.40152293
0.40152842
0.40153494
0.4015427
0.40155154
0.40156138
0.40157166
0.40158188
0.40159133
0.40159938
0.4016057
0.4016101
0.40161303
0.4016149
0.40161657
0.401619
0.401623
0.401629
0.40163702
0.40164673
0.4016573
0.401668
0.4016778
0.40168628
0.40169328
0.40169898
0.4017037
0.40170765
0.4017111
0.40171427
0.40171698
0.40171924
0.40172118
0.40172318
0.40172586
0.40172988
0.40173563
0.40174302
0.40175176
0.40176097
0.40177
0.40177765
0.40178287
0.40178484
0.4017829
0.40177727
0.40176812
0.40175644
0.4017431
0.40172935
0.40171614
0.40170428
0.40169367
0.40168405
0.40167424
0.40166333
0.40165076
0.40163618
0.40162003
0.40160295
0.40158582
0.40156943
0.40155435
0.40154123
0.40153006
0.4015209
0.40151367
0.40150833
0.40150467
0.40150282
0.40150258
0.40150422
0.40150785
0.40151337
0.40152073
0.4015293
0.40153864
0.40154797
0.40155697
0.4015654
0.4015734
0.4015809
0.4015881
0.4015952
0.40160254
0.40161073
0.40162006
0.4016306
0.40164188
0.4016528
0.4016623
0.40166888
0.40167165
0.40167013
0.40166453
0.4016554
0.40164396
0.40163156
0.40161943
0.40160877
0.40160048
0.4015948
0.40159193
0.40159136
0.40159237
0.40159398
0.40159518
0.40159476
0.40159202
0.4015865
0.4015784
0.40156806
0.40155607
0.40154332
0.40153039
0.40151808
0.401507
0.4014976
0.40149045
0.40148583
0.4014838
0.401484
0.4014859
0.40148884
0.40149218
0.40149584
0.4015
0.40150493
0.40151116
0.40151918
0.40152928
0.4015418
0.40155676
0.4015743
0.4015945
0.4016173
0.40164214
0.4016684
0.40169504
0.4017209
0.40174493
0.40176636
0.4017844
0.4017984
0.40180779
0.4018119
0.40181017
0.40180224
0.40178806
0.40176776
0.40174213
0.40171236
0.40168014
0.40164754
0.4016165
0.40158904
0.40156636
0.40154913
0.40153745
0.40153116
0.40152946
0.40153155
0.40153638
0.40154284
0.40155026
0.4015582
0.40156683
0.40157673
0.40158856
0.40160263
0.401619
0.40163767
0.4016582
0.40167996
0.40170255
0.40172517
0.40174705
0.40176725
0.4017847
0.4017983
0.40180728
0.401811
0.40180928
0.40180233
0.40179077
0.4017755
0.40175763
0.40173838
0.4017188
0.40169972
0.401682
0.401666
0.40165195
0.4016399
0.40162945
0.40161985
0.40161046
0.40160066
0.4015901
0.40157887
0.40156725
0.40155593
0.40154555
0.40153685
0.4015307
0.40152752
0.40152755
0.40153068
0.4015366
0.4015449
0.401555
0.401566
0.40157667
0.40158573
0.40159175
0.40159366
0.4015911
0.40158418
0.40157357
0.40156034
0.4015454
0.40152976
0.40151402
0.40149868
0.40148386
0.40146992
0.40145698
0.4014453
0.4014353
0.40142697
0.40142056
0.40141585
0.40141287
0.40141124
0.40141073
0.40141097
0.40141174
0.401413
0.4014151
0.4014184
0.40142342
0.40143046
0.40143973
0.4014513
0.4014652
0.4014812
0.40149894
0.40151787
0.4015373
0.4015568
0.4015757
0.40159357
0.4016101
0.4016253
0.4016394
0.40165275
0.40166554
0.40167806
0.40169027
0.40170196
0.4017129
0.4017229
0.401732
0.40174055
0.4017488
0.40175706
0.40176544
0.4017735
0.40178072
0.401786
0.4017884
0.40178716
0.40178156
0.40177137
0.40175658
0.40173754
0.40171498
0.40168995
0.40166333
0.40163636
0.4016098
0.40158427
0.40156046
0.40153882
0.4015199
0.4015039
0.4014912
0.40148187
0.4014761
0.40147394
0.40147522
0.40147972
0.401487
0.4014964
0.40150723
0.40151852
0.4015295
0.4015393
0.40154755
0.40155378
0.40155804
0.40156022
0.40156066
0.40155995
0.40155864
0.40155745
0.4015567
0.40155643
0.4015564
0.4015562
0.40155542
0.40155402
0.40155202
0.40154958
0.40154725
0.40154573
0.40154582
0.401548
0.4015528
0.4015603
0.4015704
0.40158272
0.40159646
0.40161052
0.40162367
0.40163463
0.4016424
0.4016465
0.401647
0.40164426
0.40163922
0.40163267
0.40162528
0.40161765
0.40161026
0.40160334
0.40159723
0.40159225
0.40158877
0.4015867
0.4015858
0.4015856
0.4015856
0.40158513
0.4015837
0.40158087
0.40157628
0.40156993
0.40156206
0.40155336
0.40154454
0.40153626
0.40152916
0.40152347
0.40151945
0.40151677
0.4015152
0.4015145
0.40151474
0.40151596
0.40151802
0.4015208
0.4015244
0.4015287
0.40153378
0.40154016
0.40154818
0.40155804
0.40156972
0.4015829
0.4015968
0.40161076
0.40162396
0.40163594
0.4016467
0.40165636
0.40166527
0.4016737
0.40168196
0.40169
0.4016979
0.40170592
0.4017143
0.40172356
0.40173388
0.40174505
0.40175658
0.4017674
0.40177646
0.40178275
0.40178582
0.40178534
0.40178168
0.40177518
0.40176675
0.40175703
0.4017465
0.40173542
0.40172392
0.40171197
0.40169972
0.40168753
0.40167576
0.40166488
0.40165514
0.40164655
0.4016389
0.40163174
0.40162498
0.40161863
0.40161303
0.40160885
0.4016067
0.40160686
0.40160936
0.40161344
0.4016183
0.40162262
0.4016251
0.4016247
0.40162113
0.4016146
0.401606
0.40159664
0.40158793
0.40158135
0.40157822
0.4015793
0.40158555
0.40159735
0.4016149
0.40163794
0.4016658
0.4016974
0.40173122
0.40176585
0.40179983
0.40183192
0.40186092
0.4018859
0.40190607
0.40192106
0.40193057
0.4019345
0.40193304
0.40192634
0.40191483
0.4018988
0.40187857
0.40185493
0.40182868
0.40180087
0.40177265
0.401745
0.40171888
0.4016952
0.40167466
0.40165794
0.40164527
0.4016367
0.4016319
0.40163025
0.40163094
0.40163276
0.40163478
0.40163627
0.40163696
0.4016369
0.4016366
0.40163636
0.40163642
0.4016365
0.40163606
0.40163437
0.40163112
0.40162635
0.40162072
0.40161553
0.4016121
0.40161157
0.4016149
0.40162244
0.40163383
0.40164843
0.40166497
0.401682
0.40169773
0.40171066
0.4017198
0.40172467
0.4017251
0.40172178
0.40171537
0.40170684
0.40169695
0.40168643
0.40167603
0.40166646
0.40165848
0.40165237
0.4016484
0.40164602
0.40164453
0.40164283
0.40164018
0.401636
0.40163028
0.40162334
0.40161583
0.4016081
0.40160072
0.40159398
0.40158844
0.40158427
0.4015818
0.4015811
0.4015821
0.40158433
0.4015873
0.40159023
0.40159252
0.40159374
0.40159348
0.40159166
0.40158832
0.40158346
0.4015772
0.40156972
0.40156135
0.40155244
0.40154362
0.4015355
0.40152842
0.40152264
0.40151802
0.40151444
0.40151167
0.40150946
0.40150726
0.40150467
0.40150127
0.40149674
0.4014912
0.40148485
0.40147823
0.4014718
0.40146625
0.40146187
0.40145916
0.40145814
0.4014587
0.4014605
0.40146318
0.40146667
0.4014712
0.40147737
0.40148553
0.40149608
0.4015092
0.4015247
0.40154195
0.40156004
0.40157804
0.40159476
0.40160963
0.40162224
0.4016328
0.40164158
0.40164894
0.4016552
0.4016604
0.4016648
0.40166843
0.40167165
0.40167484
0.401678
0.40168074
0.40168226
0.40168166
0.401678
0.4016709
0.40166044
0.40164718
0.40163216
0.40161645
0.40160125
0.4015875
0.40157598
0.40156722
0.4015612
0.4015578
0.4015564
0.4015565
0.40155733
0.40155837
0.40155935
0.40155977
0.40155974
0.4015594
0.40155926
0.40156004
0.40156263
0.4015678
0.40157643
0.40158975
0.40160936
0.4016379
0.40167952
0.40174034
0.40182894
0.40195742
0.4021427
0.40240824
0.40278366
0.40331084
0.4040473
0.4050708
0.40648708
0.4084376
0.41114333
0.41482675
0.4197974
0.42652893
0.43566257
0.44781008
