0.44268104
0.4322097
0.4243586
0.41845062
0.41404155
0.41078696
0.40839994
0.4066411
0.4053501
0.404408
0.40371898
0.4032151
0.40284595
0.40257385
0.40237102
0.40221736
0.4020982
0.40200353
0.40192637
0.4018625
0.4018092
0.40176496
0.40172923
0.4017015
0.40168157
0.40166873
0.40166244
0.40166202
0.4016663
0.40167403
0.40168375
0.4016942
0.4017041
0.40171248
0.40171832
0.4017209
0.40171978
0.40171474
0.4017063
0.40169498
0.40168157
0.40166706
0.40165254
0.401639
0.4016273
0.40161803
0.40161148
0.4016077
0.40160653
0.40160766
0.40161115
0.40161678
0.4016243
0.40163296
0.4016417
0.40164912
0.40165377
0.4016545
0.40165085
0.40164274
0.40163088
0.40161642
0.40160096
0.40158588
0.4015727
0.40156227
0.401555
0.40155107
0.40155035
0.40155274
0.40155762
0.4015643
0.40157172
0.40157855
0.40158358
0.40158588
0.40158525
0.40158203
0.40157732
0.40157223
0.40156776
0.4015647
0.4015635
0.40156427
0.40156692
0.4015712
0.40157688
0.4015834
0.40159014
0.4015966
0.40160245
0.4016076
0.4016122
0.4016162
0.40161976
0.40162304
0.40162593
0.40162858
0.40163103
0.4016328
0.40163353
0.40163237
0.40162838
0.40162098
0.40160987
0.40159544
0.40157855
0.40156028
0.40154198
0.4015251
0.40151045
0.40149862
0.40148976
0.40148398
0.4014811
0.40148127
0.4014849
0.4014923
0.40150353
0.40151864
0.40153736
0.40155932
0.40158406
0.40161088
0.40163922
0.4016682
0.40169686
0.401724
0.4017485
0.40176967
0.4017868
0.40179926
0.40180695
0.40180975
0.40180779
0.40180132
0.4017908
0.40177706
0.40176094
0.4017431
0.40172407
0.4017042
0.40168396
0.40166393
0.4016447
0.40162712
0.4016112
0.401597
0.40158373
0.4015706
0.40155682
0.40154177
0.40152535
0.40150827
0.40149122
0.40147528
0.40146127
0.40145
0.4014418
0.4014367
0.40143445
0.40143472
0.40143698
0.40144062
0.40144518
0.4014503
0.40145588
0.4014621
0.40146935
0.40147796
0.40148827
0.40150037
0.40151414
0.40152946
0.40154582
0.40156278
0.4015799
0.40159687
0.4016138
0.40163085
0.40164828
0.40166622
0.4016845
0.40170234
0.40171877
0.40173277
0.40174335
0.40174988
0.4017524
0.40175137
0.4017477
0.40174228
0.4017366
0.40173152
0.40172774
0.40172595
0.4017265
0.4017299
0.40173653
0.40174624
0.40175876
0.40177307
0.4017881
0.4018026
0.40181553
0.40182605
0.40183318
0.40183645
0.40183535
0.40182966
0.4018193
0.40180436
0.40178543
0.4017629
0.40173784
0.40171137
0.40168464
0.40165895
0.40163547
0.4016151
0.40159863
0.40158638
0.40157837
0.40157452
0.40157402
0.40157595
0.40157908
0.40158197
0.40158346
0.40158245
0.40157837
0.40157124
0.40156153
0.40155038
0.40153867
0.40152735
0.40151712
0.40150824
0.40150067
0.40149438
0.40148896
0.4014844
0.40148056
0.40147772
0.4014764
0.40147725
0.40148112
0.40148872
0.401501
0.40151823
0.40154046
0.4015672
0.40159765
0.4016306
0.40166444
0.4016973
0.40172747
0.40175316
0.4017733
0.40178698
0.4017938
0.40179363
0.40178716
0.40177536
0.40176
0.40174294
0.40172654
0.4017129
0.4017037
0.4017001
0.40170282
0.4017116
0.4017258
0.40174395
0.40176463
0.40178585
0.40180606
0.40182388
0.40183824
0.40184823
0.40185332
0.40185338
0.40184847
0.40183857
0.40182397
0.4018052
0.40178278
0.40175766
0.40173113
0.40170458
0.40167934
0.40165657
0.401637
0.40162048
0.40160662
0.4015945
0.4015833
0.40157238
0.40156183
0.40155223
0.4015445
0.4015397
0.4015386
0.40154147
0.40154853
0.40155932
0.40157315
0.40158892
0.40160534
0.40162063
0.40163308
0.4016413
0.40164435
0.40164196
0.40163463
0.40162352
0.40161052
0.4015974
0.40158606
0.40157768
0.40157318
0.4015728
0.40157607
0.40158197
0.4015889
0.40159506
0.40159878
0.40159833
0.4015927
0.4015817
0.40156555
0.4015457
0.40152344
0.40150023
0.40147743
0.40145624
0.40143752
0.40142182
0.40140927
0.40139985
0.4013932
0.40138888
0.40138662
0.40138644
0.40138802
0.4013913
0.40139616
0.4014026
0.40141052
0.40142
0.40143082
0.40144268
0.40145555
0.4014688
0.4014818
0.401494
0.40150467
0.40151328
0.40151972
0.40152416
0.4015272
0.40152946
0.40153146
0.40153363
0.40153646
0.40154037
0.40154606
0.40155414
0.4015647
0.40157768
0.40159237
0.40160802
0.40162337
0.40163693
0.4016477
0.40165484
0.40165833
0.40165842
0.4016559
0.4016519
0.40164745
0.40164348
0.40164047
0.40163848
0.4016371
0.40163568
0.40163326
0.40162924
0.4016232
0.40161523
0.40160593
0.40159613
0.40158656
0.40157804
0.40157112
0.40156597
0.40156257
0.40156078
0.40156004
0.40156028
0.40156105
0.40156206
0.40156284
0.40156314
0.40156272
0.4015618
0.40156084
0.40156046
0.40156126
0.40156394
0.4015687
0.4015761
0.40158612
0.40159887
0.40161404
0.40163127
0.4016497
0.4016688
0.40168798
0.40170676
0.4017243
0.4017397
0.40175167
0.4017593
0.4017619
0.40175882
0.40175024
0.40173644
0.4017183
0.401697
0.40167397
0.40165052
0.4016276
0.40160593
0.4015858
0.40156728
0.40155068
0.4015361
0.4015238
0.40151376
0.4015058
0.4014998
0.40149552
0.40149313
0.40149263
0.4014941
0.4014975
0.40150282
0.40150988
0.40151894
0.40152985
0.40154243
0.40155616
0.40157026
0.40158373
0.40159604
0.4016067
0.40161586
0.4016237
0.40163076
0.4016372
0.40164325
0.40164888
0.40165406
0.40165865
0.4016627
0.4016662
0.4016692
0.40167156
0.40167323
0.40167415
0.40167424
0.40167364
0.40167263
0.40167138
0.40167016
0.40166906
0.4016681
0.40166724
0.4016662
0.40166527
0.40166435
0.40166333
0.401662
0.40165988
0.4016569
0.40165266
0.40164724
0.4016406
0.40163222
0.40162197
0.40160936
0.40159443
0.4015775
0.40155932
0.40154088
0.4015234
0.40150777
0.40149486
0.40148538
0.40147975
0.4014783
0.40148094
0.4014876
0.40149775
0.40151083
0.40152606
0.40154257
0.40155932
0.4015751
0.40158877
0.4015997
0.40160757
0.40161267
0.40161568
0.40161756
0.4016189
0.40162012
0.40162107
0.40162128
0.4016203
0.4016178
0.40161392
0.4016092
0.4016045
0.40160048
0.40159774
0.40159664
0.40159687
0.40159822
0.4015996
0.40160024
0.4015993
0.40159598
0.4015899
0.40158126
0.40157044
0.4015582
0.40154523
0.40153217
0.4015198
0.40150845
0.4014986
0.40149027
0.40148368
0.4014789
0.40147585
0.40147448
0.40147462
0.40147638
0.40147975
0.4014846
0.40149093
0.4014985
0.40150735
0.40151715
0.4015275
0.40153754
0.40154642
0.4015533
0.40155765
0.40155932
0.40155852
0.40155575
0.4015517
0.40154684
0.40154165
0.40153635
0.40153098
0.40152565
0.40152037
0.4015153
0.40151083
0.4015073
0.4015051
0.4015046
0.401506
0.40150926
0.40151414
0.40152034
0.4015275
0.40153533
0.40154377
0.40155292
0.40156317
0.4015746
0.4015873
0.40160093
0.40161476
0.4016279
0.40163958
0.40164888
0.40165564
0.40165958
0.40166092
0.40165973
0.40165624
0.40165052
0.40164274
0.4016333
0.40162274
0.4016117
0.40160048
0.40158924
0.40157804
0.40156654
0.40155455
0.40154225
0.40152985
0.40151757
0.40150598
0.401495
0.40148488
0.4014753
0.40146625
0.40145764
0.40144938
0.40144172
0.40143487
0.40142927
0.40142527
0.40142313
0.4014229
0.4014249
0.40142918
0.40143552
0.4014438
0.40145358
0.40146437
0.40147546
0.40148646
0.40149698
0.40150693
0.40151677
0.40152663
0.40153697
0.401548
0.4015601
0.40157345
0.40158787
0.40160286
0.40161756
0.4016307
0.40164068
0.40164655
0.40164757
0.40164348
0.4016348
0.40162253
0.40160787
0.4015924
0.4015776
0.40156454
0.40155375
0.40154555
0.40153977
0.4015362
0.40153465
0.40153518
0.40153843
0.40154514
0.40155593
0.40157127
0.40159136
0.401616
0.4016448
0.40167704
0.4017117
0.40174755
0.40178302
0.40181673
0.40184718
0.40187356
0.40189514
0.4019114
0.4019223
0.40192792
0.40192845
0.4019244
0.40191597
0.40190375
0.40188825
0.40186998
0.40184957
0.4018276
0.40180486
0.40178195
0.4017594
0.40173757
0.40171665
0.4016971
0.4016791
0.40166304
0.4016492
0.40163803
0.4016297
0.4016243
0.401622
0.40162307
0.40162772
0.40163618
0.40164846
0.40166414
0.40168256
0.40170264
0.40172297
0.4017417
0.4017574
0.40176862
0.4017745
0.40177456
0.40176892
0.40175822
0.40174347
0.40172604
0.4017074
0.40168938
0.40167373
0.4016618
0.40165463
0.40165272
0.40165612
0.40166453
0.40167683
0.40169173
0.40170735
0.40172157
0.40173244
0.40173838
0.4017384
0.4017321
0.4017198
0.4017024
0.40168133
0.4016582
0.40163466
0.40161207
0.40159163
0.401574
0.40155956
0.40154862
0.40154153
0.40153807
0.40153807
0.40154126
0.4015472
0.4015553
0.40156463
0.40157422
0.401583
0.40159026
0.40159565
0.4015996
0.4016026
0.40160546
0.4016085
0.40161166
0.4016148
0.40161747
0.40161982
0.40162188
0.40162423
0.40162745
0.401632
0.40163848
0.40164706
0.40165764
0.4016698
0.40168315
0.4016974
0.40171245
0.40172827
0.40174457
0.40176052
0.4017749
0.40178663
0.40179437
0.40179744
0.40179533
0.401788
0.40177563
0.40175888
0.40173876
0.40171635
0.40169284
0.40166935
0.40164706
0.40162694
0.40161005
0.40159756
0.4015904
0.40158945
0.40159503
0.40160707
0.4016252
0.4016484
0.40167525
0.40170395
0.40173262
0.40175933
0.4017826
0.40180138
0.40181494
0.40182298
0.40182558
0.40182295
0.40181562
0.4018045
0.40179086
0.4017757
0.40176
0.40174457
0.40172982
0.4017158
0.40170205
0.40168798
0.40167323
0.40165794
0.40164256
0.40162814
0.4016155
0.4016054
0.40159813
0.40159366
0.40159163
0.40159145
0.4015927
0.40159494
0.40159813
0.4016021
0.40160695
0.4016132
0.40162128
0.40163156
0.40164414
0.4016586
0.4016739
0.4016889
0.40170208
0.40171215
0.40171835
0.40172023
0.40171802
0.40171215
0.40170345
0.4016931
0.40168193
0.40167052
0.40165928
0.4016482
0.40163675
0.40162456
0.40161133
0.40159732
0.40158325
0.40157026
0.40155956
0.4015525
0.4015501
0.40155298
0.40156126
0.4015746
0.40159225
0.40161294
0.4016351
0.4016569
0.40167624
0.40169156
0.4017016
0.40170556
0.40170324
0.40169483
0.4016809
0.40166256
0.4016411
0.40161812
0.40159523
0.40157375
0.4015547
0.40153882
0.40152648
0.40151775
0.40151244
0.40151015
0.40151033
0.4015123
0.40151528
0.4015187
0.40152165
0.40152413
0.401526
0.40152794
0.40153065
0.4015348
0.40154105
0.40154985
0.40156138
0.40157568
0.40159246
0.40161127
0.40163162
0.40165314
0.40167522
0.4016972
0.40171805
0.40173662
0.40175197
0.40176335
0.40177044
0.4017736
0.4017733
0.40177065
0.40176648
0.4017618
0.4017569
0.4017519
0.4017465
0.40174082
0.40173438
0.40172717
0.4017185
0.40170807
0.40169516
0.40167966
0.40166155
0.40164143
0.40162012
0.4015987
0.40157828
0.40155992
0.40154442
0.4015325
0.40152466
0.40152118
0.4015221
0.40152737
0.40153673
0.40154994
0.40156648
0.4015859
0.40160784
0.4016319
0.40165767
0.40168422
0.40171033
0.40173456
0.40175545
0.4017719
0.40178323
0.4017892
0.40178978
0.40178558
0.40177727
0.4017658
0.40175217
0.40173754
0.40172282
0.4017083
0.40169412
0.40168026
0.40166637
0.40165222
0.40163785
0.40162352
0.4016097
0.40159678
0.40158552
0.40157643
0.4015701
0.40156683
0.4015665
0.40156913
0.40157428
0.40158135
0.40159005
0.40159974
0.40161046
0.4016224
0.40163597
0.4016515
0.40166876
0.4016871
0.40170538
0.4017224
0.40173694
0.40174806
0.40175495
0.40175745
0.40175563
0.40175003
0.40174147
0.40173048
0.40171736
0.4017024
0.40168542
0.40166646
0.40164593
0.40162438
0.4016028
0.40158224
0.40156376
0.40154824
0.4015362
0.401528
0.40152347
0.40152225
0.401524
0.40152818
0.4015344
0.4015421
0.4015507
0.40155974
0.4015689
0.40157822
0.40158772
0.40159768
0.40160832
0.40161994
0.40163296
0.40164784
0.40166458
0.4016831
0.40170243
0.4017213
0.40173808
0.40175122
0.4017595
0.40176225
0.4017592
0.40175077
0.40173778
0.40172145
0.40170345
0.4016856
0.40166947
0.40165657
0.40164778
0.4016436
0.40164393
0.40164846
0.4016566
0.40166757
0.4016803
0.4016938
0.40170684
0.4017183
0.4017271
0.40173262
0.40173465
0.40173346
0.4017298
0.40172467
0.40171954
0.40171537
0.40171298
0.40171263
0.40171376
0.4017153
0.4017159
0.4017141
0.40170878
0.40169927
0.40168542
0.40166765
0.4016471
0.40162507
0.40160286
0.40158224
0.40156406
0.40154937
0.40153867
0.40153208
0.40152955
0.4015304
0.40153378
0.4015387
0.4015442
0.4015496
0.40155435
0.40155822
0.40156087
0.4015626
0.40156364
0.4015644
0.40156546
0.40156764
0.40157145
0.40157706
0.40158436
0.4015927
0.40160108
0.40160832
0.40161303
0.40161416
0.4016109
0.40160334
0.40159175
0.401577
0.4015603
0.40154284
0.40152586
0.40151024
0.40149668
0.4014858
0.40147778
0.40147257
0.4014699
0.4014696
0.40147144
0.40147522
0.401481
0.4014887
0.40149832
0.40150988
0.40152347
0.401539
0.40155628
0.4015748
0.40159348
0.40161106
0.4016261
0.40163752
0.40164453
0.40164706
0.40164536
0.4016404
0.40163326
0.40162516
0.401617
0.40160906
0.40160167
0.4015946
0.40158734
0.40157956
0.4015711
0.40156206
0.40155277
0.40154353
0.4015349
0.40152723
0.4015211
0.401517
0.40151542
0.4015168
0.4015215
0.40152937
0.40154022
0.40155354
0.40156844
0.40158427
0.40159938
0.4016126
0.40162256
0.40162805
0.40162846
0.4016237
0.40161404
0.40160048
0.40158442
0.4015671
0.40154988
0.40153363
0.40151927
0.40150744
0.40149853
0.4014927
0.40149
0.4014903
0.4014933
0.40149876
0.40150648
0.40151623
0.4015277
0.40154055
0.4015541
0.40156758
0.4015804
0.40159187
0.4016019
0.40161076
0.401619
0.40162736
0.4016365
0.40164667
0.40165755
0.40166843
0.40167844
0.40168643
0.40169114
0.40169162
0.4016874
0.4016784
0.4016651
0.40164846
0.40162987
0.40161088
0.40159306
0.40157768
0.40156618
0.40155944
0.40155825
0.4015629
0.40157324
0.4015888
0.40160877
0.401632
0.40165743
0.40168408
0.40171087
0.40173644
0.40175933
0.40177837
0.40179244
0.40180105
0.4018037
0.40180045
0.4017915
0.4017776
0.40175956
0.4017385
0.40171558
0.40169224
0.40166935
0.40164796
0.40162855
0.40161166
0.40159762
0.40158656
0.40157852
0.40157342
0.40157112
0.40157163
0.40157494
0.4015811
0.4015898
0.40160054
0.4016125
0.40162438
0.40163478
0.40164283
0.4016477
0.40164933
0.40164813
0.40164527
0.40164196
0.40163958
0.40163907
0.401641
0.40164536
0.4016522
0.401661
0.40167144
0.40168256
0.40169352
0.40170348
0.40171188
0.4017183
0.40172255
0.40172443
0.40172336
0.40171903
0.40171155
0.40170085
0.4016878
0.401673
0.4016574
0.40164182
0.40162697
0.40161356
0.401602
0.4015928
0.40158597
0.4015814
0.4015788
0.40157753
0.40157658
0.4015748
0.40157112
0.40156513
0.4015566
0.40154597
0.4015341
0.40152198
0.40151083
0.40150136
0.4014944
0.40149033
0.40148917
0.40149075
0.40149495
0.40150163
0.40151083
0.40152243
0.40153638
0.40155265
0.40157127
0.40159205
0.40161434
0.4016375
0.40166023
0.40168145
0.4017001
0.40171555
0.40172747
0.40173575
0.40174088
0.40174347
0.40174446
0.40174505
0.40174636
0.40174925
0.4017541
0.40176067
0.40176812
0.4017751
0.4017805
0.40178326
0.40178305
0.4017798
0.40177414
0.40176687
0.40175906
0.40175164
0.40174523
0.40174022
0.40173653
0.4017339
0.40173247
0.40173224
0.4017332
0.40173513
0.40173757
0.40173927
0.4017392
0.40173647
0.40173024
0.4017205
0.40170747
0.40169185
0.40167475
0.4016574
0.40164122
0.40162754
0.40161747
0.40161192
0.40161148
0.40161598
0.4016247
0.4016365
0.40164948
0.40166184
0.40167186
0.40167817
0.40168014
0.40167764
0.40167132
0.4016623
0.40165168
0.40164044
0.40162933
0.40161887
0.40160918
0.4016001
0.40159163
0.40158373
0.40157628
0.40156916
0.40156206
0.4015548
0.40154728
0.4015396
0.40153202
0.40152454
0.4015177
0.4015114
0.4015063
0.40150264
0.4015009
0.40150174
0.40150544
0.40151212
0.4015214
0.40153277
0.40154546
0.40155852
0.40157068
0.40158078
0.40158752
0.40159026
0.40158862
0.401583
0.40157405
0.4015629
0.40155068
0.4015384
0.4015269
0.4015168
0.40150833
0.40150148
0.4014959
0.40149143
0.4014879
0.401485
0.40148258
0.40148053
0.40147886
0.4014777
0.40147725
0.40147778
0.40147948
0.40148234
0.40148652
0.40149212
0.4014992
0.401508
0.4015185
0.40153056
0.40154338
0.40155625
0.40156797
0.4015774
0.40158358
0.40158617
0.4015854
0.4015817
0.40157586
0.40156856
0.4015606
0.40155244
0.4015444
0.40153673
0.40152973
0.40152356
0.4015186
0.40151533
0.40151414
0.40151545
0.40151957
0.40152645
0.401536
0.40154764
0.40156066
0.40157428
0.40158767
0.4016004
0.40161204
0.40162256
0.4016318
0.4016395
0.40164518
0.40164825
0.40164825
0.4016451
0.40163925
0.4016318
0.40162405
0.40161744
0.40161294
0.4016112
0.40161252
0.40161684
0.40162387
0.40163335
0.4016448
0.40165743
0.4016703
0.40168226
0.40169233
0.40169987
0.40170446
0.40170604
0.40170476
0.40170047
0.40169325
0.401683
0.4016699
0.4016541
0.4016364
0.4016177
0.40159902
0.4015814
0.40156555
0.4015523
0.40154192
0.40153506
0.4015319
0.40153235
0.4015358
0.40154156
0.4015486
0.40155575
0.40156206
0.4015671
0.40157095
0.4015742
0.40157744
0.4015813
0.4015858
0.4015907
0.40159535
0.40159884
0.40160057
0.40160027
0.4015982
0.40159485
0.40159112
0.40158725
0.4015837
0.4015804
0.40157703
0.40157333
0.40156916
0.40156487
0.4015608
0.40155745
0.40155494
0.40155354
0.40155286
0.40155286
0.4015533
0.4015543
0.401556
0.40155855
0.40156245
0.40156794
0.40157545
0.40158513
0.40159696
0.40161055
0.40162534
0.4016405
0.4016552
0.40166876
0.4016805
0.4016895
0.40169492
0.4016962
0.40169308
0.4016858
0.4016748
0.40166098
0.40164524
0.40162832
0.401611
0.40159377
0.40157732
0.40156224
0.40154856
0.40153643
0.40152574
0.40151644
0.4015086
0.40150246
0.40149817
0.4014959
0.40149555
0.40149716
0.4015003
0.40150434
0.40150842
0.40151155
0.40151304
0.4015127
0.4015106
0.40150705
0.40150297
0.40149912
0.4014962
0.40149498
0.4014956
0.40149844
0.40150347
0.4015105
0.40151927
0.4015293
0.40154037
0.40155208
0.40156394
0.40157548
0.40158623
0.40159538
0.40160283
0.40160793
0.40161046
0.40161037
0.4016081
0.40160412
0.40159926
0.40159395
0.40158856
0.40158302
0.40157735
0.40157124
0.40156436
0.40155637
0.4015467
0.4015353
0.4015225
0.40150887
0.40149486
0.401481
0.40146756
0.40145478
0.40144315
0.4014328
0.40142432
0.401418
0.40141407
0.40141293
0.40141466
0.40141934
0.40142688
0.40143692
0.40144902
0.40146264
0.40147695
0.40149143
0.4015054
0.4015183
0.40152952
0.40153876
0.40154597
0.40155157
0.40155622
0.4015606
0.40156537
0.40157112
0.40157828
0.40158707
0.40159735
0.4016085
0.40161976
0.4016303
0.4016393
0.4016464
0.40165144
0.4016548
0.40165707
0.4016588
0.40166074
0.40166333
0.4016666
0.40166995
0.40167278
0.4016743
0.40167424
0.40167245
0.40166926
0.4016649
0.40165952
0.4016529
0.4016447
0.4016346
0.4016226
0.40160877
0.4015934
0.4015771
0.40156052
0.4015445
0.4015298
0.4015167
0.40150547
0.40149602
0.4014882
0.40148196
0.40147734
0.4014745
0.4014735
0.4014748
0.40147865
0.4014857
0.40149608
0.4015097
0.40152594
0.4015439
0.4015622
0.4015794
0.4015941
0.40160516
0.40161225
0.40161553
0.40161592
0.40161452
0.4016128
0.40161192
0.40161312
0.4016172
0.4016249
0.40163615
0.40165076
0.401668
0.40168664
0.40170565
0.40172404
0.40174127
0.4017571
0.40177178
0.40178585
0.40179992
0.40181443
0.40182954
0.40184474
0.4018594
0.40187246
0.40188304
0.40189007
0.40189293
0.40189114
0.40188456
0.40187356
0.40185872
0.40184078
0.40182084
0.4018001
0.40177974
0.4017612
0.4017452
0.4017323
0.40172246
0.401715
0.4017096
0.40170538
0.40170214
0.4016994
0.40169668
0.40169337
0.40168837
0.40168107
0.4016708
0.4016575
0.40164137
0.40162313
0.4016038
0.40158442
0.4015663
0.40155026
0.4015371
0.4015271
0.4015204
0.40151638
0.40151435
0.4015133
0.40151206
0.4015095
0.40150484
0.4014975
0.40148777
0.40147632
0.40146407
0.40145227
0.40144214
0.40143508
0.40143162
0.4014327
0.40143847
0.40144914
0.4014644
0.4014838
0.40150645
0.40153116
0.40155655
0.4015811
0.4016034
0.40162215
0.40163657
0.40164635
0.40165138
0.4016521
0.40164933
0.40164408
0.4016378
0.4016313
0.40162522
0.40161967
0.4016142
0.40160793
0.40159988
0.40158924
0.40157592
0.4015602
0.401543
0.40152547
0.40150884
0.40149415
0.40148237
0.40147403
0.40146944
0.40146846
0.40147087
0.40147597
0.40148297
0.40149108
0.4014997
0.40150875
0.40151834
0.40152848
0.40153927
0.40155038
0.40156135
0.40157172
0.40158138
0.4015902
0.4015985
0.4016062
0.40161327
0.40161893
0.4016226
0.4016237
0.40162227
0.4016187
0.40161386
0.40160894
0.4016047
0.40160224
0.40160194
0.4016043
0.40160927
0.40161657
0.40162557
0.40163553
0.4016453
0.40165392
0.40166047
0.40166482
0.4016672
0.4016679
0.40166765
0.40166715
0.40166664
0.4016662
0.40166536
0.40166363
0.40166023
0.40165445
0.4016459
0.40163496
0.40162206
0.40160796
0.40159345
0.40157896
0.40156487
0.40155143
0.4015388
0.40152737
0.40151775
0.40151078
0.40150717
0.40150756
0.4015123
0.40152147
0.40153474
0.40155137
0.40157035
0.40159032
0.4016096
0.40162647
0.40163958
0.40164796
0.40165132
0.40165007
0.4016453
0.40163812
0.40162995
0.40162188
0.40161493
0.4016098
0.40160686
0.40160644
0.4016084
0.40161243
0.40161783
0.40162396
0.40163
0.4016354
0.40163958
0.4016424
0.40164393
0.40164435
0.40164354
0.40164137
0.40163732
0.40163067
0.40162107
0.4016084
0.40159303
0.40157565
0.40155736
0.40153927
0.40152225
0.40150735
0.40149477
0.40148503
0.401478
0.40147343
0.401471
0.4014706
0.4014721
0.40147546
0.4014808
0.40148777
0.40149614
0.40150535
0.40151486
0.401524
0.4015325
0.4015403
0.4015475
0.40155402
0.40156016
0.40156588
0.40157148
0.40157738
0.40158376
0.4015906
0.40159756
0.4016041
0.40160945
0.40161312
0.40161493
0.40161508
0.40161386
0.40161172
0.401609
0.40160587
0.40160242
0.40159863
0.40159476
0.40159154
0.40158936
0.40158877
0.40159014
0.4015933
0.4015981
0.40160424
0.40161085
0.4016174
0.40162322
0.40162826
0.40163264
0.4016369
0.4016417
0.4016479
0.4016564
0.4016677
0.4016822
0.40169966
0.4017196
0.40174115
0.40176323
0.40178493
0.40180543
0.40182424
0.40184072
0.4018547
0.40186572
0.4018735
0.40187764
0.4018779
0.40187424
0.40186673
0.40185586
0.40184233
0.4018273
0.40181187
0.40179726
0.40178457
0.4017749
0.40176904
0.40176725
0.40176988
0.40177715
0.40178978
0.40180925
0.40183836
0.40188113
0.4019436
0.4020333
0.4021614
0.40234315
0.4026023
0.40296808
0.40348238
0.40420368
0.40521076
0.4066105
0.408545
0.41123495
0.41490418
0.41986156
0.4265795
0.43570125
0.44783768
