0.44258177
0.43207654
0.42419237
0.4182511
0.41380936
0.41052255
0.4081074
0.40632442
0.4050136
0.40405732
0.40335986
0.4028542
0.4024906
0.40223244
0.40205264
0.4019312
0.40185308
0.40180686
0.4017836
0.40177622
0.40177885
0.40178698
0.40179715
0.40180674
0.40181392
0.40181735
0.40181613
0.40180984
0.4017984
0.40178213
0.4017616
0.4017377
0.40171134
0.40168366
0.4016558
0.4016289
0.40160406
0.40158194
0.4015631
0.40154782
0.4015361
0.40152782
0.40152255
0.40151954
0.401518
0.4015168
0.4015152
0.40151212
0.40150714
0.40150017
0.4014918
0.40148282
0.40147436
0.40146753
0.40146333
0.40146232
0.40146473
0.4014706
0.40147954
0.401491
0.40150434
0.40151876
0.40153357
0.4015479
0.40156087
0.40157187
0.40158066
0.40158755
0.4015929
0.40159717
0.40160027
0.40160203
0.40160194
0.40159932
0.40159374
0.4015852
0.40157396
0.40156075
0.40154648
0.40153223
0.40151924
0.4015085
0.40150085
0.40149713
0.40149784
0.4015032
0.40151307
0.4015269
0.40154377
0.40156287
0.40158308
0.4016038
0.4016244
0.40164495
0.40166515
0.40168482
0.40170336
0.40172026
0.40173474
0.4017461
0.40175375
0.40175733
0.4017563
0.40175053
0.40174004
0.4017251
0.4017063
0.40168464
0.40166137
0.40163788
0.40161577
0.40159628
0.40158045
0.4015689
0.40156212
0.40156025
0.40156317
0.4015706
0.40158185
0.4015962
0.40161258
0.4016303
0.4016488
0.401668
0.40168813
0.40170965
0.4017327
0.401757
0.4017818
0.40180582
0.4018277
0.40184617
0.40185997
0.40186843
0.40187085
0.40186706
0.40185714
0.40184158
0.4018213
0.4017974
0.40177143
0.40174505
0.4017199
0.40169734
0.4016784
0.40166375
0.4016537
0.4016482
0.40164667
0.40164804
0.40165102
0.401654
0.40165567
0.4016551
0.40165177
0.40164572
0.4016376
0.40162826
0.40161902
0.40161142
0.40160656
0.40160546
0.40160865
0.40161625
0.401628
0.40164325
0.40166152
0.40168202
0.401704
0.40172645
0.40174806
0.40176734
0.40178287
0.40179336
0.40179807
0.40179643
0.40178844
0.40177432
0.40175486
0.40173098
0.40170407
0.40167576
0.4016479
0.401622
0.40159935
0.40158084
0.40156686
0.40155715
0.40155116
0.40154797
0.4015465
0.4015456
0.40154424
0.40154183
0.40153813
0.4015335
0.40152827
0.40152296
0.40151858
0.40151578
0.401515
0.40151647
0.40152
0.4015252
0.4015314
0.40153795
0.40154412
0.40154925
0.401553
0.40155548
0.40155715
0.40155837
0.40155956
0.40156096
0.40156233
0.40156364
0.40156463
0.40156505
0.40156445
0.40156257
0.4015593
0.40155482
0.40154982
0.40154508
0.40154156
0.40154013
0.40154165
0.4015468
0.40155602
0.40156934
0.40158665
0.40160766
0.40163162
0.40165743
0.40168375
0.40170884
0.40173098
0.40174854
0.40176028
0.40176544
0.40176365
0.40175518
0.40174064
0.40172094
0.4016972
0.40167055
0.40164247
0.40161395
0.40158606
0.40155956
0.40153515
0.40151355
0.40149513
0.4014802
0.4014687
0.40146068
0.4014558
0.40145358
0.40145352
0.4014549
0.40145695
0.40145916
0.4014611
0.40146247
0.4014634
0.40146375
0.40146396
0.40146443
0.40146583
0.40146843
0.4014724
0.40147755
0.40148377
0.40149057
0.4014973
0.40150338
0.401508
0.40151063
0.401511
0.4015094
0.40150633
0.40150264
0.4014988
0.4014955
0.40149304
0.40149197
0.40149212
0.4014939
0.40149742
0.40150282
0.40150997
0.40151876
0.401529
0.4015403
0.401552
0.4015636
0.4015746
0.40158477
0.40159425
0.40160346
0.4016128
0.4016223
0.40163165
0.40164042
0.40164778
0.40165314
0.40165597
0.40165624
0.4016543
0.4016509
0.40164676
0.4016423
0.4016378
0.401633
0.40162766
0.40162155
0.4016149
0.40160772
0.40160045
0.40159324
0.40158635
0.40158
0.4015746
0.40157038
0.40156755
0.40156624
0.40156627
0.40156737
0.40156895
0.40157053
0.40157154
0.4015716
0.40157035
0.4015676
0.40156323
0.40155745
0.40155038
0.40154216
0.40153304
0.40152323
0.4015131
0.40150324
0.40149438
0.40148717
0.40148214
0.40147948
0.4014793
0.40148163
0.40148655
0.40149373
0.40150297
0.40151408
0.40152672
0.4015403
0.40155432
0.4015678
0.40157998
0.4015898
0.4015964
0.40159905
0.4015976
0.4015922
0.40158364
0.40157297
0.40156105
0.40154868
0.40153643
0.4015249
0.40151453
0.40150553
0.40149835
0.40149316
0.40149003
0.40148902
0.40148997
0.40149283
0.4014974
0.40150356
0.4015112
0.40152004
0.4015296
0.40153962
0.4015495
0.40155908
0.4015682
0.40157685
0.4015851
0.40159306
0.4016013
0.40161014
0.4016198
0.4016302
0.40164095
0.40165114
0.40166
0.40166673
0.40167084
0.4016725
0.40167195
0.4016698
0.40166664
0.40166292
0.40165865
0.40165347
0.40164694
0.40163866
0.4016287
0.4016174
0.40160534
0.40159315
0.40158147
0.4015709
0.4015617
0.40155384
0.40154704
0.40154096
0.40153515
0.40152928
0.40152285
0.40151548
0.4015072
0.40149802
0.4014882
0.40147802
0.40146786
0.40145823
0.40144956
0.40144244
0.40143752
0.40143546
0.4014368
0.40144178
0.4014505
0.40146267
0.40147784
0.40149537
0.40151456
0.40153465
0.40155506
0.40157515
0.401594
0.40161052
0.40162376
0.4016328
0.40163726
0.4016372
0.4016332
0.40162626
0.40161768
0.40160882
0.4016009
0.40159506
0.4015922
0.40159315
0.40159822
0.40160742
0.40162012
0.4016352
0.401651
0.40166602
0.4016785
0.4016874
0.4016917
0.40169093
0.40168524
0.40167528
0.4016621
0.40164724
0.40163222
0.40161866
0.40160733
0.4015987
0.40159264
0.40158898
0.4015872
0.40158665
0.40158668
0.40158668
0.40158606
0.40158466
0.40158254
0.40158015
0.40157804
0.401577
0.4015776
0.40158013
0.40158442
0.40159008
0.4015963
0.4016022
0.40160722
0.40161088
0.40161353
0.4016157
0.40161803
0.40162107
0.40162525
0.40163052
0.4016366
0.40164262
0.40164813
0.40165263
0.40165588
0.4016581
0.40165988
0.401662
0.40166512
0.4016699
0.40167657
0.40168533
0.40169594
0.40170777
0.40172032
0.4017322
0.40174225
0.4017492
0.40175214
0.40175056
0.4017444
0.4017339
0.4017198
0.40170297
0.40168425
0.4016646
0.4016448
0.4016254
0.40160683
0.4015894
0.4015731
0.40155804
0.4015444
0.401532
0.40152073
0.40151033
0.40150073
0.40149215
0.4014848
0.40147874
0.40147448
0.40147257
0.40147376
0.40147856
0.40148717
0.40149963
0.40151554
0.40153414
0.40155432
0.40157485
0.40159437
0.4016117
0.40162593
0.40163663
0.40164375
0.4016477
0.4016489
0.4016479
0.40164506
0.4016409
0.40163586
0.40163076
0.40162656
0.40162402
0.40162367
0.40162575
0.40163004
0.40163648
0.40164495
0.40165487
0.40166572
0.40167636
0.40168568
0.40169293
0.40169755
0.40169975
0.4017001
0.40169996
0.40170076
0.40170375
0.40170994
0.40171936
0.4017318
0.40174592
0.40176052
0.4017741
0.4017853
0.40179303
0.4017964
0.40179497
0.4017886
0.40177748
0.4017623
0.40174368
0.40172306
0.4017018
0.40168133
0.4016627
0.40164688
0.40163422
0.40162483
0.40161848
0.40161476
0.40161294
0.40161243
0.40161228
0.40161172
0.40161005
0.40160698
0.40160254
0.40159726
0.4015915
0.4015856
0.40157992
0.40157428
0.4015689
0.40156367
0.4015585
0.40155336
0.40154833
0.40154362
0.40153912
0.4015349
0.4015308
0.40152737
0.40152526
0.401525
0.40152708
0.40153173
0.401539
0.40154856
0.4015602
0.40157345
0.4015882
0.40160394
0.40162006
0.40163565
0.40164968
0.40166125
0.40166968
0.40167484
0.4016769
0.40167665
0.40167525
0.4016743
0.40167537
0.40167978
0.40168858
0.4017021
0.40172023
0.40174225
0.40176675
0.40179217
0.4018169
0.40183944
0.40185866
0.40187362
0.40188384
0.401889
0.401889
0.401884
0.4018742
0.40186042
0.40184313
0.40182304
0.40180132
0.40177888
0.40175694
0.40173683
0.40171975
0.40170693
0.4016994
0.40169787
0.40170243
0.40171263
0.40172732
0.4017449
0.4017635
0.4017814
0.40179697
0.401809
0.40181687
0.40182015
0.40181893
0.40181342
0.40180412
0.4017916
0.4017768
0.40176085
0.40174505
0.40173098
0.4017197
0.4017121
0.40170836
0.4017084
0.40171117
0.40171555
0.40172032
0.40172407
0.4017258
0.40172476
0.4017206
0.40171334
0.40170345
0.40169173
0.40167913
0.4016662
0.40165347
0.4016411
0.4016295
0.40161884
0.40160936
0.40160105
0.40159407
0.40158868
0.40158522
0.4015841
0.4015856
0.4015903
0.40159822
0.40160927
0.401623
0.40163875
0.40165535
0.40167144
0.40168568
0.40169704
0.40170473
0.40170836
0.40170813
0.40170437
0.40169805
0.4016901
0.4016817
0.40167364
0.40166643
0.40166003
0.40165415
0.40164813
0.40164134
0.40163326
0.40162376
0.4016132
0.40160227
0.40159193
0.40158316
0.40157652
0.4015724
0.40157095
0.40157205
0.40157554
0.40158123
0.401589
0.40159848
0.40160903
0.40161988
0.40162992
0.4016384
0.40164426
0.4016473
0.4016478
0.4016465
0.40164456
0.40164334
0.40164393
0.40164733
0.4016539
0.40166348
0.40167555
0.40168887
0.4017019
0.40171322
0.40172184
0.40172732
0.4017297
0.40172955
0.40172762
0.40172508
0.40172288
0.4017217
0.40172175
0.4017228
0.40172422
0.40172493
0.40172383
0.40172
0.40171278
0.4017021
0.40168828
0.40167204
0.40165436
0.40163645
0.40161934
0.40160367
0.40159026
0.4015792
0.40157098
0.40156555
0.40156314
0.4015636
0.40156683
0.40157232
0.40157932
0.40158674
0.40159327
0.40159774
0.40159938
0.40159774
0.40159255
0.4015844
0.40157393
0.40156212
0.40155038
0.40153956
0.40153074
0.4015246
0.40152162
0.40152204
0.40152586
0.40153277
0.40154234
0.40155366
0.401566
0.40157887
0.40159205
0.4016055
0.40161937
0.40163368
0.4016484
0.4016632
0.4016778
0.40169206
0.4017062
0.40172055
0.4017355
0.4017513
0.4017676
0.4017837
0.4017983
0.4018102
0.40181813
0.40182126
0.40181896
0.4018111
0.401798
0.4017803
0.40175897
0.40173516
0.4017101
0.40168533
0.40166202
0.40164155
0.4016247
0.40161234
0.40160477
0.4016022
0.40160456
0.40161133
0.4016215
0.40163377
0.40164652
0.40165812
0.40166706
0.40167236
0.40167347
0.40167052
0.40166408
0.40165532
0.40164545
0.4016361
0.40162846
0.4016235
0.40162182
0.40162373
0.4016291
0.4016375
0.4016486
0.4016621
0.4016774
0.40169385
0.40171033
0.40172553
0.401738
0.40174633
0.40174958
0.40174714
0.4017388
0.40172505
0.40170678
0.40168518
0.4016617
0.40163782
0.40161502
0.4015945
0.40157717
0.40156367
0.40155426
0.40154892
0.4015476
0.40154982
0.40155497
0.40156257
0.40157205
0.40158322
0.40159553
0.4016082
0.4016204
0.40163076
0.40163806
0.4016411
0.40163925
0.40163237
0.4016208
0.40160546
0.4015874
0.40156797
0.40154797
0.40152845
0.40151015
0.4014936
0.4014794
0.40146783
0.40145925
0.40145376
0.40145168
0.4014531
0.40145823
0.40146723
0.40148008
0.40149668
0.4015165
0.40153864
0.40156183
0.40158454
0.40160528
0.40162286
0.40163672
0.4016469
0.40165418
0.4016595
0.40166393
0.4016686
0.40167412
0.4016809
0.40168893
0.4016978
0.40170673
0.4017144
0.4017198
0.40172163
0.4017193
0.4017124
0.40170115
0.40168598
0.40166804
0.4016487
0.4016292
0.40161076
0.40159422
0.40158004
0.40156847
0.4015594
0.40155277
0.4015484
0.40154624
0.4015465
0.4015495
0.40155625
0.40156832
0.40158826
0.40161914
0.4016653
0.40173244
0.40182832
0.401964
0.40215564
0.40242532
0.40280244
0.40332863
0.4040615
0.4050792
0.40648794
0.4084298
0.41112638
0.4148023
0.41976798
0.42649746
0.43563393
0.4477879
