0.44264382
0.4321582
0.42429155
0.41836566
0.4139366
0.41065904
0.40824783
0.40646327
0.40514514
0.4041764
0.40346214
0.40293607
0.40254948
0.40226647
0.4020602
0.40191075
0.401803
0.40172553
0.40166962
0.40162894
0.40159884
0.40157598
0.4015581
0.40154395
0.40153253
0.40152347
0.40151653
0.40151185
0.40150946
0.4015094
0.40151167
0.4015162
0.40152285
0.40153158
0.40154198
0.40155384
0.40156642
0.40157896
0.40159032
0.40159956
0.401606
0.40160927
0.40160936
0.40160677
0.40160218
0.4015964
0.40159032
0.40158468
0.40158013
0.40157712
0.4015761
0.40157732
0.40158084
0.40158615
0.40159264
0.4015993
0.4016051
0.40160936
0.40161183
0.40161252
0.40161204
0.401611
0.4016096
0.4016081
0.40160626
0.40160373
0.4015999
0.40159428
0.4015862
0.40157565
0.4015626
0.40154785
0.40153217
0.4015167
0.40150228
0.40148973
0.4014799
0.4014736
0.40147153
0.40147436
0.40148246
0.40149602
0.40151477
0.40153825
0.4015656
0.4015956
0.40162688
0.4016579
0.4016872
0.4017134
0.40173563
0.40175363
0.40176785
0.40177894
0.40178815
0.4017963
0.40180403
0.4018115
0.40181825
0.40182367
0.4018271
0.40182832
0.40182707
0.40182367
0.40181845
0.40181196
0.40180448
0.40179592
0.40178636
0.40177536
0.4017628
0.40174866
0.4017333
0.4017173
0.40170163
0.40168712
0.40167442
0.4016639
0.4016555
0.40164864
0.4016426
0.40163645
0.4016295
0.4016212
0.4016116
0.40160117
0.40159082
0.4015816
0.40157434
0.40156993
0.40156895
0.40157175
0.40157828
0.40158832
0.4016013
0.40161672
0.4016338
0.40165153
0.40166876
0.40168422
0.401697
0.4017068
0.40171367
0.40171808
0.40172073
0.40172228
0.40172288
0.4017222
0.40171975
0.4017147
0.40170667
0.40169528
0.4016808
0.40166366
0.4016447
0.401625
0.40160564
0.40158743
0.40157112
0.40155718
0.4015461
0.4015381
0.4015337
0.40153328
0.40153697
0.40154457
0.40155566
0.40156922
0.401584
0.4015984
0.4016108
0.40162
0.40162534
0.40162697
0.4016255
0.40162206
0.40161794
0.4016143
0.40161222
0.40161225
0.40161476
0.4016197
0.40162668
0.40163502
0.40164384
0.4016523
0.40165973
0.40166587
0.40167105
0.40167567
0.40168023
0.40168512
0.4016906
0.401697
0.4017048
0.40171435
0.40172586
0.40173918
0.40175375
0.4017687
0.40178287
0.40179512
0.40180463
0.4018109
0.40181372
0.40181315
0.40180975
0.40180412
0.40179726
0.40179005
0.40178347
0.4017785
0.40177542
0.4017745
0.40177563
0.4017786
0.40178344
0.40179002
0.40179807
0.40180722
0.40181676
0.40182552
0.40183252
0.40183637
0.40183607
0.40183073
0.40181977
0.401803
0.40178058
0.40175316
0.40172178
0.4016877
0.40165263
0.40161818
0.40158615
0.40155786
0.40153453
0.40151712
0.40150613
0.4015017
0.4015037
0.40151176
0.4015253
0.40154344
0.4015653
0.4015897
0.4016156
0.40164152
0.40166637
0.40168917
0.40170902
0.40172505
0.40173677
0.40174383
0.40174648
0.40174496
0.4017399
0.4017317
0.40172118
0.40170872
0.40169504
0.40168086
0.40166676
0.4016535
0.40164155
0.4016312
0.40162244
0.40161514
0.4016087
0.40160263
0.40159672
0.4015909
0.40158564
0.40158153
0.40157914
0.4015788
0.4015807
0.40158466
0.40159008
0.40159613
0.4016018
0.40160644
0.40160963
0.40161115
0.40161133
0.4016103
0.40160823
0.4016049
0.40160015
0.40159371
0.4015858
0.4015766
0.40156686
0.40155745
0.40154928
0.4015432
0.40153977
0.40153927
0.40154156
0.40154645
0.40155357
0.40156254
0.4015726
0.40158305
0.40159306
0.40160167
0.40160832
0.4016128
0.4016151
0.40161568
0.40161458
0.4016118
0.40160713
0.40160045
0.4015918
0.40158185
0.40157127
0.4015612
0.4015527
0.4015467
0.40154347
0.40154296
0.4015448
0.4015483
0.40155265
0.40155685
0.40155974
0.40156037
0.40155822
0.40155345
0.40154675
0.40153927
0.40153208
0.40152618
0.4015222
0.40152073
0.40152207
0.4015263
0.40153337
0.40154287
0.4015542
0.40156633
0.40157813
0.40158847
0.40159658
0.40160215
0.4016056
0.40160772
0.40160945
0.4016115
0.4016145
0.40161854
0.4016237
0.4016298
0.40163675
0.40164438
0.4016527
0.40166202
0.40167236
0.4016837
0.40169558
0.40170744
0.40171885
0.40172932
0.40173867
0.4017468
0.4017536
0.40175897
0.40176255
0.40176353
0.4017611
0.40175432
0.40174252
0.40172544
0.40170333
0.40167713
0.40164825
0.40161824
0.40158904
0.40156198
0.40153807
0.40151784
0.4015013
0.40148833
0.40147862
0.40147182
0.4014676
0.40146548
0.40146476
0.40146497
0.40146542
0.40146574
0.4014657
0.40146533
0.40146488
0.40146476
0.4014658
0.4014684
0.40147308
0.40148017
0.4014899
0.40150213
0.40151662
0.40153268
0.4015495
0.401566
0.40158135
0.40159467
0.40160573
0.40161458
0.40162137
0.40162626
0.4016297
0.40163198
0.4016337
0.40163523
0.40163684
0.40163878
0.40164092
0.4016431
0.401645
0.40164626
0.40164694
0.4016473
0.4016483
0.40165105
0.4016565
0.40166524
0.4016774
0.4016926
0.40171
0.40172833
0.4017461
0.4017617
0.40177372
0.40178138
0.40178394
0.4017815
0.4017745
0.40176374
0.40175018
0.40173477
0.40171844
0.4017021
0.40168634
0.4016716
0.40165794
0.4016453
0.40163368
0.40162334
0.40161446
0.40160683
0.40160048
0.4015951
0.40159026
0.40158513
0.401579
0.40157127
0.40156156
0.40154964
0.40153587
0.40152082
0.40150538
0.40149045
0.4014772
0.40146652
0.40145898
0.4014551
0.4014549
0.40145808
0.40146422
0.40147263
0.40148246
0.40149295
0.4015034
0.40151337
0.4015226
0.4015311
0.401539
0.4015466
0.40155405
0.40156144
0.40156907
0.40157732
0.40158653
0.40159717
0.40160933
0.40162313
0.40163842
0.40165454
0.40167058
0.40168533
0.40169775
0.40170693
0.40171215
0.4017131
0.4017099
0.40170294
0.40169287
0.40168053
0.40166697
0.4016534
0.40164083
0.40162995
0.40162122
0.40161505
0.40161163
0.40161133
0.4016145
0.40162122
0.40163124
0.4016438
0.40165782
0.40167218
0.40168557
0.401697
0.40170565
0.40171126
0.4017141
0.40171465
0.4017138
0.401712
0.4017095
0.40170598
0.4017012
0.40169507
0.4016878
0.4016797
0.40167108
0.40166238
0.40165374
0.40164554
0.40163812
0.4016319
0.40162703
0.4016237
0.40162182
0.40162128
0.40162194
0.4016237
0.4016266
0.4016308
0.40163645
0.40164354
0.4016518
0.40166083
0.40166998
0.4016789
0.40168732
0.4016954
0.40170345
0.40171185
0.40172064
0.40172938
0.40173745
0.401744
0.40174836
0.40175018
0.4017494
0.4017466
0.40174228
0.40173706
0.40173137
0.40172544
0.40171924
0.401713
0.40170693
0.40170148
0.40169677
0.4016931
0.40169036
0.4016884
0.4016871
0.40168628
0.40168616
0.4016872
0.40168977
0.40169394
0.40169984
0.40170702
0.40171483
0.40172243
0.401729
0.40173364
0.40173587
0.40173507
0.40173128
0.40172458
0.40171528
0.40170428
0.40169242
0.40168074
0.40167016
0.40166137
0.40165475
0.40165037
0.40164796
0.40164676
0.4016459
0.40164453
0.40164214
0.40163872
0.40163454
0.40163043
0.40162706
0.40162513
0.4016251
0.40162697
0.40163046
0.40163496
0.4016396
0.40164378
0.4016468
0.40164855
0.40164918
0.40164906
0.40164855
0.40164822
0.40164855
0.40164998
0.40165293
0.4016579
0.4016656
0.40167654
0.40169185
0.40171278
0.4017407
0.40177706
0.40182313
0.40188065
0.4019521
0.40204144
0.40215513
0.40230322
0.40250033
0.40276974
0.40314043
0.40365404
0.4043687
0.4053633
0.40674517
0.4086576
0.41132227
0.41496727
0.41990292
0.42660165
0.43571177
0.44784266
