0.4425445
0.43203366
0.42415148
0.4182205
0.41379714
0.41053662
0.4081523
0.40640292
0.40512618
0.4042013
0.40353093
0.40304592
0.40269506
0.4024403
0.40225405
0.40211645
0.40201348
0.40193564
0.40187645
0.40183172
0.40179858
0.40177476
0.4017583
0.4017473
0.40173984
0.4017345
0.4017303
0.40172684
0.4017241
0.40172234
0.40172175
0.40172237
0.401724
0.40172637
0.4017293
0.40173286
0.4017374
0.40174326
0.40175056
0.40175894
0.4017676
0.4017756
0.40178183
0.40178552
0.4017862
0.40178376
0.40177855
0.40177128
0.40176287
0.40175405
0.4017455
0.4017372
0.40172908
0.40172088
0.40171242
0.40170363
0.4016947
0.4016856
0.4016762
0.40166655
0.40165642
0.4016457
0.40163466
0.4016236
0.40161312
0.40160355
0.40159512
0.4015881
0.40158245
0.40157783
0.4015737
0.40156937
0.40156394
0.40155673
0.40154737
0.40153614
0.40152362
0.40151086
0.40149894
0.40148878
0.40148136
0.40147743
0.40147743
0.40148172
0.40149003
0.40150195
0.4015167
0.40153342
0.4015513
0.4015692
0.40158623
0.4016016
0.40161514
0.40162694
0.40163723
0.40164623
0.40165398
0.40165988
0.40166348
0.40166408
0.4016615
0.401656
0.40164846
0.40163988
0.4016313
0.40162346
0.401617
0.40161175
0.40160757
0.40160364
0.4015994
0.40159428
0.4015878
0.40157992
0.4015705
0.40155986
0.4015482
0.4015361
0.40152383
0.4015118
0.40150023
0.40148917
0.40147883
0.40146905
0.40145984
0.4014514
0.40144414
0.40143842
0.40143457
0.40143275
0.40143314
0.4014355
0.40143952
0.40144458
0.40145037
0.4014565
0.4014628
0.4014691
0.40147528
0.4014812
0.40148672
0.40149203
0.40149724
0.40150267
0.40150854
0.40151513
0.40152273
0.4015318
0.4015426
0.40155545
0.40157005
0.40158606
0.4016029
0.40161982
0.40163592
0.40165016
0.4016614
0.40166885
0.40167186
0.4016704
0.40166464
0.40165535
0.40164346
0.40163028
0.4016168
0.40160415
0.40159315
0.4015843
0.40157795
0.40157387
0.40157205
0.4015723
0.40157416
0.4015775
0.40158212
0.40158772
0.4015942
0.4016013
0.40160903
0.40161756
0.40162677
0.40163654
0.40164617
0.40165463
0.40166095
0.40166408
0.40166336
0.4016586
0.4016498
0.40163776
0.40162334
0.4016077
0.40159202
0.401577
0.40156317
0.4015507
0.40153953
0.4015296
0.401521
0.4015138
0.4015081
0.40150398
0.40150118
0.40149933
0.40149814
0.40149722
0.4014964
0.40149587
0.40149587
0.40149698
0.40149972
0.40150428
0.40151075
0.40151894
0.40152815
0.4015379
0.4015473
0.40155548
0.40156144
0.40156457
0.40156487
0.40156257
0.40155855
0.4015534
0.4015479
0.40154257
0.40153763
0.401533
0.40152842
0.40152347
0.4015181
0.4015122
0.4015058
0.4014992
0.40149277
0.4014869
0.40148178
0.4014776
0.4014745
0.40147224
0.4014706
0.40146926
0.40146786
0.40146607
0.40146384
0.40146136
0.40145922
0.4014581
0.4014587
0.40146154
0.40146667
0.4014739
0.40148312
0.4014935
0.40150434
0.40151492
0.4015245
0.40153268
0.40153897
0.40154302
0.40154508
0.40154538
0.4015447
0.40154365
0.4015429
0.40154275
0.40154326
0.4015445
0.40154666
0.40155002
0.40155512
0.40156218
0.40157127
0.40158224
0.40159425
0.40160653
0.4016177
0.40162635
0.4016312
0.40163147
0.401627
0.40161836
0.40160677
0.40159366
0.40158063
0.4015689
0.40155932
0.40155217
0.40154728
0.40154406
0.40154156
0.401539
0.40153587
0.401532
0.40152767
0.40152326
0.40151912
0.4015156
0.40151316
0.4015121
0.40151262
0.401515
0.40151927
0.40152523
0.4015325
0.40154073
0.40154964
0.40155917
0.4015692
0.4015794
0.4015894
0.40159857
0.40160632
0.4016122
0.40161613
0.40161854
0.40161985
0.4016208
0.40162176
0.40162304
0.40162435
0.40162522
0.40162483
0.4016227
0.4016186
0.40161276
0.4016057
0.40159816
0.40159085
0.40158442
0.40157968
0.40157685
0.4015763
0.40157804
0.40158182
0.40158722
0.40159366
0.40160057
0.40160713
0.4016125
0.40161577
0.40161675
0.4016155
0.40161285
0.40160975
0.40160722
0.4016062
0.40160722
0.4016106
0.40161672
0.4016253
0.40163636
0.4016494
0.401664
0.4016797
0.40169564
0.4017111
0.40172508
0.4017365
0.40174416
0.4017473
0.40174538
0.40173852
0.40172702
0.40171173
0.40169367
0.40167397
0.40165368
0.4016335
0.40161416
0.40159595
0.4015794
0.4015646
0.40155193
0.40154156
0.40153345
0.40152723
0.40152234
0.40151802
0.4015135
0.4015084
0.40150282
0.40149698
0.40149155
0.40148702
0.40148416
0.40148345
0.40148538
0.40149
0.4014974
0.40150702
0.4015182
0.40152997
0.4015412
0.40155083
0.4015583
0.40156344
0.4015666
0.40156856
0.40157026
0.40157253
0.40157607
0.40158138
0.40158838
0.401597
0.40160644
0.40161568
0.40162334
0.40162846
0.4016302
0.40162846
0.40162396
0.40161765
0.40161103
0.40160543
0.40160212
0.40160185
0.40160528
0.40161276
0.40162423
0.40163904
0.40165624
0.40167433
0.40169147
0.4017057
0.40171528
0.40171894
0.40171593
0.40170634
0.40169114
0.40167174
0.4016501
0.40162826
0.4016084
0.40159234
0.4015814
0.4015764
0.40157732
0.40158382
0.40159488
0.4016091
0.4016249
0.40164047
0.4016543
0.40166527
0.40167296
0.40167722
0.40167862
0.40167823
0.4016774
0.40167746
0.40167958
0.4016846
0.4016932
0.40170562
0.40172184
0.40174115
0.40176246
0.4017844
0.40180546
0.4018244
0.4018403
0.4018523
0.40186015
0.4018635
0.4018624
0.40185726
0.40184847
0.4018367
0.40182287
0.40180793
0.4017931
0.40177977
0.40176922
0.4017623
0.40175918
0.40175956
0.4017623
0.40176588
0.40176895
0.40177023
0.40176895
0.40176472
0.40175793
0.40174893
0.40173864
0.40172783
0.40171716
0.40170717
0.40169814
0.40169024
0.4016835
0.40167823
0.40167475
0.40167364
0.4016753
0.40167996
0.40168744
0.4016972
0.40170807
0.401719
0.40172896
0.4017372
0.40174353
0.40174788
0.4017509
0.4017532
0.40175626
0.40176114
0.4017689
0.4017798
0.40179387
0.40181044
0.4018285
0.40184677
0.40186417
0.4018798
0.40189293
0.40190342
0.40191117
0.4019164
0.40191942
0.40192026
0.40191928
0.40191606
0.4019103
0.40190154
0.40188903
0.40187222
0.40185052
0.4018239
0.40179273
0.40175763
0.40171978
0.40168062
0.40164194
0.40160528
0.401572
0.40154317
0.40151945
0.401501
0.4014876
0.4014788
0.40147376
0.4014717
0.4014718
0.4014734
0.40147588
0.40147904
0.4014827
0.40148675
0.40149143
0.40149662
0.4015021
0.40150762
0.40151262
0.40151677
0.4015198
0.40152195
0.4015234
0.40152448
0.40152556
0.40152705
0.40152922
0.40153235
0.40153652
0.40154183
0.40154812
0.4015548
0.40156102
0.40156588
0.40156844
0.40156844
0.40156603
0.40156174
0.4015564
0.4015509
0.40154567
0.40154126
0.4015379
0.40153557
0.40153435
0.4015341
0.40153462
0.4015359
0.40153807
0.4015412
0.40154555
0.40155146
0.40155905
0.40156853
0.40157992
0.4015931
0.4016082
0.40162498
0.401643
0.40166157
0.40167952
0.4016956
0.4017083
0.40171638
0.40171906
0.40171573
0.40170646
0.40169176
0.40167275
0.40165085
0.4016278
0.4016053
0.40158468
0.40156692
0.40155232
0.40154088
0.40153235
0.4015261
0.40152168
0.40151864
0.4015168
0.40151587
0.4015155
0.40151525
0.40151462
0.40151358
0.40151244
0.40151203
0.40151295
0.40151605
0.40152186
0.4015305
0.40154165
0.40155435
0.40156737
0.40157923
0.40158862
0.40159467
0.4015972
0.4015965
0.4015935
0.40158954
0.4015859
0.4015838
0.40158394
0.40158656
0.40159166
0.40159896
0.40160784
0.40161738
0.40162656
0.40163422
0.40163922
0.40164077
0.40163878
0.4016335
0.40162593
0.40161714
0.40160832
0.40160048
0.4015945
0.40159085
0.40159005
0.4015923
0.40159744
0.401605
0.40161446
0.4016249
0.40163556
0.401646
0.40165582
0.4016651
0.40167364
0.40168163
0.40168864
0.40169412
0.40169737
0.4016976
0.40169436
0.40168747
0.40167725
0.4016643
0.40164962
0.40163428
0.40161937
0.40160587
0.4015942
0.40158477
0.40157774
0.40157315
0.40157133
0.40157247
0.40157676
0.40158427
0.40159503
0.40160877
0.40162492
0.40164247
0.40166005
0.40167603
0.40168884
0.4016969
0.40169913
0.40169486
0.40168405
0.40166736
0.401646
0.40162173
0.40159625
0.4015712
0.40154782
0.40152696
0.40150928
0.40149504
0.40148446
0.4014771
0.40147266
0.40147066
0.4014705
0.40147176
0.40147427
0.40147796
0.4014829
0.40148947
0.40149784
0.40150818
0.40152055
0.40153474
0.40155044
0.40156713
0.40158394
0.40159962
0.40161356
0.40162507
0.4016342
0.40164128
0.40164706
0.4016525
0.4016584
0.40166524
0.40167296
0.40168115
0.40168917
0.4016964
0.4017027
0.40170836
0.40171432
0.40172157
0.4017309
0.40174276
0.40175688
0.40177232
0.4017875
0.40180087
0.40181103
0.40181664
0.4018169
0.40181136
0.40179983
0.40178284
0.40176105
0.40173557
0.40170762
0.4016785
0.40164965
0.40162224
0.40159744
0.40157607
0.4015591
0.40154722
0.40154073
0.4015397
0.40154368
0.40155163
0.40156215
0.40157387
0.4015854
0.40159562
0.40160424
0.40161133
0.40161747
0.40162325
0.401629
0.40163496
0.4016411
0.40164715
0.401653
0.4016588
0.4016646
0.4016705
0.40167612
0.4016807
0.40168345
0.40168363
0.40168074
0.4016748
0.40166613
0.40165538
0.4016431
0.40162987
0.4016161
0.40160218
0.40158856
0.40157592
0.40156505
0.40155685
0.40155205
0.40155146
0.40155542
0.40156385
0.4015764
0.4015924
0.40161073
0.4016301
0.40164906
0.40166628
0.40168062
0.40169144
0.40169838
0.4017018
0.40170258
0.4017017
0.40170032
0.40169954
0.40170008
0.40170208
0.40170524
0.40170854
0.40171096
0.4017111
0.4017078
0.40170035
0.40168867
0.40167332
0.4016551
0.40163535
0.40161523
0.40159586
0.40157774
0.40156126
0.40154684
0.40153474
0.40152553
0.40151975
0.40151814
0.40152168
0.40153167
0.4015503
0.40158033
0.4016259
0.40169284
0.40178916
0.40192625
0.4021213
0.4023964
0.40278158
0.40331843
0.4040645
0.40509713
0.40652153
0.4084785
0.41118836
0.41487312
0.41984224
0.42656973
0.4356965
0.4478354
