0.44255725
0.43204716
0.42416203
0.41822413
0.41379043
0.4105162
0.40811685
0.40635225
0.40506178
0.4041267
0.40345067
0.4029653
0.40261912
0.40237346
0.40219927
0.4020751
0.4019851
0.40191782
0.40186533
0.4018219
0.40178397
0.40174913
0.4017162
0.4016847
0.40165478
0.40162688
0.40160188
0.40158048
0.40156344
0.40155104
0.4015435
0.4015405
0.40154165
0.40154615
0.401553
0.40156114
0.4015692
0.40157595
0.4015804
0.40158212
0.4015811
0.40157777
0.401573
0.40156758
0.4015623
0.40155762
0.40155372
0.40155044
0.40154725
0.4015436
0.401539
0.40153348
0.40152735
0.40152133
0.40151638
0.4015134
0.401513
0.40151578
0.40152183
0.4015308
0.40154225
0.4015552
0.40156874
0.4015812
0.40159127
0.40159777
0.4015998
0.4015972
0.4015904
0.40158042
0.40156856
0.40155628
0.4015449
0.4015356
0.40152922
0.40152627
0.4015269
0.40153104
0.4015384
0.40154856
0.40156108
0.40157565
0.40159202
0.40160993
0.40162873
0.4016477
0.40166554
0.40168107
0.40169302
0.40170068
0.4017037
0.40170237
0.40169746
0.40169004
0.4016814
0.40167263
0.40166467
0.40165845
0.40165442
0.4016529
0.40165374
0.40165657
0.40166044
0.40166408
0.40166646
0.40166676
0.40166453
0.40165982
0.40165326
0.4016453
0.40163684
0.40162846
0.40162072
0.40161437
0.4016097
0.4016068
0.40160534
0.40160495
0.401605
0.40160525
0.40160587
0.4016074
0.40161058
0.40161645
0.4016255
0.40163806
0.40165374
0.40167186
0.4016911
0.40171006
0.40172732
0.40174147
0.40175125
0.401756
0.40175512
0.40174866
0.4017368
0.40172032
0.4017
0.4016774
0.40165386
0.40163088
0.4016099
0.40159193
0.4015777
0.40156752
0.40156147
0.40155914
0.40156046
0.40156513
0.40157282
0.40158316
0.40159535
0.4016084
0.40162143
0.40163353
0.40164408
0.4016531
0.40166074
0.40166748
0.40167388
0.40168047
0.40168753
0.40169504
0.40170255
0.40170926
0.401714
0.40171593
0.40171438
0.4017092
0.4017007
0.40168977
0.40167755
0.40166545
0.40165472
0.4016464
0.40164122
0.40163958
0.40164134
0.40164608
0.40165293
0.40166128
0.40167052
0.4016803
0.40169027
0.40169984
0.40170833
0.40171474
0.40171856
0.4017193
0.4017172
0.40171275
0.40170676
0.40170032
0.4016943
0.40168935
0.40168592
0.40168408
0.40168345
0.4016833
0.40168282
0.4016815
0.40167916
0.40167615
0.40167287
0.40166998
0.40166804
0.40166724
0.40166748
0.4016686
0.40167034
0.4016725
0.40167508
0.40167806
0.40168166
0.40168598
0.4016908
0.40169573
0.40170026
0.40170392
0.4017064
0.40170768
0.40170816
0.4017086
0.4017099
0.40171283
0.4017179
0.40172535
0.40173477
0.4017455
0.40175658
0.4017667
0.4017745
0.40177894
0.4017792
0.40177485
0.4017658
0.40175223
0.40173486
0.4017147
0.40169275
0.4016702
0.40164745
0.40162486
0.40160233
0.40157992
0.40155753
0.4015357
0.40151498
0.4014958
0.40147862
0.4014637
0.40145096
0.40144035
0.40143153
0.40142408
0.40141773
0.40141225
0.4014074
0.40140355
0.4014008
0.4013996
0.4014001
0.40140226
0.4014063
0.40141183
0.40141875
0.40142643
0.40143403
0.4014408
0.40144575
0.40144834
0.40144834
0.4014462
0.40144274
0.40143925
0.40143684
0.4014363
0.4014384
0.40144345
0.4014517
0.40146285
0.4014763
0.40149102
0.40150574
0.40151903
0.40152952
0.40153626
0.401539
0.4015378
0.40153357
0.40152737
0.4015203
0.4015132
0.40150666
0.40150124
0.40149724
0.40149468
0.40149385
0.4014946
0.40149656
0.40149918
0.40150163
0.4015033
0.40150368
0.40150267
0.40150067
0.40149814
0.40149572
0.401494
0.40149358
0.40149477
0.401498
0.4015032
0.40151045
0.40151954
0.40153024
0.4015423
0.40155566
0.40157
0.4015854
0.40160164
0.40161884
0.40163687
0.4016552
0.40167326
0.4016901
0.4017048
0.4017165
0.40172443
0.40172836
0.4017284
0.401725
0.40171906
0.4017118
0.40170446
0.40169832
0.40169457
0.40169367
0.40169564
0.4017002
0.40170625
0.40171275
0.4017183
0.40172178
0.40172222
0.4017193
0.40171292
0.40170377
0.4016924
0.40167993
0.40166733
0.40165523
0.40164396
0.40163335
0.401623
0.40161273
0.40160248
0.40159276
0.40158418
0.40157732
0.40157282
0.4015709
0.4015719
0.40157598
0.40158322
0.40159306
0.40160465
0.4016165
0.4016272
0.4016354
0.40164006
0.40164077
0.4016378
0.40163147
0.4016226
0.4016117
0.40159932
0.40158585
0.40157145
0.4015564
0.40154073
0.40152466
0.40150833
0.40149206
0.40147626
0.4014614
0.40144795
0.40143618
0.40142652
0.40141895
0.40141353
0.40141004
0.40140826
0.4014081
0.40140957
0.40141255
0.40141672
0.401422
0.40142813
0.40143484
0.40144202
0.40144953
0.4014574
0.40146548
0.40147358
0.40148187
0.40149033
0.40149903
0.40150806
0.40151712
0.401526
0.40153417
0.4015412
0.40154696
0.40155125
0.40155423
0.4015559
0.40155625
0.40155512
0.40155253
0.4015486
0.40154362
0.40153798
0.40153214
0.40152645
0.40152133
0.40151703
0.4015138
0.4015114
0.4015097
0.40150788
0.4015053
0.40150127
0.40149546
0.40148783
0.40147874
0.40146872
0.4014585
0.40144858
0.4014395
0.40143153
0.40142488
0.40141982
0.40141663
0.4014154
0.4014162
0.40141875
0.40142292
0.40142852
0.40143543
0.40144405
0.40145466
0.40146756
0.40148273
0.40149984
0.40151823
0.40153697
0.40155488
0.4015709
0.40158382
0.40159297
0.40159798
0.40159908
0.40159672
0.40159166
0.40158492
0.4015774
0.4015699
0.40156293
0.40155694
0.40155205
0.4015486
0.40154678
0.40154693
0.4015494
0.40155396
0.40156028
0.4015677
0.4015752
0.40158197
0.40158725
0.40159085
0.40159276
0.40159348
0.40159366
0.40159371
0.40159374
0.40159357
0.40159264
0.4015904
0.4015865
0.40158108
0.40157488
0.40156883
0.40156427
0.40156248
0.40156466
0.40157154
0.40158364
0.40160105
0.40162292
0.40164834
0.40167585
0.40170375
0.40173057
0.4017548
0.40177527
0.40179107
0.40180182
0.40180734
0.40180805
0.40180442
0.40179735
0.40178797
0.4017777
0.40176797
0.40175983
0.40175432
0.40175164
0.4017519
0.4017549
0.40176046
0.4017683
0.40177792
0.40178856
0.4017994
0.40180928
0.40181714
0.40182212
0.4018235
0.40182066
0.40181342
0.40180174
0.40178603
0.40176693
0.40174505
0.4017216
0.4016977
0.4016744
0.4016529
0.40163407
0.40161848
0.40160647
0.40159798
0.4015928
0.40159032
0.40158936
0.4015889
0.4015874
0.40158403
0.40157813
0.4015695
0.40155834
0.40154544
0.40153173
0.40151834
0.40150625
0.40149614
0.40148872
0.40148416
0.40148237
0.40148306
0.40148556
0.40148953
0.40149453
0.40150025
0.40150654
0.40151313
0.4015197
0.40152615
0.40153235
0.4015383
0.4015442
0.4015501
0.40155593
0.40156138
0.40156648
0.4015713
0.40157613
0.40158138
0.4015874
0.4015947
0.40160343
0.40161338
0.4016238
0.40163356
0.40164137
0.4016462
0.40164736
0.40164453
0.40163815
0.40162915
0.401619
0.40160933
0.4016015
0.4015965
0.40159476
0.40159622
0.40160015
0.40160543
0.40161064
0.40161422
0.40161464
0.401611
0.4016029
0.401591
0.4015764
0.40156052
0.4015449
0.40153104
0.40152013
0.4015131
0.40151072
0.40151343
0.40152138
0.40153465
0.40155274
0.40157485
0.40159988
0.40162644
0.4016528
0.4016775
0.40169936
0.40171748
0.40173137
0.40174103
0.4017467
0.40174893
0.40174845
0.40174618
0.40174314
0.4017405
0.4017391
0.40173972
0.40174282
0.4017482
0.4017554
0.4017634
0.4017711
0.40177757
0.40178177
0.4017832
0.4017815
0.40177655
0.40176862
0.40175825
0.40174627
0.40173373
0.40172207
0.40171236
0.40170544
0.4017018
0.40170154
0.401704
0.40170828
0.4017129
0.40171668
0.40171868
0.40171814
0.40171486
0.40170914
0.40170154
0.4016927
0.40168312
0.40167305
0.40166244
0.40165117
0.4016389
0.40162525
0.4016102
0.401594
0.40157714
0.40156054
0.401545
0.40153113
0.40151936
0.40150988
0.4015026
0.40149754
0.40149453
0.40149322
0.40149343
0.40149498
0.40149802
0.4015028
0.4015093
0.4015178
0.401528
0.40153953
0.40155196
0.4015648
0.4015772
0.4015884
0.40159744
0.4016034
0.40160593
0.40160504
0.40160134
0.4015957
0.40158963
0.4015843
0.40158057
0.40157908
0.40157992
0.40158272
0.40158707
0.40159246
0.40159836
0.40160456
0.40161088
0.4016172
0.40162334
0.4016291
0.40163478
0.40164044
0.40164635
0.40165246
0.40165895
0.40166593
0.40167356
0.401682
0.40169144
0.40170172
0.40171257
0.4017233
0.40173316
0.40174124
0.4017467
0.4017488
0.40174714
0.4017417
0.4017332
0.4017228
0.40171203
0.40170255
0.40169597
0.40169358
0.4016959
0.40170282
0.4017134
0.401726
0.40173888
0.40175012
0.40175813
0.40176204
0.40176126
0.40175623
0.4017476
0.40173668
0.4017248
0.40171322
0.40170258
0.4016932
0.40168464
0.40167624
0.40166706
0.4016566
0.40164435
0.40163037
0.40161484
0.40159833
0.40158135
0.4015646
0.4015485
0.4015336
0.40152046
0.4015096
0.4015019
0.40149784
0.4014978
0.40150183
0.4015098
0.40152133
0.40153587
0.40155295
0.40157172
0.4015918
0.40161252
0.40163305
0.40165251
0.4016698
0.4016838
0.4016937
0.40169874
0.40169865
0.40169325
0.40168294
0.40166843
0.4016504
0.4016302
0.40160888
0.40158767
0.40156752
0.40154934
0.40153366
0.40152067
0.40151033
0.40150252
0.401497
0.40149343
0.40149146
0.40149072
0.40149084
0.40149143
0.4014923
0.4014933
0.40149444
0.4014956
0.40149674
0.40149766
0.40149814
0.40149847
0.40149912
0.40150067
0.40150398
0.40150952
0.40151784
0.401529
0.40154302
0.40155917
0.40157694
0.4015955
0.4016142
0.40163234
0.40164924
0.40166393
0.40167564
0.40168342
0.40168694
0.40168616
0.4016814
0.40167305
0.40166157
0.40164778
0.40163252
0.40161672
0.4016016
0.40158844
0.40157828
0.401572
0.40156993
0.40157217
0.401578
0.4015866
0.40159664
0.4016068
0.40161586
0.40162238
0.40162575
0.40162548
0.40162173
0.4016152
0.40160695
0.40159845
0.4015907
0.40158457
0.40158045
0.40157828
0.40157765
0.4015781
0.40157932
0.40158138
0.40158418
0.40158793
0.40159255
0.40159777
0.40160337
0.40160918
0.401615
0.4016202
0.4016243
0.40162647
0.4016261
0.40162256
0.4016156
0.40160534
0.40159252
0.40157813
0.4015631
0.40154865
0.40153578
0.4015254
0.40151817
0.4015142
0.40151358
0.4015158
0.40152007
0.4015253
0.40153015
0.4015333
0.40153387
0.40153152
0.40152642
0.40151912
0.4015106
0.40150174
0.4014935
0.40148667
0.40148187
0.40147966
0.4014802
0.40148348
0.40148932
0.40149733
0.40150705
0.40151817
0.4015302
0.4015426
0.4015547
0.40156558
0.40157434
0.4015804
0.40158337
0.4015837
0.40158203
0.40157953
0.40157717
0.4015758
0.4015758
0.40157726
0.4015799
0.40158308
0.401586
0.40158805
0.4015885
0.401587
0.40158376
0.40157926
0.40157452
0.40157053
0.40156823
0.4015685
0.40157187
0.40157896
0.4015898
0.40160418
0.40162134
0.4016399
0.40165827
0.4016745
0.40168685
0.40169403
0.4016953
0.40169087
0.4016814
0.40166792
0.40165204
0.401635
0.40161797
0.40160194
0.40158743
0.4015746
0.40156344
0.40155387
0.40154573
0.40153894
0.40153313
0.40152842
0.40152448
0.40152118
0.40151843
0.40151638
0.4015152
0.40151492
0.4015158
0.40151802
0.40152177
0.40152726
0.40153474
0.40154466
0.40155688
0.40157163
0.40158838
0.4016069
0.4016265
0.4016465
0.40166545
0.4016824
0.4016961
0.40170565
0.40171054
0.40171054
0.40170586
0.40169683
0.4016843
0.40166906
0.40165192
0.40163377
0.40161535
0.40159744
0.4015804
0.40156478
0.4015508
0.4015387
0.40152845
0.40152
0.40151322
0.40150782
0.40150356
0.40150005
0.40149668
0.40149316
0.4014892
0.40148476
0.40147993
0.40147457
0.4014688
0.40146273
0.4014567
0.40145123
0.40144676
0.40144363
0.40144178
0.40144122
0.40144178
0.4014433
0.40144575
0.4014494
0.4014546
0.40146145
0.40147027
0.40148112
0.401494
0.40150905
0.40152606
0.40154463
0.40156427
0.40158415
0.40160343
0.4016214
0.4016375
0.40165144
0.40166333
0.40167347
0.401682
0.40168893
0.40169412
0.40169695
0.40169692
0.40169373
0.40168753
0.40167865
0.40166774
0.4016551
0.40164137
0.40162694
0.4016123
0.4015981
0.40158486
0.40157333
0.401564
0.40155733
0.4015535
0.40155277
0.40155488
0.4015594
0.40156573
0.40157285
0.40157974
0.40158528
0.40158895
0.40159062
0.40159062
0.40158966
0.4015883
0.40158716
0.40158677
0.4015873
0.40158892
0.40159136
0.40159437
0.4015978
0.40160167
0.40160638
0.40161225
0.40161982
0.401629
0.40163937
0.40165016
0.40166014
0.40166816
0.40167323
0.40167478
0.40167302
0.40166858
0.40166256
0.401656
0.4016498
0.40164423
0.4016391
0.40163383
0.40162745
0.40161934
0.40160903
0.40159646
0.401582
0.40156627
0.40154982
0.4015331
0.40151665
0.40150058
0.40148494
0.40146974
0.401455
0.40144098
0.40142807
0.4014165
0.4014067
0.40139893
0.40139335
0.40139022
0.40138948
0.40139088
0.40139425
0.40139914
0.40140498
0.40141138
0.40141803
0.40142423
0.40142986
0.40143463
0.4014384
0.40144107
0.40144265
0.4014434
0.40144345
0.40144297
0.4014423
0.40144154
0.40144107
0.4014411
0.4014419
0.40144378
0.40144688
0.4014512
0.4014566
0.40146273
0.40146923
0.40147573
0.4014819
0.40148804
0.40149444
0.40150186
0.40151125
0.40152386
0.40154162
0.40156692
0.40160316
0.40165478
0.40172774
0.40183014
0.40197298
0.40217263
0.40245035
0.40283516
0.4033681
0.40410638
0.40512776
0.40653864
0.4084814
0.41117784
0.4148526
0.4198155
0.42654037
0.43566978
0.4478148
