0.44268075
0.432209
0.4243572
0.41844803
0.4140376
0.4107814
0.4083929
0.4066327
0.40534064
0.4043979
0.40370885
0.40320605
0.4028394
0.4025719
0.40237638
0.4022331
0.40212792
0.40205055
0.40199384
0.4019526
0.40192297
0.40190172
0.40188593
0.4018729
0.4018605
0.401847
0.40183118
0.4018123
0.4017901
0.4017649
0.4017375
0.4017093
0.40168166
0.4016562
0.4016342
0.40161657
0.40160412
0.4015969
0.40159473
0.4015968
0.4016022
0.40160978
0.40161884
0.40162918
0.4016409
0.40165427
0.40166947
0.40168598
0.40170282
0.40171847
0.40173122
0.4017396
0.40174237
0.401739
0.40172946
0.40171427
0.40169433
0.40167126
0.40164673
0.4016224
0.4015999
0.40158048
0.4015648
0.401553
0.4015447
0.40153894
0.40153456
0.40153039
0.4015254
0.40151927
0.40151194
0.4015039
0.40149584
0.40148845
0.40148264
0.401479
0.4014781
0.40148017
0.40148535
0.40149367
0.40150464
0.40151805
0.40153328
0.4015497
0.40156668
0.40158382
0.4016006
0.40161648
0.40163103
0.401644
0.40165523
0.40166476
0.40167248
0.40167788
0.4016802
0.40167877
0.40167278
0.4016617
0.40164563
0.40162525
0.40160164
0.4015764
0.40155125
0.4015279
0.40150777
0.40149188
0.40148097
0.40147513
0.4014741
0.40147728
0.40148374
0.40149212
0.40150076
0.4015081
0.4015125
0.40151322
0.40151006
0.40150368
0.40149534
0.4014866
0.40147886
0.40147313
0.40147018
0.40147048
0.40147415
0.401481
0.40149084
0.4015032
0.40151757
0.4015331
0.4015487
0.40156323
0.40157554
0.4015851
0.40159178
0.40159637
0.40159994
0.40160385
0.40160918
0.40161687
0.40162736
0.4016407
0.40165606
0.40167236
0.40168798
0.4017013
0.4017108
0.40171543
0.4017146
0.4017083
0.4016969
0.40168115
0.4016623
0.40164158
0.40162063
0.4016006
0.40158245
0.40156686
0.40155387
0.40154338
0.401535
0.40152827
0.4015225
0.40151715
0.40151185
0.4015064
0.40150106
0.40149614
0.40149197
0.40148863
0.4014863
0.40148488
0.4014842
0.401484
0.4014839
0.40148368
0.40148294
0.4014814
0.40147868
0.4014748
0.40146998
0.40146473
0.40145993
0.40145612
0.40145394
0.40145385
0.4014563
0.40146145
0.40146926
0.40147975
0.40149257
0.4015075
0.40152422
0.401542
0.40156004
0.40157735
0.4015928
0.40160576
0.40161577
0.40162277
0.401627
0.4016288
0.40162882
0.4016274
0.40162486
0.4016215
0.40161756
0.40161356
0.4016101
0.40160805
0.401608
0.40161014
0.40161413
0.40161946
0.40162522
0.40163046
0.4016347
0.40163755
0.40163916
0.40163967
0.4016395
0.40163866
0.40163696
0.40163407
0.40162945
0.40162244
0.40161276
0.4016005
0.4015865
0.40157154
0.40155685
0.40154344
0.40153217
0.40152374
0.4015185
0.40151665
0.401518
0.40152207
0.4015285
0.40153664
0.40154558
0.40155458
0.40156275
0.4015695
0.40157485
0.40157932
0.401584
0.40158993
0.40159807
0.40160885
0.40162253
0.40163878
0.40165707
0.40167683
0.4016977
0.401719
0.40173987
0.40175924
0.40177616
0.4017898
0.40179986
0.401806
0.40180856
0.40180784
0.40180442
0.40179864
0.40179074
0.40178072
0.40176845
0.4017536
0.40173626
0.4017169
0.4016963
0.4016757
0.40165657
0.40164018
0.4016274
0.40161857
0.4016135
0.40161142
0.40161115
0.40161133
0.40161029
0.4016069
0.40160048
0.40159112
0.40157914
0.40156573
0.40155172
0.40153813
0.40152553
0.4015146
0.4015059
0.4014997
0.40149608
0.401495
0.4014963
0.4014995
0.4015041
0.4015095
0.40151516
0.4015205
0.40152514
0.4015292
0.4015329
0.4015367
0.40154123
0.40154687
0.40155387
0.40156212
0.40157112
0.40158033
0.40158877
0.40159556
0.40159997
0.40160167
0.40160063
0.40159732
0.40159217
0.4015856
0.4015783
0.40157053
0.40156257
0.40155455
0.40154627
0.40153757
0.40152824
0.40151837
0.4015081
0.40149787
0.40148836
0.40148026
0.4014742
0.40147048
0.40146944
0.40147093
0.40147468
0.40148038
0.40148768
0.40149632
0.40150622
0.40151748
0.4015302
0.40154454
0.4015603
0.40157712
0.4015945
0.40161148
0.4016271
0.4016405
0.40165094
0.4016581
0.401662
0.40166304
0.40166157
0.40165794
0.40165237
0.40164503
0.4016361
0.40162548
0.4016136
0.4016009
0.40158844
0.40157685
0.40156665
0.4015583
0.40155178
0.40154704
0.401544
0.40154287
0.401544
0.4015479
0.40155488
0.40156493
0.40157786
0.401593
0.40160936
0.4016258
0.40164107
0.40165424
0.40166494
0.40167347
0.40168047
0.40168706
0.401694
0.4017018
0.40171042
0.40171927
0.40172735
0.4017336
0.40173694
0.4017368
0.40173283
0.40172526
0.40171453
0.40170163
0.4016877
0.40167397
0.4016615
0.40165076
0.4016421
0.4016356
0.4016312
0.40162903
0.4016293
0.40163207
0.40163732
0.40164453
0.40165305
0.40166196
0.40167075
0.40167916
0.4016874
0.40169594
0.40170512
0.4017152
0.40172592
0.4017369
0.40174747
0.40175688
0.4017646
0.40177023
0.4017737
0.40177518
0.40177536
0.40177506
0.40177506
0.40177587
0.40177736
0.40177894
0.40177953
0.40177804
0.4017735
0.4017653
0.40175334
0.40173784
0.40171975
0.40170017
0.40168077
0.40166304
0.40164846
0.4016382
0.401633
0.40163288
0.40163743
0.40164557
0.4016558
0.40166664
0.40167654
0.40168446
0.4016897
0.40169156
0.40168944
0.40168303
0.4016722
0.40165734
0.4016388
0.40161762
0.40159476
0.40157163
0.40154925
0.40152884
0.40151137
0.40149733
0.4014872
0.40148088
0.40147805
0.4014783
0.401481
0.40148595
0.40149245
0.40150005
0.4015081
0.40151596
0.40152326
0.40152958
0.40153515
0.40154028
0.4015455
0.40155134
0.40155867
0.40156814
0.4015799
0.4015939
0.40160945
0.40162557
0.40164092
0.401654
0.40166378
0.40166962
0.4016715
0.40167007
0.4016664
0.40166196
0.40165803
0.4016559
0.40165615
0.40165907
0.40166423
0.4016709
0.40167785
0.40168422
0.4016895
0.4016937
0.4016971
0.40170062
0.4017049
0.40171054
0.40171778
0.4017261
0.40173438
0.40174142
0.40174574
0.4017463
0.40174264
0.40173477
0.4017232
0.40170896
0.40169328
0.40167743
0.40166232
0.40164843
0.40163565
0.4016238
0.4016125
0.4016013
0.40158987
0.40157804
0.40156588
0.4015536
0.40154147
0.40152943
0.40151772
0.4015062
0.4014951
0.40148473
0.40147567
0.40146846
0.40146387
0.40146232
0.4014641
0.4014694
0.401478
0.4014896
0.4015038
0.40152016
0.40153837
0.40155804
0.40157884
0.4016001
0.40162113
0.40164113
0.40165916
0.40167454
0.40168688
0.4016961
0.40170246
0.40170676
0.4017096
0.40171126
0.40171197
0.40171123
0.40170836
0.40170273
0.40169364
0.4016807
0.40166408
0.40164444
0.40162292
0.4016011
0.40158084
0.4015636
0.4015507
0.40154284
0.40154028
0.4015426
0.40154898
0.40155795
0.40156797
0.40157723
0.40158427
0.40158802
0.40158802
0.40158457
0.40157837
0.4015704
0.40156198
0.40155396
0.40154725
0.40154245
0.4015403
0.40154135
0.40154603
0.4015548
0.4015678
0.4015851
0.40160623
0.40163052
0.40165663
0.40168276
0.40170693
0.40172732
0.40174243
0.4017512
0.4017531
0.40174806
0.40173653
0.4017193
0.40169775
0.4016732
0.4016471
0.4016209
0.40159565
0.4015723
0.4015514
0.40153337
0.4015185
0.40150687
0.40149835
0.4014929
0.40149033
0.4014902
0.40149212
0.4014955
0.40149972
0.4015045
0.4015098
0.40151563
0.40152222
0.4015296
0.4015379
0.40154696
0.4015565
0.401566
0.4015747
0.4015818
0.40158674
0.4015893
0.4015899
0.40158913
0.40158767
0.4015865
0.40158623
0.40158758
0.4015907
0.40159583
0.40160295
0.40161195
0.40162244
0.40163383
0.4016451
0.40165538
0.40166375
0.40167007
0.40167442
0.4016773
0.40167943
0.4016815
0.4016841
0.40168723
0.40169063
0.4016938
0.40169618
0.4016971
0.4016961
0.40169287
0.4016878
0.40168175
0.40167594
0.40167153
0.4016698
0.40167168
0.40167773
0.40168795
0.40170163
0.4017177
0.40173474
0.4017512
0.4017658
0.4017775
0.4017856
0.40178952
0.401789
0.4017841
0.40177536
0.40176374
0.40175045
0.40173692
0.40172434
0.40171346
0.40170473
0.4016979
0.40169233
0.40168682
0.40168023
0.40167138
0.40165955
0.40164447
0.4016264
0.4016063
0.4015856
0.40156597
0.40154907
0.40153643
0.40152928
0.40152833
0.40153414
0.40154684
0.40156606
0.401591
0.40162048
0.4016528
0.4016863
0.40171912
0.40174952
0.4017761
0.4017979
0.40181437
0.40182507
0.40183023
0.40183014
0.40182543
0.4018168
0.40180495
0.4017908
0.40177527
0.4017592
0.40174302
0.40172672
0.40170985
0.40169212
0.40167314
0.40165296
0.4016318
0.40161017
0.40158865
0.4015679
0.40154874
0.40153202
0.40151834
0.40150824
0.4015019
0.40149945
0.40150067
0.401505
0.40151176
0.4015198
0.40152782
0.40153444
0.40153837
0.40153876
0.40153545
0.40152872
0.40151945
0.4015087
0.4014975
0.4014869
0.4014776
0.40147042
0.40146592
0.40146428
0.40146592
0.40147075
0.40147886
0.4014901
0.4015044
0.4015214
0.40154046
0.40156052
0.4015802
0.4015982
0.40161303
0.4016239
0.40163037
0.4016326
0.40163115
0.40162706
0.40162152
0.401616
0.40161178
0.40160975
0.40161046
0.40161407
0.40162048
0.401629
0.40163887
0.40164882
0.40165758
0.4016642
0.40166783
0.4016683
0.40166572
0.40166023
0.40165234
0.40164232
0.40163076
0.40161833
0.40160614
0.40159535
0.401587
0.40158197
0.4015806
0.4015832
0.40158957
0.40159944
0.40161243
0.4016275
0.40164366
0.40165955
0.40167382
0.4016854
0.40169346
0.401698
0.40169913
0.40169773
0.4016944
0.40168992
0.40168488
0.40167943
0.40167356
0.40166724
0.40166053
0.40165365
0.40164682
0.40164036
0.40163428
0.40162855
0.4016227
0.40161628
0.40160885
0.40160036
0.40159085
0.40158072
0.4015705
0.40156072
0.4015519
0.4015442
0.40153787
0.40153262
0.40152833
0.40152478
0.40152192
0.40151998
0.40151936
0.40152067
0.4015243
0.40153053
0.4015395
0.40155077
0.40156376
0.4015776
0.40159133
0.40160388
0.40161464
0.40162337
0.40162992
0.40163463
0.40163752
0.40163848
0.4016373
0.4016335
0.4016269
0.40161756
0.40160602
0.40159306
0.40157962
0.4015666
0.40155455
0.40154377
0.4015344
0.40152633
0.40151945
0.40151381
0.40150928
0.40150565
0.40150243
0.40149933
0.40149572
0.40149134
0.40148643
0.40148112
0.40147582
0.40147093
0.40146694
0.4014644
0.40146378
0.40146562
0.40147033
0.4014783
0.40148982
0.40150514
0.4015244
0.4015473
0.40157327
0.40160134
0.4016301
0.40165794
0.40168288
0.40170336
0.40171784
0.40172553
0.40172586
0.40171894
0.40170538
0.4016861
0.40166247
0.40163606
0.40160826
0.40158054
0.4015542
0.40153027
0.40150958
0.40149245
0.40147927
0.40147
0.4014647
0.40146327
0.40146574
0.40147206
0.40148214
0.40149555
0.40151167
0.4015298
0.40154877
0.4015677
0.4015856
0.40160152
0.4016143
0.40162328
0.4016278
0.4016277
0.4016232
0.40161505
0.4016044
0.40159246
0.40158045
0.40156943
0.40156034
0.4015538
0.4015502
0.40154973
0.40155235
0.40155822
0.40156728
0.40157968
0.40159494
0.4016124
0.40163103
0.40164974
0.40166748
0.40168318
0.40169635
0.40170708
0.40171593
0.40172383
0.40173173
0.40174046
0.40175065
0.40176263
0.4017763
0.4017913
0.40180686
0.40182203
0.40183592
0.4018476
0.4018562
0.4018612
0.4018617
0.40185744
0.4018481
0.40183362
0.4018143
0.40179065
0.40176353
0.40173408
0.40170375
0.40167424
0.40164682
0.4016227
0.40160236
0.40158573
0.40157238
0.40156174
0.4015531
0.401546
0.40154046
0.401537
0.40153643
0.40153956
0.40154693
0.40155855
0.4015741
0.4015928
0.40161347
0.40163445
0.40165418
0.401671
0.4016838
0.401692
0.40169534
0.4016943
0.40168944
0.40168175
0.401672
0.40166074
0.4016486
0.40163592
0.4016231
0.40161073
0.4015993
0.40158895
0.40157974
0.40157154
0.40156436
0.4015583
0.40155345
0.4015501
0.4015483
0.40154824
0.40154967
0.40155268
0.40155718
0.40156353
0.4015719
0.40158203
0.4015936
0.40160587
0.40161788
0.40162855
0.40163684
0.4016418
0.40164253
0.4016388
0.40163082
0.40161914
0.40160483
0.40158913
0.40157306
0.4015578
0.4015443
0.40153354
0.401526
0.40152177
0.4015207
0.4015222
0.4015256
0.40153015
0.40153518
0.4015403
0.4015456
0.4015512
0.40155718
0.40156364
0.4015704
0.4015773
0.40158406
0.40159056
0.4015968
0.40160254
0.40160745
0.40161118
0.40161344
0.40161416
0.4016135
0.4016122
0.401611
0.40161088
0.4016126
0.40161687
0.40162396
0.40163434
0.40164813
0.40166545
0.40168607
0.4017095
0.4017346
0.40175983
0.40178376
0.40180495
0.4018222
0.40183482
0.40184227
0.40184435
0.40184113
0.40183288
0.40182003
0.40180296
0.40178233
0.40175906
0.40173396
0.4017081
0.4016824
0.40165764
0.4016342
0.40161258
0.40159318
0.40157643
0.40156275
0.40155226
0.40154502
0.4015408
0.40153903
0.40153894
0.4015396
0.4015402
0.4015404
0.40154016
0.40153986
0.40154
0.4015415
0.401545
0.4015514
0.4015615
0.4015757
0.40159416
0.40161648
0.40164223
0.4016705
0.40170002
0.40172935
0.40175703
0.40178162
0.4018017
0.4018162
0.40182427
0.40182534
0.40181935
0.40180624
0.4017867
0.40176153
0.401732
0.40169975
0.40166634
0.40163335
0.401602
0.40157306
0.40154696
0.40152383
0.4015036
0.40148637
0.40147212
0.40146095
0.40145272
0.40144742
0.40144488
0.40144485
0.4014469
0.4014507
0.40145573
0.40146172
0.40146855
0.40147632
0.4014852
0.40149558
0.40150782
0.40152252
0.4015407
0.4015636
0.40159282
0.40162992
0.4016774
0.40173823
0.40181702
0.40192074
0.40206
0.4022508
0.40251634
0.4028867
0.40340477
0.40412927
0.40513936
0.40654224
0.4084801
0.41117442
0.4148488
0.41981235
0.426538
0.4356682
0.44781363
