0.44269425
0.43222672
0.4243784
0.41847205
0.4140636
0.41080847
0.40841973
0.40665817
0.40536356
0.4044172
0.40372315
0.4032136
0.40283805
0.40255907
0.40234888
0.40218744
0.4020602
0.4019569
0.40187037
0.401796
0.4017309
0.40167338
0.4016229
0.40157914
0.40154228
0.40151253
0.4014899
0.4014743
0.4014655
0.40146315
0.40146685
0.40147611
0.40149048
0.40150946
0.40153193
0.40155685
0.40158278
0.40160823
0.4016314
0.40165076
0.4016654
0.40167457
0.4016785
0.4016779
0.40167397
0.40166843
0.40166304
0.40165982
0.40166003
0.40166464
0.40167406
0.40168798
0.40170547
0.40172508
0.40174508
0.40176383
0.4017797
0.4017916
0.4017986
0.40180033
0.40179688
0.40178883
0.40177718
0.4017633
0.40174866
0.40173495
0.4017236
0.40171573
0.40171185
0.40171215
0.40171593
0.40172237
0.40173033
0.4017384
0.40174538
0.40175012
0.40175188
0.40175012
0.40174463
0.40173557
0.40172336
0.4017088
0.40169278
0.40167606
0.40165898
0.4016419
0.4016247
0.40160722
0.40158945
0.40157163
0.40155414
0.4015377
0.40152273
0.40150976
0.40149912
0.40149102
0.40148565
0.40148282
0.40148246
0.40148434
0.40148807
0.4014933
0.40150008
0.40150815
0.40151757
0.40152788
0.40153864
0.40154892
0.40155798
0.4015647
0.40156847
0.4015689
0.40156648
0.40156198
0.40155688
0.40155292
0.40155178
0.40155497
0.40156338
0.40157765
0.40159768
0.40162292
0.4016521
0.40168363
0.40171546
0.40174568
0.4017727
0.4017952
0.40181255
0.40182462
0.40183178
0.40183473
0.40183458
0.40183252
0.40182927
0.40182564
0.4018218
0.40181726
0.40181163
0.4018042
0.4017949
0.40178362
0.40177068
0.40175632
0.40174082
0.4017245
0.40170786
0.40169144
0.40167612
0.4016629
0.40165237
0.40164497
0.4016406
0.4016388
0.40163898
0.4016405
0.4016429
0.401646
0.4016496
0.40165332
0.40165678
0.40165937
0.40166044
0.40165982
0.40165743
0.40165368
0.4016488
0.4016429
0.4016361
0.40162838
0.40161976
0.40161052
0.4016011
0.40159222
0.4015846
0.4015787
0.40157503
0.40157375
0.40157524
0.4015797
0.40158713
0.40159732
0.40160963
0.40162277
0.4016352
0.40164506
0.40165088
0.40165156
0.40164655
0.40163618
0.40162134
0.40160337
0.40158427
0.4015657
0.4015491
0.40153557
0.40152568
0.4015197
0.40151766
0.40151936
0.40152448
0.40153262
0.4015434
0.4015564
0.40157124
0.40158725
0.4016038
0.40162027
0.40163597
0.40165046
0.4016633
0.4016746
0.40168485
0.40169457
0.40170392
0.40171316
0.40172186
0.40172946
0.40173513
0.40173802
0.40173766
0.40173388
0.40172678
0.4017171
0.40170583
0.40169415
0.40168336
0.40167448
0.40166834
0.401665
0.40166408
0.40166456
0.40166518
0.40166467
0.40166205
0.4016569
0.4016492
0.4016396
0.401629
0.40161848
0.40160912
0.40160173
0.4015968
0.40159437
0.40159407
0.40159538
0.40159765
0.4016004
0.40160364
0.4016077
0.4016132
0.40162063
0.4016302
0.4016417
0.4016545
0.40166774
0.40168017
0.40169072
0.40169868
0.40170377
0.40170625
0.40170676
0.4017061
0.40170524
0.40170464
0.40170458
0.40170488
0.40170497
0.40170372
0.4017001
0.40169314
0.4016823
0.4016677
0.4016498
0.4016296
0.40160796
0.40158576
0.40156367
0.40154243
0.40152264
0.40150514
0.40149072
0.40147993
0.40147313
0.40147048
0.40147206
0.4014776
0.401487
0.4014998
0.40151557
0.4015336
0.4015531
0.40157297
0.40159243
0.40161073
0.40162754
0.40164274
0.40165615
0.4016678
0.40167767
0.401686
0.40169314
0.40169907
0.40170342
0.4017059
0.40170604
0.40170375
0.40169924
0.40169287
0.40168524
0.40167704
0.40166888
0.4016614
0.4016556
0.4016523
0.40165237
0.40165657
0.40166554
0.40167943
0.40169784
0.40171975
0.40174377
0.40176803
0.40179053
0.40180957
0.40182367
0.40183192
0.4018339
0.40182972
0.40181994
0.4018053
0.40178695
0.40176615
0.40174428
0.4017225
0.40170208
0.40168378
0.4016685
0.40165657
0.4016482
0.40164313
0.4016411
0.40164155
0.40164393
0.4016479
0.4016531
0.40165928
0.40166593
0.40167278
0.40167928
0.40168464
0.4016881
0.40168875
0.40168595
0.40167952
0.40166947
0.40165606
0.40163973
0.40162122
0.40160137
0.40158138
0.4015623
0.40154558
0.40153217
0.4015229
0.40151823
0.40151846
0.40152356
0.40153337
0.4015475
0.4015655
0.40158716
0.40161192
0.40163916
0.40166837
0.40169883
0.4017297
0.40175992
0.4017881
0.40181318
0.40183407
0.40185037
0.40186203
0.4018692
0.4018726
0.40187296
0.40187117
0.40186825
0.40186518
0.401863
0.40186235
0.40186325
0.4018651
0.40186688
0.4018675
0.40186608
0.40186173
0.4018542
0.40184346
0.40183
0.40181452
0.40179792
0.4017815
0.40176642
0.40175402
0.40174532
0.40174103
0.40174133
0.40174568
0.4017531
0.40176225
0.4017715
0.40177923
0.40178406
0.40178472
0.40178046
0.40177122
0.40175736
0.40173995
0.4017205
0.40170062
0.401682
0.40166616
0.4016542
0.40164685
0.40164438
0.40164667
0.4016531
0.40166277
0.4016744
0.40168628
0.401697
0.40170535
0.40171042
0.40171185
0.40170997
0.4017052
0.40169835
0.40169054
0.40168235
0.40167415
0.401666
0.4016577
0.40164945
0.40164155
0.40163463
0.40162936
0.40162635
0.4016259
0.40162858
0.40163454
0.4016439
0.40165612
0.40167055
0.4016859
0.4017007
0.4017138
0.40172416
0.40173137
0.40173554
0.40173703
0.40173662
0.4017353
0.40173367
0.4017322
0.4017309
0.40172943
0.40172735
0.40172407
0.40171924
0.40171278
0.40170488
0.40169567
0.40168542
0.40167415
0.4016621
0.4016496
0.40163702
0.40162483
0.40161344
0.40160307
0.40159383
0.4015856
0.4015786
0.40157306
0.40156922
0.40156746
0.40156788
0.4015703
0.40157452
0.40158015
0.40158707
0.40159535
0.40160495
0.40161568
0.40162727
0.40163925
0.40165117
0.4016629
0.40167454
0.40168616
0.40169787
0.4017096
0.40172082
0.40173075
0.40173852
0.4017436
0.4017455
0.4017443
0.40174025
0.40173417
0.40172702
0.40171963
0.40171283
0.40170678
0.40170154
0.40169695
0.40169284
0.40168935
0.40168658
0.40168482
0.40168417
0.40168464
0.40168637
0.40168917
0.4016932
0.40169892
0.40170708
0.40171856
0.40173373
0.40175274
0.40177506
0.40179992
0.4018262
0.40185288
0.40187886
0.40190342
0.4019256
0.40194494
0.4019612
0.40197447
0.40198502
0.4019933
0.40199983
0.40200502
0.4020093
0.40201274
0.40201545
0.4020174
0.40201828
0.40201795
0.40201607
0.40201247
0.40200683
0.40199882
0.40198797
0.40197387
0.4019563
0.40193498
0.40190998
0.40188164
0.40185055
0.4018176
0.40178362
0.40174997
0.40171766
0.40168786
0.40166143
0.40163863
0.40161934
0.40160307
0.4015893
0.40157717
0.4015665
0.4015572
0.40154982
0.4015447
0.40154243
0.40154344
0.40154803
0.40155613
0.4015675
0.40158144
0.40159717
0.40161338
0.40162885
0.40164214
0.40165216
0.4016582
0.40166017
0.40165818
0.4016528
0.4016443
0.4016329
0.4016191
0.4016036
0.40158728
0.40157112
0.40155596
0.40154254
0.40153143
0.4015226
0.40151608
0.40151152
0.40150854
0.40150654
0.4015051
0.40150416
0.40150374
0.401504
0.40150493
0.40150666
0.40150946
0.40151355
0.40151936
0.40152764
0.40153894
0.40155357
0.40157163
0.40159264
0.40161568
0.40163952
0.4016628
0.4016843
0.40170342
0.40172014
0.40173513
0.4017497
0.40176547
0.40178457
0.4018093
0.40184227
0.4018862
0.4019446
0.40202233
0.4021262
0.40226638
0.4024576
0.4027232
0.4030921
0.403606
0.40432292
0.40532163
0.40670937
0.40862924
0.41130248
0.41495603
0.4198992
0.4266043
0.43571737
0.44784814
