0.4425967
0.4321024
0.4242351
0.41831774
0.41390634
0.41065568
0.40827814
0.40653217
0.40525597
0.40432876
0.403654
0.40316334
0.40280613
0.40254483
0.40235183
0.40220726
0.40209657
0.40200967
0.4019396
0.40188187
0.4018339
0.4017942
0.4017624
0.40173858
0.40172282
0.40171486
0.40171427
0.40172
0.40173042
0.40174365
0.40175754
0.40177017
0.40178
0.40178585
0.40178707
0.40178376
0.40177628
0.40176544
0.40175205
0.40173742
0.4017226
0.4017088
0.40169704
0.4016881
0.4016824
0.40168002
0.40168062
0.40168345
0.4016872
0.40169054
0.40169233
0.40169173
0.40168843
0.40168253
0.4016745
0.40166524
0.4016558
0.40164715
0.40164012
0.40163547
0.4016339
0.40163583
0.4016416
0.40165117
0.4016642
0.40168014
0.40169814
0.40171728
0.40173623
0.40175337
0.4017671
0.40177596
0.4017788
0.4017751
0.40176487
0.40174866
0.4017278
0.40170375
0.40167856
0.401654
0.40163162
0.40161252
0.4015971
0.4015854
0.40157685
0.40157118
0.40156794
0.40156674
0.40156737
0.4015698
0.4015744
0.40158144
0.40159124
0.40160418
0.40162057
0.4016407
0.40166447
0.4016914
0.40172058
0.4017509
0.40178072
0.40180886
0.40183407
0.40185532
0.4018718
0.40188277
0.40188795
0.40188712
0.4018805
0.4018686
0.40185228
0.40183258
0.40181082
0.40178832
0.40176648
0.40174666
0.40173003
0.40171754
0.4017096
0.401706
0.40170616
0.40170878
0.40171248
0.40171608
0.40171885
0.40172037
0.40172085
0.401721
0.40172178
0.4017243
0.40172926
0.40173674
0.40174645
0.4017574
0.40176827
0.4017776
0.40178424
0.40178737
0.40178666
0.40178195
0.40177357
0.4017621
0.40174866
0.40173438
0.40172037
0.40170744
0.40169618
0.40168697
0.4016799
0.40167493
0.40167204
0.40167126
0.40167263
0.4016761
0.4016812
0.40168768
0.40169457
0.40170103
0.4017064
0.40171
0.40171176
0.40171206
0.4017117
0.40171194
0.40171376
0.40171784
0.4017244
0.4017327
0.4017416
0.40174943
0.4017546
0.4017555
0.40175113
0.40174094
0.40172482
0.4017034
0.40167767
0.4016493
0.40161985
0.401591
0.40156433
0.40154117
0.40152258
0.40150928
0.40150154
0.40149894
0.40150085
0.40150633
0.4015144
0.40152413
0.40153474
0.40154573
0.40155703
0.40156856
0.40158075
0.40159395
0.4016085
0.40162456
0.4016423
0.40166178
0.40168256
0.40170395
0.40172482
0.40174383
0.4017595
0.40177062
0.40177622
0.40177587
0.40176955
0.4017578
0.4017414
0.4017215
0.4016992
0.40167543
0.401651
0.40162647
0.40160197
0.40157783
0.4015543
0.40153152
0.40150973
0.40148923
0.40147042
0.40145385
0.40144005
0.40142968
0.40142313
0.40142056
0.40142202
0.40142742
0.40143654
0.40144897
0.40146443
0.40148243
0.40150246
0.40152407
0.4015465
0.4015689
0.40159017
0.4016091
0.40162447
0.40163553
0.4016417
0.40164307
0.40164015
0.40163377
0.40162492
0.40161455
0.40160334
0.40159187
0.4015805
0.40156984
0.40156087
0.40155432
0.40155104
0.40155163
0.40155643
0.40156564
0.4015793
0.40159732
0.40161952
0.40164557
0.40167508
0.40170744
0.40174156
0.40177628
0.4018103
0.40184236
0.40187174
0.40189794
0.4019208
0.40194052
0.40195748
0.40197232
0.4019856
0.40199798
0.40201068
0.40202537
0.4020448
0.40207312
0.40211618
0.40218252
0.40228423
0.40243798
0.4026677
0.4030069
0.40349737
0.40419805
0.40518838
0.40657526
0.4085007
0.4111854
0.41485298
0.419812
0.4265346
0.4356641
0.44781017
