0.44260788
0.4321131
0.42424083
0.41831353
0.41388795
0.4106197
0.4082234
0.4064586
0.40516388
0.40421948
0.40352848
0.40302268
0.4026513
0.40237746
0.40217397
0.40202147
0.40190604
0.4018177
0.4017494
0.4016964
0.40165538
0.4016243
0.40160173
0.40158656
0.40157744
0.40157312
0.401572
0.4015726
0.40157345
0.40157357
0.4015727
0.401571
0.40156916
0.4015677
0.40156695
0.40156725
0.40156856
0.40157086
0.40157402
0.40157828
0.4015838
0.4015909
0.4015998
0.40161046
0.40162244
0.40163505
0.4016471
0.40165716
0.40166408
0.40166712
0.401666
0.40166068
0.40165177
0.40164018
0.4016271
0.40161335
0.40159965
0.4015863
0.40157336
0.40156075
0.40154848
0.4015368
0.4015263
0.40151745
0.4015109
0.4015069
0.40150535
0.40150604
0.40150827
0.40151143
0.4015149
0.40151823
0.40152133
0.40152434
0.40152746
0.40153098
0.40153491
0.401539
0.40154314
0.40154693
0.4015501
0.40155205
0.40155277
0.40155223
0.40155086
0.40154913
0.40154755
0.4015465
0.40154636
0.40154684
0.40154785
0.40154892
0.40155
0.40155104
0.40155226
0.4015538
0.40155575
0.40155822
0.4015613
0.40156475
0.40156844
0.4015723
0.40157607
0.40158015
0.401585
0.4015913
0.40159956
0.40161005
0.40162265
0.401637
0.40165222
0.40166697
0.40167966
0.40168858
0.40169248
0.40169054
0.40168253
0.4016689
0.40165082
0.40162966
0.40160722
0.40158483
0.40156403
0.40154606
0.40153188
0.40152195
0.40151638
0.40151492
0.40151697
0.4015216
0.40152782
0.40153456
0.4015412
0.4015474
0.40155315
0.40155843
0.40156317
0.4015672
0.40157026
0.40157232
0.4015733
0.40157324
0.4015723
0.40157086
0.40156952
0.40156934
0.40157086
0.40157476
0.40158153
0.40159103
0.40160298
0.40161678
0.40163162
0.4016466
0.401661
0.40167424
0.40168616
0.40169662
0.40170556
0.40171325
0.4017204
0.40172774
0.4017362
0.4017464
0.4017584
0.40177205
0.40178633
0.40180036
0.40181312
0.40182373
0.4018314
0.40183568
0.401836
0.4018322
0.4018243
0.4018125
0.40179726
0.40177938
0.40175948
0.40173814
0.40171608
0.4016938
0.4016716
0.4016497
0.40162843
0.40160826
0.40158975
0.40157366
0.4015606
0.40155113
0.40154573
0.40154463
0.4015478
0.4015546
0.40156457
0.40157658
0.40158936
0.4016021
0.40161374
0.4016238
0.40163174
0.40163735
0.40164047
0.4016413
0.40164033
0.40163827
0.40163615
0.40163505
0.40163577
0.4016388
0.4016441
0.4016511
0.4016589
0.40166646
0.4016731
0.40167865
0.40168345
0.40168813
0.4016936
0.40170068
0.40170985
0.40172133
0.40173507
0.40175027
0.4017659
0.40178064
0.40179348
0.40180343
0.40180996
0.4018126
0.40181112
0.40180516
0.40179467
0.4017797
0.4017608
0.40173858
0.40171424
0.40168902
0.40166435
0.4016413
0.40162095
0.40160415
0.40159157
0.40158358
0.40158042
0.40158185
0.40158722
0.40159547
0.40160504
0.40161425
0.40162146
0.40162534
0.401625
0.40162033
0.4016116
0.40159938
0.4015848
0.40156862
0.4015518
0.401535
0.4015188
0.40150356
0.40148956
0.40147695
0.4014659
0.40145668
0.40144995
0.40144593
0.40144503
0.40144753
0.4014533
0.40146205
0.40147325
0.40148634
0.40150058
0.4015156
0.40153092
0.40154627
0.40156147
0.40157628
0.4015906
0.40160373
0.40161532
0.4016247
0.4016318
0.40163687
0.40164033
0.4016427
0.40164438
0.40164524
0.4016448
0.40164247
0.4016377
0.4016304
0.40162072
0.4016095
0.40159786
0.40158683
0.4015772
0.4015697
0.40156454
0.4015617
0.40156093
0.401562
0.40156445
0.40156808
0.40157264
0.40157783
0.40158337
0.40158913
0.40159497
0.4016012
0.40160772
0.40161452
0.40162107
0.40162694
0.4016317
0.40163523
0.40163732
0.40163794
0.40163687
0.4016337
0.401628
0.40161952
0.40160832
0.40159476
0.4015794
0.4015626
0.401545
0.40152723
0.4015102
0.401495
0.40148264
0.401474
0.40146977
0.40147048
0.4014766
0.4014881
0.40150484
0.4015263
0.40155143
0.4015789
0.4016071
0.4016343
0.40165865
0.4016789
0.40169394
0.401703
0.40170583
0.4017024
0.40169302
0.40167826
0.401659
0.40163642
0.4016117
0.40158615
0.40156096
0.4015371
0.40151548
0.4014968
0.40148154
0.40146956
0.40146077
0.4014548
0.4014514
0.40145043
0.40145195
0.40145588
0.40146264
0.4014724
0.40148553
0.40150213
0.40152192
0.40154442
0.40156856
0.40159306
0.40161625
0.40163624
0.4016513
0.40165988
0.40166137
0.40165547
0.4016429
0.40162492
0.40160307
0.4015792
0.4015549
0.40153173
0.40151086
0.40149316
0.4014792
0.40146956
0.40146455
0.4014644
0.4014692
0.40147874
0.4014927
0.40151033
0.40153074
0.40155268
0.40157458
0.4015951
0.40161276
0.40162623
0.40163475
0.4016379
0.40163592
0.40162945
0.4016196
0.4016078
0.40159562
0.4015846
0.40157598
0.40157044
0.40156832
0.40156934
0.40157267
0.4015774
0.40158212
0.40158573
0.40158722
0.40158615
0.40158278
0.40157777
0.40157205
0.40156665
0.40156224
0.40155923
0.40155762
0.40155685
0.40155613
0.40155458
0.4015514
0.40154606
0.40153876
0.4015299
0.40152028
0.40151075
0.40150234
0.40149578
0.4014917
0.40149045
0.40149218
0.40149674
0.40150386
0.4015131
0.401524
0.401536
0.4015487
0.40156206
0.40157598
0.4015902
0.40160468
0.40161896
0.40163255
0.40164477
0.40165478
0.4016623
0.401667
0.40166903
0.40166846
0.4016654
0.40165955
0.40165102
0.40163982
0.4016261
0.40161029
0.40159297
0.40157503
0.4015573
0.4015407
0.4015259
0.40151322
0.40150264
0.40149388
0.40148643
0.40147978
0.40147346
0.401467
0.40146038
0.40145373
0.40144742
0.40144208
0.40143815
0.40143606
0.40143582
0.40143746
0.4014407
0.40144548
0.4014517
0.4014594
0.40146863
0.40147984
0.40149322
0.40150887
0.40152672
0.40154627
0.40156677
0.40158704
0.40160576
0.40162155
0.40163308
0.40163967
0.4016412
0.40163794
0.40163097
0.40162146
0.4016107
0.4015997
0.40158954
0.40158057
0.40157312
0.40156707
0.40156224
0.40155867
0.40155643
0.40155575
0.40155712
0.40156084
0.40156725
0.40157676
0.40158945
0.401605
0.40162304
0.40164232
0.40166178
0.40167966
0.40169445
0.40170494
0.40171057
0.4017111
0.40170693
0.40169922
0.401689
0.4016779
0.4016675
0.40165937
0.4016547
0.40165448
0.40165925
0.401669
0.40168312
0.40170062
0.4017198
0.40173924
0.4017577
0.40177417
0.401788
0.40179855
0.40180555
0.4018087
0.4018079
0.4018031
0.40179446
0.40178254
0.40176806
0.40175185
0.40173462
0.40171665
0.40169793
0.40167844
0.4016582
0.40163743
0.40161663
0.40159664
0.40157828
0.4015626
0.40155062
0.4015432
0.40154076
0.40154362
0.40155175
0.40156457
0.40158123
0.4016003
0.40162024
0.40163922
0.40165552
0.40166783
0.4016749
0.4016764
0.40167224
0.4016632
0.40165043
0.40163535
0.40161988
0.40160525
0.4015928
0.40158343
0.40157762
0.40157542
0.40157667
0.40158075
0.40158692
0.40159416
0.4016014
0.40160784
0.4016127
0.40161556
0.40161663
0.40161628
0.40161517
0.4016137
0.4016121
0.40161023
0.40160763
0.40160388
0.40159854
0.4015918
0.401584
0.4015758
0.40156808
0.4015617
0.40155718
0.40155488
0.4015547
0.40155646
0.40156
0.401565
0.40157112
0.40157813
0.4015856
0.40159285
0.4015993
0.401604
0.40160647
0.40160647
0.40160412
0.4015997
0.401594
0.4015874
0.40158042
0.40157342
0.40156657
0.4015602
0.40155452
0.40154982
0.40154612
0.4015433
0.40154094
0.40153846
0.4015353
0.40153095
0.40152535
0.40151894
0.4015123
0.40150607
0.40150118
0.40149817
0.4014978
0.40150064
0.40150714
0.40151748
0.40153155
0.40154874
0.4015683
0.40158913
0.40161005
0.40162987
0.40164724
0.4016611
0.40167078
0.40167597
0.401677
0.40167448
0.40166926
0.40166244
0.4016551
0.40164813
0.40164217
0.40163782
0.40163532
0.4016345
0.40163502
0.40163618
0.40163743
0.40163794
0.40163735
0.40163547
0.40163234
0.4016282
0.40162325
0.4016176
0.4016112
0.40160415
0.40159613
0.40158692
0.40157664
0.40156573
0.4015548
0.4015447
0.40153614
0.40152982
0.40152618
0.40152535
0.40152735
0.4015319
0.40153852
0.40154693
0.40155676
0.4015681
0.40158093
0.4015952
0.40161076
0.4016275
0.401645
0.40166265
0.4016796
0.40169477
0.40170723
0.40171656
0.40172255
0.4017262
0.40172908
0.4017338
0.40174374
0.40176323
0.4017976
0.4018536
0.4019397
0.40206724
0.4022517
0.40251616
0.40288842
0.40340933
0.40413594
0.40514597
0.40654615
0.408479
0.4111666
0.41483444
0.41979283
0.42651552
0.43564683
0.44779685
