0.4425863
0.4320829
0.42420077
0.41826195
0.41382343
0.4105409
0.40813088
0.40635383
0.40504992
0.4041012
0.40341166
0.40291378
0.402557
0.40230325
0.40212402
0.4019978
0.4019087
0.40184498
0.40179858
0.40176392
0.40173784
0.4017181
0.401704
0.40169498
0.4016904
0.40168992
0.40169275
0.40169865
0.4017072
0.40171826
0.40173137
0.4017461
0.4017617
0.40177715
0.40179127
0.40180317
0.40181187
0.40181664
0.4018175
0.40181455
0.40180844
0.4018002
0.40179092
0.40178183
0.4017741
0.40176806
0.4017637
0.40176043
0.40175745
0.40175405
0.40174958
0.4017441
0.40173757
0.40173012
0.4017219
0.40171292
0.40170318
0.40169227
0.4016802
0.4016671
0.4016536
0.40164036
0.4016282
0.40161783
0.40160918
0.40160194
0.40159535
0.4015886
0.40158066
0.40157115
0.40155986
0.40154684
0.4015325
0.4015175
0.40150255
0.40148824
0.4014754
0.4014647
0.4014568
0.40145248
0.40145206
0.40145582
0.40146348
0.40147454
0.40148827
0.4015039
0.40152064
0.40153807
0.40155604
0.4015748
0.4015945
0.40161523
0.40163687
0.4016588
0.40168023
0.40170005
0.4017171
0.40173003
0.40173832
0.40174156
0.40174
0.40173432
0.4017257
0.40171552
0.4017053
0.40169618
0.40168884
0.40168315
0.4016786
0.40167424
0.40166885
0.40166155
0.40165147
0.4016384
0.40162244
0.4016041
0.40158427
0.40156394
0.40154412
0.40152568
0.40150946
0.40149605
0.4014857
0.40147862
0.40147477
0.40147403
0.40147644
0.40148205
0.40149072
0.4015023
0.40151644
0.4015325
0.40154976
0.40156743
0.40158445
0.40159988
0.40161267
0.40162182
0.4016267
0.40162727
0.4016241
0.40161842
0.40161175
0.4016059
0.40160242
0.40160242
0.40160647
0.40161473
0.40162686
0.40164253
0.40166125
0.4016828
0.40170658
0.40173182
0.40175754
0.40178218
0.40180445
0.40182316
0.40183705
0.4018453
0.40184757
0.40184364
0.4018337
0.40181828
0.40179798
0.40177396
0.40174755
0.40172017
0.4016931
0.40166724
0.40164334
0.4016219
0.4016031
0.4015873
0.40157458
0.40156496
0.40155837
0.4015543
0.40155193
0.4015506
0.40154952
0.40154815
0.4015465
0.40154478
0.40154344
0.40154302
0.40154397
0.4015465
0.4015507
0.4015564
0.4015635
0.40157136
0.4015793
0.40158647
0.40159187
0.4015948
0.4015951
0.40159303
0.40158913
0.40158427
0.40157914
0.40157467
0.40157133
0.4015696
0.40156996
0.40157267
0.40157792
0.40158546
0.40159503
0.4016063
0.40161896
0.40163282
0.40164787
0.40166384
0.40168053
0.40169755
0.40171427
0.4017297
0.40174323
0.40175402
0.40176153
0.401765
0.40176395
0.40175807
0.40174752
0.40173274
0.40171477
0.4016949
0.40167466
0.40165552
0.40163887
0.40162557
0.4016162
0.40161082
0.4016091
0.40161023
0.40161312
0.40161645
0.4016189
0.4016196
0.40161818
0.40161473
0.40160975
0.40160412
0.4015985
0.40159366
0.4015898
0.40158698
0.40158486
0.401583
0.4015807
0.40157738
0.4015725
0.4015656
0.4015569
0.40154684
0.40153593
0.40152484
0.40151393
0.40150347
0.40149346
0.40148404
0.40147573
0.40146914
0.40146464
0.40146258
0.4014631
0.4014658
0.4014703
0.40147573
0.40148136
0.40148634
0.40149015
0.40149242
0.40149245
0.40148976
0.40148398
0.401475
0.40146345
0.40145016
0.4014364
0.4014234
0.40141225
0.40140387
0.4013991
0.40139842
0.40140218
0.4014106
0.40142372
0.40144145
0.40146354
0.4014896
0.40151894
0.4015507
0.4015838
0.40161687
0.4016486
0.4016779
0.40170377
0.40172508
0.40174124
0.40175164
0.40175623
0.4017554
0.4017497
0.40174043
0.4017287
0.401716
0.40170392
0.4016938
0.40168634
0.40168154
0.40167883
0.40167704
0.40167478
0.40167096
0.40166476
0.40165606
0.401645
0.40163222
0.40161866
0.4016052
0.4015928
0.40158224
0.40157387
0.40156785
0.40156412
0.4015623
0.40156162
0.40156138
0.4015609
0.40155998
0.40155867
0.4015574
0.40155673
0.40155718
0.40155903
0.40156248
0.40156746
0.4015739
0.40158156
0.40159023
0.40159988
0.4016103
0.40162137
0.40163288
0.40164483
0.40165734
0.40167043
0.40168402
0.40169778
0.40171134
0.4017243
0.4017365
0.4017479
0.4017587
0.40176892
0.40177816
0.401786
0.40179178
0.40179515
0.40179577
0.4017936
0.4017887
0.4017815
0.40177232
0.40176126
0.40174848
0.40173337
0.40171573
0.40169534
0.4016725
0.40164784
0.4016221
0.40159616
0.40157086
0.40154687
0.40152466
0.40150484
0.4014882
0.40147528
0.40146652
0.40146205
0.40146163
0.4014647
0.40147054
0.401478
0.401486
0.40149376
0.4015009
0.4015075
0.40151408
0.4015213
0.4015298
0.40154013
0.40155262
0.4015672
0.4015834
0.4016002
0.40161628
0.40163004
0.40163973
0.40164426
0.401643
0.40163592
0.40162376
0.4016078
0.40158975
0.40157163
0.40155533
0.4015426
0.40153494
0.40153337
0.4015385
0.40155044
0.40156898
0.4015933
0.40162206
0.40165365
0.40168595
0.40171665
0.40174386
0.40176585
0.4017814
0.40178987
0.4017911
0.40178555
0.401774
0.4017575
0.40173733
0.4017146
0.40169078
0.40166706
0.4016448
0.40162474
0.4016078
0.40159416
0.40158424
0.40157855
0.40157783
0.40158382
0.40159878
0.4016259
0.40166947
0.40173507
0.40183058
0.40196696
0.4021603
0.4024324
0.40281245
0.40334165
0.40407756
0.4050983
0.40651026
0.40845552
0.41115546
0.41483355
0.41979966
0.42652747
0.4356595
0.44780722
