0.44256917
0.4320636
0.42418325
0.41825005
0.4138199
0.41054675
0.40814465
0.4063724
0.4050688
0.40411556
0.40341708
0.40290663
0.40253487
0.40226555
0.4020716
0.40193307
0.40183496
0.4017658
0.40171683
0.40168175
0.40165615
0.4016373
0.40162364
0.40161443
0.40160927
0.40160766
0.4016091
0.4016126
0.40161705
0.40162134
0.40162432
0.4016256
0.40162474
0.40162224
0.40161824
0.40161303
0.40160668
0.40159896
0.40158948
0.40157795
0.40156412
0.4015482
0.4015308
0.40151265
0.4014945
0.401477
0.40146062
0.4014457
0.40143257
0.40142167
0.40141353
0.4014085
0.40140688
0.40140867
0.4014138
0.401422
0.4014331
0.401447
0.40146363
0.40148297
0.40150502
0.40152937
0.4015552
0.40158147
0.40160674
0.40162927
0.40164778
0.4016611
0.40166858
0.40167016
0.40166616
0.40165734
0.40164468
0.40162933
0.40161258
0.40159538
0.40157896
0.40156406
0.4015517
0.40154225
0.40153584
0.40153217
0.40153053
0.40153015
0.40152997
0.40152925
0.40152764
0.4015252
0.40152246
0.40152016
0.40151894
0.4015193
0.40152153
0.40152577
0.40153167
0.4015387
0.40154615
0.40155315
0.4015589
0.40156317
0.401566
0.40156782
0.4015695
0.40157172
0.40157533
0.40158054
0.40158758
0.40159586
0.4016046
0.4016127
0.40161887
0.40162203
0.40162134
0.40161645
0.40160736
0.40159476
0.4015797
0.40156347
0.40154782
0.40153396
0.4015233
0.40151623
0.40151286
0.401513
0.4015161
0.40152162
0.40152892
0.40153757
0.40154696
0.4015561
0.40156427
0.40157026
0.40157345
0.4015737
0.40157112
0.4015665
0.40156066
0.40155452
0.40154874
0.401544
0.40154085
0.40153962
0.4015405
0.4015433
0.4015474
0.40155202
0.40155622
0.40155897
0.40155947
0.40155727
0.4015522
0.40154472
0.40153542
0.4015254
0.40151566
0.40150732
0.40150127
0.40149817
0.4014987
0.40150297
0.40151075
0.4015216
0.40153474
0.4015491
0.40156367
0.40157756
0.40159
0.40160048
0.40160918
0.4016166
0.4016237
0.4016313
0.40164006
0.40165028
0.4016617
0.40167382
0.40168598
0.4016975
0.40170774
0.40171638
0.40172356
0.40172943
0.40173477
0.40174022
0.4017467
0.40175506
0.40176585
0.40177906
0.4017942
0.4018103
0.40182564
0.40183893
0.4018487
0.40185383
0.40185383
0.4018484
0.40183753
0.40182197
0.40180257
0.40178052
0.4017573
0.4017341
0.40171215
0.40169173
0.4016733
0.40165654
0.40164134
0.40162754
0.40161523
0.40160483
0.40159637
0.40159008
0.40158597
0.4015837
0.40158275
0.4015823
0.4015814
0.4015794
0.40157598
0.40157127
0.40156555
0.4015593
0.40155277
0.40154642
0.40154058
0.40153548
0.4015311
0.40152737
0.4015239
0.4015201
0.4015155
0.4015097
0.4015026
0.40149468
0.40148655
0.40147904
0.4014729
0.40146863
0.4014667
0.40146726
0.40147048
0.40147632
0.4014846
0.40149495
0.40150645
0.40151817
0.40152884
0.40153757
0.40154362
0.40154687
0.40154764
0.40154678
0.40154502
0.40154338
0.40154248
0.40154296
0.40154508
0.401549
0.40155464
0.4015618
0.40157032
0.40157992
0.4015898
0.4015993
0.40160725
0.40161234
0.40161413
0.40161222
0.40160704
0.40159956
0.40159118
0.40158346
0.40157786
0.40157574
0.401578
0.40158516
0.40159702
0.40161303
0.40163207
0.4016526
0.40167278
0.40169096
0.40170538
0.4017148
0.40171853
0.40171638
0.4017089
0.401697
0.401682
0.4016657
0.4016498
0.40163624
0.40162638
0.40162113
0.4016208
0.40162507
0.4016331
0.4016437
0.4016557
0.40166765
0.4016782
0.40168616
0.4016906
0.40169123
0.40168807
0.4016816
0.40167275
0.40166232
0.40165144
0.40164077
0.40163115
0.4016228
0.40161592
0.4016099
0.40160406
0.40159774
0.40159014
0.40158108
0.4015706
0.4015593
0.40154764
0.4015364
0.4015261
0.4015173
0.4015105
0.40150577
0.40150332
0.40150297
0.40150467
0.40150824
0.40151355
0.40151998
0.40152678
0.40153295
0.40153763
0.40154025
0.40154055
0.40153873
0.40153524
0.40153047
0.4015248
0.40151876
0.40151235
0.40150568
0.4014988
0.40149173
0.40148464
0.40147763
0.4014707
0.40146393
0.40145728
0.40145087
0.40144488
0.40143937
0.40143454
0.40143082
0.40142855
0.40142813
0.4014301
0.4014346
0.40144175
0.40145147
0.40146363
0.40147775
0.40149376
0.40151143
0.40153047
0.40155068
0.40157115
0.401591
0.40160912
0.4016243
0.4016357
0.40164316
0.40164685
0.40164727
0.4016453
0.40164188
0.4016377
0.40163335
0.4016289
0.40162423
0.40161908
0.40161294
0.4016056
0.40159693
0.40158704
0.40157628
0.40156564
0.40155602
0.40154848
0.40154377
0.40154266
0.40154508
0.40155113
0.4015602
0.40157154
0.4015844
0.40159786
0.40161148
0.40162507
0.40163842
0.40165135
0.40166336
0.401674
0.40168247
0.40168798
0.40168995
0.40168804
0.4016824
0.4016733
0.40166113
0.4016466
0.40163037
0.40161303
0.401595
0.40157664
0.4015582
0.40154004
0.4015228
0.40150723
0.4014941
0.40148374
0.4014766
0.4014726
0.40147167
0.4014731
0.40147632
0.4014805
0.40148482
0.40148902
0.4014927
0.40149578
0.40149802
0.40149945
0.40150014
0.40150052
0.40150136
0.40150356
0.40150782
0.4015143
0.40152293
0.40153325
0.40154442
0.40155557
0.4015655
0.4015737
0.40157974
0.40158382
0.4015862
0.40158752
0.40158787
0.40158734
0.40158588
0.40158337
0.40158033
0.4015772
0.4015745
0.4015724
0.40157118
0.40157107
0.40157235
0.40157548
0.40158066
0.40158793
0.40159723
0.40160826
0.4016209
0.40163448
0.40164876
0.40166342
0.40167868
0.40169483
0.4017123
0.40173125
0.40175122
0.4017714
0.4017904
0.40180683
0.40181932
0.40182698
0.40182927
0.40182626
0.40181872
0.40180752
0.40179422
0.40178025
0.40176684
0.4017551
0.4017455
0.40173814
0.40173304
0.40172997
0.40172857
0.40172836
0.40172842
0.4017279
0.40172595
0.40172195
0.40171558
0.40170693
0.40169638
0.40168497
0.40167367
0.4016633
0.40165442
0.4016471
0.40164128
0.40163618
0.4016313
0.40162575
0.40161872
0.40160984
0.40159878
0.4015858
0.40157127
0.4015557
0.40153953
0.4015234
0.40150785
0.4014936
0.4014814
0.4014718
0.40146548
0.40146282
0.4014641
0.40146917
0.40147752
0.40148854
0.40150124
0.40151486
0.40152848
0.40154156
0.40155375
0.40156445
0.40157324
0.40158007
0.401585
0.40158862
0.40159187
0.40159556
0.4016004
0.4016066
0.4016142
0.40162286
0.40163222
0.40164194
0.40165126
0.40165973
0.4016666
0.4016715
0.4016745
0.40167618
0.40167743
0.40167937
0.4016827
0.40168777
0.40169454
0.40170234
0.40171033
0.40171772
0.40172383
0.40172827
0.4017311
0.4017328
0.40173408
0.40173578
0.40173897
0.4017443
0.40175205
0.40176198
0.4017734
0.4017851
0.40179545
0.401803
0.40180647
0.40180498
0.40179804
0.4017857
0.40176845
0.401747
0.40172228
0.4016953
0.40166697
0.4016378
0.4016083
0.40157908
0.40155053
0.40152347
0.4014986
0.4014763
0.40145704
0.40144113
0.40142873
0.40141985
0.40141436
0.401412
0.40141264
0.401416
0.40142182
0.40143004
0.40144047
0.40145284
0.40146703
0.4014827
0.40149924
0.40151593
0.4015319
0.40154636
0.4015589
0.4015696
0.4015788
0.40158725
0.40159553
0.40160438
0.40161416
0.4016247
0.4016355
0.40164518
0.4016525
0.40165606
0.40165502
0.4016489
0.40163806
0.40162304
0.40160486
0.40158513
0.4015654
0.40154713
0.40153152
0.4015194
0.40151113
0.4015067
0.4015058
0.4015079
0.40151235
0.40151832
0.40152526
0.40153292
0.4015412
0.40154985
0.40155873
0.40156737
0.4015752
0.4015817
0.4015862
0.40158856
0.40158898
0.4015879
0.4015862
0.4015847
0.40158427
0.40158534
0.40158826
0.40159282
0.4015987
0.40160495
0.40161082
0.40161592
0.40162
0.40162334
0.4016265
0.40162998
0.4016338
0.4016376
0.40164104
0.40164343
0.40164453
0.40164426
0.40164274
0.40163997
0.40163597
0.40163076
0.40162414
0.40161628
0.40160766
0.4015991
0.40159154
0.40158597
0.40158325
0.40158397
0.40158844
0.40159675
0.40160868
0.40162337
0.4016396
0.40165603
0.4016708
0.40168262
0.40169027
0.4016933
0.4016916
0.4016856
0.40167585
0.40166333
0.40164906
0.40163404
0.40161884
0.40160397
0.40158966
0.40157598
0.40156308
0.40155116
0.40154046
0.40153134
0.40152434
0.40151986
0.40151832
0.40152004
0.4015252
0.4015337
0.40154502
0.40155825
0.40157232
0.40158594
0.40159807
0.40160784
0.40161476
0.40161893
0.40162054
0.40162006
0.40161765
0.4016134
0.40160722
0.40159866
0.40158775
0.4015747
0.40156016
0.401545
0.4015302
0.40151715
0.40150663
0.40149915
0.4014949
0.40149382
0.40149564
0.40149987
0.4015062
0.40151408
0.4015232
0.40153337
0.40154466
0.4015567
0.40156922
0.40158182
0.40159377
0.40160477
0.40161458
0.40162346
0.40163162
0.4016394
0.40164682
0.40165368
0.4016599
0.40166587
0.40167174
0.40167823
0.4016857
0.40169433
0.40170398
0.40171444
0.40172565
0.40173745
0.40174985
0.40176266
0.40177545
0.40178734
0.40179726
0.40180403
0.40180683
0.40180472
0.40179738
0.40178478
0.40176716
0.40174532
0.40172032
0.40169352
0.40166652
0.40164125
0.401619
0.4016011
0.4015882
0.4015804
0.4015776
0.4015793
0.40158474
0.40159312
0.4016035
0.40161446
0.401625
0.40163437
0.40164185
0.40164685
0.40164894
0.4016477
0.4016432
0.40163577
0.40162635
0.40161583
0.40160543
0.40159586
0.40158778
0.40158176
0.40157822
0.4015774
0.40157965
0.40158477
0.4015926
0.40160227
0.40161273
0.40162256
0.4016303
0.40163463
0.4016346
0.40162975
0.40162036
0.4016073
0.40159202
0.40157625
0.40156198
0.40155053
0.40154323
0.40154082
0.40154362
0.40155172
0.40156487
0.4015824
0.4016033
0.40162647
0.40165043
0.40167364
0.40169495
0.4017134
0.40172794
0.4017379
0.40174294
0.4017433
0.4017395
0.40173274
0.40172416
0.40171546
0.40170822
0.40170386
0.40170357
0.40170762
0.4017159
0.40172738
0.4017409
0.40175515
0.40176865
0.40178025
0.40178886
0.40179345
0.4017936
0.40178892
0.4017794
0.40176564
0.4017485
0.40172923
0.40170935
0.40169054
0.40167433
0.4016615
0.40165278
0.40164813
0.401647
0.4016484
0.40165094
0.40165338
0.40165448
0.4016536
0.40165043
0.40164506
0.40163806
0.40162966
0.40162054
0.40161073
0.4016005
0.40159014
0.40157977
0.40156972
0.4015603
0.40155205
0.4015455
0.40154064
0.40153754
0.40153593
0.40153545
0.4015356
0.40153617
0.4015373
0.40153903
0.40154165
0.40154514
0.40154934
0.40155405
0.40155882
0.40156335
0.40156773
0.40157205
0.4015764
0.40158066
0.4015846
0.40158775
0.40158963
0.40159002
0.40158904
0.40158704
0.40158474
0.40158278
0.4015817
0.40158185
0.4015833
0.40158615
0.40159014
0.4015951
0.40160048
0.40160564
0.40160978
0.40161216
0.4016119
0.4016082
0.40160075
0.40158945
0.40157485
0.40155786
0.40153953
0.4015208
0.40150255
0.4014852
0.4014693
0.40145522
0.40144342
0.40143427
0.40142816
0.40142533
0.40142593
0.40142992
0.40143746
0.4014483
0.4014622
0.4014787
0.40149724
0.4015168
0.40153682
0.4015564
0.4015754
0.40159348
0.40161046
0.40162602
0.4016395
0.40165013
0.40165713
0.40166003
0.40165868
0.4016535
0.40164524
0.40163472
0.4016232
0.4016117
0.4016012
0.40159237
0.4015855
0.40158054
0.40157726
0.4015752
0.40157402
0.40157327
0.40157264
0.40157133
0.40156856
0.4015639
0.40155706
0.40154818
0.40153766
0.40152586
0.40151343
0.40150094
0.40148914
0.40147835
0.40146908
0.40146145
0.40145555
0.4014515
0.40144953
0.40144986
0.4014526
0.4014577
0.40146494
0.40147382
0.40148386
0.4014944
0.4015049
0.40151462
0.4015233
0.40153098
0.40153763
0.40154335
0.40154827
0.40155283
0.4015573
0.40156186
0.40156683
0.40157223
0.40157777
0.40158322
0.40158775
0.40159076
0.40159178
0.40159056
0.4015874
0.40158272
0.4015773
0.40157178
0.40156683
0.40156272
0.40155944
0.40155703
0.401555
0.4015533
0.401552
0.4015511
0.4015507
0.40155104
0.4015522
0.40155435
0.4015576
0.4015617
0.4015663
0.40157086
0.4015747
0.40157735
0.40157798
0.40157613
0.40157172
0.40156484
0.40155593
0.40154582
0.40153533
0.40152535
0.40151694
0.40151083
0.40150762
0.40150782
0.40151185
0.40151998
0.40153217
0.40154827
0.40156755
0.40158924
0.40161246
0.40163636
0.4016603
0.40168363
0.40170538
0.40172452
0.40173984
0.40175024
0.40175506
0.4017542
0.40174806
0.40173727
0.40172276
0.40170535
0.40168598
0.40166515
0.40164348
0.40162173
0.40160057
0.4015812
0.4015647
0.40155205
0.40154395
0.40154058
0.401542
0.40154764
0.40155676
0.40156832
0.4015813
0.40159443
0.40160656
0.40161705
0.40162542
0.40163174
0.40163654
0.40164068
0.40164486
0.4016495
0.4016546
0.40165958
0.40166393
0.4016668
0.40166774
0.40166578
0.40166065
0.40165246
0.40164182
0.4016299
0.4016182
0.40160832
0.40160152
0.40159836
0.4015991
0.4016036
0.40161082
0.40162
0.40162995
0.4016398
0.40164888
0.40165707
0.40166458
0.40167195
0.40167952
0.4016874
0.40169522
0.40170228
0.40170777
0.40171117
0.40171197
0.40171033
0.40170664
0.4017016
0.40169567
0.40168917
0.401682
0.40167364
0.40166393
0.4016527
0.40164033
0.40162745
0.40161476
0.401603
0.4015931
0.40158555
0.40158075
0.4015788
0.40157938
0.40158212
0.40158644
0.4015916
0.40159705
0.40160248
0.4016074
0.40161142
0.40161404
0.40161487
0.4016138
0.40161118
0.40160784
0.4016049
0.40160364
0.40160498
0.40160972
0.4016183
0.40163076
0.40164685
0.40166587
0.40168694
0.40170896
0.40173075
0.40175125
0.40176982
0.40178597
0.4017994
0.40180975
0.40181658
0.40181974
0.4018188
0.40181383
0.40180486
0.40179232
0.40177664
0.40175837
0.4017384
0.40171754
0.40169695
0.40167746
0.40165997
0.40164483
0.40163267
0.40162364
0.40161765
0.40161464
0.40161416
0.40161517
0.40161654
0.4016169
0.4016151
0.40161046
0.40160295
0.40159297
0.4015817
0.4015705
0.40156078
0.40155372
0.40155014
0.4015505
0.4015546
0.40156218
0.40157238
0.4015843
0.40159717
0.40161005
0.40162268
0.4016349
0.40164673
0.4016582
0.4016689
0.40167844
0.40168598
0.40169036
0.40169093
0.4016869
0.40167832
0.40166533
0.40164864
0.40162906
0.4016078
0.4015858
0.40156436
0.4015445
0.40152708
0.40151262
0.40150136
0.4014933
0.40148854
0.40148672
0.4014879
0.40149176
0.40149802
0.40150625
0.40151596
0.4015268
0.401539
0.40155283
0.4015689
0.40158758
0.4016089
0.4016325
0.40165728
0.40168193
0.40170488
0.40172508
0.40174177
0.40175506
0.40176556
0.40177432
0.4017829
0.40179268
0.40180418
0.40181792
0.40183285
0.40184778
0.4018611
0.4018714
0.40187737
0.4018782
0.40187362
0.4018637
0.4018489
0.40183
0.4018078
0.40178338
0.4017577
0.4017321
0.40170768
0.40168568
0.4016668
0.40165186
0.40164077
0.40163392
0.40163088
0.40163088
0.4016329
0.40163547
0.4016371
0.40163675
0.40163356
0.4016273
0.40161824
0.40160716
0.40159512
0.40158334
0.40157285
0.40156445
0.40155867
0.40155557
0.40155518
0.40155727
0.40156132
0.4015666
0.40157214
0.40157703
0.40158
0.40158036
0.40157765
0.40157178
0.40156335
0.40155324
0.40154254
0.4015322
0.40152305
0.40151548
0.40150976
0.4015059
0.40150374
0.40150362
0.40150583
0.40151095
0.40151948
0.40153152
0.40154672
0.40156424
0.40158278
0.40160093
0.4016168
0.40162882
0.40163565
0.4016367
0.4016319
0.401622
0.401608
0.4015915
0.40157402
0.40155712
0.40154216
0.40153036
0.40152255
0.40151954
0.40152207
0.40153036
0.4015445
0.40156454
0.40158996
0.40162033
0.40165472
0.4016918
0.40173015
0.40176806
0.40180394
0.40183654
0.4018651
0.40188906
0.40190843
0.4019232
0.40193316
0.40193835
0.40193847
0.40193325
0.40192255
0.4019065
0.40188536
0.40185976
0.40183067
0.40179926
0.401767
0.40173537
0.40170592
0.40168014
0.40165922
0.40164408
0.40163523
0.40163267
0.40163612
0.4016446
0.40165678
0.40167072
0.40168422
0.40169516
0.4017019
0.40170327
0.40169868
0.4016884
0.40167296
0.40165353
0.40163162
0.401609
0.40158734
0.40156806
0.4015526
0.40154186
0.4015367
0.40153748
0.40154412
0.40155625
0.40157306
0.4015933
0.40161547
0.4016379
0.4016588
0.40167665
0.40169054
0.40170035
0.4017061
0.4017085
0.4017084
0.4017063
0.40170255
0.40169695
0.40168914
0.40167895
0.40166605
0.40165076
0.40163347
0.40161508
0.40159646
0.40157855
0.40156245
0.40154925
0.40153968
0.40153444
0.40153378
0.40153787
0.40154648
0.40155908
0.40157488
0.40159297
0.40161225
0.4016317
0.40165
0.40166607
0.40167886
0.4016877
0.40169233
0.40169293
0.40169
0.40168473
0.40167803
0.40167105
0.40166476
0.40166017
0.40165788
0.40165818
0.40166113
0.40166602
0.40167207
0.40167812
0.40168327
0.40168682
0.40168843
0.40168825
0.40168667
0.40168458
0.40168297
0.4016826
0.4016843
0.40168843
0.40169472
0.4017027
0.40171123
0.4017192
0.40172553
0.4017293
0.40173012
0.40172818
0.40172407
0.4017188
0.40171367
0.40170994
0.40170875
0.40171042
0.4017144
0.40171978
0.40172496
0.40172836
0.40172848
0.40172437
0.4017154
0.40170148
0.401683
0.40166086
0.40163624
0.4016106
0.40158546
0.40156204
0.4015412
0.4015235
0.40150893
0.40149745
0.40148905
0.40148392
0.40148205
0.40148342
0.40148786
0.40149486
0.40150356
0.40151307
0.4015221
0.4015296
0.401535
0.40153813
0.4015394
0.40153936
0.4015386
0.4015376
0.4015368
0.4015362
0.40153587
0.4015353
0.4015341
0.401532
0.4015289
0.40152475
0.4015198
0.40151414
0.4015081
0.40150198
0.4014962
0.40149134
0.40148777
0.40148595
0.40148613
0.40148836
0.40149248
0.40149832
0.40150508
0.4015122
0.40151894
0.40152472
0.4015295
0.4015333
0.40153652
0.40153927
0.40154135
0.40154272
0.40154302
0.40154168
0.4015385
0.40153328
0.4015263
0.40151834
0.4015101
0.40150246
0.40149608
0.40149167
0.40148973
0.40149075
0.401495
0.40150255
0.40151313
0.40152636
0.4015418
0.40155873
0.40157643
0.40159407
0.4016106
0.40162492
0.40163606
0.40164343
0.40164694
0.40164658
0.40164316
0.40163743
0.40163037
0.40162253
0.4016143
0.4016055
0.40159607
0.40158606
0.4015757
0.40156573
0.4015567
0.40154958
0.40154505
0.4015436
0.40154558
0.401551
0.40155935
0.40156972
0.40158114
0.40159255
0.40160295
0.40161175
0.40161857
0.4016232
0.40162557
0.40162557
0.40162334
0.40161902
0.40161294
0.40160558
0.40159747
0.40158954
0.40158257
0.40157756
0.4015753
0.4015764
0.40158138
0.4015899
0.40160185
0.40161642
0.4016328
0.40164992
0.4016669
0.40168267
0.40169615
0.4017066
0.40171343
0.40171608
0.4017144
0.40170854
0.40169862
0.40168518
0.4016689
0.40165076
0.40163195
0.4016137
0.40159705
0.40158308
0.40157264
0.4015662
0.40156406
0.4015665
0.4015731
0.40158308
0.40159532
0.4016083
0.40162036
0.40163
0.40163627
0.40163854
0.40163708
0.40163243
0.40162548
0.40161732
0.40160885
0.40160102
0.40159407
0.40158787
0.40158212
0.401576
0.40156925
0.40156147
0.40155292
0.40154397
0.401535
0.40152663
0.40151924
0.40151346
0.40150958
0.4015078
0.40150833
0.40151143
0.40151727
0.401526
0.40153754
0.40155125
0.4015666
0.40158272
0.40159872
0.40161374
0.4016265
0.40163615
0.4016417
0.40164316
0.40164074
0.40163523
0.40162787
0.40162003
0.40161282
0.40160722
0.4016037
0.40160263
0.40160406
0.40160763
0.40161297
0.40161934
0.4016258
0.40163162
0.40163586
0.4016376
0.40163624
0.40163147
0.40162352
0.40161306
0.40160105
0.4015889
0.40157777
0.40156883
0.40156287
0.40156054
0.40156212
0.40156767
0.40157712
0.4015901
0.40160593
0.40162396
0.40164328
0.4016627
0.4016812
0.4016977
0.40171087
0.40172023
0.40172517
0.40172595
0.40172297
0.40171725
0.40170938
0.40170008
0.40168977
0.40167883
0.40166745
0.4016559
0.4016447
0.40163437
0.40162534
0.40161788
0.40161207
0.40160787
0.40160474
0.40160236
0.4016
0.4015974
0.40159443
0.40159124
0.40158844
0.4015865
0.40158588
0.40158647
0.4015884
0.40159136
0.40159494
0.40159866
0.4016019
0.40160447
0.4016063
0.4016078
0.40160936
0.4016116
0.4016145
0.40161806
0.40162185
0.40162566
0.40162915
0.4016324
0.40163547
0.4016382
0.4016406
0.40164247
0.4016436
0.4016442
0.40164453
0.40164462
0.40164474
0.40164468
0.4016442
0.4016431
0.40164152
0.40163934
0.40163696
0.40163445
0.40163237
0.40163133
0.40163222
0.40163586
0.4016426
0.4016525
0.40166542
0.40168104
0.40169907
0.40171894
0.4017397
0.4017601
0.40177912
0.40179557
0.40180898
0.40181902
0.4018261
0.40183052
0.40183288
0.40183344
0.40183207
0.40182826
0.40182143
0.40181118
0.40179706
0.4017792
0.40175804
0.40173432
0.4017088
0.40168256
0.40165633
0.40163073
0.40160623
0.4015835
0.40156317
0.40154603
0.40153235
0.40152243
0.40151605
0.4015127
0.40151176
0.4015126
0.40151477
0.40151823
0.401523
0.40152907
0.4015367
0.40154585
0.40155652
0.40156862
0.40158203
0.40159643
0.40161112
0.40162516
0.4016373
0.4016462
0.40165105
0.4016513
0.40164688
0.40163857
0.40162754
0.40161496
0.40160203
0.40158963
0.40157837
0.40156838
0.40155998
0.4015533
0.4015483
0.40154496
0.40154284
0.40154174
0.40154123
0.40154102
0.4015411
0.40154165
0.40154266
0.40154418
0.4015459
0.4015477
0.4015489
0.40154925
0.40154848
0.40154675
0.4015443
0.40154114
0.4015372
0.40153208
0.40152547
0.40151706
0.4015066
0.40149418
0.40148038
0.40146607
0.40145212
0.40143973
0.40142962
0.40142235
0.4014183
0.40141755
0.40142038
0.40142655
0.4014361
0.40144864
0.40146384
0.4014811
0.40149954
0.40151843
0.4015367
0.4015535
0.40156782
0.4015794
0.40158817
0.4015945
0.40159908
0.40160248
0.40160516
0.40160713
0.40160817
0.4016079
0.40160596
0.40160242
0.40159738
0.4015916
0.4015858
0.40158102
0.4015781
0.4015776
0.40157974
0.4015844
0.40159106
0.4015992
0.40160817
0.40161708
0.40162548
0.4016326
0.4016382
0.40164244
0.40164587
0.40164924
0.40165335
0.40165836
0.40166414
0.40167022
0.4016755
0.40167904
0.40167993
0.40167767
0.40167242
0.40166467
0.4016554
0.40164572
0.4016366
0.4016287
0.4016224
0.40161762
0.40161386
0.4016108
0.4016079
0.40160513
0.4016024
0.40159947
0.401596
0.40159145
0.40158495
0.40157625
0.40156534
0.40155262
0.40153894
0.40152544
0.40151322
0.4015031
0.40149555
0.40149102
0.40148973
0.40149176
0.40149695
0.4015052
0.40151638
0.4015302
0.40154606
0.4015636
0.40158185
0.4016002
0.40161818
0.4016349
0.40164948
0.4016611
0.4016687
0.40167165
0.40166962
0.4016626
0.40165117
0.40163627
0.40161878
0.40159997
0.40158093
0.4015623
0.40154463
0.401528
0.40151235
0.40149724
0.4014827
0.40146878
0.40145585
0.4014441
0.40143386
0.4014252
0.4014182
0.40141323
0.4014103
0.4014096
0.40141135
0.4014155
0.40142193
0.40143013
0.40143985
0.40145054
0.4014619
0.4014736
0.40148583
0.4014987
0.40151256
0.40152735
0.4015428
0.4015584
0.40157336
0.40158698
0.40159878
0.40160888
0.40161753
0.40162557
0.40163383
0.4016429
0.40165308
0.40166417
0.4016754
0.4016858
0.4016941
0.40169892
0.4016994
0.40169504
0.40168557
0.40167138
0.40165317
0.40163198
0.40160906
0.40158564
0.40156263
0.4015407
0.4015202
0.4015012
0.40148404
0.40146863
0.40145507
0.4014432
0.40143323
0.40142497
0.40141842
0.40141362
0.40141067
0.40140978
0.4014109
0.4014143
0.40142003
0.40142798
0.40143788
0.4014494
0.4014618
0.40147454
0.40148702
0.40149876
0.4015092
0.40151775
0.4015239
0.40152764
0.40152928
0.4015295
0.40152922
0.40152943
0.40153104
0.4015349
0.40154147
0.4015512
0.4015642
0.40158015
0.40159878
0.40161917
0.4016399
0.40165955
0.40167624
0.40168852
0.4016954
0.40169623
0.4016913
0.40168113
0.40166694
0.40165037
0.4016331
0.40161645
0.40160152
0.40158877
0.40157855
0.40157056
0.40156445
0.40155965
0.40155563
0.40155157
0.40154687
0.40154085
0.40153328
0.40152416
0.401514
0.40150347
0.40149322
0.40148395
0.40147614
0.40147036
0.40146685
0.4014657
0.40146694
0.40147048
0.40147585
0.4014824
0.4014893
0.40149564
0.40150085
0.40150464
0.40150723
0.40150902
0.40151066
0.4015126
0.40151528
0.40151906
0.40152407
0.40153039
0.4015379
0.40154666
0.40155625
0.4015665
0.401577
0.40158728
0.40159667
0.4016045
0.40161046
0.40161407
0.4016154
0.40161452
0.40161157
0.4016067
0.40160012
0.40159217
0.40158325
0.40157402
0.4015647
0.4015557
0.40154704
0.40153867
0.40153068
0.40152362
0.40151834
0.4015155
0.40151596
0.4015203
0.4015285
0.40154046
0.40155533
0.40157193
0.40158886
0.40160453
0.40161747
0.40162635
0.4016307
0.40163028
0.40162575
0.40161818
0.40160877
0.40159887
0.40158993
0.4015829
0.40157828
0.40157625
0.40157622
0.40157703
0.40157717
0.40157494
0.40156916
0.40155914
0.40154505
0.40152755
0.4015081
0.4014881
0.40146923
0.40145266
0.4014395
0.40143037
0.40142575
0.4014257
0.40143016
0.40143883
0.40145126
0.40146694
0.40148538
0.40150604
0.40152797
0.40155026
0.40157172
0.401591
0.4016068
0.40161824
0.40162483
0.40162656
0.40162382
0.40161756
0.40160877
0.40159875
0.40158862
0.40157926
0.40157154
0.4015659
0.40156257
0.4015614
0.40156236
0.40156496
0.4015686
0.4015724
0.40157548
0.40157714
0.4015769
0.40157503
0.40157208
0.40156916
0.40156722
0.40156725
0.40156996
0.40157557
0.40158406
0.40159494
0.40160707
0.40161923
0.40162992
0.40163785
0.4016419
0.4016417
0.40163735
0.40162978
0.4016202
0.40161026
0.40160185
0.40159637
0.40159526
0.40159935
0.4016089
0.4016237
0.4016426
0.401664
0.4016861
0.40170684
0.40172434
0.40173703
0.40174398
0.40174457
0.40173897
0.40172783
0.40171215
0.40169343
0.40167326
0.401653
0.40163374
0.40161645
0.40160167
0.40159014
0.40158212
0.40157768
0.40157682
0.40157914
0.40158442
0.40159217
0.4016017
0.4016124
0.4016237
0.4016348
0.40164512
0.4016542
0.40166205
0.40166888
0.40167505
0.40168107
0.4016872
0.40169364
0.4017005
0.4017081
0.40171635
0.40172476
0.40173256
0.4017387
0.4017424
0.40174302
0.40174034
0.4017347
0.40172684
0.40171787
0.40170905
0.40170178
0.40169737
0.40169773
0.40170485
0.40172216
0.4017539
0.40180606
0.4018869
0.4020077
0.40218446
0.40244123
0.4028069
0.40332362
0.40404913
0.40506178
0.4064679
0.40840963
0.4111084
0.41478777
0.41975734
0.42649075
0.43563
0.4477856
