0.4426035
0.43210983
0.42424121
0.41831976
0.41390103
0.41063955
0.40824872
0.4064877
0.40519536
0.4042523
0.40356222
0.4030575
0.40268803
0.40241697
0.40221727
0.40206942
0.40195966
0.40187842
0.4018186
0.4017754
0.4017455
0.40172672
0.40171775
0.40171754
0.401725
0.40173882
0.40175733
0.40177852
0.4018006
0.40182185
0.40184116
0.4018575
0.40187025
0.4018789
0.40188318
0.40188304
0.4018785
0.40187007
0.40185803
0.40184295
0.40182504
0.40180463
0.4017817
0.40175658
0.40172946
0.40170094
0.40167177
0.40164304
0.4016161
0.4015921
0.4015718
0.4015559
0.4015445
0.40153748
0.40153402
0.4015335
0.40153483
0.40153715
0.40153983
0.40154243
0.40154484
0.40154722
0.40154955
0.40155235
0.4015561
0.40156117
0.40156773
0.4015758
0.40158498
0.40159476
0.40160453
0.40161318
0.4016196
0.4016231
0.40162328
0.40162048
0.40161523
0.40160868
0.40160152
0.40159452
0.40158832
0.4015832
0.40157914
0.4015758
0.4015725
0.40156862
0.40156367
0.40155727
0.40154928
0.40154013
0.40153039
0.40152076
0.40151197
0.40150443
0.40149862
0.4014948
0.40149298
0.4014933
0.40149575
0.40150014
0.4015066
0.40151513
0.40152568
0.40153837
0.4015528
0.40156847
0.40158457
0.40160018
0.4016142
0.40162578
0.40163442
0.40163973
0.40164194
0.40164158
0.40163958
0.40163702
0.40163496
0.40163404
0.40163445
0.4016366
0.4016404
0.4016459
0.40165308
0.40166178
0.40167168
0.40168232
0.40169317
0.40170354
0.40171266
0.4017196
0.40172312
0.40172255
0.40171722
0.40170735
0.40169364
0.4016773
0.40166014
0.40164366
0.40162924
0.40161783
0.40160993
0.40160576
0.40160534
0.4016083
0.4016143
0.4016227
0.40163267
0.40164307
0.40165263
0.40166023
0.4016651
0.40166664
0.40166497
0.40166026
0.4016531
0.40164438
0.40163478
0.40162525
0.40161628
0.40160847
0.40160185
0.40159658
0.40159237
0.40158933
0.40158734
0.40158638
0.40158623
0.40158644
0.40158665
0.40158656
0.40158623
0.40158623
0.40158692
0.4015892
0.4015936
0.40160075
0.40161103
0.40162495
0.40164292
0.4016653
0.40169287
0.40172666
0.40176898
0.40182367
0.4018966
0.4019963
0.40213442
0.4023273
0.4025986
0.4029774
0.40350544
0.40424028
0.4052596
0.4066691
0.40861017
0.41130275
0.41497073
0.41992334
0.42663345
0.4357449
0.44786978
