0.44250742
0.4319818
0.42408335
0.41813406
0.4136911
0.41040984
0.40800628
0.40623972
0.40494904
0.40401447
0.4033388
0.40285262
0.40250373
0.40225324
0.4020723
0.40194014
0.40184212
0.40176862
0.40171343
0.40167308
0.40164545
0.40162933
0.40162364
0.40162745
0.40163973
0.40165913
0.4016839
0.40171176
0.40174037
0.4017673
0.40179056
0.4018085
0.40182006
0.40182474
0.40182263
0.4018141
0.40180022
0.40178233
0.40176213
0.4017414
0.40172175
0.40170428
0.40168977
0.40167817
0.40166935
0.40166315
0.40165955
0.4016585
0.4016599
0.40166408
0.4016711
0.4016811
0.40169376
0.40170875
0.40172568
0.40174422
0.40176368
0.4017832
0.4018018
0.4018185
0.40183252
0.40184307
0.4018495
0.40185133
0.40184805
0.4018395
0.40182555
0.40180635
0.40178254
0.40175518
0.40172565
0.4016956
0.40166664
0.4016399
0.40161636
0.4015964
0.40158007
0.40156728
0.40155774
0.40155098
0.40154633
0.40154332
0.40154126
0.40153968
0.40153813
0.40153676
0.40153605
0.40153667
0.4015394
0.40154478
0.401553
0.4015639
0.40157694
0.40159145
0.40160662
0.40162203
0.40163743
0.40165263
0.40166765
0.40168223
0.40169558
0.40170702
0.4017159
0.4017217
0.40172434
0.401724
0.401721
0.40171596
0.4017096
0.40170234
0.4016946
0.40168667
0.40167907
0.40167245
0.40166777
0.40166605
0.40166786
0.40167364
0.40168318
0.4016959
0.40171087
0.40172654
0.40174156
0.40175432
0.40176368
0.40176862
0.40176845
0.40176305
0.40175277
0.40173835
0.401721
0.40170226
0.40168396
0.40166765
0.40165487
0.40164667
0.40164334
0.40164474
0.40164992
0.40165755
0.40166575
0.4016725
0.40167627
0.4016757
0.40167025
0.40166
0.40164554
0.40162814
0.40160912
0.40158963
0.4015707
0.40155315
0.4015374
0.40152356
0.40151155
0.4015012
0.40149257
0.4014858
0.4014814
0.40147963
0.40148067
0.40148458
0.40149117
0.40150025
0.40151143
0.4015241
0.4015377
0.40155146
0.4015647
0.40157658
0.40158594
0.40159193
0.40159374
0.40159106
0.40158424
0.4015741
0.40156215
0.4015498
0.4015384
0.40152928
0.4015231
0.40151995
0.40151972
0.40152153
0.40152434
0.40152693
0.40152797
0.40152693
0.40152347
0.40151817
0.40151185
0.40150565
0.40150058
0.40149775
0.40149796
0.40150177
0.40150928
0.40152028
0.40153417
0.40155038
0.40156797
0.40158615
0.40160426
0.40162167
0.40163755
0.401651
0.40166122
0.40166736
0.4016691
0.40166676
0.40166083
0.40165222
0.4016419
0.40163085
0.40162003
0.4016104
0.40160275
0.40159774
0.40159595
0.40159777
0.40160304
0.40161178
0.40162364
0.4016378
0.4016534
0.4016691
0.4016835
0.401695
0.40170234
0.40170476
0.40170214
0.40169498
0.40168437
0.40167165
0.40165827
0.40164542
0.40163386
0.40162405
0.40161604
0.4016096
0.4016042
0.40159965
0.40159583
0.4015928
0.40159073
0.40158957
0.40158936
0.40159008
0.40159187
0.4015952
0.40160048
0.40160805
0.40161818
0.4016308
0.40164557
0.40166152
0.40167758
0.40169227
0.40170422
0.40171245
0.40171608
0.40171513
0.40170997
0.40170148
0.40169084
0.40167943
0.40166873
0.4016599
0.40165398
0.40165105
0.40165117
0.401654
0.40165895
0.40166542
0.4016727
0.4016804
0.401688
0.4016949
0.40170035
0.40170342
0.4017037
0.401701
0.40169552
0.40168798
0.4016791
0.40166965
0.40166032
0.40165126
0.40164256
0.40163377
0.40162456
0.4016149
0.40160507
0.40159586
0.40158793
0.4015821
0.4015788
0.40157837
0.40158072
0.40158555
0.40159225
0.4016
0.40160766
0.40161428
0.4016192
0.40162218
0.40162352
0.4016235
0.40162268
0.40162152
0.4016205
0.4016199
0.4016202
0.40162218
0.40162694
0.4016355
0.4016486
0.4016668
0.4016901
0.40171793
0.40174925
0.40178266
0.40181637
0.40184888
0.40187883
0.4019051
0.40192702
0.40194416
0.40195635
0.4019635
0.40196565
0.40196276
0.40195498
0.40194246
0.40192527
0.40190357
0.40187764
0.40184814
0.4018159
0.4017821
0.40174815
0.40171528
0.40168467
0.40165702
0.40163243
0.40161118
0.40159345
0.40157938
0.4015691
0.4015626
0.4015596
0.40155956
0.40156192
0.40156618
0.40157202
0.40157953
0.40158856
0.4015988
0.40160978
0.40162063
0.40163043
0.40163797
0.40164247
0.4016436
0.40164128
0.40163612
0.4016289
0.40162066
0.40161225
0.4016044
0.40159747
0.40159187
0.4015874
0.40158445
0.40158284
0.40158263
0.40158385
0.4015868
0.4015917
0.40159848
0.40160668
0.40161568
0.40162468
0.40163285
0.4016395
0.40164447
0.4016477
0.4016494
0.4016498
0.4016493
0.40164804
0.40164617
0.4016435
0.40163967
0.40163463
0.40162832
0.40162107
0.40161303
0.40160477
0.40159708
0.40159085
0.40158665
0.40158498
0.40158588
0.40158898
0.40159386
0.40159988
0.4016065
0.40161315
0.40161926
0.40162423
0.40162787
0.4016301
0.4016312
0.40163136
0.40163076
0.4016296
0.4016281
0.4016268
0.40162605
0.40162623
0.40162742
0.40162927
0.40163118
0.40163225
0.40163136
0.40162778
0.40162095
0.40161097
0.4015982
0.40158343
0.4015677
0.401552
0.401537
0.4015232
0.4015106
0.4014992
0.40148914
0.4014807
0.40147418
0.40147
0.40146834
0.40146926
0.40147272
0.40147835
0.40148595
0.40149546
0.40150672
0.4015198
0.40153456
0.40155113
0.40156934
0.4015889
0.40160936
0.40162995
0.40164968
0.40166765
0.4016827
0.4016938
0.40170032
0.40170193
0.40169877
0.40169126
0.40168032
0.4016671
0.40165278
0.40163857
0.4016257
0.40161481
0.40160647
0.40160108
0.40159884
0.40160033
0.40160596
0.40161636
0.4016317
0.4016519
0.4016762
0.4017037
0.40173277
0.40176153
0.40178832
0.40181136
0.40182936
0.40184158
0.4018475
0.4018471
0.4018409
0.40182984
0.40181512
0.40179843
0.40178144
0.40176606
0.40175363
0.40174508
0.4017406
0.40173978
0.4017417
0.40174538
0.40174997
0.4017547
0.4017592
0.4017631
0.40176606
0.40176725
0.40176606
0.4017618
0.40175405
0.40174302
0.40172914
0.4017134
0.40169698
0.40168118
0.40166727
0.40165624
0.4016489
0.4016459
0.40164766
0.40165445
0.40166613
0.40168223
0.40170163
0.40172297
0.40174457
0.4017647
0.40178183
0.40179467
0.40180224
0.40180394
0.4017996
0.40178946
0.40177423
0.4017551
0.40173322
0.40171015
0.40168694
0.40166467
0.40164405
0.40162534
0.40160862
0.40159374
0.4015802
0.40156806
0.40155745
0.40154907
0.40154362
0.40154165
0.40154362
0.40154946
0.4015589
0.40157142
0.4015862
0.4016023
0.40161833
0.401633
0.4016453
0.40165445
0.40166017
0.4016626
0.40166184
0.40165827
0.40165228
0.40164426
0.4016348
0.40162498
0.40161574
0.40160826
0.4016035
0.40160194
0.40160424
0.40161037
0.4016199
0.40163225
0.4016464
0.40166155
0.40167713
0.40169266
0.4017076
0.40172112
0.40173218
0.4017399
0.4017432
0.40174177
0.40173563
0.4017253
0.40171197
0.40169713
0.40168244
0.40166935
0.40165895
0.4016519
0.40164846
0.40164852
0.4016517
0.4016573
0.40166453
0.40167195
0.4016785
0.4016826
0.40168315
0.40167943
0.40167132
0.40165937
0.40164465
0.40162858
0.40161276
0.40159857
0.40158743
0.40158007
0.401577
0.4015782
0.40158293
0.4015904
0.40159935
0.40160847
0.4016166
0.401623
0.40162757
0.40163043
0.40163222
0.40163386
0.40163597
0.40163925
0.4016441
0.40165076
0.40165913
0.40166885
0.4016791
0.40168884
0.40169692
0.40170187
0.40170255
0.40169832
0.401689
0.40167513
0.40165776
0.4016384
0.40161872
0.40160048
0.40158495
0.40157315
0.40156543
0.40156186
0.40156212
0.40156606
0.40157315
0.40158284
0.40159443
0.4016074
0.4016209
0.40163445
0.40164733
0.40165877
0.40166816
0.4016753
0.40168014
0.40168288
0.401684
0.40168348
0.40168118
0.40167654
0.40166894
0.40165824
0.4016445
0.4016284
0.40161073
0.40159237
0.4015741
0.4015566
0.40154022
0.40152508
0.40151143
0.4014993
0.40148917
0.4014814
0.4014763
0.40147403
0.4014747
0.4014783
0.40148446
0.40149313
0.40150434
0.40151793
0.4015339
0.4015519
0.40157136
0.40159136
0.4016109
0.401629
0.4016449
0.40165836
0.40166935
0.40167847
0.4016859
0.4016919
0.40169644
0.4016988
0.4016982
0.40169388
0.40168542
0.40167305
0.4016573
0.40163958
0.40162113
0.40160337
0.40158746
0.4015741
0.4015636
0.40155584
0.4015504
0.40154693
0.40154526
0.4015453
0.40154737
0.40155178
0.40155867
0.40156773
0.4015785
0.40158993
0.4016012
0.40161097
0.40161836
0.4016231
0.40162528
0.40162542
0.4016242
0.40162233
0.4016206
0.40161952
0.40161943
0.40162048
0.40162244
0.4016247
0.401627
0.40162882
0.4016302
0.40163162
0.4016339
0.40163785
0.40164408
0.40165278
0.40166375
0.4016762
0.401689
0.40170076
0.4017103
0.40171665
0.4017194
0.4017185
0.4017147
0.40170896
0.40170208
0.4016949
0.4016877
0.4016807
0.40167397
0.40166783
0.40166262
0.4016589
0.40165693
0.40165675
0.40165794
0.4016599
0.40166184
0.40166262
0.4016614
0.4016576
0.401651
0.40164182
0.40163076
0.401619
0.40160817
0.4015998
0.40159532
0.4015956
0.4016007
0.40160993
0.40162197
0.40163505
0.40164703
0.4016559
0.40166
0.4016581
0.40164977
0.4016354
0.401616
0.4015933
0.40156916
0.40154526
0.40152317
0.40150407
0.4014887
0.40147763
0.40147117
0.40146968
0.4014734
0.40148282
0.4014981
0.40151927
0.4015461
0.40157786
0.40161365
0.40165198
0.40169114
0.40172943
0.40176556
0.4017985
0.4018276
0.40185302
0.40187505
0.40189508
0.40191534
0.40193906
0.40197146
0.40201938
0.40209252
0.40220398
0.40237108
0.40261865
0.40297773
0.40348983
0.40421245
0.405223
0.4066269
0.40856504
0.41125736
0.4149273
0.4198837
0.42659932
0.4357176
0.4478499
