0.4426811
0.43220887
0.42435578
0.41844437
0.41403046
0.4107691
0.4083738
0.40660515
0.40530285
0.40434885
0.40364733
0.40313113
0.4027502
0.4024674
0.40225548
0.4020946
0.4019706
0.40187347
0.40179634
0.4017347
0.40168557
0.40164727
0.40161857
0.40159884
0.40158767
0.40158436
0.4015879
0.40159714
0.40161058
0.4016263
0.40164217
0.40165624
0.40166664
0.40167212
0.40167195
0.401666
0.40165457
0.40163854
0.4016193
0.40159822
0.401577
0.40155694
0.4015388
0.40152285
0.40150914
0.40149742
0.40148768
0.4014797
0.40147376
0.40147018
0.4014694
0.40147164
0.40147677
0.40148452
0.4014944
0.4015058
0.40151775
0.40152928
0.40153962
0.4015483
0.40155488
0.40155882
0.4015596
0.40155667
0.4015499
0.40153977
0.40152705
0.4015129
0.40149868
0.40148544
0.40147388
0.40146443
0.40145725
0.4014522
0.40144902
0.4014476
0.4014477
0.40144935
0.40145206
0.40145606
0.40146127
0.4014679
0.40147585
0.40148517
0.4014957
0.40150702
0.40151867
0.40153006
0.40154046
0.4015496
0.40155736
0.40156367
0.40156856
0.4015721
0.4015746
0.4015763
0.40157726
0.40157768
0.40157726
0.40157604
0.40157384
0.40157086
0.4015674
0.40156394
0.40156096
0.40155882
0.40155822
0.4015599
0.4015644
0.40157178
0.40158203
0.40159458
0.4016085
0.40162292
0.40163687
0.40164956
0.40166092
0.40167096
0.40167978
0.40168747
0.40169388
0.4016991
0.4017035
0.4017075
0.4017117
0.40171605
0.4017206
0.401725
0.40172893
0.401732
0.40173408
0.40173465
0.40173346
0.40173012
0.40172443
0.40171647
0.40170667
0.4016954
0.4016834
0.4016715
0.4016604
0.40165064
0.40164223
0.40163505
0.40162885
0.40162328
0.4016179
0.40161252
0.40160677
0.40160078
0.401595
0.40158963
0.40158495
0.40158093
0.40157732
0.40157375
0.4015698
0.4015653
0.40156
0.4015539
0.40154728
0.4015405
0.40153414
0.4015286
0.40152448
0.40152222
0.40152216
0.40152448
0.40152913
0.40153605
0.4015449
0.40155542
0.40156698
0.40157908
0.4015907
0.40160108
0.40160936
0.40161505
0.40161812
0.40161902
0.4016188
0.4016183
0.40161833
0.4016193
0.40162122
0.40162364
0.4016256
0.40162623
0.40162444
0.4016197
0.4016118
0.40160125
0.40158886
0.4015758
0.40156335
0.40155262
0.40154445
0.4015394
0.40153757
0.40153867
0.40154234
0.4015478
0.40155423
0.40156063
0.401566
0.4015693
0.40156975
0.4015675
0.40156284
0.40155673
0.40155023
0.40154433
0.40153968
0.40153697
0.40153655
0.4015388
0.40154344
0.40155002
0.40155765
0.4015652
0.40157142
0.4015752
0.40157616
0.40157434
0.40157044
0.4015656
0.4015609
0.40155736
0.40155545
0.40155536
0.40155685
0.40155947
0.40156302
0.40156716
0.40157205
0.4015777
0.40158415
0.40159136
0.4015993
0.40160766
0.4016162
0.40162408
0.4016307
0.40163517
0.4016366
0.40163454
0.40162918
0.40162107
0.40161136
0.40160134
0.40159217
0.4015845
0.40157855
0.40157428
0.401571
0.4015683
0.40156537
0.401562
0.4015582
0.4015541
0.4015502
0.40154722
0.40154558
0.40154582
0.4015482
0.40155295
0.40156013
0.40156966
0.40158135
0.4015947
0.40160862
0.40162218
0.40163416
0.40164393
0.40165117
0.40165588
0.4016581
0.40165782
0.40165517
0.40165004
0.4016423
0.40163216
0.40161997
0.4016066
0.40159324
0.40158102
0.40157095
0.40156376
0.40155974
0.4015589
0.40156108
0.40156564
0.4015718
0.40157887
0.40158582
0.40159193
0.401597
0.40160108
0.40160516
0.40161058
0.40161875
0.40163088
0.4016477
0.4016693
0.40169492
0.40172336
0.40175286
0.40178183
0.401809
0.40183336
0.40185434
0.40187192
0.40188617
0.40189788
0.40190792
0.40191817
0.4019312
0.40195075
0.40198207
0.40203238
0.4021111
0.40223098
0.4024086
0.4026683
0.40303978
0.4035636
0.40429622
0.4053142
0.40672222
0.40866098
0.4113502
0.4150139
0.41996154
0.42666557
0.4357705
0.4478885
