0.44267997
0.4322071
0.42435303
0.41844
0.41402346
0.41075787
0.40835682
0.40658033
0.40526783
0.4043015
0.40358585
0.4030543
0.40265784
0.40236095
0.4021379
0.40197036
0.40184522
0.4017527
0.40168568
0.40163866
0.4016073
0.40158826
0.40157863
0.40157625
0.40157914
0.40158564
0.40159434
0.4016036
0.40161207
0.40161884
0.40162313
0.40162486
0.40162432
0.401622
0.4016185
0.40161425
0.40160963
0.401605
0.40160108
0.40159822
0.40159708
0.40159783
0.40160033
0.4016039
0.40160763
0.40161037
0.40161115
0.40160936
0.40160483
0.4015975
0.4015877
0.40157557
0.40156147
0.40154573
0.401529
0.40151173
0.4014943
0.40147725
0.40146124
0.4014471
0.40143564
0.40142763
0.40142378
0.40142438
0.40142933
0.40143865
0.4014518
0.40146837
0.40148777
0.40150928
0.40153217
0.40155548
0.4015783
0.40159962
0.40161827
0.40163317
0.40164316
0.40164754
0.4016457
0.40163788
0.40162468
0.40160742
0.40158784
0.4015679
0.4015496
0.40153447
0.4015238
0.40151832
0.40151817
0.4015231
0.4015326
0.40154555
0.40156117
0.40157855
0.40159708
0.40161636
0.40163583
0.40165463
0.401672
0.4016868
0.40169805
0.40170506
0.40170723
0.4017043
0.4016963
0.4016836
0.40166697
0.4016474
0.4016259
0.4016039
0.40158263
0.401563
0.40154582
0.4015311
0.40151894
0.40150914
0.40150142
0.40149584
0.40149242
0.40149134
0.4014928
0.40149727
0.4015053
0.40151715
0.40153292
0.40155232
0.40157476
0.40159902
0.40162373
0.40164718
0.40166798
0.401685
0.40169743
0.40170497
0.40170765
0.40170595
0.40170044
0.401692
0.40168154
0.4016701
0.40165836
0.40164682
0.40163592
0.40162563
0.40161592
0.4016064
0.40159723
0.40158862
0.40158117
0.4015757
0.40157294
0.4015737
0.40157828
0.40158707
0.40160033
0.4016178
0.40163898
0.4016629
0.40168828
0.40171376
0.401738
0.40175992
0.4017785
0.4017932
0.4018036
0.40180984
0.40181196
0.40181017
0.40180495
0.4017967
0.4017857
0.40177238
0.40175706
0.40174034
0.40172297
0.40170604
0.4016906
0.40167776
0.4016683
0.40166253
0.4016603
0.40166083
0.40166304
0.40166572
0.40166774
0.4016686
0.4016684
0.40166768
0.4016673
0.40166843
0.40167186
0.40167812
0.40168703
0.40169796
0.40170962
0.40172046
0.4017291
0.40173423
0.4017349
0.40173048
0.40172082
0.40170598
0.40168673
0.40166408
0.40163955
0.4016148
0.40159148
0.40157086
0.4015538
0.40154043
0.40153068
0.401524
0.40151936
0.4015157
0.40151167
0.40150663
0.40150014
0.40149266
0.40148476
0.40147737
0.4014712
0.40146697
0.4014653
0.40146667
0.4014712
0.40147886
0.40148947
0.40150273
0.40151808
0.40153474
0.40155187
0.40156844
0.4015838
0.40159723
0.4016085
0.4016179
0.40162602
0.4016337
0.4016417
0.40165073
0.40166107
0.40167248
0.4016845
0.4016962
0.40170676
0.40171528
0.40172136
0.40172473
0.40172544
0.40172383
0.40172058
0.40171632
0.40171173
0.40170726
0.40170297
0.4016985
0.40169322
0.40168628
0.40167695
0.40166467
0.40164933
0.40163097
0.4016101
0.40158734
0.40156344
0.40153927
0.40151545
0.40149277
0.40147194
0.40145344
0.401438
0.401426
0.40141773
0.40141347
0.40141308
0.40141663
0.4014237
0.40143386
0.40144667
0.40146172
0.40147844
0.4014967
0.40151623
0.40153676
0.4015578
0.40157878
0.4015987
0.40161675
0.40163186
0.401643
0.40164942
0.40165082
0.40164718
0.40163907
0.40162727
0.40161297
0.4015973
0.40158162
0.40156698
0.40155435
0.40154433
0.4015374
0.40153414
0.40153474
0.4015396
0.4015489
0.40156257
0.40158036
0.4016018
0.40162587
0.40165165
0.40167767
0.4017025
0.40172476
0.4017434
0.40175754
0.4017664
0.40176964
0.40176722
0.40175915
0.40174595
0.4017287
0.4017086
0.40168712
0.40166575
0.4016459
0.40162846
0.40161416
0.40160322
0.40159598
0.4015925
0.4015928
0.40159658
0.40160304
0.40161127
0.40161994
0.4016278
0.4016335
0.40163618
0.40163532
0.40163085
0.40162316
0.40161294
0.40160114
0.40158865
0.4015764
0.4015649
0.40155447
0.401545
0.40153652
0.4015288
0.40152192
0.4015161
0.40151128
0.40150774
0.40150553
0.4015051
0.40150657
0.4015101
0.4015156
0.40152252
0.4015303
0.40153813
0.40154535
0.4015512
0.40155506
0.4015566
0.40155566
0.40155262
0.40154812
0.4015427
0.40153685
0.4015308
0.4015246
0.40151832
0.401512
0.4015057
0.40149966
0.40149418
0.40148973
0.40148628
0.40148374
0.40148172
0.40147993
0.40147805
0.4014763
0.4014748
0.40147385
0.40147394
0.40147522
0.40147784
0.4014817
0.40148658
0.40149212
0.4014982
0.40150505
0.40151277
0.40152192
0.40153295
0.40154615
0.40156153
0.40157887
0.4015975
0.40161672
0.40163562
0.40165362
0.40166995
0.401684
0.401695
0.40170264
0.40170658
0.4017067
0.40170306
0.40169576
0.40168515
0.40167195
0.40165702
0.40164155
0.40162635
0.40161237
0.40159985
0.4015891
0.40158024
0.40157297
0.40156743
0.4015635
0.40156126
0.40156096
0.40156275
0.4015666
0.4015724
0.4015799
0.4015883
0.40159672
0.40160435
0.4016104
0.40161473
0.40161765
0.40162003
0.40162286
0.40162697
0.40163293
0.4016407
0.40164974
0.40165925
0.40166816
0.4016753
0.40167934
0.4016792
0.4016743
0.40166453
0.40165022
0.4016323
0.4016121
0.40159115
0.40157086
0.40155286
0.40153837
0.4015286
0.40152445
0.4015266
0.40153545
0.4015508
0.40157223
0.40159863
0.40162873
0.40166074
0.40169275
0.40172267
0.40174863
0.40176904
0.4017828
0.4017892
0.40178794
0.40177938
0.40176424
0.40174374
0.40171948
0.40169314
0.40166646
0.40164104
0.40161797
0.40159798
0.4015814
0.4015683
0.40155834
0.40155137
0.40154696
0.40154493
0.4015447
0.40154582
0.40154758
0.40154916
0.40154982
0.40154916
0.4015472
0.40154412
0.40154073
0.40153766
0.40153566
0.40153533
0.40153724
0.401542
0.40155014
0.40156198
0.40157744
0.40159634
0.40161803
0.40164155
0.40166563
0.40168887
0.40170985
0.40172732
0.40174055
0.40174907
0.40175274
0.40175176
0.40174645
0.4017374
0.4017255
0.40171152
0.40169662
0.40168175
0.401668
0.40165636
0.40164742
0.40164158
0.40163866
0.40163806
0.40163907
0.40164077
0.40164232
0.40164286
0.40164217
0.4016401
0.4016369
0.40163293
0.40162858
0.40162405
0.40161946
0.4016149
0.40161052
0.4016067
0.40160367
0.4016018
0.40160096
0.40160108
0.40160188
0.40160286
0.4016033
0.4016023
0.4015993
0.40159383
0.40158588
0.40157574
0.40156403
0.40155146
0.40153873
0.40152633
0.4015144
0.40150306
0.40149245
0.40148282
0.40147462
0.4014683
0.40146393
0.4014614
0.40146035
0.4014603
0.40146062
0.40146086
0.40146062
0.40146
0.40145925
0.4014588
0.4014592
0.40146092
0.40146413
0.40146923
0.4014763
0.40148547
0.4014968
0.40151018
0.4015252
0.4015412
0.40155762
0.4015738
0.40158898
0.40160227
0.40161294
0.4016204
0.4016244
0.40162542
0.40162405
0.40162107
0.4016173
0.40161303
0.40160877
0.40160453
0.40160033
0.40159568
0.40159035
0.4015837
0.4015753
0.40156487
0.40155235
0.40153804
0.40152252
0.40150616
0.40148953
0.4014733
0.40145856
0.4014459
0.40143627
0.40143016
0.40142798
0.40142977
0.40143543
0.40144452
0.40145642
0.4014704
0.4014858
0.40150186
0.40151778
0.4015326
0.4015454
0.40155524
0.40156138
0.40156367
0.4015622
0.40155745
0.40155017
0.40154123
0.40153158
0.40152228
0.401514
0.40150735
0.40150267
0.40150023
0.40150008
0.4015022
0.40150645
0.40151244
0.40151972
0.40152782
0.40153626
0.4015444
0.4015519
0.4015585
0.40156412
0.40156907
0.40157342
0.40157792
0.4015829
0.4015889
0.40159616
0.40160474
0.4016143
0.4016241
0.4016332
0.40164033
0.40164462
0.4016453
0.40164205
0.4016353
0.40162578
0.40161476
0.40160322
0.4015924
0.40158305
0.40157562
0.40157002
0.40156624
0.40156403
0.40156347
0.40156466
0.40156773
0.40157264
0.40157908
0.40158653
0.4015946
0.40160224
0.40160874
0.4016132
0.40161538
0.40161523
0.4016132
0.40160987
0.4016056
0.4016005
0.40159467
0.4015877
0.40157947
0.40157026
0.40156052
0.40155098
0.40154228
0.40153518
0.4015302
0.40152833
0.4015302
0.40153635
0.40154693
0.40156168
0.4015801
0.40160125
0.40162382
0.40164635
0.40166682
0.4016837
0.40169543
0.40170097
0.40169993
0.40169248
0.4016796
0.40166256
0.401643
0.40162277
0.4016033
0.40158594
0.40157178
0.40156132
0.40155476
0.4015519
0.40155214
0.4015548
0.401559
0.40156373
0.4015683
0.40157214
0.4015754
0.40157828
0.4015814
0.40158513
0.40158957
0.40159473
0.40160048
0.4016069
0.40161386
0.40162134
0.40162888
0.40163592
0.4016418
0.40164608
0.40164846
0.40164933
0.4016492
0.40164903
0.40164965
0.4016519
0.40165636
0.4016633
0.4016725
0.40168306
0.40169385
0.4017037
0.40171152
0.40171653
0.4017181
0.40171617
0.4017108
0.40170252
0.401692
0.40167996
0.4016671
0.40165398
0.40164062
0.4016271
0.40161327
0.4015993
0.40158492
0.4015703
0.40155557
0.4015412
0.40152815
0.40151724
0.40150958
0.40150598
0.40150666
0.4015117
0.4015203
0.4015316
0.40154454
0.4015579
0.40157086
0.40158275
0.40159306
0.40160125
0.40160704
0.40161026
0.4016112
0.40161023
0.40160772
0.4016039
0.40159872
0.4015922
0.40158457
0.40157607
0.40156737
0.40155908
0.40155166
0.40154523
0.4015395
0.40153405
0.40152818
0.4015214
0.40151373
0.4015056
0.4014981
0.40149224
0.40148893
0.40148887
0.40149254
0.4015
0.40151092
0.40152478
0.40154073
0.4015578
0.40157476
0.40159085
0.40160534
0.40161827
0.4016298
0.40164044
0.40165058
0.40166047
0.40166995
0.4016785
0.40168524
0.40168944
0.40169042
0.4016881
0.40168267
0.4016746
0.4016644
0.40165263
0.4016394
0.40162498
0.40160942
0.40159342
0.40157747
0.4015627
0.40154985
0.40153968
0.4015326
0.40152833
0.4015265
0.4015265
0.40152764
0.40152934
0.40153158
0.40153447
0.4015386
0.40154454
0.40155274
0.4015633
0.40157577
0.40158954
0.40160346
0.40161633
0.40162697
0.4016344
0.40163797
0.40163767
0.40163404
0.4016278
0.4016202
0.40161222
0.40160507
0.40159962
0.40159628
0.40159547
0.401597
0.40160054
0.40160567
0.40161172
0.40161824
0.40162513
0.40163234
0.4016401
0.40164843
0.4016572
0.40166607
0.4016743
0.4016811
0.40168566
0.40168738
0.4016862
0.4016822
0.40167594
0.40166837
0.40166014
0.4016521
0.40164477
0.4016382
0.4016322
0.40162617
0.40161994
0.40161332
0.40160677
0.4016007
0.40159562
0.40159187
0.40158966
0.4015887
0.4015887
0.40158892
0.40158847
0.40158665
0.40158305
0.40157777
0.40157112
0.40156376
0.40155628
0.40154925
0.40154308
0.40153822
0.401535
0.40153348
0.40153363
0.40153527
0.40153793
0.40154123
0.40154454
0.40154755
0.40154997
0.40155166
0.4015525
0.4015525
0.40155154
0.40154994
0.4015481
0.40154684
0.40154704
0.40154946
0.40155485
0.40156367
0.40157598
0.40159133
0.40160877
0.40162697
0.4016442
0.40165868
0.40166885
0.40167373
0.4016732
0.40166757
0.401658
0.40164608
0.4016332
0.4016207
0.40160936
0.40159956
0.40159112
0.40158355
0.4015764
0.40156937
0.40156236
0.40155596
0.4015507
0.40154725
0.4015459
0.40154684
0.40154985
0.4015546
0.40156105
0.4015689
0.4015782
0.40158895
0.40160108
0.4016145
0.40162873
0.40164334
0.40165737
0.4016698
0.4016796
0.40168568
0.40168718
0.4016836
0.40167475
0.4016611
0.40164343
0.40162286
0.40160057
0.40157777
0.40155548
0.40153438
0.4015152
0.40149844
0.40148434
0.40147296
0.4014643
0.4014584
0.4014555
0.40145582
0.40145952
0.4014665
0.4014764
0.4014889
0.4015034
0.40151927
0.40153566
0.40155172
0.40156662
0.4015799
0.4015915
0.40160167
0.40161106
0.40161994
0.4016286
0.40163675
0.4016437
0.40164858
0.40165055
0.40164915
0.4016443
0.40163636
0.40162602
0.40161422
0.40160185
0.40158936
0.4015774
0.40156597
0.40155506
0.40154484
0.4015355
0.40152746
0.40152118
0.40151688
0.4015149
0.4015152
0.40151757
0.40152183
0.40152746
0.40153393
0.40154067
0.40154698
0.4015526
0.4015574
0.4015617
0.40156633
0.40157202
0.4015795
0.4015893
0.40160164
0.40161613
0.40163162
0.4016469
0.40166023
0.40167016
0.4016755
0.4016758
0.40167084
0.40166113
0.4016478
0.40163207
0.40161553
0.40159962
0.4015858
0.40157506
0.4015681
0.40156546
0.4015671
0.40157256
0.40158144
0.40159312
0.4016068
0.4016214
0.40163562
0.40164798
0.40165734
0.4016627
0.40166372
0.40166032
0.4016529
0.40164223
0.40162936
0.40161508
0.40160048
0.4015861
0.40157226
0.40155917
0.40154693
0.40153563
0.40152562
0.40151706
0.40151006
0.40150425
0.40149933
0.40149498
0.40149093
0.40148726
0.4014842
0.40148184
0.40148088
0.4014819
0.40148553
0.40149203
0.40150145
0.4015135
0.40152735
0.401542
0.40155604
0.40156785
0.40157613
0.40157974
0.4015781
0.40157136
0.40156013
0.4015454
0.4015286
0.4015109
0.4014934
0.40147698
0.40146226
0.40144977
0.40144
0.40143326
0.40142992
0.40143055
0.40143514
0.40144393
0.40145668
0.40147325
0.40149316
0.4015157
0.40153983
0.40156445
0.40158814
0.40160936
0.40162668
0.4016389
0.4016453
0.40164578
0.40164077
0.40163088
0.4016171
0.4016006
0.40158245
0.40156373
0.40154535
0.4015282
0.40151307
0.40150067
0.40149143
0.4014858
0.4014838
0.40148538
0.40149015
0.40149778
0.40150747
0.40151817
0.401529
0.401539
0.40154755
0.40155455
0.40156028
0.40156496
0.40156916
0.40157285
0.401576
0.4015782
0.40157855
0.40157664
0.40157193
0.40156427
0.40155414
0.4015422
0.4015296
0.40151757
0.4015072
0.4014995
0.40149528
0.40149492
0.40149865
0.40150633
0.40151757
0.40153185
0.40154856
0.40156704
0.4015864
0.40160564
0.4016234
0.40163842
0.4016497
0.40165696
0.4016603
0.40166035
0.4016582
0.40165493
0.40165162
0.40164897
0.4016475
0.40164798
0.40165105
0.40165743
0.4016675
0.40168115
0.40169778
0.40171614
0.40173492
0.40175268
0.40176827
0.40178078
0.4017897
0.40179473
0.40179572
0.40179285
0.40178666
0.40177798
0.40176785
0.4017575
0.40174806
0.40174022
0.4017345
0.40173087
0.40172902
0.40172854
0.40172896
0.40172976
0.4017309
0.4017321
0.40173304
0.40173355
0.4017329
0.40173045
0.40172526
0.40171695
0.40170532
0.40169078
0.4016739
0.4016558
0.40163732
0.40161917
0.4016019
0.40158588
0.40157118
0.4015579
0.40154615
0.4015361
0.4015281
0.40152234
0.40151912
0.4015185
0.4015205
0.40152508
0.40153223
0.40154165
0.40155295
0.40156528
0.4015782
0.40159103
0.40160352
0.4016156
0.4016274
0.4016393
0.40165156
0.40166414
0.4016771
0.40169027
0.40170324
0.40171528
0.40172556
0.4017332
0.40173763
0.40173876
0.40173668
0.4017319
0.40172496
0.40171638
0.4017067
0.40169635
0.40168542
0.40167373
0.40166137
0.40164793
0.40163347
0.40161788
0.40160102
0.40158316
0.40156487
0.40154666
0.401529
0.4015123
0.40149653
0.4014819
0.4014686
0.40145668
0.40144652
0.40143827
0.4014321
0.40142795
0.40142557
0.40142444
0.40142387
0.40142322
0.40142167
0.40141883
0.40141448
0.4014088
0.401402
0.40139467
0.40138713
0.40138015
0.40137407
0.4013696
0.40136704
0.40136683
0.4013693
0.40137428
0.40138185
0.4013916
0.4014033
0.40141663
0.40143126
0.40144697
0.40146342
0.40148002
0.40149638
0.40151173
0.40152547
0.401537
0.40154585
0.4015518
0.40155497
0.4015557
0.40155455
0.40155217
0.40154892
0.4015453
0.40154165
0.4015384
0.40153593
0.40153462
0.40153477
0.4015366
0.40154004
0.40154478
0.40155062
0.40155703
0.40156344
0.40156916
0.40157357
0.4015763
0.40157723
0.4015764
0.4015741
0.40157068
0.40156633
0.40156108
0.40155506
0.40154865
0.4015425
0.40153763
0.40153483
0.401535
0.4015389
0.40154696
0.40155932
0.40157598
0.40159652
0.40162045
0.40164742
0.40167725
0.40171057
0.40174904
0.4017955
0.40185395
0.40193018
0.40203223
0.4021713
0.40236354
0.4026328
0.4030089
0.40353417
0.40426672
0.40528455
0.40669337
0.40863407
0.41132635
0.41499364
0.41994488
0.4266527
0.43576095
0.44788173
