0.4426719
0.4321979
0.42434466
0.4184348
0.4140242
0.41076788
0.4083789
0.40661758
0.40532374
0.4043787
0.40368715
0.40318155
0.40281194
0.40254116
0.40234163
0.4021934
0.40208194
0.40199694
0.4019311
0.4018796
0.4018391
0.40180734
0.4017826
0.40176344
0.40174836
0.40173596
0.40172493
0.40171435
0.4017035
0.40169206
0.40168023
0.40166843
0.40165734
0.40164736
0.40163884
0.40163195
0.40162694
0.40162405
0.40162346
0.4016252
0.4016289
0.4016339
0.40163928
0.40164393
0.4016469
0.40164754
0.4016454
0.40164053
0.4016332
0.40162387
0.40161327
0.40160173
0.40158963
0.40157717
0.40156427
0.40155086
0.40153712
0.4015236
0.40151086
0.40149972
0.40149078
0.40148428
0.4014804
0.40147883
0.40147907
0.40148062
0.40148327
0.40148702
0.4014921
0.4014985
0.4015064
0.4015156
0.40152594
0.40153745
0.40155026
0.4015643
0.40157992
0.40159726
0.40161666
0.40163782
0.40166005
0.40168217
0.40170258
0.40172014
0.40173358
0.40174237
0.40174654
0.40174633
0.40174273
0.40173662
0.40172908
0.40172076
0.40171224
0.40170357
0.4016946
0.40168512
0.40167516
0.40166512
0.40165564
0.4016477
0.40164256
0.4016415
0.40164545
0.4016552
0.40167066
0.40169108
0.40171516
0.40174103
0.40176666
0.40179005
0.40180963
0.40182418
0.4018331
0.40183604
0.40183303
0.40182433
0.40181032
0.40179184
0.40176982
0.40174544
0.40172032
0.40169603
0.4016741
0.4016558
0.40164185
0.40163222
0.40162665
0.40162432
0.40162444
0.4016264
0.40162924
0.40163207
0.40163368
0.40163293
0.40162867
0.40162033
0.4016081
0.40159276
0.4015758
0.4015591
0.40154427
0.40153274
0.40152526
0.4015222
0.40152335
0.40152842
0.40153652
0.40154678
0.40155795
0.40156877
0.40157777
0.40158388
0.40158644
0.40158552
0.4015818
0.40157658
0.40157133
0.40156734
0.40156558
0.4015665
0.40157005
0.40157583
0.40158322
0.40159136
0.40159968
0.40160766
0.40161517
0.40162185
0.40162736
0.4016313
0.4016329
0.40163183
0.401628
0.4016219
0.40161422
0.4016061
0.4015984
0.40159172
0.40158632
0.4015823
0.40157923
0.40157703
0.4015754
0.40157425
0.40157342
0.4015724
0.40157092
0.40156856
0.4015653
0.40156132
0.40155703
0.40155268
0.4015485
0.40154463
0.40154114
0.40153807
0.40153545
0.4015333
0.401532
0.40153202
0.40153387
0.40153822
0.40154532
0.40155515
0.40156755
0.40158197
0.40159774
0.40161404
0.40162945
0.4016426
0.4016519
0.40165624
0.4016551
0.40164855
0.40163702
0.40162158
0.4016034
0.40158364
0.40156335
0.40154332
0.40152436
0.40150705
0.401492
0.40147963
0.40147045
0.40146476
0.40146273
0.4014644
0.40146956
0.40147796
0.40148914
0.4015027
0.40151802
0.4015344
0.4015512
0.4015678
0.40158385
0.40159935
0.40161452
0.4016299
0.40164554
0.40166137
0.40167665
0.4016907
0.40170246
0.40171137
0.40171713
0.40171993
0.40172026
0.40171877
0.40171635
0.4017135
0.4017107
0.40170807
0.40170592
0.40170452
0.40170452
0.40170687
0.40171248
0.40172195
0.4017356
0.40175298
0.4017734
0.40179577
0.40181887
0.40184137
0.40186235
0.40188077
0.4018959
0.40190706
0.4019136
0.4019151
0.40191117
0.40190178
0.401887
0.40186727
0.40184304
0.4018151
0.4017841
0.40175113
0.40171716
0.40168312
0.40164998
0.4016187
0.4015899
0.4015641
0.4015416
0.40152255
0.4015069
0.40149486
0.40148672
0.4014827
0.40148267
0.4014863
0.4014929
0.40150166
0.4015118
0.4015224
0.40153295
0.40154302
0.40155232
0.40156034
0.4015664
0.4015698
0.40157035
0.40156826
0.4015641
0.40155897
0.40155387
0.4015497
0.40154728
0.40154728
0.40154973
0.40155435
0.40156066
0.40156782
0.40157476
0.40158072
0.40158492
0.40158734
0.4015883
0.40158856
0.40158904
0.40159062
0.40159422
0.4016005
0.40160987
0.40162224
0.40163755
0.4016552
0.40167424
0.40169343
0.40171134
0.40172672
0.40173873
0.4017471
0.40175205
0.40175396
0.40175387
0.40175256
0.4017506
0.4017483
0.40174532
0.40174168
0.40173715
0.40173173
0.40172517
0.40171716
0.40170705
0.40169424
0.401678
0.40165824
0.401635
0.4016088
0.4015806
0.40155172
0.40152356
0.40149742
0.40147448
0.40145552
0.40144122
0.4014317
0.40142676
0.401426
0.40142873
0.40143442
0.4014426
0.40145284
0.40146497
0.40147898
0.4014952
0.40151384
0.40153518
0.40155908
0.40158525
0.4016133
0.4016424
0.40167165
0.40169957
0.40172443
0.4017446
0.40175867
0.40176564
0.4017649
0.4017567
0.40174174
0.40172127
0.40169686
0.40167037
0.40164357
0.40161803
0.4015951
0.40157592
0.4015612
0.40155166
0.40154743
0.40154848
0.4015546
0.40156543
0.4015803
0.4015985
0.40161902
0.4016408
0.40166244
0.4016825
0.4016994
0.40171206
0.40171978
0.40172222
0.4017195
0.40171197
0.4017001
0.40168476
0.4016668
0.40164724
0.40162703
0.40160707
0.4015883
0.40157145
0.40155718
0.40154573
0.40153715
0.40153125
0.40152764
0.40152603
0.40152594
0.40152696
0.40152857
0.40153044
0.4015323
0.40153414
0.40153617
0.4015386
0.40154153
0.401545
0.40154907
0.40155384
0.40155938
0.40156576
0.40157312
0.4015812
0.4015898
0.4015985
0.40160668
0.4016134
0.40161824
0.40162107
0.4016218
0.4016208
0.40161827
0.40161464
0.4016103
0.40160602
0.4016026
0.40160093
0.40160164
0.40160516
0.40161166
0.40162063
0.40163115
0.40164214
0.40165246
0.40166122
0.40166816
0.4016733
0.40167704
0.40167996
0.4016824
0.40168417
0.40168482
0.40168396
0.40168107
0.40167624
0.40166962
0.40166166
0.4016526
0.40164286
0.401633
0.40162364
0.40161526
0.4016083
0.40160304
0.40159962
0.4015981
0.4015985
0.4016008
0.40160477
0.4016101
0.40161645
0.40162337
0.40163073
0.40163827
0.4016459
0.40165296
0.4016591
0.40166348
0.40166548
0.4016647
0.40166092
0.40165433
0.4016453
0.40163448
0.40162235
0.40160927
0.4015957
0.40158236
0.40157008
0.4015599
0.40155253
0.40154862
0.40154856
0.40155235
0.4015596
0.4015698
0.40158245
0.40159664
0.40161118
0.40162513
0.40163743
0.4016477
0.401656
0.40166315
0.40167034
0.40167883
0.40168974
0.4017034
0.40171936
0.4017368
0.40175405
0.4017693
0.40178114
0.4017883
0.40178987
0.4017856
0.40177575
0.40176094
0.40174225
0.40172106
0.40169883
0.40167698
0.40165678
0.40163913
0.40162486
0.40161413
0.40160707
0.4016034
0.40160277
0.40160477
0.40160877
0.40161383
0.401619
0.4016237
0.40162745
0.40163037
0.4016328
0.40163508
0.4016376
0.40164033
0.40164316
0.4016459
0.40164816
0.4016495
0.40164968
0.4016486
0.40164652
0.4016439
0.40164113
0.4016388
0.40163735
0.40163702
0.40163833
0.40164143
0.40164673
0.40165442
0.4016646
0.4016775
0.4016929
0.4017104
0.40172938
0.40174907
0.40176895
0.40178853
0.40180737
0.40182513
0.40184093
0.4018542
0.40186417
0.4018704
0.40187243
0.4018699
0.40186247
0.4018501
0.40183306
0.4018118
0.4017872
0.40176046
0.40173292
0.40170625
0.40168193
0.40166137
0.40164545
0.40163487
0.40162978
0.40163
0.40163514
0.40164465
0.40165797
0.40167424
0.40169227
0.4017105
0.40172756
0.40174225
0.40175423
0.4017638
0.40177214
0.4017814
0.40179488
0.40181684
0.40185255
0.4019087
0.40199378
0.40211928
0.40230092
0.4025633
0.40293542
0.40345916
0.40419218
0.40521204
0.40662408
0.408569
0.41126674
0.41493997
0.4198979
0.42661354
0.43572992
0.4478592
