0.44261554
0.43212086
0.42424592
0.41831282
0.41387808
0.41059747
0.40818733
0.40640903
0.40510362
0.4041537
0.403464
0.4029671
0.40261257
0.40236247
0.40218806
0.40206757
0.4019847
0.40192726
0.40188658
0.40185633
0.40183234
0.40181202
0.40179402
0.40177792
0.40176412
0.40175352
0.40174687
0.4017449
0.40174806
0.40175635
0.40176952
0.40178695
0.40180779
0.40183067
0.40185422
0.40187722
0.40189865
0.40191773
0.40193382
0.40194672
0.40195623
0.40196225
0.40196463
0.4019631
0.4019574
0.40194723
0.40193266
0.4019138
0.4018909
0.40186444
0.4018351
0.4018039
0.4017722
0.4017413
0.401713
0.4016887
0.40166968
0.4016566
0.40164953
0.401648
0.401651
0.40165702
0.4016643
0.401671
0.4016755
0.40167683
0.4016743
0.40166792
0.40165803
0.40164533
0.40163082
0.4016152
0.40159926
0.4015834
0.4015681
0.4015538
0.4015405
0.40152824
0.40151688
0.4015063
0.4014964
0.4014877
0.40148064
0.40147573
0.40147334
0.4014735
0.40147614
0.40148082
0.40148658
0.4014926
0.4014977
0.4015009
0.4015018
0.40150058
0.40149775
0.40149426
0.40149108
0.40148914
0.40148917
0.401492
0.4014981
0.40150765
0.40152046
0.40153566
0.40155235
0.40156946
0.40158576
0.40160048
0.4016132
0.40162414
0.40163368
0.40164214
0.40164992
0.40165675
0.4016621
0.40166533
0.40166587
0.4016636
0.40165862
0.40165135
0.4016424
0.40163234
0.40162143
0.40160975
0.40159696
0.40158272
0.40156677
0.40154913
0.40153006
0.40151006
0.40149
0.40147054
0.40145227
0.4014359
0.401422
0.40141124
0.40140417
0.40140098
0.40140155
0.40140566
0.40141302
0.40142304
0.40143523
0.40144923
0.4014647
0.40148136
0.4014988
0.40151653
0.4015341
0.4015506
0.4015654
0.4015781
0.40158874
0.40159762
0.40160528
0.40161267
0.40162104
0.40163133
0.40164438
0.40166008
0.401678
0.401697
0.4017155
0.40173185
0.40174472
0.40175316
0.40175664
0.40175495
0.40174815
0.4017368
0.40172172
0.40170386
0.4016841
0.4016633
0.4016418
0.40161988
0.4015975
0.40157476
0.40155163
0.40152836
0.40150553
0.40148383
0.40146402
0.4014469
0.4014332
0.4014234
0.40141776
0.40141645
0.4014194
0.4014263
0.4014367
0.40145
0.4014654
0.40148172
0.40149787
0.40151277
0.4015253
0.4015348
0.40154123
0.40154493
0.40154657
0.40154707
0.40154728
0.4015478
0.4015491
0.40155172
0.4015559
0.40156132
0.40156752
0.40157387
0.4015793
0.40158322
0.40158513
0.40158513
0.40158364
0.40158135
0.40157855
0.40157577
0.40157342
0.40157163
0.4015709
0.40157178
0.4015751
0.40158153
0.40159166
0.40160584
0.4016239
0.40164503
0.4016682
0.40169162
0.4017135
0.40173203
0.4017456
0.401753
0.40175375
0.40174803
0.40173626
0.4017198
0.40170035
0.4016797
0.40165964
0.40164155
0.40162665
0.4016154
0.401608
0.4016042
0.40160358
0.40160543
0.40160927
0.40161422
0.40161985
0.40162557
0.40163076
0.4016348
0.40163714
0.40163702
0.4016343
0.40162903
0.40162182
0.40161332
0.40160424
0.40159544
0.40158755
0.40158102
0.40157607
0.40157261
0.4015705
0.40156934
0.40156856
0.4015677
0.4015662
0.40156394
0.40156114
0.40155834
0.4015564
0.40155628
0.40155873
0.4015644
0.4015735
0.40158635
0.4016026
0.40162182
0.40164307
0.40166518
0.40168694
0.40170753
0.40172645
0.40174398
0.40176043
0.40177682
0.40179372
0.40181154
0.40183014
0.40184915
0.4018678
0.4018854
0.40190107
0.40191427
0.40192467
0.40193188
0.4019358
0.40193596
0.40193218
0.40192437
0.40191236
0.4018965
0.40187716
0.4018548
0.40183038
0.4018049
0.40177977
0.4017566
0.40173718
0.4017228
0.4017144
0.40171245
0.40171665
0.401726
0.40173936
0.40175483
0.4017706
0.4017848
0.40179586
0.40180266
0.40180448
0.40180132
0.40179336
0.40178156
0.4017672
0.40175182
0.40173727
0.4017253
0.4017171
0.40171334
0.4017141
0.40171865
0.40172568
0.40173364
0.4017407
0.40174556
0.4017472
0.40174517
0.40173954
0.4017306
0.40171894
0.40170488
0.40168858
0.40166995
0.40164942
0.40162736
0.40160456
0.40158212
0.40156078
0.40154138
0.40152422
0.4015096
0.4014975
0.40148848
0.40148264
0.40148067
0.40148282
0.40148932
0.40150058
0.40151653
0.40153706
0.40156174
0.4015898
0.4016202
0.40165114
0.40168086
0.40170717
0.40172842
0.40174314
0.40175074
0.40175104
0.40174446
0.4017319
0.40171465
0.4016943
0.40167266
0.40165135
0.4016318
0.40161508
0.40160185
0.4015922
0.40158606
0.4015827
0.40158135
0.40158135
0.401582
0.40158343
0.40158606
0.40159044
0.40159705
0.4016063
0.40161818
0.40163246
0.40164855
0.40166557
0.40168256
0.40169874
0.40171364
0.40172687
0.40173858
0.4017486
0.40175676
0.4017627
0.40176606
0.4017665
0.401764
0.40175864
0.40175104
0.40174186
0.40173194
0.40172178
0.40171155
0.4017013
0.40169114
0.40168133
0.40167245
0.40166518
0.40166023
0.4016579
0.40165785
0.40165943
0.40166155
0.40166306
0.40166286
0.4016604
0.40165564
0.40164915
0.40164188
0.40163505
0.40162992
0.40162754
0.40162843
0.40163264
0.40163952
0.4016481
0.401657
0.40166476
0.40167022
0.40167233
0.40167058
0.40166482
0.40165576
0.401644
0.40163058
0.40161642
0.4016022
0.40158793
0.4015735
0.40155852
0.4015425
0.40152553
0.40150788
0.40149027
0.40147343
0.401458
0.4014446
0.4014338
0.40142575
0.40142077
0.40141886
0.40142
0.40142423
0.40143144
0.40144172
0.40145496
0.40147096
0.40148956
0.40151042
0.401533
0.40155637
0.40157917
0.40160018
0.40161783
0.40163106
0.40163928
0.40164247
0.40164104
0.40163592
0.40162832
0.40161934
0.4016101
0.40160152
0.40159407
0.40158817
0.401584
0.4015817
0.40158135
0.40158305
0.4015865
0.40159118
0.4015962
0.40160048
0.40160295
0.401603
0.40160045
0.40159565
0.40158936
0.4015827
0.40157628
0.40157112
0.40156785
0.40156725
0.40156984
0.4015763
0.40158713
0.40160236
0.40162155
0.40164393
0.40166804
0.40169227
0.40171453
0.40173307
0.4017465
0.40175414
0.40175584
0.4017521
0.40174428
0.40173388
0.4017227
0.40171248
0.4017043
0.40169898
0.40169653
0.4016962
0.40169695
0.40169725
0.40169564
0.4016912
0.40168327
0.40167162
0.40165684
0.4016396
0.40162113
0.4016027
0.40158555
0.40157086
0.40155977
0.4015531
0.40155113
0.40155402
0.40156138
0.40157264
0.4015872
0.401604
0.401622
0.40163976
0.40165564
0.4016683
0.40167665
0.4016802
0.40167925
0.40167454
0.40166754
0.40165982
0.40165308
0.4016486
0.40164736
0.40164974
0.4016558
0.401665
0.40167665
0.40169
0.40170443
0.40171948
0.40173474
0.40174955
0.40176308
0.40177405
0.40178162
0.40178484
0.40178338
0.40177736
0.40176734
0.4017542
0.40173918
0.40172344
0.40170795
0.40169343
0.40168053
0.4016698
0.40166166
0.4016561
0.40165308
0.40165204
0.40165222
0.40165254
0.40165195
0.40164962
0.4016451
0.40163857
0.40163088
0.4016232
0.40161687
0.4016132
0.40161303
0.40161687
0.40162453
0.40163532
0.40164793
0.40166074
0.40167192
0.40167975
0.401683
0.40168098
0.40167323
0.40166014
0.40164262
0.40162212
0.4016003
0.40157923
0.4015606
0.40154585
0.40153605
0.40153173
0.40153322
0.40154
0.40155163
0.401567
0.40158492
0.40160394
0.40162265
0.40163967
0.40165374
0.40166384
0.4016695
0.40167066
0.40166786
0.401662
0.401654
0.40164503
0.4016361
0.4016281
0.401622
0.4016185
0.40161797
0.40162048
0.4016256
0.40163296
0.40164194
0.4016522
0.40166315
0.40167454
0.40168574
0.4016961
0.40170512
0.40171236
0.40171778
0.4017216
0.40172458
0.40172723
0.40173042
0.40173438
0.40173912
0.40174398
0.40174794
0.40175036
0.40175062
0.40174833
0.4017437
0.40173745
0.4017307
0.4017245
0.4017198
0.4017171
0.40171647
0.40171784
0.40172097
0.40172556
0.4017315
0.40173823
0.40174496
0.4017505
0.4017535
0.40175283
0.40174773
0.40173784
0.40172365
0.40170595
0.40168586
0.40166453
0.40164325
0.401623
0.40160477
0.40158924
0.40157694
0.40156797
0.40156206
0.4015589
0.40155795
0.40155882
0.4015612
0.40156507
0.40157
0.40157557
0.4015811
0.40158588
0.40158948
0.40159178
0.40159306
0.40159392
0.40159473
0.40159562
0.4015967
0.40159765
0.40159845
0.40159914
0.40160006
0.40160117
0.4016026
0.401604
0.4016049
0.40160477
0.40160337
0.40160084
0.40159765
0.40159434
0.40159142
0.40158895
0.4015867
0.4015839
0.40157974
0.40157324
0.40156376
0.40155113
0.40153566
0.40151817
0.40149975
0.4014815
0.4014647
0.4014503
0.40143925
0.40143207
0.40142888
0.40142986
0.4014349
0.4014438
0.40145645
0.4014727
0.40149248
0.4015159
0.40154275
0.4015728
0.40160528
0.4016393
0.40167356
0.40170646
0.40173647
0.40176204
0.4017821
0.40179563
0.40180212
0.4018014
0.40179372
0.40177965
0.4017602
0.40173644
0.40170974
0.40168166
0.40165365
0.40162718
0.40160358
0.40158388
0.40156877
0.40155867
0.40155354
0.4015531
0.40155667
0.40156338
0.40157193
0.40158084
0.40158877
0.4015946
0.4015973
0.40159646
0.40159228
0.40158528
0.40157643
0.40156692
0.40155786
0.40154997
0.40154383
0.40153986
0.40153867
0.40154096
0.4015473
0.40155822
0.4015737
0.40159324
0.401616
0.40164092
0.40166664
0.40169215
0.40171686
0.40174037
0.40176266
0.4017834
0.40180206
0.4018178
0.40182987
0.4018376
0.40184018
0.40183753
0.40182957
0.40181682
0.40180013
0.40178084
0.40176034
0.40174004
0.40172133
0.40170524
0.40169215
0.40168235
0.40167534
0.4016704
0.40166664
0.40166357
0.40166125
0.40165997
0.40166017
0.40166226
0.4016662
0.4016718
0.40167826
0.40168467
0.40168998
0.40169343
0.40169463
0.40169382
0.4016915
0.40168858
0.40168592
0.40168414
0.40168348
0.40168393
0.40168488
0.40168586
0.40168616
0.40168566
0.4016839
0.4016808
0.4016764
0.4016709
0.40166467
0.40165785
0.40165052
0.40164256
0.4016339
0.40162462
0.4016152
0.40160635
0.40159905
0.4015939
0.40159136
0.40159118
0.40159252
0.40159446
0.40159553
0.40159476
0.40159175
0.4015863
0.40157866
0.40156922
0.40155834
0.40154627
0.40153328
0.40151963
0.4015059
0.40149283
0.40148115
0.40147138
0.40146384
0.4014589
0.40145653
0.40145692
0.40146
0.40146565
0.40147352
0.40148333
0.4014946
0.40150696
0.40152028
0.40153414
0.40154833
0.40156236
0.4015757
0.4015879
0.40159848
0.40160713
0.40161413
0.40162
0.4016259
0.40163305
0.40164232
0.40165442
0.40166935
0.40168667
0.40170532
0.40172386
0.40174064
0.40175405
0.40176296
0.4017665
0.40176445
0.4017569
0.4017446
0.40172857
0.40171036
0.40169162
0.40167388
0.40165842
0.4016462
0.4016377
0.40163326
0.40163288
0.40163624
0.40164298
0.40165254
0.40166423
0.4016773
0.4016907
0.40170377
0.40171605
0.40172774
0.40173933
0.4017512
0.40176365
0.401777
0.40179098
0.40180525
0.40181947
0.4018333
0.40184614
0.4018577
0.4018676
0.40187553
0.40188122
0.40188453
0.40188515
0.40188307
0.4018783
0.40187123
0.4018623
0.4018523
0.4018421
0.4018326
0.4018246
0.4018183
0.40181342
0.40180907
0.40180418
0.4017979
0.40178972
0.40177965
0.40176836
0.40175685
0.40174624
0.40173763
0.40173182
0.40172932
0.40173033
0.40173456
0.40174115
0.4017489
0.40175658
0.40176326
0.4017682
0.4017712
0.40177214
0.40177092
0.40176716
0.4017602
0.40174943
0.40173456
0.4017158
0.40169358
0.40166903
0.40164316
0.40161732
0.40159246
0.40156966
0.40154958
0.4015328
0.4015198
0.40151092
0.40150672
0.4015076
0.40151376
0.4015253
0.40154213
0.40156403
0.4015907
0.40162167
0.40165624
0.40169343
0.40173212
0.40177074
0.40180805
0.40184292
0.40187448
0.40190223
0.40192562
0.40194482
0.40195993
0.4019715
0.40197992
0.40198556
0.40198883
0.40198988
0.40198892
0.40198594
0.4019809
0.40197378
0.40196437
0.4019526
0.40193823
0.40192106
0.40190092
0.40187767
0.40185145
0.40182248
0.40179124
0.40175894
0.4017267
0.4016959
0.40166816
0.4016448
0.4016271
0.4016164
0.40161398
0.4016215
0.40164107
0.4016761
0.40173158
0.40181535
0.4019387
0.402118
0.40237686
0.40274486
0.40326402
0.40399233
0.40500847
0.406419
0.40836614
0.4110707
0.4147561
0.41973153
0.42647097
0.43561527
0.44777524
