0.44253966
0.4320252
0.42413744
0.4181985
0.41376454
0.41048968
0.40808818
0.40631804
0.40501708
0.40406576
0.40336752
0.4028548
0.40247798
0.40220088
0.4019972
0.40184778
0.40173844
0.40165886
0.40160158
0.4015609
0.40153277
0.40151408
0.40150255
0.40149635
0.4014941
0.40149474
0.40149742
0.40150127
0.40150553
0.4015094
0.40151212
0.4015131
0.40151182
0.40150815
0.40150246
0.40149552
0.40148816
0.40148118
0.40147543
0.40147147
0.40146968
0.40147015
0.40147284
0.40147722
0.4014829
0.40148938
0.40149596
0.4015021
0.40150768
0.40151268
0.40151778
0.40152362
0.40153092
0.40154022
0.40155214
0.40156728
0.40158585
0.4016079
0.40163305
0.40166032
0.40168828
0.40171495
0.4017385
0.40175715
0.40176964
0.40177524
0.40177357
0.40176496
0.40175036
0.40173098
0.40170848
0.40168455
0.4016606
0.4016378
0.40161693
0.40159845
0.4015824
0.40156844
0.40155643
0.40154585
0.40153638
0.4015277
0.40152004
0.40151381
0.40150973
0.4015086
0.4015112
0.40151802
0.40152904
0.40154415
0.40156248
0.40158278
0.40160385
0.40162396
0.4016417
0.40165597
0.40166607
0.401672
0.40167433
0.40167403
0.40167236
0.40167055
0.40166962
0.40167022
0.4016725
0.40167627
0.4016811
0.40168655
0.40169242
0.40169874
0.40170556
0.40171283
0.40172017
0.4017269
0.401732
0.40173465
0.4017339
0.40172932
0.4017207
0.40170836
0.40169302
0.40167546
0.4016565
0.40163693
0.40161756
0.40159932
0.40158325
0.4015703
0.4015612
0.40155655
0.40155652
0.40156102
0.40156966
0.40158167
0.40159613
0.40161207
0.4016284
0.4016439
0.40165758
0.40166876
0.40167713
0.401683
0.40168706
0.40169007
0.40169284
0.40169552
0.40169805
0.40169972
0.4017
0.40169823
0.40169406
0.40168747
0.40167874
0.40166816
0.40165615
0.40164298
0.40162903
0.40161452
0.4015997
0.40158513
0.4015713
0.401559
0.40154904
0.40154225
0.40153942
0.4015412
0.401548
0.4015599
0.40157658
0.40159732
0.40162122
0.40164706
0.40167364
0.40170002
0.40172544
0.4017494
0.4017716
0.40179136
0.40180805
0.40182123
0.4018303
0.40183496
0.40183502
0.40183032
0.40182143
0.40180898
0.40179422
0.40177852
0.4017631
0.4017493
0.40173784
0.4017285
0.401721
0.40171424
0.40170735
0.4016998
0.40169144
0.40168247
0.4016735
0.4016654
0.40165868
0.40165374
0.4016505
0.4016485
0.40164733
0.40164658
0.40164623
0.4016465
0.40164736
0.40164873
0.40164986
0.4016498
0.4016475
0.40164205
0.40163293
0.40162024
0.40160468
0.40158728
0.40156946
0.4015524
0.40153715
0.40152448
0.40151498
0.4015087
0.40150565
0.40150544
0.40150765
0.40151182
0.4015175
0.40152434
0.40153188
0.40153956
0.40154696
0.40155357
0.40155926
0.401564
0.40156826
0.40157276
0.4015781
0.40158486
0.40159312
0.4016026
0.40161276
0.40162265
0.40163162
0.40163904
0.4016445
0.4016476
0.4016479
0.40164503
0.40163866
0.40162864
0.40161532
0.40159947
0.40158206
0.40156454
0.40154824
0.4015343
0.4015235
0.40151608
0.40151194
0.40151092
0.40151277
0.4015173
0.40152395
0.40153208
0.40154073
0.40154874
0.4015551
0.40155908
0.4015606
0.40155986
0.4015574
0.40155405
0.40155056
0.40154755
0.40154514
0.40154344
0.4015424
0.40154192
0.40154207
0.40154234
0.40154225
0.40154123
0.40153855
0.401534
0.4015275
0.40151975
0.40151158
0.40150374
0.40149698
0.4014918
0.40148857
0.40148744
0.40148824
0.40149045
0.40149367
0.40149707
0.40150008
0.40150177
0.40150177
0.4014998
0.40149626
0.40149185
0.40148723
0.40148306
0.40148
0.40147808
0.4014776
0.40147865
0.40148145
0.40148625
0.40149304
0.4015018
0.40151197
0.4015227
0.40153328
0.40154323
0.40155232
0.40156046
0.40156737
0.40157297
0.40157703
0.4015794
0.4015799
0.40157872
0.4015761
0.40157256
0.40156892
0.40156618
0.40156513
0.40156645
0.4015702
0.40157625
0.40158397
0.40159255
0.4016014
0.4016102
0.40161896
0.4016278
0.40163675
0.4016457
0.40165427
0.40166187
0.4016678
0.4016714
0.4016725
0.40167108
0.40166736
0.40166175
0.40165457
0.40164617
0.40163675
0.4016266
0.40161568
0.4016041
0.4015916
0.4015785
0.4015648
0.40155098
0.4015374
0.40152442
0.40151265
0.40150264
0.4014949
0.40148982
0.4014875
0.40148795
0.40149075
0.40149546
0.40150145
0.40150806
0.40151498
0.40152195
0.4015288
0.40153575
0.40154278
0.40155017
0.40155792
0.4015658
0.4015736
0.4015806
0.40158638
0.4015903
0.40159214
0.40159208
0.40159068
0.40158877
0.40158725
0.40158674
0.4015877
0.40159032
0.40159464
0.4016009
0.40160927
0.40161958
0.40163156
0.40164414
0.40165606
0.40166605
0.40167275
0.4016755
0.40167388
0.40166825
0.40165955
0.40164912
0.40163854
0.40162954
0.40162337
0.4016208
0.40162233
0.40162787
0.40163708
0.40164965
0.4016645
0.40168062
0.4016965
0.4017105
0.401721
0.40172705
0.40172803
0.40172377
0.4017148
0.4017019
0.4016862
0.40166876
0.40165076
0.401633
0.40161577
0.4015993
0.4015835
0.40156817
0.40155363
0.40154043
0.4015292
0.40152067
0.40151545
0.40151384
0.40151617
0.40152246
0.4015325
0.40154582
0.40156156
0.40157863
0.40159598
0.40161225
0.40162605
0.40163633
0.4016426
0.40164477
0.40164357
0.40164003
0.4016352
0.4016302
0.40162578
0.4016224
0.40162024
0.401619
0.40161818
0.40161708
0.4016152
0.40161237
0.4016086
0.40160438
0.4016002
0.4015964
0.4015931
0.40159032
0.40158796
0.40158594
0.40158424
0.40158227
0.40157947
0.40157512
0.40156838
0.40155882
0.4015462
0.4015309
0.4015133
0.40149432
0.40147468
0.40145528
0.40143692
0.4014203
0.40140575
0.40139374
0.40138415
0.40137708
0.40137246
0.40137014
0.40137005
0.40137216
0.40137646
0.40138286
0.4013916
0.40140262
0.4014159
0.40143156
0.40144935
0.40146923
0.40149093
0.4015139
0.4015375
0.40156114
0.40158418
0.40160647
0.40162772
0.40164787
0.4016667
0.40168396
0.40169927
0.40171227
0.4017227
0.40173063
0.40173647
0.40174046
0.4017432
0.40174532
0.40174714
0.40174863
0.40174955
0.40174967
0.401749
0.40174773
0.40174612
0.4017446
0.40174308
0.40174142
0.40173885
0.4017348
0.40172857
0.4017198
0.40170845
0.40169448
0.40167806
0.40165955
0.40163904
0.4016169
0.40159324
0.40156814
0.40154183
0.40151498
0.4014882
0.40146223
0.40143785
0.4014158
0.4013967
0.40138087
0.40136847
0.40135947
0.4013537
0.40135095
0.40135124
0.40135464
0.40136135
0.4013717
0.4013857
0.40140337
0.40142483
0.40144968
0.40147763
0.40150794
0.40153953
0.40157118
0.4016014
0.4016287
0.40165126
0.40166783
0.40167746
0.40168005
0.40167612
0.40166673
0.40165362
0.40163866
0.40162364
0.40161014
0.40159923
0.4015915
0.40158707
0.4015858
0.40158707
0.40159056
0.40159538
0.40160105
0.40160677
0.40161183
0.4016155
0.4016173
0.40161696
0.4016145
0.4016101
0.401604
0.4015965
0.40158775
0.40157813
0.40156806
0.40155822
0.40154928
0.40154168
0.40153584
0.4015316
0.40152898
0.40152755
0.40152708
0.4015275
0.40152895
0.40153208
0.40153757
0.4015459
0.40155745
0.40157196
0.40158874
0.4016067
0.4016245
0.40164077
0.4016547
0.40166587
0.40167433
0.40168074
0.4016855
0.40168914
0.40169156
0.4016923
0.40169066
0.401686
0.401678
0.40166664
0.40165237
0.40163592
0.40161824
0.40160033
0.40158275
0.40156624
0.40155107
0.40153772
0.40152657
0.40151763
0.40151092
0.40150616
0.401503
0.40150094
0.40149954
0.4014986
0.40149802
0.40149805
0.40149894
0.40150067
0.40150315
0.40150595
0.4015088
0.40151125
0.40151337
0.40151548
0.40151784
0.40152088
0.40152484
0.40152988
0.4015361
0.40154365
0.40155277
0.4015635
0.40157604
0.40159035
0.40160593
0.4016221
0.4016376
0.4016511
0.40166152
0.401668
0.40167022
0.40166855
0.40166336
0.4016561
0.4016479
0.40164027
0.4016343
0.40163064
0.4016296
0.40163094
0.40163422
0.40163907
0.40164503
0.40165162
0.4016581
0.40166366
0.40166768
0.40166983
0.40167013
0.4016684
0.4016643
0.4016574
0.40164736
0.40163422
0.4016183
0.40160033
0.40158108
0.4015615
0.4015426
0.401525
0.40150955
0.40149698
0.40148786
0.40148285
0.40148234
0.4014864
0.40149495
0.4015074
0.40152273
0.4015396
0.40155616
0.4015706
0.40158138
0.40158755
0.40158895
0.401586
0.40157962
0.40157095
0.4015611
0.40155098
0.4015412
0.4015323
0.40152407
0.40151647
0.4015095
0.40150324
0.40149817
0.4014947
0.4014935
0.4014949
0.40149903
0.40150595
0.40151528
0.4015265
0.4015393
0.40155345
0.40156895
0.4015856
0.40160286
0.4016199
0.4016355
0.40164846
0.40165767
0.40166265
0.40166315
0.40165955
0.40165275
0.40164393
0.40163442
0.40162513
0.4016166
0.4016089
0.4016019
0.40159523
0.4015889
0.40158284
0.401577
0.40157142
0.40156618
0.40156147
0.4015578
0.4015554
0.4015546
0.40155566
0.4015586
0.4015636
0.40157086
0.40158066
0.40159306
0.4016079
0.40162465
0.40164244
0.40166
0.40167585
0.40168867
0.4016975
0.40170193
0.40170184
0.4016976
0.40168974
0.40167898
0.40166605
0.40165138
0.4016355
0.4016186
0.40160114
0.4015837
0.40156692
0.40155146
0.401538
0.40152678
0.4015182
0.4015123
0.40150887
0.40150797
0.4015095
0.4015133
0.40151912
0.40152666
0.40153578
0.40154627
0.40155804
0.40157086
0.40158412
0.40159702
0.4016086
0.40161765
0.40162337
0.4016251
0.40162277
0.40161672
0.4016079
0.40159756
0.40158698
0.4015774
0.40157
0.4015653
0.4015636
0.40156475
0.40156817
0.40157315
0.40157887
0.40158436
0.40158862
0.40159097
0.401591
0.40158877
0.40158486
0.40157992
0.4015747
0.40157014
0.40156713
0.4015662
0.40156758
0.4015711
0.40157598
0.40158114
0.4015856
0.40158832
0.40158856
0.40158606
0.4015811
0.40157425
0.40156618
0.40155745
0.40154848
0.4015396
0.4015312
0.40152356
0.40151715
0.40151235
0.40150946
0.4015086
0.4015096
0.40151238
0.4015164
0.40152118
0.40152583
0.4015297
0.4015323
0.4015331
0.40153235
0.4015302
0.40152723
0.40152374
0.40151995
0.4015162
0.40151235
0.40150833
0.40150386
0.401499
0.40149394
0.4014889
0.40148458
0.40148145
0.4014798
0.4014798
0.40148154
0.40148503
0.40149045
0.4014979
0.40150723
0.40151814
0.40153006
0.4015423
0.40155435
0.40156582
0.40157685
0.4015877
0.40159884
0.40161115
0.40162534
0.4016423
0.4016627
0.40168646
0.40171278
0.40174055
0.40176803
0.40179354
0.40181565
0.40183312
0.40184498
0.40185076
0.4018502
0.40184346
0.4018309
0.40181312
0.40179098
0.40176564
0.40173838
0.40171066
0.40168396
0.40165952
0.4016382
0.4016207
0.4016073
0.40159836
0.40159398
0.40159446
0.40159968
0.40160975
0.4016247
0.4016446
0.40166885
0.4016966
0.40172637
0.40175632
0.40178478
0.4018099
0.4018303
0.40184486
0.40185267
0.40185317
0.40184638
0.4018326
0.40181258
0.40178755
0.40175882
0.401728
0.40169677
0.4016665
0.40163848
0.40161362
0.40159255
0.40157598
0.40156406
0.40155712
0.40155506
0.40155762
0.40156412
0.40157384
0.4015856
0.40159813
0.40161005
0.4016203
0.4016283
0.401634
0.40163803
0.40164137
0.40164512
0.40165016
0.40165678
0.4016648
0.40167338
0.40168133
0.4016874
0.40169054
0.40168992
0.40168548
0.4016775
0.40166676
0.4016545
0.40164214
0.4016306
0.4016208
0.40161306
0.40160757
0.40160406
0.40160212
0.4016013
0.40160102
0.40160093
0.4016008
0.40160072
0.4016004
0.40159968
0.40159842
0.40159667
0.4015945
0.40159196
0.40158933
0.40158665
0.40158424
0.40158278
0.40158266
0.40158424
0.40158767
0.40159333
0.4016013
0.4016119
0.401625
0.40164047
0.4016575
0.40167484
0.40169114
0.40170506
0.4017155
0.401722
0.40172473
0.4017244
0.401722
0.40171868
0.40171552
0.40171307
0.40171143
0.40171015
0.40170854
0.40170586
0.40170163
0.40169564
0.40168843
0.40168053
0.4016727
0.40166545
0.4016592
0.4016538
0.40164906
0.40164495
0.40164104
0.40163723
0.4016333
0.40162924
0.4016252
0.40162122
0.4016174
0.4016139
0.4016108
0.4016087
0.4016082
0.40160996
0.4016143
0.4016214
0.40163097
0.40164247
0.4016552
0.4016681
0.40168023
0.40169063
0.4016988
0.40170452
0.40170813
0.40171024
0.4017117
0.4017133
0.40171525
0.4017174
0.4017192
0.4017198
0.40171853
0.4017147
0.40170804
0.40169883
0.40168768
0.40167534
0.4016628
0.40165067
0.4016394
0.4016288
0.4016184
0.40160748
0.40159553
0.4015823
0.40156797
0.401553
0.4015382
0.40152422
0.40151173
0.40150118
0.40149283
0.40148684
0.4014831
0.40148112
0.4014806
0.40148118
0.40148258
0.40148452
0.40148672
0.401489
0.40149108
0.40149316
0.40149513
0.40149698
0.40149888
0.40150073
0.40150255
0.40150422
0.40150613
0.4015086
0.40151212
0.40151733
0.40152466
0.4015344
0.40154657
0.40156078
0.40157655
0.4015928
0.4016085
0.40162244
0.40163362
0.40164158
0.40164635
0.40164846
0.40164906
0.4016495
0.40165144
0.40165624
0.40166494
0.40167803
0.40169528
0.40171576
0.4017379
0.40175977
0.40177962
0.40179566
0.4018067
0.40181193
0.40181103
0.4018042
0.40179226
0.4017761
0.40175694
0.40173638
0.4017159
0.40169692
0.40168056
0.40166757
0.40165818
0.40165222
0.4016494
0.40164897
0.40165025
0.40165272
0.40165606
0.40166032
0.4016656
0.40167204
0.40167952
0.40168777
0.4016962
0.40170392
0.40170997
0.40171355
0.4017141
0.40171143
0.4017059
0.40169805
0.4016888
0.40167892
0.40166909
0.4016593
0.40164953
0.4016393
0.40162808
0.40161556
0.40160194
0.40158767
0.40157357
0.40156087
0.40155053
0.40154347
0.4015402
0.40154105
0.40154594
0.4015543
0.40156513
0.40157706
0.40158844
0.40159765
0.40160337
0.40160525
0.40160334
0.40159845
0.40159178
0.4015845
0.4015776
0.401572
0.401568
0.4015658
0.40156546
0.40156683
0.4015694
0.40157256
0.4015754
0.401577
0.40157652
0.40157336
0.4015675
0.40155944
0.40155023
0.40154105
0.40153322
0.401528
0.40152606
0.4015277
0.40153265
0.40153986
0.4015482
0.40155616
0.4015624
0.40156624
0.40156743
0.40156665
0.40156505
0.40156397
0.4015647
0.40156817
0.40157482
0.40158454
0.40159643
0.4016094
0.40162194
0.4016324
0.4016395
0.40164253
0.4016416
0.4016375
0.40163144
0.40162498
0.4016195
0.40161613
0.4016155
0.40161806
0.40162373
0.40163222
0.40164325
0.40165597
0.4016699
0.40168437
0.4016987
0.40171164
0.40172195
0.4017285
0.40173066
0.40172789
0.40172037
0.4017085
0.40169308
0.40167505
0.4016552
0.40163422
0.40161294
0.40159214
0.40157253
0.4015547
0.40153924
0.4015264
0.40151638
0.40150928
0.40150493
0.40150294
0.40150273
0.4015034
0.401504
0.4015034
0.4015007
0.4014956
0.40148836
0.40147957
0.40147027
0.40146154
0.4014543
0.4014495
0.4014477
0.4014494
0.40145463
0.40146333
0.40147522
0.40148982
0.40150645
0.40152448
0.40154293
0.40156066
0.40157664
0.4015894
0.4015979
0.40160125
0.4015993
0.40159276
0.4015828
0.401571
0.4015593
0.4015492
0.40154225
0.40153953
0.40154168
0.40154925
0.40156198
0.40157947
0.40160078
0.40162453
0.40164903
0.40167233
0.40169242
0.4017077
0.4017168
0.40171877
0.4017134
0.40170088
0.40168196
0.4016582
0.4016314
0.4016037
0.4015773
0.4015541
0.40153578
0.40152353
0.40151823
0.40152043
0.4015302
0.40154725
0.40157086
0.40159997
0.40163293
0.40166783
0.40170264
0.40173525
0.4017641
0.40178835
0.40180779
0.4018233
0.4018369
0.40185165
0.40187183
0.4019034
0.40195388
0.4020334
0.40215492
0.40233546
0.40259993
0.40297702
0.4035075
0.4042477
0.40527362
0.4066895
0.40863574
0.41133186
0.41500124
0.41995317
0.4266608
0.4357678
0.44788688
