0.4426922
0.43222398
0.4243752
0.41846842
0.41405937
0.41080326
0.4084131
0.4066498
0.40535295
0.4044042
0.40370798
0.4031973
0.40282232
0.4025463
0.40234217
0.40219018
0.40207615
0.40198976
0.4019235
0.40187168
0.4018298
0.40179425
0.4017624
0.40173244
0.4017036
0.40167546
0.4016483
0.40162292
0.4015998
0.40157944
0.40156212
0.40154815
0.40153742
0.40153012
0.4015264
0.40152645
0.40153039
0.4015378
0.4015481
0.4015602
0.40157282
0.40158468
0.4015945
0.40160152
0.40160528
0.40160593
0.40160412
0.4016009
0.40159765
0.40159538
0.4015951
0.40159732
0.40160227
0.40160993
0.40161985
0.40163162
0.4016445
0.4016576
0.4016698
0.40168056
0.40168938
0.40169623
0.4017016
0.4017059
0.40170994
0.4017146
0.4017203
0.4017271
0.40173456
0.40174165
0.40174684
0.40174916
0.40174755
0.40174174
0.4017317
0.40171808
0.4017018
0.40168425
0.4016671
0.40165192
0.40164003
0.401632
0.4016281
0.4016278
0.4016302
0.40163398
0.4016375
0.40163928
0.40163812
0.40163326
0.4016245
0.4016122
0.40159717
0.4015805
0.40156344
0.40154728
0.40153313
0.40152213
0.401515
0.40151247
0.40151486
0.4015219
0.40153328
0.40154818
0.40156555
0.4015841
0.40160254
0.4016196
0.40163463
0.40164745
0.40165854
0.40166873
0.4016792
0.40169114
0.40170538
0.4017224
0.401742
0.40176368
0.40178663
0.40181026
0.4018339
0.40185672
0.40187833
0.40189815
0.40191573
0.40193063
0.40194234
0.40195048
0.40195492
0.40195575
0.40195337
0.40194803
0.40194032
0.4019307
0.40191942
0.40190664
0.40189245
0.40187678
0.40185964
0.40184122
0.40182173
0.4018018
0.40178227
0.4017641
0.4017484
0.40173593
0.4017271
0.40172184
0.40171912
0.4017176
0.40171564
0.4017117
0.4017048
0.40169463
0.40168148
0.4016662
0.40165016
0.40163466
0.40162122
0.40161103
0.4016049
0.40160322
0.40160578
0.40161222
0.40162173
0.4016335
0.40164658
0.40165997
0.40167224
0.40168193
0.4016877
0.40168858
0.40168402
0.40167415
0.40165946
0.401641
0.40161994
0.4015976
0.40157503
0.40155315
0.40153295
0.40151507
0.40150002
0.40148807
0.4014794
0.40147412
0.40147224
0.4014733
0.40147713
0.40148282
0.40148962
0.4014968
0.40150374
0.4015101
0.40151614
0.40152243
0.40152934
0.40153742
0.40154666
0.40155688
0.40156788
0.40157914
0.40159026
0.4016002
0.40160817
0.40161285
0.4016137
0.40161055
0.40160364
0.40159398
0.40158272
0.40157098
0.40155986
0.4015501
0.40154222
0.40153626
0.40153226
0.40152997
0.40152913
0.4015296
0.40153155
0.40153494
0.40153998
0.4015467
0.4015551
0.40156513
0.40157685
0.40159032
0.40160564
0.4016227
0.40164128
0.40166065
0.40168002
0.40169853
0.40171546
0.40173018
0.40174225
0.40175164
0.40175876
0.40176418
0.4017687
0.40177315
0.4017787
0.4017859
0.40179548
0.40180734
0.4018211
0.40183577
0.40185034
0.4018636
0.40187448
0.40188208
0.40188584
0.4018853
0.40188047
0.40187126
0.40185797
0.40184087
0.40182024
0.4017966
0.40177068
0.40174335
0.40171608
0.40169036
0.40166783
0.40164992
0.40163773
0.40163156
0.40163133
0.40163624
0.40164515
0.40165636
0.40166828
0.40167952
0.40168896
0.40169618
0.40170103
0.40170395
0.40170547
0.4017062
0.40170634
0.40170604
0.40170524
0.4017036
0.40170136
0.40169838
0.40169442
0.40168917
0.40168205
0.40167278
0.40166143
0.40164855
0.40163508
0.40162215
0.40161106
0.40160286
0.40159875
0.4015993
0.40160477
0.40161496
0.40162918
0.40164596
0.4016638
0.4016808
0.40169516
0.40170556
0.4017112
0.4017118
0.4017077
0.40169975
0.40168884
0.40167627
0.4016629
0.40164945
0.40163642
0.40162423
0.40161315
0.40160373
0.40159622
0.40159085
0.40158767
0.40158683
0.40158826
0.40159148
0.40159583
0.40160024
0.4016039
0.4016061
0.40160653
0.40160516
0.40160224
0.4015981
0.4015929
0.40158692
0.40158048
0.40157422
0.40156877
0.40156472
0.4015625
0.40156245
0.40156466
0.40156925
0.40157613
0.40158513
0.40159565
0.40160695
0.4016179
0.40162697
0.4016332
0.40163568
0.40163434
0.4016295
0.40162215
0.4016139
0.40160602
0.40159994
0.40159672
0.40159708
0.40160152
0.4016101
0.4016232
0.40164033
0.401661
0.4016842
0.40170842
0.40173218
0.40175402
0.40177274
0.40178755
0.40179792
0.40180376
0.40180513
0.40180215
0.40179533
0.40178525
0.4017725
0.40175772
0.40174147
0.40172446
0.4017071
0.40168992
0.4016732
0.40165752
0.4016436
0.40163216
0.40162376
0.4016185
0.4016162
0.40161586
0.40161675
0.4016177
0.40161806
0.4016175
0.401616
0.40161374
0.40161097
0.40160766
0.40160385
0.40159917
0.4015934
0.40158638
0.40157837
0.40157
0.4015618
0.40155447
0.40154818
0.4015433
0.4015397
0.40153748
0.40153638
0.4015363
0.40153733
0.40153936
0.40154245
0.40154675
0.40155268
0.40156087
0.40157205
0.4015868
0.40160534
0.40162745
0.40165251
0.4016794
0.40170664
0.40173256
0.40175545
0.4017739
0.4017869
0.4017938
0.40179425
0.4017884
0.40177673
0.40175983
0.40173876
0.40171453
0.40168852
0.40166166
0.401635
0.40160936
0.4015854
0.40156385
0.40154535
0.40153047
0.40151963
0.4015129
0.4015104
0.4015119
0.40151712
0.40152586
0.40153754
0.40155163
0.40156752
0.40158457
0.4016018
0.4016181
0.4016325
0.4016442
0.40165275
0.4016581
0.4016607
0.40166137
0.4016611
0.4016609
0.4016617
0.40166435
0.40166962
0.40167877
0.40169314
0.4017149
0.4017466
0.40179142
0.4018535
0.40193805
0.40205213
0.40220582
0.40241405
0.40269843
0.4030873
0.40362152
0.40435824
0.40537515
0.40677837
0.40870985
0.4113903
0.4150455
0.41998526
0.42668197
0.43578157
0.44789574
