0.44257292
0.43206447
0.42417687
0.41823184
0.41378605
0.41049516
0.40807638
0.40629032
0.404977
0.40401924
0.40332097
0.40281442
0.40244868
0.40218577
0.4019973
0.40186232
0.40176532
0.40169567
0.4016459
0.4016108
0.4015868
0.4015714
0.4015625
0.4015583
0.40155685
0.40155643
0.40155524
0.40155205
0.40154636
0.40153807
0.4015279
0.4015168
0.40150595
0.40149605
0.4014881
0.40148258
0.4014799
0.40148008
0.4014831
0.4014885
0.40149614
0.40150574
0.4015167
0.4015285
0.40154046
0.4015518
0.4015617
0.4015695
0.40157446
0.40157604
0.40157434
0.40156952
0.40156204
0.40155253
0.40154195
0.40153134
0.40152177
0.40151435
0.40151003
0.40150955
0.40151352
0.4015221
0.40153536
0.40155295
0.40157428
0.40159863
0.40162474
0.4016514
0.4016768
0.40169948
0.4017182
0.40173253
0.4017424
0.4017486
0.40175235
0.401755
0.40175802
0.40176222
0.40176785
0.40177476
0.40178195
0.4017884
0.4017932
0.4017952
0.4017944
0.4017907
0.40178478
0.40177748
0.40177006
0.4017634
0.40175807
0.40175402
0.40175048
0.40174642
0.40174088
0.40173304
0.40172264
0.4017099
0.40169567
0.40168098
0.40166733
0.401656
0.40164804
0.401644
0.401644
0.4016477
0.4016545
0.40166336
0.40167356
0.40168434
0.40169564
0.40170753
0.40171984
0.4017326
0.40174532
0.4017573
0.40176773
0.40177572
0.40178064
0.40178177
0.40177885
0.40177205
0.40176153
0.40174785
0.40173194
0.4017147
0.40169686
0.4016791
0.4016621
0.4016463
0.4016319
0.40161908
0.4016082
0.40159962
0.40159357
0.4015904
0.40159026
0.40159288
0.4015981
0.40160534
0.40161398
0.40162334
0.4016331
0.40164316
0.40165398
0.40166578
0.4016787
0.4016926
0.40170667
0.40171993
0.40173134
0.40174043
0.40174708
0.40175167
0.4017548
0.4017572
0.4017598
0.40176278
0.40176615
0.40176964
0.40177298
0.40177596
0.40177852
0.40178093
0.4017831
0.40178478
0.40178514
0.40178332
0.4017783
0.4017693
0.40175584
0.40173784
0.40171582
0.40169036
0.40166268
0.40163404
0.4016061
0.40158018
0.4015577
0.40153942
0.40152588
0.40151706
0.4015126
0.4015119
0.40151423
0.40151885
0.40152505
0.40153217
0.40153953
0.4015462
0.4015513
0.40155372
0.40155303
0.4015492
0.40154278
0.4015349
0.40152666
0.4015195
0.4015144
0.40151212
0.40151295
0.40151677
0.4015231
0.4015312
0.4015403
0.40154982
0.4015594
0.40156916
0.40157974
0.40159184
0.40160614
0.4016232
0.40164304
0.40166494
0.40168783
0.40171006
0.40172964
0.40174496
0.4017548
0.40175828
0.4017553
0.40174624
0.4017321
0.4017142
0.40169406
0.40167326
0.40165305
0.40163437
0.40161794
0.40160412
0.40159306
0.40158492
0.40157968
0.4015774
0.40157792
0.40158114
0.40158656
0.40159363
0.40160182
0.40161067
0.40161997
0.4016295
0.40163895
0.40164775
0.4016554
0.40166152
0.401666
0.40166906
0.40167138
0.40167356
0.401676
0.40167895
0.40168196
0.40168464
0.40168625
0.40168574
0.40168232
0.40167537
0.4016648
0.40165073
0.40163395
0.40161535
0.4015957
0.40157607
0.40155712
0.40153942
0.40152344
0.40150902
0.40149617
0.40148467
0.40147415
0.4014643
0.4014551
0.40144655
0.401439
0.4014329
0.40142867
0.40142676
0.4014276
0.40143144
0.40143865
0.40144944
0.4014636
0.40148085
0.4015003
0.40152115
0.40154216
0.40156245
0.40158102
0.40159747
0.40161192
0.40162498
0.4016375
0.40165043
0.40166423
0.40167928
0.40169516
0.40171126
0.40172672
0.40174034
0.40175128
0.40175864
0.40176198
0.40176085
0.40175536
0.4017456
0.4017321
0.40171555
0.4016967
0.40167677
0.40165687
0.4016381
0.40162152
0.4016079
0.40159768
0.401591
0.40158758
0.40158692
0.40158856
0.4015919
0.40159652
0.40160203
0.40160823
0.40161502
0.4016221
0.4016291
0.40163538
0.40164068
0.40164447
0.40164682
0.4016477
0.40164718
0.4016453
0.40164214
0.40163767
0.40163234
0.40162662
0.40162107
0.40161628
0.40161285
0.40161127
0.40161148
0.40161318
0.4016155
0.40161762
0.40161824
0.40161654
0.40161195
0.40160438
0.40159398
0.40158194
0.40156907
0.4015568
0.40154636
0.40153894
0.40153533
0.40153593
0.40154085
0.40154958
0.4015614
0.40157542
0.4015906
0.40160605
0.40162116
0.40163526
0.40164754
0.401657
0.40166315
0.40166587
0.40166503
0.4016612
0.40165478
0.4016465
0.401637
0.40162697
0.4016172
0.4016085
0.40160158
0.401597
0.40159503
0.40159565
0.4015984
0.40160272
0.40160817
0.40161428
0.40162078
0.40162727
0.4016337
0.40164012
0.40164676
0.40165362
0.40166017
0.40166533
0.4016679
0.40166655
0.40166032
0.401649
0.40163276
0.40161252
0.40158987
0.4015665
0.40154427
0.4015245
0.4015084
0.40149647
0.40148923
0.40148667
0.4014888
0.40149528
0.40150604
0.4015204
0.40153784
0.4015575
0.40157872
0.40160024
0.40162134
0.4016413
0.40166014
0.40167794
0.40169492
0.40171102
0.40172553
0.4017374
0.40174526
0.4017478
0.401744
0.40173355
0.40171653
0.40169376
0.40166667
0.40163702
0.40160662
0.40157747
0.40155113
0.40152875
0.40151086
0.40149766
0.40148896
0.4014843
0.40148306
0.40148464
0.40148854
0.40149432
0.40150186
0.4015113
0.40152276
0.40153614
0.40155137
0.40156808
0.40158573
0.4016033
0.40161952
0.4016329
0.40164217
0.4016465
0.40164545
0.40163958
0.4016295
0.40161636
0.40160134
0.40158534
0.40156934
0.40155402
0.40154013
0.40152827
0.401519
0.40151262
0.40150988
0.40151116
0.40151653
0.40152603
0.401539
0.40155458
0.4015716
0.4015884
0.40160328
0.4016145
0.4016208
0.4016215
0.40161672
0.40160713
0.4015942
0.40157932
0.40156424
0.40155017
0.40153822
0.4015291
0.40152365
0.4015223
0.4015257
0.40153405
0.40154764
0.4015663
0.40158948
0.40161642
0.40164593
0.40167627
0.40170556
0.4017318
0.4017531
0.4017683
0.4017765
0.40177748
0.4017716
0.4017597
0.4017428
0.40172213
0.4016992
0.4016753
0.40165147
0.40162882
0.40160802
0.40158987
0.4015748
0.4015631
0.40155512
0.40155113
0.401551
0.40155464
0.40156183
0.40157178
0.40158364
0.4015964
0.4016085
0.4016185
0.40162542
0.40162858
0.4016278
0.40162355
0.40161672
0.40160823
0.40159902
0.40158972
0.40158093
0.4015732
0.40156704
0.40156257
0.40156016
0.4015597
0.40156123
0.4015644
0.40156913
0.40157506
0.40158182
0.4015893
0.4015974
0.4016059
0.40161428
0.4016218
0.40162745
0.40163043
0.40163007
0.40162602
0.40161842
0.40160766
0.40159443
0.4015794
0.4015635
0.40154755
0.40153193
0.40151727
0.40150374
0.40149152
0.401481
0.4014726
0.40146667
0.40146354
0.4014635
0.40146667
0.401473
0.4014823
0.40149456
0.40150923
0.40152588
0.40154403
0.40156335
0.4015833
0.40160364
0.4016234
0.40164164
0.40165725
0.4016692
0.40167674
0.40167966
0.40167823
0.4016733
0.40166578
0.40165693
0.4016479
0.40163967
0.40163305
0.40162864
0.40162694
0.4016283
0.40163296
0.40164095
0.40165192
0.40166494
0.40167895
0.4016924
0.4017041
0.40171298
0.40171847
0.4017203
0.4017186
0.40171367
0.40170598
0.40169564
0.40168303
0.40166843
0.4016524
0.401636
0.40162006
0.40160564
0.40159342
0.40158373
0.40157706
0.4015735
0.40157315
0.40157583
0.40158102
0.40158793
0.40159535
0.40160212
0.4016067
0.40160817
0.40160593
0.4016002
0.4015917
0.40158144
0.40157026
0.40155914
0.40154853
0.4015387
0.4015296
0.401521
0.4015125
0.40150383
0.40149468
0.401485
0.4014744
0.40146294
0.40145084
0.40143856
0.40142652
0.40141505
0.40140438
0.40139464
0.40138605
0.40137884
0.40137324
0.4013693
0.4013671
0.4013669
0.40136868
0.40137243
0.40137833
0.40138653
0.40139705
0.4014099
0.4014254
0.40144372
0.401465
0.4014893
0.40151638
0.40154573
0.40157712
0.40161005
0.40164396
0.40167853
0.40171307
0.4017466
0.40177792
0.40180603
0.4018298
0.4018484
0.40186116
0.40186793
0.40186852
0.40186307
0.40185207
0.40183613
0.4018157
0.4017919
0.4017653
0.40173694
0.4017079
0.4016791
0.4016517
0.40162697
0.40160576
0.401589
0.401577
0.4015698
0.40156692
0.40156752
0.4015706
0.4015752
0.40158063
0.4015866
0.40159306
0.40160006
0.40160728
0.401614
0.40161943
0.40162244
0.4016223
0.401619
0.40161312
0.4016057
0.40159822
0.40159193
0.4015879
0.40158644
0.40158743
0.4015903
0.40159416
0.40159795
0.40160105
0.40160286
0.40160352
0.4016031
0.4016022
0.40160108
0.4015999
0.40159872
0.4015973
0.4015951
0.40159178
0.40158665
0.40157944
0.4015702
0.40155914
0.40154678
0.4015333
0.4015188
0.4015035
0.40148735
0.40147096
0.4014549
0.4014399
0.4014268
0.40141594
0.40140784
0.40140277
0.4014009
0.40140206
0.40140602
0.4014126
0.40142146
0.40143234
0.40144512
0.40145928
0.40147454
0.40149024
0.4015058
0.40152073
0.40153447
0.40154693
0.40155822
0.40156916
0.40158057
0.40159336
0.40160784
0.4016242
0.40164185
0.40166023
0.40167806
0.40169418
0.40170705
0.40171555
0.40171903
0.4017171
0.40170977
0.40169784
0.40168208
0.4016638
0.4016442
0.40162438
0.40160543
0.40158835
0.40157375
0.40156218
0.40155393
0.4015492
0.40154782
0.4015493
0.40155324
0.401559
0.40156603
0.40157387
0.40158212
0.40159023
0.40159747
0.4016028
0.40160546
0.40160456
0.40159974
0.4015912
0.4015797
0.40156633
0.40155235
0.4015386
0.40152586
0.4015146
0.40150478
0.40149638
0.4014893
0.4014834
0.40147865
0.40147513
0.40147287
0.4014717
0.40147164
0.40147254
0.40147412
0.4014761
0.40147793
0.40147933
0.4014799
0.40147936
0.40147755
0.40147454
0.40147066
0.401467
0.40146443
0.40146393
0.40146604
0.4014712
0.40147948
0.40149066
0.40150413
0.40151927
0.4015352
0.4015512
0.40156662
0.4015806
0.4015921
0.40160027
0.4016044
0.40160447
0.40160078
0.40159422
0.40158597
0.40157685
0.40156797
0.4015597
0.40155232
0.40154585
0.4015402
0.4015351
0.40153039
0.40152565
0.4015208
0.4015157
0.40151006
0.40150356
0.40149587
0.40148702
0.40147707
0.4014665
0.40145603
0.40144652
0.40143877
0.40143344
0.40143114
0.40143198
0.40143594
0.40144265
0.4014517
0.40146267
0.40147522
0.40148908
0.4015039
0.40151954
0.40153566
0.4015518
0.40156728
0.4015812
0.4015925
0.40160027
0.4016038
0.40160295
0.40159777
0.4015889
0.4015774
0.4015643
0.40155056
0.40153712
0.40152478
0.401514
0.40150538
0.40149912
0.40149546
0.40149438
0.40149584
0.40149954
0.4015055
0.40151325
0.4015227
0.4015333
0.40154463
0.40155587
0.40156627
0.40157476
0.40158066
0.4015835
0.40158334
0.40158066
0.40157634
0.40157148
0.40156716
0.4015644
0.4015638
0.401566
0.40157086
0.40157828
0.40158758
0.4015984
0.4016104
0.40162334
0.40163726
0.40165204
0.40166742
0.4016827
0.40169722
0.40171033
0.4017216
0.4017308
0.40173808
0.40174353
0.4017473
0.40174913
0.401749
0.40174648
0.40174153
0.4017344
0.40172535
0.40171504
0.40170377
0.40169197
0.4016801
0.40166828
0.40165642
0.40164438
0.40163204
0.40161943
0.40160674
0.40159407
0.40158188
0.4015705
0.40156013
0.4015507
0.40154243
0.4015353
0.40152928
0.40152422
0.40152013
0.40151682
0.40151435
0.4015129
0.4015126
0.40151346
0.4015156
0.4015189
0.4015233
0.40152845
0.401534
0.40153942
0.40154397
0.4015472
0.4015486
0.4015482
0.40154627
0.40154344
0.40154058
0.40153876
0.4015389
0.40154174
0.4015481
0.40155804
0.40157154
0.40158826
0.40160716
0.40162718
0.40164718
0.4016664
0.4016844
0.40170148
0.4017181
0.40173522
0.40175334
0.40177292
0.40179393
0.40181592
0.4018384
0.40186068
0.40188214
0.4019022
0.4019203
0.4019359
0.4019488
0.40195882
0.4019658
0.4019699
0.40197113
0.4019693
0.40196458
0.40195665
0.4019454
0.40193075
0.40191272
0.4018913
0.40186688
0.40184003
0.4018117
0.40178287
0.40175456
0.40172786
0.4017034
0.40168148
0.4016621
0.4016448
0.40162915
0.4016148
0.4016016
0.40158936
0.40157777
0.4015665
0.40155545
0.40154448
0.40153387
0.4015236
0.40151376
0.4015046
0.4014962
0.4014888
0.4014823
0.4014771
0.4014734
0.4014718
0.40147263
0.40147626
0.40148264
0.40149167
0.40150294
0.40151554
0.40152848
0.40154037
0.40154994
0.40155646
0.40155974
0.40156013
0.40155825
0.401555
0.401551
0.40154687
0.40154293
0.40153944
0.40153697
0.40153575
0.40153596
0.40153778
0.40154105
0.40154558
0.4015513
0.4015579
0.40156546
0.40157384
0.40158278
0.40159214
0.40160143
0.40161046
0.40161863
0.4016256
0.40163133
0.40163586
0.40163913
0.4016413
0.40164247
0.40164295
0.40164307
0.40164307
0.40164325
0.40164366
0.40164465
0.4016466
0.40165016
0.40165555
0.4016628
0.40167135
0.4016803
0.40168855
0.40169507
0.40169898
0.40169954
0.40169653
0.40168995
0.40168062
0.40166962
0.4016585
0.40164858
0.4016412
0.40163738
0.40163806
0.40164334
0.40165323
0.4016671
0.40168393
0.4017021
0.40171996
0.40173575
0.4017483
0.4017567
0.4017608
0.40176094
0.40175766
0.401752
0.4017447
0.4017362
0.40172654
0.401716
0.40170458
0.40169245
0.4016796
0.40166584
0.40165085
0.40163437
0.40161636
0.4015971
0.40157726
0.40155753
0.40153885
0.40152195
0.4015074
0.4014954
0.40148607
0.40147936
0.40147504
0.401473
0.40147284
0.4014742
0.4014766
0.4014794
0.4014819
0.40148357
0.4014843
0.40148446
0.40148464
0.40148553
0.4014879
0.4014924
0.40149933
0.401509
0.4015213
0.40153593
0.40155253
0.4015705
0.40158886
0.4016067
0.4016232
0.40163764
0.4016498
0.40165973
0.40166783
0.4016748
0.40168166
0.40168902
0.40169746
0.40170676
0.4017165
0.4017257
0.40173382
0.40174022
0.40174457
0.40174714
0.40174848
0.4017494
0.40175113
0.40175468
0.40176088
0.40177006
0.40178183
0.4017954
0.40180916
0.40182158
0.40183133
0.40183723
0.40183857
0.40183488
0.40182638
0.40181348
0.40179718
0.40177852
0.4017589
0.4017397
0.40172195
0.40170664
0.4016941
0.40168402
0.40167585
0.4016685
0.40166086
0.4016517
0.40164015
0.40162587
0.40160894
0.40159017
0.40157026
0.4015502
0.40153068
0.40151235
0.40149564
0.40148094
0.4014688
0.4014595
0.40145308
0.4014494
0.40144807
0.4014486
0.40145022
0.40145224
0.40145397
0.4014552
0.40145567
0.4014554
0.40145445
0.4014531
0.40145177
0.40145096
0.4014514
0.4014537
0.4014583
0.40146548
0.4014754
0.40148807
0.40150315
0.4015203
0.401539
0.40155852
0.40157828
0.40159735
0.40161487
0.40163004
0.40164214
0.40165082
0.4016558
0.4016573
0.4016559
0.4016521
0.4016468
0.40164068
0.40163437
0.40162808
0.401622
0.40161628
0.40161103
0.40160644
0.401603
0.401601
0.40160078
0.40160263
0.4016071
0.40161458
0.40162542
0.40163985
0.40165752
0.40167788
0.40169984
0.40172195
0.40174302
0.4017619
0.40177804
0.4017913
0.40180176
0.4018099
0.401816
0.40182018
0.40182242
0.40182287
0.40182158
0.4018193
0.40181622
0.40181318
0.4018107
0.4018088
0.40180722
0.40180516
0.401802
0.40179712
0.4017902
0.4017811
0.4017699
0.40175688
0.40174225
0.40172607
0.4017084
0.40168926
0.40166909
0.40164855
0.40162873
0.40161082
0.40159595
0.4015851
0.40157855
0.40157658
0.4015788
0.40158486
0.4015939
0.40160495
0.40161696
0.40162885
0.4016394
0.40164813
0.40165454
0.401659
0.40166223
0.401665
0.40166843
0.40167296
0.40167853
0.4016851
0.40169212
0.4016995
0.40170708
0.4017148
0.40172237
0.401729
0.4017337
0.40173575
0.40173456
0.40172988
0.40172175
0.40171033
0.401696
0.40167895
0.40165952
0.40163833
0.40161636
0.40159488
0.40157503
0.40155822
0.40154514
0.4015367
0.4015331
0.40153423
0.40153968
0.40154868
0.4015602
0.40157288
0.4015855
0.40159667
0.40160528
0.40161088
0.40161344
0.40161338
0.40161136
0.40160832
0.40160525
0.40160277
0.40160125
0.40160048
0.40160018
0.40159953
0.40159774
0.40159422
0.40158877
0.4015817
0.40157375
0.40156606
0.40155974
0.40155584
0.401555
0.40155762
0.4015636
0.4015725
0.40158352
0.40159595
0.40160924
0.40162316
0.40163746
0.4016521
0.401667
0.4016813
0.40169412
0.401704
0.40170974
0.40171033
0.40170553
0.4016953
0.40168056
0.40166235
0.40164205
0.4016209
0.4016002
0.40158087
0.40156373
0.4015492
0.40153763
0.40152946
0.40152463
0.4015229
0.40152383
0.40152657
0.4015302
0.4015337
0.40153638
0.4015374
0.4015367
0.40153447
0.40153113
0.4015272
0.40152314
0.40151927
0.40151566
0.40151238
0.4015091
0.40150568
0.4015022
0.40149888
0.4014959
0.4014936
0.4014923
0.40149212
0.40149298
0.40149468
0.40149674
0.40149873
0.40150037
0.40150172
0.40150318
0.4015054
0.40150902
0.40151462
0.4015227
0.4015333
0.40154606
0.40156025
0.4015746
0.40158767
0.40159792
0.40160406
0.40160555
0.40160248
0.40159562
0.40158597
0.4015746
0.40156278
0.4015514
0.40154132
0.40153328
0.40152764
0.40152484
0.40152535
0.401529
0.40153584
0.40154502
0.40155596
0.4015674
0.40157825
0.40158722
0.40159333
0.40159607
0.40159544
0.40159187
0.4015864
0.40158015
0.4015745
0.40157026
0.4015683
0.4015689
0.40157223
0.40157783
0.4015854
0.4015944
0.40160456
0.40161568
0.40162736
0.401639
0.40165007
0.40165967
0.4016671
0.40167192
0.40167403
0.4016739
0.4016722
0.4016698
0.4016671
0.40166426
0.40166077
0.40165564
0.40164825
0.40163806
0.40162492
0.40160924
0.40159196
0.40157416
0.40155682
0.40154067
0.40152636
0.40151435
0.40150493
0.4014986
0.4014955
0.40149584
0.40149957
0.40150633
0.4015155
0.4015263
0.40153775
0.40154874
0.40155867
0.40156668
0.401573
0.4015781
0.40158308
0.40158886
0.4015964
0.4016062
0.40161836
0.40163282
0.4016489
0.40166554
0.40168115
0.40169418
0.40170288
0.4017063
0.4017039
0.40169567
0.40168226
0.40166464
0.40164426
0.40162247
0.40160066
0.4015797
0.4015606
0.40154406
0.40153056
0.40152073
0.4015145
0.4015119
0.40151247
0.4015155
0.40152013
0.40152523
0.40152985
0.40153322
0.40153468
0.4015341
0.40153167
0.4015281
0.40152407
0.4015204
0.40151802
0.4015175
0.4015195
0.40152392
0.40153065
0.401539
0.40154824
0.40155733
0.40156522
0.40157086
0.4015733
0.40157223
0.40156755
0.40155983
0.40154997
0.40153876
0.4015271
0.4015159
0.40150604
0.40149838
0.4014936
0.40149224
0.40149435
0.4014998
0.40150836
0.40151945
0.40153214
0.40154555
0.40155855
0.40157038
0.40158078
0.4015897
0.40159792
0.40160623
0.4016155
0.40162602
0.40163785
0.40165043
0.4016628
0.40167397
0.40168303
0.4016894
0.40169284
0.4016935
0.4016919
0.40168867
0.40168437
0.40167937
0.40167356
0.40166646
0.40165773
0.40164682
0.40163404
0.40161988
0.40160537
0.40159205
0.4015811
0.4015733
0.40156907
0.40156803
0.4015695
0.40157232
0.40157536
0.40157744
0.40157798
0.401577
0.40157503
0.40157312
0.40157208
0.4015726
0.40157476
0.40157837
0.40158254
0.40158644
0.40158904
0.40158963
0.40158778
0.40158358
0.40157723
0.4015695
0.40156114
0.4015532
0.4015465
0.4015419
0.40154004
0.40154147
0.4015467
0.4015563
0.40157095
0.4015915
0.401619
0.40165484
0.40170062
0.40175858
0.40183192
0.4019252
0.40204498
0.40220124
0.4024092
0.40269086
0.40307558
0.40360513
0.4043375
0.40535113
0.40675268
0.40868443
0.41136667
0.41502482
0.41996807
0.42666847
0.43577155
0.44788876
