0.4425795
0.43207803
0.42420247
0.41827586
0.41385484
0.4105951
0.4082105
0.4064607
0.40518463
0.40426186
0.40359548
0.40311655
0.40277368
0.40252876
0.40235338
0.40222684
0.40213403
0.40206403
0.40200886
0.40196303
0.40192264
0.40188533
0.40184978
0.40181544
0.40178278
0.4017526
0.40172613
0.40170458
0.40168908
0.40167996
0.40167713
0.4016797
0.40168643
0.40169567
0.40170535
0.4017135
0.40171832
0.40171862
0.40171367
0.40170342
0.40168858
0.40166995
0.40164906
0.4016272
0.4016059
0.40158594
0.40156803
0.40155226
0.40153867
0.4015269
0.40151638
0.40150678
0.40149802
0.4014898
0.40148205
0.40147468
0.4014675
0.4014605
0.40145355
0.40144703
0.40144137
0.40143728
0.40143523
0.40143558
0.4014387
0.4014445
0.40145275
0.40146336
0.40147585
0.40149015
0.40150595
0.4015231
0.40154156
0.40156117
0.40158153
0.40160194
0.4016214
0.40163895
0.40165368
0.40166533
0.40167394
0.40168002
0.40168437
0.40168768
0.40169036
0.40169257
0.40169394
0.40169373
0.40169144
0.40168652
0.4016789
0.40166903
0.40165776
0.40164632
0.401636
0.40162775
0.40162227
0.40161973
0.40162006
0.4016226
0.40162638
0.40163034
0.40163335
0.40163493
0.40163502
0.4016342
0.40163386
0.40163517
0.40163955
0.40164793
0.40166086
0.40167817
0.40169892
0.40172157
0.4017443
0.4017649
0.40178153
0.4017926
0.40179697
0.40179396
0.4017837
0.40176666
0.40174395
0.40171725
0.40168828
0.40165895
0.40163103
0.40160576
0.40158412
0.40156645
0.40155265
0.4015427
0.40153584
0.40153146
0.4015288
0.4015269
0.40152478
0.4015216
0.40151697
0.40151086
0.40150374
0.40149632
0.40148923
0.40148336
0.40147933
0.4014777
0.40147874
0.4014823
0.40148836
0.4014969
0.4015076
0.40152013
0.40153396
0.40154842
0.40156248
0.4015754
0.4015862
0.4015941
0.40159842
0.4015991
0.40159646
0.40159142
0.4015854
0.40158007
0.40157735
0.40157858
0.4015848
0.40159607
0.40161186
0.4016309
0.40165144
0.4016714
0.40168864
0.40170124
0.40170795
0.40170786
0.40170085
0.40168768
0.40166923
0.4016471
0.40162307
0.40159884
0.4015758
0.40155497
0.40153688
0.40152177
0.4015095
0.4014998
0.40149233
0.4014867
0.40148234
0.40147892
0.401476
0.40147358
0.4014717
0.40147036
0.40146965
0.40146926
0.40146926
0.4014695
0.40146998
0.40147054
0.40147114
0.4014717
0.401472
0.40147197
0.40147135
0.4014705
0.40146956
0.40146914
0.40146974
0.4014718
0.40147546
0.4014807
0.40148702
0.40149385
0.40150037
0.40150583
0.40150958
0.4015111
0.40150985
0.40150586
0.40149948
0.4014914
0.40148243
0.4014735
0.4014654
0.4014589
0.40145466
0.40145352
0.40145582
0.40146202
0.40147224
0.40148646
0.4015047
0.4015265
0.40155146
0.40157878
0.4016074
0.40163642
0.40166438
0.40169004
0.4017123
0.40173048
0.40174416
0.40175328
0.4017578
0.40175813
0.40175456
0.4017478
0.4017385
0.40172702
0.40171355
0.40169805
0.40168035
0.4016609
0.40164018
0.40161926
0.40159962
0.40158278
0.40157035
0.40156373
0.40156376
0.40157083
0.40158463
0.40160468
0.40163004
0.40165955
0.4016917
0.40172493
0.40175778
0.401789
0.40181747
0.40184227
0.40186265
0.4018779
0.40188754
0.40189135
0.4018891
0.4018809
0.40186688
0.40184754
0.4018235
0.4017955
0.401765
0.4017333
0.40170208
0.40167284
0.401647
0.4016254
0.40160868
0.40159678
0.40158948
0.4015862
0.40158638
0.4015892
0.401594
0.40160048
0.401608
0.40161568
0.4016226
0.4016276
0.40162978
0.4016284
0.40162337
0.40161505
0.40160435
0.40159237
0.40158054
0.4015698
0.40156123
0.40155515
0.401552
0.40155146
0.40155315
0.40155602
0.401559
0.40156102
0.40156132
0.4015595
0.40155575
0.40155053
0.4015444
0.4015379
0.4015315
0.4015254
0.40151975
0.40151444
0.4015096
0.4015054
0.40150198
0.4014993
0.4014975
0.4014965
0.40149635
0.4014971
0.4014986
0.40150073
0.40150356
0.40150696
0.4015112
0.40151647
0.40152302
0.40153125
0.40154123
0.40155298
0.40156633
0.4015809
0.4015963
0.4016121
0.4016276
0.40164214
0.40165478
0.40166485
0.40167207
0.40167624
0.40167737
0.40167546
0.40167055
0.40166306
0.4016534
0.4016424
0.40163097
0.40162012
0.4016108
0.40160364
0.40159893
0.4015968
0.401597
0.40159872
0.40160096
0.40160236
0.40160152
0.40159747
0.4015898
0.4015785
0.40156394
0.40154725
0.4015296
0.40151232
0.40149644
0.4014828
0.4014718
0.40146372
0.40145823
0.40145496
0.4014531
0.40145186
0.40145022
0.40144753
0.40144345
0.40143776
0.40143058
0.40142232
0.4014136
0.40140498
0.40139723
0.40139082
0.40138602
0.40138304
0.4013818
0.4013821
0.40138382
0.4013867
0.40139067
0.40139568
0.40140188
0.40140918
0.40141764
0.4014272
0.40143755
0.40144828
0.40145856
0.4014677
0.40147462
0.40147838
0.40147826
0.40147403
0.40146628
0.40145588
0.40144432
0.4014331
0.40142342
0.40141633
0.40141225
0.40141174
0.40141472
0.40142116
0.40143073
0.4014429
0.40145707
0.40147254
0.4014885
0.40150434
0.40151897
0.40153158
0.40154138
0.40154824
0.40155217
0.4015537
0.40155354
0.40155217
0.40155035
0.4015487
0.40154743
0.40154654
0.40154588
0.40154514
0.4015441
0.40154225
0.4015395
0.40153584
0.40153158
0.40152732
0.40152356
0.40152106
0.40152076
0.40152356
0.4015302
0.40154147
0.40155745
0.4015782
0.40160304
0.40163103
0.40166083
0.40169087
0.40171954
0.40174517
0.40176666
0.40178323
0.4017944
0.40180027
0.40180147
0.40179896
0.4017944
0.40178928
0.4017853
0.40178406
0.40178642
0.40179268
0.40180236
0.4018142
0.40182632
0.40183702
0.40184438
0.4018471
0.40184417
0.40183508
0.4018198
0.40179864
0.4017724
0.40174243
0.4017105
0.4016786
0.40164873
0.4016226
0.4016013
0.4015856
0.40157574
0.40157145
0.40157247
0.40157822
0.4015883
0.40160203
0.4016185
0.4016365
0.40165475
0.40167177
0.40168637
0.40169746
0.4017042
0.4017061
0.40170282
0.40169445
0.40168133
0.4016642
0.40164402
0.40162206
0.40159914
0.40157613
0.4015537
0.40153244
0.4015128
0.40149528
0.40148032
0.40146822
0.40145922
0.40145335
0.4014505
0.4014506
0.40145344
0.40145883
0.40146658
0.40147638
0.40148795
0.40150088
0.4015147
0.40152913
0.40154368
0.40155798
0.40157154
0.4015835
0.40159297
0.4015991
0.40160125
0.4015994
0.40159392
0.40158585
0.40157625
0.4015663
0.40155706
0.4015495
0.40154415
0.4015413
0.40154105
0.4015434
0.4015483
0.40155548
0.4015647
0.40157583
0.40158868
0.40160304
0.4016184
0.40163428
0.40164956
0.4016633
0.4016745
0.40168235
0.40168646
0.40168655
0.401683
0.40167654
0.40166798
0.4016589
0.40165025
0.40164307
0.4016381
0.4016354
0.401635
0.40163663
0.40164027
0.40164587
0.40165332
0.40166238
0.4016725
0.40168285
0.40169242
0.40170026
0.401706
0.4017096
0.4017111
0.4017113
0.40171045
0.40170905
0.4017069
0.40170395
0.4016995
0.40169322
0.40168515
0.40167537
0.40166467
0.4016538
0.4016438
0.4016355
0.40162948
0.40162578
0.4016243
0.4016247
0.40162677
0.40163055
0.4016361
0.40164375
0.401654
0.40166664
0.4016812
0.40169683
0.4017123
0.40172622
0.4017378
0.40174645
0.40175214
0.40175536
0.4017569
0.401758
0.40175942
0.4017619
0.40176517
0.4017687
0.4017715
0.4017722
0.40176988
0.40176368
0.40175307
0.40173808
0.40171912
0.40169713
0.4016734
0.40164936
0.40162635
0.40160534
0.4015871
0.4015719
0.40156004
0.40155163
0.40154636
0.4015438
0.40154353
0.40154544
0.40154946
0.40155548
0.40156326
0.40157235
0.40158197
0.40159115
0.40159878
0.40160415
0.4016068
0.4016069
0.4016052
0.4016029
0.40160108
0.4016008
0.4016028
0.40160725
0.40161395
0.40162256
0.4016327
0.40164393
0.40165564
0.4016675
0.40167934
0.40169066
0.40170103
0.40171
0.40171725
0.40172297
0.40172765
0.4017322
0.40173745
0.40174398
0.4017516
0.40175965
0.4017669
0.4017721
0.40177414
0.40177217
0.40176585
0.4017554
0.4017413
0.40172482
0.40170726
0.40169
0.40167424
0.40166092
0.40164998
0.40164113
0.40163368
0.40162683
0.4016199
0.40161288
0.40160605
0.40159988
0.4015948
0.4015916
0.4015905
0.4015918
0.4015953
0.4016003
0.4016061
0.4016116
0.40161565
0.40161765
0.40161747
0.40161547
0.40161255
0.40160987
0.40160862
0.40160993
0.4016145
0.40162277
0.40163457
0.40164915
0.4016656
0.4016828
0.4016994
0.40171427
0.40172613
0.40173408
0.40173772
0.4017368
0.40173155
0.40172273
0.40171143
0.40169892
0.40168655
0.40167534
0.401666
0.40165856
0.401653
0.40164888
0.40164587
0.4016436
0.40164196
0.4016409
0.40164018
0.40163964
0.4016389
0.4016378
0.40163642
0.40163478
0.40163326
0.4016318
0.40163076
0.40163055
0.40163165
0.4016345
0.4016395
0.40164655
0.4016555
0.40166578
0.40167636
0.4016858
0.40169287
0.4016961
0.40169457
0.4016877
0.40167564
0.40165916
0.40163955
0.40161842
0.40159798
0.40157992
0.40156585
0.40155676
0.40155354
0.4015563
0.401565
0.4015788
0.40159696
0.40161848
0.4016421
0.40166643
0.4016897
0.40171018
0.40172622
0.40173665
0.40174067
0.4017378
0.4017284
0.40171322
0.40169352
0.401671
0.40164718
0.40162364
0.4016014
0.40158123
0.4015632
0.40154707
0.4015324
0.40151876
0.40150595
0.4014939
0.40148297
0.401473
0.40146422
0.40145662
0.40145028
0.40144512
0.40144098
0.40143776
0.40143526
0.40143377
0.40143335
0.40143412
0.4014362
0.4014394
0.40144357
0.40144885
0.40145522
0.4014629
0.4014719
0.40148208
0.4014933
0.4015053
0.40151766
0.40153006
0.40154192
0.40155277
0.40156204
0.40156934
0.4015744
0.40157762
0.40157956
0.40158144
0.4015841
0.4015883
0.4015943
0.40160218
0.40161163
0.40162212
0.40163267
0.40164232
0.40165007
0.40165538
0.40165803
0.40165797
0.40165547
0.40165082
0.40164414
0.4016357
0.40162563
0.40161416
0.40160134
0.4015877
0.4015734
0.40155867
0.4015437
0.401529
0.40151536
0.40150356
0.40149426
0.40148807
0.40148517
0.40148562
0.40148905
0.40149516
0.4015033
0.4015127
0.40152255
0.40153185
0.40153992
0.40154618
0.40155044
0.40155277
0.4015535
0.40155286
0.40155113
0.40154812
0.40154362
0.4015372
0.40152872
0.40151834
0.40150684
0.40149537
0.40148517
0.4014775
0.40147316
0.40147272
0.40147635
0.40148383
0.40149468
0.40150782
0.40152237
0.4015373
0.40155187
0.40156597
0.40157965
0.401593
0.4016061
0.40161884
0.40163073
0.40164125
0.40165004
0.40165678
0.4016616
0.40166456
0.40166584
0.40166548
0.4016635
0.40165982
0.4016541
0.40164635
0.40163702
0.40162686
0.40161675
0.4016077
0.40160048
0.40159547
0.4015926
0.40159154
0.40159166
0.40159228
0.40159264
0.4015923
0.40159115
0.4015894
0.40158743
0.40158576
0.40158468
0.40158427
0.401584
0.40158346
0.40158218
0.4015798
0.4015764
0.40157238
0.4015681
0.40156406
0.40156063
0.40155804
0.4015564
0.40155575
0.40155575
0.40155652
0.40155822
0.40156105
0.4015651
0.40157026
0.4015764
0.40158284
0.40158913
0.40159488
0.40160006
0.40160486
0.40160948
0.4016142
0.40161908
0.40162387
0.40162826
0.40163147
0.40163282
0.4016321
0.40162906
0.40162423
0.40161765
0.40160987
0.40160125
0.40159255
0.40158424
0.40157688
0.40157065
0.4015659
0.40156287
0.40156165
0.40156215
0.4015643
0.40156803
0.40157324
0.4015794
0.40158606
0.40159255
0.40159833
0.4016032
0.40160742
0.40161142
0.40161568
0.4016203
0.4016253
0.40163043
0.40163508
0.40163884
0.40164137
0.40164274
0.40164316
0.40164334
0.40164375
0.4016448
0.4016462
0.40164784
0.40164906
0.40164945
0.4016488
0.4016471
0.40164474
0.40164188
0.40163863
0.40163478
0.40163013
0.4016242
0.4016166
0.40160757
0.40159747
0.4015869
0.4015766
0.4015671
0.40155855
0.4015508
0.40154344
0.40153593
0.4015278
0.40151894
0.40150973
0.40150052
0.40149176
0.40148395
0.40147734
0.401472
0.40146798
0.4014649
0.4014624
0.40146005
0.40145734
0.4014539
0.40144962
0.4014442
0.40143815
0.40143198
0.40142617
0.40142146
0.40141857
0.4014183
0.4014213
0.40142825
0.40143943
0.40145522
0.4014757
0.40150058
0.40152946
0.40156135
0.40159503
0.40162915
0.40166202
0.4016919
0.40171725
0.40173662
0.40174913
0.40175447
0.40175256
0.401744
0.40172955
0.40171033
0.4016878
0.40166336
0.40163848
0.40161413
0.40159094
0.40156937
0.40154937
0.40153116
0.4015146
0.4014998
0.4014869
0.40147606
0.40146753
0.4014617
0.40145886
0.4014593
0.40146324
0.40147063
0.4014815
0.40149543
0.40151182
0.40152985
0.40154853
0.40156665
0.40158314
0.40159714
0.4016086
0.40161783
0.40162566
0.40163302
0.40164068
0.40164897
0.40165803
0.40166774
0.40167794
0.40168858
0.4016997
0.40171146
0.40172413
0.4017374
0.40175095
0.40176392
0.40177554
0.40178487
0.40179121
0.4017939
0.40179247
0.40178666
0.40177655
0.4017623
0.40174446
0.40172398
0.40170228
0.4016809
0.40166187
0.40164694
0.40163726
0.40163386
0.401637
0.4016463
0.40166083
0.4016791
0.40169924
0.40171918
0.4017368
0.40175045
0.401759
0.4017618
0.401759
0.40175122
0.40173942
0.40172493
0.40170902
0.40169293
0.40167797
0.40166518
0.4016552
0.4016482
0.4016437
0.4016411
0.40163943
0.40163723
0.4016335
0.40162754
0.40161902
0.4016084
0.40159664
0.4015848
0.40157396
0.40156505
0.40155908
0.4015566
0.40155807
0.40156344
0.40157238
0.4015843
0.40159854
0.40161458
0.4016319
0.4016499
0.4016675
0.4016836
0.40169686
0.40170628
0.40171137
0.40171182
0.40170813
0.40170085
0.40169087
0.4016785
0.40166423
0.40164855
0.40163174
0.40161455
0.40159792
0.40158296
0.40157065
0.4015617
0.4015564
0.40155476
0.4015564
0.4015606
0.40156633
0.40157264
0.40157863
0.40158394
0.40158865
0.40159366
0.40160006
0.40160903
0.40162155
0.40163842
0.4016598
0.40168542
0.40171424
0.4017449
0.40177545
0.40180403
0.40182903
0.40184915
0.4018635
0.4018715
0.4018732
0.4018687
0.40185872
0.4018438
0.40182486
0.401803
0.40177962
0.40175587
0.40173307
0.4017122
0.401694
0.40167874
0.40166667
0.40165767
0.4016511
0.40164614
0.40164155
0.40163633
0.40163004
0.40162244
0.40161386
0.4016049
0.40159595
0.40158758
0.40158018
0.4015739
0.40156895
0.4015653
0.40156317
0.4015623
0.40156275
0.4015643
0.4015671
0.40157083
0.40157512
0.4015793
0.40158248
0.40158394
0.40158308
0.40158027
0.40157607
0.40157127
0.40156692
0.40156412
0.40156344
0.40156555
0.40157017
0.4015767
0.40158442
0.4015922
0.4015991
0.40160424
0.40160695
0.40160683
0.4016042
0.4015996
0.40159392
0.4015883
0.40158367
0.4015806
0.40157947
0.4015802
0.40158236
0.40158513
0.40158752
0.4015889
0.40158865
0.40158647
0.4015823
0.40157613
0.40156862
0.4015606
0.40155324
0.40154743
0.40154406
0.4015434
0.40154546
0.4015497
0.401555
0.40156028
0.40156394
0.40156493
0.40156245
0.40155634
0.40154704
0.40153533
0.4015223
0.4015092
0.40149724
0.4014877
0.4014816
0.40147984
0.40148273
0.4014903
0.40150192
0.40151697
0.40153423
0.40155226
0.4015694
0.40158427
0.40159577
0.40160346
0.4016076
0.401609
0.40160882
0.4016086
0.40160942
0.40161228
0.4016175
0.40162492
0.40163383
0.40164334
0.4016525
0.40166032
0.40166587
0.40166816
0.40166673
0.40166137
0.40165216
0.40163952
0.40162385
0.40160578
0.401586
0.40156546
0.4015451
0.4015256
0.4015075
0.4014914
0.4014776
0.4014664
0.40145773
0.40145153
0.40144745
0.40144503
0.4014442
0.40144467
0.40144655
0.40145007
0.40145537
0.40146276
0.40147227
0.40148416
0.40149862
0.40151525
0.4015337
0.40155324
0.40157315
0.40159237
0.40161029
0.40162614
0.40163943
0.40165007
0.4016585
0.4016651
0.4016704
0.40167484
0.40167826
0.4016802
0.40167987
0.40167657
0.40167013
0.4016604
0.40164793
0.40163344
0.40161768
0.40160143
0.40158528
0.40156966
0.4015548
0.40154096
0.40152827
0.40151674
0.40150654
0.4014975
0.40148976
0.4014833
0.40147808
0.40147412
0.4014714
0.40146998
0.40146974
0.4014706
0.4014726
0.40147558
0.40147957
0.40148455
0.40149078
0.4014983
0.40150705
0.40151712
0.40152794
0.40153912
0.40155008
0.40156046
0.4015695
0.40157712
0.40158322
0.4015884
0.40159324
0.40159884
0.40160605
0.40161508
0.40162602
0.40163833
0.4016511
0.40166333
0.40167403
0.4016827
0.40168902
0.40169314
0.40169597
0.40169847
0.40170145
0.40170535
0.40171033
0.401716
0.40172118
0.40172464
0.4017249
0.40172076
0.4017115
0.40169692
0.4016774
0.40165383
0.40162745
0.4015997
0.401572
0.4015454
0.4015209
0.4014993
0.40148112
0.40146652
0.40145564
0.4014482
0.40144423
0.40144318
0.4014449
0.40144882
0.40145436
0.40146098
0.40146807
0.40147495
0.40148136
0.40148693
0.4014917
0.40149578
0.40149948
0.40150306
0.40150717
0.40151232
0.40151903
0.4015276
0.40153846
0.4015518
0.4015677
0.40158606
0.4016068
0.40162966
0.40165433
0.40167987
0.40170488
0.4017279
0.40174744
0.40176198
0.40177077
0.40177333
0.40176967
0.40176007
0.40174526
0.40172622
0.40170443
0.4016814
0.40165913
0.40163913
0.401623
0.40161127
0.40160415
0.40160137
0.40160227
0.40160578
0.4016108
0.40161592
0.40161967
0.40162072
0.40161818
0.4016118
0.4016019
0.40158933
0.4015752
0.40156096
0.4015475
0.40153554
0.40152568
0.4015181
0.4015128
0.40150973
0.40150854
0.40150902
0.40151116
0.4015146
0.40151924
0.4015248
0.4015313
0.40153864
0.40154693
0.40155643
0.40156752
0.40158033
0.4015949
0.40161127
0.4016289
0.4016471
0.40166458
0.40168002
0.40169233
0.40170053
0.401704
0.40170282
0.40169728
0.40168795
0.4016758
0.4016617
0.4016466
0.40163103
0.4016154
0.4016001
0.40158555
0.4015722
0.4015605
0.40155065
0.40154266
0.4015366
0.40153208
0.4015286
0.4015258
0.40152287
0.4015192
0.40151435
0.40150836
0.4015016
0.40149477
0.40148833
0.40148282
0.40147853
0.401476
0.4014756
0.40147802
0.40148368
0.4014929
0.4015061
0.40152335
0.4015444
0.4015685
0.40159482
0.40162215
0.4016489
0.40167323
0.4016933
0.40170753
0.40171465
0.4017141
0.4017056
0.40168986
0.40166798
0.40164173
0.4016131
0.4015841
0.40155667
0.4015323
0.40151203
0.40149632
0.40148526
0.4014786
0.40147597
0.401477
0.40148154
0.4014893
0.40150023
0.40151396
0.40153056
0.40154943
0.40157014
0.4015919
0.4016136
0.401634
0.40165186
0.40166575
0.40167466
0.40167776
0.40167478
0.40166616
0.4016525
0.40163478
0.40161452
0.40159285
0.40157112
0.4015501
0.4015307
0.4015135
0.40149903
0.4014876
0.40147898
0.4014729
0.40146863
0.40146565
0.40146318
0.40146092
0.40145856
0.40145624
0.40145397
0.40145183
0.40144995
0.40144816
0.40144652
0.40144482
0.40144265
0.40143988
0.40143642
0.40143245
0.40142834
0.40142456
0.40142182
0.40142056
0.4014213
0.4014245
0.40143046
0.40143958
0.4014521
0.40146822
0.40148768
0.40151015
0.40153456
0.40155965
0.40158358
0.4016045
0.40162054
0.40163034
0.40163305
0.40162873
0.40161806
0.4016024
0.40158337
0.40156308
0.40154305
0.40152478
0.4015092
0.40149692
0.40148816
0.40148285
0.40148082
0.4014814
0.4014838
0.40148696
0.40148982
0.40149137
0.40149093
0.40148845
0.40148425
0.40147886
0.40147302
0.4014677
0.40146357
0.4014615
0.401462
0.4014654
0.40147197
0.40148184
0.40149516
0.4015119
0.40153202
0.40155494
0.40158027
0.40160704
0.4016342
0.40166047
0.40168467
0.40170532
0.40172103
0.4017308
0.401734
0.4017306
0.40172112
0.4017064
0.40168768
0.4016664
0.4016441
0.40162215
0.4016021
0.40158486
0.40157112
0.40156093
0.40155423
0.40155038
0.40154883
0.4015492
0.40155095
0.40155384
0.40155804
0.4015635
0.40157014
0.40157777
0.40158597
0.40159416
0.4016022
0.40161
0.40161765
0.40162525
0.4016325
0.40163913
0.4016449
0.40164962
0.4016535
0.40165722
0.40166137
0.40166628
0.40167227
0.4016791
0.40168592
0.40169162
0.40169486
0.4016942
0.4016891
0.40167925
0.4016651
0.40164757
0.40162814
0.4016084
0.40158972
0.40157342
0.40156054
0.40155172
0.40154728
0.40154728
0.4015511
0.4015578
0.40156606
0.4015741
0.40158015
0.40158284
0.40158123
0.4015751
0.40156496
0.4015519
0.4015371
0.40152198
0.40150788
0.40149575
0.40148652
0.40148067
0.4014788
0.4014808
0.40148655
0.40149575
0.40150788
0.40152213
0.4015376
0.4015531
0.40156728
0.4015789
0.40158713
0.40159166
0.40159315
0.40159297
0.40159363
0.40159813
0.40161046
0.40163508
0.40167764
0.40174487
0.40184534
0.4019904
0.4021965
0.40248448
0.4028828
0.40343186
0.40418783
0.40522698
0.40665403
0.40860957
0.41131362
0.41498914
0.41994587
0.42665732
0.43576622
0.44788623
