0.44267994
0.43220717
0.42435336
0.41844073
0.41402498
0.41076085
0.4083623
0.40658978
0.40528306
0.4043245
0.4036188
0.40309942
0.40271723
0.40243632
0.4022303
0.40207982
0.4019706
0.40189204
0.40183607
0.4017969
0.40177053
0.4017542
0.4017458
0.4017435
0.4017455
0.40174994
0.40175506
0.40175918
0.40176076
0.40175864
0.40175214
0.40174112
0.4017258
0.4017069
0.4016859
0.4016643
0.40164402
0.40162674
0.4016137
0.40160578
0.4016033
0.40160584
0.40161243
0.40162155
0.40163147
0.40164036
0.40164664
0.40164965
0.40164882
0.4016446
0.40163782
0.40162972
0.40162143
0.40161386
0.40160763
0.40160304
0.40160015
0.40159884
0.40159854
0.40159857
0.4015982
0.40159672
0.40159392
0.40159
0.40158528
0.40158063
0.40157685
0.40157455
0.40157413
0.40157592
0.40157992
0.4015862
0.4015946
0.4016045
0.40161523
0.40162575
0.40163478
0.40164137
0.40164495
0.40164512
0.40164226
0.4016368
0.40162936
0.40162072
0.40161166
0.40160286
0.40159532
0.40158954
0.40158594
0.40158454
0.40158468
0.4015856
0.4015862
0.4015858
0.40158388
0.40158048
0.40157613
0.40157124
0.4015665
0.4015623
0.40155882
0.40155596
0.4015535
0.40155098
0.40154797
0.40154377
0.40153795
0.40153018
0.40152073
0.40151042
0.40150037
0.4014917
0.4014853
0.40148205
0.40148252
0.40148708
0.40149578
0.40150857
0.4015252
0.40154532
0.40156856
0.40159437
0.4016218
0.4016494
0.40167567
0.4016988
0.40171716
0.4017296
0.40173545
0.40173465
0.40172762
0.40171525
0.4016988
0.40167978
0.40165982
0.40164036
0.4016225
0.4016071
0.40159467
0.40158546
0.40157947
0.40157685
0.4015772
0.40158033
0.40158564
0.40159273
0.4016009
0.40160975
0.4016185
0.40162647
0.40163282
0.4016367
0.4016371
0.4016337
0.40162617
0.401615
0.40160048
0.40158358
0.4015649
0.40154526
0.40152538
0.40150598
0.4014875
0.40147045
0.40145484
0.4014408
0.40142822
0.40141714
0.40140778
0.40140048
0.40139583
0.40139422
0.40139616
0.4014019
0.4014116
0.40142503
0.40144175
0.40146112
0.40148225
0.40150407
0.4015254
0.40154526
0.4015623
0.40157607
0.4015862
0.40159324
0.40159792
0.40160134
0.40160468
0.40160856
0.4016137
0.40162045
0.40162894
0.4016388
0.40164965
0.40166107
0.4016728
0.40168464
0.40169632
0.40170744
0.40171742
0.4017255
0.40173125
0.40173438
0.40173516
0.40173396
0.40173155
0.40172878
0.40172654
0.4017257
0.40172678
0.40173018
0.4017359
0.4017437
0.40175343
0.4017651
0.4017787
0.4017943
0.40181172
0.40183046
0.4018497
0.40186834
0.4018853
0.40189964
0.40191033
0.40191698
0.40191928
0.40191722
0.40191105
0.40190113
0.4018879
0.4018721
0.4018546
0.40183654
0.40181953
0.40180525
0.40179586
0.40179378
0.4018019
0.40182355
0.40186283
0.401925
0.40201682
0.4021484
0.40233433
0.40259776
0.40296715
0.40348434
0.40420747
0.40521556
0.4066156
0.4085501
0.41123986
0.41490886
0.41986594
0.42658347
0.43570468
0.44784042
