0.442566
0.43206066
0.42418167
0.418251
0.41382396
0.41055453
0.4081562
0.40638754
0.40508717
0.4041364
0.40343904
0.40292802
0.40255377
0.40227997
0.40207994
0.401934
0.4018276
0.40175024
0.40169403
0.40165362
0.40162483
0.40160447
0.40158984
0.4015789
0.40156993
0.40156147
0.40155283
0.40154362
0.40153426
0.40152577
0.40151936
0.4015163
0.40151757
0.40152395
0.4015357
0.40155268
0.4015741
0.40159908
0.4016259
0.401653
0.40167835
0.40170035
0.40171778
0.40172988
0.4017363
0.4017372
0.4017331
0.4017247
0.40171283
0.4016984
0.40168244
0.40166587
0.40164962
0.40163472
0.40162218
0.40161258
0.40160653
0.40160415
0.40160525
0.40160936
0.40161583
0.4016241
0.40163353
0.40164343
0.40165305
0.40166184
0.40166935
0.4016753
0.40167952
0.40168187
0.40168244
0.40168133
0.40167898
0.40167582
0.40167233
0.40166894
0.4016664
0.40166563
0.40166765
0.40167356
0.40168372
0.40169847
0.4017173
0.40173933
0.40176317
0.4017877
0.40181145
0.40183336
0.40185204
0.4018665
0.40187585
0.40187946
0.40187722
0.4018692
0.40185592
0.40183797
0.40181667
0.40179336
0.40176955
0.40174666
0.40172583
0.40170786
0.40169328
0.40168267
0.4016767
0.40167567
0.40167984
0.40168884
0.4017019
0.40171778
0.40173483
0.4017514
0.40176594
0.4017773
0.40178427
0.4017863
0.4017831
0.40177485
0.40176243
0.40174696
0.40173003
0.4017135
0.4016992
0.40168858
0.40168253
0.4016814
0.40168482
0.40169168
0.40170074
0.40171078
0.40172085
0.40173054
0.40173995
0.4017494
0.40175974
0.40177152
0.40178502
0.4018002
0.4018165
0.40183294
0.40184855
0.40186253
0.4018741
0.4018825
0.40188715
0.40188754
0.40188324
0.40187383
0.4018589
0.4018385
0.40181288
0.40178278
0.401749
0.4017129
0.40167585
0.40163937
0.40160486
0.4015736
0.40154636
0.40152335
0.40150464
0.40148973
0.4014783
0.40146977
0.4014636
0.4014595
0.4014572
0.40145668
0.4014582
0.40146175
0.40146723
0.4014742
0.4014818
0.40148923
0.40149564
0.4015004
0.40150356
0.40150535
0.40150648
0.40150762
0.4015096
0.40151325
0.40151903
0.40152726
0.401538
0.40155098
0.4015658
0.40158173
0.4015982
0.4016145
0.40163016
0.4016447
0.40165758
0.40166864
0.40167782
0.40168527
0.4016913
0.4016963
0.40170056
0.40170428
0.40170744
0.4017099
0.40171143
0.4017117
0.40171024
0.40170658
0.40170053
0.40169224
0.40168214
0.40167096
0.40165958
0.4016488
0.40163925
0.40163127
0.4016247
0.40161943
0.40161493
0.40161082
0.40160674
0.40160245
0.4015981
0.4015938
0.40158987
0.40158686
0.4015856
0.40158707
0.4015922
0.40160173
0.4016161
0.40163532
0.40165907
0.40168634
0.4017158
0.40174574
0.4017745
0.40180063
0.40182298
0.4018408
0.4018535
0.40186083
0.4018628
0.40185922
0.40185034
0.4018368
0.40181947
0.40179935
0.40177792
0.40175664
0.40173692
0.4017198
0.40170598
0.40169555
0.40168804
0.40168267
0.40167814
0.4016731
0.40166628
0.40165657
0.4016436
0.40162736
0.4016086
0.40158862
0.4015687
0.40155026
0.40153438
0.40152186
0.40151307
0.4015081
0.40150657
0.401508
0.4015116
0.40151674
0.4015228
0.40152925
0.4015355
0.4015409
0.40154466
0.40154615
0.401545
0.4015407
0.40153354
0.40152407
0.40151352
0.401503
0.4014937
0.40148637
0.4014814
0.4014787
0.40147808
0.4014789
0.40148067
0.4014831
0.40148607
0.4014899
0.4014952
0.40150237
0.40151203
0.40152425
0.40153885
0.40155497
0.4015716
0.40158734
0.40160105
0.40161192
0.40161976
0.401625
0.40162843
0.40163085
0.40163293
0.401635
0.40163696
0.40163836
0.40163854
0.40163702
0.40163353
0.40162835
0.40162224
0.40161628
0.40161148
0.4016087
0.4016082
0.40161005
0.40161404
0.4016201
0.4016279
0.401637
0.4016465
0.40165552
0.40166298
0.4016681
0.40167037
0.4016698
0.40166673
0.40166193
0.40165645
0.4016511
0.40164667
0.40164357
0.4016419
0.4016413
0.40164104
0.40164053
0.40163958
0.4016382
0.40163705
0.40163687
0.40163827
0.4016419
0.40164787
0.40165597
0.4016655
0.40167552
0.40168482
0.4016925
0.40169778
0.40170047
0.40170053
0.40169817
0.40169382
0.40168765
0.40167952
0.40166935
0.40165696
0.40164253
0.40162647
0.40160948
0.40159237
0.4015758
0.4015603
0.40154603
0.40153304
0.40152118
0.40151033
0.4015005
0.4014918
0.40148428
0.4014783
0.40147403
0.40147176
0.40147153
0.40147334
0.40147743
0.40148392
0.4014934
0.40150657
0.4015239
0.40154564
0.40157175
0.40160158
0.40163386
0.40166706
0.40169933
0.40172878
0.40175375
0.401773
0.40178555
0.401791
0.40178922
0.40178058
0.4017659
0.40174612
0.40172276
0.40169716
0.40167075
0.40164474
0.40162003
0.4015972
0.40157646
0.401558
0.40154174
0.40152776
0.40151602
0.40150645
0.40149897
0.40149358
0.40149057
0.4014905
0.40149397
0.40150133
0.4015127
0.40152773
0.4015456
0.40156522
0.40158513
0.40160376
0.40161952
0.40163165
0.4016399
0.40164462
0.40164676
0.40164742
0.4016479
0.4016493
0.4016525
0.4016583
0.40166733
0.40167978
0.40169546
0.4017135
0.40173253
0.40175104
0.4017674
0.40178004
0.40178785
0.40179005
0.40178612
0.40177608
0.40176
0.4017385
0.4017123
0.40168253
0.40165037
0.4016173
0.401585
0.40155476
0.40152773
0.4015046
0.4014858
0.40147126
0.40146095
0.40145478
0.40145257
0.40145457
0.40146086
0.40147147
0.40148625
0.40150476
0.40152654
0.4015507
0.40157607
0.40160167
0.40162647
0.40164942
0.40166956
0.401686
0.40169838
0.4017063
0.40171006
0.40170994
0.40170664
0.40170097
0.40169352
0.40168497
0.40167588
0.40166673
0.4016581
0.40165043
0.401644
0.401639
0.40163532
0.40163276
0.40163103
0.40162975
0.40162858
0.4016271
0.401625
0.401622
0.401618
0.40161368
0.40160978
0.40160745
0.4016077
0.40161136
0.40161896
0.40163052
0.4016458
0.40166384
0.4016834
0.401703
0.40172118
0.4017368
0.40174893
0.40175703
0.40176108
0.40176138
0.4017584
0.40175265
0.4017443
0.40173364
0.40172064
0.40170565
0.40168917
0.40167183
0.40165445
0.40163785
0.4016232
0.40161133
0.40160272
0.4015976
0.4015957
0.40159678
0.40159997
0.4016045
0.4016095
0.4016143
0.40161818
0.4016208
0.40162233
0.401623
0.4016235
0.401624
0.4016246
0.40162492
0.40162438
0.40162215
0.40161738
0.40160918
0.40159714
0.40158153
0.40156284
0.40154192
0.40151998
0.40149805
0.40147737
0.40145868
0.4014427
0.40142983
0.40142012
0.40141335
0.40140927
0.40140736
0.4014073
0.40140882
0.4014118
0.40141594
0.4014213
0.40142766
0.40143445
0.40144148
0.40144804
0.40145358
0.401458
0.40146112
0.40146315
0.40146416
0.40146455
0.4014646
0.40146488
0.40146598
0.40146834
0.40147224
0.4014777
0.4014847
0.40149263
0.40150073
0.40150845
0.40151525
0.40152118
0.40152645
0.40153143
0.40153596
0.40153992
0.40154284
0.4015444
0.4015445
0.40154377
0.4015431
0.40154335
0.40154526
0.4015493
0.40155548
0.4015635
0.40157282
0.40158257
0.40159187
0.40159994
0.40160647
0.40161157
0.40161583
0.40162024
0.4016255
0.40163198
0.4016393
0.401647
0.401654
0.4016593
0.40166238
0.40166274
0.40166056
0.40165636
0.4016507
0.40164408
0.40163702
0.40162966
0.4016221
0.40161443
0.40160695
0.4016002
0.40159476
0.40159103
0.40158945
0.40159005
0.4015928
0.40159744
0.40160376
0.40161148
0.40162066
0.40163144
0.40164396
0.40165827
0.401674
0.40169036
0.4017063
0.40172055
0.40173218
0.4017407
0.40174636
0.4017497
0.40175194
0.40175438
0.4017584
0.40176487
0.4017744
0.40178674
0.40180144
0.40181777
0.40183508
0.40185276
0.40187013
0.40188682
0.40190223
0.40191576
0.40192685
0.40193504
0.40193972
0.4019405
0.40193683
0.40192857
0.40191552
0.40189767
0.40187535
0.40184906
0.4018193
0.40178698
0.40175286
0.40171784
0.40168303
0.4016492
0.4016172
0.4015874
0.4015599
0.40153474
0.40151197
0.40149134
0.40147305
0.40145713
0.40144366
0.40143284
0.40142494
0.40142012
0.4014185
0.40142038
0.4014257
0.4014344
0.40144634
0.40146112
0.4014781
0.4014965
0.4015152
0.4015332
0.40154946
0.40156344
0.40157533
0.40158555
0.40159523
0.40160534
0.40161663
0.40162978
0.40164477
0.40166128
0.40167844
0.40169525
0.4017105
0.4017231
0.40173224
0.40173736
0.40173832
0.40173545
0.40172932
0.40172085
0.40171117
0.40170124
0.4016921
0.40168422
0.40167767
0.4016722
0.40166718
0.4016618
0.40165547
0.40164772
0.40163884
0.40162942
0.4016204
0.40161285
0.4016079
0.4016063
0.40160865
0.40161523
0.40162602
0.40164062
0.4016582
0.40167776
0.40169787
0.40171757
0.40173587
0.40175214
0.4017663
0.4017784
0.40178874
0.40179738
0.40180406
0.40180832
0.40180936
0.4018065
0.40179938
0.40178773
0.40177187
0.40175226
0.40172988
0.4017056
0.4016807
0.40165624
0.4016332
0.4016125
0.4015948
0.4015811
0.40157196
0.40156803
0.40156963
0.4015769
0.40158972
0.4016073
0.4016286
0.40165222
0.4016765
0.40169957
0.40171984
0.40173623
0.40174806
0.4017553
0.4017584
0.40175804
0.4017554
0.4017512
0.40174592
0.40173966
0.40173212
0.40172255
0.40171066
0.40169618
0.4016791
0.40166014
0.40164027
0.40162063
0.40160245
0.40158674
0.40157452
0.4015665
0.40156335
0.40156534
0.40157264
0.40158513
0.40160277
0.40162534
0.40165338
0.40168783
0.40173107
0.4017867
0.40186003
0.4019587
0.4020937
0.40228096
0.40254414
0.40291312
0.4034305
0.40415478
0.40516487
0.40656766
0.40850544
0.41119927
0.41487262
0.4198345
0.42655763
0.4356844
0.4478258
