0.44252884
0.43201035
0.4241184
0.41817516
0.41373765
0.41046113
0.40806147
0.40629804
0.40501004
0.404078
0.40340486
0.40292165
0.4025764
0.4023303
0.40215454
0.40202805
0.40193567
0.40186688
0.40181437
0.4017734
0.40174103
0.4017152
0.4016943
0.40167698
0.40166196
0.40164843
0.40163597
0.40162498
0.40161562
0.40160847
0.40160376
0.40160158
0.40160188
0.40160426
0.4016081
0.4016126
0.40161714
0.40162152
0.40162587
0.40163085
0.4016373
0.4016459
0.40165696
0.4016702
0.40168464
0.40169913
0.40171215
0.40172237
0.4017287
0.40173057
0.40172774
0.40172035
0.40170905
0.4016949
0.401679
0.40166244
0.40164617
0.4016306
0.40161607
0.40160254
0.40159005
0.4015788
0.40156907
0.40156123
0.40155542
0.40155187
0.40155038
0.40155068
0.4015525
0.40155578
0.40156063
0.40156734
0.40157598
0.4015865
0.40159872
0.40161204
0.40162572
0.40163866
0.40164965
0.40165737
0.40166095
0.40166017
0.4016552
0.40164715
0.4016375
0.4016277
0.40161902
0.40161225
0.40160784
0.4016057
0.4016056
0.4016071
0.40160993
0.4016139
0.40161917
0.4016264
0.40163618
0.401649
0.4016649
0.40168363
0.4017041
0.40172485
0.40174404
0.40175992
0.4017712
0.40177697
0.40177706
0.4017719
0.40176257
0.40175045
0.40173712
0.40172407
0.40171233
0.40170255
0.40169486
0.40168884
0.4016842
0.40168035
0.4016772
0.40167475
0.40167278
0.4016709
0.40166864
0.40166527
0.4016601
0.40165296
0.40164405
0.40163368
0.40162283
0.4016122
0.4016024
0.40159392
0.40158704
0.4015817
0.40157777
0.40157515
0.40157372
0.4015735
0.40157452
0.40157643
0.40157887
0.4015811
0.4015823
0.40158197
0.40157992
0.40157643
0.4015725
0.4015691
0.40156743
0.40156826
0.4015719
0.40157804
0.40158612
0.4015951
0.40160364
0.40161043
0.40161413
0.40161413
0.40161023
0.40160277
0.40159267
0.4015811
0.4015692
0.40155822
0.40154892
0.40154207
0.40153772
0.4015361
0.4015368
0.40153942
0.40154338
0.40154788
0.40155205
0.40155515
0.4015564
0.40155575
0.40155315
0.40154877
0.40154284
0.40153566
0.40152755
0.4015189
0.40151036
0.40150273
0.40149683
0.4014934
0.40149298
0.40149605
0.40150255
0.40151235
0.4015254
0.4015416
0.40156046
0.40158135
0.40160355
0.4016259
0.40164727
0.4016664
0.4016822
0.40169352
0.40169984
0.40170074
0.40169662
0.4016883
0.40167698
0.4016642
0.40165138
0.40163967
0.40162987
0.40162215
0.4016166
0.40161267
0.40160996
0.40160802
0.40160686
0.40160656
0.40160725
0.40160877
0.40161097
0.40161338
0.4016157
0.4016176
0.4016188
0.40161943
0.40161923
0.40161803
0.40161568
0.401612
0.40160704
0.40160093
0.40159398
0.4015868
0.40157962
0.40157264
0.401566
0.40156
0.40155515
0.40155205
0.40155137
0.4015533
0.40155795
0.4015649
0.4015736
0.40158316
0.401593
0.40160254
0.40161127
0.40161842
0.40162337
0.40162534
0.40162405
0.40161955
0.40161252
0.401604
0.40159538
0.40158784
0.4015823
0.4015794
0.4015792
0.40158162
0.4015862
0.40159243
0.40159988
0.40160832
0.40161723
0.40162575
0.40163267
0.40163684
0.40163723
0.40163326
0.40162492
0.4016128
0.40159783
0.40158108
0.40156344
0.40154588
0.40152916
0.40151408
0.40150106
0.40149066
0.40148297
0.4014782
0.40147626
0.40147704
0.40148026
0.40148553
0.40149263
0.40150112
0.40151063
0.4015209
0.40153173
0.4015429
0.40155423
0.4015656
0.401577
0.40158844
0.40159997
0.40161175
0.401624
0.40163702
0.4016511
0.4016663
0.4016824
0.4016988
0.4017147
0.40172893
0.40174046
0.4017486
0.40175283
0.4017533
0.40175045
0.40174523
0.40173876
0.40173227
0.4017269
0.40172327
0.40172157
0.40172142
0.40172204
0.40172264
0.40172225
0.40172043
0.4017168
0.40171126
0.40170413
0.40169558
0.4016857
0.4016745
0.40166166
0.40164694
0.4016302
0.40161192
0.40159297
0.4015744
0.40155753
0.40154326
0.40153244
0.40152553
0.4015227
0.401524
0.4015292
0.40153795
0.40154982
0.40156376
0.4015786
0.40159294
0.40160528
0.4016145
0.40161997
0.40162158
0.40161982
0.4016154
0.40160933
0.4016024
0.40159523
0.40158826
0.4015817
0.40157592
0.40157136
0.40156838
0.40156737
0.40156853
0.40157205
0.40157798
0.4015861
0.40159568
0.40160578
0.40161493
0.40162182
0.40162534
0.40162456
0.40161952
0.40161046
0.40159824
0.40158406
0.40156895
0.401554
0.40153968
0.4015265
0.40151465
0.40150407
0.40149468
0.40148658
0.40147993
0.4014747
0.4014711
0.40146905
0.4014683
0.40146884
0.40147042
0.4014729
0.40147582
0.40147892
0.40148205
0.40148538
0.4014891
0.40149334
0.40149814
0.40150318
0.4015079
0.40151185
0.4015146
0.40151587
0.40151596
0.40151504
0.40151373
0.40151238
0.40151137
0.40151072
0.4015104
0.40151015
0.40150973
0.40150914
0.4015087
0.40150887
0.4015102
0.401513
0.40151742
0.40152317
0.40153003
0.40153736
0.4015445
0.40155077
0.4015555
0.40155873
0.40156066
0.40156206
0.4015638
0.40156677
0.40157166
0.40157896
0.40158856
0.40159997
0.40161234
0.40162468
0.40163586
0.40164512
0.40165207
0.40165666
0.40165913
0.40166008
0.40165997
0.4016592
0.40165794
0.4016562
0.40165383
0.40165058
0.4016465
0.40164196
0.40163788
0.4016353
0.40163514
0.40163812
0.40164453
0.401654
0.40166587
0.4016789
0.40169185
0.40170366
0.40171334
0.40172026
0.40172383
0.40172362
0.40171903
0.40170977
0.401696
0.40167797
0.4016567
0.40163323
0.40160885
0.40158483
0.40156206
0.40154117
0.4015222
0.401505
0.40148947
0.40147567
0.40146378
0.40145412
0.40144697
0.40144256
0.40144077
0.40144187
0.40144572
0.40145206
0.40146068
0.40147153
0.40148428
0.4014986
0.40151396
0.40153003
0.4015461
0.4015615
0.40157565
0.4015877
0.40159717
0.4016041
0.40160877
0.40161172
0.4016135
0.40161437
0.4016145
0.40161422
0.40161398
0.40161437
0.40161577
0.40161824
0.40162158
0.40162528
0.40162855
0.4016307
0.40163118
0.40162995
0.401627
0.4016228
0.40161788
0.4016126
0.40160754
0.40160295
0.401599
0.4015957
0.40159324
0.40159145
0.40159017
0.4015894
0.40158895
0.4015894
0.40159094
0.40159422
0.40159962
0.40160733
0.40161738
0.40162945
0.4016428
0.40165624
0.40166834
0.40167773
0.40168327
0.40168434
0.4016809
0.40167344
0.40166318
0.40165135
0.40163916
0.40162787
0.40161812
0.40161037
0.40160456
0.4016007
0.4015982
0.4015964
0.4015946
0.4015918
0.4015876
0.4015817
0.40157402
0.40156475
0.40155426
0.4015429
0.40153125
0.40151963
0.40150854
0.4014981
0.4014885
0.40148008
0.4014726
0.40146628
0.40146112
0.40145716
0.40145442
0.40145308
0.40145317
0.40145487
0.40145805
0.4014625
0.40146795
0.40147403
0.40148023
0.40148598
0.40149078
0.40149406
0.40149578
0.40149632
0.40149614
0.4014961
0.40149686
0.401499
0.40150294
0.40150866
0.40151578
0.4015238
0.4015319
0.40153927
0.4015448
0.4015481
0.40154862
0.4015468
0.40154287
0.40153742
0.40153086
0.40152374
0.40151638
0.40150928
0.4015028
0.40149727
0.40149295
0.4014899
0.40148827
0.40148845
0.4014907
0.40149513
0.40150195
0.40151095
0.40152195
0.40153432
0.4015475
0.40156057
0.40157276
0.40158316
0.40159145
0.40159744
0.4016015
0.40160406
0.4016056
0.4016066
0.40160733
0.4016081
0.40160903
0.4016101
0.40161115
0.40161175
0.40161118
0.40160882
0.40160394
0.4015961
0.40158513
0.4015714
0.40155545
0.40153793
0.40151957
0.401501
0.40148273
0.4014653
0.40144926
0.40143502
0.401423
0.40141368
0.40140745
0.40140462
0.4014055
0.40141028
0.40141892
0.4014314
0.40144718
0.40146562
0.4014858
0.40150672
0.4015271
0.40154573
0.40156168
0.40157416
0.40158322
0.40158895
0.4015917
0.40159178
0.40158933
0.40158463
0.40157804
0.40157023
0.4015618
0.40155354
0.40154582
0.40153936
0.40153435
0.4015309
0.40152878
0.401528
0.40152827
0.4015295
0.40153167
0.40153483
0.40153894
0.40154395
0.40155008
0.40155762
0.40156695
0.40157855
0.40159237
0.4016082
0.4016253
0.4016426
0.4016586
0.40167218
0.40168244
0.40168872
0.40169114
0.40168992
0.40168557
0.40167928
0.40167195
0.40166456
0.40165782
0.40165207
0.40164736
0.40164328
0.40163943
0.4016355
0.40163136
0.4016271
0.40162268
0.401618
0.40161276
0.40160653
0.4015992
0.4015909
0.4015823
0.40157416
0.4015674
0.40156233
0.40155917
0.40155774
0.40155756
0.40155813
0.40155897
0.40156016
0.4015619
0.4015648
0.4015694
0.40157625
0.40158552
0.40159702
0.40161
0.40162325
0.4016355
0.4016456
0.40165296
0.40165767
0.40166023
0.4016617
0.40166304
0.40166512
0.40166828
0.4016727
0.40167806
0.40168405
0.40168995
0.40169516
0.40169898
0.40170106
0.40170112
0.40169933
0.40169623
0.40169284
0.40169019
0.40168953
0.4016917
0.40169692
0.40170488
0.4017147
0.40172496
0.40173393
0.40174022
0.40174234
0.4017396
0.40173167
0.40171865
0.40170118
0.40168026
0.40165696
0.40163252
0.40160787
0.401584
0.40156168
0.40154147
0.40152356
0.4015081
0.40149504
0.40148428
0.40147573
0.40146947
0.40146592
0.40146533
0.40146804
0.4014745
0.4014847
0.40149844
0.4015152
0.4015343
0.40155476
0.4015754
0.4015947
0.40161133
0.4016238
0.40163115
0.40163314
0.40163004
0.40162283
0.40161294
0.4016024
0.40159327
0.40158808
0.40158936
0.4016001
0.40162364
0.40166435
0.40172827
0.40182352
0.40196127
0.40215796
0.4024355
0.402823
0.40336144
0.40410784
0.40513948
0.40656155
0.40851521
0.41122085
0.414901
0.4198654
0.4265877
0.43570992
0.44784483
