0.44258577
0.43208313
0.42420304
0.4182678
0.4138349
0.41056055
0.40816072
0.4063961
0.40510643
0.4041726
0.40349805
0.40301383
0.402668
0.40242168
0.40224588
0.40211922
0.40202612
0.40195522
0.4018986
0.4018507
0.4018081
0.4017691
0.4017331
0.40170053
0.40167218
0.40164906
0.40163195
0.40162116
0.4016163
0.40161654
0.40162048
0.40162635
0.40163237
0.40163675
0.4016382
0.40163592
0.40162978
0.40162027
0.40160832
0.40159532
0.40158254
0.40157124
0.40156248
0.40155685
0.40155473
0.40155616
0.40156072
0.4015678
0.40157643
0.4015856
0.40159428
0.40160173
0.40160793
0.40161303
0.40161744
0.4016218
0.4016268
0.40163305
0.4016415
0.4016526
0.4016668
0.40168417
0.4017041
0.40172595
0.40174893
0.40177247
0.40179676
0.401823
0.40185383
0.40189344
0.4019485
0.4020281
0.4021451
0.40231666
0.4025677
0.40292856
0.4034406
0.40416127
0.40516835
0.4065676
0.40850082
0.4111892
0.4148574
0.4198153
0.42653626
0.43566424
0.4478098
