0.44264665
0.4321636
0.4243012
0.41838196
0.41396233
0.41069803
0.40830344
0.4065395
0.40524563
0.4043026
0.4036139
0.40311137
0.40274444
0.40247566
0.40227756
0.4021302
0.4020189
0.4019331
0.40186507
0.40180966
0.40176335
0.40172374
0.40168968
0.40166056
0.40163612
0.40161613
0.4016
0.40158743
0.40157774
0.40157026
0.4015643
0.40155908
0.4015541
0.4015491
0.40154436
0.40154
0.40153652
0.40153414
0.40153295
0.40153277
0.40153337
0.40153432
0.40153518
0.4015358
0.40153643
0.40153775
0.40154013
0.40154442
0.40155104
0.40156025
0.40157196
0.40158594
0.40160164
0.4016182
0.4016346
0.40164945
0.40166166
0.40167022
0.40167454
0.40167457
0.40167084
0.40166432
0.40165615
0.40164724
0.40163878
0.40163115
0.40162465
0.40161943
0.40161523
0.40161172
0.40160817
0.40160406
0.40159896
0.40159237
0.40158427
0.40157506
0.4015653
0.401556
0.40154797
0.40154195
0.40153837
0.4015373
0.4015387
0.401542
0.40154666
0.4015518
0.4015567
0.4015606
0.40156338
0.40156487
0.40156546
0.40156558
0.40156528
0.40156484
0.4015639
0.40156242
0.40156046
0.4015584
0.40155658
0.40155545
0.40155542
0.40155694
0.4015601
0.4015647
0.40157014
0.4015757
0.40158033
0.4015835
0.40158468
0.40158406
0.40158153
0.40157726
0.40157145
0.40156457
0.40155706
0.40154985
0.40154377
0.40153974
0.4015384
0.40153995
0.40154466
0.40155205
0.4015617
0.40157267
0.4015839
0.40159434
0.40160295
0.40160906
0.4016123
0.40161267
0.4016107
0.40160695
0.40160224
0.40159705
0.40159193
0.40158725
0.4015835
0.40158135
0.4015815
0.40158436
0.40159032
0.4015993
0.40161082
0.40162408
0.40163803
0.40165156
0.401664
0.40167513
0.40168536
0.4016952
0.40170512
0.40171528
0.40172532
0.4017343
0.4017414
0.40174568
0.40174648
0.4017436
0.40173715
0.40172768
0.40171614
0.40170375
0.4016918
0.40168115
0.40167263
0.40166655
0.4016627
0.40166062
0.40165946
0.40165865
0.40165785
0.401657
0.40165606
0.40165493
0.40165326
0.4016509
0.40164787
0.40164426
0.40164077
0.40163833
0.40163758
0.40163925
0.40164378
0.40165132
0.40166193
0.40167522
0.40169054
0.40170676
0.40172237
0.40173593
0.40174592
0.4017516
0.40175256
0.40174899
0.40174133
0.40173048
0.4017174
0.40170327
0.40168917
0.40167582
0.4016636
0.40165246
0.40164194
0.4016314
0.40162033
0.40160823
0.40159518
0.40158135
0.4015674
0.40155393
0.40154168
0.40153155
0.40152422
0.4015204
0.40152064
0.40152508
0.40153378
0.40154642
0.40156254
0.40158147
0.40160227
0.40162396
0.4016451
0.40166453
0.40168115
0.40169445
0.4017043
0.4017111
0.40171555
0.4017189
0.40172264
0.40172818
0.40173665
0.40174854
0.40176374
0.4017815
0.4018007
0.4018199
0.40183768
0.401853
0.4018651
0.40187326
0.40187705
0.40187627
0.4018709
0.40186086
0.4018462
0.40182728
0.4018045
0.4017789
0.40175155
0.401724
0.4016977
0.40167382
0.40165338
0.4016366
0.40162334
0.40161332
0.40160564
0.4015993
0.401593
0.4015858
0.40157712
0.401567
0.40155616
0.40154567
0.40153697
0.40153116
0.40152922
0.40153182
0.4015391
0.40155086
0.4015666
0.4015854
0.40160638
0.40162846
0.40165046
0.40167108
0.4016891
0.40170336
0.40171292
0.40171725
0.40171608
0.4017097
0.4016988
0.4016843
0.40166736
0.4016491
0.40163064
0.401613
0.40159705
0.4015835
0.40157282
0.4015651
0.40156022
0.4015579
0.40155748
0.40155846
0.4015602
0.4015623
0.40156487
0.40156782
0.40157133
0.4015753
0.40157974
0.40158463
0.40159
0.40159565
0.40160155
0.40160722
0.40161222
0.40161628
0.401619
0.40161976
0.40161797
0.4016128
0.40160364
0.40159056
0.40157402
0.40155476
0.40153393
0.4015128
0.40149257
0.40147403
0.40145797
0.4014449
0.4014355
0.4014301
0.40142873
0.40143123
0.40143713
0.40144584
0.40145686
0.40146956
0.4014835
0.40149844
0.40151426
0.40153074
0.4015482
0.40156695
0.40158725
0.401609
0.4016318
0.40165487
0.40167704
0.40169674
0.40171263
0.4017233
0.40172777
0.40172562
0.40171736
0.40170386
0.4016869
0.40166852
0.40165102
0.40163624
0.40162575
0.4016203
0.40162
0.40162447
0.40163293
0.4016439
0.4016559
0.40166736
0.40167665
0.40168235
0.40168375
0.40168047
0.40167278
0.40166152
0.4016478
0.40163276
0.4016179
0.40160426
0.4015928
0.4015838
0.40157717
0.4015726
0.40156952
0.40156725
0.4015653
0.4015635
0.40156212
0.401562
0.40156358
0.40156728
0.40157315
0.4015807
0.4015891
0.40159747
0.40160483
0.40161037
0.4016138
0.4016155
0.40161604
0.4016163
0.4016173
0.40161964
0.40162402
0.4016303
0.40163806
0.40164608
0.4016534
0.40165898
0.4016621
0.40166256
0.40166047
0.4016563
0.40165055
0.40164378
0.4016365
0.40162963
0.40162396
0.4016201
0.40161848
0.4016191
0.40162155
0.40162516
0.401629
0.4016324
0.40163517
0.40163738
0.40163958
0.40164217
0.4016456
0.40164974
0.40165436
0.4016588
0.40166223
0.40166405
0.4016639
0.4016617
0.40165746
0.40165144
0.4016441
0.40163597
0.40162808
0.40162107
0.40161562
0.40161243
0.40161183
0.40161386
0.40161866
0.40162575
0.40163487
0.40164524
0.40165597
0.40166593
0.40167397
0.40167886
0.4016799
0.40167683
0.40166995
0.40166017
0.40164888
0.4016376
0.401628
0.40162107
0.4016177
0.40161824
0.40162265
0.40163052
0.40164134
0.40165478
0.40167063
0.40168828
0.40170693
0.40172532
0.40174216
0.40175605
0.40176564
0.40177014
0.40176904
0.40176243
0.40175077
0.40173504
0.40171638
0.40169623
0.4016764
0.4016581
0.40164262
0.4016307
0.4016226
0.40161824
0.40161738
0.40161958
0.40162447
0.40163133
0.4016394
0.40164804
0.4016564
0.40166384
0.40167016
0.40167567
0.40168098
0.40168688
0.401694
0.40170246
0.40171185
0.40172133
0.4017296
0.40173548
0.40173784
0.40173626
0.40173075
0.40172204
0.4017111
0.40169898
0.40168676
0.4016749
0.40166375
0.401653
0.40164214
0.40163085
0.40161875
0.40160596
0.401593
0.40158027
0.4015683
0.40155745
0.4015481
0.40154028
0.4015341
0.40152928
0.40152553
0.40152237
0.40151912
0.40151545
0.4015109
0.40150544
0.4014992
0.40149257
0.40148604
0.40148026
0.4014759
0.40147376
0.40147454
0.40147883
0.401487
0.4014992
0.40151516
0.40153432
0.40155584
0.40157878
0.4016018
0.40162364
0.40164274
0.4016578
0.40166786
0.40167248
0.4016716
0.40166572
0.4016555
0.40164182
0.40162542
0.4016071
0.40158767
0.40156817
0.4015496
0.4015333
0.4015204
0.4015118
0.40150806
0.4015092
0.40151465
0.40152338
0.401534
0.40154463
0.4015538
0.4015602
0.40156317
0.40156257
0.401559
0.4015533
0.40154675
0.40154028
0.401535
0.4015313
0.40152946
0.4015291
0.4015302
0.40153232
0.40153497
0.40153784
0.40154064
0.40154335
0.4015463
0.40154985
0.4015543
0.40155974
0.40156606
0.40157297
0.40158015
0.40158704
0.40159312
0.40159792
0.40160078
0.4016012
0.40159887
0.4015939
0.40158674
0.40157804
0.4015686
0.40155908
0.40155008
0.40154216
0.40153584
0.40153152
0.40152973
0.40153092
0.40153557
0.40154377
0.4015555
0.40157026
0.40158743
0.40160602
0.40162516
0.40164375
0.40166128
0.40167734
0.40169176
0.40170428
0.40171438
0.4017213
0.4017245
0.4017236
0.4017187
0.40171006
0.4016981
0.40168327
0.40166575
0.40164596
0.40162438
0.40160158
0.4015784
0.40155566
0.401534
0.4015139
0.40149584
0.4014805
0.40146837
0.40146
0.4014558
0.40145594
0.4014605
0.4014695
0.40148267
0.40149963
0.40151998
0.40154287
0.4015672
0.40159178
0.4016149
0.4016353
0.40165162
0.4016633
0.40166995
0.401672
0.40166995
0.40166503
0.40165818
0.40165052
0.4016428
0.40163565
0.40162948
0.4016243
0.40162018
0.40161744
0.40161625
0.4016172
0.40162095
0.40162787
0.40163812
0.40165147
0.4016675
0.40168533
0.40170395
0.40172252
0.40174055
0.40175754
0.40177366
0.40178883
0.401803
0.4018157
0.40182638
0.40183416
0.40183848
0.40183884
0.40183496
0.40182716
0.40181583
0.40180194
0.40178674
0.40177178
0.40175855
0.40174848
0.40174237
0.40174052
0.4017422
0.40174633
0.40175128
0.40175548
0.40175778
0.40175736
0.40175387
0.40174758
0.40173894
0.40172878
0.4017177
0.40170598
0.40169355
0.40168014
0.40166524
0.4016486
0.40163037
0.4016109
0.401591
0.40157136
0.40155295
0.40153646
0.40152252
0.4015114
0.4015029
0.40149698
0.4014935
0.40149236
0.40149376
0.40149802
0.40150556
0.4015168
0.40153217
0.40155223
0.40157774
0.40161002
0.40165114
0.40170464
0.40177596
0.40187305
0.40200755
0.40219605
0.4024615
0.40283376
0.40335497
0.4040834
0.40509772
0.40650454
0.4084459
0.41114306
0.41481957
0.41978517
0.4265136
0.4356478
0.44779834
