0.44264176
0.43215576
0.42428887
0.4183629
0.41393393
0.4106569
0.40824717
0.40646592
0.40515378
0.40419418
0.40349227
0.40298143
0.40261188
0.4023464
0.40215677
0.40202194
0.40192634
0.4018588
0.40181163
0.40177938
0.40175855
0.40174636
0.40174067
0.40173933
0.40174013
0.40174112
0.40174034
0.40173647
0.40172845
0.40171617
0.40169975
0.40167996
0.40165806
0.40163535
0.4016132
0.4015927
0.4015748
0.4015599
0.40154845
0.40154046
0.40153557
0.40153313
0.4015325
0.40153274
0.40153322
0.40153363
0.4015336
0.40153298
0.4015314
0.40152887
0.40152535
0.40152135
0.4015175
0.40151438
0.40151277
0.4015135
0.40151724
0.40152442
0.40153515
0.40154943
0.40156686
0.40158695
0.40160853
0.40163016
0.40165004
0.40166646
0.401678
0.40168375
0.40168354
0.40167767
0.40166706
0.40165305
0.40163732
0.4016215
0.4016071
0.40159512
0.40158615
0.40157992
0.40157604
0.4015736
0.40157145
0.40156886
0.40156537
0.40156123
0.40155694
0.4015538
0.40155253
0.40155402
0.40155855
0.4015661
0.4015764
0.40158862
0.40160173
0.40161446
0.40162525
0.401633
0.40163702
0.40163732
0.40163422
0.40162873
0.40162215
0.40161583
0.40161076
0.40160772
0.40160707
0.4016086
0.40161145
0.4016146
0.4016168
0.4016169
0.40161425
0.4016088
0.4016011
0.40159214
0.4015829
0.40157434
0.4015672
0.40156198
0.40155882
0.4015578
0.401559
0.40156245
0.40156803
0.40157542
0.401584
0.40159297
0.40160152
0.40160936
0.40161675
0.40162438
0.40163335
0.4016447
0.40165898
0.40167627
0.4016959
0.40171653
0.40173647
0.40175408
0.40176827
0.4017779
0.40178254
0.40178227
0.40177774
0.40177006
0.40176082
0.40175188
0.40174514
0.40174216
0.40174395
0.40175062
0.40176165
0.40177587
0.4017916
0.4018072
0.40182108
0.4018322
0.40183985
0.4018436
0.40184346
0.4018397
0.40183285
0.40182367
0.4018128
0.4018012
0.40178972
0.4017787
0.40176812
0.40175766
0.4017468
0.40173525
0.40172288
0.40170968
0.4016958
0.4016815
0.40166727
0.40165362
0.40164128
0.40163115
0.40162385
0.40161988
0.4016191
0.4016214
0.40162626
0.40163305
0.40164095
0.40164906
0.40165648
0.40166244
0.40166694
0.40167007
0.40167245
0.40167475
0.4016774
0.40168056
0.40168396
0.40168682
0.40168825
0.4016872
0.40168327
0.40167612
0.4016662
0.40165415
0.401641
0.40162772
0.40161514
0.4016041
0.40159488
0.40158767
0.4015823
0.40157872
0.40157637
0.40157443
0.40157205
0.40156823
0.40156218
0.4015537
0.40154302
0.40153074
0.40151802
0.40150607
0.40149647
0.40149072
0.40148988
0.40149486
0.4015058
0.40152246
0.40154397
0.40156916
0.4015964
0.4016238
0.40164924
0.40167084
0.40168732
0.4016975
0.40170085
0.4016973
0.40168712
0.40167108
0.40165034
0.4016263
0.4016006
0.4015748
0.40155053
0.4015292
0.40151185
0.40149918
0.4014914
0.40148848
0.40148982
0.40149486
0.4015028
0.4015129
0.40152454
0.4015372
0.40155002
0.40156263
0.40157464
0.4015856
0.40159476
0.40160108
0.40160364
0.40160167
0.401595
0.40158394
0.4015692
0.40155205
0.40153387
0.40151587
0.40149912
0.4014847
0.40147343
0.4014659
0.4014623
0.40146276
0.4014671
0.40147513
0.40148652
0.4015009
0.4015178
0.40153688
0.40155745
0.4015791
0.40160117
0.401623
0.40164378
0.4016623
0.40167767
0.401689
0.40169567
0.40169743
0.40169436
0.4016868
0.40167534
0.40166086
0.40164453
0.40162745
0.40161055
0.4015946
0.4015802
0.4015678
0.40155745
0.40154916
0.4015429
0.4015387
0.40153655
0.40153664
0.40153897
0.40154353
0.4015502
0.401559
0.4015697
0.40158248
0.40159765
0.40161553
0.4016364
0.40166017
0.4016866
0.40171477
0.40174335
0.4017707
0.4017954
0.40181616
0.40183216
0.40184292
0.40184823
0.40184814
0.40184268
0.40183225
0.40181717
0.40179816
0.4017761
0.4017521
0.40172753
0.4017036
0.40168136
0.40166155
0.4016442
0.4016288
0.40161476
0.40160093
0.40158653
0.4015713
0.40155488
0.40153787
0.40152073
0.4015045
0.40149
0.401478
0.40146908
0.40146354
0.40146184
0.4014641
0.40147015
0.4014799
0.401493
0.40150902
0.40152732
0.40154693
0.4015671
0.40158665
0.40160483
0.4016212
0.4016359
0.40164945
0.4016627
0.40167654
0.40169165
0.40170822
0.40172595
0.40174413
0.40176153
0.40177715
0.40178996
0.40179935
0.40180522
0.40180779
0.4018075
0.40180513
0.40180147
0.40179756
0.40179422
0.40179226
0.40179235
0.4017944
0.40179816
0.40180233
0.40180567
0.40180662
0.40180388
0.40179643
0.4017837
0.40176558
0.40174246
0.40171498
0.40168422
0.40165135
0.4016179
0.40158528
0.4015551
0.4015287
0.40150708
0.40149102
0.4014806
0.40147582
0.4014763
0.4014812
0.4014899
0.40150145
0.40151528
0.40153122
0.4015493
0.40156993
0.4015933
0.40161964
0.40164876
0.40168
0.4017124
0.40174463
0.4017753
0.40180296
0.40182656
0.40184516
0.4018584
0.40186587
0.40186745
0.40186325
0.40185335
0.40183806
0.40181756
0.4017924
0.40176323
0.40173107
0.40169725
0.4016632
0.40163052
0.4016004
0.40157378
0.40155137
0.4015334
0.4015198
0.4015104
0.40150493
0.4015031
0.40150458
0.40150914
0.40151632
0.40152565
0.40153635
0.40154743
0.40155765
0.40156567
0.40157017
0.4015701
0.40156516
0.40155566
0.40154243
0.4015269
0.40151048
0.40149456
0.40148026
0.40146858
0.40146002
0.40145496
0.4014535
0.40145552
0.40146092
0.4014695
0.40148145
0.40149665
0.40151486
0.4015355
0.4015579
0.40158093
0.40160334
0.4016237
0.40164053
0.4016528
0.40166
0.40166205
0.4016596
0.40165383
0.40164596
0.40163738
0.40162918
0.40162212
0.40161672
0.4016129
0.40161043
0.40160844
0.40160596
0.401602
0.40159598
0.40158758
0.40157712
0.40156496
0.40155146
0.4015372
0.40152243
0.4015075
0.4014928
0.4014788
0.40146592
0.4014547
0.4014457
0.40143928
0.40143582
0.40143543
0.40143803
0.40144345
0.4014514
0.40146154
0.4014733
0.4014864
0.40150025
0.40151444
0.401529
0.4015437
0.40155867
0.40157375
0.40158924
0.40160525
0.40162188
0.40163928
0.40165725
0.4016756
0.40169376
0.40171084
0.40172586
0.40173775
0.40174553
0.40174875
0.4017473
0.40174156
0.4017325
0.40172118
0.401709
0.4016972
0.40168685
0.401679
0.40167427
0.4016731
0.4016755
0.40168074
0.4016878
0.40169534
0.4017019
0.40170616
0.40170717
0.4017045
0.4016982
0.40168867
0.40167654
0.4016623
0.40164658
0.4016298
0.40161255
0.40159565
0.40157992
0.40156624
0.40155488
0.40154606
0.40153953
0.40153483
0.40153173
0.4015302
0.40153024
0.40153202
0.40153557
0.4015409
0.40154764
0.40155575
0.40156505
0.40157527
0.40158612
0.4015969
0.40160683
0.4016151
0.4016208
0.40162328
0.40162235
0.40161833
0.40161195
0.40160394
0.40159494
0.40158528
0.40157503
0.4015643
0.40155318
0.40154222
0.40153176
0.4015222
0.40151393
0.40150717
0.40150186
0.40149826
0.4014965
0.4014968
0.40149972
0.4015055
0.4015145
0.40152705
0.40154332
0.40156308
0.4015858
0.4016106
0.40163657
0.40166256
0.40168703
0.40170863
0.40172595
0.40173814
0.40174472
0.40174574
0.40174165
0.40173313
0.4017212
0.40170687
0.40169114
0.40167475
0.4016581
0.40164155
0.40162525
0.40160912
0.4015932
0.4015775
0.40156257
0.4015489
0.4015374
0.40152875
0.40152362
0.4015224
0.4015252
0.40153176
0.40154138
0.4015533
0.40156618
0.40157852
0.40158868
0.40159553
0.4015981
0.40159625
0.40159032
0.40158108
0.40157
0.4015581
0.40154678
0.4015367
0.4015285
0.4015226
0.40151918
0.40151832
0.40151998
0.4015239
0.40152988
0.40153757
0.40154687
0.4015578
0.40157026
0.4015843
0.40159974
0.40161598
0.40163255
0.40164888
0.40166435
0.40167877
0.40169173
0.40170282
0.40171134
0.4017164
0.40171725
0.401713
0.40170327
0.40168795
0.40166724
0.40164196
0.40161332
0.4015828
0.40155196
0.40152255
0.40149572
0.40147257
0.4014536
0.40143898
0.40142888
0.40142313
0.4014215
0.4014238
0.40142977
0.40143898
0.4014508
0.40146455
0.40147948
0.40149498
0.40151078
0.40152672
0.4015426
0.40155822
0.40157288
0.40158594
0.4015964
0.4016032
0.4016059
0.40160435
0.40159908
0.40159112
0.40158144
0.40157112
0.40156084
0.40155104
0.4015421
0.40153414
0.40152735
0.40152195
0.40151823
0.40151638
0.4015165
0.4015185
0.40152213
0.40152723
0.40153325
0.40153986
0.40154672
0.40155372
0.40156084
0.40156808
0.40157548
0.40158308
0.40159085
0.4015984
0.40160534
0.4016111
0.40161532
0.40161783
0.401619
0.40161964
0.4016208
0.40162364
0.40162906
0.4016376
0.40164906
0.40166262
0.40167686
0.40169048
0.4017018
0.4017099
0.4017141
0.4017143
0.40171078
0.40170437
0.4016961
0.40168726
0.40167892
0.40167195
0.40166673
0.40166304
0.4016605
0.40165806
0.4016552
0.40165162
0.40164742
0.4016431
0.4016393
0.4016365
0.40163508
0.40163514
0.4016365
0.40163887
0.40164155
0.40164334
0.40164292
0.40163922
0.40163153
0.40161964
0.40160397
0.4015853
0.40156493
0.40154403
0.401524
0.40150568
0.40149012
0.40147787
0.4014695
0.40146515
0.4014649
0.40146846
0.40147546
0.40148565
0.40149862
0.40151402
0.4015313
0.4015497
0.40156835
0.40158632
0.40160277
0.40161714
0.4016289
0.4016376
0.401643
0.40164506
0.4016442
0.40164104
0.40163618
0.40163064
0.4016256
0.40162218
0.4016214
0.40162402
0.4016304
0.40164044
0.4016537
0.4016698
0.40168798
0.40170723
0.40172645
0.40174416
0.40175915
0.4017704
0.40177733
0.40177953
0.40177706
0.4017702
0.40175974
0.4017467
0.40173212
0.40171683
0.40170166
0.4016867
0.40167192
0.4016569
0.4016412
0.40162423
0.401606
0.40158665
0.40156704
0.40154794
0.4015302
0.40151447
0.40150127
0.40149102
0.4014839
0.40148008
0.40147963
0.4014828
0.40148973
0.40150025
0.40151405
0.40153047
0.40154862
0.40156752
0.40158606
0.40160346
0.40161908
0.40163255
0.4016441
0.4016541
0.40166304
0.40167132
0.40167922
0.40168694
0.40169492
0.40170375
0.40171415
0.4017267
0.40174153
0.40175858
0.40177733
0.4017967
0.40181556
0.40183276
0.40184736
0.40185857
0.40186587
0.40186897
0.4018677
0.4018618
0.40185127
0.40183598
0.4018163
0.40179276
0.401766
0.4017369
0.40170643
0.4016756
0.40164512
0.40161565
0.40158752
0.40156138
0.4015379
0.40151772
0.40150127
0.40148878
0.40148002
0.4014748
0.40147257
0.40147284
0.4014752
0.40147924
0.40148476
0.40149185
0.40150046
0.40151048
0.40152186
0.4015344
0.40154797
0.40156257
0.4015782
0.4015943
0.40161055
0.4016258
0.40163925
0.40165016
0.40165794
0.4016621
0.4016629
0.40166056
0.4016558
0.4016495
0.40164226
0.40163487
0.40162772
0.40162116
0.40161577
0.40161192
0.40160996
0.40161014
0.4016125
0.4016171
0.40162376
0.4016318
0.4016405
0.40164873
0.40165538
0.40165964
0.40166107
0.40165973
0.40165597
0.4016504
0.40164387
0.40163687
0.4016299
0.40162322
0.40161717
0.40161186
0.40160757
0.40160447
0.40160277
0.40160248
0.40160352
0.40160564
0.40160865
0.40161216
0.40161556
0.40161824
0.4016197
0.4016196
0.40161762
0.40161353
0.4016073
0.40159896
0.40158898
0.4015781
0.40156725
0.4015574
0.401549
0.4015426
0.40153837
0.4015365
0.40153715
0.40154046
0.40154627
0.40155402
0.40156305
0.40157226
0.40158048
0.40158695
0.4015911
0.401593
0.4015927
0.40159038
0.40158603
0.40157983
0.40157193
0.40156266
0.4015526
0.4015422
0.40153205
0.4015227
0.40151483
0.40150893
0.40150577
0.40150598
0.40150988
0.40151766
0.4015289
0.40154275
0.40155828
0.40157434
0.40159
0.4016044
0.4016169
0.40162683
0.40163377
0.4016376
0.40163854
0.4016371
0.40163404
0.40162984
0.4016252
0.40162048
0.40161553
0.40161037
0.4016047
0.4015981
0.40159038
0.4015816
0.40157223
0.40156293
0.40155447
0.40154755
0.40154254
0.40153995
0.40154
0.4015431
0.40154934
0.40155882
0.40157172
0.40158793
0.4016074
0.40162963
0.4016541
0.40168014
0.40170676
0.40173298
0.4017575
0.4017793
0.40179697
0.4018096
0.40181658
0.40181747
0.4018122
0.40180096
0.40178424
0.4017629
0.4017382
0.40171173
0.40168533
0.40166074
0.40163967
0.40162322
0.4016121
0.40160662
0.40160662
0.40161133
0.4016196
0.40162987
0.40164027
0.40164933
0.40165564
0.40165848
0.40165734
0.40165237
0.4016441
0.40163362
0.40162215
0.40161133
0.40160218
0.4015957
0.40159243
0.40159214
0.40159425
0.40159774
0.40160134
0.4016036
0.40160355
0.4016007
0.40159523
0.40158775
0.40157926
0.40157077
0.40156302
0.40155655
0.40155184
0.40154907
0.4015484
0.4015501
0.40155447
0.40156153
0.40157127
0.4015832
0.40159678
0.40161115
0.40162516
0.40163776
0.40164787
0.40165487
0.40165865
0.40165952
0.4016579
0.40165472
0.40165043
0.40164545
0.40164018
0.40163445
0.401628
0.40162012
0.40161046
0.401599
0.401586
0.4015723
0.4015589
0.40154675
0.40153646
0.40152848
0.40152285
0.40151963
0.4015186
0.40151992
0.40152374
0.40153012
0.4015392
0.40155083
0.40156478
0.4015806
0.4015979
0.40161568
0.40163305
0.40164864
0.40166128
0.40166986
0.40167388
0.40167332
0.40166876
0.40166116
0.4016518
0.4016419
0.4016325
0.40162462
0.40161875
0.4016152
0.4016142
0.4016156
0.40161893
0.4016236
0.4016291
0.40163496
0.4016408
0.4016464
0.40165135
0.40165493
0.40165648
0.40165535
0.40165135
0.40164477
0.40163612
0.40162608
0.4016154
0.40160507
0.40159586
0.40158868
0.40158418
0.40158278
0.4015848
0.4015898
0.4015976
0.40160772
0.4016198
0.4016333
0.40164757
0.40166178
0.40167493
0.401686
0.40169436
0.4016995
0.40170148
0.40170053
0.40169728
0.40169233
0.4016863
0.40167984
0.4016731
0.40166622
0.40165922
0.40165204
0.40164503
0.40163875
0.40163368
0.4016306
0.4016301
0.40163264
0.40163848
0.4016475
0.40165946
0.4016737
0.40168968
0.4017065
0.40172333
0.40173963
0.4017549
0.40176922
0.40178305
0.40179697
0.40181136
0.40182653
0.4018423
0.40185785
0.40187243
0.4018848
0.40189385
0.4018986
0.40189826
0.4018924
0.4018808
0.40186384
0.40184212
0.40181667
0.40178892
0.40176037
0.40173262
0.40170702
0.40168467
0.4016663
0.40165222
0.40164214
0.40163577
0.40163237
0.4016314
0.40163237
0.40163496
0.40163884
0.4016436
0.40164858
0.40165317
0.40165663
0.40165848
0.40165845
0.40165707
0.40165502
0.4016536
0.40165433
0.40165922
0.40167072
0.401692
0.4017276
0.40178347
0.40186775
0.4019918
0.40217182
0.40243143
0.40280005
0.40331963
0.40404817
0.40506396
0.40647358
0.4084189
0.4111211
0.41480312
0.4197742
0.42650768
0.4356449
0.44779703
