0.44263813
0.43215108
0.42428333
0.41835684
0.41392767
0.41065103
0.40824223
0.40646228
0.4051517
0.4041934
0.40349254
0.40298253
0.40261367
0.4023488
0.40215975
0.40202507
0.40192857
0.40185803
0.40180472
0.40176237
0.4017268
0.4016955
0.40166715
0.40164137
0.4016186
0.40159914
0.4015833
0.40157095
0.40156165
0.4015548
0.40154985
0.40154648
0.4015447
0.40154463
0.4015464
0.4015501
0.40155578
0.40156332
0.40157223
0.40158203
0.4015919
0.40160108
0.40160877
0.4016142
0.40161672
0.40161565
0.40161055
0.40160158
0.40158913
0.40157396
0.40155712
0.40153953
0.40152192
0.40150493
0.40148887
0.40147403
0.4014608
0.40144956
0.40144104
0.4014359
0.40143463
0.40143764
0.40144485
0.4014561
0.40147087
0.40148836
0.40150777
0.40152788
0.4015473
0.40156466
0.40157843
0.40158725
0.40159035
0.40158758
0.4015794
0.40156695
0.40155146
0.40153414
0.40151623
0.4014988
0.4014829
0.4014695
0.40145913
0.40145212
0.40144888
0.40144944
0.4014536
0.4014612
0.4014717
0.40148443
0.40149897
0.40151486
0.4015315
0.40154824
0.4015641
0.40157804
0.401589
0.4015963
0.40159988
0.4016004
0.40159884
0.40159655
0.40159467
0.40159392
0.4015947
0.4015968
0.40159968
0.40160236
0.40160364
0.4016026
0.40159854
0.40159136
0.40158123
0.40156883
0.40155512
0.40154096
0.40152723
0.40151447
0.40150297
0.40149298
0.40148446
0.40147752
0.4014724
0.4014697
0.40147
0.40147385
0.40148175
0.40149406
0.40151092
0.4015325
0.40155855
0.40158847
0.40162128
0.40165555
0.40168962
0.40172145
0.40174943
0.40177235
0.4017892
0.4017995
0.40180328
0.4018006
0.40179187
0.40177765
0.40175873
0.40173587
0.40171006
0.4016824
0.40165418
0.40162617
0.40159944
0.4015746
0.40155202
0.40153196
0.4015145
0.4014996
0.4014872
0.40147737
0.40146992
0.40146476
0.40146172
0.40146038
0.40146035
0.40146127
0.40146294
0.40146497
0.40146714
0.4014694
0.40147182
0.40147492
0.40147927
0.40148544
0.4014937
0.40150398
0.40151593
0.4015292
0.40154302
0.401557
0.40157053
0.4015829
0.40159366
0.4016023
0.40160874
0.40161267
0.40161416
0.40161273
0.4016085
0.40160185
0.40159348
0.4015846
0.40157658
0.40157086
0.40156892
0.40157163
0.4015792
0.40159136
0.4016073
0.4016255
0.40164453
0.40166274
0.40167862
0.4016912
0.40170008
0.4017055
0.4017082
0.40170932
0.40171018
0.401712
0.40171596
0.40172297
0.4017337
0.40174848
0.40176708
0.40178904
0.40181333
0.40183866
0.40186363
0.401887
0.40190762
0.40192467
0.40193754
0.4019461
0.4019502
0.40194997
0.40194544
0.40193656
0.40192327
0.40190563
0.40188375
0.40185785
0.40182844
0.40179604
0.4017617
0.4017267
0.40169233
0.40165988
0.40163037
0.40160426
0.40158212
0.4015643
0.40155116
0.40154302
0.40153995
0.40154195
0.40154868
0.40155968
0.40157405
0.4015906
0.4016077
0.40162396
0.4016377
0.40164763
0.40165254
0.401652
0.401646
0.40163505
0.40162003
0.40160218
0.4015826
0.40156257
0.40154308
0.4015251
0.4015092
0.401496
0.40148553
0.40147778
0.40147257
0.4014697
0.40146908
0.40147045
0.40147382
0.40147898
0.4014857
0.40149373
0.40150264
0.40151218
0.40152183
0.401531
0.40153885
0.40154466
0.40154755
0.40154737
0.4015442
0.4015388
0.40153176
0.4015239
0.40151614
0.40150946
0.40150467
0.40150246
0.40150347
0.40150797
0.40151602
0.4015273
0.40154105
0.40155634
0.40157223
0.40158767
0.40160167
0.40161338
0.40162188
0.40162635
0.40162635
0.40162218
0.40161458
0.40160474
0.40159422
0.4015846
0.40157697
0.40157214
0.40157056
0.40157223
0.40157703
0.40158468
0.40159494
0.4016074
0.40162155
0.40163663
0.40165192
0.40166682
0.40168115
0.40169504
0.40170884
0.40172264
0.4017362
0.40174907
0.4017604
0.40176955
0.4017761
0.40178016
0.40178168
0.4017811
0.40177882
0.40177476
0.40176895
0.40176117
0.40175152
0.40174025
0.4017281
0.4017159
0.40170464
0.40169507
0.4016878
0.40168285
0.40168
0.40167895
0.4016793
0.401681
0.40168408
0.40168858
0.40169424
0.40170053
0.4017065
0.401711
0.4017131
0.4017122
0.4017084
0.4017022
0.4016949
0.40168798
0.40168333
0.40168226
0.40168577
0.40169415
0.40170693
0.40172324
0.40174145
0.4017598
0.40177658
0.40179023
0.40179968
0.40180403
0.40180284
0.40179592
0.4017832
0.4017651
0.4017423
0.40171593
0.4016875
0.4016588
0.40163147
0.40160716
0.4015871
0.40157196
0.40156215
0.4015572
0.4015564
0.4015583
0.40156168
0.40156487
0.40156692
0.40156743
0.40156665
0.40156555
0.4015654
0.40156737
0.40157256
0.4015817
0.40159506
0.40161207
0.4016316
0.4016519
0.40167084
0.40168685
0.4016983
0.4017041
0.401704
0.4016982
0.4016873
0.40167242
0.40165487
0.40163592
0.4016166
0.40159783
0.40158018
0.40156388
0.40154952
0.40153724
0.40152737
0.40152025
0.4015157
0.4015135
0.40151322
0.401514
0.40151486
0.40151468
0.40151295
0.40150946
0.4015045
0.4014988
0.40149313
0.40148813
0.4014843
0.40148205
0.4014814
0.40148214
0.401484
0.40148646
0.40148908
0.40149134
0.40149313
0.40149412
0.40149423
0.40149352
0.4014918
0.401489
0.40148512
0.40148023
0.40147454
0.4014686
0.40146306
0.40145865
0.40145582
0.401455
0.40145633
0.40145984
0.40146527
0.4014721
0.40147975
0.4014876
0.4014953
0.4015027
0.4015098
0.40151662
0.40152326
0.40152988
0.40153697
0.40154526
0.40155557
0.40156844
0.40158418
0.40160242
0.4016225
0.40164334
0.40166366
0.4016817
0.40169623
0.4017062
0.4017109
0.40171015
0.4017042
0.40169358
0.401679
0.40166137
0.40164137
0.40162012
0.40159845
0.40157717
0.40155694
0.40153816
0.40152118
0.401506
0.4014929
0.40148214
0.4014738
0.40146807
0.40146515
0.40146554
0.40146995
0.40147918
0.4014944
0.40151688
0.40154856
0.40159202
0.40165085
0.4017303
0.4018379
0.40198433
0.40218624
0.40246505
0.4028503
0.40338337
0.4041214
0.40514228
0.40655246
0.40849426
0.41118944
0.41486272
0.41982403
0.42654717
0.43567494
0.4478184
