0.44254908
0.43203822
0.42415434
0.41821924
0.41378888
0.41051728
0.40811825
0.40635037
0.40505192
0.40410417
0.40341103
0.40290534
0.4025376
0.40227127
0.4020794
0.4019419
0.40184394
0.40177497
0.40172732
0.4016956
0.4016761
0.40166572
0.4016622
0.40166357
0.40166843
0.40167534
0.4016833
0.40169144
0.40169936
0.40170693
0.40171418
0.40172082
0.40172687
0.40173247
0.40173733
0.40174097
0.40174282
0.40174216
0.40173852
0.40173125
0.40172
0.40170458
0.40168524
0.40166262
0.40163752
0.40161118
0.40158463
0.40155867
0.4015339
0.40151092
0.40149015
0.40147233
0.40145805
0.40144786
0.40144217
0.4014412
0.40144488
0.4014531
0.40146548
0.4014816
0.40150094
0.4015229
0.40154678
0.40157178
0.40159675
0.40162048
0.40164143
0.4016588
0.40167165
0.4016797
0.40168285
0.40168148
0.4016764
0.40166843
0.4016588
0.40164825
0.4016376
0.40162745
0.40161806
0.40160963
0.40160224
0.40159622
0.4015917
0.40158904
0.4015884
0.40159014
0.4015943
0.4016008
0.40160945
0.4016197
0.40163103
0.40164283
0.40165475
0.4016664
0.40167773
0.40168867
0.40169898
0.40170822
0.40171576
0.40172067
0.401722
0.40171912
0.4017116
0.4016997
0.40168396
0.4016657
0.4016465
0.40162805
0.4016121
0.4016
0.40159276
0.401591
0.40159485
0.4016042
0.4016183
0.40163615
0.4016565
0.4016779
0.4016991
0.40171912
0.4017372
0.4017529
0.40176573
0.4017751
0.4017803
0.4017809
0.4017767
0.40176785
0.40175483
0.40173855
0.40172
0.4017003
0.40168053
0.4016616
0.40164375
0.4016268
0.40160987
0.40159237
0.4015737
0.4015537
0.4015326
0.4015109
0.40148914
0.40146807
0.4014487
0.40143156
0.40141717
0.40140566
0.40139723
0.4013918
0.40138927
0.40138936
0.4013919
0.4013965
0.4014027
0.40140986
0.40141746
0.40142494
0.40143177
0.40143788
0.4014432
0.40144783
0.40145192
0.40145585
0.4014605
0.40146667
0.4014749
0.40148535
0.40149817
0.4015127
0.40152815
0.40154335
0.401557
0.40156788
0.40157494
0.40157786
0.4015767
0.4015722
0.40156528
0.40155733
0.40154925
0.40154192
0.40153593
0.40153167
0.40152925
0.4015287
0.40152988
0.40153244
0.4015361
0.40154028
0.40154457
0.4015483
0.40155095
0.40155184
0.40155074
0.4015477
0.40154317
0.40153813
0.4015334
0.40152994
0.40152827
0.40152875
0.40153125
0.40153566
0.40154168
0.40154916
0.40155804
0.40156823
0.40157974
0.40159243
0.40160602
0.40162024
0.40163454
0.40164855
0.40166172
0.4016736
0.4016839
0.40169287
0.40170103
0.40170917
0.40171808
0.40172818
0.40173963
0.40175194
0.40176454
0.40177655
0.40178728
0.40179598
0.40180215
0.4018055
0.40180576
0.401803
0.4017974
0.40178934
0.40177912
0.40176693
0.40175268
0.40173623
0.40171784
0.40169796
0.4016775
0.40165746
0.40163922
0.40162373
0.40161175
0.40160364
0.4015991
0.40159765
0.40159824
0.4015998
0.40160093
0.40160057
0.40159822
0.40159363
0.40158707
0.40157914
0.4015706
0.40156218
0.40155485
0.4015496
0.4015472
0.4015482
0.40155286
0.40156108
0.40157282
0.40158784
0.40160602
0.40162694
0.40164974
0.40167332
0.4016961
0.40171638
0.4017329
0.40174457
0.4017506
0.40175095
0.40174565
0.40173534
0.40172082
0.40170333
0.40168428
0.40166542
0.40164822
0.4016339
0.4016232
0.40161645
0.40161362
0.4016144
0.4016184
0.40162492
0.40163326
0.4016426
0.40165257
0.40166298
0.40167394
0.40168542
0.40169716
0.4017085
0.40171856
0.40172637
0.40173116
0.40173236
0.40172976
0.40172347
0.40171382
0.40170154
0.4016872
0.40167132
0.40165436
0.4016367
0.40161878
0.40160125
0.40158498
0.40157083
0.40155968
0.40155232
0.40154946
0.40155146
0.40155882
0.40157154
0.4015897
0.40161303
0.4016409
0.40167218
0.40170565
0.40173966
0.40177265
0.4018033
0.40183088
0.40185472
0.40187466
0.4018907
0.40190315
0.40191242
0.401919
0.40192357
0.40192685
0.40192935
0.4019313
0.40193275
0.40193343
0.40193325
0.40193224
0.40193054
0.4019285
0.4019267
0.4019254
0.4019249
0.40192488
0.40192473
0.40192357
0.40192038
0.40191406
0.4019037
0.40188864
0.40186855
0.4018436
0.40181434
0.40178177
0.4017472
0.40171212
0.40167817
0.40164658
0.4016184
0.4015943
0.40157437
0.40155855
0.4015463
0.4015371
0.40153039
0.40152568
0.4015229
0.40152198
0.40152332
0.40152732
0.40153435
0.40154448
0.40155753
0.4015729
0.4015898
0.4016071
0.40162373
0.40163878
0.4016517
0.40166244
0.40167108
0.40167794
0.40168318
0.40168697
0.40168926
0.4016902
0.4016901
0.4016897
0.40169013
0.40169248
0.40169787
0.40170684
0.4017198
0.40173635
0.40175584
0.401777
0.40179846
0.40181878
0.4018365
0.40185052
0.40186
0.4018643
0.4018634
0.40185744
0.40184677
0.40183204
0.4018141
0.40179405
0.4017731
0.4017526
0.4017338
0.401718
0.401706
0.40169832
0.40169507
0.4016961
0.4017007
0.40170804
0.4017167
0.40172538
0.4017327
0.40173724
0.40173835
0.4017355
0.401729
0.4017194
0.40170795
0.40169635
0.40168676
0.4016814
0.40168303
0.40169457
0.40171942
0.40176207
0.40182802
0.40192488
0.40206337
0.40225923
0.40253472
0.40291846
0.40345103
0.40418926
0.40521067
0.406621
0.40856218
0.41125536
0.41492495
0.41988072
0.4265959
0.43571422
0.4478471
