0.44267488
0.4322008
0.42434627
0.41843364
0.4140185
0.410756
0.40835938
0.40658924
0.40528524
0.40432954
0.40362677
0.4031104
0.40273115
0.4024528
0.40224862
0.4020988
0.40198857
0.40190652
0.40184402
0.40179488
0.4017549
0.4017216
0.40169388
0.40167162
0.40165493
0.40164414
0.40163913
0.40163964
0.40164497
0.40165445
0.40166703
0.40168172
0.40169734
0.4017129
0.40172762
0.40174147
0.40175474
0.40176812
0.40178242
0.40179816
0.40181535
0.40183333
0.40185127
0.40186802
0.40188274
0.4018945
0.40190285
0.40190738
0.40190807
0.40190488
0.40189788
0.40188712
0.4018727
0.40185496
0.4018342
0.40181088
0.4017857
0.4017596
0.40173352
0.40170902
0.40168738
0.40166968
0.4016567
0.40164858
0.40164515
0.40164587
0.40164995
0.40165657
0.40166476
0.40167388
0.4016833
0.4016926
0.40170148
0.40170977
0.4017175
0.40172473
0.40173152
0.401738
0.4017442
0.4017498
0.4017542
0.40175676
0.4017569
0.40175432
0.4017489
0.4017407
0.40173006
0.40171728
0.40170282
0.40168658
0.40166867
0.4016492
0.40162858
0.40160728
0.4015863
0.40156665
0.40154925
0.4015347
0.4015233
0.40151495
0.40150928
0.4015056
0.4015032
0.40150127
0.40149936
0.40149766
0.4014962
0.4014956
0.4014964
0.40149903
0.401504
0.40151167
0.4015221
0.4015355
0.4015519
0.4015716
0.4015943
0.40161988
0.4016471
0.40167484
0.40170133
0.40172496
0.4017442
0.40175787
0.40176523
0.4017661
0.40176094
0.4017506
0.40173653
0.40172002
0.40170264
0.4016856
0.40166983
0.4016562
0.40164503
0.40163645
0.40163037
0.4016266
0.40162468
0.4016242
0.40162438
0.4016248
0.40162513
0.40162522
0.401625
0.4016245
0.4016235
0.40162215
0.40162086
0.4016203
0.40162107
0.4016237
0.4016284
0.4016349
0.40164247
0.40165025
0.4016572
0.40166274
0.40166682
0.40166962
0.401672
0.40167484
0.40167883
0.40168476
0.4016932
0.4017042
0.40171745
0.40173212
0.4017468
0.40176007
0.40177047
0.4017766
0.4017775
0.4017728
0.4017626
0.40174747
0.40172842
0.40170678
0.4016841
0.40166217
0.40164232
0.40162575
0.401613
0.40160426
0.40159947
0.4015981
0.4015993
0.40160218
0.40160567
0.40160885
0.4016112
0.40161267
0.40161356
0.40161446
0.401616
0.401619
0.40162385
0.4016308
0.40164003
0.4016513
0.40166435
0.4016786
0.40169328
0.4017075
0.40172082
0.4017325
0.40174225
0.40174925
0.4017529
0.40175268
0.4017484
0.4017402
0.4017286
0.4017144
0.40169832
0.40168092
0.40166304
0.4016458
0.40163013
0.4016172
0.40160775
0.40160236
0.40160117
0.4016042
0.40161103
0.40162107
0.40163383
0.40164897
0.40166622
0.40168568
0.40170693
0.40172952
0.4017526
0.40177506
0.40179557
0.40181318
0.40182698
0.40183657
0.40184158
0.40184182
0.40183732
0.40182835
0.40181553
0.40180013
0.40178344
0.401767
0.40175232
0.4017406
0.40173218
0.40172672
0.4017233
0.40172043
0.40171683
0.40171126
0.4017033
0.4016927
0.40167996
0.40166605
0.40165204
0.4016394
0.40162936
0.40162256
0.4016194
0.4016196
0.4016226
0.40162772
0.40163434
0.4016422
0.4016513
0.4016614
0.4016723
0.40168336
0.40169385
0.4017028
0.40170935
0.40171307
0.40171382
0.40171194
0.40170813
0.40170312
0.40169773
0.40169218
0.40168664
0.4016811
0.40167525
0.40166894
0.40166247
0.40165642
0.40165135
0.40164813
0.4016473
0.40164888
0.4016525
0.40165734
0.4016623
0.40166646
0.40166909
0.4016699
0.40166894
0.40166697
0.4016651
0.40166453
0.4016663
0.40167117
0.40167895
0.40168896
0.4017
0.4017106
0.40171936
0.40172535
0.40172783
0.40172672
0.4017224
0.4017156
0.40170753
0.40169907
0.40169123
0.40168455
0.40167913
0.40167502
0.4016721
0.40167055
0.40167078
0.40167278
0.40167654
0.4016816
0.40168703
0.40169185
0.40169513
0.4016963
0.4016953
0.40169257
0.4016888
0.40168482
0.4016814
0.401679
0.40167794
0.40167838
0.40168047
0.4016845
0.40169054
0.40169847
0.40170762
0.4017171
0.40172595
0.40173364
0.40173963
0.4017438
0.40174648
0.40174812
0.4017494
0.4017509
0.40175268
0.40175453
0.40175566
0.4017551
0.40175197
0.4017456
0.4017357
0.4017224
0.4017063
0.40168858
0.4016707
0.40165445
0.40164137
0.40163282
0.4016297
0.401632
0.40163958
0.40165162
0.40166694
0.40168402
0.4017014
0.40171736
0.4017303
0.40173888
0.40174228
0.40174022
0.40173304
0.4017215
0.4017067
0.40169
0.40167296
0.40165722
0.4016441
0.4016347
0.4016296
0.401629
0.40163252
0.4016395
0.4016486
0.40165862
0.4016678
0.4016745
0.40167767
0.40167648
0.40167072
0.40166062
0.40164682
0.4016302
0.401612
0.40159348
0.40157577
0.40156
0.40154696
0.40153715
0.4015311
0.40152928
0.4015319
0.401539
0.4015504
0.4015658
0.4015845
0.40160576
0.40162826
0.40165037
0.4016705
0.40168694
0.40169847
0.4017042
0.40170404
0.40169805
0.40168703
0.40167207
0.40165433
0.4016353
0.40161625
0.40159836
0.4015824
0.4015689
0.40155804
0.40154994
0.40154445
0.4015415
0.4015409
0.40154243
0.40154606
0.40155163
0.4015589
0.40156743
0.4015766
0.4015856
0.40159348
0.4015994
0.40160304
0.4016042
0.4016028
0.40159896
0.40159264
0.401584
0.40157324
0.40156078
0.40154722
0.40153313
0.40151927
0.40150604
0.40149385
0.40148294
0.40147355
0.40146613
0.4014611
0.40145886
0.40145984
0.4014644
0.4014726
0.40148434
0.40149924
0.4015167
0.4015356
0.4015546
0.4015723
0.4015872
0.40159827
0.401605
0.40160745
0.40160605
0.40160164
0.40159494
0.4015865
0.4015769
0.4015665
0.40155548
0.40154442
0.40153414
0.40152535
0.40151885
0.40151513
0.4015143
0.40151647
0.4015215
0.401529
0.40153867
0.40154982
0.40156198
0.4015744
0.40158665
0.40159854
0.40161029
0.40162238
0.40163538
0.40164968
0.4016651
0.40168107
0.40169677
0.4017111
0.40172327
0.40173256
0.40173894
0.40174267
0.40174457
0.4017456
0.40174714
0.40175018
0.4017554
0.40176293
0.4017725
0.40178338
0.40179452
0.40180475
0.4018129
0.4018178
0.4018186
0.40181452
0.4018054
0.40179121
0.4017725
0.40175012
0.40172508
0.40169883
0.40167245
0.40164682
0.40162265
0.40160033
0.40157998
0.4015617
0.40154546
0.40153125
0.40151894
0.4015086
0.40150023
0.40149355
0.4014886
0.4014852
0.40148324
0.40148288
0.4014842
0.40148714
0.4014916
0.40149724
0.40150347
0.40150943
0.4015144
0.4015176
0.4015187
0.40151772
0.40151504
0.40151137
0.4015072
0.40150324
0.4014999
0.4014977
0.4014967
0.40149724
0.40149933
0.40150318
0.40150902
0.40151715
0.40152767
0.40154102
0.4015573
0.40157673
0.40159982
0.40162712
0.40165937
0.40169773
0.4017441
0.4018019
0.40187648
0.40197605
0.40211222
0.40230158
0.40256816
0.40294132
0.40346274
0.4041898
0.40520048
0.4066011
0.408534
0.4112208
0.41488674
0.41984183
0.42655918
0.43568304
0.4478237
