0.4424785
0.4319435
0.4240361
0.41807765
0.41362488
0.41033253
0.40791723
0.40613812
0.40483418
0.40388694
0.4032
0.40270567
0.40235338
0.40210575
0.40193504
0.40182072
0.40174744
0.40170363
0.40168074
0.4016722
0.40167296
0.40167874
0.4016862
0.40169257
0.40169594
0.40169474
0.4016884
0.40167674
0.40166026
0.40164012
0.40161774
0.40159467
0.40157247
0.40155232
0.40153545
0.40152252
0.40151426
0.4015108
0.4015124
0.40151876
0.40152937
0.40154377
0.40156087
0.40157956
0.40159827
0.40161526
0.40162873
0.4016372
0.40163988
0.40163663
0.40162802
0.4016152
0.40159988
0.4015839
0.4015691
0.40155673
0.40154764
0.40154216
0.4015402
0.40154138
0.40154502
0.4015502
0.40155584
0.40156078
0.40156394
0.40156463
0.40156275
0.40155873
0.40155354
0.40154827
0.4015441
0.40154192
0.40154243
0.40154597
0.40155265
0.40156242
0.4015746
0.40158877
0.40160415
0.40161973
0.40163493
0.40164933
0.4016627
0.4016749
0.40168583
0.40169498
0.40170172
0.40170553
0.40170616
0.40170377
0.4016989
0.40169233
0.40168512
0.40167803
0.40167186
0.40166715
0.40166435
0.40166393
0.40166587
0.40166995
0.40167546
0.40168133
0.40168652
0.40169004
0.40169132
0.40169036
0.4016875
0.40168354
0.40167937
0.40167552
0.4016722
0.40166926
0.40166602
0.40166172
0.4016559
0.4016484
0.4016394
0.40162984
0.40162086
0.40161404
0.40161076
0.40161222
0.40161917
0.4016317
0.4016495
0.4016716
0.4016965
0.40172225
0.40174687
0.40176815
0.40178466
0.4017953
0.4017994
0.40179694
0.40178826
0.4017739
0.4017551
0.40173307
0.4017095
0.40168598
0.40166426
0.4016456
0.40163112
0.4016211
0.40161556
0.40161404
0.40161562
0.40161934
0.4016243
0.40162966
0.40163496
0.40163985
0.40164426
0.40164846
0.40165237
0.4016558
0.40165833
0.4016594
0.40165862
0.40165588
0.40165117
0.4016448
0.40163717
0.40162873
0.4016201
0.40161183
0.40160477
0.4015997
0.40159717
0.40159732
0.40160027
0.40160576
0.4016136
0.40162334
0.40163445
0.40164614
0.40165734
0.4016668
0.40167397
0.40167823
0.40167972
0.4016791
0.40167704
0.40167442
0.40167207
0.40167078
0.40167117
0.40167364
0.4016786
0.40168604
0.40169576
0.40170726
0.40171972
0.4017322
0.4017438
0.40175387
0.4017618
0.40176758
0.40177128
0.4017733
0.40177435
0.40177527
0.40177673
0.40177938
0.4017837
0.40178946
0.40179592
0.40180194
0.40180615
0.40180734
0.40180475
0.40179786
0.4017867
0.4017717
0.40175366
0.4017337
0.40171295
0.4016925
0.40167338
0.40165654
0.40164292
0.40163326
0.401628
0.40162694
0.40162963
0.40163508
0.4016419
0.4016486
0.4016536
0.40165538
0.4016528
0.40164548
0.4016337
0.40161818
0.40160024
0.40158138
0.4015629
0.40154645
0.40153298
0.40152326
0.40151772
0.40151626
0.4015185
0.40152353
0.4015302
0.40153757
0.4015444
0.4015499
0.40155378
0.4015563
0.4015579
0.40155914
0.4015607
0.40156284
0.401566
0.4015705
0.40157682
0.4015852
0.40159562
0.4016077
0.40162072
0.40163356
0.40164497
0.4016538
0.4016593
0.40166134
0.4016596
0.40165478
0.40164736
0.40163794
0.4016273
0.40161583
0.40160364
0.40159044
0.40157598
0.4015599
0.40154216
0.4015231
0.40150338
0.40148368
0.4014647
0.4014471
0.4014313
0.40141785
0.40140718
0.4013996
0.40139532
0.4013943
0.40139636
0.40140098
0.40140754
0.4014155
0.40142414
0.40143314
0.40144226
0.40145132
0.40146065
0.40147033
0.4014806
0.40149122
0.40150207
0.4015127
0.40152252
0.40153104
0.40153778
0.40154266
0.40154597
0.40154842
0.40155086
0.40155405
0.40155864
0.40156516
0.4015737
0.40158394
0.40159532
0.40160722
0.4016188
0.4016295
0.40163878
0.40164623
0.40165195
0.4016564
0.4016599
0.40166298
0.40166572
0.40166816
0.40167025
0.40167177
0.4016722
0.4016716
0.40166995
0.40166804
0.40166664
0.40166676
0.40166906
0.40167385
0.40168086
0.40168935
0.4016981
0.40170598
0.40171173
0.4017147
0.4017147
0.40171203
0.4017073
0.40170148
0.40169522
0.4016891
0.40168312
0.40167704
0.4016704
0.4016627
0.4016539
0.40164393
0.40163326
0.40162256
0.4016126
0.40160415
0.40159768
0.40159357
0.40159166
0.40159166
0.40159324
0.40159598
0.40159935
0.40160263
0.40160516
0.40160638
0.40160602
0.40160432
0.40160182
0.4015991
0.4015968
0.40159538
0.40159512
0.40159634
0.40159908
0.4016031
0.4016079
0.40161234
0.4016155
0.40161645
0.40161452
0.40160984
0.40160257
0.40159357
0.4015841
0.4015752
0.4015682
0.40156373
0.4015623
0.40156412
0.4015693
0.40157738
0.4015878
0.4015996
0.40161148
0.40162215
0.40163055
0.40163565
0.40163732
0.4016356
0.401631
0.40162444
0.4016169
0.4016091
0.40160158
0.40159464
0.40158847
0.40158308
0.4015787
0.40157565
0.40157434
0.4015754
0.4015788
0.4015844
0.4015915
0.40159938
0.40160722
0.40161443
0.40162098
0.40162727
0.40163368
0.40164077
0.40164918
0.40165982
0.40167356
0.4016908
0.40171164
0.40173554
0.40176126
0.40178743
0.40181217
0.40183386
0.40185115
0.40186313
0.4018693
0.40186924
0.40186328
0.40185186
0.40183604
0.40181682
0.40179548
0.40177342
0.40175182
0.4017315
0.40171298
0.40169653
0.40168226
0.40167066
0.4016621
0.401657
0.40165547
0.40165746
0.40166262
0.40167007
0.4016786
0.40168685
0.40169343
0.4016972
0.4016975
0.40169412
0.40168735
0.40167758
0.40166563
0.4016525
0.40163898
0.40162596
0.4016139
0.40160277
0.40159273
0.40158358
0.4015754
0.401568
0.40156183
0.40155718
0.40155473
0.40155488
0.40155813
0.40156457
0.40157408
0.40158615
0.40160003
0.4016149
0.4016295
0.4016428
0.4016537
0.40166134
0.40166536
0.40166536
0.40166137
0.40165362
0.40164298
0.40163052
0.40161756
0.40160555
0.4015957
0.401589
0.40158615
0.40158725
0.40159196
0.40159962
0.40160885
0.4016181
0.40162572
0.4016302
0.40163052
0.40162635
0.40161762
0.4016049
0.4015893
0.40157187
0.40155363
0.4015353
0.40151748
0.40150085
0.40148592
0.401473
0.4014624
0.40145436
0.4014489
0.40144616
0.40144607
0.4014484
0.40145287
0.40145934
0.40146783
0.40147817
0.40149033
0.4015039
0.4015184
0.4015333
0.40154788
0.40156156
0.40157393
0.40158492
0.4015946
0.40160272
0.40160918
0.40161383
0.40161657
0.4016181
0.40161934
0.40162167
0.40162617
0.40163374
0.40164468
0.40165854
0.4016745
0.4016911
0.40170658
0.40171927
0.40172777
0.4017309
0.40172812
0.40171927
0.40170488
0.40168592
0.40166402
0.401641
0.40161887
0.40159932
0.40158358
0.40157238
0.40156603
0.4015642
0.40156606
0.4015704
0.40157592
0.40158096
0.40158424
0.40158513
0.4015833
0.40157926
0.40157357
0.40156686
0.4015595
0.40155172
0.40154353
0.401535
0.40152648
0.4015187
0.4015123
0.40150785
0.4015061
0.4015073
0.40151143
0.40151802
0.4015264
0.40153587
0.4015459
0.4015561
0.4015665
0.4015774
0.4015894
0.40160304
0.40161842
0.4016356
0.40165392
0.40167242
0.4016898
0.40170476
0.40171602
0.4017228
0.40172467
0.40172157
0.40171367
0.40170163
0.40168628
0.40166858
0.4016498
0.40163094
0.40161297
0.40159652
0.40158224
0.40157038
0.4015612
0.40155488
0.40155154
0.401551
0.40155303
0.40155718
0.40156287
0.40156972
0.40157726
0.40158513
0.40159297
0.40160048
0.40160763
0.40161443
0.40162072
0.40162653
0.40163147
0.40163493
0.40163597
0.40163395
0.40162835
0.4016192
0.40160698
0.4015925
0.40157676
0.40156057
0.40154478
0.40152982
0.40151614
0.4015039
0.40149322
0.40148413
0.40147686
0.40147164
0.4014689
0.40146935
0.4014737
0.40148267
0.40149674
0.40151608
0.40154046
0.40156922
0.40160117
0.40163478
0.40166813
0.40169916
0.40172595
0.4017469
0.4017609
0.40176743
0.4017665
0.40175885
0.40174532
0.4017273
0.40170616
0.4016836
0.40166107
0.40164036
0.40162244
0.40160844
0.4015987
0.40159342
0.4015922
0.40159485
0.40160084
0.40160963
0.40162075
0.40163326
0.40164667
0.40166005
0.40167245
0.40168294
0.40169096
0.40169603
0.40169805
0.40169743
0.4016944
0.40168932
0.4016827
0.40167475
0.40166593
0.40165702
0.40164873
0.401642
0.40163764
0.40163627
0.4016382
0.40164387
0.40165332
0.4016662
0.40168175
0.4016987
0.40171546
0.40173042
0.40174204
0.40174904
0.40175048
0.40174598
0.40173587
0.4017207
0.40170172
0.40168053
0.4016588
0.4016384
0.40162092
0.4016075
0.4015987
0.40159458
0.40159476
0.4015982
0.40160394
0.40161082
0.40161762
0.40162307
0.40162617
0.40162626
0.40162337
0.401618
0.40161112
0.4016038
0.401597
0.40159136
0.4015874
0.4015852
0.40158468
0.40158555
0.40158713
0.40158874
0.40158954
0.40158898
0.4015868
0.40158328
0.4015788
0.40157422
0.4015701
0.40156704
0.4015652
0.4015647
0.40156558
0.4015677
0.40157098
0.40157488
0.40157896
0.40158254
0.40158516
0.4015865
0.40158665
0.40158594
0.40158486
0.40158382
0.40158308
0.4015824
0.4015817
0.40158054
0.40157908
0.4015775
0.40157658
0.4015769
0.4015787
0.4015818
0.4015856
0.4015891
0.40159154
0.40159222
0.40159124
0.40158898
0.40158617
0.4015837
0.4015823
0.40158257
0.40158495
0.4015897
0.4015968
0.40160605
0.4016172
0.4016301
0.40164426
0.40165898
0.4016731
0.4016854
0.40169448
0.4016994
0.40169957
0.40169483
0.40168557
0.40167278
0.40165737
0.4016406
0.40162364
0.40160713
0.40159202
0.40157887
0.4015683
0.40156057
0.4015558
0.40155432
0.40155616
0.40156135
0.4015695
0.40158007
0.40159205
0.40160435
0.40161577
0.40162528
0.40163234
0.40163696
0.40163964
0.40164137
0.40164325
0.40164632
0.4016512
0.4016581
0.4016666
0.40167612
0.40168574
0.40169495
0.4017036
0.40171215
0.40172112
0.40173125
0.40174302
0.4017565
0.4017711
0.40178606
0.4018001
0.4018119
0.40182024
0.40182424
0.4018231
0.40181658
0.40180475
0.40178794
0.40176684
0.40174246
0.40171626
0.40168977
0.40166456
0.40164173
0.40162218
0.40160635
0.40159434
0.40158582
0.40158036
0.40157726
0.4015758
0.4015752
0.4015751
0.40157512
0.40157536
0.40157586
0.40157685
0.40157843
0.4015811
0.4015852
0.40159112
0.4015987
0.4016076
0.40161702
0.40162584
0.401633
0.40163732
0.4016381
0.4016351
0.4016289
0.40162036
0.40161088
0.40160182
0.40159416
0.40158874
0.40158573
0.40158498
0.401586
0.40158793
0.40159008
0.40159193
0.4015931
0.40159357
0.40159318
0.4015922
0.4015909
0.4015897
0.40158904
0.40158904
0.4015898
0.40159118
0.40159267
0.40159371
0.40159413
0.40159366
0.40159276
0.40159193
0.40159187
0.40159306
0.40159565
0.40159982
0.4016054
0.40161234
0.40162066
0.40163058
0.40164232
0.40165612
0.40167177
0.40168855
0.40170535
0.40172073
0.4017332
0.40174145
0.40174466
0.40174252
0.40173528
0.4017236
0.4017088
0.40169227
0.40167543
0.4016596
0.40164572
0.4016343
0.40162534
0.401619
0.40161484
0.40161252
0.40161148
0.40161133
0.40161166
0.40161207
0.4016122
0.4016116
0.40161002
0.4016077
0.40160504
0.40160272
0.40160125
0.40160108
0.4016022
0.4016044
0.40160707
0.40160954
0.40161127
0.4016122
0.40161258
0.4016128
0.4016132
0.40161404
0.40161535
0.40161696
0.4016188
0.40162063
0.40162224
0.4016239
0.40162584
0.4016288
0.40163317
0.40163898
0.40164593
0.40165332
0.4016601
0.40166524
0.401668
0.40166822
0.4016663
0.40166295
0.401659
0.40165538
0.40165305
0.40165287
0.40165555
0.40166134
0.40167007
0.40168107
0.4016931
0.4017048
0.40171477
0.40172166
0.40172476
0.40172356
0.40171847
0.40171018
0.40170017
0.40168998
0.40168104
0.40167448
0.401671
0.40167072
0.40167323
0.40167794
0.40168437
0.40169224
0.40170166
0.40171334
0.40172866
0.40175
0.40178117
0.401827
0.4018942
0.40199125
0.4021297
0.40232527
0.4026009
0.40298486
0.40351823
0.40425807
0.40528178
0.40669483
0.40863824
0.41133192
0.41499957
0.41995066
0.42665792
0.4357651
0.44788474
