0.44257367
0.4320722
0.4241985
0.4182751
0.41385785
0.41060117
0.4082174
0.40646473
0.4051808
0.40424523
0.40356106
0.4030602
0.40269238
0.40242097
0.40221962
0.40206933
0.40195704
0.40187377
0.4018129
0.4017698
0.40174037
0.40172133
0.4017096
0.40170196
0.40169588
0.40168917
0.40168035
0.40166855
0.40165332
0.401635
0.4016143
0.4015921
0.40156943
0.40154725
0.40152663
0.40150863
0.4014941
0.40148383
0.40147838
0.40147784
0.40148216
0.40149093
0.40150353
0.40151945
0.40153825
0.40155962
0.40158308
0.40160823
0.40163437
0.40166047
0.40168554
0.4017083
0.40172765
0.40174276
0.4017531
0.40175828
0.4017584
0.4017536
0.40174446
0.40173158
0.40171582
0.40169823
0.4016801
0.40166244
0.4016462
0.40163183
0.40161955
0.40160954
0.40160173
0.40159628
0.4015933
0.40159267
0.40159434
0.40159807
0.40160337
0.40160963
0.4016162
0.40162235
0.40162802
0.40163326
0.40163866
0.4016449
0.40165263
0.4016623
0.4016737
0.40168637
0.4016996
0.40171272
0.40172482
0.401735
0.40174252
0.4017469
0.40174815
0.40174654
0.40174243
0.4017368
0.4017304
0.40172404
0.40171847
0.40171403
0.40171078
0.4017084
0.40170616
0.40170345
0.40169972
0.40169472
0.4016884
0.4016813
0.40167397
0.40166697
0.40166053
0.40165457
0.40164888
0.40164348
0.40163898
0.40163606
0.40163574
0.4016388
0.4016459
0.40165707
0.40167168
0.40168884
0.40170705
0.40172467
0.40174
0.40175167
0.40175846
0.40175968
0.40175518
0.40174532
0.40173084
0.40171307
0.4016935
0.40167344
0.4016542
0.4016366
0.4016209
0.40160722
0.40159535
0.40158468
0.40157494
0.40156573
0.40155712
0.4015491
0.401542
0.40153617
0.40153217
0.40153062
0.40153202
0.40153646
0.40154377
0.40155345
0.40156463
0.40157634
0.40158758
0.40159732
0.40160504
0.40161064
0.40161473
0.401618
0.40162173
0.40162697
0.40163472
0.40164536
0.40165895
0.40167505
0.4016926
0.4017103
0.40172654
0.4017399
0.40174899
0.401753
0.40175122
0.40174338
0.40172935
0.4017096
0.40168455
0.40165532
0.40162307
0.40158936
0.40155593
0.40152416
0.40149528
0.4014701
0.40144882
0.4014314
0.40141773
0.4014072
0.40139952
0.4013942
0.40139076
0.40138897
0.40138882
0.4013904
0.40139398
0.40139973
0.40140763
0.40141788
0.40143016
0.40144402
0.40145892
0.40147406
0.40148863
0.40150186
0.40151322
0.40152246
0.40152988
0.40153566
0.4015402
0.40154347
0.40154526
0.40154558
0.4015441
0.40154076
0.40153584
0.40152958
0.4015222
0.401514
0.4015053
0.40149656
0.40148836
0.40148118
0.40147573
0.40147257
0.40147224
0.40147516
0.40148175
0.40149194
0.40150544
0.4015216
0.4015396
0.40155837
0.40157673
0.4015935
0.401608
0.4016199
0.4016296
0.40163776
0.40164506
0.40165237
0.4016601
0.40166843
0.401677
0.4016854
0.4016931
0.40169984
0.40170556
0.40171036
0.40171477
0.4017192
0.40172434
0.4017302
0.40173674
0.40174314
0.40174884
0.4017534
0.40175644
0.40175802
0.40175802
0.40175623
0.4017523
0.40174595
0.4017372
0.4017263
0.4017137
0.40170044
0.40168768
0.40167642
0.40166768
0.40166193
0.4016596
0.40166047
0.40166402
0.40166932
0.40167552
0.40168175
0.40168753
0.40169266
0.40169743
0.40170234
0.40170825
0.40171632
0.40172753
0.40174255
0.40176156
0.40178412
0.40180907
0.40183493
0.40186024
0.4018835
0.40190384
0.40192038
0.40193266
0.40194035
0.4019433
0.40194136
0.4019345
0.40192267
0.40190604
0.4018847
0.4018593
0.40183046
0.40179935
0.40176722
0.4017356
0.40170583
0.4016791
0.40165615
0.40163696
0.40162134
0.4016085
0.40159777
0.4015883
0.40157923
0.40157
0.4015601
0.40154967
0.40153876
0.40152782
0.40151718
0.40150735
0.40149838
0.40149054
0.40148392
0.40147844
0.40147412
0.40147078
0.40146813
0.40146607
0.40146455
0.40146327
0.4014624
0.40146217
0.40146285
0.40146494
0.40146875
0.40147454
0.4014823
0.40149206
0.4015033
0.40151545
0.4015279
0.40154025
0.40155223
0.40156367
0.40157443
0.4015843
0.40159288
0.40159944
0.40160337
0.4016042
0.40160185
0.4015969
0.40159035
0.40158358
0.40157792
0.40157434
0.40157366
0.40157625
0.4015823
0.40159157
0.40160355
0.40161765
0.40163293
0.4016481
0.4016617
0.4016723
0.40167877
0.40168065
0.40167814
0.40167192
0.40166318
0.40165332
0.40164357
0.4016351
0.4016289
0.40162525
0.4016241
0.40162492
0.40162694
0.40162924
0.40163076
0.40163034
0.40162712
0.4016207
0.40161115
0.4015991
0.40158582
0.40157256
0.40156054
0.40155098
0.4015447
0.4015421
0.40154323
0.40154773
0.4015548
0.40156317
0.40157154
0.40157858
0.4015833
0.4015854
0.40158483
0.401582
0.4015774
0.40157145
0.4015643
0.40155596
0.40154627
0.40153533
0.4015233
0.40151072
0.4014983
0.4014866
0.4014764
0.4014682
0.40146247
0.40145957
0.40145975
0.401463
0.40146908
0.40147737
0.40148702
0.40149736
0.40150732
0.4015165
0.4015244
0.40153056
0.40153432
0.40153494
0.40153196
0.40152514
0.4015149
0.40150183
0.40148696
0.40147114
0.40145522
0.4014401
0.40142673
0.40141577
0.4014076
0.40140235
0.40139988
0.4013998
0.4014015
0.4014046
0.40140867
0.40141326
0.40141815
0.40142313
0.40142795
0.40143263
0.401437
0.40144122
0.40144512
0.40144864
0.4014519
0.40145513
0.4014586
0.40146264
0.40146753
0.4014735
0.40148067
0.4014889
0.40149808
0.40150777
0.4015176
0.40152732
0.40153688
0.40154675
0.40155727
0.4015687
0.40158126
0.4015949
0.40160936
0.40162414
0.40163848
0.40165135
0.40166152
0.4016683
0.40167138
0.4016713
0.40166914
0.40166646
0.40166494
0.40166607
0.4016711
0.4016807
0.40169472
0.40171257
0.401733
0.40175435
0.40177518
0.4017938
0.40180892
0.4018196
0.401825
0.40182483
0.40181887
0.40180728
0.40179038
0.40176854
0.40174255
0.4017134
0.40168226
0.40165064
0.40161988
0.40159112
0.4015653
0.4015431
0.401525
0.4015111
0.40150133
0.40149558
0.40149358
0.4014952
0.4015003
0.40150902
0.40152135
0.4015373
0.40155658
0.40157846
0.40160194
0.40162554
0.4016478
0.40166712
0.40168226
0.40169224
0.40169653
0.4016954
0.40168962
0.4016803
0.401669
0.40165702
0.40164572
0.40163612
0.40162903
0.4016249
0.40162376
0.40162522
0.40162858
0.40163323
0.40163866
0.40164477
0.40165165
0.40165946
0.40166792
0.40167657
0.40168437
0.40169036
0.4016935
0.40169322
0.4016894
0.40168226
0.40167233
0.40166005
0.40164605
0.40163076
0.40161428
0.40159655
0.4015777
0.40155804
0.4015382
0.40151894
0.40150115
0.40148547
0.40147257
0.4014626
0.40145546
0.40145075
0.4014481
0.40144706
0.4014472
0.4014486
0.40145138
0.40145555
0.4014615
0.40146953
0.40148
0.40149322
0.4015092
0.40152764
0.40154797
0.40156895
0.40158936
0.40160784
0.40162292
0.40163386
0.4016405
0.40164337
0.40164357
0.40164244
0.40164125
0.40164098
0.40164214
0.4016448
0.40164855
0.40165251
0.40165544
0.40165603
0.40165335
0.40164673
0.40163615
0.40162203
0.40160534
0.40158725
0.40156907
0.40155193
0.4015367
0.40152407
0.40151426
0.4015072
0.4015027
0.4015004
0.40149996
0.4015009
0.40150264
0.40150493
0.40150765
0.40151113
0.40151566
0.40152174
0.40152964
0.40153992
0.40155265
0.40156782
0.4015848
0.40160245
0.40161952
0.40163445
0.4016459
0.4016527
0.40165418
0.40165007
0.4016407
0.4016268
0.40160936
0.40158993
0.4015698
0.4015507
0.40153387
0.40152055
0.40151143
0.401507
0.4015074
0.40151256
0.40152222
0.40153593
0.4015531
0.40157297
0.40159476
0.4016172
0.40163913
0.40165967
0.4016778
0.40169302
0.40170497
0.4017134
0.40171835
0.40171954
0.40171677
0.4017096
0.40169814
0.40168267
0.40166414
0.4016435
0.40162212
0.40160125
0.40158185
0.4015647
0.4015502
0.4015384
0.40152922
0.40152234
0.40151742
0.40151414
0.40151244
0.40151227
0.40151352
0.4015164
0.4015209
0.401527
0.40153465
0.401544
0.40155506
0.40156797
0.40158275
0.40159953
0.40161818
0.40163845
0.40166005
0.40168253
0.4017053
0.40172756
0.40174824
0.40176642
0.40178123
0.40179232
0.40179968
0.40180346
0.40180445
0.40180343
0.4018015
0.40179956
0.40179837
0.40179816
0.40179852
0.40179914
0.4017994
0.4017989
0.40179715
0.40179402
0.40178955
0.40178406
0.4017781
0.4017721
0.4017662
0.4017606
0.4017552
0.4017502
0.4017456
0.40174162
0.4017387
0.40173706
0.4017368
0.40173754
0.40173867
0.40173948
0.40173942
0.4017381
0.40173513
0.40173015
0.40172267
0.40171257
0.40169972
0.40168455
0.40166783
0.40165097
0.4016355
0.40162298
0.4016148
0.40161178
0.4016143
0.40162224
0.40163517
0.40165228
0.40167278
0.4016956
0.4017195
0.40174302
0.40176487
0.40178365
0.40179822
0.40180787
0.40181226
0.40181124
0.40180525
0.401795
0.4017814
0.40176547
0.40174812
0.4017302
0.40171254
0.40169558
0.40167966
0.40166482
0.4016512
0.40163848
0.40162662
0.40161565
0.40160587
0.40159777
0.40159175
0.40158817
0.40158734
0.40158927
0.40159407
0.40160182
0.40161237
0.40162516
0.40163958
0.40165448
0.40166903
0.40168226
0.4016935
0.40170172
0.40170658
0.40170768
0.4017053
0.40169978
0.40169162
0.40168133
0.40166944
0.40165654
0.40164316
0.4016295
0.4016155
0.40160093
0.40158543
0.401569
0.4015517
0.4015341
0.40151697
0.401501
0.4014869
0.40147513
0.40146607
0.40145996
0.40145698
0.40145713
0.40146053
0.4014671
0.4014771
0.40149015
0.4015063
0.40152493
0.4015459
0.4015688
0.40159315
0.4016183
0.40164357
0.40166807
0.4016913
0.40171304
0.40173328
0.4017521
0.4017693
0.4017845
0.401797
0.4018064
0.40181226
0.40181437
0.40181255
0.4018069
0.40179738
0.4017839
0.40176615
0.4017444
0.4017189
0.40169057
0.4016607
0.40163088
0.4016029
0.4015783
0.40155852
0.4015442
0.4015356
0.40153253
0.40153438
0.40154025
0.401549
0.40155938
0.4015698
0.40157887
0.4015854
0.4015887
0.4015886
0.40158546
0.4015798
0.40157232
0.4015635
0.40155384
0.40154353
0.40153277
0.40152183
0.4015111
0.40150094
0.4014918
0.40148395
0.40147775
0.4014733
0.40147075
0.40146995
0.40147078
0.4014729
0.4014761
0.40148017
0.4014851
0.4014911
0.40149868
0.40150842
0.40152082
0.40153638
0.40155524
0.4015774
0.40160304
0.4016318
0.40166315
0.4016963
0.40173015
0.40176353
0.40179533
0.4018244
0.40185004
0.4018715
0.40188843
0.40190077
0.40190864
0.40191254
0.40191343
0.40191245
0.40191144
0.40191302
0.40192053
0.40193883
0.4019743
0.40203574
0.40213546
0.40229017
0.40252414
0.40286943
0.40336767
0.40407726
0.40507686
0.40647304
0.40840772
0.41110194
0.41477886
0.41974756
0.4264812
0.43562186
0.44777954
