0.44265354
0.43217245
0.4243114
0.4183926
0.41397202
0.41070497
0.40830556
0.4065344
0.40523165
0.40427965
0.40358317
0.40307513
0.40270528
0.4024359
0.4022387
0.40209264
0.40198237
0.40189686
0.4018284
0.4017716
0.4017227
0.40167925
0.4016396
0.40160283
0.4015687
0.40153742
0.40150958
0.4014857
0.40146607
0.40145096
0.4014402
0.40143347
0.4014302
0.4014299
0.4014318
0.40143514
0.4014392
0.40144324
0.40144676
0.4014493
0.4014509
0.40145198
0.40145287
0.40145442
0.40145746
0.4014629
0.40147147
0.40148342
0.40149876
0.40151697
0.40153685
0.4015573
0.40157673
0.40159404
0.40160817
0.4016186
0.40162504
0.40162736
0.40162516
0.4016187
0.40160835
0.40159494
0.40157947
0.40156305
0.40154657
0.40153083
0.40151653
0.40150425
0.40149432
0.40148714
0.4014828
0.40148175
0.40148395
0.40148944
0.4014979
0.40150896
0.4015219
0.4015362
0.4015514
0.4015671
0.40158302
0.40159902
0.40161481
0.4016302
0.40164468
0.40165725
0.40166688
0.40167266
0.40167394
0.40167055
0.40166304
0.40165222
0.4016393
0.40162542
0.40161157
0.40159824
0.40158582
0.40157437
0.40156403
0.40155506
0.40154764
0.40154195
0.40153798
0.40153566
0.40153483
0.4015353
0.40153682
0.40153936
0.4015426
0.40154603
0.4015491
0.4015512
0.40155187
0.40155077
0.40154827
0.40154505
0.4015421
0.40154013
0.40154
0.40154225
0.4015471
0.401555
0.4015662
0.401581
0.4015994
0.40162122
0.40164587
0.40167236
0.40169966
0.40172672
0.4017524
0.4017759
0.40179616
0.40181252
0.40182427
0.40183076
0.4018317
0.40182677
0.40181622
0.40180054
0.4017805
0.40175718
0.40173218
0.40170687
0.4016824
0.40165973
0.40163952
0.40162215
0.4016079
0.40159672
0.40158874
0.40158394
0.40158218
0.4015835
0.40158755
0.40159383
0.40160194
0.40161163
0.40162277
0.40163523
0.40164873
0.40166304
0.40167773
0.40169233
0.40170643
0.40171984
0.40173283
0.4017459
0.4017595
0.401774
0.4017892
0.40180427
0.4018183
0.40183014
0.4018388
0.40184355
0.40184408
0.40184042
0.40183303
0.40182272
0.40181077
0.40179837
0.4017866
0.40177596
0.40176675
0.40175864
0.4017511
0.4017437
0.40173584
0.4017275
0.40171862
0.40170965
0.40170103
0.40169343
0.40168732
0.40168288
0.40168035
0.4016797
0.40168062
0.40168276
0.40168515
0.4016869
0.40168706
0.40168476
0.4016797
0.40167174
0.401661
0.4016477
0.40163222
0.40161556
0.40159854
0.40158218
0.4015671
0.40155363
0.4015419
0.40153176
0.4015227
0.40151408
0.4015053
0.40149578
0.4014853
0.4014741
0.40146258
0.40145138
0.40144113
0.4014325
0.40142626
0.4014231
0.40142342
0.40142792
0.40143695
0.40145117
0.40147072
0.4014956
0.4015254
0.4015595
0.4015969
0.40163633
0.4016764
0.40171555
0.4017525
0.40178618
0.401816
0.40184167
0.40186298
0.40188003
0.40189293
0.40190172
0.40190664
0.40190786
0.40190557
0.4019
0.4018913
0.4018796
0.401865
0.4018476
0.40182754
0.40180504
0.40178078
0.4017553
0.40172932
0.40170377
0.4016793
0.40165678
0.4016366
0.40161908
0.40160444
0.4015928
0.40158454
0.40157974
0.40157887
0.40158197
0.4015889
0.40159935
0.4016126
0.401628
0.40164438
0.4016604
0.40167478
0.4016861
0.40169352
0.4016968
0.40169626
0.40169263
0.4016872
0.4016812
0.40167594
0.40167218
0.40167058
0.40167126
0.40167364
0.40167704
0.40168074
0.40168434
0.4016877
0.40169093
0.40169403
0.40169695
0.40169942
0.40170106
0.40170136
0.40169984
0.40169635
0.40169087
0.40168378
0.4016759
0.401668
0.40166083
0.40165505
0.40165132
0.40165025
0.4016525
0.4016581
0.40166673
0.4016776
0.40168953
0.40170103
0.40171045
0.40171638
0.40171772
0.40171385
0.40170482
0.40169096
0.40167332
0.4016534
0.40163302
0.40161386
0.40159765
0.4015852
0.40157712
0.40157324
0.40157312
0.40157574
0.40158007
0.40158486
0.4015892
0.40159214
0.40159288
0.40159103
0.40158677
0.40158084
0.40157428
0.40156862
0.40156522
0.40156513
0.4015693
0.40157795
0.40159118
0.40160862
0.40162963
0.40165317
0.4016779
0.4017022
0.40172416
0.4017422
0.4017548
0.4017611
0.40176067
0.4017535
0.4017401
0.40172133
0.40169838
0.40167278
0.40164617
0.40162048
0.40159747
0.4015788
0.40156546
0.40155804
0.4015567
0.40156096
0.4015701
0.40158314
0.4015987
0.40161538
0.40163177
0.40164667
0.40165925
0.40166906
0.40167594
0.4016797
0.40168032
0.40167767
0.40167177
0.40166277
0.40165138
0.40163833
0.40162456
0.40161127
0.4015993
0.40158936
0.401582
0.40157706
0.4015745
0.40157387
0.40157485
0.4015775
0.40158212
0.4015892
0.4015991
0.40161192
0.40162736
0.4016447
0.40166304
0.4016812
0.40169817
0.40171263
0.40172365
0.40173042
0.40173241
0.40172952
0.40172204
0.4017107
0.4016965
0.40168062
0.4016645
0.40164977
0.40163782
0.40162984
0.40162647
0.401628
0.40163404
0.4016436
0.40165547
0.40166792
0.40167958
0.40168932
0.40169713
0.4017036
0.40171054
0.401721
0.40173918
0.4017708
0.40182295
0.40190488
0.40202847
0.40220994
0.4024731
0.40284616
0.40337032
0.40410244
0.40512002
0.40652886
0.40847108
0.4111681
0.4148437
0.41980794
0.42653412
0.43566495
0.44781128
