0.44255826
0.43204772
0.42416123
0.41822028
0.4137807
0.41049653
0.40808305
0.4062996
0.40498564
0.40402412
0.40331942
0.40280473
0.40243024
0.40215948
0.40196535
0.40182784
0.40173218
0.40166762
0.401626
0.40160134
0.40158918
0.4015862
0.4015901
0.40159878
0.4016105
0.40162382
0.40163767
0.40165138
0.40166485
0.4016782
0.40169173
0.4017055
0.40171927
0.4017328
0.40174538
0.4017563
0.4017644
0.4017687
0.40176845
0.40176308
0.4017525
0.4017372
0.40171805
0.40169623
0.40167338
0.401651
0.40163058
0.40161303
0.40159902
0.4015889
0.40158266
0.40158
0.40158033
0.40158296
0.40158695
0.40159145
0.40159577
0.40159974
0.40160325
0.40160653
0.4016097
0.40161276
0.4016155
0.40161738
0.40161765
0.4016155
0.4016105
0.40160245
0.40159196
0.4015801
0.4015683
0.40155804
0.4015507
0.40154743
0.401549
0.40155602
0.4015687
0.40158683
0.40160948
0.4016355
0.4016629
0.40168986
0.40171435
0.4017346
0.40174925
0.40175745
0.4017591
0.40175456
0.40174478
0.40173107
0.40171474
0.40169755
0.4016807
0.40166554
0.4016528
0.40164304
0.40163645
0.40163282
0.40163192
0.40163326
0.40163615
0.40163985
0.40164343
0.40164623
0.40164784
0.401648
0.40164724
0.40164578
0.40164444
0.40164343
0.40164274
0.40164205
0.40164062
0.4016376
0.40163252
0.4016247
0.40161434
0.40160152
0.40158677
0.40157077
0.40155402
0.40153712
0.4015203
0.40150383
0.40148792
0.40147308
0.40145954
0.40144768
0.40143785
0.40143055
0.40142617
0.40142524
0.40142798
0.40143445
0.40144444
0.40145737
0.40147236
0.40148836
0.40150416
0.4015185
0.40153024
0.4015387
0.40154347
0.40154448
0.40154234
0.40153763
0.4015313
0.40152422
0.40151763
0.40151235
0.40150923
0.40150878
0.40151134
0.40151688
0.40152508
0.4015355
0.40154737
0.40155968
0.40157142
0.40158144
0.40158913
0.40159407
0.40159655
0.40159717
0.40159664
0.40159586
0.40159553
0.40159628
0.40159827
0.40160125
0.40160456
0.4016079
0.40161076
0.40161335
0.40161592
0.4016187
0.4016221
0.40162644
0.40163174
0.4016378
0.40164414
0.40164998
0.40165403
0.4016551
0.40165195
0.40164375
0.40163034
0.40161195
0.40158963
0.4015647
0.4015391
0.40151426
0.40149158
0.40147227
0.40145695
0.40144625
0.4014403
0.40143922
0.4014429
0.40145114
0.40146363
0.4014798
0.4014992
0.40152118
0.40154493
0.4015695
0.4015943
0.40161863
0.40164164
0.4016628
0.4016815
0.4016976
0.4017106
0.4017201
0.40172568
0.40172732
0.40172505
0.40171945
0.40171093
0.4017003
0.4016877
0.40167406
0.4016599
0.40164635
0.40163416
0.40162447
0.40161833
0.40161645
0.40161926
0.40162697
0.40163916
0.4016552
0.40167353
0.40169266
0.40171054
0.40172553
0.40173617
0.40174147
0.4017411
0.40173498
0.4017239
0.4017087
0.4016907
0.40167162
0.4016529
0.40163606
0.40162194
0.40161103
0.40160304
0.40159723
0.40159246
0.40158752
0.40158167
0.40157455
0.40156645
0.40155777
0.40154943
0.40154207
0.40153667
0.401534
0.40153453
0.4015384
0.4015454
0.40155494
0.4015661
0.4015776
0.4015884
0.40159747
0.40160468
0.40161002
0.401614
0.4016173
0.40162104
0.4016258
0.40163243
0.40164104
0.40165156
0.4016633
0.40167564
0.4016875
0.40169802
0.40170646
0.40171248
0.40171605
0.40171713
0.40171587
0.40171242
0.4017063
0.4016975
0.4016858
0.4016715
0.40165523
0.4016382
0.401622
0.40160817
0.40159833
0.40159357
0.4015947
0.40160182
0.40161437
0.40163144
0.40165132
0.40167233
0.40169233
0.4017095
0.4017222
0.4017294
0.40173057
0.4017257
0.40171546
0.40170088
0.40168318
0.4016639
0.40164444
0.4016259
0.40160936
0.40159535
0.40158427
0.40157607
0.40157068
0.40156776
0.40156657
0.4015665
0.40156677
0.40156648
0.4015647
0.40156072
0.40155414
0.40154496
0.40153337
0.40152016
0.40150616
0.4014924
0.40147975
0.40146908
0.40146095
0.40145588
0.40145388
0.40145484
0.40145838
0.40146378
0.40147015
0.4014765
0.40148178
0.4014853
0.40148664
0.4014858
0.40148312
0.40147948
0.40147576
0.40147296
0.40147176
0.40147275
0.4014763
0.4014823
0.40149045
0.40150037
0.4015117
0.401524
0.4015373
0.40155146
0.40156657
0.4015824
0.40159902
0.40161636
0.4016343
0.40165222
0.40166932
0.4016845
0.40169677
0.40170556
0.4017107
0.40171242
0.40171143
0.4017089
0.40170592
0.40170324
0.40170112
0.40169942
0.40169728
0.40169367
0.4016878
0.40167892
0.40166673
0.40165162
0.40163428
0.4016162
0.40159848
0.4015824
0.4015688
0.40155804
0.40155038
0.40154564
0.4015439
0.40154514
0.40154925
0.40155593
0.40156457
0.4015747
0.4015857
0.4015968
0.40160754
0.40161753
0.40162638
0.40163353
0.4016382
0.40164
0.40163848
0.40163374
0.40162602
0.40161607
0.4016045
0.4015921
0.4015799
0.4015687
0.40155935
0.40155268
0.40154925
0.4015495
0.4015535
0.40156123
0.40157187
0.40158463
0.40159836
0.40161175
0.4016238
0.401634
0.40164238
0.4016493
0.40165538
0.40166125
0.40166736
0.40167382
0.4016803
0.401686
0.40168995
0.4016908
0.40168798
0.4016811
0.40167066
0.40165767
0.40164375
0.40163073
0.40162036
0.40161413
0.40161276
0.40161666
0.40162534
0.40163803
0.40165293
0.40166846
0.40168276
0.40169406
0.40170085
0.4017024
0.40169832
0.40168884
0.40167478
0.4016573
0.4016382
0.40161887
0.401601
0.40158594
0.40157512
0.40156943
0.40156946
0.4015754
0.40158668
0.40160263
0.40162158
0.40164217
0.40166256
0.40168124
0.40169725
0.40170974
0.4017185
0.4017237
0.4017258
0.401725
0.4017216
0.4017157
0.40170744
0.40169698
0.40168497
0.40167212
0.4016596
0.40164888
0.40164134
0.4016382
0.40164012
0.4016471
0.40165883
0.40167433
0.40169257
0.40171197
0.4017313
0.40174934
0.40176517
0.40177792
0.40178713
0.40179208
0.4017926
0.4017886
0.40177992
0.40176705
0.4017505
0.40173125
0.40171048
0.4016896
0.40166992
0.4016525
0.40163806
0.40162715
0.40162012
0.4016169
0.40161744
0.4016214
0.40162873
0.40163913
0.40165192
0.40166616
0.40168095
0.40169564
0.40170994
0.40172386
0.40173784
0.4017523
0.40176725
0.40178227
0.40179676
0.40180957
0.4018197
0.40182623
0.40182865
0.40182665
0.40182033
0.40181023
0.40179685
0.4017809
0.4017628
0.40174252
0.40171996
0.4016953
0.4016688
0.40164095
0.4016126
0.4015848
0.40155837
0.40153474
0.40151465
0.4014987
0.40148717
0.40148005
0.40147698
0.40147743
0.4014807
0.40148625
0.4014934
0.40150204
0.40151203
0.40152335
0.40153638
0.4015509
0.40156665
0.40158293
0.40159878
0.40161288
0.40162393
0.4016307
0.40163276
0.40163013
0.40162337
0.40161327
0.40160063
0.40158656
0.40157163
0.4015564
0.40154126
0.4015263
0.40151137
0.40149647
0.40148172
0.40146744
0.40145403
0.40144214
0.40143216
0.4014246
0.40141943
0.40141675
0.40141654
0.40141848
0.4014226
0.4014286
0.4014364
0.4014457
0.40145627
0.4014678
0.4014798
0.4014917
0.4015028
0.40151262
0.40152088
0.4015276
0.40153307
0.4015378
0.40154216
0.40154648
0.40155095
0.40155533
0.4015596
0.40156332
0.40156636
0.40156886
0.40157095
0.40157315
0.40157574
0.40157893
0.4015829
0.40158802
0.40159452
0.40160286
0.40161338
0.40162647
0.4016423
0.4016608
0.40168157
0.4017041
0.40172789
0.4017519
0.40177503
0.4017956
0.40181223
0.401824
0.40182996
0.40182993
0.40182394
0.40181237
0.40179607
0.40177593
0.40175286
0.40172783
0.40170148
0.4016744
0.40164727
0.4016207
0.40159568
0.40157315
0.40155393
0.40153867
0.4015277
0.40152135
0.40151945
0.40152156
0.40152705
0.401535
0.4015444
0.40155414
0.4015636
0.4015723
0.40158
0.40158707
0.40159366
0.4016002
0.40160668
0.40161285
0.40161824
0.40162212
0.4016238
0.4016227
0.40161866
0.4016122
0.40160424
0.40159628
0.4015898
0.40158603
0.40158573
0.40158927
0.40159655
0.40160704
0.40161976
0.40163368
0.4016476
0.40166065
0.40167233
0.40168226
0.40169057
0.40169734
0.40170255
0.4017061
0.40170768
0.40170705
0.40170428
0.40169957
0.40169305
0.40168482
0.40167484
0.401663
0.40164936
0.4016343
0.40161863
0.40160364
0.4015906
0.40158093
0.4015758
0.40157607
0.40158203
0.40159342
0.40160924
0.4016282
0.40164834
0.40166762
0.40168422
0.40169683
0.4017048
0.40170777
0.4017061
0.40170053
0.401692
0.4016818
0.401671
0.4016605
0.40165085
0.4016426
0.40163577
0.40163067
0.4016272
0.40162528
0.40162432
0.4016236
0.40162256
0.40162057
0.40161744
0.40161306
0.40160757
0.40160125
0.40159443
0.40158755
0.4015812
0.40157568
0.40157112
0.40156725
0.40156385
0.40156016
0.4015557
0.40155026
0.40154383
0.4015364
0.401528
0.4015185
0.401508
0.4014965
0.40148443
0.4014724
0.40146065
0.4014497
0.40143996
0.4014318
0.4014254
0.401421
0.40141848
0.40141758
0.40141788
0.40141872
0.4014196
0.40142038
0.40142143
0.40142316
0.4014262
0.40143108
0.40143806
0.40144712
0.4014585
0.40147182
0.40148672
0.4015024
0.40151784
0.40153185
0.40154353
0.4015523
0.4015579
0.4015605
0.40156028
0.40155753
0.40155235
0.40154502
0.4015361
0.40152648
0.40151763
0.4015111
0.40150833
0.40151066
0.40151876
0.4015331
0.40155333
0.40157914
0.4016096
0.4016435
0.40167937
0.4017153
0.4017495
0.40178013
0.40180588
0.40182555
0.4018385
0.40184435
0.40184298
0.40183455
0.40181962
0.4017991
0.40177432
0.40174678
0.40171805
0.40168974
0.40166333
0.40164018
0.40162122
0.4016071
0.40159836
0.40159506
0.40159705
0.4016035
0.40161312
0.40162456
0.40163586
0.40164524
0.40165102
0.4016521
0.40164796
0.40163863
0.4016247
0.4016074
0.4015881
0.40156856
0.4015504
0.4015349
0.401523
0.40151522
0.40151167
0.40151203
0.4015161
0.4015233
0.4015329
0.40154397
0.40155563
0.40156668
0.40157598
0.40158266
0.40158638
0.40158758
0.40158695
0.40158546
0.40158394
0.40158316
0.40158373
0.40158606
0.4015906
0.40159732
0.4016062
0.40161696
0.40162903
0.40164185
0.40165478
0.4016671
0.40167823
0.4016877
0.40169474
0.40169847
0.40169835
0.40169406
0.40168586
0.40167418
0.40166005
0.40164447
0.40162858
0.40161306
0.4015985
0.40158513
0.40157282
0.40156168
0.4015514
0.40154183
0.40153277
0.4015243
0.4015165
0.40150928
0.40150294
0.40149748
0.40149316
0.4014901
0.40148857
0.40148893
0.40149143
0.40149644
0.4015042
0.40151492
0.40152863
0.40154526
0.40156418
0.4015845
0.40160516
0.4016245
0.4016406
0.40165174
0.4016564
0.4016537
0.4016435
0.40162623
0.40160304
0.40157565
0.40154558
0.40151462
0.4014842
0.4014554
0.40142936
0.40140688
0.4013885
0.40137452
0.40136483
0.4013591
0.40135676
0.40135723
0.40135998
0.40136433
0.4013702
0.40137738
0.40138593
0.40139604
0.4014078
0.4014213
0.4014368
0.4014541
0.40147316
0.40149364
0.40151528
0.40153745
0.4015597
0.4015812
0.40160152
0.40162006
0.40163684
0.40165156
0.40166345
0.401672
0.40167686
0.40167764
0.4016743
0.40166736
0.4016575
0.40164572
0.40163314
0.4016208
0.40161005
0.40160203
0.40159774
0.40159738
0.4016008
0.40160707
0.4016148
0.40162244
0.40162846
0.401632
0.40163252
0.40162966
0.4016238
0.4016149
0.40160346
0.40159002
0.40157515
0.4015599
0.40154532
0.40153244
0.40152222
0.40151504
0.40151125
0.40151083
0.4015135
0.40151897
0.4015271
0.4015376
0.40155002
0.40156382
0.40157822
0.4015922
0.40160504
0.40161636
0.4016262
0.4016345
0.40164173
0.40164778
0.4016524
0.40165514
0.40165564
0.40165365
0.4016492
0.40164268
0.4016344
0.40162498
0.40161508
0.4016056
0.40159705
0.40158993
0.40158403
0.40157896
0.40157402
0.40156847
0.4015615
0.40155286
0.4015425
0.40153086
0.4015186
0.40150636
0.40149486
0.40148452
0.4014755
0.40146762
0.4014605
0.40145376
0.40144712
0.40144053
0.4014343
0.40142906
0.40142554
0.4014242
0.40142575
0.40143037
0.40143815
0.40144873
0.40146154
0.40147588
0.40149093
0.40150553
0.40151912
0.4015311
0.40154156
0.40155056
0.40155846
0.40156546
0.4015718
0.40157768
0.40158328
0.40158904
0.40159553
0.40160364
0.40161437
0.4016284
0.40164593
0.40166658
0.4016893
0.40171263
0.40173483
0.40175408
0.40176907
0.40177867
0.40178227
0.40177986
0.40177178
0.40175894
0.40174234
0.40172336
0.40170315
0.40168288
0.4016634
0.4016451
0.40162855
0.40161425
0.40160254
0.40159363
0.4015876
0.4015846
0.40158454
0.4015871
0.4015916
0.40159735
0.4016039
0.40161088
0.40161827
0.40162584
0.4016333
0.4016399
0.40164474
0.4016465
0.40164414
0.40163738
0.40162635
0.40161175
0.40159467
0.40157625
0.40155762
0.40153986
0.40152377
0.40150988
0.4014983
0.40148896
0.40148133
0.40147495
0.40146914
0.4014635
0.40145764
0.4014512
0.40144432
0.40143698
0.40142953
0.40142208
0.40141493
0.4014082
0.401402
0.40139648
0.4013916
0.40138745
0.4013844
0.40138286
0.4013832
0.40138596
0.40139124
0.4013991
0.4014096
0.4014225
0.40143755
0.4014542
0.4014715
0.40148863
0.4015046
0.4015185
0.4015298
0.40153816
0.40154412
0.40154824
0.40155146
0.4015543
0.40155715
0.40155992
0.40156236
0.40156403
0.40156475
0.40156472
0.40156436
0.40156433
0.40156507
0.40156692
0.40157026
0.40157542
0.40158245
0.40159088
0.4015998
0.40160772
0.4016132
0.40161476
0.40161142
0.40160316
0.4015904
0.40157428
0.40155607
0.40153763
0.40152064
0.40150657
0.40149668
0.40149197
0.40149274
0.4014992
0.4015109
0.40152723
0.40154704
0.4015692
0.4015922
0.40161467
0.40163523
0.40165287
0.40166724
0.40167832
0.40168676
0.401693
0.40169778
0.40170145
0.40170366
0.40170386
0.40170115
0.4016946
0.40168387
0.40166894
0.40165058
0.40163
0.40160853
0.40158752
0.40156817
0.4015513
0.4015376
0.40152723
0.40151995
0.40151533
0.40151256
0.40151095
0.40150973
0.40150842
0.40150645
0.40150386
0.4015009
0.40149817
0.40149635
0.40149555
0.40149593
0.40149742
0.4014993
0.40150157
0.40150398
0.40150675
0.40151015
0.4015144
0.40151972
0.40152627
0.40153393
0.4015427
0.40155193
0.40156147
0.40157086
0.4015802
0.4015894
0.4015981
0.40160567
0.4016115
0.40161493
0.40161553
0.40161312
0.4016081
0.4016008
0.40159178
0.40158144
0.40157023
0.40155837
0.40154657
0.40153518
0.40152484
0.40151638
0.40151024
0.40150675
0.40150627
0.4015087
0.40151376
0.40152106
0.4015298
0.4015391
0.40154797
0.4015554
0.40156063
0.40156347
0.40156403
0.40156263
0.40155998
0.40155658
0.40155306
0.4015498
0.40154678
0.4015442
0.40154168
0.40153903
0.4015361
0.4015331
0.4015302
0.40152776
0.40152586
0.40152448
0.40152362
0.40152305
0.40152252
0.40152192
0.40152106
0.40151998
0.40151876
0.40151784
0.40151766
0.40151864
0.40152124
0.40152577
0.40153244
0.40154126
0.401552
0.40156403
0.40157658
0.40158877
0.40159944
0.401608
0.40161386
0.4016173
0.40161866
0.40161866
0.40161765
0.40161607
0.40161392
0.40161163
0.40160945
0.40160784
0.40160713
0.40160757
0.40160936
0.40161285
0.40161818
0.40162513
0.4016333
0.40164208
0.40165085
0.40165913
0.4016661
0.40167105
0.4016733
0.4016722
0.401668
0.40166092
0.40165177
0.40164155
0.4016313
0.40162182
0.40161383
0.4016074
0.4016025
0.4015986
0.4015948
0.4015904
0.40158486
0.4015781
0.4015704
0.40156257
0.40155488
0.40154797
0.401542
0.40153706
0.4015331
0.40153006
0.4015279
0.40152672
0.40152663
0.40152782
0.40153033
0.40153444
0.40154022
0.4015477
0.4015565
0.40156618
0.40157613
0.40158564
0.40159416
0.40160084
0.40160534
0.40160745
0.40160748
0.40160593
0.4016034
0.40160048
0.40159762
0.4015951
0.4015928
0.40159068
0.40158838
0.40158564
0.40158242
0.40157887
0.40157533
0.40157208
0.40156966
0.40156826
0.40156847
0.4015706
0.4015747
0.40158084
0.4015886
0.40159783
0.40160847
0.40162063
0.40163437
0.4016498
0.40166688
0.40168524
0.40170476
0.40172485
0.40174505
0.40176442
0.40178227
0.40179756
0.40180963
0.40181804
0.40182236
0.40182248
0.40181872
0.4018114
0.4018016
0.40179014
0.40177828
0.4017667
0.40175572
0.40174505
0.40173405
0.40172184
0.4017074
0.4016902
0.40166992
0.40164706
0.40162233
0.40159687
0.40157196
0.40154862
0.401528
0.40151098
0.40149817
0.40149
0.4014866
0.40148798
0.40149406
0.40150443
0.4015189
0.40153703
0.4015581
0.4015814
0.40160567
0.40162945
0.40165105
0.4016692
0.401683
0.40169206
0.4016968
0.40169787
0.40169623
0.40169308
0.40168917
0.40168485
0.40168014
0.40167457
0.40166745
0.40165818
0.4016465
0.4016324
0.40161636
0.40159914
0.40158165
0.40156454
0.40154913
0.40153638
0.40152705
0.40152183
0.4015209
0.4015239
0.40153036
0.4015393
0.40154994
0.40156123
0.40157205
0.40158126
0.40158775
0.40159082
0.40158993
0.40158543
0.40157798
0.40156883
0.40155926
0.40155044
0.40154356
0.40153936
0.40153867
0.4015421
0.40154958
0.40156123
0.40157634
0.4015945
0.4016146
0.40163532
0.40165526
0.4016731
0.40168798
0.4016988
0.4017052
0.40170693
0.40170333
0.40169454
0.4016806
0.40166238
0.4016408
0.40161747
0.40159392
0.4015719
0.40155268
0.40153757
0.40152732
0.4015221
0.40152177
0.40152562
0.40153265
0.40154165
0.40155125
0.4015602
0.40156728
0.4015719
0.40157396
0.40157396
0.40157256
0.40157056
0.4015686
0.40156722
0.40156662
0.40156713
0.4015689
0.40157205
0.40157685
0.4015836
0.40159264
0.4016039
0.40161732
0.40163216
0.40164793
0.4016641
0.4016802
0.40169564
0.40170977
0.4017219
0.40173143
0.40173826
0.4017425
0.40174478
0.40174538
0.40174446
0.40174174
0.4017368
0.40172926
0.40171903
0.40170655
0.4016924
0.40167746
0.4016628
0.4016488
0.40163568
0.4016232
0.40161097
0.4015985
0.4015859
0.40157324
0.40156078
0.40154928
0.40153953
0.40153226
0.40152833
0.40152812
0.40153188
0.40153936
0.40155023
0.40156394
0.40157983
0.4015971
0.4016146
0.4016313
0.4016459
0.40165752
0.4016659
0.40167108
0.40167367
0.4016747
0.40167516
0.40167624
0.40167868
0.40168318
0.40169027
0.40170002
0.40171203
0.4017258
0.40174046
0.4017548
0.40176743
0.4017772
0.40178308
0.40178424
0.40178016
0.40177053
0.40175584
0.40173662
0.40171403
0.40168935
0.40166402
0.40163958
0.4016173
0.40159792
0.4015823
0.40157077
0.40156338
0.40156043
0.40156183
0.40156728
0.40157658
0.40158892
0.40160325
0.40161827
0.4016325
0.4016445
0.4016531
0.40165767
0.40165794
0.40165415
0.40164703
0.40163758
0.40162662
0.40161496
0.4016031
0.40159136
0.40158
0.4015693
0.4015594
0.40155053
0.4015426
0.4015355
0.40152872
0.40152192
0.40151483
0.40150756
0.4015004
0.40149382
0.4014882
0.40148368
0.40148026
0.40147775
0.4014765
0.4014769
0.40147996
0.40148655
0.40149742
0.40151304
0.40153334
0.40155795
0.40158606
0.40161657
0.40164813
0.40167907
0.40170744
0.40173137
0.4017493
0.40176016
0.40176332
0.401759
0.4017478
0.4017309
0.4017101
0.40168738
0.4016648
0.40164408
0.4016266
0.40161312
0.40160397
0.401599
0.40159792
0.4016001
0.40160516
0.40161234
0.40162072
0.40162924
0.40163663
0.40164185
0.4016442
0.40164366
0.40164068
0.40163592
0.40162998
0.40162352
0.4016169
0.40161046
0.40160474
0.4016002
0.40159738
0.4015967
0.40159822
0.40160167
0.40160662
0.4016123
0.4016179
0.40162274
0.40162668
0.40162966
0.4016323
0.40163508
0.4016388
0.40164378
0.40164998
0.40165713
0.40166473
0.40167218
0.4016788
0.4016836
0.40168586
0.4016851
0.4016812
0.4016746
0.4016656
0.40165457
0.4016421
0.40162858
0.4016145
0.40160018
0.4015858
0.40157163
0.40155795
0.4015454
0.4015345
0.40152577
0.40151966
0.40151623
0.40151578
0.40151817
0.40152347
0.4015314
0.40154198
0.40155494
0.4015705
0.40158856
0.40160894
0.401631
0.40165374
0.4016757
0.40169546
0.40171143
0.4017226
0.40172818
0.40172789
0.401722
0.40171143
0.4016973
0.40168133
0.4016653
0.40165085
0.40163943
0.4016323
0.4016306
0.4016349
0.4016453
0.40166157
0.40168285
0.40170786
0.4017353
0.40176344
0.40179038
0.40181458
0.40183443
0.4018488
0.40185687
0.40185836
0.40185323
0.40184173
0.40182436
0.40180206
0.40177622
0.40174836
0.4017204
0.4016943
0.4016718
0.40165445
0.40164316
0.40163866
0.4016408
0.40164906
0.40166214
0.40167844
0.4016959
0.40171292
0.40172794
0.40174007
0.40174884
0.40175432
0.40175703
0.40175784
0.4017579
0.40175813
0.4017592
0.40176153
0.40176493
0.4017695
0.40177527
0.40178266
0.40179217
0.4018042
0.40181854
0.4018349
0.40185246
0.40187016
0.40188694
0.40190205
0.4019145
0.40192348
0.40192822
0.40192825
0.40192318
0.4019126
0.40189654
0.4018753
0.4018494
0.4018198
0.40178758
0.40175402
0.40172043
0.40168798
0.40165758
0.40162995
0.40160546
0.40158486
0.40156835
0.40155616
0.401548
0.40154335
0.4015414
0.4015412
0.40154156
0.4015417
0.40154117
0.4015399
0.4015386
0.40153787
0.4015385
0.40154102
0.40154612
0.40155387
0.4015641
0.4015764
0.40158984
0.40160343
0.40161595
0.40162602
0.40163276
0.40163574
0.40163487
0.4016308
0.40162456
0.40161738
0.4016105
0.401605
0.40160212
0.4016026
0.40160725
0.40161598
0.40162855
0.40164408
0.40166134
0.4016786
0.4016943
0.40170673
0.4017146
0.40171716
0.40171418
0.40170598
0.40169355
0.40167817
0.40166143
0.40164495
0.40163007
0.40161774
0.4016085
0.40160245
0.40159884
0.40159717
0.40159622
0.40159523
0.40159357
0.40159085
0.40158674
0.40158153
0.40157562
0.40156972
0.40156466
0.40156093
0.40155914
0.40155944
0.401562
0.4015668
0.40157375
0.40158275
0.40159363
0.40160567
0.40161806
0.40162957
0.40163884
0.4016447
0.4016465
0.4016436
0.40163645
0.40162572
0.4016122
0.4015969
0.40158075
0.40156522
0.4015516
0.40154096
0.40153426
0.40153217
0.4015349
0.40154243
0.4015543
0.40156966
0.40158784
0.40160766
0.40162802
0.40164787
0.401666
0.4016816
0.40169424
0.40170383
0.40171096
0.40171617
0.4017205
0.40172467
0.40172905
0.4017336
0.40173808
0.40174228
0.40174595
0.4017488
0.40175083
0.4017517
0.40175104
0.4017484
0.40174335
0.4017356
0.40172505
0.40171206
0.40169707
0.40168107
0.40166524
0.40165105
0.4016398
0.4016324
0.40162942
0.40163097
0.40163702
0.40164742
0.40166143
0.40167823
0.40169662
0.40171495
0.4017316
0.40174496
0.4017536
0.40175664
0.4017536
0.40174463
0.40173024
0.4017115
0.40168968
0.40166637
0.40164304
0.40162095
0.40160108
0.40158388
0.40156966
0.4015583
0.4015495
0.40154287
0.40153787
0.4015339
0.40153053
0.40152764
0.40152526
0.40152407
0.40152466
0.4015276
0.40153328
0.40154186
0.4015535
0.4015683
0.40158582
0.4016054
0.40162602
0.40164623
0.4016643
0.40167853
0.40168753
0.40169054
0.40168715
0.4016779
0.4016639
0.40164652
0.4016276
0.4016086
0.401591
0.40157592
0.40156394
0.40155536
0.40154976
0.40154642
0.4015444
0.40154245
0.40153986
0.4015361
0.40153098
0.4015248
0.40151823
0.4015119
0.40150657
0.40150315
0.40150228
0.4015046
0.40151036
0.40151972
0.40153238
0.40154788
0.40156513
0.4015829
0.4015998
0.4016144
0.40162548
0.40163234
0.40163472
0.40163302
0.40162796
0.4016204
0.40161142
0.401602
0.40159318
0.40158552
0.4015797
0.40157598
0.40157396
0.4015731
0.40157256
0.40157145
0.4015694
0.40156627
0.4015623
0.4015579
0.40155318
0.40154797
0.40154192
0.40153477
0.40152657
0.40151784
0.4015096
0.40150294
0.40149865
0.40149742
0.4014997
0.40150553
0.4015151
0.40152824
0.401545
0.40156466
0.40158686
0.40161064
0.4016349
0.40165824
0.40167922
0.4016964
0.40170914
0.40171674
0.40171948
0.40171757
0.4017117
0.40170273
0.4016912
0.40167773
0.4016627
0.40164647
0.40162945
0.40161225
0.4015957
0.4015806
0.4015677
0.40155762
0.40155053
0.40154633
0.4015448
0.4015454
0.40154737
0.40154994
0.40155256
0.4015547
0.4015561
0.40155697
0.40155774
0.40155923
0.40156224
0.4015674
0.40157512
0.40158555
0.40159854
0.40161344
0.4016292
0.40164456
0.4016581
0.40166852
0.40167484
0.40167654
0.40167344
0.4016658
0.4016542
0.40163958
0.40162274
0.40160465
0.40158576
0.4015665
0.40154737
0.40152875
0.40151083
0.40149406
0.4014787
0.4014652
0.4014537
0.40144432
0.40143687
0.401431
0.4014262
0.40142208
0.40141833
0.40141493
0.4014123
0.4014108
0.4014111
0.40141332
0.4014178
0.40142438
0.40143302
0.40144345
0.40145546
0.40146905
0.40148425
0.40150085
0.4015185
0.4015365
0.40155384
0.40156925
0.40158156
0.40158975
0.4015934
0.40159276
0.40158835
0.40158138
0.4015731
0.4015647
0.4015573
0.4015516
0.40154815
0.40154698
0.4015482
0.40155154
0.40155685
0.4015641
0.40157345
0.40158486
0.40159842
0.40161386
0.40163112
0.40164942
0.401668
0.40168568
0.40170106
0.4017133
0.4017216
0.40172586
0.40172654
0.40172473
0.40172157
0.4017184
0.4017164
0.40171638
0.40171838
0.4017221
0.40172648
0.4017304
0.40173244
0.40173197
0.40172848
0.40172207
0.4017133
0.40170282
0.40169132
0.4016794
0.40166736
0.40165538
0.40164354
0.4016322
0.4016218
0.4016128
0.40160593
0.40160203
0.40160167
0.401605
0.40161178
0.40162158
0.4016336
0.4016468
0.4016604
0.401674
0.40168753
0.40170118
0.40171495
0.40172884
0.40174237
0.4017547
0.40176493
0.40177208
0.40177575
0.4017757
0.40177214
0.4017653
0.40175575
0.4017437
0.40172932
0.4017126
0.40169352
0.40167245
0.40164986
0.40162662
0.40160367
0.40158197
0.40156224
0.40154552
0.40153244
0.40152356
0.4015191
0.40151906
0.4015232
0.4015311
0.4015423
0.40155622
0.4015722
0.40158945
0.40160695
0.40162352
0.4016376
0.40164846
0.40165564
0.40165922
0.4016601
0.40165922
0.40165755
0.40165588
0.4016546
0.4016537
0.4016529
0.40165156
0.40164855
0.40164295
0.40163395
0.40162143
0.40160567
0.40158752
0.4015683
0.40154952
0.40153238
0.40151823
0.401508
0.4015022
0.40150106
0.4015045
0.40151203
0.40152287
0.40153593
0.40154988
0.40156305
0.4015739
0.4015811
0.40158352
0.4015812
0.4015746
0.40156496
0.40155375
0.40154243
0.40153235
0.40152457
0.4015198
0.4015184
0.40152022
0.401525
0.40153202
0.40154055
0.4015501
0.40155992
0.40156934
0.4015776
0.40158442
0.40158954
0.40159297
0.4015949
0.40159556
0.40159518
0.401594
0.4015922
0.40159026
0.40158877
0.4015886
0.40159026
0.4015941
0.40160042
0.401609
0.40161934
0.40163082
0.4016423
0.4016527
0.40166074
0.4016653
0.4016656
0.40166125
0.40165254
0.40164033
0.40162584
0.40161046
0.4015957
0.4015829
0.40157288
0.40156615
0.40156278
0.40156287
0.40156645
0.40157342
0.4015839
0.40159777
0.4016145
0.40163326
0.40165284
0.40167147
0.4016874
0.40169916
0.4017055
0.40170586
0.4017002
0.40168917
0.4016739
0.40165564
0.40163592
0.4016161
0.40159732
0.4015804
0.4015659
0.40155396
0.40154463
0.4015375
0.40153217
0.40152818
0.4015251
0.40152255
0.40152013
0.40151787
0.40151545
0.4015127
0.40150973
0.40150645
0.4015028
0.40149906
0.40149504
0.4014912
0.40148747
0.40148395
0.401481
0.4014791
0.40147868
0.40148
0.40148324
0.40148833
0.4014949
0.40150252
0.40151063
0.4015188
0.40152687
0.40153477
0.4015431
0.40155232
0.4015628
0.4015746
0.40158743
0.40160048
0.40161285
0.4016234
0.4016316
0.40163726
0.40164074
0.40164283
0.40164468
0.40164736
0.4016517
0.40165818
0.40166676
0.40167683
0.40168738
0.40169728
0.4017055
0.40171131
0.40171435
0.40171462
0.4017125
0.40170887
0.40170464
0.40170062
0.40169787
0.4016968
0.40169722
0.40169862
0.40169972
0.40169963
0.40169728
0.40169218
0.4016843
0.40167397
0.4016616
0.4016476
0.40163234
0.40161595
0.4015991
0.40158227
0.40156633
0.40155214
0.4015408
0.4015331
0.40152982
0.4015313
0.4015377
0.4015487
0.4015638
0.40158236
0.4016033
0.4016256
0.40164825
0.4016701
0.40169027
0.40170828
0.4017239
0.40173766
0.40174994
0.40176153
0.4017728
0.4017836
0.4017935
0.40180182
0.40180808
0.401812
0.40181345
0.40181255
0.40180957
0.40180475
0.4017982
0.40178978
0.40177897
0.4017653
0.4017483
0.40172783
0.4017042
0.40167773
0.40164933
0.4016195
0.40158916
0.40155905
0.40153012
0.4015032
0.40147907
0.40145823
0.40144113
0.40142772
0.40141788
0.40141124
0.40140724
0.40140536
0.40140504
0.40140566
0.40140697
0.40140873
0.4014111
0.40141436
0.40141916
0.40142602
0.40143532
0.40144712
0.40146095
0.4014763
0.40149197
0.4015068
0.40151936
0.40152875
0.4015344
0.40153652
0.40153578
0.4015332
0.40152976
0.4015263
0.4015233
0.401521
0.4015191
0.40151733
0.40151516
0.40151212
0.401508
0.4015028
0.4014971
0.40149137
0.40148625
0.4014822
0.40148017
0.40148053
0.40148342
0.40148917
0.40149742
0.4015075
0.40151867
0.4015295
0.40153873
0.40154517
0.40154815
0.40154743
0.40154338
0.4015367
0.40152824
0.4015185
0.40150806
0.40149716
0.40148625
0.40147555
0.40146533
0.40145525
0.40144545
0.4014358
0.4014263
0.4014173
0.40140927
0.40140262
0.4013979
0.4013954
0.4013954
0.4013977
0.40140218
0.40140843
0.40141603
0.40142456
0.40143353
0.4014427
0.40145192
0.40146095
0.40147
0.4014793
0.4014893
0.4015004
0.4015129
0.40152663
0.40154153
0.4015572
0.40157342
0.40158978
0.401606
0.40162155
0.40163594
0.40164843
0.40165803
0.40166405
0.40166587
0.40166348
0.40165707
0.4016471
0.40163472
0.40162107
0.40160757
0.40159535
0.4015855
0.40157896
0.40157658
0.40157837
0.40158454
0.40159467
0.40160805
0.40162396
0.40164137
0.40165973
0.4016785
0.40169737
0.40171576
0.401733
0.40174815
0.40176043
0.40176937
0.40177476
0.40177664
0.4017755
0.40177238
0.40176803
0.40176353
0.4017596
0.40175635
0.40175363
0.40175077
0.4017473
0.40174267
0.40173694
0.40173033
0.40172324
0.40171623
0.40170968
0.40170342
0.40169716
0.40169
0.40168136
0.40167072
0.4016582
0.40164423
0.40162954
0.40161508
0.40160164
0.40158978
0.40157968
0.40157112
0.40156385
0.40155718
0.40155053
0.40154353
0.40153605
0.40152827
0.4015204
0.40151304
0.40150672
0.40150198
0.40149933
0.4014994
0.40150255
0.40150914
0.4015194
0.40153354
0.4015512
0.40157172
0.40159434
0.40161765
0.40164036
0.40166074
0.40167764
0.4016898
0.4016966
0.4016977
0.4016934
0.40168414
0.40167058
0.40165362
0.40163368
0.4016116
0.401588
0.401564
0.40154076
0.40151936
0.40150064
0.40148535
0.4014743
0.40146777
0.4014662
0.4014697
0.40147844
0.40149233
0.401511
0.40153387
0.40155977
0.40158734
0.40161473
0.40164
0.40166137
0.40167707
0.4016862
0.40168798
0.40168235
0.40166962
0.40165058
0.40162665
0.40159938
0.4015706
0.4015421
0.4015152
0.4014912
0.40147105
0.40145507
0.4014434
0.4014361
0.40143278
0.4014331
0.40143666
0.40144274
0.40145087
0.4014604
0.40147093
0.4014822
0.4014944
0.4015074
0.401521
0.40153477
0.40154812
0.40156
0.4015695
0.40157554
0.40157738
0.40157503
0.40156895
0.40156046
0.4015509
0.40154183
0.40153477
0.4015308
0.40153083
0.40153524
0.4015444
0.40155795
0.4015758
0.40159732
0.40162167
0.4016477
0.401674
0.40169898
0.401721
0.40173876
0.4017509
0.40175664
0.40175584
0.40174842
0.40173522
0.40171742
0.4016967
0.40167484
0.4016534
0.40163386
0.4016171
0.4016037
0.4015939
0.40158767
0.40158513
0.40158582
0.4015893
0.4015948
0.40160155
0.4016085
0.40161496
0.4016203
0.40162414
0.40162644
0.40162754
0.40162814
0.40162927
0.40163162
0.40163612
0.40164316
0.40165305
0.40166533
0.40167937
0.40169403
0.40170804
0.40172017
0.40172967
0.4017361
0.40173966
0.40174085
0.40174037
0.40173906
0.4017372
0.4017348
0.40173128
0.40172595
0.40171847
0.4017084
0.4016958
0.4016808
0.40166342
0.40164384
0.40162233
0.40159953
0.40157616
0.40155327
0.4015314
0.40151134
0.4014938
0.4014794
0.40146863
0.40146202
0.40145957
0.40146154
0.40146768
0.40147784
0.40149158
0.40150836
0.40152723
0.40154693
0.4015662
0.4015835
0.40159786
0.4016085
0.40161532
0.40161857
0.40161896
0.40161714
0.40161374
0.40160927
0.40160388
0.40159777
0.40159118
0.40158457
0.4015786
0.40157402
0.4015715
0.4015717
0.4015748
0.40158102
0.40159014
0.40160167
0.40161508
0.40163
0.4016463
0.40166393
0.4016833
0.4017042
0.4017269
0.40175074
0.401775
0.4017985
0.40182012
0.40183896
0.40185422
0.40186536
0.40187204
0.4018739
0.40187064
0.40186214
0.4018486
0.40183067
0.4018091
0.401785
0.4017595
0.4017337
0.40170842
0.4016843
0.40166205
0.40164226
0.401626
0.4016142
0.40160766
0.4016068
0.40161148
0.4016212
0.4016347
0.40165034
0.40166616
0.4016803
0.4016908
0.40169644
0.4016964
0.40169078
0.40167978
0.40166458
0.40164632
0.40162668
0.40160733
0.4015899
0.40157565
0.40156513
0.40155867
0.4015561
0.40155712
0.40156117
0.4015677
0.40157598
0.4015852
0.40159446
0.40160304
0.4016104
0.401616
0.40162003
0.40162298
0.40162554
0.40162873
0.40163344
0.40164024
0.40164933
0.40166053
0.4016733
0.40168673
0.4016997
0.4017115
0.40172145
0.40172908
0.40173402
0.40173587
0.40173444
0.40173024
0.40172416
0.40171725
0.4017108
0.4017058
0.40170252
0.40170106
0.40170088
0.40170085
0.40170017
0.40169787
0.40169352
0.40168694
0.40167838
0.40166846
0.40165812
0.4016482
0.40163922
0.40163127
0.40162387
0.40161654
0.40160847
0.40159905
0.40158793
0.40157533
0.4015615
0.40154737
0.4015339
0.40152222
0.40151322
0.4015075
0.40150517
0.4015062
0.4015103
0.4015172
0.40152678
0.401539
0.40155345
0.40156966
0.4015865
0.40160277
0.40161693
0.4016278
0.40163445
0.40163648
0.40163377
0.4016268
0.40161645
0.40160376
0.4015898
0.40157548
0.4015614
0.4015483
0.4015367
0.40152696
0.40151945
0.40151438
0.40151185
0.40151188
0.40151438
0.40151912
0.40152615
0.40153483
0.40154487
0.4015556
0.40156633
0.4015764
0.4015851
0.4015921
0.40159765
0.40160245
0.40160742
0.40161368
0.401622
0.40163293
0.4016465
0.4016624
0.40167996
0.40169847
0.40171683
0.40173382
0.40174803
0.40175796
0.4017624
0.4017607
0.4017526
0.40173823
0.40171856
0.40169483
0.40166864
0.40164185
0.40161598
0.40159243
0.40157253
0.40155688
0.40154603
0.40153965
0.40153754
0.4015391
0.40154377
0.4015509
0.40156013
0.40157112
0.40158406
0.4015988
0.40161505
0.40163195
0.40164846
0.40166304
0.40167424
0.40168083
0.40168217
0.40167806
0.4016692
0.40165627
0.4016407
0.40162376
0.40160653
0.40159002
0.40157494
0.4015617
0.4015505
0.40154162
0.4015353
0.4015315
0.4015301
0.4015307
0.40153283
0.4015356
0.40153816
0.40153956
0.401539
0.40153593
0.4015303
0.40152246
0.40151322
0.40150356
0.4014948
0.40148783
0.4014837
0.4014833
0.40148723
0.4014959
0.40150917
0.4015267
0.40154785
0.40157166
0.40159705
0.40162262
0.4016469
0.40166846
0.40168595
0.40169844
0.40170538
0.40170658
0.40170243
0.4016937
0.40168133
0.40166646
0.40165028
0.4016336
0.40161723
0.40160224
0.40158948
0.4015797
0.40157357
0.40157136
0.40157297
0.40157804
0.40158564
0.40159473
0.4016039
0.40161207
0.40161833
0.40162227
0.40162396
0.4016239
0.40162277
0.4016214
0.40162027
0.40161952
0.4016191
0.40161866
0.40161765
0.40161547
0.4016112
0.4016044
0.4015949
0.40158308
0.4015698
0.40155596
0.40154225
0.40152916
0.4015168
0.4015052
0.40149385
0.4014827
0.40147153
0.4014605
0.4014501
0.40144062
0.40143234
0.40142554
0.40142044
0.40141714
0.4014157
0.40141606
0.40141833
0.40142232
0.40142822
0.40143612
0.401446
0.4014579
0.40147156
0.40148675
0.40150326
0.40152073
0.40153867
0.40155655
0.40157342
0.40158832
0.4016
0.4016077
0.40161088
0.40160945
0.40160385
0.40159467
0.4015829
0.4015694
0.40155497
0.4015403
0.40152568
0.40151158
0.4014982
0.40148625
0.40147623
0.4014689
0.4014649
0.40146482
0.4014687
0.40147632
0.40148696
0.40149966
0.40151316
0.4015264
0.4015383
0.40154827
0.40155643
0.401563
0.40156886
0.40157452
0.40158018
0.40158582
0.40159106
0.40159532
0.40159822
0.4015998
0.40160048
0.40160075
0.40160134
0.40160295
0.40160578
0.40161014
0.40161586
0.40162307
0.40163177
0.40164188
0.40165323
0.40166545
0.40167794
0.40168986
0.40170035
0.40170828
0.40171245
0.40171203
0.40170652
0.40169564
0.4016796
0.4016591
0.40163505
0.40160865
0.40158153
0.4015551
0.40153074
0.40150946
0.40149185
0.40147823
0.40146855
0.40146247
0.40145966
0.40145943
0.40146112
0.40146413
0.40146837
0.4014736
0.40147963
0.40148625
0.40149316
0.40149996
0.40150616
0.40151143
0.40151542
0.40151817
0.40151957
0.40151972
0.40151867
0.4015168
0.4015146
0.40151262
0.4015117
0.40151244
0.4015156
0.40152165
0.40153122
0.40154454
0.40156212
0.40158394
0.40160936
0.40163767
0.4016676
0.40169752
0.4017257
0.40175062
0.4017708
0.40178517
0.40179297
0.40179378
0.40178743
0.40177444
0.40175548
0.4017316
0.4017041
0.40167472
0.40164503
0.40161654
0.4015905
0.40156797
0.4015495
0.40153578
0.40152663
0.40152207
0.40152144
0.40152395
0.40152878
0.40153491
0.40154132
0.4015473
0.40155217
0.40155542
0.40155682
0.40155607
0.4015535
0.40154916
0.40154386
0.40153822
0.4015329
0.40152827
0.4015252
0.40152407
0.40152577
0.4015309
0.40154004
0.40155387
0.40157247
0.40159535
0.40162182
0.40165043
0.4016794
0.40170702
0.40173137
0.40175098
0.40176463
0.4017717
0.40177193
0.40176547
0.40175292
0.40173507
0.40171307
0.40168828
0.40166214
0.40163592
0.40161076
0.4015877
0.40156728
0.40154988
0.4015357
0.40152448
0.40151593
0.40150946
0.40150467
0.40150124
0.40149897
0.40149796
0.40149838
0.40150064
0.40150508
0.40151227
0.40152213
0.4015349
0.40154985
0.4015666
0.4015841
0.40160164
0.40161824
0.40163362
0.4016478
0.4016611
0.40167424
0.40168762
0.4017013
0.40171495
0.4017279
0.4017395
0.40174934
0.40175694
0.40176255
0.40176606
0.40176788
0.40176845
0.40176782
0.40176624
0.40176362
0.40175974
0.40175417
0.40174657
0.40173683
0.4017249
0.40171078
0.4016949
0.4016777
0.40165988
0.4016423
0.40162575
0.40161076
0.40159762
0.4015866
0.40157792
0.4015716
0.40156767
0.4015654
0.40156412
0.40156287
0.40156093
0.401558
0.40155396
0.4015492
0.401544
0.40153936
0.40153614
0.40153506
0.40153667
0.4015412
0.40154856
0.40155855
0.40157083
0.40158516
0.40160108
0.40161765
0.40163386
0.40164846
0.40166047
0.40166953
0.40167534
0.40167812
0.4016785
0.40167686
0.4016738
0.40166909
0.40166265
0.40165418
0.40164348
0.40163115
0.4016176
0.40160388
0.40159118
0.4015804
0.40157217
0.4015668
0.4015643
0.40156442
0.40156692
0.40157145
0.40157786
0.40158594
0.40159556
0.4016062
0.40161696
0.4016269
0.40163475
0.4016395
0.4016404
0.40163726
0.40163028
0.40161997
0.40160725
0.4015927
0.40157723
0.40156147
0.4015459
0.40153098
0.4015168
0.40150374
0.40149176
0.401481
0.40147153
0.40146333
0.40145677
0.40145174
0.40144846
0.40144694
0.40144703
0.40144864
0.4014518
0.40145645
0.40146258
0.40147004
0.40147862
0.40148807
0.40149817
0.4015086
0.40151903
0.40152866
0.40153658
0.4015421
0.4015442
0.40154293
0.40153807
0.40153039
0.40152055
0.40150952
0.40149832
0.4014876
0.40147802
0.40147
0.40146393
0.4014598
0.4014578
0.4014579
0.40145984
0.40146366
0.40146896
0.40147546
0.40148267
0.4014904
0.4014983
0.40150627
0.4015139
0.40152088
0.40152654
0.40153039
0.40153208
0.40153164
0.4015298
0.40152737
0.4015254
0.40152484
0.40152618
0.40152967
0.40153515
0.40154213
0.40154985
0.4015576
0.40156505
0.40157208
0.401579
0.40158617
0.40159383
0.40160233
0.40161183
0.40162197
0.40163234
0.40164226
0.4016511
0.4016582
0.40166304
0.40166578
0.40166646
0.40166545
0.40166312
0.40165988
0.4016557
0.40165046
0.40164384
0.40163586
0.4016268
0.40161705
0.40160713
0.40159765
0.40158904
0.40158162
0.40157577
0.40157148
0.4015687
0.40156737
0.40156722
0.4015686
0.40157223
0.40157956
0.40159255
0.40161383
0.40164673
0.40169564
0.40176642
0.401867
0.40200832
0.40220672
0.4024838
0.40286824
0.4034011
0.40413943
0.40516102
0.40657204
0.40851465
0.41121027
0.41488317
0.4198433
0.42656422
0.43568876
0.4478285
