0.4424903
0.4319589
0.42405465
0.41809914
0.41364956
0.4103608
0.40794954
0.40617496
0.40487614
0.4039345
0.4032537
0.40276578
0.40242013
0.40217903
0.4020144
0.40190554
0.40183654
0.40179542
0.40177298
0.40176213
0.40175787
0.40175658
0.40175617
0.40175542
0.40175405
0.4017521
0.40175042
0.40174967
0.40175053
0.40175328
0.40175793
0.40176415
0.40177178
0.40177992
0.40178764
0.401794
0.40179804
0.40179905
0.4017966
0.40179062
0.40178123
0.4017692
0.40175518
0.40174022
0.4017252
0.4017107
0.40169737
0.40168583
0.4016768
0.40167055
0.40166706
0.40166563
0.40166533
0.401665
0.4016639
0.40166178
0.40165898
0.40165627
0.4016545
0.40165445
0.40165642
0.40166068
0.40166682
0.40167433
0.40168247
0.4016905
0.40169796
0.40170467
0.40171048
0.40171528
0.401719
0.4017217
0.4017233
0.40172377
0.4017227
0.4017193
0.401713
0.4017031
0.4016894
0.40167218
0.40165192
0.40162966
0.4016068
0.4015847
0.40156472
0.40154764
0.4015342
0.40152448
0.40151823
0.40151486
0.40151355
0.40151364
0.40151465
0.40151647
0.40151912
0.40152287
0.40152752
0.40153304
0.40153915
0.40154526
0.4015509
0.40155566
0.4015596
0.401563
0.4015669
0.40157235
0.40158042
0.40159193
0.40160745
0.40162706
0.40165052
0.4016774
0.40170667
0.4017368
0.40176612
0.4017929
0.40181565
0.40183344
0.40184578
0.40185264
0.4018543
0.4018514
0.40184456
0.40183428
0.40182143
0.40180677
0.40179142
0.40177622
0.4017621
0.4017494
0.4017385
0.4017291
0.40172136
0.40171513
0.4017102
0.4017065
0.4017037
0.40170118
0.40169847
0.4016949
0.40169027
0.40168485
0.40167925
0.4016743
0.40167066
0.40166873
0.40166846
0.4016693
0.40167022
0.40166992
0.40166718
0.40166137
0.4016523
0.4016406
0.4016274
0.40161398
0.40160167
0.4015916
0.40158424
0.40157992
0.40157855
0.40157992
0.40158394
0.40159014
0.4015982
0.40160736
0.40161666
0.40162498
0.40163127
0.4016349
0.40163565
0.4016338
0.40162984
0.4016248
0.40161973
0.4016155
0.4016126
0.4016111
0.4016105
0.40161005
0.40160912
0.40160725
0.40160418
0.40160012
0.40159538
0.4015906
0.4015862
0.40158316
0.40158197
0.40158305
0.40158662
0.4015925
0.40160078
0.40161157
0.4016253
0.4016425
0.4016633
0.40168753
0.40171453
0.40174314
0.40177178
0.4017985
0.40182143
0.40183914
0.40185043
0.40185463
0.4018516
0.40184164
0.40182567
0.40180507
0.40178126
0.40175623
0.40173173
0.40170932
0.40169024
0.4016751
0.40166408
0.4016566
0.4016518
0.40164846
0.4016456
0.4016426
0.4016393
0.40163612
0.40163317
0.4016307
0.4016285
0.40162662
0.40162498
0.40162385
0.40162352
0.4016242
0.40162587
0.4016287
0.40163252
0.40163702
0.4016417
0.40164593
0.40164912
0.40165088
0.40165126
0.40165076
0.40165004
0.40165004
0.40165144
0.4016546
0.40165913
0.4016641
0.40166837
0.4016705
0.40166935
0.40166456
0.401656
0.40164438
0.40163052
0.40161574
0.4016014
0.4015887
0.40157878
0.4015723
0.4015698
0.40157145
0.40157664
0.40158463
0.4015942
0.40160394
0.40161246
0.40161857
0.40162182
0.40162227
0.40162063
0.4016176
0.4016139
0.4016102
0.40160713
0.40160528
0.4016051
0.401607
0.40161118
0.40161765
0.40162623
0.40163642
0.40164757
0.40165868
0.40166867
0.4016761
0.4016796
0.40167817
0.40167105
0.4016582
0.40163973
0.40161678
0.40159038
0.40156204
0.40153328
0.40150553
0.4014799
0.4014574
0.40143856
0.4014238
0.4014132
0.40140647
0.40140322
0.40140277
0.40140465
0.40140826
0.4014131
0.40141892
0.4014257
0.40143347
0.4014426
0.40145332
0.40146592
0.40148026
0.40149626
0.40151352
0.40153176
0.40155044
0.4015691
0.40158674
0.40160242
0.4016149
0.4016234
0.40162736
0.40162688
0.40162235
0.40161481
0.40160558
0.40159586
0.40158698
0.40157968
0.40157437
0.40157107
0.4015695
0.40156937
0.40157008
0.40157112
0.40157223
0.40157324
0.4015744
0.40157586
0.40157795
0.40158075
0.40158466
0.40158978
0.40159613
0.4016034
0.40161136
0.40161946
0.40162697
0.40163323
0.40163776
0.40164047
0.40164182
0.40164253
0.40164346
0.4016453
0.40164843
0.40165272
0.40165767
0.4016623
0.40166545
0.4016659
0.4016627
0.40165547
0.40164423
0.4016295
0.40161222
0.4015933
0.40157375
0.40155458
0.40153652
0.40152037
0.40150678
0.40149638
0.40148973
0.40148726
0.4014893
0.40149584
0.40150672
0.40152177
0.40154037
0.40156192
0.4015854
0.4016095
0.40163296
0.4016541
0.40167168
0.40168467
0.4016926
0.40169513
0.40169242
0.40168488
0.4016731
0.4016578
0.4016399
0.4016204
0.40160006
0.40157968
0.4015602
0.40154257
0.40152785
0.40151653
0.40150905
0.40150514
0.40150446
0.4015063
0.40150988
0.4015143
0.40151885
0.4015231
0.40152663
0.40152943
0.40153137
0.40153247
0.4015329
0.40153262
0.40153202
0.40153176
0.4015325
0.40153506
0.40153968
0.4015464
0.40155488
0.40156457
0.40157485
0.40158486
0.40159407
0.401602
0.40160862
0.40161437
0.4016197
0.40162534
0.40163153
0.4016387
0.40164694
0.40165648
0.40166748
0.40168002
0.40169397
0.4017084
0.40172228
0.4017342
0.40174294
0.40174755
0.4017475
0.40174294
0.40173435
0.4017229
0.40170985
0.40169668
0.40168494
0.4016759
0.40167052
0.4016693
0.40167212
0.4016785
0.40168738
0.4016978
0.40170884
0.40171972
0.4017297
0.40173796
0.40174377
0.4017467
0.40174642
0.40174294
0.40173638
0.40172687
0.4017147
0.4017
0.40168345
0.40166578
0.40164787
0.40163055
0.4016143
0.40159935
0.40158555
0.40157264
0.4015605
0.40154904
0.4015387
0.4015302
0.40152422
0.40152168
0.40152302
0.40152854
0.40153816
0.40155134
0.4015671
0.40158412
0.40160093
0.4016158
0.40162763
0.40163583
0.40164027
0.40164158
0.40164086
0.4016396
0.4016393
0.40164152
0.4016474
0.4016579
0.4016737
0.4016947
0.4017203
0.40174952
0.401781
0.4018132
0.4018447
0.4018739
0.40189973
0.40192115
0.40193778
0.40194938
0.40195593
0.40195766
0.4019548
0.40194777
0.401937
0.4019228
0.40190557
0.40188575
0.40186375
0.40184033
0.401816
0.40179166
0.40176803
0.40174583
0.40172538
0.4017066
0.40168914
0.40167218
0.40165535
0.40163815
0.4016207
0.40160334
0.40158668
0.40157145
0.40155813
0.40154728
0.4015394
0.4015347
0.40153322
0.40153474
0.40153876
0.4015444
0.40155056
0.40155643
0.4015612
0.40156448
0.40156597
0.40156567
0.40156376
0.40156057
0.4015564
0.4015517
0.40154687
0.40154243
0.4015388
0.40153643
0.4015356
0.40153655
0.40153927
0.4015433
0.40154812
0.40155286
0.40155676
0.40155926
0.4015602
0.40155974
0.4015586
0.4015578
0.40155873
0.40156272
0.40157098
0.40158403
0.401602
0.4016247
0.40165102
0.40167952
0.40170845
0.40173593
0.4017603
0.4017805
0.40179563
0.40180537
0.40180975
0.40180868
0.4018026
0.40179202
0.40177748
0.40176007
0.40174085
0.4017212
0.4017024
0.40168557
0.4016716
0.4016609
0.4016536
0.40164933
0.40164736
0.4016468
0.4016465
0.4016457
0.4016438
0.40164065
0.40163645
0.40163174
0.4016272
0.40162376
0.40162212
0.40162286
0.40162626
0.40163216
0.4016399
0.40164858
0.4016567
0.40166262
0.4016649
0.40166247
0.4016549
0.4016423
0.40162554
0.40160593
0.40158525
0.40156534
0.40154785
0.40153387
0.40152395
0.40151814
0.40151578
0.40151602
0.40151766
0.40151963
0.4015208
0.40152055
0.40151894
0.4015162
0.40151322
0.40151066
0.4015094
0.40151006
0.4015133
0.4015196
0.40152928
0.40154243
0.40155888
0.40157828
0.40160003
0.40162352
0.4016475
0.40167078
0.40169165
0.40170863
0.40172085
0.4017274
0.40172842
0.40172422
0.4017156
0.4017037
0.40168953
0.4016744
0.40165925
0.40164495
0.4016319
0.40162045
0.40161067
0.40160212
0.4015946
0.4015881
0.40158296
0.40157977
0.40157902
0.4015811
0.40158597
0.40159336
0.4016028
0.40161365
0.40162516
0.40163645
0.40164658
0.4016546
0.4016599
0.40166205
0.40166116
0.4016573
0.40165067
0.401641
0.4016282
0.4016126
0.40159485
0.40157613
0.4015577
0.40154096
0.4015269
0.4015163
0.40150946
0.40150648
0.40150702
0.40151066
0.4015168
0.40152466
0.40153354
0.4015425
0.40155095
0.40155795
0.40156302
0.4015654
0.4015647
0.4015609
0.40155426
0.40154523
0.40153447
0.40152276
0.40151083
0.4014992
0.4014885
0.4014795
0.40147257
0.40146795
0.40146598
0.40146694
0.40147093
0.4014783
0.4014893
0.40150398
0.40152243
0.4015444
0.4015694
0.4015966
0.40162495
0.40165296
0.40167913
0.40170196
0.40172026
0.40173334
0.40174133
0.40174463
0.40174457
0.40174237
0.4017397
0.40173778
0.40173766
0.40173978
0.4017443
0.40175077
0.40175864
0.40176722
0.40177605
0.40178496
0.40179396
0.40180334
0.40181327
0.4018238
0.40183458
0.40184513
0.4018549
0.40186328
0.4018698
0.40187415
0.40187606
0.4018754
0.40187246
0.4018676
0.40186143
0.4018547
0.40184832
0.40184298
0.40183926
0.4018376
0.40183756
0.40183866
0.40183985
0.4018404
0.4018395
0.4018366
0.40183133
0.40182337
0.40181282
0.40179977
0.40178466
0.40176812
0.40175092
0.40173352
0.40171626
0.40169922
0.40168256
0.40166664
0.4016521
0.40163967
0.40163046
0.4016251
0.40162396
0.4016268
0.40163296
0.40164182
0.40165237
0.4016642
0.40167725
0.40169206
0.40171018
0.4017339
0.4017668
0.40181366
0.40188062
0.40197614
0.40211132
0.4023019
0.40257123
0.40294793
0.40347365
0.40420634
0.4052239
0.4066325
0.4085736
0.41126746
0.41493773
0.4198937
0.42660826
0.43572474
0.44785506
