0.44252616
0.43200558
0.4241102
0.4181617
0.41371658
0.41042957
0.408017
0.4062385
0.4049332
0.40398312
0.40329194
0.40279207
0.40243304
0.40217766
0.4019985
0.40187526
0.40179303
0.40174088
0.4017105
0.40169573
0.4016913
0.40169317
0.40169764
0.40170208
0.40170452
0.4017042
0.40170118
0.40169618
0.40169063
0.40168595
0.40168342
0.4016839
0.40168762
0.40169448
0.4017037
0.4017143
0.40172508
0.40173456
0.40174145
0.4017447
0.40174356
0.40173796
0.40172794
0.40171394
0.4016964
0.4016764
0.40165514
0.40163422
0.4016152
0.40159935
0.4015874
0.40157947
0.40157512
0.40157327
0.40157256
0.40157142
0.40156838
0.40156263
0.40155366
0.4015416
0.40152705
0.40151095
0.40149412
0.4014775
0.4014618
0.4014478
0.40143603
0.40142694
0.4014209
0.40141806
0.40141845
0.40142193
0.40142807
0.4014367
0.40144712
0.40145883
0.40147087
0.4014825
0.40149263
0.4015007
0.40150607
0.40150842
0.40150777
0.40150434
0.40149844
0.40149078
0.40148175
0.40147203
0.40146187
0.4014516
0.40144122
0.40143102
0.4014214
0.40141273
0.40140557
0.4014005
0.40139827
0.40139902
0.40140325
0.40141106
0.40142247
0.4014373
0.40145516
0.40147537
0.40149698
0.4015189
0.40153986
0.4015585
0.40157375
0.40158477
0.40159112
0.40159282
0.40159047
0.40158468
0.4015765
0.40156665
0.40155616
0.40154564
0.40153584
0.4015271
0.4015203
0.40151587
0.4015145
0.40151653
0.40152195
0.40153036
0.40154108
0.40155342
0.401566
0.4015777
0.40158728
0.40159363
0.4015959
0.40159371
0.4015874
0.40157732
0.40156427
0.401549
0.40153235
0.40151516
0.40149784
0.401481
0.40146497
0.40145025
0.40143737
0.401427
0.4014196
0.4014154
0.40141413
0.40141526
0.40141803
0.4014215
0.4014249
0.401428
0.40143093
0.40143406
0.40143797
0.4014431
0.4014497
0.40145805
0.401468
0.40147924
0.4014915
0.4015043
0.40151748
0.40153092
0.40154454
0.40155816
0.40157142
0.4015837
0.40159416
0.40160164
0.40160504
0.40160364
0.40159726
0.4015862
0.40157148
0.40155435
0.40153626
0.40151876
0.40150315
0.40149042
0.4014814
0.40147653
0.40147573
0.4014787
0.40148494
0.40149358
0.40150377
0.40151468
0.40152562
0.40153623
0.4015464
0.4015558
0.40156445
0.40157178
0.40157744
0.40158096
0.40158212
0.40158108
0.40157828
0.4015745
0.40157053
0.4015671
0.40156472
0.4015635
0.40156335
0.40156382
0.40156496
0.40156692
0.40157035
0.40157598
0.40158445
0.40159598
0.4016102
0.40162635
0.40164307
0.4016588
0.4016719
0.40168113
0.40168574
0.40168542
0.40168026
0.4016708
0.40165812
0.401643
0.40162635
0.40160903
0.40159187
0.4015752
0.40155917
0.40154377
0.401529
0.4015152
0.4015027
0.4014923
0.4014845
0.40148032
0.40148008
0.40148413
0.40149218
0.40150368
0.4015173
0.40153155
0.4015447
0.40155515
0.40156195
0.40156457
0.40156335
0.4015589
0.40155214
0.4015442
0.4015363
0.4015298
0.40152577
0.4015251
0.4015285
0.40153605
0.40154752
0.40156212
0.40157893
0.40159598
0.40161157
0.40162364
0.40163073
0.40163207
0.40162748
0.4016175
0.40160325
0.40158603
0.4015671
0.40154755
0.40152827
0.4015096
0.40149215
0.40147617
0.401462
0.40145028
0.40144166
0.40143657
0.40143576
0.40143958
0.4014485
0.40146244
0.4014809
0.401503
0.40152737
0.40155247
0.40157655
0.4015979
0.4016149
0.4016266
0.40163246
0.4016327
0.4016282
0.4016206
0.40161148
0.40160272
0.40159562
0.40159133
0.40159017
0.40159208
0.40159628
0.40160152
0.40160623
0.401609
0.4016084
0.4016038
0.40159485
0.40158203
0.40156618
0.40154818
0.4015291
0.40150988
0.40149117
0.4014735
0.40145728
0.40144268
0.40142965
0.40141806
0.4014076
0.4013981
0.40138948
0.40138185
0.40137544
0.4013705
0.40136695
0.40136477
0.40136346
0.4013628
0.40136224
0.4013616
0.40136075
0.4013598
0.40135905
0.40135878
0.40135917
0.40136048
0.40136266
0.40136588
0.40137002
0.401375
0.40138066
0.4013868
0.40139356
0.40140092
0.40140885
0.4014173
0.40142632
0.40143594
0.4014459
0.40145597
0.40146554
0.40147427
0.40148187
0.4014887
0.4014953
0.40150285
0.4015123
0.40152425
0.40153924
0.40155667
0.40157598
0.40159583
0.40161467
0.40163106
0.40164387
0.4016525
0.40165702
0.40165806
0.40165702
0.40165505
0.40165368
0.40165395
0.40165648
0.40166152
0.40166906
0.40167895
0.4016908
0.40170422
0.40171847
0.4017326
0.40174565
0.40175676
0.40176514
0.40177044
0.40177262
0.40177175
0.4017684
0.40176257
0.4017547
0.40174532
0.40173492
0.4017239
0.4017126
0.401701
0.401689
0.40167698
0.4016655
0.40165547
0.4016479
0.40164366
0.40164334
0.40164697
0.401654
0.40166336
0.40167367
0.40168333
0.40169087
0.40169516
0.40169546
0.40169114
0.4016823
0.4016693
0.40165296
0.40163463
0.40161553
0.40159732
0.4015812
0.40156844
0.40156
0.4015562
0.40155706
0.4015619
0.40156955
0.40157843
0.40158653
0.4015921
0.40159333
0.4015892
0.40157968
0.4015654
0.4015477
0.40152827
0.4015086
0.4014901
0.40147367
0.40146002
0.40144983
0.40144345
0.401441
0.4014427
0.4014486
0.4014585
0.40147197
0.4014887
0.40150797
0.4015292
0.40155172
0.40157503
0.4015985
0.40162158
0.40164346
0.40166315
0.4016797
0.4016924
0.40170103
0.40170598
0.401708
0.4017084
0.40170828
0.40170884
0.40171054
0.40171346
0.4017172
0.40172127
0.4017248
0.40172693
0.40172705
0.40172493
0.40172085
0.40171525
0.40170887
0.40170246
0.40169668
0.401692
0.40168867
0.40168658
0.4016851
0.40168333
0.40168044
0.4016757
0.40166864
0.40165922
0.4016477
0.40163445
0.40162003
0.40160486
0.4015892
0.40157345
0.40155795
0.40154293
0.4015287
0.4015156
0.40150392
0.4014942
0.40148664
0.40148163
0.40147948
0.4014801
0.40148342
0.40148914
0.40149698
0.4015069
0.40151867
0.4015319
0.40154618
0.40156087
0.40157545
0.40158936
0.4016022
0.40161356
0.40162325
0.4016312
0.4016372
0.40164134
0.40164408
0.40164608
0.40164828
0.40165165
0.40165678
0.40166384
0.40167278
0.40168345
0.40169552
0.40170836
0.40172133
0.40173328
0.4017429
0.40174904
0.40175086
0.40174794
0.4017401
0.40172765
0.40171123
0.40169182
0.40167055
0.40164885
0.40162787
0.4016086
0.40159193
0.40157837
0.40156797
0.40156057
0.40155572
0.40155286
0.40155143
0.40155104
0.40155175
0.4015537
0.40155718
0.40156242
0.40156943
0.40157804
0.4015876
0.40159726
0.40160587
0.40161234
0.40161595
0.4016161
0.40161285
0.4016066
0.40159774
0.40158698
0.40157476
0.40156183
0.4015483
0.40153453
0.4015204
0.40150595
0.4014911
0.40147623
0.40146172
0.40144807
0.40143582
0.40142524
0.4014165
0.40140978
0.4014048
0.4014015
0.40139958
0.4013989
0.40139928
0.40140057
0.40140277
0.40140575
0.40140936
0.4014136
0.4014182
0.40142295
0.40142763
0.4014322
0.40143657
0.40144125
0.4014468
0.40145352
0.40146205
0.40147257
0.4014852
0.4014998
0.40151587
0.40153274
0.40154967
0.40156564
0.40157956
0.4015904
0.40159732
0.40160006
0.40159866
0.40159371
0.40158632
0.40157726
0.40156752
0.4015579
0.4015489
0.401541
0.4015342
0.40152857
0.40152425
0.40152124
0.40151966
0.40151983
0.40152183
0.40152583
0.40153167
0.40153933
0.4015487
0.40155938
0.4015708
0.4015821
0.40159246
0.4016014
0.40160865
0.40161422
0.40161803
0.40161988
0.4016193
0.40161562
0.4016085
0.40159774
0.40158376
0.40156704
0.40154856
0.40152952
0.40151092
0.40149394
0.40147948
0.4014684
0.40146118
0.40145805
0.40145892
0.40146345
0.4014711
0.40148118
0.4014927
0.40150452
0.40151528
0.4015239
0.40152928
0.40153104
0.40152922
0.40152448
0.40151766
0.40151
0.40150237
0.40149552
0.40148997
0.4014858
0.40148297
0.4014813
0.4014808
0.4014815
0.40148368
0.40148726
0.40149236
0.40149876
0.40150642
0.40151516
0.40152496
0.40153566
0.4015471
0.40155935
0.40157261
0.401587
0.40160245
0.40161848
0.40163422
0.40164846
0.40166008
0.40166792
0.40167147
0.40167084
0.4016669
0.40166095
0.40165487
0.40165052
0.40164948
0.401653
0.40166137
0.4016746
0.40169173
0.40171134
0.40173182
0.40175137
0.40176862
0.40178254
0.4017924
0.40179786
0.40179875
0.40179527
0.401788
0.40177774
0.40176573
0.40175328
0.40174183
0.4017324
0.4017254
0.40172118
0.401719
0.40171817
0.40171835
0.40171906
0.40172026
0.40172186
0.4017238
0.4017257
0.4017273
0.40172797
0.40172765
0.40172616
0.40172383
0.40172124
0.40171927
0.40171894
0.40172127
0.40172693
0.40173602
0.40174806
0.40176183
0.4017758
0.40178806
0.4017972
0.4018019
0.401801
0.40179393
0.40178064
0.4017617
0.4017381
0.40171137
0.4016833
0.4016556
0.40162995
0.40160757
0.40158945
0.40157628
0.40156838
0.40156606
0.40156892
0.4015763
0.40158725
0.40160027
0.40161404
0.40162742
0.40163982
0.40165117
0.4016617
0.4016718
0.40168184
0.40169162
0.40170097
0.40170926
0.40171537
0.4017183
0.40171725
0.4017117
0.4017016
0.40168715
0.4016689
0.40164763
0.40162435
0.40160015
0.4015761
0.40155336
0.40153286
0.40151557
0.40150204
0.40149269
0.40148768
0.4014869
0.40149027
0.40149727
0.40150768
0.4015208
0.40153652
0.4015546
0.40157488
0.40159726
0.40162173
0.401648
0.40167576
0.40170416
0.40173218
0.40175837
0.4017818
0.4018012
0.40181598
0.4018256
0.4018298
0.40182853
0.4018218
0.4018098
0.40179306
0.40177238
0.40174896
0.40172416
0.40169957
0.40167654
0.40165636
0.40163973
0.4016273
0.40161917
0.40161532
0.4016155
0.40161952
0.4016271
0.40163788
0.40165117
0.4016662
0.40168208
0.40169832
0.40171444
0.40173075
0.40174714
0.40176353
0.40177995
0.40179583
0.4018105
0.4018232
0.40183312
0.4018397
0.40184247
0.40184128
0.40183613
0.40182748
0.401816
0.4018025
0.40178806
0.40177307
0.40175796
0.40174225
0.40172565
0.40170795
0.40168908
0.4016696
0.40165
0.40163115
0.40161362
0.40159792
0.4015846
0.4015741
0.4015671
0.4015641
0.40156564
0.4015718
0.40158293
0.4015987
0.40161857
0.40164173
0.4016669
0.4016924
0.40171665
0.40173855
0.40175718
0.40177238
0.40178388
0.40179208
0.40179703
0.4017986
0.40179664
0.40179062
0.40178025
0.4017653
0.40174586
0.40172225
0.40169537
0.4016664
0.40163678
0.4016082
0.4015821
0.40155932
0.40154037
0.40152526
0.40151376
0.40150538
0.40149948
0.40149564
0.40149358
0.40149298
0.40149358
0.401495
0.40149707
0.4014997
0.401503
0.4015075
0.40151343
0.40152118
0.40153083
0.4015424
0.40155575
0.4015706
0.40158662
0.40160355
0.4016208
0.40163755
0.40165254
0.40166438
0.40167162
0.4016735
0.40166962
0.40166023
0.40164632
0.40162924
0.40161064
0.40159228
0.4015755
0.40156144
0.40155068
0.40154326
0.40153912
0.40153772
0.4015387
0.40154153
0.40154558
0.40155026
0.4015551
0.4015597
0.40156376
0.40156686
0.40156862
0.40156874
0.40156692
0.40156367
0.4015594
0.40155485
0.40155068
0.40154755
0.40154627
0.40154722
0.40155035
0.40155524
0.40156096
0.4015663
0.40156993
0.40157077
0.4015683
0.4015627
0.4015546
0.40154514
0.4015355
0.40152675
0.40151998
0.40151584
0.4015152
0.4015186
0.40152627
0.40153843
0.40155476
0.40157488
0.4015981
0.40162352
0.40164974
0.40167537
0.4016988
0.40171844
0.40173364
0.40174386
0.4017495
0.40175125
0.40175048
0.40174848
0.40174648
0.40174532
0.40174523
0.4017461
0.40174738
0.4017488
0.40175027
0.4017519
0.4017541
0.4017576
0.4017628
0.4017701
0.40177944
0.40179053
0.40180284
0.40181565
0.40182826
0.40184018
0.40185085
0.4018597
0.4018664
0.4018703
0.40187106
0.40186834
0.40186197
0.401852
0.40183866
0.40182245
0.4018042
0.40178508
0.4017665
0.40175012
0.40173766
0.40173033
0.40172896
0.40173334
0.4017425
0.40175512
0.40176895
0.401782
0.4017925
0.4017989
0.40180027
0.40179592
0.401786
0.4017708
0.40175134
0.40172875
0.4017045
0.4016799
0.40165615
0.40163383
0.40161356
0.40159565
0.40158033
0.40156817
0.40155953
0.4015548
0.40155414
0.4015573
0.40156385
0.40157324
0.40158477
0.40159765
0.4016109
0.4016237
0.40163532
0.40164563
0.4016549
0.40166363
0.40167263
0.40168226
0.40169302
0.40170443
0.40171596
0.40172672
0.4017363
0.40174446
0.40175164
0.40175846
0.4017656
0.40177366
0.4017827
0.40179232
0.4018019
0.40181035
0.40181652
0.40181944
0.4018182
0.40181226
0.4018015
0.40178603
0.40176648
0.40174377
0.40171903
0.40169355
0.40166843
0.40164456
0.40162286
0.40160424
0.40158963
0.40157974
0.40157503
0.40157592
0.40158203
0.40159282
0.4016074
0.4016241
0.40164122
0.4016568
0.4016691
0.4016768
0.401679
0.40167534
0.40166607
0.401652
0.40163442
0.4016148
0.40159476
0.40157565
0.40155855
0.40154415
0.4015329
0.40152457
0.40151894
0.4015152
0.40151244
0.40150985
0.40150666
0.4015026
0.40149733
0.40149114
0.4014843
0.40147743
0.4014711
0.40146574
0.4014617
0.40145892
0.40145752
0.40145737
0.40145856
0.40146148
0.40146634
0.40147343
0.40148282
0.40149435
0.40150762
0.4015221
0.40153706
0.40155166
0.40156487
0.40157554
0.4015827
0.40158573
0.40158466
0.4015799
0.4015725
0.40156335
0.40155354
0.40154377
0.401535
0.40152758
0.40152207
0.40151882
0.40151823
0.40152028
0.40152478
0.4015315
0.40153995
0.40154982
0.4015606
0.40157193
0.40158325
0.40159392
0.40160334
0.40161046
0.4016145
0.40161476
0.40161073
0.40160277
0.40159166
0.40157855
0.4015651
0.4015529
0.40154314
0.40153688
0.40153453
0.4015358
0.40154
0.40154627
0.40155354
0.4015606
0.40156698
0.40157253
0.40157753
0.40158263
0.40158856
0.40159598
0.40160516
0.4016162
0.4016286
0.4016416
0.4016542
0.40166518
0.4016734
0.40167844
0.4016802
0.40167934
0.401677
0.4016745
0.4016732
0.40167415
0.40167838
0.40168658
0.4016989
0.40171513
0.40173474
0.4017568
0.4017802
0.4018037
0.40182638
0.4018472
0.4018654
0.40188047
0.40189192
0.4018994
0.4019023
0.40190044
0.40189344
0.4018813
0.40186402
0.40184224
0.4018168
0.40178883
0.4017601
0.40173244
0.40170756
0.40168718
0.40167218
0.4016633
0.4016604
0.4016629
0.40166974
0.40167955
0.40169054
0.40170115
0.40171
0.40171593
0.40171802
0.40171564
0.4017086
0.4016972
0.40168217
0.40166423
0.4016447
0.40162456
0.40160483
0.4015865
0.40157026
0.4015563
0.401545
0.40153626
0.40153006
0.40152618
0.40152502
0.40152696
0.40153262
0.40154225
0.4015561
0.40157366
0.40159422
0.40161657
0.4016391
0.40166014
0.40167823
0.40169203
0.40170094
0.4017047
0.40170357
0.4016983
0.40169
0.40168014
0.40167016
0.401661
0.40165332
0.40164706
0.40164188
0.40163702
0.40163165
0.40162542
0.40161824
0.40161055
0.40160304
0.40159628
0.4015904
0.40158546
0.40158102
0.40157646
0.4015716
0.40156636
0.40156093
0.40155572
0.4015509
0.40154666
0.40154305
0.40154004
0.40153775
0.40153596
0.40153474
0.4015337
0.40153244
0.40153047
0.40152705
0.40152192
0.40151486
0.40150595
0.4014961
0.4014863
0.40147766
0.40147114
0.40146762
0.4014676
0.40147153
0.40147942
0.40149122
0.40150657
0.40152493
0.4015454
0.40156692
0.40158844
0.40160882
0.40162754
0.4016442
0.40165895
0.40167207
0.40168363
0.4016934
0.40170103
0.40170583
0.40170735
0.40170506
0.40169883
0.40168887
0.40167576
0.40166017
0.40164325
0.40162602
0.4016094
0.4015946
0.40158254
0.4015741
0.40156993
0.40157002
0.40157396
0.4015808
0.40158924
0.40159765
0.40160435
0.40160772
0.40160698
0.40160164
0.40159193
0.40157855
0.40156266
0.40154555
0.4015282
0.40151176
0.40149692
0.40148437
0.40147454
0.4014677
0.40146402
0.40146327
0.40146548
0.40147007
0.40147665
0.4014846
0.40149328
0.40150252
0.40151244
0.40152356
0.4015364
0.40155113
0.40156752
0.401585
0.40160272
0.40161943
0.401634
0.40164512
0.40165216
0.4016546
0.40165257
0.40164676
0.4016382
0.40162832
0.40161842
0.4016097
0.4016029
0.40159813
0.40159506
0.4015929
0.4015905
0.40158686
0.40158144
0.40157393
0.4015642
0.4015525
0.40153906
0.4015244
0.40150914
0.40149394
0.40147966
0.40146697
0.40145648
0.40144858
0.40144354
0.40144166
0.40144315
0.40144813
0.40145677
0.40146887
0.40148437
0.40150306
0.40152475
0.401549
0.4015754
0.40160313
0.40163156
0.4016593
0.40168512
0.40170723
0.40172434
0.40173507
0.4017386
0.40173465
0.4017236
0.4017064
0.40168437
0.40165937
0.40163293
0.4016067
0.40158182
0.40155917
0.40153942
0.40152273
0.40150923
0.40149862
0.40149036
0.40148398
0.40147892
0.40147495
0.4014719
0.40146992
0.40146923
0.40147012
0.40147313
0.40147847
0.4014864
0.40149692
0.4015096
0.4015239
0.4015385
0.4015524
0.4015643
0.40157324
0.4015788
0.40158144
0.40158203
0.4015821
0.40158328
0.40158704
0.40159446
0.4016061
0.4016219
0.40164104
0.4016622
0.4016836
0.40170318
0.40171927
0.40173048
0.40173593
0.40173566
0.40173003
0.40172014
0.40170738
0.40169337
0.40167943
0.40166682
0.40165645
0.40164855
0.40164316
0.40164024
0.4016396
0.40164086
0.4016435
0.40164664
0.4016494
0.4016507
0.4016495
0.40164566
0.40163916
0.4016307
0.40162143
0.40161303
0.40160686
0.4016041
0.40160525
0.4016107
0.40162027
0.40163377
0.40165052
0.40166935
0.40168872
0.40170684
0.40172184
0.40173236
0.40173748
0.40173697
0.40173116
0.40172094
0.4017074
0.40169206
0.4016764
0.40166166
0.40164897
0.40163898
0.40163216
0.40162846
0.4016278
0.4016295
0.401633
0.4016381
0.4016448
0.4016535
0.40166467
0.4016786
0.40169546
0.40171486
0.40173608
0.40175802
0.40177938
0.40179908
0.40181613
0.40182963
0.40183914
0.4018443
0.40184498
0.4018413
0.4018337
0.40182292
0.40180978
0.40179533
0.40178075
0.40176708
0.40175536
0.4017459
0.4017386
0.40173292
0.40172765
0.4017216
0.4017135
0.40170255
0.40168843
0.40167153
0.4016526
0.40163293
0.4016139
0.4015966
0.40158212
0.40157118
0.40156418
0.40156114
0.40156198
0.40156633
0.4015741
0.401585
0.4015987
0.4016145
0.40163174
0.40164948
0.40166688
0.40168267
0.4016955
0.40170416
0.40170777
0.40170595
0.40169865
0.40168646
0.4016701
0.40165073
0.40162936
0.40160698
0.40158454
0.40156257
0.40154165
0.4015221
0.40150407
0.40148792
0.40147427
0.40146336
0.40145567
0.40145147
0.40145096
0.40145403
0.4014605
0.40147004
0.40148196
0.40149555
0.40150988
0.401524
0.4015367
0.4015471
0.40155464
0.40155923
0.40156126
0.40156156
0.40156087
0.40156013
0.40156
0.40156096
0.40156344
0.40156743
0.40157288
0.40157983
0.4015882
0.401598
0.40160924
0.401622
0.40163618
0.4016519
0.40166876
0.40168673
0.40170488
0.40172228
0.40173766
0.40174985
0.4017578
0.40176094
0.401759
0.4017522
0.40174133
0.40172732
0.4017118
0.40169618
0.40168193
0.4016704
0.40166235
0.40165812
0.4016575
0.40165973
0.40166357
0.40166765
0.4016705
0.401671
0.40166834
0.40166226
0.4016528
0.40164086
0.40162736
0.40161332
0.40159974
0.40158752
0.40157694
0.4015683
0.40156147
0.40155625
0.40155265
0.40155086
0.40155086
0.40155277
0.4015563
0.4015611
0.4015666
0.40157232
0.40157783
0.40158322
0.40158895
0.4015957
0.40160397
0.40161413
0.4016261
0.40163937
0.40165317
0.40166664
0.40167898
0.4016897
0.4016986
0.40170506
0.40170872
0.40170926
0.4017063
0.40170008
0.40169063
0.4016783
0.40166336
0.40164635
0.40162757
0.401608
0.40158844
0.4015698
0.40155283
0.40153775
0.40152448
0.40151298
0.40150288
0.4014941
0.4014866
0.4014804
0.40147555
0.40147194
0.4014694
0.40146783
0.40146714
0.40146714
0.4014677
0.40146863
0.40146977
0.4014712
0.40147296
0.4014754
0.40147886
0.40148357
0.40148976
0.40149766
0.40150747
0.4015195
0.40153414
0.40155175
0.40157256
0.40159672
0.40162423
0.4016547
0.4016875
0.40172166
0.40175593
0.40178904
0.40181983
0.4018475
0.40187138
0.40189147
0.40190762
0.40192038
0.40193
0.4019371
0.4019423
0.4019463
0.40194967
0.40195277
0.40195575
0.40195858
0.40196106
0.40196294
0.4019638
0.40196335
0.40196112
0.40195674
0.40194988
0.4019402
0.40192756
0.4019121
0.40189412
0.4018743
0.40185368
0.40183398
0.40181723
0.401806
0.401803
0.40181154
0.40183523
0.40187868
0.4019474
0.40204895
0.40219358
0.4023959
0.4026778
0.40306658
0.4036026
0.40434238
0.40536293
0.40676996
0.40870517
0.41138902
0.41504693
0.41998842
0.42668617
0.43578568
0.44789907
