0.44254488
0.43203202
0.4241455
0.418207
0.41377217
0.41049537
0.40809104
0.40631843
0.40501687
0.40406838
0.40337732
0.40287673
0.40251666
0.40226063
0.4020814
0.40195873
0.4018775
0.4018258
0.4017943
0.40177563
0.40176365
0.40175405
0.40174353
0.40173027
0.40171313
0.401692
0.40166733
0.40164018
0.40161195
0.4015839
0.4015573
0.40153304
0.40151212
0.40149513
0.4014823
0.40147382
0.4014695
0.4014692
0.40147245
0.4014789
0.40148804
0.4014993
0.4015122
0.40152657
0.40154222
0.401559
0.4015764
0.40159374
0.40161005
0.40162435
0.40163532
0.40164223
0.40164453
0.40164232
0.40163624
0.40162727
0.40161678
0.40160602
0.40159616
0.40158784
0.40158123
0.40157616
0.40157223
0.4015686
0.40156505
0.40156138
0.4015576
0.4015538
0.40155008
0.40154675
0.4015438
0.4015414
0.40153986
0.40153927
0.40153936
0.40154
0.40154096
0.40154216
0.40154406
0.401547
0.40155157
0.40155822
0.40156743
0.40157953
0.40159443
0.40161166
0.4016302
0.40164876
0.40166554
0.40167904
0.40168786
0.40169138
0.40168935
0.40168226
0.40167126
0.40165758
0.401643
0.401629
0.40161714
0.40160856
0.40160394
0.4016036
0.40160728
0.40161437
0.40162405
0.4016355
0.4016479
0.40166032
0.40167168
0.4016809
0.40168694
0.401689
0.40168688
0.4016809
0.4016718
0.40166095
0.40164977
0.40163958
0.40163136
0.4016255
0.4016223
0.4016215
0.4016224
0.40162423
0.40162587
0.40162674
0.40162653
0.40162557
0.40162432
0.4016232
0.4016225
0.40162224
0.40162218
0.4016215
0.4016194
0.40161514
0.40160832
0.40159902
0.4015876
0.40157512
0.40156257
0.40155104
0.40154126
0.40153384
0.40152907
0.40152708
0.40152782
0.40153128
0.40153727
0.40154552
0.40155545
0.40156627
0.40157712
0.4015874
0.401597
0.4016057
0.40161356
0.4016202
0.40162528
0.4016282
0.40162873
0.401627
0.40162364
0.40161964
0.40161625
0.40161464
0.4016157
0.40162003
0.40162754
0.4016376
0.40164906
0.40166032
0.40166974
0.40167594
0.40167773
0.40167484
0.40166733
0.40165594
0.40164185
0.40162632
0.40161055
0.40159553
0.40158188
0.40157008
0.40156046
0.4015531
0.4015483
0.40154633
0.40154725
0.4015507
0.40155646
0.40156394
0.40157256
0.40158162
0.40159073
0.40159956
0.40160814
0.40161672
0.4016257
0.40163556
0.40164655
0.40165854
0.40167102
0.40168318
0.40169418
0.40170357
0.40171123
0.4017178
0.40172416
0.4017316
0.40174097
0.4017528
0.40176693
0.40178275
0.40179926
0.4018153
0.40182948
0.40184054
0.40184736
0.40184912
0.40184504
0.40183502
0.40181938
0.40179902
0.40177518
0.4017494
0.40172356
0.40169924
0.401678
0.40166083
0.40164813
0.4016395
0.40163416
0.4016306
0.40162718
0.40162215
0.4016144
0.40160316
0.40158847
0.4015708
0.4015512
0.4015308
0.40151086
0.4014923
0.40147582
0.40146196
0.4014509
0.40144292
0.40143788
0.4014357
0.40143612
0.40143883
0.40144333
0.4014495
0.40145707
0.40146607
0.4014767
0.40148932
0.40150416
0.4015211
0.4015398
0.4015596
0.40157947
0.40159822
0.40161476
0.40162814
0.40163833
0.40164545
0.40165034
0.40165353
0.40165564
0.401657
0.4016579
0.401659
0.40166047
0.40166253
0.40166527
0.40166888
0.40167293
0.40167686
0.40167996
0.40168124
0.40168032
0.40167713
0.40167207
0.40166613
0.40166014
0.40165472
0.40164986
0.40164554
0.40164143
0.40163735
0.40163288
0.40162757
0.40162095
0.40161252
0.40160194
0.40158913
0.40157402
0.40155694
0.40153876
0.40152022
0.40150228
0.40148574
0.40147135
0.4014596
0.40145117
0.40144634
0.40144557
0.40144908
0.40145686
0.40146905
0.4014854
0.40150598
0.4015302
0.4015578
0.40158826
0.40162036
0.401653
0.40168425
0.40171248
0.40173584
0.40175316
0.40176344
0.4017665
0.4017629
0.40175334
0.40173927
0.40172225
0.40170372
0.40168464
0.40166587
0.40164775
0.40163073
0.40161508
0.40160108
0.4015891
0.40157968
0.4015733
0.40157056
0.40157166
0.40157673
0.40158564
0.4015982
0.4016137
0.40163174
0.40165147
0.40167215
0.40169284
0.4017126
0.40173048
0.40174577
0.40175787
0.4017664
0.40177137
0.401773
0.40177175
0.40176865
0.4017647
0.4017611
0.4017592
0.40175995
0.40176377
0.4017704
0.40177897
0.40178812
0.4017962
0.40180162
0.40180317
0.4017995
0.40179005
0.40177426
0.40175256
0.40172565
0.40169474
0.40166137
0.40162712
0.4015935
0.40156198
0.40153366
0.40150976
0.40149108
0.40147826
0.4014716
0.40147153
0.40147778
0.40149015
0.40150812
0.40153092
0.4015574
0.40158606
0.40161517
0.4016428
0.40166724
0.40168697
0.4017011
0.40170902
0.40171063
0.4017063
0.40169686
0.40168336
0.40166715
0.40164948
0.40163147
0.4016139
0.40159705
0.40158138
0.40156692
0.4015541
0.40154317
0.4015347
0.401529
0.40152645
0.4015272
0.40153104
0.40153757
0.40154618
0.40155596
0.40156573
0.40157455
0.40158147
0.4015863
0.40158913
0.4015906
0.40159175
0.40159383
0.40159807
0.40160543
0.40161675
0.40163207
0.40165117
0.40167326
0.40169695
0.4017206
0.40174237
0.40176058
0.40177372
0.40178105
0.40178204
0.40177706
0.4017667
0.40175217
0.4017348
0.4017163
0.40169832
0.40168226
0.40166938
0.40166017
0.40165466
0.40165237
0.40165234
0.4016535
0.40165502
0.40165624
0.4016572
0.4016581
0.40165952
0.40166196
0.40166548
0.40167004
0.40167502
0.40167966
0.4016833
0.4016855
0.40168622
0.40168554
0.40168372
0.40168115
0.40167788
0.40167361
0.40166798
0.4016604
0.40165076
0.40163913
0.40162617
0.40161288
0.4016006
0.40159044
0.40158337
0.40157998
0.40158018
0.4015835
0.40158913
0.40159595
0.40160277
0.40160835
0.401612
0.40161362
0.4016137
0.4016133
0.40161327
0.4016145
0.40161765
0.4016229
0.40163016
0.40163898
0.40164846
0.40165743
0.40166473
0.40166935
0.40167078
0.4016689
0.40166423
0.40165788
0.40165076
0.40164414
0.40163878
0.40163496
0.4016325
0.40163076
0.40162903
0.4016268
0.40162364
0.40161973
0.40161526
0.40161055
0.40160602
0.40160212
0.40159935
0.4015982
0.40159902
0.4016022
0.4016077
0.40161505
0.4016234
0.40163162
0.40163854
0.40164322
0.4016451
0.4016442
0.40164095
0.40163642
0.40163162
0.40162787
0.40162584
0.40162617
0.40162882
0.40163347
0.40163964
0.4016468
0.40165427
0.40166163
0.40166828
0.4016737
0.4016774
0.4016785
0.40167665
0.40167153
0.40166348
0.4016532
0.40164155
0.40162933
0.40161738
0.4016059
0.40159467
0.40158322
0.40157086
0.40155703
0.40154147
0.40152448
0.40150648
0.40148836
0.40147096
0.4014553
0.4014424
0.40143287
0.40142733
0.4014264
0.40143034
0.40143946
0.40145394
0.4014736
0.40149832
0.4015275
0.40156052
0.4015963
0.40163344
0.40167028
0.40170497
0.40173557
0.4017605
0.40177852
0.40178892
0.4017913
0.40178576
0.40177298
0.401754
0.4017303
0.4017037
0.4016758
0.40164787
0.4016209
0.40159538
0.4015716
0.40154967
0.4015302
0.401514
0.40150192
0.40149492
0.40149358
0.40149814
0.40150863
0.40152448
0.40154496
0.40156874
0.4015945
0.4016208
0.40164617
0.40166903
0.40168813
0.4017028
0.40171278
0.40171862
0.4017212
0.40172204
0.4017224
0.4017236
0.40172628
0.40173048
0.40173557
0.40174058
0.4017443
0.4017455
0.40174338
0.40173754
0.40172827
0.40171614
0.40170223
0.40168765
0.40167338
0.40166032
0.40164873
0.4016387
0.4016298
0.40162173
0.40161413
0.40160704
0.40160066
0.40159544
0.40159178
0.40159026
0.40159112
0.40159476
0.4016016
0.40161183
0.40162513
0.40164095
0.40165833
0.40167597
0.40169242
0.4017061
0.4017159
0.401721
0.40172124
0.40171707
0.40170935
0.40169942
0.40168893
0.40167907
0.40167084
0.40166453
0.40166005
0.4016567
0.4016535
0.40164948
0.40164393
0.4016365
0.40162718
0.40161633
0.40160477
0.40159336
0.4015829
0.40157387
0.40156645
0.40156052
0.4015562
0.4015537
0.4015531
0.40155444
0.40155745
0.40156183
0.4015671
0.40157288
0.40157896
0.4015854
0.40159217
0.40159902
0.40160555
0.40161115
0.40161508
0.40161687
0.40161622
0.40161327
0.4016086
0.4016026
0.40159598
0.4015891
0.4015823
0.40157565
0.40156937
0.40156385
0.40155953
0.40155673
0.40155572
0.40155652
0.4015591
0.40156317
0.40156835
0.4015738
0.40157855
0.40158165
0.4015823
0.4015804
0.40157613
0.4015704
0.4015643
0.40155882
0.40155488
0.4015531
0.40155366
0.40155655
0.40156168
0.4015689
0.40157825
0.40158978
0.40160337
0.40161872
0.40163505
0.4016512
0.40166578
0.40167746
0.40168515
0.40168816
0.40168634
0.4016799
0.40166962
0.4016563
0.40164104
0.40162465
0.40160766
0.40159044
0.40157315
0.40155596
0.40153927
0.40152344
0.40150896
0.4014962
0.4014857
0.40147752
0.40147197
0.40146908
0.40146887
0.40147126
0.40147606
0.40148297
0.40149152
0.40150115
0.40151137
0.4015216
0.4015315
0.40154055
0.40154842
0.4015546
0.40155914
0.40156227
0.40156487
0.40156803
0.40157267
0.4015794
0.40158838
0.4015993
0.40161133
0.40162334
0.40163398
0.40164202
0.401647
0.40164855
0.40164718
0.40164378
0.40163928
0.4016349
0.40163147
0.4016295
0.40162897
0.4016295
0.4016304
0.40163055
0.40162882
0.40162447
0.40161738
0.40160754
0.40159583
0.40158355
0.40157223
0.40156317
0.4015574
0.40155515
0.4015564
0.40156063
0.40156686
0.40157378
0.40158004
0.4015845
0.40158674
0.40158656
0.4015845
0.40158096
0.40157652
0.40157145
0.40156624
0.40156093
0.40155602
0.40155166
0.40154815
0.40154588
0.40154526
0.40154672
0.40155065
0.40155688
0.4015652
0.40157494
0.40158528
0.40159547
0.40160468
0.40161198
0.40161666
0.40161797
0.40161568
0.40160996
0.4016014
0.401591
0.40158033
0.40157104
0.40156457
0.40156248
0.40156573
0.4015752
0.4015913
0.40161377
0.40164182
0.401674
0.40170857
0.40174344
0.40177655
0.40180627
0.401831
0.40184963
0.40186134
0.40186578
0.40186307
0.40185356
0.40183806
0.40181768
0.40179354
0.4017671
0.40173987
0.4017135
0.40168917
0.40166798
0.4016507
0.40163812
0.4016312
0.4016306
0.40163666
0.40164924
0.40166765
0.40169114
0.4017181
0.40174714
0.40177616
0.4018034
0.40182707
0.40184593
0.40185875
0.4018648
0.40186375
0.40185556
0.4018409
0.40182057
0.40179586
0.40176845
0.40174034
0.40171355
0.40169027
0.40167207
0.40166023
0.40165532
0.40165725
0.40166554
0.40167937
0.40169778
0.40171996
0.40174517
0.40177274
0.40180165
0.40183073
0.401859
0.40188524
0.40190887
0.40192926
0.40194598
0.40195867
0.40196726
0.4019717
0.40197182
0.40196785
0.4019601
0.401949
0.40193516
0.4019196
0.40190348
0.4018879
0.40187407
0.40186265
0.4018538
0.4018472
0.40184155
0.40183562
0.401828
0.4018178
0.40180457
0.40178853
0.4017704
0.40175158
0.40173355
0.40171775
0.4017055
0.4016976
0.40169436
0.4016955
0.40170035
0.4017078
0.40171683
0.40172675
0.40173694
0.40174654
0.40175447
0.40175983
0.4017619
0.40176007
0.40175447
0.40174532
0.40173307
0.4017183
0.4017014
0.40168273
0.4016627
0.4016418
0.40162066
0.40159997
0.40158033
0.40156212
0.4015457
0.40153158
0.4015201
0.4015117
0.40150663
0.40150508
0.40150735
0.40151334
0.40152314
0.4015367
0.4015538
0.40157408
0.401597
0.40162164
0.4016468
0.40167117
0.40169352
0.4017129
0.40172857
0.4017401
0.40174747
0.40175077
0.40175056
0.40174747
0.40174228
0.40173584
0.40172896
0.40172222
0.40171576
0.4017096
0.40170318
0.40169618
0.4016881
0.40167877
0.40166822
0.40165707
0.40164608
0.4016361
0.40162814
0.4016231
0.4016215
0.40162376
0.40162975
0.40163916
0.40165117
0.40166467
0.40167823
0.40169054
0.40170038
0.40170705
0.40171042
0.40171084
0.40170917
0.40170652
0.40170407
0.4017027
0.40170282
0.40170443
0.40170702
0.40170997
0.40171283
0.40171546
0.40171808
0.40172118
0.4017251
0.4017302
0.40173614
0.40174228
0.4017478
0.40175197
0.40175432
0.40175483
0.40175363
0.40175104
0.40174717
0.4017418
0.4017345
0.40172464
0.40171185
0.40169635
0.4016785
0.40165937
0.4016404
0.401623
0.40160862
0.40159822
0.4015924
0.40159154
0.40159535
0.40160325
0.401614
0.4016261
0.40163785
0.4016479
0.4016554
0.40165988
0.4016614
0.40166017
0.4016568
0.4016519
0.40164563
0.40163854
0.40163085
0.40162304
0.4016158
0.40161037
0.40160772
0.4016088
0.40161422
0.40162423
0.40163875
0.40165758
0.40168032
0.40170628
0.4017345
0.40176395
0.40179336
0.4018217
0.40184787
0.40187111
0.40189087
0.4019068
0.40191898
0.4019279
0.40193444
0.40194017
0.40194717
0.40195817
0.401977
0.40200853
0.40205944
0.4021384
0.40225756
0.40243334
0.4026896
0.4030568
0.4035756
0.4043031
0.40531632
0.40672037
0.40865606
0.41134325
0.41500595
0.41995338
0.42665794
0.43576413
0.44788378
