0.4425303
0.4320125
0.42412162
0.41818014
0.41374505
0.41047132
0.40807435
0.4063131
0.4050262
0.40409386
0.40341878
0.40293175
0.40258083
0.40232748
0.4021429
0.40200636
0.40190285
0.40182188
0.40175617
0.40170118
0.40165418
0.40161383
0.4015795
0.40155104
0.40152833
0.40151116
0.40149927
0.4014924
0.40149012
0.40149212
0.401498
0.40150756
0.4015206
0.40153673
0.40155548
0.40157628
0.4015985
0.40162134
0.4016435
0.40166366
0.40168044
0.4016929
0.40170044
0.40170306
0.4017011
0.40169546
0.4016875
0.40167883
0.40167114
0.4016659
0.40166435
0.40166712
0.4016746
0.40168646
0.4017018
0.4017196
0.40173867
0.40175754
0.40177467
0.401789
0.40179953
0.40180558
0.4018066
0.4018023
0.40179268
0.40177786
0.40175855
0.40173563
0.40171036
0.40168396
0.40165767
0.40163276
0.40161017
0.4015909
0.4015757
0.40156496
0.401559
0.4015575
0.40156022
0.4015665
0.40157565
0.40158725
0.40160078
0.40161592
0.40163234
0.40164995
0.40166855
0.40168753
0.4017063
0.4017239
0.4017396
0.40175283
0.401763
0.40176967
0.40177277
0.40177223
0.40176845
0.4017618
0.40175304
0.4017429
0.40173212
0.401721
0.40170977
0.4016982
0.40168598
0.40167275
0.40165827
0.40164247
0.4016253
0.40160698
0.40158752
0.40156737
0.401547
0.4015271
0.40150818
0.40149054
0.40147442
0.40145996
0.40144724
0.4014364
0.4014275
0.40142083
0.40141645
0.40141466
0.4014155
0.40141878
0.4014245
0.40143237
0.401442
0.401453
0.40146512
0.4014783
0.4014923
0.40150714
0.4015225
0.40153813
0.40155387
0.4015694
0.40158427
0.40159827
0.40161082
0.40162128
0.4016288
0.4016328
0.40163282
0.4016289
0.40162134
0.40161067
0.40159765
0.40158314
0.401568
0.4015532
0.40153962
0.40152818
0.4015195
0.40151405
0.4015123
0.40151426
0.40151998
0.40152916
0.40154135
0.40155587
0.40157187
0.4015883
0.40160426
0.4016191
0.40163237
0.40164384
0.4016536
0.40166143
0.40166694
0.40166953
0.40166858
0.40166375
0.4016546
0.40164125
0.4016242
0.40160426
0.40158278
0.4015611
0.40154055
0.4015223
0.40150732
0.40149623
0.40148923
0.4014864
0.4014875
0.40149203
0.40149933
0.4015086
0.4015189
0.40152943
0.40153986
0.40155002
0.4015601
0.40157014
0.40157998
0.4015891
0.401597
0.40160277
0.40160602
0.4016068
0.40160543
0.40160272
0.40159944
0.40159658
0.40159467
0.40159443
0.40159613
0.4015999
0.40160576
0.40161335
0.40162197
0.40163088
0.40163928
0.40164694
0.40165386
0.4016605
0.4016673
0.40167442
0.40168148
0.40168786
0.40169284
0.40169564
0.4016961
0.40169415
0.40169024
0.40168515
0.40167987
0.40167537
0.4016725
0.40167177
0.40167296
0.40167552
0.40167832
0.40168047
0.4016809
0.40167925
0.4016754
0.40166974
0.40166262
0.40165433
0.40164512
0.401635
0.401624
0.4016125
0.401601
0.40159047
0.4015817
0.4015754
0.401572
0.40157193
0.40157542
0.40158284
0.40159458
0.401611
0.40163174
0.40165645
0.40168417
0.4017135
0.4017431
0.40177137
0.40179706
0.40181914
0.4018368
0.40184963
0.40185732
0.4018597
0.40185684
0.4018487
0.40183553
0.40181777
0.4017961
0.40177125
0.40174428
0.40171626
0.40168822
0.40166074
0.4016345
0.40160987
0.40158707
0.40156657
0.40154862
0.40153384
0.40152255
0.4015152
0.40151235
0.4015144
0.4015214
0.40153304
0.40154883
0.40156817
0.4015906
0.40161574
0.40164348
0.4016736
0.4017055
0.40173832
0.40177107
0.40180248
0.40183133
0.4018565
0.40187705
0.40189224
0.4019017
0.401905
0.40190205
0.40189293
0.4018777
0.4018569
0.401831
0.40180087
0.40176734
0.4017317
0.40169516
0.40165886
0.4016241
0.4015922
0.40156412
0.40154096
0.40152356
0.40151244
0.40150774
0.40150946
0.40151742
0.40153083
0.4015486
0.40156922
0.40159082
0.40161163
0.40162963
0.40164372
0.40165308
0.40165764
0.4016579
0.40165478
0.40164974
0.4016444
0.40164027
0.40163863
0.40164036
0.40164572
0.40165478
0.4016666
0.40168017
0.40169394
0.4017063
0.40171582
0.40172127
0.40172192
0.40171742
0.40170762
0.40169287
0.40167388
0.40165162
0.4016274
0.40160254
0.40157855
0.40155637
0.40153706
0.4015216
0.40151057
0.40150446
0.40150356
0.4015078
0.4015169
0.40153039
0.40154728
0.40156677
0.40158775
0.40160903
0.40162927
0.40164706
0.40166107
0.40167022
0.40167344
0.40167058
0.40166184
0.40164787
0.4016299
0.40160933
0.40158758
0.401566
0.40154582
0.40152782
0.40151277
0.40150085
0.40149224
0.40148672
0.40148404
0.40148368
0.40148494
0.4014872
0.40148988
0.4014927
0.4014956
0.4014987
0.4015022
0.4015064
0.40151158
0.40151787
0.40152526
0.40153363
0.40154293
0.40155298
0.40156394
0.40157583
0.40158898
0.40160325
0.40161824
0.40163335
0.40164775
0.40166074
0.40167204
0.40168148
0.40168962
0.40169692
0.40170413
0.40171152
0.40171903
0.4017261
0.40173164
0.40173483
0.40173462
0.4017304
0.40172157
0.4017081
0.40169054
0.4016695
0.4016462
0.401622
0.40159824
0.40157595
0.40155587
0.4015385
0.4015238
0.4015117
0.40150177
0.40149385
0.40148756
0.40148285
0.40147975
0.40147838
0.40147886
0.40148115
0.40148517
0.40149054
0.40149674
0.40150326
0.40150964
0.40151578
0.40152174
0.40152812
0.40153533
0.40154377
0.40155366
0.40156493
0.4015776
0.40159136
0.40160593
0.40162104
0.40163624
0.40165135
0.4016656
0.40167803
0.40168753
0.40169308
0.40169397
0.40168986
0.4016812
0.4016692
0.40165532
0.40164122
0.40162873
0.4016191
0.40161312
0.40161118
0.4016131
0.40161824
0.40162602
0.40163556
0.40164617
0.40165702
0.40166727
0.40167594
0.4016822
0.40168527
0.4016849
0.40168148
0.40167555
0.40166786
0.40165928
0.40165043
0.40164155
0.4016329
0.40162453
0.40161657
0.40160936
0.40160325
0.40159836
0.40159476
0.4015921
0.4015898
0.40158707
0.4015833
0.40157828
0.40157196
0.40156454
0.4015565
0.40154815
0.40153977
0.4015315
0.4015235
0.4015158
0.4015085
0.40150163
0.40149492
0.4014887
0.4014831
0.40147832
0.40147492
0.40147343
0.40147448
0.4014786
0.4014863
0.40149784
0.40151298
0.40153113
0.40155125
0.40157178
0.40159106
0.40160733
0.4016194
0.4016265
0.40162873
0.4016268
0.40162167
0.40161508
0.4016085
0.40160304
0.40159962
0.40159848
0.40159947
0.401602
0.4016056
0.40160948
0.40161335
0.40161675
0.4016192
0.40162048
0.40162048
0.40161946
0.40161794
0.4016162
0.40161452
0.40161303
0.40161186
0.40161088
0.40161
0.4016091
0.40160832
0.40160796
0.4016086
0.40161073
0.4016146
0.40162003
0.40162647
0.401633
0.40163845
0.40164202
0.4016433
0.40164217
0.40163907
0.40163463
0.4016296
0.40162483
0.4016212
0.4016193
0.40161923
0.40162107
0.40162444
0.40162906
0.40163475
0.40164128
0.40164855
0.40165642
0.40166467
0.4016729
0.40168062
0.4016872
0.40169197
0.4016943
0.401694
0.40169093
0.40168533
0.40167758
0.40166825
0.4016581
0.40164763
0.40163764
0.401629
0.4016223
0.4016179
0.40161592
0.40161622
0.40161848
0.40162235
0.40162748
0.40163356
0.40164065
0.40164903
0.40165928
0.40167212
0.40168795
0.40170693
0.40172893
0.40175328
0.4017791
0.4018052
0.40183058
0.40185437
0.4018757
0.40189385
0.40190852
0.40191945
0.40192634
0.4019291
0.40192744
0.40192112
0.4019103
0.40189496
0.40187553
0.40185276
0.40182754
0.401801
0.40177426
0.40174854
0.4017248
0.4017038
0.40168595
0.40167108
0.4016591
0.40164974
0.40164325
0.4016399
0.4016401
0.40164408
0.40165195
0.40166357
0.40167853
0.40169623
0.40171552
0.4017349
0.4017529
0.4017683
0.4017799
0.40178695
0.40178913
0.40178618
0.40177852
0.40176675
0.40175197
0.40173537
0.40171817
0.40170163
0.4016866
0.40167356
0.4016627
0.40165362
0.40164545
0.40163726
0.40162814
0.40161777
0.40160614
0.40159357
0.4015808
0.4015683
0.40155676
0.4015467
0.40153846
0.40153244
0.40152863
0.40152678
0.40152648
0.40152702
0.40152773
0.40152812
0.4015279
0.40152732
0.40152675
0.40152693
0.4015285
0.40153208
0.4015379
0.40154603
0.4015562
0.4015677
0.4015796
0.40159097
0.40160108
0.40160963
0.401617
0.40162387
0.40163133
0.40164024
0.40165126
0.40166456
0.4016802
0.40169796
0.4017178
0.4017391
0.40176094
0.40178198
0.4018005
0.40181494
0.40182397
0.4018267
0.40182254
0.40181154
0.40179414
0.40177128
0.40174413
0.4017141
0.40168256
0.4016507
0.4016196
0.40159026
0.40156353
0.40154046
0.40152177
0.40150803
0.40149972
0.40149722
0.40150052
0.40150928
0.40152285
0.40154037
0.40156043
0.40158153
0.40160242
0.40162164
0.4016382
0.40165144
0.40166137
0.40166855
0.40167427
0.40168065
0.4016902
0.4017059
0.40173167
0.40177238
0.40183422
0.40192547
0.40205726
0.40224546
0.40251318
0.40288925
0.4034151
0.4041482
0.4051664
0.4065758
0.40851814
0.411214
0.41488692
0.41984668
0.42656663
0.43569028
0.44782943
