0.4425677
0.43206227
0.42418298
0.41825223
0.41382647
0.410561
0.40817
0.40641302
0.40512845
0.4041963
0.40351963
0.40302998
0.40267637
0.40242127
0.40223727
0.40210456
0.4020089
0.40194035
0.4018917
0.40185744
0.40183327
0.40181544
0.40180132
0.40178874
0.40177646
0.40176368
0.40175018
0.40173575
0.40172046
0.4017045
0.40168813
0.4016722
0.40165776
0.40164587
0.40163735
0.40163276
0.4016319
0.4016344
0.401639
0.40164426
0.40164852
0.40165043
0.40164906
0.40164423
0.40163645
0.40162668
0.40161625
0.40160668
0.40159938
0.40159556
0.4015961
0.40160134
0.40161133
0.4016258
0.40164417
0.40166542
0.4016881
0.4017105
0.40173063
0.4017469
0.40175796
0.401763
0.4017621
0.40175575
0.40174502
0.40173143
0.40171683
0.40170306
0.40169173
0.40168372
0.40167928
0.4016777
0.40167797
0.40167862
0.40167832
0.40167615
0.4016715
0.4016645
0.40165588
0.4016465
0.40163752
0.4016301
0.40162498
0.4016224
0.40162203
0.40162292
0.40162367
0.4016227
0.4016186
0.4016101
0.40159672
0.40157846
0.40155607
0.40153104
0.40150493
0.40147948
0.401456
0.4014357
0.40141952
0.40140817
0.401402
0.4014015
0.40140656
0.40141705
0.40143248
0.40145233
0.40147567
0.4015015
0.40152878
0.40155604
0.4015817
0.40160424
0.4016224
0.40163562
0.40164378
0.40164742
0.4016475
0.40164527
0.40164167
0.40163773
0.40163392
0.40163034
0.40162653
0.40162164
0.4016148
0.40160516
0.4015923
0.40157598
0.4015566
0.40153474
0.40151143
0.40148777
0.40146497
0.4014443
0.40142664
0.40141279
0.40140313
0.40139788
0.4013969
0.40139994
0.40140703
0.40141773
0.40143186
0.40144902
0.40146863
0.40149015
0.40151304
0.40153682
0.40156123
0.40158644
0.40161267
0.40164027
0.40166914
0.40169865
0.40172789
0.4017554
0.4017796
0.4017991
0.40181276
0.40181974
0.4018196
0.40181226
0.40179813
0.40177783
0.4017525
0.40172362
0.4016927
0.4016612
0.40163043
0.40160158
0.4015753
0.40155223
0.40153274
0.40151703
0.40150523
0.40149724
0.4014929
0.4014917
0.40149298
0.40149587
0.4014995
0.40150288
0.40150547
0.4015072
0.40150854
0.40151006
0.4015127
0.401517
0.40152362
0.40153304
0.4015454
0.4015606
0.40157837
0.40159824
0.4016196
0.40164155
0.40166318
0.40168357
0.40170145
0.40171582
0.4017256
0.40173012
0.4017291
0.40172273
0.4017117
0.4016971
0.4016804
0.40166298
0.40164623
0.40163127
0.4016189
0.40160996
0.40160486
0.40160367
0.4016062
0.4016119
0.40162006
0.40162992
0.40164044
0.40165028
0.40165836
0.40166366
0.40166572
0.40166456
0.40166068
0.40165487
0.40164793
0.40164068
0.40163377
0.4016276
0.40162292
0.40162024
0.4016204
0.40162402
0.40163162
0.40164348
0.4016595
0.4016792
0.4017019
0.40172645
0.4017515
0.40177533
0.40179652
0.40181372
0.40182585
0.4018323
0.4018327
0.40182698
0.40181553
0.40179932
0.40177938
0.40175715
0.40173405
0.4017116
0.40169114
0.40167344
0.40165913
0.40164822
0.4016405
0.40163577
0.40163386
0.40163457
0.40163752
0.40164196
0.4016469
0.4016513
0.401654
0.40165478
0.40165368
0.40165117
0.40164793
0.4016444
0.4016409
0.40163738
0.40163413
0.4016313
0.40162918
0.40162802
0.40162814
0.40162978
0.40163293
0.40163755
0.4016437
0.40165144
0.40166068
0.40167084
0.40168124
0.40169087
0.40169874
0.40170428
0.40170732
0.40170804
0.4017071
0.40170535
0.40170345
0.40170208
0.4017013
0.4017012
0.4017018
0.40170306
0.40170515
0.40170798
0.40171126
0.40171435
0.4017164
0.4017164
0.4017135
0.4017071
0.40169728
0.4016845
0.40166968
0.40165424
0.40163958
0.40162718
0.4016184
0.401614
0.4016144
0.40161926
0.4016276
0.4016381
0.4016491
0.40165925
0.40166762
0.4016737
0.40167773
0.4016801
0.40168148
0.40168297
0.40168512
0.40168858
0.40169367
0.4017004
0.40170822
0.40171632
0.40172374
0.4017296
0.40173322
0.40173435
0.40173304
0.40172985
0.40172547
0.40172088
0.40171698
0.40171435
0.40171322
0.4017135
0.4017147
0.40171623
0.40171796
0.40171978
0.40172163
0.4017236
0.40172526
0.40172595
0.40172493
0.40172142
0.40171495
0.40170565
0.40169403
0.40168113
0.40166843
0.40165716
0.40164828
0.40164244
0.40163937
0.40163863
0.40163922
0.40163994
0.4016396
0.4016372
0.4016319
0.40162364
0.40161237
0.4015987
0.40158308
0.40156618
0.40154874
0.4015315
0.40151495
0.40149954
0.40148547
0.40147293
0.401462
0.40145278
0.40144554
0.40144074
0.40143865
0.40143937
0.4014426
0.40144807
0.4014553
0.40146396
0.40147343
0.40148342
0.4014936
0.40150392
0.40151432
0.40152475
0.40153518
0.40154508
0.40155414
0.4015617
0.40156725
0.40157062
0.40157196
0.4015717
0.40157026
0.40156803
0.40156496
0.40156102
0.40155628
0.40155113
0.40154636
0.40154266
0.40154085
0.4015415
0.4015448
0.40155116
0.4015606
0.40157333
0.4015893
0.4016083
0.40162948
0.40165162
0.40167332
0.40169293
0.40170923
0.40172115
0.4017279
0.40172938
0.4017258
0.40171784
0.40170646
0.40169287
0.40167814
0.40166304
0.40164828
0.4016341
0.40162066
0.401608
0.40159625
0.4015856
0.40157643
0.4015689
0.4015629
0.4015584
0.40155476
0.40155157
0.40154848
0.4015454
0.40154243
0.40153953
0.4015368
0.40153435
0.4015323
0.40153098
0.4015309
0.40153238
0.40153584
0.40154123
0.4015483
0.40155688
0.4015666
0.40157717
0.4015885
0.4016004
0.4016126
0.4016249
0.40163714
0.40164933
0.4016616
0.40167415
0.4016869
0.40169957
0.40171155
0.40172178
0.40172926
0.401733
0.40173244
0.40172774
0.4017192
0.40170804
0.40169555
0.40168345
0.4016731
0.4016657
0.4016616
0.4016611
0.40166363
0.4016688
0.4016754
0.4016828
0.40169019
0.4016974
0.40170386
0.40170932
0.40171325
0.40171546
0.40171587
0.40171495
0.40171316
0.4017108
0.40170828
0.4017056
0.40170288
0.40170053
0.4016989
0.40169835
0.4016992
0.40170145
0.40170524
0.4017107
0.40171775
0.401726
0.40173474
0.40174273
0.40174863
0.40175113
0.40174934
0.40174267
0.40173098
0.40171438
0.4016936
0.40166953
0.40164334
0.40161633
0.40158963
0.4015642
0.40154094
0.40152037
0.40150303
0.4014893
0.40147954
0.40147388
0.40147257
0.40147546
0.40148255
0.40149376
0.40150893
0.40152776
0.40154976
0.40157443
0.40160105
0.4016284
0.40165532
0.40168062
0.40170357
0.40172336
0.40173978
0.4017531
0.40176392
0.40177357
0.40178332
0.40179506
0.40181088
0.401833
0.40186384
0.40190628
0.40196416
0.4020422
0.4021477
0.40229097
0.4024869
0.40275905
0.40313607
0.40365958
0.40438715
0.4053967
0.40679446
0.40872222
0.41140026
0.41505408
0.41999286
0.42668852
0.43578708
0.44789994
