0.4425098
0.43198678
0.4240924
0.4181488
0.41371247
0.4104385
0.40804204
0.406282
0.4049971
0.40406793
0.4033977
0.4029179
0.40257692
0.40233624
0.40216708
0.40204826
0.4019644
0.40190437
0.4018607
0.40182823
0.40180385
0.40178558
0.4017727
0.40176463
0.40176094
0.40176123
0.4017647
0.4017703
0.40177673
0.40178254
0.4017865
0.40178755
0.401785
0.4017784
0.40176788
0.40175375
0.40173692
0.40171835
0.4016994
0.4016817
0.40166676
0.4016558
0.40164965
0.4016488
0.4016531
0.4016621
0.4016746
0.40168935
0.4017045
0.40171844
0.40172973
0.4017374
0.4017409
0.4017404
0.40173668
0.40173125
0.40172637
0.4017252
0.40173194
0.4017521
0.4017929
0.40186372
0.40197733
0.40215045
0.40240788
0.40277857
0.4033041
0.4040415
0.40506804
0.40648866
0.40844384
0.41115364
0.41483974
0.41981143
0.42654258
0.4356742
0.4478189
