0.4425726
0.43206662
0.42418444
0.41824844
0.41381583
0.41054234
0.40814352
0.40637922
0.4050887
0.40415263
0.40347418
0.40298468
0.40263256
0.40237975
0.4021983
0.40206814
0.40197498
0.40190881
0.40186253
0.401831
0.40181017
0.40179694
0.40178895
0.40178427
0.40178153
0.40177935
0.40177646
0.40177166
0.40176407
0.40175295
0.4017381
0.40171978
0.40169847
0.40167534
0.40165174
0.40162954
0.40161052
0.40159628
0.40158793
0.40158594
0.40159023
0.40160024
0.40161496
0.40163326
0.4016539
0.40167585
0.4016983
0.40172026
0.40174064
0.40175828
0.4017721
0.4017814
0.40178576
0.40178552
0.40178132
0.40177414
0.40176517
0.40175557
0.40174627
0.40173766
0.40172988
0.40172306
0.40171736
0.40171322
0.40171146
0.40171275
0.40171757
0.40172642
0.40173918
0.40175542
0.40177447
0.4017952
0.40181664
0.40183756
0.40185717
0.4018747
0.4018896
0.4019015
0.40191004
0.40191498
0.4019159
0.40191263
0.4019048
0.40189233
0.40187532
0.40185404
0.4018291
0.40180147
0.4017722
0.40174285
0.4017149
0.40168998
0.40166935
0.401654
0.4016442
0.4016396
0.40163943
0.40164214
0.40164596
0.40164906
0.40164965
0.4016465
0.40163893
0.40162694
0.40161136
0.40159348
0.40157494
0.40155745
0.4015425
0.40153116
0.40152413
0.40152207
0.40152508
0.4015334
0.4015467
0.40156454
0.40158606
0.40161029
0.4016361
0.4016623
0.40168798
0.4017123
0.40173462
0.40175417
0.40177047
0.40178347
0.40179327
0.40180033
0.40180525
0.40180856
0.40181094
0.4018129
0.40181467
0.40181637
0.40181786
0.40181896
0.40181965
0.40181977
0.4018192
0.40181765
0.40181443
0.4018088
0.4018001
0.4017877
0.40177113
0.40175042
0.4017257
0.40169775
0.4016675
0.40163642
0.4016063
0.40157855
0.4015543
0.4015343
0.40151888
0.40150785
0.4015009
0.40149736
0.40149668
0.40149844
0.40150192
0.4015068
0.40151262
0.40151912
0.4015261
0.40153328
0.4015406
0.4015481
0.40155533
0.40156204
0.4015679
0.4015723
0.4015744
0.40157342
0.4015688
0.4015605
0.401549
0.40153545
0.40152097
0.40150696
0.40149468
0.40148512
0.4014789
0.40147626
0.40147722
0.40148154
0.4014888
0.40149868
0.40151086
0.4015252
0.4015417
0.40156034
0.4015809
0.40160304
0.40162647
0.4016507
0.40167508
0.4016988
0.401721
0.4017405
0.4017563
0.40176785
0.401775
0.40177783
0.40177703
0.40177345
0.40176818
0.4017619
0.4017548
0.401747
0.40173817
0.4017279
0.401716
0.401702
0.40168563
0.40166703
0.4016466
0.40162525
0.4016038
0.40158328
0.4015643
0.40154746
0.40153328
0.40152225
0.40151516
0.4015122
0.40151373
0.40151972
0.4015301
0.4015444
0.40156198
0.40158212
0.4016041
0.40162694
0.40164977
0.40167126
0.40168998
0.40170446
0.40171382
0.40171745
0.4017154
0.40170813
0.4016965
0.40168187
0.4016654
0.40164813
0.40163133
0.40161586
0.401602
0.40159035
0.4015811
0.40157455
0.401571
0.40157104
0.4015748
0.40158263
0.40159467
0.40161076
0.40163055
0.4016536
0.4016793
0.4017072
0.40173614
0.40176505
0.4017929
0.40181836
0.40184054
0.40185854
0.40187183
0.40188006
0.40188292
0.40188053
0.40187275
0.4018599
0.40184242
0.40182084
0.40179598
0.4017689
0.40174058
0.40171227
0.4016851
0.40166032
0.40163898
0.40162188
0.40160963
0.40160224
0.40159988
0.40160236
0.40160957
0.4016214
0.40163746
0.40165725
0.4016801
0.4017049
0.40173018
0.4017544
0.40177584
0.40179282
0.4018042
0.40180898
0.40180686
0.40179798
0.40178308
0.4017634
0.4017407
0.40171692
0.40169394
0.40167323
0.4016557
0.40164155
0.40163028
0.40162107
0.40161288
0.40160516
0.40159765
0.40159032
0.40158337
0.40157706
0.40157148
0.40156665
0.40156272
0.40155956
0.40155768
0.40155718
0.40155855
0.4015622
0.40156838
0.40157703
0.40158767
0.40159962
0.40161192
0.40162343
0.40163308
0.40164044
0.40164542
0.40164873
0.40165126
0.40165392
0.4016576
0.40166244
0.40166852
0.40167564
0.40168315
0.4016903
0.4016962
0.40170008
0.4017015
0.40170038
0.40169677
0.40169102
0.40168342
0.40167433
0.40166408
0.40165296
0.4016411
0.40162843
0.40161467
0.4015997
0.4015836
0.40156677
0.40154976
0.40153337
0.40151843
0.4015057
0.40149584
0.4014893
0.4014864
0.4014871
0.40149117
0.40149817
0.4015075
0.40151834
0.4015296
0.40154037
0.4015496
0.4015567
0.40156123
0.40156338
0.40156353
0.40156248
0.40156078
0.401559
0.40155736
0.40155596
0.40155458
0.401553
0.40155104
0.40154886
0.401547
0.40154618
0.40154696
0.40154976
0.40155473
0.40156156
0.40156946
0.40157744
0.40158424
0.401589
0.40159106
0.4015905
0.40158784
0.4015839
0.40157968
0.40157598
0.40157354
0.40157306
0.40157476
0.4015787
0.4015843
0.40159073
0.401597
0.401602
0.40160507
0.40160596
0.4016049
0.4016026
0.40159997
0.40159792
0.4015973
0.4015985
0.4016016
0.40160602
0.40161088
0.40161508
0.4016177
0.4016182
0.40161654
0.40161318
0.40160877
0.40160424
0.40160036
0.40159765
0.40159646
0.40159664
0.40159807
0.4016002
0.4016028
0.4016056
0.4016085
0.4016119
0.40161607
0.40162155
0.40162864
0.40163752
0.40164798
0.40165973
0.4016721
0.40168422
0.40169498
0.40170315
0.40170744
0.40170693
0.40170103
0.40168992
0.40167403
0.40165445
0.40163222
0.40160882
0.40158558
0.4015637
0.4015442
0.40152794
0.40151554
0.40150735
0.4015033
0.40150315
0.4015063
0.40151197
0.40151948
0.4015286
0.40153897
0.40155035
0.4015622
0.40157402
0.40158513
0.401595
0.40160364
0.40161133
0.40161866
0.4016265
0.40163556
0.401646
0.40165764
0.40166995
0.40168223
0.40169388
0.40170452
0.40171382
0.401722
0.40172905
0.40173507
0.40173995
0.40174353
0.4017452
0.4017447
0.40174183
0.40173683
0.40173018
0.4017227
0.40171555
0.4017098
0.40170667
0.40170684
0.40171078
0.40171847
0.40172946
0.40174335
0.40175933
0.4017763
0.40179336
0.40180945
0.40182355
0.40183488
0.40184256
0.40184626
0.40184548
0.4018401
0.40183023
0.4018163
0.40179902
0.40177938
0.40175864
0.40173826
0.40171972
0.40170446
0.40169346
0.4016872
0.40168548
0.40168738
0.40169168
0.4016967
0.40170076
0.401702
0.4016988
0.40169027
0.40167603
0.4016565
0.40163276
0.40160647
0.40157944
0.40155336
0.4015296
0.40150934
0.40149316
0.40148145
0.40147436
0.4014719
0.40147376
0.40147963
0.40148908
0.40150148
0.40151602
0.40153158
0.40154687
0.40156046
0.40157104
0.40157768
0.4015804
0.40157953
0.40157613
0.40157163
0.4015672
0.40156394
0.40156254
0.40156326
0.40156624
0.40157124
0.401578
0.40158623
0.40159562
0.40160543
0.40161505
0.40162352
0.4016303
0.40163523
0.40163812
0.4016393
0.40163898
0.40163714
0.4016336
0.40162805
0.4016203
0.40161052
0.40159917
0.40158716
0.40157515
0.40156394
0.40155414
0.401546
0.40153974
0.4015355
0.4015332
0.40153292
0.40153474
0.4015389
0.4015456
0.40155512
0.40156716
0.40158126
0.4015969
0.40161312
0.40162888
0.40164274
0.40165365
0.4016609
0.40166423
0.4016642
0.4016615
0.40165725
0.4016525
0.40164816
0.40164486
0.40164277
0.4016417
0.401641
0.4016397
0.40163696
0.40163207
0.40162462
0.40161476
0.40160286
0.40158963
0.40157586
0.40156224
0.40154928
0.40153733
0.40152678
0.40151775
0.40151042
0.40150478
0.40150058
0.40149745
0.401495
0.4014927
0.40149036
0.40148795
0.40148592
0.40148455
0.4014844
0.40148553
0.40148804
0.40149152
0.40149552
0.40149915
0.40150163
0.4015024
0.40150127
0.40149844
0.4014945
0.40149015
0.40148607
0.40148267
0.4014805
0.40147975
0.40148082
0.40148374
0.4014885
0.40149522
0.40150374
0.40151408
0.40152666
0.40154165
0.40155897
0.40157846
0.4015997
0.40162218
0.4016448
0.40166664
0.40168628
0.4017025
0.40171427
0.4017209
0.4017222
0.40171847
0.40171042
0.40169895
0.40168515
0.40166995
0.40165415
0.40163812
0.4016218
0.4016051
0.40158826
0.40157145
0.40155506
0.40153956
0.40152526
0.40151244
0.4015015
0.40149286
0.401487
0.40148425
0.40148476
0.40148857
0.40149546
0.40150508
0.40151712
0.4015313
0.4015472
0.40156436
0.40158188
0.40159863
0.4016133
0.40162444
0.40163112
0.4016328
0.40162978
0.40162292
0.40161344
0.40160275
0.40159193
0.40158197
0.40157333
0.40156624
0.40156078
0.40155652
0.401553
0.40154976
0.4015465
0.40154332
0.4015403
0.4015377
0.4015355
0.40153387
0.40153304
0.40153307
0.40153405
0.40153584
0.4015383
0.40154085
0.40154296
0.401544
0.4015439
0.40154287
0.40154156
0.40154096
0.40154195
0.40154526
0.40155146
0.40156105
0.40157408
0.4015903
0.40160912
0.40162984
0.40165153
0.40167361
0.40169564
0.40171754
0.401739
0.4017598
0.40177932
0.40179682
0.4018114
0.4018223
0.40182877
0.40183023
0.40182647
0.40181747
0.40180343
0.40178514
0.40176377
0.4017407
0.40171757
0.4016959
0.40167686
0.40166143
0.4016501
0.40164256
0.40163824
0.40163583
0.40163377
0.40163043
0.40162444
0.4016151
0.40160236
0.4015865
0.40156844
0.40154925
0.4015298
0.40151125
0.4014946
0.4014806
0.40146992
0.40146306
0.40146053
0.40146232
0.40146837
0.40147856
0.4014924
0.4015093
0.4015286
0.40154916
0.40157
0.4015899
0.4016083
0.4016249
0.40164006
0.4016543
0.40166843
0.40168303
0.4016983
0.40171382
0.40172896
0.4017426
0.40175387
0.40176228
0.40176776
0.40177074
0.40177187
0.40177184
0.401771
0.40176955
0.401767
0.40176272
0.40175608
0.4017465
0.4017339
0.40171844
0.4017008
0.40168196
0.40166315
0.40164575
0.40163112
0.4016202
0.4016138
0.40161228
0.40161553
0.40162307
0.40163404
0.40164724
0.4016611
0.40167415
0.40168482
0.40169206
0.40169534
0.40169472
0.40169084
0.40168485
0.4016783
0.4016725
0.4016688
0.401668
0.40167055
0.40167654
0.40168548
0.40169695
0.40171006
0.40172392
0.4017372
0.40174875
0.40175745
0.40176266
0.40176412
0.401762
0.40175676
0.40174925
0.40174052
0.4017318
0.40172434
0.4017192
0.40171677
0.40171674
0.40171853
0.40172073
0.40172207
0.40172142
0.40171784
0.40171102
0.40170085
0.40168798
0.4016731
0.40165734
0.40164155
0.4016264
0.40161252
0.40160015
0.40158966
0.40158135
0.40157542
0.40157178
0.40157017
0.40157008
0.40157095
0.4015723
0.4015735
0.40157452
0.40157554
0.4015772
0.40158015
0.4015851
0.4015925
0.40160307
0.40161747
0.40163627
0.4016603
0.40169108
0.401731
0.4017837
0.40185428
0.40194994
0.40208107
0.40226293
0.40251932
0.40287983
0.40338737
0.40410066
0.40509927
0.4064905
0.40841752
0.41110232
0.41477072
0.41973266
0.42646182
0.4356025
0.44776392
