0.44259146
0.43209544
0.42422676
0.41830808
0.41389573
0.41064462
0.40826717
0.4065223
0.40524817
0.40432414
0.4036538
0.40316874
0.40281853
0.40256545
0.4023819
0.40224746
0.40214735
0.40207058
0.4020093
0.4019578
0.4019122
0.40186995
0.40182963
0.4017907
0.4017533
0.40171784
0.40168518
0.4016559
0.40163037
0.40160865
0.40159056
0.40157557
0.4015632
0.40155306
0.40154487
0.4015385
0.4015337
0.4015302
0.4015275
0.40152514
0.40152285
0.40152025
0.40151742
0.40151474
0.4015127
0.40151176
0.40151238
0.4015151
0.40152058
0.4015293
0.40154162
0.40155736
0.40157598
0.40159667
0.40161797
0.40163848
0.40165645
0.40167072
0.4016803
0.40168473
0.40168396
0.40167832
0.4016688
0.40165636
0.40164232
0.40162835
0.4016157
0.40160576
0.40159968
0.4015981
0.4016016
0.40161029
0.40162402
0.40164223
0.40166402
0.40168798
0.40171263
0.40173635
0.40175787
0.4017758
0.4017892
0.4017973
0.4018
0.40179753
0.40179053
0.40177998
0.40176693
0.4017524
0.40173766
0.40172336
0.40171006
0.40169787
0.40168664
0.40167627
0.40166664
0.40165776
0.4016496
0.40164214
0.40163532
0.40162903
0.4016234
0.40161866
0.4016149
0.4016122
0.40161043
0.40160927
0.40160817
0.40160662
0.40160426
0.40160125
0.4015979
0.40159488
0.4015928
0.40159237
0.4015939
0.40159738
0.40160272
0.40160972
0.40161842
0.4016289
0.4016413
0.4016556
0.4016714
0.40168828
0.4017055
0.40172264
0.40173978
0.40175724
0.40177575
0.40179566
0.4018171
0.40183985
0.40186316
0.40188634
0.40190843
0.40192872
0.4019464
0.40196124
0.40197295
0.40198144
0.40198666
0.4019885
0.40198675
0.40198126
0.40197194
0.40195864
0.40194136
0.40192017
0.40189525
0.40186697
0.40183577
0.40180254
0.4017683
0.40173423
0.40170157
0.40167144
0.40164453
0.40162155
0.40160298
0.40158904
0.4015799
0.40157574
0.40157664
0.40158278
0.40159452
0.4016121
0.4016355
0.40166414
0.40169713
0.40173286
0.40176988
0.40180653
0.4018414
0.4018733
0.4019015
0.40192547
0.4019451
0.40196037
0.4019715
0.40197888
0.40198278
0.40198347
0.40198132
0.4019764
0.40196905
0.40195918
0.40194672
0.40193188
0.40191448
0.40189457
0.40187228
0.4018477
0.4018209
0.40179226
0.40176216
0.40173107
0.40169984
0.40166923
0.40164018
0.4016135
0.40158966
0.4015687
0.40155074
0.40153524
0.40152156
0.4015092
0.40149766
0.40148667
0.40147606
0.40146607
0.40145722
0.4014504
0.4014466
0.40144685
0.40145192
0.4014624
0.40147844
0.4015
0.40152627
0.40155655
0.40158984
0.40162498
0.40166083
0.4016959
0.4017287
0.40175763
0.4017814
0.40179908
0.40181002
0.40181407
0.40181187
0.4018041
0.4017919
0.40177655
0.40175924
0.40174097
0.40172252
0.40170473
0.40168783
0.40167236
0.40165854
0.40164688
0.4016377
0.4016312
0.40162715
0.40162516
0.4016247
0.4016255
0.4016273
0.40163
0.40163326
0.4016365
0.4016388
0.40163934
0.40163735
0.4016325
0.40162504
0.4016154
0.4016041
0.4015912
0.40157712
0.40156183
0.40154552
0.4015286
0.40151173
0.4014958
0.4014816
0.40146983
0.40146068
0.40145427
0.40145043
0.40144876
0.40144885
0.40145028
0.40145272
0.4014561
0.4014604
0.40146622
0.40147403
0.4014847
0.40149873
0.40151653
0.40153804
0.40156257
0.4015893
0.40161678
0.40164354
0.4016678
0.40168795
0.40170264
0.4017111
0.40171292
0.40170833
0.4016981
0.4016835
0.40166602
0.40164703
0.4016278
0.40160948
0.40159306
0.40157965
0.40157017
0.40156555
0.40156665
0.40157402
0.40158758
0.40160707
0.40163162
0.40165988
0.40168995
0.4017198
0.40174744
0.40177134
0.40179002
0.40180254
0.4018085
0.40180784
0.40180087
0.40178815
0.40177068
0.4017497
0.40172672
0.40170336
0.40168118
0.4016615
0.40164495
0.40163174
0.40162158
0.40161377
0.40160728
0.40160128
0.40159535
0.4015894
0.4015835
0.40157822
0.4015736
0.40156993
0.40156665
0.40156335
0.40155914
0.40155366
0.40154687
0.40153924
0.40153137
0.40152422
0.40151876
0.40151548
0.40151498
0.40151733
0.40152264
0.40153068
0.40154117
0.4015537
0.4015677
0.40158245
0.40159705
0.40161055
0.40162224
0.40163165
0.40163898
0.40164426
0.4016477
0.4016496
0.40165004
0.40164936
0.40164787
0.4016456
0.40164262
0.40163904
0.40163475
0.40162995
0.40162498
0.4016202
0.40161586
0.40161186
0.40160817
0.40160435
0.40160018
0.40159565
0.40159088
0.40158606
0.40158138
0.40157664
0.4015718
0.40156654
0.4015606
0.40155402
0.4015472
0.4015409
0.40153575
0.40153253
0.40153214
0.4015351
0.40154183
0.40155208
0.40156558
0.40158144
0.40159902
0.40161783
0.4016376
0.40165836
0.40167984
0.40170133
0.40172186
0.40174007
0.40175462
0.40176454
0.40176922
0.40176865
0.40176335
0.40175417
0.40174237
0.40172943
0.40171647
0.4017042
0.40169275
0.40168217
0.40167233
0.40166336
0.4016557
0.40164965
0.40164563
0.40164375
0.4016441
0.40164617
0.4016494
0.40165266
0.40165487
0.4016546
0.4016509
0.40164316
0.4016316
0.40161678
0.40159997
0.40158245
0.4015654
0.40154967
0.40153578
0.40152383
0.4015138
0.40150553
0.40149876
0.40149328
0.4014885
0.40148428
0.4014808
0.4014783
0.40147725
0.4014783
0.4014819
0.40148804
0.40149638
0.40150622
0.4015167
0.40152678
0.40153566
0.4015431
0.4015491
0.40155393
0.40155792
0.40156132
0.40156424
0.40156677
0.40156886
0.4015706
0.40157205
0.4015734
0.40157482
0.40157667
0.40157917
0.40158257
0.40158692
0.40159243
0.40159923
0.40160713
0.40161574
0.40162438
0.4016323
0.4016384
0.40164137
0.40164027
0.40163445
0.40162382
0.40160903
0.40159118
0.40157145
0.40155137
0.401532
0.40151435
0.40149906
0.40148658
0.40147698
0.40147015
0.4014658
0.40146345
0.40146247
0.4014624
0.40146273
0.40146297
0.40146306
0.40146306
0.4014632
0.40146378
0.40146497
0.401467
0.40147004
0.40147394
0.40147856
0.4014839
0.40148988
0.4014964
0.4015031
0.40150943
0.40151477
0.4015185
0.40152055
0.4015209
0.40152013
0.40151873
0.40151697
0.401515
0.40151292
0.40151078
0.40150887
0.40150762
0.40150777
0.40150955
0.40151346
0.40151972
0.4015286
0.4015401
0.401554
0.40156966
0.40158606
0.40160173
0.40161532
0.40162542
0.4016313
0.40163276
0.40163037
0.4016251
0.40161812
0.40161064
0.40160382
0.40159845
0.4015952
0.40159422
0.40159538
0.40159827
0.4016024
0.4016071
0.4016121
0.40161705
0.401622
0.40162686
0.40163133
0.40163478
0.40163633
0.40163505
0.40163025
0.40162167
0.40160966
0.40159494
0.40157863
0.40156206
0.40154654
0.4015332
0.40152287
0.40151614
0.40151313
0.40151334
0.40151614
0.40152064
0.40152588
0.40153128
0.40153646
0.40154123
0.40154523
0.40154815
0.40154982
0.40154985
0.40154856
0.4015464
0.40154386
0.40154156
0.40153992
0.4015394
0.40154043
0.40154335
0.4015482
0.4015548
0.4015626
0.40157112
0.40157974
0.40158796
0.40159544
0.40160227
0.40160877
0.40161526
0.4016221
0.40162918
0.40163615
0.4016423
0.40164664
0.40164846
0.40164727
0.40164304
0.40163624
0.40162772
0.40161818
0.40160832
0.40159878
0.40158996
0.40158215
0.4015755
0.4015701
0.4015659
0.40156275
0.40156025
0.40155822
0.4015564
0.40155488
0.4015537
0.40155286
0.40155232
0.401552
0.4015518
0.4015519
0.40155277
0.401555
0.4015592
0.4015659
0.4015755
0.4015881
0.40160367
0.40162218
0.401643
0.40166536
0.40168798
0.401709
0.4017269
0.40174025
0.40174797
0.40174952
0.40174475
0.40173423
0.40171903
0.40170065
0.40168083
0.40166116
0.40164283
0.40162647
0.4016122
0.40159965
0.4015881
0.4015769
0.40156558
0.401554
0.40154225
0.40153053
0.40151927
0.40150878
0.40149948
0.40149152
0.40148506
0.4014798
0.40147582
0.4014726
0.40147
0.40146777
0.4014659
0.4014647
0.40146428
0.40146503
0.4014673
0.4014712
0.40147656
0.4014831
0.40149018
0.4014976
0.40150487
0.40151167
0.40151754
0.40152237
0.4015263
0.40152928
0.40153143
0.4015326
0.4015328
0.40153205
0.40153015
0.40152723
0.40152362
0.40152013
0.40151763
0.4015167
0.40151784
0.4015212
0.4015269
0.4015348
0.40154478
0.4015563
0.4015688
0.40158135
0.4015934
0.4016041
0.4016126
0.40161857
0.40162185
0.4016231
0.40162346
0.40162435
0.4016272
0.40163323
0.40164307
0.40165716
0.4016753
0.40169668
0.40172014
0.4017441
0.40176696
0.4017873
0.401804
0.40181613
0.4018232
0.401825
0.40182167
0.40181354
0.40180144
0.4017863
0.40176916
0.40175125
0.40173343
0.40171623
0.40169984
0.40168414
0.40166903
0.40165484
0.4016419
0.4016308
0.40162227
0.40161687
0.40161505
0.40161702
0.4016226
0.4016314
0.40164247
0.40165505
0.40166843
0.40168175
0.40169412
0.40170497
0.40171382
0.40172067
0.40172577
0.40172943
0.4017321
0.40173426
0.40173647
0.40173873
0.40174112
0.40174285
0.4017432
0.40174106
0.40173548
0.40172592
0.4017121
0.4016943
0.40167323
0.40165004
0.401626
0.40160227
0.40158
0.40156034
0.40154415
0.401532
0.40152407
0.40152007
0.40151936
0.40152106
0.401524
0.40152696
0.40152875
0.40152845
0.40152568
0.40152055
0.4015135
0.40150547
0.40149742
0.4014906
0.40148592
0.40148392
0.40148503
0.40148923
0.40149614
0.4015052
0.40151545
0.40152618
0.40153652
0.40154582
0.4015538
0.40156093
0.40156832
0.4015775
0.4015906
0.40161005
0.4016394
0.4016833
0.40174803
0.40184227
0.40197775
0.40217158
0.4024463
0.40283138
0.4033681
0.40411365
0.40514496
0.4065672
0.40852097
0.41122675
0.4149068
0.41987097
0.42659277
0.43571422
0.44784796
