0.44256368
0.43205473
0.42416963
0.41823062
0.41379476
0.41051745
0.40811417
0.40634444
0.40504718
0.4041033
0.40341625
0.40291816
0.40255877
0.40230155
0.40211955
0.40199292
0.40190688
0.4018502
0.40181375
0.40179062
0.40177518
0.40176344
0.40175247
0.40174037
0.40172613
0.40170938
0.40169054
0.40167022
0.40164956
0.40162942
0.40161076
0.4015941
0.4015794
0.40156627
0.401554
0.40154174
0.40152884
0.40151507
0.40150058
0.40148607
0.4014724
0.40146026
0.40145013
0.4014423
0.4014368
0.4014337
0.40143308
0.40143532
0.40144062
0.40144917
0.4014614
0.40147728
0.4014968
0.4015196
0.4015448
0.40157142
0.401598
0.4016232
0.40164542
0.40166345
0.4016764
0.40168372
0.40168542
0.40168166
0.40167305
0.4016605
0.40164497
0.4016276
0.40160948
0.40159157
0.40157455
0.40155908
0.40154544
0.401534
0.40152466
0.40151745
0.40151203
0.4015078
0.40150428
0.4015009
0.40149733
0.40149367
0.4014899
0.40148667
0.4014841
0.40148267
0.40148276
0.4014842
0.40148672
0.40149003
0.40149367
0.40149733
0.40150133
0.40150616
0.40151253
0.4015209
0.4015319
0.4015454
0.40156123
0.40157863
0.40159705
0.4016154
0.40163273
0.4016477
0.40165913
0.4016662
0.40166843
0.40166578
0.4016588
0.4016484
0.40163583
0.40162227
0.4016087
0.40159586
0.40158415
0.40157402
0.40156573
0.40155926
0.40155455
0.4015514
0.40154943
0.401548
0.40154675
0.40154517
0.40154323
0.4015409
0.40153816
0.40153533
0.40153262
0.4015302
0.40152863
0.40152824
0.4015295
0.40153262
0.40153757
0.40154415
0.40155178
0.4015599
0.4015677
0.40157452
0.40157944
0.4015817
0.40158075
0.40157658
0.40156946
0.40156046
0.4015508
0.4015421
0.4015356
0.40153277
0.40153414
0.40154
0.40155
0.4015632
0.4015785
0.40159407
0.40160856
0.40162075
0.4016299
0.4016361
0.40163988
0.40164238
0.40164468
0.40164784
0.40165254
0.4016593
0.40166834
0.40167966
0.40169325
0.40170896
0.40172598
0.40174365
0.40176052
0.40177545
0.4017872
0.4017947
0.40179735
0.40179476
0.40178692
0.401774
0.4017565
0.40173516
0.40171102
0.40168527
0.4016593
0.40163454
0.4016121
0.40159264
0.40157655
0.40156376
0.4015541
0.4015471
0.4015423
0.4015393
0.40153763
0.4015374
0.40153876
0.40154222
0.4015481
0.4015566
0.4015677
0.40158093
0.40159535
0.40160996
0.40162337
0.4016342
0.40164137
0.40164435
0.4016429
0.4016375
0.40162873
0.40161762
0.40160507
0.4015922
0.40157983
0.40156862
0.40155914
0.40155166
0.40154657
0.4015441
0.40154445
0.40154764
0.40155342
0.40156153
0.40157178
0.40158367
0.40159672
0.4016106
0.401625
0.40163958
0.4016541
0.40166813
0.40168086
0.40169132
0.40169862
0.4017019
0.40170085
0.40169546
0.401686
0.40167332
0.40165848
0.40164268
0.40162736
0.40161374
0.40160245
0.40159374
0.40158767
0.40158376
0.4015817
0.4015812
0.4015823
0.4015853
0.4015904
0.40159783
0.40160736
0.40161866
0.40163097
0.40164343
0.40165523
0.4016656
0.4016737
0.40167883
0.4016802
0.40167758
0.401671
0.40166095
0.40164816
0.4016334
0.4016176
0.4016013
0.40158528
0.40157
0.40155575
0.401543
0.40153205
0.40152356
0.40151834
0.40151697
0.40152013
0.4015281
0.40154073
0.40155765
0.401578
0.40160066
0.40162405
0.40164658
0.40166655
0.40168256
0.4016938
0.4017
0.40170163
0.40169936
0.40169436
0.40168807
0.40168193
0.40167707
0.40167403
0.4016729
0.4016729
0.40167302
0.40167224
0.4016699
0.4016653
0.40165854
0.40165004
0.40164027
0.4016299
0.40161917
0.40160844
0.4015976
0.40158656
0.40157524
0.40156382
0.40155283
0.40154302
0.4015355
0.4015313
0.4015315
0.40153664
0.40154698
0.40156215
0.40158114
0.40160263
0.4016247
0.40164575
0.40166387
0.40167767
0.40168634
0.4016896
0.40168786
0.4016821
0.40167356
0.40166408
0.40165526
0.40164873
0.40164566
0.4016469
0.4016529
0.40166345
0.40167806
0.40169606
0.40171638
0.40173778
0.4017587
0.40177792
0.4017941
0.40180627
0.40181348
0.40181538
0.4018116
0.40180233
0.40178818
0.40177017
0.40174967
0.40172836
0.40170762
0.4016891
0.4016738
0.40166217
0.4016541
0.4016489
0.4016453
0.40164205
0.4016378
0.40163165
0.40162325
0.40161237
0.40159944
0.40158513
0.40157044
0.40155625
0.4015437
0.4015338
0.4015271
0.40152422
0.4015251
0.4015298
0.40153757
0.40154782
0.40155965
0.40157214
0.40158454
0.40159592
0.40160602
0.40161464
0.401622
0.40162855
0.4016349
0.40164137
0.40164816
0.40165478
0.40166092
0.40166613
0.40167022
0.40167344
0.4016762
0.40167907
0.4016827
0.40168744
0.4016935
0.4017005
0.40170792
0.40171477
0.4017201
0.40172315
0.4017233
0.40172058
0.401715
0.40170705
0.40169698
0.40168533
0.40167248
0.40165895
0.40164524
0.40163162
0.4016184
0.4016056
0.40159306
0.40158087
0.40156916
0.4015583
0.40154886
0.40154114
0.40153557
0.40153244
0.401532
0.40153453
0.4015402
0.4015494
0.40156236
0.40157896
0.40159878
0.40162107
0.40164444
0.40166736
0.40168825
0.40170556
0.40171853
0.40172654
0.4017299
0.40172914
0.40172532
0.40171972
0.40171376
0.401709
0.4017063
0.40170634
0.40170896
0.40171322
0.40171808
0.4017218
0.40172297
0.40172032
0.40171316
0.40170124
0.40168482
0.40166458
0.4016416
0.4016172
0.4015928
0.4015698
0.40154934
0.40153226
0.4015192
0.4015104
0.40150568
0.40150464
0.40150675
0.40151143
0.40151784
0.40152505
0.40153217
0.40153843
0.4015431
0.40154612
0.40154764
0.40154824
0.4015484
0.40154827
0.40154788
0.40154696
0.40154535
0.40154314
0.40154076
0.40153894
0.40153837
0.40153968
0.40154323
0.40154916
0.40155712
0.40156633
0.40157568
0.40158385
0.40158957
0.40159205
0.40159103
0.40158686
0.4015802
0.40157202
0.40156302
0.40155372
0.4015447
0.40153608
0.40152797
0.40152073
0.4015146
0.40151024
0.40150815
0.4015087
0.40151218
0.40151846
0.40152737
0.4015384
0.40155098
0.4015642
0.40157738
0.40158963
0.4016001
0.4016079
0.40161252
0.40161392
0.40161234
0.4016085
0.40160328
0.40159765
0.40159264
0.40158886
0.40158695
0.4015873
0.40159005
0.40159494
0.40160152
0.40160903
0.40161625
0.4016219
0.40162465
0.40162364
0.4016184
0.4016092
0.40159664
0.40158182
0.4015662
0.40155113
0.40153775
0.4015268
0.40151864
0.40151307
0.40150982
0.4015085
0.40150887
0.40151048
0.401513
0.4015161
0.4015198
0.40152436
0.4015302
0.4015376
0.40154654
0.40155646
0.4015666
0.40157574
0.401583
0.40158767
0.40158975
0.40158954
0.40158767
0.40158498
0.40158197
0.40157872
0.4015754
0.40157163
0.40156743
0.40156278
0.4015578
0.4015524
0.40154678
0.4015408
0.40153435
0.40152732
0.40151986
0.40151235
0.4015052
0.40149894
0.4014939
0.40149033
0.40148816
0.40148723
0.4014874
0.40148848
0.40149015
0.4014924
0.40149477
0.40149698
0.4014983
0.40149838
0.40149716
0.40149498
0.4014926
0.40149078
0.40149006
0.40149108
0.40149406
0.40149906
0.40150616
0.4015151
0.4015254
0.4015366
0.40154782
0.4015583
0.40156716
0.4015735
0.40157697
0.4015775
0.40157565
0.40157205
0.40156752
0.40156302
0.401559
0.4015558
0.4015537
0.40155235
0.4015514
0.4015508
0.4015504
0.40155017
0.40155026
0.40155086
0.40155202
0.40155387
0.4015567
0.4015606
0.40156588
0.4015725
0.4015803
0.40158913
0.4015986
0.40160844
0.40161806
0.40162686
0.40163386
0.40163806
0.40163863
0.40163514
0.40162745
0.40161583
0.4016008
0.40158302
0.40156344
0.4015433
0.40152377
0.4015061
0.40149117
0.4014798
0.40147254
0.40146956
0.40147078
0.40147555
0.4014831
0.40149206
0.4015012
0.40150946
0.4015161
0.4015208
0.4015235
0.40152466
0.40152493
0.40152508
0.40152588
0.40152782
0.40153104
0.4015355
0.40154067
0.40154606
0.4015514
0.4015564
0.40156096
0.40156522
0.4015691
0.40157253
0.40157554
0.40157846
0.40158185
0.4015864
0.40159276
0.40160108
0.40161136
0.401623
0.4016353
0.40164703
0.40165713
0.40166467
0.40166894
0.40166974
0.40166736
0.40166232
0.4016555
0.40164778
0.40164
0.40163276
0.40162644
0.40162122
0.401617
0.40161332
0.4016099
0.40160623
0.4016022
0.40159783
0.40159315
0.40158808
0.4015828
0.40157735
0.40157196
0.40156692
0.40156254
0.40155894
0.40155625
0.40155435
0.4015531
0.40155205
0.40155098
0.40154946
0.40154746
0.401545
0.40154183
0.401538
0.40153342
0.40152827
0.4015227
0.40151688
0.40151092
0.40150484
0.40149862
0.40149245
0.40148672
0.40148202
0.4014789
0.40147793
0.40147945
0.4014838
0.40149093
0.40150067
0.4015125
0.40152586
0.40153986
0.40155342
0.4015653
0.40157428
0.40157908
0.40157893
0.40157357
0.40156347
0.40154934
0.40153238
0.40151381
0.4014949
0.4014769
0.40146077
0.40144747
0.40143746
0.40143108
0.4014286
0.40143034
0.4014363
0.4014465
0.4014605
0.4014777
0.40149716
0.40151775
0.4015383
0.40155745
0.40157425
0.40158784
0.40159783
0.40160415
0.40160698
0.40160638
0.40160242
0.40159503
0.4015845
0.40157118
0.40155593
0.40153968
0.4015235
0.4015085
0.40149572
0.4014857
0.4014791
0.40147606
0.40147656
0.40148023
0.40148655
0.40149498
0.40150487
0.4015157
0.40152693
0.4015382
0.40154898
0.40155864
0.40156642
0.40157145
0.40157297
0.40157074
0.40156513
0.40155688
0.4015471
0.40153688
0.40152735
0.40151927
0.40151322
0.40150952
0.40150815
0.40150896
0.40151167
0.40151623
0.40152243
0.40153047
0.40154022
0.4015514
0.4015635
0.40157577
0.40158713
0.40159664
0.40160346
0.40160725
0.40160793
0.401606
0.401602
0.4015967
0.40159056
0.4015841
0.40157777
0.40157223
0.40156797
0.40156582
0.4015666
0.401571
0.40158018
0.40159553
0.4016188
0.40165263
0.40170047
0.40176752
0.40186146
0.4019933
0.4021796
0.40244347
0.40281433
0.40333417
0.40406072
0.4050723
0.40647572
0.40841368
0.41110837
0.4147843
0.41975152
0.4264836
0.43562317
0.44778025
