0.442606
0.43211138
0.4242398
0.41831288
0.41388604
0.41061336
0.4082091
0.40643322
0.40512547
0.4041684
0.4034672
0.40295535
0.4025833
0.40231428
0.40212053
0.40198132
0.40188104
0.40180838
0.40175495
0.40171495
0.40168393
0.4016585
0.40163618
0.4016154
0.4015953
0.4015757
0.40155706
0.40153992
0.40152493
0.4015126
0.40150347
0.40149784
0.40149572
0.40149698
0.40150136
0.40150863
0.40151846
0.40153056
0.40154433
0.40155903
0.40157387
0.4015877
0.4015993
0.40160757
0.4016114
0.40161037
0.40160468
0.40159494
0.40158248
0.40156862
0.40155482
0.40154243
0.40153244
0.40152565
0.4015224
0.40152264
0.4015261
0.40153214
0.40154
0.40154892
0.40155795
0.40156597
0.40157205
0.40157542
0.40157568
0.40157297
0.40156803
0.40156165
0.40155497
0.40154883
0.4015439
0.40154064
0.40153933
0.40154004
0.4015427
0.40154704
0.40155277
0.40155926
0.401566
0.4015728
0.4015793
0.40158528
0.40159038
0.40159392
0.4015954
0.4015945
0.40159106
0.40158555
0.4015787
0.4015717
0.4015656
0.40156162
0.40156078
0.40156394
0.40157163
0.40158394
0.40160033
0.40161982
0.40164104
0.40166235
0.40168202
0.4016987
0.40171143
0.40171984
0.4017244
0.4017259
0.40172562
0.40172476
0.4017241
0.4017239
0.40172386
0.40172297
0.4017203
0.40171468
0.40170556
0.40169248
0.4016754
0.40165475
0.40163124
0.4016061
0.40158093
0.40155742
0.4015371
0.40152135
0.40151095
0.4015063
0.40150732
0.40151373
0.40152484
0.4015398
0.40155745
0.4015764
0.4015952
0.4016122
0.40162626
0.40163693
0.40164417
0.40164846
0.4016503
0.40165043
0.40164906
0.40164655
0.40164316
0.40163925
0.4016354
0.401632
0.40162954
0.4016282
0.401628
0.40162864
0.4016295
0.40162972
0.40162832
0.40162444
0.40161783
0.4016085
0.40159708
0.40158442
0.40157142
0.40155888
0.40154737
0.4015372
0.40152857
0.40152153
0.40151578
0.40151113
0.4015076
0.4015051
0.40150356
0.40150294
0.40150285
0.40150318
0.40150398
0.40150547
0.4015079
0.40151152
0.40151614
0.40152133
0.40152618
0.4015299
0.40153164
0.40153095
0.40152776
0.40152252
0.40151602
0.4015091
0.40150264
0.40149757
0.40149468
0.40149456
0.4014975
0.4015037
0.4015129
0.40152478
0.401539
0.4015552
0.40157357
0.40159392
0.4016163
0.4016407
0.40166673
0.4016938
0.4017209
0.401747
0.401771
0.40179226
0.4018101
0.40182427
0.4018345
0.40184096
0.4018438
0.4018432
0.40183944
0.40183288
0.40182418
0.40181413
0.40180385
0.40179428
0.40178663
0.40178156
0.40177938
0.40177992
0.4017827
0.40178722
0.4017932
0.40180036
0.40180847
0.40181708
0.40182537
0.4018326
0.4018378
0.4018402
0.40183926
0.40183443
0.40182546
0.40181246
0.40179592
0.40177688
0.40175664
0.40173683
0.40171897
0.40170428
0.40169343
0.40168652
0.40168312
0.40168267
0.40168396
0.4016858
0.40168712
0.4016871
0.40168554
0.40168285
0.4016797
0.4016773
0.40167668
0.40167865
0.40168414
0.40169314
0.40170583
0.40172184
0.40174055
0.4017609
0.4017821
0.40180326
0.4018239
0.40184355
0.40186173
0.40187785
0.40189156
0.40190235
0.40190977
0.40191337
0.40191284
0.40190783
0.40189844
0.40188482
0.40186757
0.40184736
0.40182522
0.40180206
0.4017787
0.40175584
0.40173373
0.4017128
0.40169322
0.40167513
0.40165836
0.40164262
0.40162766
0.40161312
0.40159908
0.4015858
0.4015737
0.40156335
0.4015554
0.40155053
0.40154943
0.4015524
0.40155956
0.40157086
0.4015858
0.40160382
0.40162447
0.40164742
0.401672
0.40169734
0.40172204
0.40174446
0.40176308
0.40177664
0.40178433
0.40178576
0.40178108
0.40177074
0.40175575
0.40173727
0.40171677
0.40169522
0.40167373
0.4016528
0.40163305
0.40161476
0.40159845
0.40158436
0.40157256
0.4015628
0.4015546
0.4015477
0.40154165
0.4015366
0.40153295
0.4015311
0.40153143
0.40153387
0.40153846
0.40154463
0.40155208
0.40156043
0.40156966
0.4015796
0.40158996
0.40160042
0.4016103
0.40161955
0.4016282
0.40163675
0.4016457
0.40165567
0.40166712
0.4016806
0.4016964
0.40171468
0.4017352
0.40175718
0.4017795
0.40180093
0.40182018
0.40183583
0.40184698
0.40185276
0.40185282
0.4018471
0.40183583
0.40181983
0.4018002
0.40177822
0.40175545
0.40173334
0.40171304
0.4016953
0.4016806
0.40166867
0.40165913
0.40165135
0.40164477
0.40163898
0.4016337
0.40162873
0.40162405
0.40161967
0.4016155
0.4016114
0.40160725
0.40160304
0.40159914
0.4015963
0.4015953
0.40159705
0.40160233
0.40161186
0.4016258
0.40164423
0.4016669
0.4016932
0.40172225
0.40175307
0.4017844
0.40181503
0.40184402
0.40187064
0.4018943
0.40191436
0.40193045
0.40194228
0.40194955
0.40195224
0.40195024
0.40194377
0.40193298
0.40191796
0.40189898
0.40187594
0.401849
0.40181854
0.4017852
0.40175003
0.40171427
0.40167937
0.40164667
0.40161717
0.4015916
0.4015706
0.4015545
0.40154362
0.4015379
0.401537
0.40154043
0.40154755
0.4015578
0.4015708
0.40158573
0.40160182
0.4016179
0.40163276
0.40164503
0.4016536
0.40165764
0.40165696
0.40165174
0.40164274
0.4016309
0.40161738
0.40160322
0.40158918
0.40157595
0.40156394
0.4015536
0.40154546
0.40154025
0.4015385
0.40154085
0.40154758
0.40155885
0.40157452
0.401594
0.40161648
0.40164077
0.4016651
0.40168774
0.40170684
0.4017209
0.4017288
0.40172988
0.40172386
0.40171126
0.4016931
0.40167052
0.40164536
0.40161952
0.40159476
0.40157282
0.40155488
0.40154165
0.4015334
0.40153006
0.40153092
0.40153506
0.40154135
0.40154856
0.40155542
0.40156105
0.40156496
0.40156716
0.40156803
0.40156803
0.4015677
0.40156782
0.40156898
0.4015719
0.40157685
0.401584
0.401593
0.40160334
0.40161443
0.40162584
0.4016376
0.4016498
0.40166274
0.4016764
0.40169013
0.4017033
0.40171462
0.40172294
0.40172732
0.4017275
0.4017233
0.4017152
0.4017039
0.40169019
0.40167508
0.40165922
0.4016432
0.40162715
0.4016114
0.40159625
0.40158224
0.4015698
0.4015594
0.4015511
0.40154466
0.4015396
0.40153533
0.40153125
0.40152663
0.40152088
0.40151337
0.4015039
0.40149257
0.40147978
0.4014661
0.40145227
0.40143898
0.40142685
0.40141654
0.40140846
0.4014031
0.40140077
0.4014016
0.40140578
0.40141347
0.4014248
0.4014399
0.40145868
0.40148073
0.40150553
0.40153235
0.40155986
0.40158665
0.40161133
0.40163267
0.40165007
0.40166366
0.40167388
0.40168154
0.40168753
0.4016923
0.4016959
0.40169832
0.40169898
0.4016977
0.40169442
0.40168944
0.40168345
0.40167707
0.40167105
0.40166607
0.4016629
0.40166223
0.4016645
0.40167022
0.4016791
0.40169036
0.40170282
0.401715
0.40172553
0.401733
0.40173644
0.4017354
0.4017302
0.4017216
0.4017108
0.40169898
0.40168723
0.4016762
0.40166605
0.40165657
0.40164763
0.40163898
0.40163088
0.40162396
0.401619
0.40161675
0.4016178
0.40162244
0.4016307
0.40164188
0.40165505
0.40166894
0.40168202
0.4016931
0.40170118
0.4017058
0.40170693
0.4017052
0.40170118
0.40169597
0.40169093
0.40168718
0.4016858
0.40168753
0.40169278
0.40170115
0.40171197
0.40172407
0.40173584
0.40174586
0.40175268
0.40175536
0.40175316
0.40174595
0.40173396
0.40171775
0.40169814
0.4016764
0.40165362
0.40163115
0.40160993
0.4015909
0.40157467
0.40156138
0.4015508
0.4015427
0.40153643
0.40153158
0.40152755
0.4015238
0.40151998
0.40151587
0.40151167
0.40150762
0.40150407
0.40150145
0.40150023
0.40150067
0.4015027
0.40150604
0.4015102
0.40151474
0.40151912
0.4015237
0.40152878
0.40153506
0.40154302
0.4015531
0.4015654
0.40157974
0.4015956
0.40161207
0.40162805
0.40164208
0.4016527
0.40165907
0.40166074
0.40165824
0.40165263
0.40164557
0.40163872
0.40163356
0.4016314
0.4016329
0.4016382
0.40164697
0.4016583
0.40167123
0.40168455
0.40169725
0.40170872
0.40171862
0.40172714
0.4017347
0.4017419
0.4017493
0.4017573
0.40176582
0.40177432
0.4017821
0.4017881
0.40179133
0.40179113
0.40178704
0.40177912
0.40176767
0.4017536
0.40173808
0.4017222
0.4017069
0.40169284
0.40168017
0.40166894
0.40165913
0.40165043
0.4016422
0.40163377
0.40162438
0.40161353
0.40160134
0.40158802
0.40157434
0.40156105
0.40154856
0.40153703
0.40152633
0.4015159
0.40150523
0.40149403
0.40148234
0.40147066
0.40145957
0.40144977
0.40144157
0.4014355
0.40143183
0.40143082
0.40143245
0.40143672
0.4014435
0.40145278
0.40146443
0.4014788
0.40149575
0.40151528
0.4015373
0.40156147
0.4015872
0.40161365
0.40163985
0.40166476
0.40168792
0.40170896
0.40172786
0.40174475
0.4017596
0.40177175
0.40178084
0.40178618
0.40178755
0.40178484
0.40177807
0.40176785
0.40175447
0.40173852
0.40172055
0.40170085
0.40168017
0.40165907
0.40163842
0.40161902
0.40160152
0.40158656
0.40157452
0.4015655
0.4015595
0.40155655
0.4015564
0.401559
0.4015641
0.40157178
0.40158206
0.40159506
0.40161085
0.40162948
0.40165094
0.40167537
0.40170255
0.4017319
0.4017623
0.40179223
0.40182024
0.4018449
0.4018649
0.40187943
0.40188783
0.4018899
0.40188557
0.40187535
0.4018599
0.4018402
0.4018174
0.40179294
0.40176788
0.40174344
0.40172035
0.40169895
0.4016794
0.40166166
0.4016453
0.40162987
0.40161452
0.40159896
0.40158296
0.40156674
0.40155053
0.40153477
0.4015198
0.40150613
0.4014942
0.40148446
0.40147728
0.4014729
0.40147135
0.40147266
0.40147677
0.4014835
0.40149266
0.4015038
0.40151656
0.40153036
0.40154466
0.40155876
0.40157223
0.40158454
0.40159506
0.4016036
0.40160987
0.4016142
0.40161717
0.40161934
0.40162107
0.40162244
0.40162352
0.40162396
0.4016237
0.40162277
0.40162143
0.40162018
0.40161937
0.40161973
0.40162173
0.40162602
0.40163288
0.40164247
0.40165445
0.401668
0.40168217
0.4016955
0.40170676
0.4017151
0.40172002
0.40172157
0.4017203
0.40171695
0.40171257
0.40170807
0.40170413
0.40170118
0.40169942
0.40169933
0.40170074
0.40170345
0.401707
0.4017104
0.40171275
0.40171286
0.40171006
0.4017042
0.4016953
0.4016841
0.40167177
0.40165967
0.40164962
0.40164307
0.4016412
0.40164435
0.40165266
0.40166554
0.4016818
0.4017001
0.40171853
0.4017351
0.4017481
0.40175635
0.4017592
0.40175685
0.40175
0.40173995
0.4017279
0.4017155
0.4017037
0.40169343
0.40168524
0.4016796
0.40167624
0.40167478
0.40167427
0.40167364
0.40167195
0.40166867
0.4016638
0.40165794
0.401652
0.40164736
0.4016453
0.4016471
0.40165332
0.40166393
0.40167853
0.4016959
0.4017144
0.40173233
0.4017478
0.40175942
0.4017661
0.40176716
0.40176234
0.40175176
0.40173587
0.40171564
0.40169245
0.40166792
0.4016439
0.40162194
0.40160355
0.40158963
0.40158075
0.40157685
0.40157744
0.40158165
0.40158817
0.40159562
0.40160242
0.40160698
0.4016082
0.40160578
0.4015999
0.40159136
0.40158135
0.40157068
0.4015603
0.40155038
0.40154073
0.40153104
0.401521
0.40151048
0.40150002
0.40149033
0.40148243
0.40147737
0.40147585
0.4014786
0.4014857
0.4014971
0.40151203
0.4015298
0.40154934
0.4015694
0.40158862
0.40160584
0.40161964
0.40162924
0.40163404
0.40163422
0.4016303
0.40162343
0.40161493
0.4016062
0.4015984
0.40159246
0.401589
0.4015884
0.40159062
0.40159535
0.4016019
0.40160924
0.40161645
0.40162268
0.40162766
0.4016313
0.40163398
0.40163606
0.4016378
0.40163913
0.40164003
0.40163973
0.4016384
0.40163583
0.40163252
0.4016291
0.40162635
0.40162483
0.4016249
0.4016264
0.40162915
0.40163267
0.4016365
0.40164036
0.40164357
0.40164563
0.40164572
0.40164292
0.40163624
0.40162545
0.4016106
0.4015926
0.4015728
0.4015528
0.40153438
0.40151894
0.4015075
0.40150058
0.40149817
0.40149996
0.4015052
0.40151262
0.4015211
0.40152916
0.4015356
0.40153953
0.40154046
0.40153867
0.40153456
0.40152878
0.40152192
0.40151465
0.40150738
0.40150073
0.401495
0.4014906
0.4014877
0.40148646
0.40148702
0.40148956
0.40149394
0.4015001
0.4015079
0.40151715
0.4015275
0.40153867
0.4015507
0.40156367
0.40157765
0.4015924
0.40160757
0.40162215
0.40163523
0.40164542
0.40165198
0.4016546
0.4016535
0.40164948
0.40164366
0.40163702
0.40163055
0.4016247
0.40161997
0.40161628
0.4016133
0.40161073
0.40160844
0.40160665
0.4016055
0.40160543
0.4016063
0.4016079
0.40160948
0.40161029
0.40160963
0.40160695
0.4016022
0.40159577
0.4015883
0.40158078
0.40157434
0.4015702
0.4015692
0.40157205
0.40157896
0.40158993
0.40160453
0.40162215
0.40164196
0.40166277
0.40168363
0.40170312
0.40172005
0.4017332
0.40174174
0.40174517
0.40174323
0.4017362
0.40172476
0.40170985
0.40169266
0.40167433
0.40165564
0.40163732
0.4016197
0.401603
0.40158725
0.40157238
0.40155807
0.40154403
0.40152988
0.40151528
0.40150043
0.40148592
0.40147245
0.4014611
0.4014524
0.40144694
0.4014449
0.40144616
0.40145043
0.40145713
0.40146565
0.40147546
0.40148598
0.40149698
0.40150824
0.40151957
0.40153056
0.40154094
0.40155008
0.40155795
0.4015644
0.40156972
0.40157408
0.4015775
0.40157977
0.40158027
0.40157837
0.4015736
0.4015658
0.4015554
0.4015431
0.40153012
0.40151748
0.4015062
0.40149692
0.40149
0.40148565
0.40148357
0.40148374
0.40148595
0.4014899
0.4014956
0.40150315
0.40151235
0.40152338
0.40153608
0.40154994
0.40156448
0.4015788
0.40159187
0.4016027
0.40161037
0.40161467
0.40161553
0.4016135
0.40160936
0.40160397
0.40159833
0.40159297
0.40158838
0.40158466
0.40158165
0.401579
0.40157658
0.4015739
0.40157086
0.4015672
0.40156287
0.4015578
0.40155205
0.40154573
0.4015391
0.40153205
0.40152478
0.40151748
0.40151045
0.40150407
0.40149862
0.40149435
0.40149122
0.4014893
0.4014885
0.40148887
0.4014906
0.40149388
0.4014989
0.4015059
0.40151522
0.40152735
0.40154296
0.401563
0.40158886
0.40162277
0.40166757
0.4017272
0.40180704
0.40191472
0.40206107
0.40226182
0.40253872
0.40292063
0.40344906
0.40418163
0.40519676
0.4066015
0.4085383
0.411229
0.41489816
0.41985527
0.4265734
0.43569583
0.44783357
