0.44255796
0.43204993
0.42416897
0.41823748
0.41381198
0.41054735
0.4081576
0.4064013
0.40511638
0.40418214
0.40350115
0.4030046
0.4026414
0.4023741
0.40217543
0.40202576
0.4019111
0.40182152
0.40175
0.40169173
0.4016436
0.40160373
0.401571
0.40154493
0.40152505
0.40151125
0.40150315
0.40150034
0.40150207
0.4015075
0.40151563
0.40152553
0.40153614
0.4015465
0.4015559
0.40156376
0.40156978
0.4015735
0.40157485
0.40157416
0.40157223
0.40157023
0.40156916
0.40157
0.40157333
0.4015794
0.4015881
0.40159875
0.40161
0.40162048
0.40162855
0.4016331
0.4016334
0.4016298
0.4016229
0.4016139
0.40160394
0.40159413
0.4015851
0.40157726
0.401571
0.4015666
0.40156412
0.40156388
0.40156597
0.4015707
0.40157843
0.40158904
0.40160218
0.40161678
0.4016315
0.40164465
0.40165442
0.4016597
0.4016596
0.401654
0.4016431
0.40162778
0.4016092
0.40158877
0.4015682
0.4015488
0.4015319
0.40151846
0.4015092
0.40150443
0.4015041
0.40150797
0.40151536
0.40152565
0.4015378
0.4015507
0.40156308
0.40157384
0.40158212
0.4015876
0.40159035
0.4015907
0.4015891
0.40158594
0.40158126
0.4015752
0.40156806
0.40156052
0.40155345
0.401548
0.40154526
0.40154582
0.4015501
0.40155804
0.40156937
0.40158358
0.40160027
0.40161926
0.4016405
0.40166408
0.40168974
0.40171698
0.40174496
0.40177265
0.4017988
0.40182266
0.40184346
0.40186068
0.40187413
0.4018837
0.40188932
0.40189105
0.40188873
0.40188223
0.40187153
0.40185693
0.40183884
0.40181807
0.40179548
0.40177232
0.40174952
0.40172818
0.40170896
0.40169197
0.40167713
0.401664
0.40165195
0.40164062
0.40162966
0.40161934
0.40160966
0.40160096
0.40159324
0.40158623
0.40157977
0.4015732
0.40156606
0.4015581
0.40154958
0.4015408
0.40153226
0.4015245
0.40151802
0.40151277
0.40150893
0.4015062
0.40150425
0.40150285
0.40150216
0.40150255
0.4015045
0.40150863
0.4015152
0.40152422
0.40153506
0.40154704
0.401559
0.40156966
0.40157828
0.4015843
0.4015877
0.40158892
0.4015889
0.40158862
0.40158913
0.40159082
0.4015941
0.40159878
0.401605
0.40161255
0.40162155
0.4016318
0.401643
0.4016548
0.40166673
0.40167773
0.40168694
0.40169325
0.4016961
0.40169522
0.40169087
0.4016836
0.40167415
0.40166327
0.40165162
0.4016399
0.4016286
0.4016183
0.40160918
0.4016015
0.40159506
0.4015898
0.4015854
0.40158135
0.40157747
0.40157375
0.40157056
0.4015683
0.4015674
0.4015681
0.40157035
0.4015737
0.40157744
0.40158087
0.40158325
0.40158406
0.40158308
0.40158078
0.4015776
0.4015746
0.40157285
0.40157306
0.4015757
0.4015811
0.4015888
0.4015982
0.40160772
0.40161604
0.40162152
0.401623
0.40161982
0.40161163
0.40159875
0.40158194
0.40156212
0.40154073
0.40151876
0.40149733
0.40147743
0.40145978
0.40144494
0.40143326
0.40142512
0.40142062
0.4014198
0.40142235
0.40142798
0.40143606
0.40144584
0.40145677
0.40146804
0.40147936
0.40149045
0.40150163
0.40151328
0.40152568
0.4015392
0.40155372
0.40156913
0.401585
0.40160102
0.40161636
0.4016301
0.40164095
0.40164784
0.40164977
0.40164652
0.40163842
0.40162632
0.40161163
0.40159598
0.4015806
0.40156692
0.40155584
0.40154788
0.40154362
0.40154317
0.40154648
0.40155324
0.40156287
0.40157476
0.4015882
0.40160212
0.40161526
0.40162617
0.4016337
0.4016368
0.40163532
0.40162954
0.40162048
0.4016094
0.40159792
0.40158725
0.40157828
0.40157154
0.4015671
0.40156436
0.40156278
0.40156138
0.40155908
0.40155512
0.4015492
0.4015412
0.40153164
0.40152118
0.40151045
0.40150046
0.40149224
0.4014864
0.4014835
0.40148365
0.40148655
0.40149182
0.40149876
0.4015067
0.4015146
0.4015219
0.40152818
0.40153387
0.40153956
0.4015462
0.40155473
0.4015659
0.4015802
0.40159816
0.40161952
0.40164405
0.40167096
0.40169936
0.4017281
0.40175605
0.40178227
0.40180573
0.4018258
0.40184185
0.40185332
0.40185967
0.40186024
0.4018549
0.40184328
0.40182558
0.40180224
0.40177417
0.4017424
0.4017082
0.4016729
0.40163788
0.4016045
0.40157387
0.40154684
0.40152407
0.401506
0.40149274
0.40148446
0.4014807
0.40148148
0.40148625
0.40149444
0.40150526
0.40151766
0.40153077
0.40154383
0.40155652
0.40156862
0.40158013
0.40159068
0.40159994
0.40160733
0.4016125
0.40161517
0.40161592
0.40161547
0.4016149
0.40161547
0.40161824
0.40162408
0.40163308
0.40164503
0.40165898
0.40167344
0.40168682
0.40169737
0.40170375
0.40170515
0.40170103
0.40169165
0.40167746
0.40165985
0.4016401
0.40161955
0.4015994
0.40158054
0.4015635
0.40154862
0.4015361
0.40152603
0.4015183
0.40151286
0.40150955
0.40150818
0.4015085
0.40151024
0.4015129
0.40151593
0.40151888
0.40152118
0.40152273
0.40152374
0.40152448
0.4015254
0.4015268
0.40152863
0.40153074
0.40153277
0.40153435
0.4015353
0.40153584
0.40153643
0.4015378
0.40154055
0.40154523
0.4015519
0.40156046
0.4015701
0.40158004
0.4015891
0.40159655
0.4016019
0.40160516
0.40160683
0.40160748
0.40160787
0.4016085
0.40160978
0.40161183
0.40161446
0.40161732
0.40162
0.40162215
0.40162364
0.40162444
0.40162498
0.40162572
0.4016271
0.4016293
0.40163234
0.40163592
0.40163952
0.4016424
0.4016441
0.40164408
0.40164214
0.4016382
0.40163234
0.40162444
0.4016148
0.4016037
0.40159178
0.40157983
0.40156847
0.4015584
0.40154997
0.40154344
0.40153867
0.40153518
0.40153244
0.40153006
0.40152776
0.40152553
0.40152335
0.40152133
0.40151936
0.4015173
0.40151453
0.40151036
0.40150452
0.40149683
0.40148762
0.40147737
0.40146667
0.4014561
0.4014459
0.40143642
0.40142787
0.40142038
0.40141436
0.4014101
0.4014079
0.4014079
0.40141004
0.40141422
0.4014203
0.4014278
0.40143657
0.4014465
0.40145746
0.4014694
0.4014822
0.4014956
0.40150914
0.40152222
0.4015343
0.4015448
0.401553
0.4015585
0.40156117
0.4015614
0.4015602
0.40155873
0.4015583
0.40156022
0.40156516
0.40157372
0.40158588
0.40160125
0.40161917
0.40163848
0.40165764
0.40167502
0.40168902
0.40169865
0.4017033
0.401703
0.40169832
0.40169004
0.40167928
0.40166706
0.40165436
0.40164196
0.40163046
0.40162066
0.40161303
0.4016078
0.401605
0.40160426
0.40160516
0.40160704
0.40160906
0.40161046
0.4016103
0.4016078
0.40160242
0.40159407
0.40158322
0.40157074
0.40155777
0.4015454
0.40153453
0.40152574
0.4015194
0.4015153
0.40151364
0.40151426
0.4015167
0.40152073
0.40152568
0.401531
0.40153635
0.40154147
0.40154675
0.4015526
0.40155974
0.401569
0.40158048
0.4015944
0.4016104
0.401628
0.40164617
0.4016639
0.40167987
0.40169287
0.40170208
0.40170693
0.40170753
0.401704
0.40169755
0.40168917
0.40168023
0.4016716
0.40166375
0.40165678
0.4016503
0.40164375
0.40163648
0.40162757
0.40161628
0.4016021
0.40158498
0.40156546
0.4015444
0.40152264
0.40150118
0.4014808
0.401462
0.40144533
0.40143114
0.40141997
0.40141198
0.40140757
0.4014069
0.40140998
0.40141645
0.40142602
0.40143812
0.40145215
0.40146717
0.40148202
0.40149555
0.40150675
0.401515
0.40151995
0.4015221
0.401522
0.4015204
0.40151817
0.4015161
0.401515
0.40151536
0.40151757
0.40152168
0.40152746
0.4015348
0.40154362
0.4015537
0.40156487
0.401577
0.40158993
0.40160325
0.4016165
0.4016292
0.40164083
0.40165076
0.4016582
0.4016623
0.40166268
0.40165913
0.401652
0.40164208
0.40163028
0.40161765
0.40160528
0.4015943
0.4015856
0.40157992
0.4015776
0.4015788
0.40158305
0.40158936
0.40159646
0.40160277
0.4016068
0.40160736
0.40160394
0.4015964
0.40158525
0.40157148
0.40155652
0.4015416
0.40152794
0.40151647
0.40150765
0.4015018
0.40149894
0.4014988
0.40150118
0.4015057
0.401512
0.40151945
0.40152746
0.40153542
0.4015427
0.40154848
0.4015519
0.40155217
0.40154868
0.40154138
0.4015307
0.4015174
0.4015027
0.40148774
0.40147373
0.40146175
0.40145266
0.401447
0.40144485
0.40144613
0.40145054
0.40145773
0.40146708
0.40147802
0.40148988
0.4015021
0.40151402
0.40152526
0.4015356
0.4015451
0.40155372
0.40156123
0.40156725
0.40157133
0.40157297
0.40157223
0.4015695
0.40156546
0.40156096
0.40155685
0.40155342
0.40155086
0.40154907
0.4015477
0.40154636
0.40154445
0.40154153
0.40153685
0.4015302
0.40152147
0.40151116
0.4015
0.40148896
0.40147907
0.4014712
0.401466
0.40146384
0.4014647
0.40146828
0.4014739
0.40148097
0.40148827
0.4014948
0.40149945
0.4015016
0.40150106
0.40149832
0.40149406
0.40148914
0.40148443
0.4014808
0.4014787
0.40147856
0.4014804
0.40148413
0.4014893
0.40149575
0.40150306
0.40151122
0.4015203
0.40153074
0.401543
0.4015573
0.40157384
0.40159243
0.40161252
0.40163308
0.40165284
0.4016704
0.4016843
0.40169367
0.4016978
0.40169638
0.4016895
0.40167758
0.40166137
0.40164196
0.40162075
0.40159905
0.40157822
0.4015593
0.40154323
0.40153068
0.40152192
0.40151724
0.40151653
0.4015198
0.40152678
0.40153706
0.40155035
0.40156603
0.40158352
0.4016018
0.4016195
0.40163526
0.40164778
0.40165615
0.40165988
0.40165913
0.4016543
0.40164658
0.40163764
0.40162975
0.40162545
0.401628
0.40164122
0.40166998
0.40172082
0.40180212
0.40192565
0.40210786
0.40237194
0.402747
0.40327463
0.4040121
0.40503734
0.40645584
0.40840927
0.411118
0.4148048
0.41977876
0.42651397
0.43565091
0.4478018
