0.442682
0.43221074
0.42435938
0.41845047
0.4140398
0.41078267
0.40839213
0.40662852
0.40533125
0.4043815
0.40368316
0.4031685
0.40278736
0.40250254
0.40228695
0.40212095
0.4019907
0.4018866
0.40180248
0.4017339
0.4016785
0.4016344
0.40160042
0.40157542
0.4015583
0.4015481
0.4015437
0.40154466
0.40155053
0.40156144
0.4015774
0.40159836
0.40162385
0.40165332
0.4016856
0.4017193
0.40175286
0.4017847
0.40181345
0.40183824
0.40185833
0.40187353
0.40188372
0.40188923
0.4018903
0.40188748
0.40188122
0.40187258
0.40186253
0.4018523
0.40184304
0.40183568
0.40183067
0.40182772
0.40182623
0.401825
0.4018232
0.40181994
0.401815
0.4018084
0.4018006
0.40179208
0.4017831
0.40177384
0.40176404
0.40175334
0.40174142
0.40172836
0.40171435
0.4017001
0.40168655
0.40167472
0.40166554
0.40166003
0.40165868
0.40166172
0.40166873
0.4016791
0.401692
0.4017065
0.4017219
0.40173748
0.40175223
0.40176496
0.40177435
0.40177912
0.40177858
0.4017725
0.40176123
0.40174544
0.4017264
0.40170524
0.4016831
0.40166116
0.40164042
0.40162158
0.40160534
0.40159187
0.40158123
0.4015731
0.40156686
0.4015617
0.40155703
0.40155235
0.4015479
0.4015442
0.4015423
0.40154302
0.4015471
0.4015546
0.40156546
0.4015791
0.40159473
0.40161163
0.4016288
0.4016451
0.40165907
0.4016693
0.40167457
0.4016743
0.4016686
0.40165806
0.40164417
0.40162873
0.4016137
0.40160108
0.40159255
0.40158916
0.40159136
0.40159902
0.4016114
0.4016273
0.40164542
0.40166435
0.40168294
0.40170056
0.4017168
0.40173146
0.40174448
0.40175548
0.40176395
0.4017689
0.4017696
0.40176547
0.401756
0.40174115
0.40172127
0.40169695
0.40166914
0.40163904
0.40160805
0.40157744
0.4015485
0.40152243
0.40150008
0.40148205
0.40146863
0.40146026
0.401457
0.40145898
0.401466
0.4014777
0.40149343
0.4015126
0.4015343
0.40155762
0.40158114
0.40160355
0.4016231
0.40163836
0.401648
0.40165144
0.40164858
0.40164012
0.40162712
0.4016112
0.40159407
0.4015772
0.401562
0.40154943
0.40153995
0.4015341
0.4015319
0.40153334
0.40153807
0.40154555
0.40155506
0.4015655
0.4015757
0.40158457
0.40159118
0.40159535
0.40159705
0.40159664
0.40159473
0.40159187
0.40158874
0.40158594
0.40158457
0.4015856
0.40159008
0.4015985
0.40161085
0.4016268
0.40164512
0.40166458
0.40168363
0.40170068
0.40171438
0.40172377
0.40172818
0.4017274
0.4017216
0.40171117
0.40169695
0.40167978
0.40166074
0.40164104
0.40162128
0.401602
0.40158334
0.40156496
0.4015468
0.40152848
0.40151015
0.4014921
0.4014748
0.40145883
0.40144515
0.4014344
0.4014272
0.40142405
0.40142503
0.4014301
0.40143922
0.4014518
0.40146744
0.4014853
0.40150443
0.40152377
0.40154192
0.4015576
0.4015696
0.4015769
0.40157953
0.40157777
0.4015728
0.40156573
0.40155804
0.40155068
0.4015444
0.4015398
0.4015371
0.40153623
0.40153703
0.40153924
0.40154248
0.4015467
0.401552
0.4015583
0.4015659
0.40157488
0.4015854
0.40159738
0.4016109
0.40162587
0.40164214
0.4016593
0.40167758
0.40169668
0.40171668
0.4017371
0.40175718
0.40177584
0.4017919
0.4018044
0.40181255
0.401816
0.401815
0.4018101
0.40180233
0.40179294
0.40178296
0.40177336
0.40176442
0.4017559
0.4017473
0.4017378
0.40172654
0.40171292
0.40169662
0.40167773
0.4016564
0.40163317
0.4016085
0.40158308
0.40155745
0.40153265
0.40150973
0.40148956
0.4014729
0.40146038
0.4014522
0.40144867
0.4014495
0.4014546
0.40146348
0.40147558
0.40149027
0.40150672
0.4015239
0.40154082
0.40155652
0.40157026
0.40158135
0.4015889
0.4015925
0.40159202
0.40158778
0.4015806
0.40157172
0.40156212
0.4015527
0.4015438
0.40153533
0.40152726
0.4015192
0.4015109
0.40150234
0.40149376
0.4014857
0.40147892
0.40147373
0.40147015
0.40146828
0.4014678
0.40146863
0.4014711
0.40147528
0.40148154
0.40149
0.40150064
0.40151322
0.40152735
0.40154275
0.4015589
0.4015752
0.40159082
0.4016051
0.40161744
0.40162766
0.40163574
0.40164185
0.40164593
0.4016479
0.40164736
0.40164438
0.40163898
0.40163162
0.401623
0.40161398
0.40160528
0.4015978
0.4015922
0.40158877
0.4015877
0.40158895
0.40159264
0.40159872
0.40160698
0.4016168
0.40162748
0.40163794
0.40164718
0.40165442
0.40165913
0.40166152
0.4016623
0.40166244
0.40166306
0.4016651
0.40166903
0.4016748
0.40168208
0.40169007
0.4016976
0.4017036
0.40170717
0.4017078
0.4017053
0.4017
0.40169248
0.40168318
0.4016725
0.40166068
0.40164813
0.40163523
0.4016223
0.40160966
0.40159735
0.4015853
0.4015737
0.40156278
0.40155306
0.4015448
0.4015384
0.40153387
0.4015311
0.40152985
0.40152946
0.4015292
0.40152848
0.40152702
0.401525
0.4015233
0.4015231
0.40152556
0.40153158
0.4015416
0.40155548
0.4015727
0.40159237
0.40161312
0.40163368
0.40165225
0.4016674
0.4016779
0.40168273
0.40168157
0.40167466
0.40166306
0.40164804
0.40163133
0.40161476
0.40159988
0.40158826
0.40158066
0.40157747
0.40157843
0.40158272
0.40158927
0.40159672
0.40160388
0.40160993
0.40161455
0.40161803
0.40162086
0.40162396
0.4016278
0.40163264
0.4016381
0.40164343
0.40164766
0.40164965
0.4016488
0.40164474
0.40163752
0.40162757
0.4016155
0.40160218
0.40158817
0.40157422
0.4015606
0.40154755
0.40153545
0.40152448
0.40151536
0.40150842
0.40150374
0.40150112
0.4015
0.40149972
0.40149984
0.4015003
0.40150124
0.4015031
0.40150613
0.40151066
0.40151697
0.40152493
0.40153435
0.40154487
0.40155616
0.4015677
0.40157896
0.40158895
0.401597
0.40160245
0.401605
0.4016051
0.40160334
0.40160066
0.40159792
0.40159613
0.40159553
0.40159646
0.40159866
0.40160158
0.40160438
0.4016062
0.4016066
0.40160525
0.4016025
0.40159884
0.40159467
0.4015905
0.40158665
0.40158325
0.40158048
0.40157846
0.40157712
0.40157643
0.4015766
0.40157786
0.40158033
0.4015841
0.40158877
0.4015939
0.40159857
0.40160227
0.40160468
0.40160576
0.40160602
0.40160602
0.4016066
0.40160832
0.4016116
0.4016164
0.40162247
0.40162927
0.40163583
0.40164134
0.40164503
0.4016468
0.40164673
0.40164533
0.40164325
0.4016409
0.4016384
0.40163568
0.40163207
0.40162686
0.4016194
0.4016093
0.40159672
0.40158245
0.40156755
0.40155315
0.4015402
0.40152934
0.4015211
0.4015156
0.40151262
0.40151176
0.40151256
0.40151432
0.4015167
0.4015193
0.40152192
0.4015247
0.40152767
0.4015312
0.40153593
0.40154275
0.4015525
0.40156573
0.40158257
0.4016026
0.40162513
0.40164885
0.40167245
0.4016949
0.40171546
0.40173408
0.4017506
0.40176547
0.40177843
0.40178892
0.40179616
0.4017996
0.40179864
0.40179336
0.40178406
0.40177152
0.40175658
0.40174022
0.40172297
0.40170544
0.40168774
0.4016703
0.4016534
0.4016375
0.40162277
0.40160924
0.4015969
0.4015853
0.40157428
0.40156332
0.40155223
0.4015412
0.40153039
0.40152046
0.4015119
0.4015052
0.40150073
0.40149888
0.4014998
0.401504
0.40151176
0.40152338
0.40153942
0.40156
0.401585
0.40161416
0.4016464
0.40168056
0.40171483
0.40174714
0.4017757
0.4017991
0.4018163
0.40182677
0.40183046
0.40182775
0.4018194
0.4018064
0.40179005
0.40177146
0.40175208
0.40173316
0.40171567
0.40170035
0.40168765
0.4016779
0.40167114
0.40166706
0.40166497
0.40166393
0.40166315
0.4016623
0.40166125
0.40166032
0.40166
0.40166074
0.40166298
0.40166676
0.40167174
0.40167722
0.40168193
0.40168464
0.40168434
0.4016803
0.4016725
0.40166137
0.40164796
0.40163377
0.40162048
0.4016095
0.40160233
0.40159997
0.40160304
0.4016119
0.4016263
0.40164572
0.40166944
0.4016959
0.4017235
0.40175045
0.40177494
0.40179566
0.40181154
0.40182185
0.40182626
0.40182477
0.4018175
0.40180495
0.40178773
0.40176678
0.40174338
0.40171883
0.40169483
0.40167254
0.40165296
0.40163666
0.40162373
0.40161386
0.40160683
0.40160194
0.40159824
0.40159494
0.40159103
0.40158603
0.40157977
0.40157264
0.40156522
0.40155816
0.40155193
0.40154704
0.40154362
0.40154165
0.40154058
0.40153977
0.40153837
0.40153578
0.40153176
0.40152645
0.4015203
0.40151364
0.4015069
0.40150028
0.4014938
0.40148744
0.40148115
0.40147483
0.40146858
0.40146306
0.40145922
0.40145797
0.40146035
0.40146708
0.40147847
0.4014945
0.40151444
0.40153757
0.40156257
0.40158805
0.40161234
0.40163386
0.40165088
0.40166205
0.4016663
0.40166324
0.4016531
0.40163687
0.40161577
0.40159172
0.40156642
0.40154165
0.40151882
0.40149876
0.40148208
0.40146858
0.40145802
0.40144998
0.401444
0.40143967
0.40143692
0.401436
0.40143713
0.4014408
0.40144747
0.4014575
0.40147102
0.401488
0.401508
0.40153033
0.4015539
0.4015775
0.40159962
0.40161893
0.40163437
0.4016453
0.40165162
0.40165356
0.40165222
0.40164876
0.4016444
0.40164027
0.40163717
0.40163538
0.4016347
0.4016343
0.40163317
0.4016303
0.40162498
0.40161687
0.40160632
0.401594
0.4015807
0.40156755
0.4015553
0.40154487
0.40153658
0.40153053
0.40152645
0.4015239
0.40152255
0.40152198
0.4015221
0.4015225
0.40152314
0.40152422
0.40152657
0.40153068
0.4015372
0.40154654
0.40155882
0.40157387
0.40159115
0.40160987
0.40162903
0.40164787
0.40166572
0.401682
0.40169632
0.40170786
0.40171576
0.4017194
0.40171844
0.40171316
0.4017038
0.40169096
0.40167516
0.401657
0.40163702
0.4016162
0.4015957
0.40157685
0.4015608
0.40154848
0.40154043
0.4015367
0.4015371
0.40154108
0.40154824
0.401558
0.40157008
0.40158436
0.4016005
0.40161833
0.40163743
0.4016574
0.4016776
0.40169716
0.40171492
0.4017297
0.40174055
0.40174663
0.40174755
0.4017431
0.40173343
0.40171897
0.40170062
0.4016794
0.4016564
0.40163276
0.4016092
0.40158632
0.4015647
0.40154475
0.4015269
0.4015114
0.40149847
0.40148836
0.40148103
0.40147623
0.40147376
0.40147334
0.40147513
0.40147904
0.40148547
0.4014946
0.40150672
0.40152177
0.40153942
0.40155905
0.40157947
0.40159932
0.40161702
0.40163162
0.40164217
0.40164876
0.40165177
0.4016521
0.40165067
0.40164822
0.40164515
0.4016417
0.40163788
0.4016338
0.4016295
0.40162528
0.40162134
0.40161806
0.40161592
0.40161532
0.40161684
0.40162063
0.4016268
0.40163487
0.4016442
0.40165377
0.4016624
0.4016693
0.40167406
0.40167668
0.40167755
0.40167722
0.40167627
0.4016752
0.40167373
0.4016718
0.40166855
0.40166342
0.40165636
0.4016474
0.4016371
0.40162626
0.40161535
0.4016049
0.4015953
0.4015867
0.40157956
0.40157405
0.4015706
0.40156934
0.40157
0.40157235
0.40157595
0.40158033
0.40158546
0.40159157
0.40159845
0.4016059
0.40161318
0.40161943
0.4016238
0.4016256
0.4016245
0.40162092
0.40161535
0.40160835
0.40160048
0.40159205
0.40158305
0.40157357
0.40156373
0.40155393
0.401545
0.40153766
0.40153268
0.40153047
0.40153137
0.40153533
0.40154225
0.4015523
0.40156513
0.40158042
0.40159747
0.40161526
0.40163255
0.40164825
0.4016614
0.40167168
0.40167922
0.4016845
0.40168858
0.40169287
0.40169847
0.40170616
0.40171623
0.40172827
0.40174147
0.40175453
0.40176615
0.40177536
0.40178153
0.4017847
0.4017854
0.4017844
0.40178296
0.40178207
0.40178254
0.4017845
0.40178755
0.40179083
0.40179348
0.40179428
0.40179262
0.40178752
0.4017788
0.40176624
0.40175027
0.40173134
0.4017103
0.40168783
0.4016646
0.4016411
0.4016179
0.40159553
0.4015748
0.40155587
0.401539
0.40152407
0.40151075
0.40149856
0.40148744
0.40147772
0.4014701
0.40146542
0.4014643
0.4014673
0.40147457
0.40148592
0.40150067
0.4015181
0.40153715
0.4015568
0.40157598
0.40159407
0.4016106
0.401625
0.40163693
0.40164605
0.40165278
0.40165743
0.4016608
0.40166366
0.40166652
0.40166983
0.40167382
0.4016783
0.40168288
0.40168703
0.40169024
0.4016923
0.4016933
0.40169367
0.40169412
0.40169504
0.40169668
0.40169904
0.4017018
0.40170452
0.4017066
0.40170756
0.4017072
0.40170538
0.40170255
0.40169898
0.40169477
0.40168992
0.40168482
0.4016796
0.40167448
0.40166965
0.40166545
0.40166202
0.40165973
0.401659
0.40166032
0.40166366
0.40166897
0.40167546
0.40168202
0.4016878
0.4016918
0.40169367
0.40169343
0.4016913
0.40168762
0.4016826
0.40167654
0.40166947
0.40166155
0.4016534
0.40164578
0.40164003
0.4016372
0.40163848
0.40164456
0.40165552
0.4016707
0.40168893
0.40170854
0.40172747
0.40174383
0.40175617
0.4017634
0.4017653
0.4017621
0.40175462
0.40174413
0.40173212
0.40172026
0.40171033
0.40170345
0.40170044
0.40170118
0.4017052
0.40171146
0.40171868
0.4017256
0.40173116
0.4017345
0.40173537
0.4017339
0.4017308
0.40172705
0.4017234
0.40172046
0.40171847
0.4017174
0.40171665
0.40171555
0.4017133
0.40170932
0.40170333
0.40169573
0.40168718
0.4016787
0.40167132
0.40166563
0.40166184
0.40165955
0.4016582
0.4016564
0.40165296
0.4016471
0.4016382
0.4016263
0.4016122
0.40159684
0.40158162
0.40156755
0.40155575
0.40154704
0.401542
0.40154073
0.40154284
0.40154764
0.40155414
0.40156123
0.4015677
0.4015729
0.40157667
0.40157914
0.4015808
0.40158197
0.401583
0.40158412
0.4015853
0.40158615
0.40158615
0.4015848
0.40158138
0.40157577
0.40156823
0.4015593
0.40154988
0.40154064
0.40153193
0.40152413
0.401517
0.40151066
0.401505
0.4015
0.4014959
0.40149292
0.40149152
0.40149197
0.40149453
0.4014993
0.40150645
0.4015158
0.4015273
0.40154073
0.40155607
0.4015733
0.4015922
0.40161225
0.40163282
0.40165287
0.40167132
0.40168723
0.40170008
0.40170968
0.40171623
0.40172037
0.40172255
0.40172297
0.40172136
0.40171728
0.4017101
0.4016995
0.40168548
0.40166855
0.4016495
0.40162975
0.40161037
0.4015927
0.4015775
0.4015653
0.40155622
0.4015501
0.40154648
0.401545
0.40154526
0.4015471
0.40155026
0.40155452
0.40155974
0.4015659
0.40157315
0.40158156
0.40159097
0.40160108
0.40161112
0.40162024
0.40162736
0.40163136
0.40163165
0.4016282
0.40162122
0.4016114
0.40159956
0.40158656
0.40157342
0.40156165
0.40155232
0.4015464
0.4015444
0.40154633
0.40155232
0.40156165
0.40157333
0.4015858
0.40159747
0.4016068
0.4016126
0.4016145
0.40161276
0.40160835
0.40160263
0.40159723
0.40159342
0.40159205
0.40159383
0.40159878
0.4016065
0.40161642
0.40162766
0.40163898
0.40164965
0.40165877
0.40166575
0.40166992
0.40167084
0.40166843
0.40166298
0.4016554
0.40164718
0.40163985
0.40163475
0.40163296
0.40163514
0.4016415
0.4016517
0.40166524
0.4016809
0.40169716
0.40171233
0.40172493
0.40173364
0.40173772
0.40173686
0.4017311
0.40172112
0.4017076
0.4016915
0.40167347
0.401654
0.40163362
0.40161294
0.40159288
0.40157437
0.4015585
0.401546
0.4015378
0.40153447
0.40153643
0.40154377
0.40155643
0.40157372
0.4015947
0.4016179
0.40164158
0.40166375
0.4016825
0.40169635
0.40170452
0.40170643
0.40170255
0.4016937
0.40168118
0.40166682
0.4016521
0.40163848
0.40162706
0.40161854
0.40161377
0.40161312
0.40161678
0.40162468
0.40163627
0.4016505
0.40166602
0.40168115
0.40169436
0.4017042
0.40170965
0.40171
0.4017052
0.40169558
0.40168226
0.4016661
0.40164846
0.40163046
0.4016132
0.4015974
0.40158343
0.4015712
0.40156046
0.40155086
0.40154245
0.4015355
0.4015304
0.40152737
0.4015264
0.40152732
0.40152982
0.4015334
0.40153748
0.40154132
0.4015442
0.40154558
0.40154526
0.40154335
0.40154064
0.40153766
0.40153524
0.40153396
0.40153438
0.40153652
0.4015403
0.40154523
0.40155077
0.40155652
0.40156215
0.40156734
0.40157178
0.40157512
0.40157682
0.40157655
0.40157437
0.40157068
0.4015659
0.40156043
0.40155455
0.40154874
0.4015437
0.4015402
0.40153876
0.40153986
0.40154377
0.40155038
0.401559
0.40156922
0.40157998
0.40159023
0.40159884
0.40160504
0.401608
0.40160716
0.4016023
0.40159386
0.40158242
0.40156898
0.4015546
0.40154028
0.40152723
0.40151638
0.40150842
0.401504
0.4015033
0.40150604
0.4015116
0.4015194
0.40152824
0.40153748
0.40154582
0.40155244
0.40155685
0.40155914
0.40155983
0.40155974
0.40156004
0.4015619
0.40156618
0.40157348
0.4015841
0.40159792
0.40161455
0.40163335
0.4016534
0.40167332
0.40169173
0.40170744
0.40171933
0.40172702
0.4017304
0.40172958
0.40172505
0.40171745
0.40170753
0.401696
0.40168366
0.40167102
0.40165836
0.4016456
0.40163305
0.4016208
0.40160906
0.40159813
0.40158814
0.4015793
0.40157178
0.4015657
0.40156087
0.40155682
0.4015528
0.40154797
0.40154165
0.40153348
0.4015235
0.4015123
0.40150046
0.40148896
0.40147868
0.40147027
0.40146443
0.40146157
0.4014618
0.40146503
0.40147093
0.4014789
0.4014882
0.40149802
0.4015075
0.4015161
0.4015238
0.40153095
0.40153822
0.40154612
0.40155488
0.40156463
0.4015751
0.40158588
0.4015966
0.40160722
0.40161803
0.4016295
0.40164217
0.40165642
0.40167204
0.40168875
0.4017059
0.40172252
0.40173757
0.40174976
0.40175813
0.4017623
0.40176198
0.4017577
0.40175036
0.40174115
0.4017315
0.40172264
0.40171522
0.40170938
0.40170467
0.4017
0.401694
0.40168545
0.40167364
0.40165818
0.4016395
0.40161803
0.40159503
0.40157145
0.4015483
0.40152636
0.40150633
0.4014887
0.40147385
0.401462
0.4014534
0.4014482
0.4014465
0.40144795
0.4014525
0.40145966
0.401469
0.4014802
0.4014927
0.40150648
0.40152124
0.40153697
0.40155366
0.401571
0.4015887
0.40160584
0.40162134
0.40163395
0.40164274
0.40164694
0.40164632
0.40164122
0.40163222
0.40162045
0.40160725
0.40159383
0.4015816
0.4015716
0.40156496
0.4015625
0.40156502
0.40157297
0.4015869
0.4016066
0.4016318
0.4016617
0.40169516
0.4017307
0.40176657
0.4018012
0.40183312
0.40186125
0.4018847
0.4019031
0.40191588
0.40192303
0.40192428
0.40191972
0.4019094
0.4018936
0.4018726
0.40184695
0.40181735
0.40178484
0.40175077
0.40171665
0.40168378
0.40165362
0.40162686
0.40160394
0.40158468
0.4015687
0.40155545
0.40154427
0.40153494
0.4015272
0.40152147
0.40151834
0.40151823
0.4015215
0.40152842
0.401539
0.40155315
0.40157068
0.40159118
0.4016139
0.40163782
0.40166202
0.40168574
0.40170836
0.4017297
0.40174964
0.40176773
0.40178365
0.40179685
0.40180707
0.40181452
0.40181947
0.40182263
0.4018244
0.40182555
0.40182614
0.4018262
0.4018252
0.4018221
0.40181622
0.40180674
0.4017933
0.40177596
0.4017553
0.40173241
0.40170854
0.4016851
0.40166327
0.4016441
0.40162805
0.4016155
0.40160635
0.40160048
0.40159726
0.40159595
0.40159565
0.40159535
0.40159416
0.40159178
0.4015879
0.40158266
0.40157613
0.40156844
0.40156007
0.4015513
0.40154275
0.40153491
0.40152818
0.40152314
0.4015199
0.4015184
0.4015182
0.4015186
0.4015187
0.40151775
0.40151545
0.40151194
0.40150782
0.40150377
0.40150058
0.40149873
0.40149876
0.40150085
0.40150467
0.4015096
0.4015149
0.40151945
0.40152222
0.40152243
0.40151972
0.40151408
0.40150607
0.40149665
0.4014866
0.40147683
0.4014677
0.4014595
0.40145236
0.4014466
0.40144235
0.40143976
0.40143883
0.40143928
0.4014412
0.40144438
0.40144885
0.40145445
0.40146098
0.40146822
0.40147582
0.40148368
0.40149167
0.4015001
0.40150928
0.40151936
0.40153006
0.4015408
0.4015508
0.40155908
0.40156487
0.4015677
0.40156788
0.40156573
0.40156233
0.40155843
0.40155485
0.40155205
0.40155044
0.4015502
0.4015514
0.40155402
0.40155762
0.40156156
0.4015649
0.40156686
0.40156692
0.40156487
0.40156087
0.40155557
0.40154952
0.40154323
0.4015373
0.40153217
0.40152824
0.40152612
0.4015263
0.40152973
0.40153706
0.40154886
0.40156516
0.40158564
0.4016093
0.40163445
0.4016594
0.401682
0.40170044
0.4017134
0.40171996
0.4017196
0.40171272
0.40169984
0.4016823
0.40166128
0.40163812
0.40161413
0.40159023
0.40156743
0.40154648
0.40152818
0.40151325
0.40150216
0.4014951
0.40149212
0.40149283
0.40149668
0.40150288
0.40151015
0.40151742
0.40152338
0.4015275
0.40152946
0.4015296
0.40152827
0.401526
0.40152296
0.40151906
0.40151417
0.40150806
0.40150064
0.40149194
0.40148237
0.40147245
0.401463
0.40145472
0.40144804
0.40144348
0.40144128
0.40144148
0.40144402
0.40144855
0.4014548
0.40146223
0.40147042
0.40147895
0.40148726
0.40149498
0.4015018
0.40150785
0.40151337
0.40151882
0.40152466
0.40153125
0.40153894
0.40154782
0.40155834
0.4015704
0.4015839
0.40159866
0.40161422
0.4016301
0.40164563
0.4016599
0.40167195
0.40168074
0.4016856
0.40168604
0.40168235
0.40167475
0.4016642
0.4016518
0.40163866
0.40162605
0.40161496
0.40160635
0.40160084
0.4015985
0.40159926
0.40160272
0.4016085
0.40161636
0.40162605
0.4016372
0.4016492
0.40166134
0.40167245
0.40168133
0.40168703
0.40168884
0.4016865
0.40167978
0.4016692
0.4016555
0.40163973
0.40162352
0.4016085
0.40159613
0.4015874
0.4015827
0.40158173
0.40158373
0.4015874
0.4015911
0.40159357
0.40159386
0.40159157
0.4015868
0.40158024
0.40157238
0.40156424
0.4015567
0.4015506
0.4015467
0.4015455
0.40154743
0.4015531
0.40156257
0.4015758
0.40159246
0.40161175
0.4016326
0.40165365
0.4016735
0.4016905
0.4017037
0.40171218
0.40171564
0.40171382
0.40170708
0.4016959
0.40168107
0.40166375
0.4016453
0.40162712
0.40161046
0.40159658
0.40158615
0.4015796
0.4015766
0.40157673
0.40157896
0.40158197
0.40158477
0.40158665
0.4015872
0.4015865
0.40158477
0.40158245
0.40157977
0.40157706
0.40157488
0.4015734
0.40157267
0.40157282
0.40157324
0.40157393
0.40157443
0.4015748
0.40157482
0.40157482
0.4015757
0.40157923
0.4015883
0.40160662
0.40163958
0.4016938
0.40177834
0.40190554
0.4020925
0.4023621
0.402744
0.4032797
0.4040263
0.40506077
0.40648818
0.40844914
0.41116342
0.4148526
0.41982594
0.42655748
0.4356876
0.44782925
