0.4425848
0.43208054
0.4241974
0.41825733
0.4138172
0.41053304
0.40812182
0.40634462
0.40504193
0.40409595
0.40341097
0.40291905
0.4025695
0.40232438
0.40215528
0.40204093
0.4019653
0.4019163
0.40188488
0.40186432
0.40184993
0.40183857
0.40182844
0.40181878
0.40180948
0.40180087
0.40179327
0.4017868
0.40178153
0.40177703
0.40177265
0.4017675
0.40176076
0.40175155
0.40173936
0.40172386
0.40170524
0.40168405
0.40166137
0.40163827
0.4016164
0.40159696
0.40158093
0.4015691
0.40156183
0.4015591
0.40156096
0.40156692
0.40157664
0.4015894
0.4016044
0.4016202
0.40163538
0.40164846
0.40165803
0.4016632
0.40166366
0.4016594
0.4016513
0.40164044
0.4016282
0.4016161
0.4016051
0.4015962
0.4015898
0.4015865
0.4015865
0.40159044
0.40159863
0.40161127
0.40162814
0.40164876
0.40167204
0.40169653
0.40172088
0.40174353
0.4017632
0.40177888
0.40179005
0.4017964
0.4017984
0.4017967
0.4017922
0.40178618
0.40177995
0.40177444
0.4017703
0.4017677
0.4017659
0.40176404
0.40176067
0.40175462
0.40174502
0.40173137
0.40171376
0.40169278
0.40166947
0.40164512
0.40162125
0.40159908
0.40157956
0.40156373
0.40155232
0.40154585
0.40154454
0.4015483
0.40155685
0.4015697
0.4015862
0.4016059
0.40162796
0.40165135
0.40167484
0.40169713
0.40171665
0.40173233
0.40174335
0.40174893
0.4017489
0.4017433
0.40173253
0.40171748
0.40169913
0.4016788
0.40165758
0.40163675
0.40161714
0.40159932
0.40158343
0.40156934
0.40155673
0.40154517
0.40153435
0.40152383
0.40151337
0.40150303
0.40149298
0.40148392
0.4014766
0.40147188
0.40147045
0.40147272
0.40147883
0.40148887
0.40150282
0.40152034
0.4015412
0.40156505
0.40159097
0.40161842
0.4016466
0.4016743
0.40170008
0.40172246
0.4017401
0.401752
0.4017577
0.4017571
0.40175068
0.40173927
0.401724
0.40170616
0.4016871
0.401668
0.40164992
0.4016334
0.4016187
0.40160546
0.4015934
0.4015823
0.401572
0.40156275
0.4015546
0.4015477
0.40154216
0.4015379
0.40153518
0.40153387
0.401534
0.4015355
0.40153816
0.40154198
0.40154728
0.4015543
0.40156308
0.40157342
0.40158504
0.40159726
0.4016094
0.40162107
0.40163225
0.40164346
0.40165535
0.4016684
0.4016829
0.40169862
0.4017145
0.40172938
0.40174192
0.4017511
0.40175605
0.4017564
0.40175205
0.4017431
0.40173015
0.401714
0.40169576
0.40167665
0.40165764
0.4016393
0.40162182
0.40160474
0.4015877
0.40157014
0.4015524
0.40153491
0.40151852
0.40150446
0.40149358
0.40148658
0.40148395
0.40148574
0.40149176
0.40150148
0.40151405
0.40152863
0.40154412
0.40155926
0.40157276
0.4015835
0.40159068
0.4015939
0.40159324
0.40158924
0.40158263
0.40157396
0.40156388
0.401553
0.40154198
0.4015313
0.4015214
0.40151235
0.40150416
0.4014968
0.40149042
0.4014851
0.4014809
0.4014781
0.40147692
0.40147722
0.40147898
0.40148196
0.40148586
0.40149036
0.40149534
0.40150073
0.40150645
0.4015123
0.40151802
0.40152314
0.40152726
0.40153006
0.40153107
0.4015304
0.40152827
0.4015248
0.40152058
0.4015155
0.40150973
0.40150324
0.4014963
0.40148914
0.4014823
0.4014764
0.40147212
0.40147015
0.4014711
0.40147522
0.4014827
0.40149352
0.40150732
0.4015235
0.40154123
0.40155935
0.40157682
0.4015925
0.4016055
0.40161535
0.40162185
0.40162534
0.40162668
0.4016267
0.40162626
0.40162575
0.40162498
0.40162352
0.4016205
0.40161544
0.40160805
0.40159842
0.40158698
0.40157416
0.40156072
0.40154725
0.40153444
0.4015228
0.40151277
0.40150478
0.40149915
0.4014962
0.4014965
0.40150028
0.40150782
0.40151927
0.4015343
0.40155244
0.40157282
0.4015945
0.40161636
0.40163767
0.40165824
0.4016782
0.4016981
0.40171844
0.4017394
0.40176085
0.40178227
0.40180302
0.40182254
0.40184018
0.4018556
0.40186834
0.4018782
0.40188497
0.4018885
0.40188867
0.40188548
0.40187913
0.40186977
0.40185758
0.40184277
0.40182564
0.40180662
0.4017863
0.40176547
0.40174505
0.40172595
0.40170887
0.4016943
0.40168226
0.40167224
0.40166387
0.40165663
0.40165037
0.40164503
0.40164074
0.40163773
0.4016361
0.40163597
0.4016376
0.40164122
0.401647
0.40165493
0.4016645
0.4016749
0.40168485
0.40169284
0.40169755
0.4016982
0.40169457
0.40168715
0.40167713
0.40166607
0.4016559
0.40164816
0.40164384
0.4016435
0.4016471
0.4016542
0.4016642
0.40167603
0.4016884
0.4016999
0.40170926
0.40171546
0.4017183
0.4017176
0.40171394
0.40170807
0.40170124
0.40169483
0.40169004
0.40168798
0.40168932
0.40169483
0.40170467
0.40171897
0.4017372
0.4017584
0.40178093
0.40180337
0.40182412
0.40184185
0.4018554
0.4018639
0.40186667
0.40186313
0.40185314
0.40183657
0.40181392
0.40178603
0.4017542
0.40171996
0.401685
0.40165126
0.40162024
0.40159312
0.40157086
0.40155384
0.40154216
0.40153575
0.40153396
0.40153626
0.40154165
0.4015492
0.4015578
0.4015671
0.40157664
0.40158668
0.40159768
0.40160996
0.40162334
0.40163755
0.40165147
0.4016639
0.40167356
0.40167916
0.40168026
0.4016767
0.40166894
0.40165818
0.40164587
0.40163335
0.401622
0.4016127
0.40160573
0.40160125
0.4015991
0.40159902
0.4016009
0.4016047
0.40161014
0.40161675
0.40162423
0.40163195
0.4016393
0.4016454
0.40164948
0.4016513
0.4016505
0.40164763
0.40164334
0.40163863
0.4016343
0.4016309
0.40162873
0.4016278
0.4016276
0.40162772
0.40162805
0.40162864
0.40162978
0.40163156
0.40163368
0.40163556
0.40163645
0.40163565
0.40163288
0.40162817
0.40162218
0.40161586
0.40160987
0.40160486
0.4016013
0.40159917
0.40159836
0.40159836
0.4015991
0.40160066
0.40160334
0.40160757
0.4016136
0.40162125
0.4016304
0.40164047
0.4016509
0.40166116
0.4016709
0.40168017
0.4016892
0.40169847
0.40170813
0.40171835
0.40172893
0.40173924
0.40174866
0.40175653
0.40176228
0.40176556
0.40176624
0.40176454
0.4017606
0.4017551
0.40174878
0.4017425
0.40173706
0.40173274
0.4017293
0.40172613
0.40172222
0.4017165
0.40170836
0.40169778
0.401685
0.40167084
0.40165678
0.40164402
0.40163386
0.40162718
0.40162453
0.40162587
0.4016307
0.40163803
0.40164658
0.40165532
0.40166306
0.4016692
0.40167344
0.40167594
0.40167683
0.4016767
0.40167588
0.4016746
0.4016729
0.4016708
0.40166834
0.40166548
0.40166268
0.40166047
0.4016599
0.40166137
0.40166527
0.40167162
0.40168014
0.40168998
0.4017
0.401709
0.4017157
0.40171936
0.4017197
0.4017166
0.40171048
0.40170214
0.4016926
0.40168285
0.40167361
0.4016654
0.40165824
0.40165222
0.401647
0.40164244
0.40163854
0.40163562
0.40163422
0.40163487
0.4016378
0.4016428
0.40164956
0.40165707
0.4016642
0.40166995
0.40167356
0.40167442
0.40167236
0.40166765
0.4016606
0.40165147
0.4016406
0.4016282
0.4016145
0.40159988
0.4015847
0.40156963
0.40155497
0.4015412
0.40152916
0.4015192
0.40151185
0.4015075
0.40150613
0.401508
0.40151277
0.40152022
0.40152952
0.40153965
0.40154925
0.40155703
0.4015619
0.40156308
0.40156046
0.4015545
0.4015461
0.4015364
0.40152654
0.40151742
0.40150926
0.40150237
0.40149668
0.40149215
0.40148896
0.40148705
0.4014867
0.40148774
0.40149015
0.40149394
0.40149873
0.4015047
0.4015117
0.4015196
0.40152848
0.4015382
0.4015484
0.4015584
0.40156746
0.40157503
0.40158066
0.40158442
0.40158665
0.40158775
0.40158832
0.40158892
0.40158978
0.401591
0.4015928
0.4015952
0.40159824
0.40160194
0.40160653
0.40161234
0.4016196
0.40162832
0.4016384
0.4016494
0.40166074
0.40167162
0.401681
0.4016881
0.40169233
0.40169364
0.40169215
0.40168858
0.40168363
0.40167776
0.401671
0.40166304
0.40165332
0.40164122
0.40162653
0.40160945
0.4015906
0.40157086
0.40155134
0.4015331
0.40151685
0.40150315
0.4014921
0.4014835
0.40147698
0.40147182
0.40146744
0.40146336
0.40145957
0.40145645
0.40145445
0.4014543
0.40145642
0.40146112
0.40146863
0.401479
0.40149197
0.40150693
0.40152317
0.4015396
0.4015551
0.4015689
0.40158042
0.40158966
0.40159672
0.40160248
0.40160745
0.40161207
0.40161657
0.40162072
0.4016243
0.40162688
0.40162838
0.4016287
0.40162814
0.40162736
0.40162754
0.4016295
0.40163428
0.40164232
0.40165383
0.40166834
0.40168482
0.4017021
0.4017187
0.40173346
0.4017455
0.40175453
0.40176046
0.4017638
0.4017653
0.40176597
0.40176666
0.40176812
0.40177074
0.40177408
0.40177727
0.40177912
0.4017786
0.40177485
0.40176725
0.40175584
0.40174088
0.40172324
0.4017038
0.40168363
0.40166342
0.4016438
0.4016253
0.40160865
0.40159437
0.40158293
0.4015746
0.40156946
0.40156692
0.40156654
0.4015675
0.40156925
0.4015716
0.40157446
0.40157795
0.4015823
0.40158767
0.4015938
0.4016003
0.40160656
0.4016115
0.40161455
0.40161532
0.4016139
0.40161052
0.40160587
0.40160042
0.40159476
0.4015895
0.40158495
0.40158167
0.4015801
0.40158066
0.40158352
0.40158847
0.4015951
0.4016029
0.40161148
0.4016206
0.40162975
0.4016385
0.40164623
0.40165216
0.4016558
0.40165696
0.40165552
0.4016519
0.40164626
0.4016393
0.4016313
0.40162253
0.40161306
0.401603
0.4015927
0.40158296
0.40157452
0.4015681
0.40156445
0.40156394
0.40156692
0.40157387
0.40158474
0.4015997
0.4016184
0.40163997
0.4016632
0.4016866
0.4017087
0.4017279
0.40174314
0.40175334
0.40175772
0.4017559
0.40174788
0.4017341
0.4017154
0.40169275
0.4016678
0.40164208
0.4016173
0.40159458
0.40157506
0.401559
0.4015465
0.40153736
0.40153098
0.40152663
0.4015233
0.40151998
0.40151578
0.40151006
0.4015028
0.401494
0.4014842
0.40147385
0.40146336
0.4014531
0.4014432
0.401434
0.40142554
0.40141812
0.40141204
0.4014076
0.40140498
0.4014044
0.4014059
0.40140933
0.40141466
0.40142167
0.40143034
0.40144035
0.40145147
0.4014637
0.4014764
0.4014893
0.40150192
0.401514
0.40152526
0.40153584
0.40154603
0.40155602
0.40156573
0.40157476
0.40158248
0.40158796
0.40159008
0.4015883
0.4015824
0.40157282
0.4015602
0.40154582
0.4015307
0.40151605
0.40150255
0.40149072
0.40148073
0.4014729
0.40146744
0.40146443
0.40146402
0.401466
0.40147042
0.40147716
0.40148577
0.40149558
0.4015057
0.40151516
0.4015231
0.40152887
0.40153244
0.40153432
0.40153515
0.40153578
0.40153652
0.4015379
0.40154004
0.40154317
0.4015472
0.40155184
0.4015564
0.40156
0.40156198
0.40156195
0.4015602
0.40155762
0.40155518
0.40155387
0.40155447
0.40155733
0.4015625
0.4015696
0.40157768
0.40158564
0.40159228
0.4015964
0.40159735
0.40159488
0.401589
0.40158027
0.4015694
0.40155706
0.40154397
0.40153074
0.40151778
0.4015053
0.40149352
0.4014828
0.40147388
0.40146738
0.4014641
0.40146497
0.4014706
0.4014816
0.40149838
0.40152094
0.4015491
0.40158212
0.401619
0.4016583
0.4016984
0.40173787
0.4017755
0.40181047
0.40184203
0.4018697
0.4018933
0.40191257
0.40192756
0.4019382
0.40194467
0.401947
0.40194523
0.4019394
0.40192968
0.40191633
0.4018997
0.40188038
0.40185905
0.4018367
0.40181452
0.4017938
0.4017758
0.40176126
0.40175083
0.40174425
0.401741
0.4017407
0.4017429
0.40174726
0.40175343
0.40176094
0.4017691
0.401777
0.40178347
0.40178782
0.40178937
0.401788
0.4017837
0.40177715
0.40176922
0.4017611
0.40175426
0.40175015
0.40175015
0.4017551
0.40176517
0.40177974
0.40179762
0.4018169
0.40183595
0.40185308
0.4018671
0.40187696
0.401882
0.40188172
0.40187612
0.40186507
0.40184882
0.40182796
0.40180326
0.40177587
0.40174714
0.4017187
0.40169215
0.4016686
0.40164897
0.40163374
0.40162337
0.40161818
0.40161848
0.4016243
0.40163556
0.4016517
0.40167183
0.4016946
0.40171847
0.40174156
0.4017623
0.40177915
0.4017911
0.4017974
0.401798
0.4017932
0.40178367
0.40177068
0.4017555
0.4017395
0.4017239
0.4017093
0.40169576
0.40168303
0.40167034
0.40165725
0.4016435
0.40162906
0.40161455
0.40160048
0.40158796
0.40157756
0.40157
0.4015654
0.40156364
0.4015644
0.40156716
0.40157142
0.40157667
0.4015828
0.40158996
0.40159857
0.4016091
0.4016218
0.40163648
0.40165278
0.40166968
0.401686
0.40170056
0.4017123
0.40172058
0.40172496
0.40172553
0.4017225
0.40171653
0.4017081
0.40169796
0.4016866
0.40167448
0.40166196
0.40164915
0.40163642
0.40162402
0.40161258
0.4016029
0.40159553
0.40159112
0.4015897
0.40159133
0.40159526
0.40160075
0.4016067
0.40161192
0.4016156
0.4016172
0.401617
0.40161532
0.4016131
0.40161076
0.40160877
0.40160704
0.40160516
0.40160254
0.4015985
0.40159264
0.4015854
0.40157747
0.40157026
0.40156513
0.40156302
0.40156478
0.40157086
0.40158147
0.40159637
0.40161505
0.4016365
0.40165952
0.4016825
0.40170407
0.40172282
0.40173766
0.40174788
0.401753
0.40175316
0.4017488
0.40174064
0.4017296
0.40171698
0.40170392
0.40169156
0.40168074
0.40167162
0.4016639
0.40165678
0.40164897
0.4016394
0.4016274
0.4016125
0.40159497
0.40157565
0.40155548
0.40153575
0.40151733
0.40150112
0.40148774
0.40147746
0.40147042
0.40146655
0.4014655
0.40146703
0.40147075
0.40147617
0.4014828
0.40148988
0.40149736
0.40150487
0.40151238
0.40151975
0.40152666
0.40153274
0.40153745
0.40154073
0.40154257
0.40154317
0.4015428
0.40154156
0.40153968
0.4015379
0.40153688
0.4015373
0.40153962
0.40154397
0.4015501
0.40155753
0.40156567
0.40157408
0.40158254
0.4015909
0.40159914
0.40160722
0.4016149
0.40162244
0.40162954
0.40163618
0.40164185
0.40164617
0.40164903
0.40165058
0.40165144
0.40165222
0.4016535
0.4016555
0.401658
0.4016606
0.40166277
0.4016643
0.40166494
0.40166458
0.40166312
0.40166023
0.40165552
0.40164858
0.4016391
0.40162727
0.4016135
0.40159857
0.4015835
0.40156916
0.40155673
0.40154704
0.401541
0.401539
0.40154123
0.40154737
0.40155682
0.40156874
0.40158188
0.4015951
0.40160745
0.40161824
0.40162715
0.40163407
0.40163907
0.4016421
0.40164304
0.4016417
0.40163806
0.40163192
0.4016238
0.40161404
0.40160352
0.4015928
0.40158257
0.40157306
0.40156463
0.40155745
0.40155196
0.4015484
0.40154704
0.40154815
0.4015514
0.4015564
0.40156224
0.40156797
0.40157253
0.40157512
0.40157542
0.4015737
0.40157065
0.40156737
0.4015652
0.4015655
0.4015694
0.40157768
0.4015909
0.4016089
0.40163124
0.40165678
0.4016841
0.40171158
0.40173742
0.40176028
0.40177912
0.40179327
0.40180257
0.40180698
0.40180674
0.40180248
0.40179488
0.4017851
0.4017742
0.40176365
0.40175447
0.40174732
0.40174243
0.40173936
0.4017372
0.40173495
0.40173134
0.40172544
0.4017166
0.4017047
0.40169027
0.40167454
0.40165946
0.4016476
0.40164194
0.401646
0.4016639
0.4017005
0.4017618
0.40185574
0.40199286
0.40218878
0.40246487
0.40284908
0.40338185
0.4041196
0.40513977
0.40654814
0.40848717
0.41117862
0.4148481
0.4198064
0.42652765
0.4356565
0.44780377
