0.4425356
0.43202087
0.42413396
0.41819695
0.4137661
0.41049626
0.4081019
0.40634206
0.40505567
0.4041235
0.40344924
0.40296438
0.4026174
0.4023699
0.4021929
0.40206525
0.40197146
0.4019006
0.40184492
0.40179935
0.40176076
0.4017274
0.40169865
0.40167424
0.40165442
0.40163937
0.4016295
0.4016247
0.40162468
0.40162838
0.40163448
0.40164143
0.40164763
0.4016516
0.40165228
0.40164924
0.40164262
0.40163305
0.40162155
0.4016093
0.40159738
0.40158695
0.40157887
0.4015738
0.40157205
0.4015737
0.40157828
0.40158525
0.40159366
0.40160254
0.40161106
0.40161875
0.4016257
0.4016328
0.40164158
0.4016541
0.401673
0.40170157
0.4017442
0.40180692
0.40189803
0.4020289
0.40221563
0.40248168
0.40285608
0.40338108
0.40411454
0.40513468
0.40654734
0.4084941
0.41119558
0.41487435
0.41983947
0.42656434
0.4356907
0.44783062
