0.44265136
0.43216753
0.42430153
0.41837502
0.41394368
0.4106622
0.40824595
0.40645573
0.40513209
0.4041586
0.40344033
0.40291107
0.40252176
0.40223595
0.40202677
0.40187418
0.40176347
0.40168363
0.4016267
0.40158674
0.40155926
0.40154073
0.40152854
0.40152073
0.40151584
0.40151295
0.4015114
0.40151078
0.40151033
0.40150955
0.4015081
0.40150562
0.40150216
0.4014977
0.40149236
0.4014864
0.4014803
0.40147483
0.40147063
0.40146855
0.40146887
0.40147182
0.40147752
0.4014858
0.40149638
0.40150905
0.40152347
0.40153936
0.40155682
0.40157598
0.4015969
0.4016194
0.4016429
0.40166646
0.4016888
0.4017086
0.40172446
0.40173522
0.40173995
0.4017381
0.40172967
0.401715
0.40169513
0.40167114
0.40164495
0.40161797
0.40159208
0.4015687
0.4015492
0.4015343
0.4015244
0.40151936
0.401519
0.40152255
0.401529
0.40153727
0.40154612
0.40155464
0.40156224
0.40156832
0.4015725
0.40157428
0.40157345
0.40156984
0.40156376
0.40155548
0.4015454
0.401534
0.4015216
0.4015086
0.4014955
0.40148282
0.40147102
0.4014605
0.40145138
0.40144372
0.40143755
0.401433
0.4014299
0.40142828
0.4014281
0.40142944
0.40143242
0.40143713
0.4014435
0.40145165
0.40146127
0.40147224
0.401484
0.4014966
0.40151003
0.40152466
0.40154117
0.40156
0.40158162
0.40160593
0.40163237
0.40165988
0.4016871
0.40171212
0.40173346
0.40174982
0.40176052
0.40176556
0.4017653
0.40176067
0.4017529
0.40174362
0.40173444
0.4017268
0.40172184
0.4017198
0.40172058
0.40172353
0.40172762
0.4017321
0.4017362
0.4017396
0.4017422
0.40174398
0.4017449
0.40174463
0.40174255
0.40173778
0.4017296
0.40171787
0.40170273
0.40168482
0.4016651
0.40164495
0.40162534
0.40160736
0.40159196
0.40158004
0.40157226
0.4015692
0.40157112
0.401578
0.40158936
0.4016045
0.40162233
0.40164143
0.40166032
0.4016777
0.40169266
0.4017048
0.40171397
0.4017204
0.40172487
0.4017279
0.4017304
0.4017324
0.40173346
0.40173304
0.4017303
0.40172467
0.40171605
0.40170494
0.40169224
0.40167925
0.4016678
0.40165913
0.40165445
0.40165395
0.40165773
0.401665
0.40167496
0.40168628
0.40169755
0.40170765
0.40171564
0.40172088
0.40172303
0.401722
0.40171784
0.40171096
0.40170196
0.40169156
0.40168047
0.4016692
0.40165848
0.4016486
0.4016401
0.4016329
0.40162694
0.401622
0.40161806
0.40161535
0.40161446
0.40161586
0.40161994
0.4016269
0.40163627
0.40164718
0.40165836
0.40166816
0.40167513
0.40167812
0.40167645
0.40166995
0.40165928
0.4016453
0.4016295
0.40161356
0.40159896
0.4015868
0.40157795
0.4015723
0.40156966
0.4015694
0.40157077
0.40157276
0.4015746
0.40157586
0.4015764
0.40157628
0.40157598
0.40157592
0.40157673
0.40157902
0.401583
0.4015887
0.40159586
0.4016038
0.40161192
0.40161937
0.4016259
0.40163156
0.4016365
0.40164095
0.40164474
0.40164757
0.40164915
0.40164924
0.40164787
0.4016448
0.40164018
0.40163377
0.40162557
0.40161574
0.40160468
0.401593
0.40158156
0.401571
0.4015619
0.4015543
0.40154794
0.40154225
0.40153652
0.40152997
0.40152207
0.40151262
0.4015016
0.4014894
0.4014765
0.40146342
0.40145096
0.40143996
0.401431
0.40142456
0.40142092
0.40142027
0.4014225
0.40142792
0.40143627
0.4014476
0.40146178
0.40147838
0.40149674
0.40151632
0.40153626
0.40155575
0.4015736
0.40158862
0.4015994
0.4016051
0.40160525
0.40159985
0.40158957
0.40157565
0.4015594
0.40154234
0.40152577
0.40151092
0.40149853
0.40148893
0.40148225
0.40147844
0.4014772
0.40147808
0.40148044
0.4014835
0.40148646
0.40148872
0.4014899
0.4014903
0.40149027
0.4014908
0.40149298
0.40149784
0.40150645
0.40151933
0.4015367
0.40155834
0.40158376
0.4016119
0.40164137
0.4016707
0.40169808
0.40172222
0.4017419
0.4017568
0.40176666
0.40177146
0.40177146
0.401767
0.40175855
0.4017469
0.4017331
0.4017184
0.40170413
0.4016916
0.40168166
0.40167487
0.40167132
0.40167052
0.40167165
0.40167382
0.40167624
0.4016785
0.4016807
0.40168327
0.4016868
0.40169138
0.40169704
0.40170324
0.401709
0.40171304
0.40171432
0.401712
0.40170556
0.40169477
0.40167987
0.40166128
0.40163985
0.40161663
0.40159285
0.40156972
0.40154815
0.40152884
0.40151262
0.40149993
0.40149108
0.4014864
0.40148625
0.40149066
0.4014998
0.40151367
0.40153208
0.4015545
0.4015799
0.4016069
0.4016338
0.40165854
0.4016793
0.40169436
0.40170252
0.40170318
0.40169653
0.40168294
0.40166393
0.4016408
0.4016158
0.4015909
0.40156803
0.40154862
0.40153366
0.40152338
0.4015177
0.40151578
0.40151688
0.40151986
0.4015239
0.40152842
0.40153337
0.40153903
0.40154558
0.40155318
0.40156204
0.40157238
0.40158454
0.4015987
0.40161502
0.4016334
0.40165323
0.4016737
0.40169352
0.40171137
0.40172595
0.4017362
0.40174124
0.40174055
0.40173393
0.40172145
0.4017036
0.4016812
0.40165564
0.40162832
0.40160078
0.40157443
0.4015507
0.40153047
0.4015146
0.40150356
0.40149757
0.4014965
0.40150002
0.4015077
0.40151894
0.40153295
0.40154892
0.40156618
0.4015838
0.40160125
0.40161806
0.40163404
0.4016486
0.40166137
0.40167168
0.40167922
0.40168363
0.40168512
0.4016842
0.4016814
0.40167755
0.4016732
0.40166888
0.40166482
0.40166107
0.40165818
0.40165654
0.4016571
0.4016608
0.4016684
0.40168017
0.40169588
0.4017146
0.4017349
0.40175503
0.40177312
0.4017876
0.401797
0.4018003
0.4017969
0.4017866
0.40176964
0.40174675
0.40171918
0.4016883
0.40165585
0.40162346
0.40159243
0.4015635
0.40153703
0.40151277
0.40149066
0.40147033
0.40145174
0.40143505
0.40142077
0.40140918
0.40140072
0.4013957
0.40139425
0.40139675
0.40140334
0.40141392
0.40142834
0.40144616
0.4014669
0.40148982
0.40151408
0.4015385
0.40156183
0.40158236
0.40159875
0.40160993
0.40161532
0.40161517
0.40161017
0.4016014
0.40159032
0.40157855
0.4015674
0.40155822
0.4015519
0.4015489
0.40154937
0.40155318
0.40155986
0.4015683
0.40157744
0.40158588
0.4015921
0.40159518
0.40159452
0.4015904
0.40158346
0.4015747
0.40156528
0.401556
0.40154752
0.40154016
0.40153414
0.40152946
0.40152574
0.40152264
0.40151975
0.4015168
0.40151381
0.40151086
0.40150818
0.40150604
0.40150452
0.40150386
0.401504
0.40150478
0.4015063
0.40150854
0.40151185
0.4015166
0.40152305
0.40153125
0.40154096
0.40155178
0.401563
0.4015737
0.4015829
0.4015898
0.40159434
0.40159672
0.40159783
0.40159875
0.4016006
0.4016042
0.40161026
0.40161902
0.40163028
0.4016432
0.40165636
0.40166834
0.40167758
0.4016829
0.40168378
0.4016802
0.40167266
0.40166235
0.40165055
0.40163857
0.40162754
0.40161806
0.40161055
0.40160525
0.40160203
0.40160078
0.40160108
0.40160248
0.40160453
0.40160707
0.40160993
0.40161297
0.4016162
0.40161958
0.40162334
0.40162718
0.40163118
0.40163553
0.40164065
0.40164697
0.40165472
0.4016636
0.4016731
0.40168232
0.40168992
0.40169477
0.4016958
0.40169212
0.40168342
0.40166977
0.40165174
0.4016303
0.4016068
0.40158248
0.40155867
0.40153626
0.40151638
0.40149948
0.40148613
0.40147677
0.4014712
0.40146935
0.40147066
0.40147465
0.40148085
0.40148896
0.4014988
0.40151066
0.40152478
0.4015412
0.40155974
0.40157983
0.40160054
0.40162086
0.40163934
0.40165454
0.4016654
0.40167132
0.40167254
0.40166986
0.40166464
0.40165862
0.4016535
0.40165052
0.40165043
0.40165323
0.40165842
0.40166494
0.4016714
0.4016765
0.4016789
0.4016781
0.4016739
0.40166697
0.4016582
0.4016486
0.40163937
0.40163112
0.4016243
0.401619
0.40161547
0.40161365
0.4016137
0.40161586
0.40162012
0.40162668
0.40163538
0.40164617
0.40165868
0.40167248
0.4016872
0.40170273
0.4017187
0.40173483
0.40175018
0.4017637
0.40177417
0.4017803
0.40178123
0.40177646
0.40176585
0.40174994
0.40172955
0.40170586
0.40168035
0.40165478
0.40163082
0.40160996
0.40159318
0.40158093
0.40157306
0.40156877
0.40156698
0.40156677
0.4015671
0.40156758
0.40156838
0.40157002
0.40157315
0.40157822
0.40158525
0.40159404
0.4016037
0.40161306
0.40162057
0.40162483
0.40162474
0.40162
0.40161076
0.40159792
0.4015829
0.40156728
0.4015525
0.40153995
0.40153044
0.40152448
0.4015225
0.40152448
0.40153039
0.40153986
0.40155244
0.40156716
0.4015829
0.40159827
0.40161172
0.40162173
0.40162736
0.40162805
0.40162423
0.40161666
0.40160674
0.40159586
0.40158534
0.40157625
0.40156895
0.40156347
0.40155926
0.4015555
0.4015514
0.40154663
0.4015409
0.4015344
0.40152755
0.4015207
0.4015143
0.40150884
0.4015047
0.40150255
0.40150285
0.4015059
0.4015119
0.40152076
0.40153217
0.40154555
0.40156
0.40157476
0.40158844
0.4016002
0.4016089
0.4016139
0.40161443
0.4016105
0.40160263
0.4015916
0.40157858
0.40156487
0.4015519
0.4015408
0.40153244
0.40152726
0.40152514
0.40152568
0.4015279
0.40153065
0.40153262
0.40153262
0.40152997
0.40152466
0.4015168
0.40150723
0.4014968
0.40148652
0.4014771
0.40146923
0.40146375
0.4014612
0.40146205
0.40146625
0.4014736
0.40148357
0.40149528
0.40150794
0.40152037
0.4015319
0.4015416
0.40154874
0.40155277
0.40155354
0.40155128
0.4015467
0.40154055
0.40153405
0.401528
0.4015236
0.4015214
0.40152195
0.40152556
0.40153205
0.4015412
0.40155295
0.40156683
0.40158278
0.4016005
0.40161943
0.40163878
0.4016573
0.40167382
0.4016868
0.40169504
0.40169805
0.40169555
0.40168795
0.40167606
0.40166116
0.40164474
0.4016282
0.4016128
0.40159938
0.40158844
0.40158
0.40157375
0.4015692
0.4015659
0.40156323
0.40156072
0.4015578
0.40155447
0.4015507
0.40154704
0.401544
0.4015421
0.40154198
0.4015444
0.40155002
0.4015596
0.4015736
0.4015922
0.40161517
0.40164155
0.40166995
0.40169865
0.4017257
0.4017494
0.40176854
0.40178227
0.4017902
0.40179244
0.40178952
0.40178257
0.40177304
0.40176266
0.4017536
0.401748
0.40174773
0.40175432
0.4017693
0.40179437
0.40183163
0.4018845
0.40195823
0.40206075
0.4022032
0.40240157
0.4026792
0.40306434
0.40359774
0.4043363
0.40535697
0.40676507
0.408702
0.41138783
0.41504744
0.41999027
0.42668897
0.4357886
0.44790152
