0.44253638
0.43202204
0.424136
0.4182009
0.41377354
0.41050923
0.4081221
0.40637064
0.405093
0.40416813
0.40349862
0.40301543
0.4026671
0.40241557
0.40223292
0.40209892
0.40199915
0.40192387
0.4018661
0.4018218
0.40178797
0.4017629
0.40174502
0.4017329
0.4017252
0.4017204
0.40171742
0.4017151
0.40171266
0.4017096
0.40170562
0.40170094
0.4016959
0.40169084
0.401686
0.40168166
0.40167764
0.40167373
0.40166923
0.4016639
0.40165767
0.40165105
0.40164497
0.40164044
0.40163875
0.40164065
0.4016465
0.40165597
0.40166837
0.4016824
0.40169668
0.40170965
0.40171957
0.4017252
0.40172553
0.40172023
0.4017094
0.4016936
0.4016739
0.40165156
0.40162778
0.4016038
0.40158087
0.40155992
0.4015417
0.40152672
0.40151492
0.40150613
0.4015
0.4014959
0.4014935
0.40149263
0.40149328
0.40149572
0.40150014
0.40150684
0.40151584
0.40152723
0.40154117
0.40155748
0.40157607
0.4015964
0.4016176
0.40163866
0.40165854
0.4016763
0.40169123
0.40170264
0.40171
0.4017129
0.40171137
0.4017058
0.40169662
0.40168482
0.40167153
0.4016579
0.40164512
0.40163434
0.40162635
0.40162173
0.40162054
0.40162277
0.4016281
0.40163618
0.4016464
0.40165782
0.4016693
0.4016797
0.40168798
0.40169358
0.40169626
0.40169615
0.40169403
0.40169102
0.4016885
0.4016877
0.40168977
0.40169504
0.40170327
0.4017137
0.40172505
0.4017359
0.40174475
0.40175036
0.4017517
0.40174815
0.40173945
0.40172583
0.40170777
0.40168652
0.40166315
0.40163916
0.40161583
0.40159425
0.40157527
0.4015594
0.40154678
0.40153727
0.40153039
0.40152565
0.40152255
0.40152073
0.40152058
0.4015224
0.40152678
0.40153414
0.40154472
0.40155855
0.40157533
0.40159434
0.40161476
0.40163532
0.40165502
0.4016724
0.40168646
0.40169618
0.40170097
0.40170056
0.40169504
0.40168494
0.401671
0.40165427
0.40163594
0.4016172
0.40159914
0.40158275
0.4015687
0.40155727
0.40154856
0.40154234
0.40153813
0.40153527
0.40153295
0.40153033
0.40152696
0.40152267
0.40151778
0.40151277
0.4015081
0.4015043
0.40150192
0.40150148
0.40150315
0.40150705
0.4015133
0.4015219
0.4015329
0.40154627
0.4015619
0.40157896
0.40159643
0.40161285
0.4016267
0.4016367
0.40164214
0.40164283
0.4016393
0.40163246
0.40162352
0.40161377
0.40160444
0.40159646
0.4015904
0.40158683
0.40158585
0.40158767
0.4015922
0.40159923
0.40160832
0.401619
0.40163082
0.40164346
0.40165696
0.40167114
0.40168598
0.4017008
0.40171492
0.4017274
0.40173766
0.40174523
0.40175003
0.40175244
0.40175283
0.4017519
0.40175012
0.40174758
0.40174425
0.40173945
0.40173262
0.40172333
0.40171137
0.40169686
0.4016803
0.4016626
0.4016448
0.4016283
0.40161404
0.40160304
0.40159592
0.4015933
0.4015956
0.40160286
0.40161481
0.4016307
0.4016493
0.4016693
0.40168938
0.40170845
0.4017259
0.40174156
0.4017558
0.40176922
0.40178263
0.40179658
0.40181136
0.40182683
0.4018429
0.40185982
0.40187824
0.40189987
0.40192756
0.40196586
0.4020212
0.40210286
0.40222338
0.40239966
0.40265614
0.4030231
0.40354162
0.40426904
0.40528297
0.40668878
0.4086273
0.41131818
0.4149849
0.4199363
0.42664486
0.43575445
0.447877
