0.44249585
0.4319652
0.42406046
0.4181034
0.41365123
0.410359
0.40794358
0.4061643
0.40485984
0.40391165
0.40322286
0.4027251
0.40236732
0.40211153
0.4019296
0.40180075
0.4017099
0.40164608
0.4016015
0.4015705
0.40154955
0.40153652
0.4015302
0.40152982
0.40153474
0.40154448
0.40155825
0.40157515
0.401594
0.40161338
0.40163216
0.4016494
0.40166467
0.401678
0.40168986
0.40170053
0.40171015
0.4017187
0.4017263
0.4017329
0.40173906
0.40174505
0.40175122
0.40175736
0.4017635
0.4017693
0.40177476
0.40177938
0.40178272
0.4017839
0.40178216
0.40177682
0.4017674
0.40175405
0.40173694
0.40171716
0.40169576
0.40167424
0.40165392
0.40163586
0.40162075
0.40160865
0.40159962
0.40159306
0.4015883
0.40158454
0.40158126
0.40157807
0.40157485
0.40157187
0.40156993
0.40156993
0.40157261
0.40157846
0.40158746
0.40159896
0.40161178
0.40162465
0.401636
0.40164468
0.40164998
0.4016518
0.40165052
0.40164706
0.40164232
0.40163717
0.40163252
0.4016289
0.40162706
0.40162703
0.40162873
0.40163162
0.40163472
0.40163693
0.40163752
0.40163624
0.40163335
0.40162954
0.40162578
0.40162307
0.4016221
0.40162307
0.40162572
0.40162948
0.40163344
0.40163687
0.40163898
0.4016391
0.40163678
0.40163174
0.40162396
0.40161386
0.40160215
0.40158936
0.40157625
0.40156338
0.401551
0.40153915
0.40152767
0.40151635
0.40150496
0.40149352
0.40148196
0.40147054
0.4014596
0.4014494
0.40144035
0.40143266
0.40142664
0.4014226
0.4014209
0.4014219
0.40142602
0.40143335
0.4014435
0.40145612
0.40147042
0.40148565
0.40150073
0.40151504
0.40152776
0.4015385
0.4015475
0.4015552
0.4015626
0.40157053
0.40157956
0.40159026
0.4016024
0.40161547
0.40162855
0.4016404
0.40164965
0.40165538
0.40165666
0.40165335
0.4016459
0.40163535
0.40162328
0.40161157
0.4016024
0.4015981
0.40160117
0.4016149
0.40164334
0.40169248
0.40177065
0.40188932
0.4020652
0.40232176
0.4026887
0.40320802
0.40393788
0.40495658
0.40637064
0.40832222
0.4110316
0.41472206
0.41970274
0.42644772
0.43559724
0.4477624
