0.4425859
0.43208337
0.42420334
0.41826797
0.4138342
0.41055775
0.40815443
0.40638426
0.40508664
0.40414256
0.4034554
0.40295714
0.4025967
0.40233618
0.40214723
0.40200922
0.40190735
0.40183166
0.40177545
0.40173465
0.40170658
0.40168944
0.40168193
0.4016827
0.40169036
0.40170348
0.40172032
0.40173867
0.40175658
0.40177205
0.40178356
0.4017901
0.40179113
0.40178645
0.4017764
0.40176153
0.40174296
0.40172184
0.40169936
0.4016767
0.4016546
0.40163347
0.40161362
0.40159544
0.4015794
0.40156606
0.40155625
0.40155065
0.40154973
0.40155384
0.401563
0.40157712
0.40159562
0.4016179
0.40164307
0.4016699
0.40169668
0.40172166
0.40174282
0.4017583
0.4017669
0.40176782
0.4017608
0.40174612
0.4017247
0.40169778
0.4016671
0.40163445
0.4016016
0.4015701
0.40154138
0.40151647
0.4014964
0.40148187
0.40147343
0.40147117
0.40147483
0.401484
0.40149802
0.40151617
0.40153766
0.40156174
0.40158772
0.401615
0.40164277
0.40167022
0.40169603
0.40171894
0.4017378
0.40175182
0.40176034
0.40176332
0.40176108
0.4017542
0.40174368
0.40173057
0.40171623
0.4017016
0.4016875
0.4016745
0.4016629
0.40165266
0.40164408
0.40163708
0.40163174
0.401628
0.40162593
0.40162584
0.40162805
0.4016325
0.40163907
0.40164724
0.4016558
0.40166333
0.40166822
0.4016688
0.40166417
0.401654
0.4016388
0.40161988
0.40159884
0.40157795
0.40155882
0.4015431
0.4015319
0.40152574
0.40152478
0.4015288
0.40153733
0.40154967
0.4015649
0.4015821
0.4016002
0.40161824
0.40163505
0.40164924
0.4016595
0.40166467
0.40166414
0.40165776
0.401646
0.40162966
0.40161
0.4015882
0.4015656
0.40154362
0.40152347
0.40150622
0.40149263
0.40148312
0.401478
0.401477
0.4014799
0.40148628
0.4014956
0.40150794
0.4015228
0.40154004
0.401559
0.401579
0.4015993
0.40161934
0.4016389
0.401658
0.40167668
0.4016947
0.40171158
0.40172672
0.40173966
0.40175012
0.40175834
0.40176472
0.40177014
0.4017753
0.401781
0.40178782
0.40179583
0.40180448
0.40181306
0.40182033
0.4018252
0.40182653
0.4018236
0.40181592
0.40180352
0.40178663
0.40176606
0.4017427
0.40171784
0.40169305
0.4016699
0.4016501
0.40163505
0.40162608
0.40162396
0.40162903
0.4016411
0.40165928
0.40168235
0.40170857
0.40173602
0.40176278
0.4017872
0.40180779
0.4018235
0.40183344
0.40183723
0.40183464
0.40182588
0.40181148
0.40179226
0.4017696
0.401745
0.40172014
0.4016966
0.4016757
0.40165836
0.401645
0.40163597
0.4016317
0.40163252
0.40163848
0.40164974
0.401666
0.40168646
0.40171003
0.40173537
0.4017608
0.40178493
0.40180656
0.40182486
0.40183914
0.40184924
0.40185484
0.40185583
0.401852
0.40184337
0.40183014
0.40181255
0.40179142
0.40176758
0.40174213
0.4017162
0.40169093
0.40166736
0.40164623
0.40162808
0.40161303
0.4016012
0.40159252
0.40158746
0.40158588
0.4015877
0.40159222
0.401599
0.4016068
0.4016148
0.40162182
0.40162683
0.401629
0.401628
0.40162393
0.4016173
0.4016089
0.40159962
0.4015903
0.40158153
0.40157372
0.4015668
0.4015606
0.4015548
0.4015494
0.4015447
0.40154123
0.40153956
0.40154046
0.40154457
0.4015524
0.40156394
0.4015787
0.40159577
0.40161386
0.40163136
0.40164682
0.40165895
0.4016669
0.40167052
0.40167007
0.40166646
0.40166098
0.4016551
0.40165025
0.40164742
0.40164712
0.40164962
0.40165475
0.4016622
0.40167168
0.4016824
0.40169358
0.40170386
0.40171188
0.40171638
0.40171647
0.40171182
0.40170267
0.40169
0.4016753
0.40166044
0.40164736
0.40163767
0.40163276
0.40163305
0.40163872
0.4016492
0.40166348
0.40167984
0.40169644
0.40171143
0.40172306
0.40173015
0.4017319
0.40172827
0.40171966
0.40170693
0.40169147
0.40167496
0.4016591
0.4016453
0.40163463
0.4016276
0.40162423
0.40162385
0.40162554
0.40162802
0.40163016
0.4016313
0.4016313
0.40163046
0.40162927
0.40162817
0.40162757
0.4016274
0.4016274
0.4016271
0.40162638
0.401625
0.40162322
0.40162143
0.40162012
0.4016196
0.40161994
0.4016211
0.40162295
0.40162542
0.40162864
0.4016326
0.40163717
0.40164185
0.40164593
0.4016489
0.4016505
0.4016507
0.40164974
0.4016481
0.40164596
0.4016436
0.40164125
0.40163895
0.40163678
0.40163472
0.40163252
0.4016297
0.4016262
0.4016221
0.40161812
0.40161532
0.40161476
0.40161714
0.40162268
0.40163112
0.40164137
0.4016522
0.40166184
0.40166888
0.4016721
0.40167096
0.40166542
0.40165582
0.4016432
0.40162864
0.4016139
0.40160027
0.40158907
0.4015812
0.40157714
0.40157703
0.40158033
0.4015868
0.40159568
0.40160593
0.4016164
0.40162593
0.40163383
0.40164003
0.40164486
0.40164915
0.4016539
0.40165997
0.40166813
0.4016786
0.4016913
0.4017059
0.4017221
0.40173978
0.40175906
0.40177965
0.40180102
0.40182254
0.401843
0.4018616
0.40187734
0.40188935
0.4018971
0.40190008
0.4018982
0.40189156
0.40188056
0.40186587
0.40184838
0.4018289
0.40180856
0.40178788
0.4017673
0.4017469
0.40172675
0.4017072
0.4016884
0.40167084
0.4016546
0.4016395
0.40162498
0.40161058
0.40159586
0.4015806
0.4015653
0.40155065
0.40153748
0.40152663
0.40151885
0.40151444
0.40151373
0.40151653
0.4015228
0.4015319
0.40154305
0.4015556
0.4015689
0.40158254
0.40159658
0.4016112
0.40162715
0.40164518
0.40166587
0.40168944
0.40171555
0.40174347
0.4017722
0.40180042
0.4018271
0.40185112
0.4018718
0.40188858
0.40190104
0.40190896
0.40191242
0.4019112
0.4019054
0.4018949
0.40187985
0.4018606
0.4018374
0.40181082
0.40178168
0.4017512
0.4017206
0.40169147
0.40166488
0.40164188
0.40162292
0.40160826
0.40159765
0.40159094
0.40158767
0.4015874
0.40158936
0.40159342
0.401599
0.40160635
0.4016156
0.40162626
0.4016378
0.40164912
0.40165907
0.40166646
0.40167078
0.40167174
0.40166983
0.40166575
0.4016605
0.4016551
0.40165052
0.40164745
0.40164632
0.40164742
0.40165102
0.4016571
0.40166578
0.4016768
0.40169024
0.40170583
0.40172353
0.40174294
0.4017638
0.40178546
0.4018072
0.40182802
0.40184698
0.40186313
0.40187564
0.40188375
0.40188712
0.40188575
0.40188003
0.40187076
0.40185887
0.40184566
0.40183252
0.40182066
0.4018111
0.40180403
0.40179917
0.4017955
0.4017917
0.40178668
0.40177965
0.4017703
0.40175888
0.40174612
0.4017333
0.40172186
0.4017135
0.4017096
0.4017111
0.40171868
0.40173227
0.40175098
0.40177342
0.4017979
0.40182254
0.40184578
0.4018662
0.40188265
0.4018943
0.4019006
0.40190136
0.40189666
0.4018869
0.40187293
0.40185574
0.40183654
0.40181664
0.4017974
0.40177974
0.4017641
0.40175048
0.40173858
0.40172774
0.40171754
0.40170768
0.4016979
0.40168834
0.40167904
0.40166998
0.40166125
0.40165251
0.40164354
0.40163428
0.40162498
0.401616
0.4016081
0.4016019
0.40159836
0.4015981
0.40160125
0.40160772
0.40161687
0.40162787
0.4016397
0.40165153
0.4016629
0.4016735
0.40168327
0.40169218
0.40169972
0.40170532
0.4017083
0.40170816
0.40170476
0.40169832
0.40168944
0.40167937
0.4016692
0.40166014
0.4016534
0.40164992
0.40165025
0.40165478
0.40166327
0.401675
0.40168858
0.40170252
0.40171516
0.4017252
0.40173185
0.40173486
0.40173483
0.40173277
0.40172973
0.4017272
0.40172592
0.4017263
0.40172833
0.40173167
0.40173593
0.40174115
0.40174744
0.40175474
0.4017629
0.40177134
0.40177938
0.40178603
0.40179065
0.40179294
0.40179276
0.40179077
0.40178785
0.40178543
0.40178493
0.40178743
0.40179354
0.401803
0.40181497
0.40182802
0.40184045
0.40185085
0.40185753
0.40185922
0.4018552
0.40184486
0.4018284
0.4018063
0.4017796
0.40174958
0.40171802
0.4016866
0.40165716
0.40163106
0.40160936
0.40159264
0.40158093
0.40157402
0.40157107
0.40157145
0.40157416
0.40157887
0.40158513
0.40159264
0.40160125
0.40161055
0.4016204
0.40163028
0.40163952
0.4016476
0.40165392
0.40165803
0.40165982
0.40165946
0.40165755
0.40165457
0.401651
0.40164724
0.4016442
0.4016425
0.40164304
0.40164626
0.4016523
0.40166092
0.4016716
0.40168345
0.40169573
0.4017075
0.40171802
0.4017263
0.4017316
0.40173358
0.40173194
0.4017268
0.40171835
0.40170652
0.40169147
0.4016736
0.40165335
0.40163156
0.4016093
0.4015877
0.4015678
0.40155053
0.40153643
0.4015259
0.4015192
0.40151623
0.40151653
0.40151954
0.40152448
0.40153068
0.4015377
0.40154517
0.40155277
0.4015599
0.40156597
0.40157026
0.40157205
0.40157112
0.4015678
0.4015629
0.40155762
0.40155318
0.40155068
0.40155053
0.4015531
0.40155804
0.40156493
0.40157324
0.40158248
0.40159237
0.4016026
0.40161312
0.40162423
0.40163627
0.40164968
0.401665
0.40168223
0.40170076
0.40171972
0.40173766
0.40175304
0.4017647
0.4017716
0.4017734
0.40176997
0.40176186
0.40175
0.40173528
0.40171868
0.40170133
0.40168402
0.40166706
0.40165055
0.4016342
0.4016179
0.40160143
0.4015849
0.40156856
0.40155277
0.4015378
0.40152386
0.4015112
0.40150014
0.4014909
0.40148368
0.40147844
0.40147522
0.40147376
0.40147388
0.40147555
0.4014787
0.4014831
0.40148824
0.40149358
0.40149862
0.40150282
0.4015063
0.40150943
0.4015127
0.40151665
0.40152153
0.40152746
0.40153423
0.40154156
0.4015493
0.4015573
0.40156558
0.40157425
0.40158334
0.4015928
0.4016022
0.4016111
0.40161896
0.40162557
0.4016312
0.40163648
0.40164238
0.40164968
0.40165916
0.40167135
0.40168658
0.4017052
0.401727
0.40175134
0.40177718
0.40180317
0.4018279
0.4018501
0.401869
0.40188396
0.40189445
0.40190026
0.40190142
0.4018982
0.40189102
0.40188053
0.40186763
0.40185326
0.40183884
0.4018255
0.40181434
0.40180624
0.40180114
0.40179878
0.40179807
0.40179774
0.4017965
0.4017932
0.40178698
0.40177763
0.40176526
0.40175068
0.40173492
0.4017193
0.40170497
0.40169275
0.401683
0.40167585
0.40167078
0.4016674
0.4016654
0.40166435
0.4016639
0.40166348
0.40166232
0.40165988
0.4016559
0.40165025
0.40164334
0.40163538
0.40162697
0.40161848
0.40161026
0.40160275
0.40159625
0.40159112
0.40158734
0.401585
0.40158388
0.4015838
0.4015845
0.40158588
0.4015876
0.40158936
0.40159103
0.4015922
0.40159264
0.40159193
0.40159
0.4015865
0.4015817
0.40157613
0.40157077
0.4015664
0.4015641
0.40156484
0.40156934
0.4015782
0.40159145
0.401609
0.40163037
0.40165538
0.4016845
0.4017192
0.401763
0.40182167
0.40190384
0.4020219
0.4021928
0.40244183
0.40279886
0.40330645
0.40402287
0.40502697
0.40642568
0.4083615
0.41105628
0.4147343
0.4197052
0.42644274
0.4355896
0.4477554
