0.44256517
0.43205667
0.4241719
0.41823286
0.413796
0.4105163
0.4081089
0.40633345
0.405029
0.40407717
0.40338135
0.40287358
0.40250346
0.40223396
0.40203822
0.40189642
0.4017941
0.40172067
0.40166798
0.40162995
0.4016019
0.40158054
0.4015632
0.40154815
0.40153423
0.40152133
0.40150973
0.40149987
0.40149254
0.4014882
0.4014872
0.40148962
0.4014954
0.40150398
0.40151495
0.40152776
0.40154195
0.40155727
0.40157342
0.40159032
0.4016073
0.40162334
0.40163732
0.40164754
0.40165278
0.4016523
0.4016459
0.40163416
0.40161818
0.40159956
0.40157983
0.40156057
0.40154287
0.40152737
0.4015146
0.40150443
0.4014967
0.4014912
0.40148732
0.4014848
0.40148315
0.4014823
0.401482
0.4014819
0.40148205
0.4014823
0.4014828
0.40148327
0.40148374
0.40148398
0.40148383
0.40148327
0.40148246
0.40148172
0.40148163
0.40148288
0.4014858
0.40149066
0.40149742
0.40150598
0.4015157
0.40152588
0.40153566
0.401544
0.40155023
0.40155405
0.40155575
0.40155578
0.40155482
0.40155336
0.40155172
0.40154994
0.40154788
0.40154544
0.40154266
0.4015396
0.40153643
0.40153337
0.4015304
0.40152776
0.40152553
0.40152374
0.40152246
0.40152168
0.40152124
0.4015209
0.40152013
0.4015185
0.40151578
0.40151212
0.40150812
0.40150452
0.40150204
0.40150163
0.40150362
0.40150845
0.4015161
0.4015264
0.40153897
0.40155345
0.40156913
0.40158513
0.40160024
0.40161362
0.40162456
0.4016325
0.40163726
0.40163854
0.40163627
0.4016303
0.40162134
0.4016101
0.40159768
0.40158552
0.40157476
0.40156633
0.40156105
0.40155903
0.40156013
0.4015638
0.4015696
0.40157685
0.4015849
0.4015934
0.40160173
0.40160936
0.4016156
0.40161985
0.4016219
0.40162167
0.4016195
0.40161613
0.401612
0.401608
0.4016045
0.4016019
0.40160072
0.40160152
0.40160468
0.40161055
0.40161908
0.40163007
0.40164304
0.40165734
0.401672
0.4016862
0.4016989
0.40170956
0.40171775
0.40172344
0.40172657
0.40172705
0.40172476
0.40171942
0.40171105
0.40169984
0.40168637
0.40167162
0.40165663
0.4016424
0.4016296
0.40161872
0.40160996
0.40160334
0.40159896
0.4015971
0.40159798
0.40160167
0.40160802
0.40161663
0.40162668
0.40163693
0.40164602
0.4016528
0.40165636
0.4016563
0.4016528
0.40164664
0.40163898
0.40163103
0.4016238
0.40161818
0.40161473
0.40161365
0.4016151
0.401619
0.4016252
0.40163314
0.40164217
0.40165135
0.4016597
0.4016662
0.4016702
0.4016713
0.40166947
0.40166476
0.40165746
0.4016476
0.4016356
0.40162194
0.40160763
0.40159371
0.4015812
0.401571
0.40156367
0.40155917
0.40155736
0.40155762
0.40155935
0.40156195
0.40156475
0.40156737
0.40156972
0.40157208
0.4015752
0.40157968
0.40158615
0.401595
0.40160638
0.40162027
0.4016365
0.40165478
0.40167466
0.40169576
0.4017175
0.4017389
0.40175885
0.40177596
0.4017891
0.40179715
0.4017995
0.40179592
0.40178677
0.40177286
0.4017553
0.4017355
0.40171495
0.40169504
0.4016768
0.40166107
0.40164873
0.40164
0.40163493
0.4016332
0.40163407
0.4016366
0.4016395
0.40164164
0.40164226
0.40164086
0.40163755
0.40163258
0.40162668
0.4016207
0.40161535
0.4016112
0.40160835
0.40160653
0.40160516
0.4016037
0.40160152
0.40159842
0.40159458
0.40159073
0.40158743
0.40158525
0.4015845
0.40158498
0.40158632
0.40158793
0.40158936
0.4015904
0.401591
0.40159127
0.401591
0.40158993
0.40158772
0.40158418
0.4015794
0.40157387
0.40156838
0.40156373
0.40156054
0.40155914
0.40155956
0.4015617
0.40156513
0.40156963
0.40157512
0.40158153
0.40158862
0.4015962
0.4016037
0.40161055
0.4016158
0.40161827
0.4016172
0.4016121
0.40160304
0.401591
0.40157714
0.40156308
0.40155026
0.40153992
0.40153304
0.40153012
0.40153143
0.40153685
0.4015464
0.4015594
0.40157533
0.40159312
0.40161207
0.4016315
0.40165138
0.40167227
0.40169573
0.40172386
0.4017596
0.40180698
0.40187168
0.40196192
0.40208945
0.40227085
0.4025308
0.40289897
0.40341762
0.40414485
0.4051588
0.40656558
0.4085068
0.4112034
0.41487834
0.4198408
0.42656374
0.43568963
0.44782963
