0.44253218
0.4320149
0.42412427
0.41818225
0.41374525
0.41046813
0.40806553
0.4062962
0.40499815
0.40405238
0.4033623
0.40286008
0.40249565
0.4022319
0.4020417
0.40190506
0.4018076
0.4017388
0.40169108
0.40165862
0.40163755
0.40162486
0.4016185
0.40161717
0.4016197
0.4016249
0.40163133
0.40163767
0.40164262
0.40164548
0.40164608
0.4016447
0.40164167
0.40163752
0.40163255
0.40162715
0.40162146
0.4016157
0.40161005
0.40160444
0.40159872
0.40159264
0.4015859
0.4015788
0.4015717
0.40156537
0.40156037
0.40155718
0.40155578
0.40155622
0.40155822
0.40156156
0.40156627
0.40157261
0.40158084
0.401591
0.401603
0.4016166
0.4016313
0.40164626
0.4016604
0.40167248
0.4016814
0.40168643
0.40168738
0.40168437
0.401678
0.4016692
0.401659
0.40164846
0.4016382
0.4016289
0.40162113
0.4016152
0.4016116
0.40161073
0.40161303
0.4016192
0.4016297
0.4016447
0.40166402
0.4016869
0.40171215
0.4017381
0.40176323
0.40178585
0.4018045
0.40181828
0.4018261
0.40182775
0.40182325
0.40181318
0.40179858
0.40178072
0.40176144
0.40174234
0.4017249
0.4017103
0.40169933
0.40169248
0.40168983
0.4016906
0.40169367
0.4016974
0.4017
0.40170023
0.401697
0.4016902
0.40167996
0.40166724
0.40165326
0.4016395
0.40162775
0.40161955
0.40161598
0.40161774
0.401625
0.40163735
0.4016539
0.4016731
0.4016937
0.40171382
0.40173215
0.40174696
0.40175712
0.40176168
0.40176022
0.40175277
0.40173995
0.40172288
0.40170282
0.40168113
0.40165907
0.40163764
0.4016179
0.4016005
0.40158632
0.40157574
0.40156907
0.40156618
0.40156665
0.40157005
0.40157565
0.40158272
0.4015904
0.40159774
0.40160415
0.4016095
0.40161452
0.40162003
0.4016272
0.40163735
0.40165147
0.40167022
0.4016937
0.40172127
0.4017519
0.40178412
0.4018165
0.4018474
0.40187562
0.40190023
0.4019205
0.40193617
0.40194717
0.40195364
0.40195575
0.40195373
0.40194747
0.40193716
0.40192303
0.40190524
0.4018843
0.40186086
0.401836
0.40181094
0.4017869
0.40176487
0.40174517
0.40172777
0.40171203
0.40169728
0.40168276
0.4016681
0.40165323
0.4016385
0.40162423
0.40161073
0.40159813
0.40158653
0.40157604
0.40156668
0.40155864
0.4015519
0.40154633
0.40154165
0.40153703
0.40153173
0.4015252
0.40151694
0.40150702
0.40149584
0.40148395
0.401472
0.40146047
0.4014498
0.40144038
0.4014327
0.4014272
0.4014242
0.4014241
0.401427
0.40143302
0.4014424
0.40145504
0.40147093
0.40148953
0.40151006
0.40153128
0.40155178
0.40157014
0.40158492
0.40159503
0.40160015
0.40160033
0.40159625
0.40158895
0.4015794
0.40156844
0.40155703
0.40154552
0.40153435
0.4015239
0.40151432
0.40150604
0.40149918
0.40149385
0.40149012
0.401488
0.4014874
0.4014882
0.4014902
0.4014933
0.40149724
0.4015016
0.40150613
0.40151057
0.40151492
0.4015197
0.4015256
0.4015333
0.4015437
0.4015573
0.4015741
0.4015939
0.4016156
0.40163788
0.4016593
0.40167853
0.4016946
0.40170687
0.40171546
0.40172097
0.40172425
0.40172663
0.4017292
0.40173283
0.401738
0.40174443
0.40175137
0.40175775
0.40176252
0.40176487
0.4017643
0.4017609
0.40175512
0.4017478
0.40173998
0.4017325
0.40172565
0.40171927
0.40171263
0.40170476
0.40169483
0.4016824
0.40166792
0.40165195
0.40163583
0.40162095
0.4016086
0.40159988
0.40159526
0.40159476
0.40159765
0.4016029
0.40160906
0.40161473
0.40161872
0.4016208
0.4016208
0.40161943
0.40161765
0.40161654
0.40161732
0.40162084
0.40162784
0.40163854
0.40165272
0.40166947
0.40168762
0.40170556
0.40172178
0.401735
0.40174443
0.40174952
0.40175027
0.40174687
0.40174
0.4017307
0.40171984
0.4017086
0.4016976
0.4016873
0.40167764
0.4016681
0.40165824
0.4016477
0.4016362
0.4016238
0.4016105
0.40159664
0.40158275
0.4015695
0.40155748
0.40154728
0.40153927
0.40153357
0.40153036
0.4015293
0.4015302
0.4015326
0.40153614
0.4015402
0.40154418
0.40154752
0.4015497
0.4015507
0.40155074
0.40155053
0.40155062
0.40155163
0.40155372
0.40155685
0.40156078
0.40156516
0.40157008
0.40157568
0.4015824
0.40159076
0.40160108
0.40161335
0.401627
0.4016412
0.40165466
0.4016662
0.40167487
0.40168
0.40168163
0.40168035
0.4016773
0.40167382
0.40167108
0.40166992
0.4016705
0.40167263
0.40167585
0.40167937
0.40168202
0.4016829
0.40168133
0.40167707
0.4016704
0.40166166
0.40165162
0.4016412
0.40163103
0.4016219
0.40161422
0.4016082
0.4016039
0.4016012
0.40159947
0.40159827
0.401597
0.40159526
0.40159297
0.40159005
0.4015867
0.4015833
0.40158048
0.40157887
0.4015791
0.4015816
0.40158665
0.40159404
0.4016033
0.40161356
0.40162346
0.40163186
0.4016376
0.40164015
0.4016394
0.40163586
0.40163037
0.4016239
0.4016174
0.40161195
0.40160817
0.40160635
0.4016068
0.4016092
0.40161347
0.40161917
0.40162602
0.40163386
0.4016423
0.40165117
0.40166005
0.4016686
0.40167642
0.40168303
0.40168777
0.40169004
0.40168944
0.40168592
0.40167993
0.4016724
0.4016645
0.40165743
0.40165198
0.4016486
0.40164727
0.40164733
0.401648
0.40164846
0.40164778
0.4016458
0.40164247
0.40163785
0.40163204
0.40162483
0.40161583
0.40160474
0.40159112
0.40157512
0.4015573
0.4015383
0.40151918
0.4015005
0.40148297
0.40146685
0.40145233
0.40143958
0.40142858
0.40141955
0.40141264
0.40140793
0.4014057
0.40140602
0.40140924
0.4014155
0.401425
0.40143764
0.4014529
0.40147004
0.40148804
0.40150562
0.40152177
0.40153566
0.40154698
0.40155607
0.4015637
0.40157068
0.40157795
0.4015861
0.4015957
0.4016068
0.40161923
0.40163246
0.4016457
0.40165782
0.40166745
0.40167323
0.40167415
0.40166968
0.40166017
0.40164635
0.40162936
0.40161055
0.40159145
0.40157324
0.40155718
0.40154424
0.40153503
0.40152988
0.40152892
0.40153196
0.40153867
0.40154848
0.40156063
0.40157408
0.40158752
0.40159938
0.4016086
0.40161422
0.40161592
0.40161374
0.40160832
0.4016005
0.40159136
0.40158185
0.4015729
0.40156534
0.40155986
0.40155682
0.40155634
0.4015582
0.40156156
0.40156546
0.40156886
0.4015707
0.40157038
0.40156794
0.4015636
0.40155804
0.4015519
0.40154588
0.40154085
0.40153763
0.40153715
0.40153986
0.40154618
0.4015559
0.4015683
0.40158245
0.4015968
0.40160987
0.40161997
0.40162587
0.401627
0.40162343
0.40161598
0.401606
0.40159535
0.40158564
0.4015786
0.4015752
0.4015761
0.40158138
0.40159044
0.40160245
0.40161592
0.40162918
0.40164042
0.40164813
0.40165135
0.40164968
0.4016436
0.4016338
0.4016215
0.40160784
0.40159371
0.4015803
0.4015681
0.40155795
0.40154994
0.4015442
0.40154055
0.40153855
0.40153763
0.40153742
0.40153787
0.40153933
0.4015425
0.40154803
0.40155622
0.40156698
0.40157998
0.40159422
0.4016086
0.40162158
0.4016319
0.40163812
0.40163967
0.4016366
0.4016295
0.40161967
0.4016085
0.4015975
0.40158817
0.40158156
0.40157846
0.40157917
0.40158367
0.40159142
0.40160188
0.40161458
0.40162906
0.40164527
0.40166262
0.40168047
0.40169773
0.4017129
0.40172473
0.40173215
0.40173456
0.40173212
0.40172538
0.4017158
0.4017048
0.4016941
0.40168497
0.4016786
0.4016756
0.40167642
0.40168083
0.40168822
0.40169728
0.40170676
0.4017152
0.40172184
0.40172628
0.4017288
0.40173024
0.4017316
0.4017339
0.40173787
0.40174398
0.40175214
0.401762
0.40177274
0.4017831
0.40179196
0.40179837
0.4018017
0.40180162
0.40179816
0.40179116
0.40178084
0.40176716
0.40175015
0.40172985
0.40170655
0.4016809
0.4016538
0.40162617
0.401599
0.40157294
0.40154856
0.40152612
0.40150598
0.40148836
0.4014735
0.40146145
0.4014522
0.401446
0.4014426
0.40144178
0.40144342
0.4014472
0.401453
0.40146053
0.40146926
0.40147874
0.40148818
0.40149698
0.4015045
0.4015107
0.4015158
0.40152064
0.40152612
0.40153295
0.40154156
0.4015519
0.40156353
0.40157565
0.40158686
0.4015961
0.40160245
0.40160558
0.40160564
0.40160352
0.40160048
0.4015981
0.40159756
0.40159988
0.40160564
0.40161502
0.4016278
0.40164348
0.4016614
0.4016803
0.4016988
0.40171558
0.40172932
0.40173915
0.40174454
0.40174538
0.40174216
0.40173563
0.401727
0.40171745
0.40170822
0.40170002
0.40169328
0.4016884
0.40168568
0.40168524
0.40168706
0.4016906
0.4016954
0.4017008
0.40170643
0.4017118
0.40171638
0.40171963
0.40172127
0.40172127
0.40172002
0.4017182
0.40171683
0.40171665
0.40171817
0.4017216
0.40172648
0.40173194
0.4017368
0.40173995
0.40174052
0.4017379
0.40173188
0.40172264
0.40171063
0.40169686
0.40168235
0.40166828
0.40165526
0.40164384
0.40163392
0.40162528
0.40161747
0.40161017
0.40160295
0.40159544
0.40158716
0.40157777
0.4015671
0.40155518
0.40154257
0.4015299
0.40151802
0.40150768
0.40149957
0.4014945
0.4014927
0.4014944
0.4014995
0.4015075
0.40151793
0.40152997
0.40154284
0.40155566
0.40156755
0.4015778
0.40158606
0.40159243
0.40159762
0.40160245
0.40160784
0.4016143
0.40162233
0.40163186
0.4016425
0.4016535
0.40166372
0.40167192
0.40167707
0.4016786
0.40167645
0.4016711
0.4016635
0.40165478
0.401646
0.40163806
0.40163162
0.40162694
0.40162408
0.40162268
0.40162233
0.40162244
0.4016228
0.40162337
0.40162438
0.40162626
0.40162933
0.40163353
0.4016382
0.4016426
0.40164533
0.4016454
0.40164196
0.4016348
0.40162432
0.40161133
0.4015968
0.4015821
0.40156782
0.40155452
0.4015422
0.40153074
0.4015199
0.40150976
0.40150067
0.401493
0.40148732
0.40148404
0.40148342
0.4014857
0.40149087
0.4014988
0.4015092
0.40152168
0.40153533
0.40154943
0.40156287
0.4015747
0.40158433
0.40159166
0.40159705
0.4016008
0.40160364
0.40160593
0.40160784
0.40160936
0.40161082
0.4016126
0.4016152
0.40161917
0.4016249
0.40163255
0.40164214
0.401653
0.4016642
0.40167475
0.40168342
0.40168926
0.40169162
0.40169048
0.401686
0.40167892
0.40166995
0.40165955
0.4016482
0.4016361
0.40162352
0.40161073
0.40159792
0.40158513
0.40157223
0.4015592
0.4015461
0.4015331
0.401521
0.40151042
0.40150204
0.4014962
0.40149313
0.40149274
0.401495
0.40149972
0.4015063
0.4015142
0.4015227
0.4015314
0.40154028
0.4015497
0.40156028
0.40157256
0.40158695
0.40160328
0.40162072
0.4016382
0.4016541
0.40166697
0.4016756
0.40167937
0.40167826
0.40167323
0.4016655
0.40165702
0.4016493
0.40164387
0.4016418
0.40164354
0.40164945
0.40165937
0.4016731
0.4016906
0.401712
0.40173784
0.40176904
0.40180784
0.40185747
0.40192333
0.4020134
0.40213928
0.40231746
0.40257302
0.40293628
0.40345016
0.4041731
0.4051836
0.40658772
0.4085268
0.41122133
0.41489434
0.41985485
0.4265755
0.435699
0.4478365
