0.44259137
0.43208888
0.42420682
0.41826707
0.41382623
0.41053957
0.40812352
0.4063383
0.40502357
0.4040618
0.40335718
0.40284252
0.40246788
0.40219665
0.40200216
0.40186477
0.40177032
0.40170833
0.40167096
0.40165204
0.40164658
0.40165025
0.40165928
0.40167046
0.40168136
0.40169048
0.4016969
0.40170062
0.40170208
0.4017019
0.40170085
0.4016995
0.40169805
0.40169635
0.40169436
0.4016919
0.40168887
0.40168542
0.4016815
0.40167728
0.40167236
0.40166664
0.40166
0.40165275
0.40164518
0.40163785
0.40163115
0.40162566
0.40162185
0.40161997
0.40161976
0.40162057
0.40162143
0.40162125
0.40161923
0.4016149
0.40160832
0.40159988
0.40159023
0.40157998
0.4015694
0.40155882
0.40154845
0.40153867
0.40152994
0.4015227
0.40151703
0.4015129
0.40151006
0.40150836
0.40150777
0.40150854
0.40151075
0.40151435
0.40151912
0.40152445
0.40153006
0.40153563
0.40154126
0.40154698
0.40155265
0.4015583
0.4015635
0.40156817
0.40157205
0.4015753
0.40157828
0.40158144
0.40158513
0.40158948
0.40159464
0.4016002
0.4016056
0.40161005
0.40161332
0.40161532
0.40161636
0.40161678
0.40161678
0.40161636
0.40161523
0.4016132
0.4016099
0.40160507
0.40159896
0.4015919
0.40158436
0.4015769
0.40156984
0.4015635
0.40155804
0.4015538
0.40155104
0.40155038
0.4015519
0.40155548
0.40156093
0.40156788
0.40157577
0.40158463
0.40159425
0.40160465
0.40161538
0.4016261
0.40163642
0.40164596
0.4016547
0.40166277
0.40167058
0.4016786
0.40168685
0.4016952
0.4017029
0.40170887
0.40171206
0.4017117
0.40170735
0.40169895
0.40168706
0.4016722
0.40165564
0.40163848
0.40162176
0.40160644
0.40159324
0.40158305
0.40157664
0.40157443
0.40157688
0.4015839
0.4015952
0.40160978
0.40162662
0.40164426
0.40166172
0.40167806
0.40169284
0.40170562
0.40171614
0.40172404
0.40172884
0.40173042
0.40172875
0.40172416
0.40171683
0.401707
0.40169477
0.40168056
0.4016649
0.40164864
0.4016329
0.40161878
0.40160722
0.4015991
0.40159476
0.4015943
0.40159765
0.40160418
0.4016129
0.40162292
0.40163332
0.40164384
0.40165448
0.40166587
0.4016788
0.40169394
0.40171137
0.4017307
0.40175086
0.40177053
0.40178818
0.4018025
0.40181243
0.40181726
0.4018166
0.40181053
0.4017992
0.40178326
0.40176353
0.40174115
0.40171742
0.40169364
0.4016711
0.40165102
0.4016338
0.40161958
0.4016083
0.40159917
0.4015916
0.40158483
0.4015784
0.40157217
0.401566
0.40156034
0.40155566
0.4015526
0.40155163
0.4015533
0.40155762
0.40156412
0.40157205
0.40158013
0.4015872
0.4015924
0.40159544
0.40159646
0.40159604
0.4015949
0.40159371
0.40159312
0.40159374
0.40159616
0.40160108
0.40160882
0.4016197
0.40163386
0.4016511
0.401671
0.4016926
0.40171468
0.40173584
0.40175438
0.4017688
0.40177822
0.4017821
0.40178055
0.40177423
0.4017642
0.4017516
0.4017378
0.40172413
0.40171143
0.4017003
0.40169042
0.4016815
0.40167263
0.40166327
0.40165323
0.40164265
0.40163177
0.40162107
0.4016106
0.40160075
0.40159154
0.40158325
0.40157607
0.40157026
0.401566
0.401564
0.4015651
0.40157008
0.4015794
0.4015931
0.40161076
0.4016314
0.40165365
0.4016758
0.4016961
0.40171304
0.4017255
0.40173277
0.40173486
0.40173227
0.40172607
0.4017175
0.40170807
0.4016991
0.4016918
0.40168694
0.401685
0.40168577
0.4016889
0.40169346
0.40169847
0.4017031
0.40170693
0.40170988
0.4017122
0.40171412
0.4017159
0.40171725
0.40171802
0.40171772
0.40171584
0.40171185
0.4017053
0.4016956
0.4016828
0.40166724
0.40164986
0.401632
0.40161508
0.4016002
0.40158847
0.40158048
0.40157673
0.40157744
0.40158245
0.4015915
0.40160412
0.40161964
0.40163735
0.4016565
0.4016761
0.4016949
0.4017117
0.40172508
0.401734
0.4017375
0.4017352
0.4017269
0.4017128
0.4016937
0.4016705
0.40164468
0.40161765
0.40159082
0.40156534
0.40154177
0.4015204
0.4015015
0.40148476
0.40147
0.40145674
0.40144485
0.40143412
0.40142465
0.4014166
0.40141016
0.4014059
0.4014042
0.4014055
0.40141004
0.40141782
0.401429
0.40144357
0.4014614
0.4014823
0.40150604
0.40153208
0.40155986
0.4015885
0.40161714
0.40164477
0.40167022
0.40169248
0.4017107
0.40172374
0.40173107
0.40173224
0.40172726
0.4017164
0.40170044
0.40168014
0.40165663
0.40163103
0.40160465
0.40157837
0.40155306
0.40152928
0.40150735
0.4014874
0.40146974
0.4014546
0.4014424
0.40143362
0.4014285
0.40142712
0.40142936
0.4014347
0.4014427
0.40145284
0.4014646
0.40147752
0.40149134
0.40150577
0.40152076
0.40153626
0.4015524
0.4015694
0.40158743
0.40160665
0.40162694
0.40164813
0.40166986
0.40169147
0.4017123
0.4017314
0.40174815
0.4017621
0.40177298
0.40178084
0.40178603
0.40178916
0.4017907
0.40179157
0.40179223
0.40179294
0.4017934
0.4017931
0.4017913
0.4017873
0.40178052
0.40177056
0.4017575
0.40174168
0.40172356
0.40170413
0.40168437
0.40166533
0.4016477
0.4016319
0.40161803
0.40160605
0.40159562
0.40158677
0.4015796
0.4015745
0.40157172
0.40157154
0.40157408
0.4015792
0.4015865
0.40159544
0.40160516
0.40161526
0.40162495
0.40163407
0.40164274
0.40165135
0.40166044
0.4016708
0.40168306
0.40169743
0.40171403
0.40173218
0.4017509
0.4017686
0.40178385
0.4017952
0.40180174
0.4018025
0.40179724
0.40178585
0.4017692
0.40174806
0.401724
0.40169862
0.4016735
0.40165034
0.4016302
0.4016137
0.40160093
0.40159142
0.40158463
0.40157992
0.40157658
0.40157422
0.40157256
0.40157163
0.40157172
0.40157315
0.40157598
0.4015799
0.4015846
0.4015894
0.40159377
0.40159696
0.40159833
0.40159756
0.40159476
0.4015905
0.40158522
0.40157968
0.40157434
0.40156946
0.40156487
0.40156028
0.4015552
0.40154964
0.40154377
0.4015381
0.4015334
0.40153033
0.4015292
0.40153006
0.40153274
0.4015367
0.4015414
0.40154618
0.4015507
0.40155488
0.40155888
0.4015629
0.40156716
0.40157154
0.40157598
0.40158013
0.4015839
0.40158734
0.40159032
0.40159276
0.4015945
0.4015955
0.4015959
0.40159613
0.40159672
0.40159848
0.4016017
0.4016068
0.40161386
0.40162262
0.40163302
0.4016447
0.40165725
0.40166995
0.40168178
0.4016918
0.4016991
0.40170315
0.4017037
0.40170103
0.40169576
0.40168884
0.40168107
0.4016733
0.401666
0.40165955
0.401654
0.40164918
0.40164477
0.40164027
0.40163523
0.40162924
0.40162224
0.4016143
0.4016056
0.40159613
0.40158582
0.4015745
0.40156192
0.40154797
0.4015329
0.40151712
0.40150145
0.4014867
0.4014735
0.40146238
0.40145367
0.40144777
0.40144488
0.40144518
0.40144876
0.4014553
0.4014647
0.40147653
0.40149015
0.4015052
0.40152118
0.4015374
0.40155333
0.40156844
0.40158254
0.40159553
0.40160787
0.4016202
0.40163308
0.40164718
0.40166262
0.4016793
0.4016966
0.4017135
0.40172902
0.4017421
0.40175197
0.40175813
0.40176025
0.40175834
0.4017525
0.40174285
0.4017296
0.4017129
0.40169317
0.401671
0.40164724
0.40162277
0.4015985
0.4015753
0.40155396
0.40153515
0.40151954
0.40150747
0.40149906
0.40149426
0.40149274
0.40149438
0.40149873
0.40150577
0.40151522
0.4015269
0.40154046
0.40155548
0.40157175
0.40158898
0.4016067
0.40162435
0.4016411
0.40165627
0.4016691
0.40167928
0.40168616
0.40168968
0.4016898
0.4016872
0.4016829
0.40167817
0.40167445
0.40167308
0.40167496
0.40168047
0.4016894
0.40170103
0.40171438
0.4017279
0.40174007
0.4017494
0.40175512
0.40175664
0.40175408
0.40174788
0.40173858
0.40172705
0.4017141
0.40170023
0.40168598
0.40167186
0.4016585
0.40164632
0.401636
0.4016278
0.40162218
0.40161958
0.4016205
0.40162534
0.40163434
0.40164745
0.4016642
0.40168363
0.4017043
0.40172467
0.40174296
0.40175793
0.40176827
0.4017734
0.4017728
0.40176666
0.4017556
0.40174085
0.40172407
0.40170717
0.401692
0.4016802
0.40167278
0.40167028
0.4016727
0.40167934
0.40168908
0.40170035
0.40171131
0.40172026
0.40172586
0.4017276
0.40172553
0.40172058
0.40171444
0.4017094
0.40170822
0.40171432
0.4017317
0.40176544
0.40182188
0.4019097
0.40204015
0.40222943
0.40250006
0.40288028
0.40341085
0.40414804
0.4051686
0.40657768
0.4085171
0.41120794
0.41487563
0.41983107
0.42654845
0.4356729
0.44781563
