0.44261205
0.4321223
0.42425868
0.4183437
0.41393307
0.41068164
0.40830186
0.40655324
0.40527487
0.40434682
0.40367302
0.40318516
0.4028327
0.40257776
0.40239248
0.40225646
0.40215492
0.40207696
0.4020147
0.40196234
0.40191576
0.4018721
0.40182954
0.40178716
0.4017449
0.40170315
0.40166277
0.40162483
0.40159014
0.40155944
0.40153334
0.4015121
0.40149572
0.40148395
0.40147623
0.4014718
0.40146983
0.4014694
0.40146956
0.40146974
0.40146974
0.4014699
0.40147087
0.40147325
0.40147775
0.40148476
0.40149465
0.40150714
0.4015221
0.40153903
0.40155706
0.4015751
0.40159187
0.4016062
0.40161732
0.4016247
0.40162873
0.40162995
0.4016291
0.40162706
0.4016245
0.401622
0.40161985
0.4016184
0.40161765
0.40161765
0.40161836
0.4016195
0.4016208
0.40162176
0.4016219
0.40162057
0.40161762
0.40161303
0.4016073
0.4016008
0.40159434
0.40158817
0.40158272
0.4015781
0.40157443
0.40157172
0.40157
0.40156934
0.40156955
0.4015706
0.40157208
0.40157384
0.4015757
0.40157777
0.40158007
0.40158272
0.40158597
0.40159005
0.40159538
0.40160218
0.40161023
0.40161902
0.40162778
0.4016353
0.40164062
0.4016431
0.4016426
0.40163925
0.40163368
0.4016264
0.401618
0.4016089
0.40159956
0.40159005
0.40158096
0.40157297
0.40156692
0.40156376
0.4015645
0.4015698
0.40158033
0.40159616
0.4016172
0.4016431
0.4016731
0.4017062
0.40174055
0.40177432
0.4018058
0.4018333
0.40185574
0.4018724
0.40188277
0.40188667
0.40188426
0.4018757
0.4018613
0.4018417
0.40181753
0.4017898
0.4017596
0.4017279
0.40169588
0.40166432
0.40163398
0.4016053
0.40157896
0.40155548
0.40153536
0.401519
0.40150654
0.401498
0.4014934
0.4014929
0.40149644
0.40150383
0.40151468
0.40152815
0.40154332
0.401559
0.4015739
0.4015873
0.40159878
0.4016085
0.40161702
0.4016252
0.4016336
0.40164223
0.4016507
0.401658
0.40166333
0.40166593
0.4016651
0.4016604
0.40165192
0.40163997
0.4016253
0.40160912
0.4015927
0.40157738
0.40156466
0.40155584
0.40155166
0.4015525
0.4015583
0.40156832
0.40158165
0.40159678
0.40161234
0.40162686
0.40163895
0.4016476
0.40165222
0.40165257
0.40164918
0.401643
0.4016354
0.401628
0.40162215
0.4016193
0.4016199
0.4016244
0.40163267
0.4016441
0.4016581
0.40167382
0.40169036
0.4017069
0.40172252
0.40173644
0.4017476
0.4017556
0.40176
0.40176085
0.40175837
0.40175328
0.40174624
0.40173826
0.40172976
0.4017209
0.40171137
0.4017007
0.4016884
0.40167433
0.4016589
0.40164283
0.40162754
0.4016145
0.401605
0.4016004
0.40160167
0.4016096
0.40162474
0.4016477
0.40167883
0.4017187
0.40176836
0.4018292
0.40190372
0.4019962
0.40211362
0.40226662
0.4024707
0.40274924
0.40313163
0.40365997
0.40439188
0.40540555
0.40680686
0.40873757
0.41141763
0.41507238
0.42001095
0.4267053
0.43580124
0.44791052
