0.44254425
0.43202856
0.42413667
0.41819036
0.4137461
0.4104582
0.40804258
0.40625817
0.40494403
0.40398264
0.40327802
0.40276328
0.40238878
0.40211785
0.4019236
0.40178606
0.40169057
0.40162638
0.40158546
0.40156174
0.40155056
0.40154824
0.4015517
0.40155837
0.40156633
0.40157387
0.40157968
0.40158296
0.4015833
0.40158096
0.40157676
0.4015719
0.40156743
0.4015647
0.40156454
0.40156737
0.40157312
0.40158126
0.401591
0.40160125
0.401611
0.40161926
0.40162587
0.40163094
0.40163505
0.40163928
0.40164438
0.40165082
0.40165862
0.40166712
0.40167534
0.40168163
0.40168464
0.40168333
0.40167713
0.4016661
0.4016511
0.40163332
0.40161413
0.401595
0.40157714
0.40156168
0.40154928
0.40154037
0.4015349
0.40153286
0.40153378
0.4015368
0.40154096
0.40154505
0.40154788
0.4015483
0.4015457
0.40153986
0.40153113
0.40152022
0.40150788
0.40149495
0.40148214
0.40147027
0.40146005
0.40145233
0.40144786
0.40144718
0.40145028
0.40145692
0.40146643
0.40147772
0.40148953
0.40150034
0.40150893
0.40151444
0.40151638
0.40151483
0.40151042
0.40150392
0.4014962
0.40148786
0.4014792
0.40147057
0.4014623
0.40145487
0.40144864
0.40144366
0.40143985
0.40143698
0.4014349
0.4014335
0.40143296
0.4014336
0.40143558
0.40143898
0.40144366
0.40144935
0.40145573
0.40146267
0.40147
0.40147752
0.4014851
0.4014923
0.40149876
0.40150416
0.40150818
0.4015106
0.40151125
0.40151045
0.4015086
0.40150642
0.4015044
0.4015028
0.4015015
0.40150037
0.40149906
0.40149748
0.4014955
0.40149316
0.4014906
0.40148795
0.40148538
0.40148333
0.40148205
0.40148178
0.40148255
0.40148434
0.40148705
0.4014906
0.40149468
0.4014992
0.40150413
0.4015093
0.4015146
0.4015194
0.40152335
0.40152603
0.40152737
0.4015278
0.40152782
0.40152815
0.40152982
0.40153354
0.4015398
0.40154868
0.40156
0.4015733
0.4015878
0.40160254
0.4016166
0.40162933
0.40164042
0.40164965
0.40165722
0.4016632
0.40166754
0.40167004
0.40167043
0.40166852
0.40166453
0.40165862
0.40165177
0.4016447
0.40163806
0.40163204
0.40162653
0.40162122
0.40161565
0.40160918
0.40160158
0.40159273
0.4015829
0.4015728
0.40156314
0.40155464
0.4015479
0.4015429
0.40153977
0.4015383
0.40153834
0.40153942
0.40154132
0.40154332
0.4015448
0.40154526
0.40154427
0.40154162
0.4015373
0.4015316
0.40152472
0.40151706
0.40150917
0.40150177
0.40149572
0.40149164
0.40149
0.40149134
0.4014956
0.4015029
0.40151286
0.40152526
0.40153977
0.40155575
0.40157232
0.40158844
0.40160275
0.4016139
0.4016209
0.4016235
0.40162185
0.40161684
0.40160948
0.4016009
0.4015922
0.40158418
0.40157738
0.4015722
0.4015687
0.40156713
0.40156722
0.40156874
0.40157112
0.4015737
0.40157565
0.40157625
0.40157494
0.40157136
0.4015653
0.40155676
0.401546
0.4015336
0.40152037
0.4015072
0.401495
0.40148476
0.4014772
0.40147257
0.4014708
0.40147164
0.40147448
0.4014786
0.40148342
0.40148827
0.40149292
0.40149724
0.4015012
0.40150496
0.4015087
0.40151253
0.40151617
0.40151945
0.40152216
0.40152434
0.40152594
0.40152735
0.40152872
0.4015304
0.40153286
0.40153652
0.40154156
0.40154812
0.40155587
0.40156454
0.4015737
0.40158272
0.40159106
0.4015981
0.40160343
0.40160677
0.401608
0.40160757
0.40160593
0.401604
0.40160236
0.40160143
0.40160158
0.40160277
0.4016049
0.40160787
0.40161148
0.40161592
0.40162104
0.40162662
0.4016324
0.40163797
0.40164316
0.40164828
0.4016539
0.40166074
0.40166962
0.4016807
0.40169376
0.40170828
0.40172353
0.40173888
0.4017542
0.4017699
0.40178716
0.40180779
0.40183464
0.4018716
0.40192363
0.401997
0.40209988
0.40224326
0.40244207
0.40271932
0.40310287
0.40363365
0.40436855
0.405385
0.4067886
0.4087209
0.4114021
0.41505775
0.41999736
0.42669308
0.43579102
0.4479029
