0.44268093
0.43220893
0.42435655
0.41844615
0.4140334
0.41077334
0.40837932
0.4066119
0.40531078
0.4043579
0.40365788
0.40314373
0.4027657
0.40248722
0.40228152
0.4021291
0.4020158
0.4019311
0.40186688
0.40181693
0.40177637
0.40174145
0.40170974
0.40167975
0.40165117
0.40162426
0.40159988
0.40157914
0.40156272
0.40155146
0.40154552
0.401545
0.4015495
0.40155855
0.4015713
0.40158674
0.40160385
0.4016214
0.40163812
0.40165296
0.4016652
0.40167415
0.40167925
0.40168056
0.40167832
0.40167364
0.40166765
0.40166196
0.40165767
0.40165597
0.40165734
0.40166208
0.40166986
0.4016798
0.4016905
0.4017001
0.40170673
0.40170854
0.40170458
0.4016943
0.40167806
0.4016569
0.40163222
0.40160602
0.40158033
0.40155703
0.40153742
0.40152246
0.40151262
0.40150815
0.40150887
0.40151414
0.40152326
0.40153491
0.4015476
0.40155977
0.40157
0.40157712
0.40158048
0.40158027
0.401577
0.40157172
0.40156537
0.40155908
0.40155372
0.40154988
0.4015477
0.40154713
0.40154782
0.40154913
0.4015505
0.4015512
0.4015507
0.40154907
0.40154678
0.4015447
0.40154415
0.40154627
0.40155187
0.40156135
0.40157455
0.40159103
0.40160975
0.40162924
0.4016477
0.40166348
0.40167484
0.4016809
0.4016808
0.40167457
0.4016628
0.4016464
0.40162686
0.40160567
0.40158436
0.4015643
0.40154678
0.4015327
0.4015226
0.4015168
0.40151528
0.40151784
0.401524
0.40153325
0.40154496
0.40155867
0.4015739
0.4015903
0.40160707
0.40162355
0.40163884
0.40165225
0.4016633
0.40167204
0.4016788
0.40168422
0.401689
0.40169352
0.40169802
0.40170234
0.4017065
0.40171033
0.4017141
0.40171805
0.40172252
0.40172789
0.40173396
0.4017407
0.40174806
0.4017558
0.40176427
0.4017734
0.4017831
0.4017929
0.40180206
0.40180987
0.40181547
0.40181828
0.40181768
0.40181336
0.4018053
0.40179363
0.40177867
0.4017611
0.40174156
0.40172088
0.40169993
0.40167955
0.40166008
0.4016417
0.40162414
0.401607
0.40159017
0.40157378
0.4015583
0.40154433
0.40153217
0.40152246
0.40151542
0.4015117
0.40151158
0.40151557
0.40152362
0.40153542
0.40155038
0.40156752
0.4015859
0.40160424
0.40162134
0.40163612
0.40164804
0.40165657
0.40166122
0.40166196
0.4016589
0.4016528
0.4016444
0.40163442
0.40162355
0.40161273
0.40160272
0.4015942
0.40158767
0.40158328
0.4015811
0.40158123
0.4015835
0.4015876
0.40159324
0.40159997
0.40160757
0.40161583
0.4016247
0.401634
0.40164334
0.4016521
0.40166014
0.40166724
0.40167364
0.4016797
0.4016855
0.4016913
0.40169668
0.40170097
0.40170333
0.40170297
0.40169942
0.40169275
0.4016831
0.4016711
0.40165803
0.40164512
0.4016337
0.40162447
0.40161794
0.4016138
0.4016115
0.40161029
0.40160936
0.40160865
0.40160826
0.4016088
0.4016108
0.40161458
0.4016202
0.4016272
0.40163505
0.40164283
0.40165007
0.40165645
0.40166196
0.40166664
0.4016705
0.40167364
0.40167645
0.4016793
0.40168303
0.4016884
0.4016964
0.40170777
0.4017228
0.40174162
0.40176386
0.4017885
0.40181434
0.40184018
0.40186492
0.40188777
0.40190795
0.40192506
0.4019389
0.40194923
0.40195593
0.40195876
0.40195766
0.4019525
0.4019434
0.4019304
0.40191367
0.4018936
0.40187058
0.4018456
0.40181962
0.4017936
0.40176845
0.40174472
0.40172282
0.40170288
0.40168518
0.40166953
0.40165582
0.40164414
0.4016347
0.40162772
0.4016234
0.40162155
0.40162182
0.40162364
0.40162587
0.40162754
0.4016272
0.4016238
0.40161672
0.40160593
0.4015922
0.4015765
0.40156
0.40154403
0.40152982
0.40151834
0.40151042
0.4015063
0.4015058
0.40150842
0.4015133
0.40151936
0.40152568
0.4015315
0.401536
0.4015388
0.40153986
0.40153977
0.40153927
0.4015394
0.4015412
0.40154558
0.40155324
0.401565
0.40158093
0.40160155
0.40162677
0.4016563
0.40168935
0.40172467
0.4017608
0.401796
0.4018288
0.40185806
0.40188307
0.40190348
0.40191922
0.40193036
0.40193695
0.40193903
0.40193668
0.40192994
0.401919
0.401904
0.40188482
0.4018616
0.40183464
0.40180448
0.40177205
0.40173832
0.40170452
0.4016719
0.40164128
0.40161327
0.40158817
0.40156564
0.40154555
0.40152764
0.40151197
0.4014984
0.40148717
0.40147844
0.4014724
0.40146923
0.40146923
0.401473
0.40148073
0.4014926
0.40150824
0.40152705
0.40154788
0.40156952
0.40159073
0.40161026
0.4016269
0.40163958
0.40164754
0.40165043
0.40164825
0.40164158
0.40163133
0.40161884
0.4016056
0.40159336
0.40158346
0.40157726
0.40157548
0.40157855
0.40158632
0.40159896
0.40161613
0.40163732
0.40166208
0.40168935
0.40171793
0.4017465
0.4017739
0.4017992
0.4018217
0.40184107
0.40185717
0.40186992
0.40187937
0.4018856
0.40188864
0.4018888
0.40188643
0.40188193
0.4018756
0.40186766
0.40185845
0.40184808
0.40183678
0.40182474
0.4018118
0.40179744
0.401781
0.40176204
0.40174028
0.4017158
0.401689
0.40166083
0.40163216
0.40160397
0.40157735
0.40155303
0.40153167
0.4015135
0.40149856
0.40148655
0.401477
0.40146953
0.40146348
0.4014584
0.40145412
0.40145054
0.40144777
0.40144643
0.4014472
0.4014508
0.4014579
0.40146863
0.40148315
0.401501
0.40152133
0.40154302
0.40156454
0.40158436
0.40160093
0.40161315
0.4016208
0.40162423
0.4016242
0.40162194
0.4016185
0.40161476
0.40161103
0.4016073
0.40160322
0.4015985
0.40159282
0.40158615
0.40157837
0.40156966
0.40156034
0.40155077
0.40154135
0.4015325
0.4015246
0.40151808
0.40151304
0.40150955
0.40150735
0.40150583
0.40150464
0.4015033
0.40150177
0.40150025
0.40149906
0.40149876
0.40150017
0.40150374
0.40150964
0.40151793
0.40152788
0.40153855
0.40154892
0.40155807
0.40156558
0.4015712
0.40157545
0.40157863
0.4015813
0.40158385
0.40158656
0.40158954
0.40159282
0.4015962
0.40159908
0.40160108
0.40160212
0.4016024
0.40160254
0.4016035
0.40160576
0.40161005
0.40161633
0.4016245
0.40163428
0.40164548
0.40165848
0.40167338
0.40169087
0.4017112
0.40173423
0.4017593
0.40178537
0.40181127
0.401836
0.40185872
0.4018788
0.40189597
0.40191007
0.4019214
0.4019301
0.40193635
0.4019404
0.40194237
0.40194264
0.4019415
0.4019393
0.401936
0.40193164
0.40192625
0.4019196
0.40191156
0.4019019
0.40189013
0.40187603
0.40185905
0.40183896
0.40181565
0.40178922
0.40175998
0.4017286
0.4016961
0.40166354
0.40163207
0.4016027
0.40157613
0.4015531
0.4015341
0.4015194
0.4015088
0.40150207
0.40149862
0.4014975
0.40149802
0.4014992
0.4015004
0.4015009
0.40150037
0.40149868
0.40149608
0.40149292
0.40148965
0.40148672
0.40148464
0.40148368
0.4014838
0.4014852
0.40148804
0.40149245
0.4014986
0.4015064
0.40151575
0.40152627
0.40153787
0.4015501
0.401563
0.40157643
0.40159005
0.4016031
0.40161464
0.40162352
0.40162894
0.4016306
0.40162873
0.40162387
0.401617
0.40160877
0.40160015
0.40159178
0.40158427
0.40157804
0.40157324
0.40156975
0.40156716
0.40156478
0.4015619
0.40155804
0.40155298
0.40154678
0.40153983
0.40153235
0.40152484
0.40151775
0.40151158
0.40150714
0.40150514
0.4015063
0.40151113
0.40151998
0.401533
0.4015501
0.40157095
0.4015951
0.40162173
0.40164968
0.40167767
0.40170428
0.4017281
0.40174788
0.4017626
0.40177146
0.4017739
0.4017699
0.40175974
0.40174413
0.40172416
0.40170103
0.40167594
0.40164998
0.40162438
0.4016
0.40157795
0.40155885
0.40154353
0.40153244
0.40152577
0.4015233
0.4015246
0.401529
0.40153566
0.40154406
0.40155318
0.40156218
0.40156996
0.40157548
0.4015781
0.40157768
0.40157476
0.40157026
0.40156546
0.40156147
0.40155908
0.40155873
0.4015601
0.40156257
0.40156505
0.40156627
0.4015654
0.40156192
0.40155593
0.4015478
0.4015381
0.40152755
0.40151685
0.40150687
0.40149826
0.40149197
0.40148863
0.4014887
0.40149233
0.4014993
0.40150917
0.40152106
0.40153393
0.40154636
0.40155676
0.4015637
0.40156606
0.4015634
0.4015558
0.40154415
0.40152952
0.40151337
0.4014973
0.40148264
0.4014706
0.40146187
0.40145713
0.40145642
0.40145984
0.40146717
0.4014783
0.40149286
0.40151048
0.40153077
0.40155336
0.40157783
0.40160343
0.40162918
0.40165374
0.4016756
0.4016935
0.4017063
0.40171334
0.40171435
0.40170974
0.4017003
0.40168697
0.4016711
0.40165386
0.401636
0.40161836
0.40160152
0.40158597
0.40157214
0.4015606
0.40155146
0.4015449
0.40154064
0.4015384
0.40153807
0.4015391
0.4015412
0.40154406
0.40154758
0.40155187
0.40155685
0.40156263
0.40156916
0.40157598
0.40158245
0.40158746
0.40159
0.4015892
0.40158486
0.4015773
0.4015671
0.40155506
0.4015421
0.4015288
0.40151587
0.4015036
0.40149218
0.4014817
0.40147215
0.4014636
0.40145615
0.40144977
0.4014447
0.40144113
0.40143916
0.40143892
0.40144053
0.4014441
0.40144968
0.4014571
0.40146607
0.40147614
0.40148684
0.40149772
0.4015085
0.40151903
0.4015295
0.40153977
0.40154967
0.40155888
0.40156683
0.40157282
0.40157607
0.40157625
0.40157324
0.4015675
0.4015599
0.40155172
0.4015443
0.40153864
0.40153533
0.40153483
0.4015371
0.40154192
0.40154907
0.40155816
0.4015687
0.40158013
0.4015915
0.4016021
0.40161133
0.40161923
0.4016259
0.4016319
0.40163743
0.4016424
0.40164673
0.40164992
0.40165162
0.4016519
0.4016506
0.4016481
0.4016442
0.40163898
0.40163225
0.40162405
0.40161505
0.40160593
0.40159783
0.4015915
0.4015879
0.4015874
0.4015898
0.40159476
0.40160108
0.40160757
0.40161267
0.40161526
0.40161422
0.4016093
0.40160066
0.40158904
0.4015754
0.40156072
0.401546
0.4015319
0.4015189
0.4015072
0.4014971
0.40148887
0.4014831
0.4014801
0.4014804
0.40148416
0.40149152
0.40150204
0.40151513
0.40152964
0.40154448
0.40155822
0.40156943
0.40157706
0.40158054
0.40157983
0.40157524
0.40156764
0.401558
0.40154755
0.4015373
0.4015286
0.40152225
0.40151912
0.40151957
0.40152377
0.40153146
0.40154198
0.40155447
0.40156758
0.40158018
0.40159118
0.4015997
0.4016057
0.40160924
0.40161064
0.4016101
0.4016079
0.40160397
0.40159848
0.40159145
0.40158322
0.40157428
0.4015653
0.40155697
0.4015501
0.4015457
0.40154478
0.40154803
0.40155587
0.40156844
0.40158552
0.40160626
0.4016295
0.40165362
0.4016767
0.40169695
0.40171278
0.40172315
0.40172732
0.4017253
0.40171725
0.40170377
0.40168574
0.40166447
0.40164134
0.40161788
0.40159547
0.40157548
0.401559
0.40154684
0.40153942
0.4015368
0.4015384
0.40154344
0.40155086
0.4015596
0.40156826
0.40157557
0.40158027
0.40158144
0.40157866
0.40157205
0.40156206
0.4015496
0.4015355
0.40152058
0.40150553
0.40149108
0.40147758
0.40146512
0.4014538
0.4014436
0.40143472
0.4014272
0.40142143
0.40141782
0.40141687
0.40141875
0.4014236
0.4014313
0.40144134
0.40145308
0.40146556
0.40147778
0.40148863
0.40149742
0.40150356
0.40150702
0.40150782
0.40150648
0.40150374
0.4015004
0.40149736
0.40149522
0.40149462
0.40149596
0.40149942
0.4015051
0.40151304
0.40152317
0.40153536
0.40154934
0.4015649
0.40158162
0.401599
0.40161625
0.4016324
0.40164658
0.4016582
0.40166703
0.40167344
0.40167826
0.40168256
0.40168738
0.40169373
0.4017024
0.4017135
0.40172678
0.40174142
0.40175658
0.40177178
0.4017866
0.4018009
0.40181476
0.4018279
0.40184003
0.40185046
0.40185833
0.4018627
0.40186292
0.40185848
0.40184936
0.40183595
0.40181908
0.40179992
0.40177998
0.40176094
0.40174437
0.40173167
0.40172356
0.40172032
0.40172145
0.40172595
0.4017323
0.40173888
0.40174407
0.4017465
0.4017455
0.40174067
0.4017322
0.40172082
0.40170723
0.40169263
0.40167776
0.40166304
0.4016489
0.4016354
0.4016226
0.40161085
0.40160054
0.40159196
0.40158546
0.40158093
0.40157837
0.40157768
0.40157837
0.4015801
0.4015824
0.40158495
0.40158752
0.4015898
0.4015916
0.40159255
0.4015922
0.40158963
0.40158424
0.40157557
0.40156364
0.40154907
0.40153277
0.40151596
0.40149993
0.40148547
0.40147355
0.40146455
0.4014587
0.40145615
0.40145668
0.40146005
0.4014658
0.40147346
0.40148243
0.4014923
0.40150264
0.40151322
0.40152356
0.40153334
0.40154213
0.40154976
0.40155628
0.40156198
0.4015671
0.40157196
0.40157685
0.40158176
0.40158674
0.40159166
0.40159664
0.40160185
0.4016077
0.40161464
0.401623
0.40163273
0.40164328
0.40165368
0.40166277
0.40166953
0.40167305
0.40167266
0.4016682
0.4016597
0.4016477
0.40163282
0.4016162
0.4015987
0.4015815
0.40156555
0.4015514
0.40153942
0.4015296
0.40152195
0.4015158
0.4015109
0.40150654
0.40150204
0.40149716
0.40149182
0.4014864
0.40148127
0.40147695
0.40147376
0.4014718
0.4014715
0.40147316
0.40147725
0.40148383
0.40149328
0.4015055
0.40152022
0.40153685
0.40155447
0.40157187
0.4015876
0.4016004
0.40160903
0.40161312
0.40161267
0.40160823
0.40160063
0.40159082
0.40157953
0.40156758
0.40155548
0.40154353
0.40153188
0.40152067
0.4015101
0.40150014
0.4014908
0.40148205
0.40147394
0.40146682
0.40146098
0.4014569
0.40145463
0.4014543
0.40145585
0.4014591
0.40146375
0.40146935
0.40147513
0.4014803
0.4014839
0.40148544
0.40148467
0.40148202
0.4014782
0.40147424
0.40147126
0.40147033
0.40147206
0.40147704
0.4014852
0.40149644
0.40151006
0.40152526
0.4015412
0.40155676
0.40157136
0.40158463
0.40159667
0.4016079
0.4016189
0.40163025
0.40164223
0.40165478
0.40166733
0.40167895
0.40168837
0.40169483
0.40169778
0.40169758
0.40169483
0.40169063
0.40168637
0.40168306
0.4016812
0.40168107
0.4016818
0.40168273
0.4016827
0.40168083
0.40167674
0.40167055
0.4016629
0.40165445
0.40164587
0.4016378
0.40163055
0.4016242
0.40161866
0.4016137
0.40160915
0.40160495
0.40160143
0.40159908
0.4015982
0.4015987
0.40160003
0.40160164
0.4016025
0.40160203
0.4016001
0.401597
0.40159357
0.40159044
0.40158826
0.40158698
0.40158638
0.40158576
0.4015841
0.4015806
0.4015746
0.401566
0.40155488
0.40154207
0.40152827
0.4015144
0.40150145
0.40148985
0.40148002
0.40147203
0.40146583
0.40146127
0.40145835
0.40145686
0.40145683
0.40145856
0.4014624
0.40146863
0.40147778
0.40149015
0.40150595
0.40152514
0.4015475
0.40157217
0.40159824
0.40162462
0.4016497
0.40167218
0.4016907
0.4017044
0.40171286
0.40171605
0.4017144
0.40170905
0.40170103
0.40169188
0.40168303
0.40167567
0.40167072
0.4016688
0.40166995
0.40167403
0.4016803
0.4016878
0.40169528
0.40170148
0.4017054
0.40170658
0.40170476
0.4017002
0.40169352
0.40168557
0.40167755
0.40167084
0.4016674
0.40166953
0.40167993
0.40170208
0.40174037
0.40180114
0.40189248
0.40202576
0.40221718
0.40248948
0.40287128
0.40340358
0.40414307
0.40516675
0.40657988
0.4085239
0.4112197
0.41489145
0.41984957
0.42656788
0.43569055
0.44782928
