0.4426898
0.43222147
0.42437318
0.41846776
0.41406095
0.41080803
0.40842178
0.40666243
0.40536976
0.40442485
0.40373197
0.4032236
0.4028498
0.40257284
0.40236548
0.40220758
0.40208468
0.40198636
0.40190557
0.40183756
0.40177932
0.4017291
0.40168583
0.40164888
0.4016179
0.40159273
0.40157324
0.40155926
0.4015506
0.40154725
0.40154916
0.40155602
0.4015672
0.40158173
0.4015982
0.40161476
0.40162963
0.40164122
0.4016484
0.40165052
0.4016478
0.40164068
0.40163025
0.40161765
0.4016041
0.40159044
0.4015775
0.40156606
0.40155688
0.40155068
0.40154782
0.4015484
0.4015524
0.4015594
0.4015688
0.40157974
0.4015912
0.40160194
0.40161082
0.40161693
0.40162
0.4016202
0.4016181
0.40161476
0.40161115
0.40160847
0.40160748
0.40160918
0.40161398
0.4016221
0.40163332
0.40164727
0.40166333
0.4016811
0.40170002
0.4017192
0.40173775
0.4017544
0.40176797
0.4017773
0.40178168
0.4017809
0.40177503
0.4017646
0.40175042
0.40173373
0.40171608
0.40169916
0.40168458
0.40167388
0.40166777
0.40166646
0.40166962
0.4016761
0.40168428
0.40169248
0.40169916
0.4017029
0.401703
0.40169913
0.40169147
0.40168047
0.40166703
0.401652
0.40163627
0.4016204
0.401605
0.4015904
0.40157682
0.4015642
0.40155232
0.40154082
0.4015293
0.40151784
0.4015066
0.40149608
0.40148672
0.40147886
0.4014726
0.40146813
0.4014655
0.401465
0.40146682
0.40147108
0.4014778
0.40148693
0.40149817
0.40151134
0.40152583
0.40154082
0.40155548
0.4015688
0.40157974
0.40158767
0.40159234
0.40159392
0.4015932
0.401591
0.40158826
0.40158546
0.40158302
0.40158102
0.40157923
0.40157714
0.40157428
0.4015702
0.4015647
0.4015578
0.40154967
0.40154055
0.40153107
0.40152183
0.40151367
0.4015072
0.4015032
0.40150198
0.40150356
0.40150777
0.40151426
0.40152252
0.40153217
0.4015426
0.40155315
0.40156323
0.40157256
0.40158075
0.40158784
0.40159407
0.4016
0.40160647
0.40161413
0.4016235
0.4016345
0.40164682
0.40165928
0.40167055
0.4016791
0.40168363
0.40168333
0.401678
0.4016681
0.4016545
0.40163845
0.40162122
0.40160412
0.4015881
0.40157402
0.40156212
0.4015528
0.40154603
0.4015421
0.40154132
0.40154406
0.40155038
0.40156004
0.4015727
0.40158746
0.40160316
0.40161842
0.40163207
0.40164307
0.401651
0.401656
0.40165865
0.40165997
0.401661
0.40166256
0.40166527
0.40166903
0.40167356
0.40167797
0.40168133
0.40168256
0.4016811
0.40167674
0.40166968
0.4016606
0.40165037
0.4016399
0.40162992
0.4016212
0.40161386
0.4016084
0.4016049
0.40160364
0.40160498
0.4016091
0.40161613
0.4016259
0.40163803
0.40165162
0.40166593
0.40167996
0.40169308
0.4017049
0.40171513
0.40172392
0.4017311
0.40173635
0.40173924
0.4017396
0.4017375
0.4017333
0.4017274
0.4017204
0.40171257
0.4017045
0.40169674
0.40168992
0.40168473
0.40168133
0.40167987
0.4016803
0.40168208
0.40168473
0.40168747
0.40168986
0.40169153
0.40169236
0.4016926
0.40169233
0.40169168
0.40169057
0.4016889
0.40168616
0.40168178
0.4016755
0.40166712
0.401657
0.40164545
0.40163305
0.40162003
0.4016066
0.4015928
0.4015786
0.40156406
0.40154934
0.40153465
0.40152058
0.4015077
0.40149662
0.4014877
0.40148112
0.40147683
0.40147442
0.4014735
0.40147367
0.40147486
0.40147728
0.40148094
0.40148598
0.40149236
0.40149963
0.40150735
0.4015144
0.40151998
0.4015229
0.40152264
0.40151912
0.40151295
0.4015053
0.40149748
0.40149075
0.40148625
0.4014846
0.4014864
0.4014918
0.4015004
0.4015119
0.40152538
0.4015399
0.40155435
0.40156797
0.40158015
0.40159112
0.401601
0.40161014
0.40161875
0.40162686
0.4016343
0.4016407
0.40164566
0.40164897
0.40165076
0.40165156
0.40165192
0.4016526
0.401654
0.40165642
0.40165955
0.4016633
0.4016675
0.4016718
0.401676
0.40168
0.40168354
0.40168643
0.40168816
0.40168816
0.40168592
0.4016813
0.4016743
0.40166563
0.40165606
0.4016465
0.4016381
0.40163156
0.4016276
0.40162653
0.40162826
0.40163252
0.40163863
0.401646
0.40165392
0.40166152
0.40166786
0.40167215
0.40167382
0.4016729
0.40166974
0.40166512
0.4016597
0.40165403
0.40164846
0.40164274
0.4016365
0.4016296
0.401622
0.40161407
0.40160686
0.40160164
0.40160012
0.4016044
0.4016173
0.40164238
0.40168405
0.40174824
0.40184274
0.40197837
0.402171
0.4024424
0.4028213
0.40334892
0.40408283
0.40510124
0.40651083
0.40845385
0.41115215
0.41482952
0.41979566
0.42652413
0.43565708
0.44780558
