0.4426418
0.4321546
0.42428523
0.41835514
0.4139201
0.41063493
0.40821528
0.40642223
0.4050965
0.40412238
0.40340564
0.40288064
0.40249857
0.40222323
0.40202728
0.40189043
0.40179712
0.40173587
0.40169778
0.40167648
0.40166715
0.4016663
0.4016712
0.40167937
0.40168858
0.40169677
0.40170234
0.4017042
0.4017018
0.40169522
0.4016851
0.40167218
0.40165737
0.40164152
0.40162483
0.4016076
0.4015898
0.4015716
0.40155318
0.4015352
0.40151814
0.40150228
0.40148795
0.40147522
0.40146428
0.4014551
0.40144774
0.40144235
0.40143892
0.40143743
0.40143797
0.40144062
0.4014459
0.40145445
0.4014669
0.40148368
0.4015052
0.4015313
0.40156183
0.4015957
0.401632
0.40166906
0.401705
0.40173805
0.40176657
0.4017892
0.40180504
0.40181392
0.40181592
0.40181193
0.401803
0.40179074
0.401777
0.4017635
0.40175182
0.40174288
0.40173694
0.40173355
0.4017314
0.4017293
0.40172568
0.40171993
0.40171164
0.40170124
0.40168968
0.40167817
0.40166834
0.4016614
0.40165797
0.40165818
0.40166137
0.4016665
0.40167248
0.40167832
0.40168357
0.4016883
0.40169328
0.4016994
0.4017075
0.40171835
0.40173212
0.40174863
0.40176725
0.40178707
0.401807
0.40182626
0.4018441
0.40186
0.4018734
0.40188435
0.40189263
0.40189797
0.40190026
0.40189922
0.40189472
0.40188676
0.4018755
0.40186146
0.40184516
0.4018274
0.40180907
0.40179157
0.4017762
0.40176454
0.40175802
0.40175763
0.40176368
0.4017758
0.4017929
0.40181342
0.4018356
0.40185767
0.401878
0.40189546
0.40190902
0.40191796
0.40192184
0.40192053
0.40191418
0.4019029
0.4018874
0.40186834
0.40184698
0.40182486
0.40180352
0.40178463
0.40176937
0.40175873
0.4017525
0.4017501
0.40175012
0.40175086
0.4017509
0.40174893
0.4017443
0.40173686
0.40172684
0.40171483
0.40170148
0.40168753
0.40167344
0.40165922
0.40164468
0.40162936
0.40161276
0.40159494
0.4015763
0.4015576
0.40153995
0.40152463
0.40151253
0.40150434
0.4015004
0.40150082
0.40150484
0.40151167
0.40152004
0.40152875
0.40153626
0.4015416
0.40154397
0.40154317
0.40153953
0.40153357
0.40152612
0.4015181
0.40151036
0.40150398
0.40149978
0.40149847
0.40150067
0.4015066
0.40151635
0.40152982
0.40154678
0.40156683
0.40158936
0.40161383
0.40163907
0.4016643
0.40168867
0.4017118
0.40173352
0.40175375
0.40177247
0.40178922
0.4018037
0.40181562
0.40182498
0.40183192
0.40183684
0.40184006
0.40184173
0.40184146
0.40183893
0.4018337
0.40182525
0.40181315
0.40179726
0.40177748
0.40175423
0.401728
0.40169984
0.40167066
0.40164182
0.4016145
0.4015899
0.4015687
0.40155157
0.40153876
0.40153053
0.40152732
0.40152928
0.40153646
0.40154892
0.4015661
0.40158752
0.40161234
0.40163967
0.40166834
0.40169686
0.40172353
0.40174666
0.4017647
0.40177658
0.40178183
0.4017802
0.40177172
0.4017569
0.40173665
0.4017121
0.4016845
0.40165526
0.40162572
0.4015971
0.4015704
0.40154654
0.40152618
0.40151003
0.40149853
0.40149212
0.40149134
0.40149596
0.40150607
0.40152135
0.40154156
0.40156585
0.40159327
0.4016224
0.40165165
0.4016792
0.40170345
0.40172297
0.40173703
0.40174505
0.4017471
0.40174377
0.401736
0.4017253
0.40171346
0.40170237
0.4016937
0.40168867
0.40168798
0.40169147
0.40169832
0.4017072
0.40171647
0.40172473
0.40173054
0.40173286
0.40173116
0.4017252
0.40171525
0.40170196
0.40168625
0.40166923
0.4016523
0.40163687
0.40162414
0.40161526
0.401611
0.4016116
0.40161678
0.40162575
0.40163717
0.40164948
0.40166083
0.40166932
0.40167344
0.4016722
0.40166536
0.40165314
0.40163615
0.4016154
0.40159193
0.40156692
0.40154183
0.40151766
0.40149564
0.4014763
0.40146008
0.40144712
0.4014372
0.40142992
0.4014251
0.40142202
0.40142056
0.40142044
0.40142193
0.40142512
0.40143034
0.40143764
0.40144712
0.40145865
0.40147212
0.4014875
0.40150458
0.40152314
0.40154302
0.40156403
0.40158606
0.40160894
0.40163216
0.40165538
0.40167746
0.40169764
0.40171483
0.40172854
0.40173844
0.40174463
0.40174752
0.4017476
0.40174532
0.40174088
0.40173432
0.40172583
0.4017153
0.40170333
0.40169054
0.4016781
0.40166697
0.40165833
0.40165257
0.40164968
0.40164915
0.40164992
0.40165126
0.40165237
0.40165314
0.4016537
0.4016546
0.40165627
0.40165913
0.40166327
0.40166867
0.40167516
0.40168244
0.40168965
0.40169582
0.4016998
0.4017007
0.40169793
0.4016915
0.40168172
0.40166947
0.4016558
0.40164158
0.40162772
0.4016149
0.4016034
0.40159327
0.4015841
0.4015752
0.40156618
0.4015567
0.4015471
0.4015379
0.40152988
0.4015237
0.4015202
0.4015199
0.40152317
0.40153006
0.40154028
0.4015535
0.40156922
0.4015866
0.4016051
0.40162396
0.4016426
0.4016601
0.40167567
0.40168867
0.40169865
0.40170565
0.40171003
0.40171254
0.4017141
0.40171587
0.4017187
0.40172344
0.4017305
0.4017398
0.4017509
0.40176266
0.40177414
0.40178406
0.40179163
0.40179625
0.40179762
0.40179574
0.40179098
0.4017841
0.4017759
0.40176716
0.40175855
0.40175056
0.40174356
0.40173787
0.40173355
0.40172988
0.40172637
0.4017221
0.40171665
0.40170997
0.40170228
0.40169406
0.4016862
0.40167925
0.40167397
0.40167075
0.40166998
0.40167195
0.4016764
0.40168276
0.40169057
0.40169865
0.40170583
0.4017107
0.4017126
0.40171096
0.40170595
0.40169793
0.4016877
0.4016759
0.40166306
0.4016499
0.4016366
0.4016236
0.401611
0.40159887
0.40158734
0.40157646
0.40156668
0.40155873
0.40155324
0.4015509
0.40155205
0.40155697
0.4015654
0.40157694
0.401591
0.40160695
0.40162393
0.4016417
0.40166032
0.4016803
0.40170205
0.4017258
0.4017513
0.4017779
0.40180418
0.40182918
0.40185153
0.4018704
0.4018847
0.40189382
0.40189707
0.4018942
0.40188515
0.40187013
0.40184942
0.40182364
0.40179387
0.40176138
0.40172753
0.40169388
0.40166196
0.4016329
0.40160763
0.40158674
0.4015704
0.40155855
0.40155077
0.40154698
0.40154696
0.40155023
0.40155646
0.40156505
0.40157512
0.40158612
0.40159732
0.4016083
0.40161893
0.40162933
0.40163967
0.40165034
0.40166166
0.40167394
0.40168768
0.40170342
0.40172175
0.40174258
0.4017656
0.40179002
0.40181437
0.40183732
0.40185726
0.40187302
0.40188375
0.40188855
0.40188718
0.4018796
0.401866
0.4018468
0.40182263
0.40179425
0.40176252
0.4017285
0.40169373
0.4016597
0.401628
0.40159988
0.40157637
0.4015579
0.4015445
0.401536
0.40153185
0.4015315
0.40153402
0.40153852
0.40154383
0.40154907
0.40155327
0.40155584
0.40155625
0.4015545
0.40155038
0.4015438
0.401535
0.40152448
0.4015127
0.40150008
0.40148696
0.4014738
0.40146104
0.40144905
0.40143815
0.40142852
0.40142012
0.40141323
0.40140817
0.4014052
0.4014045
0.4014062
0.4014102
0.40141645
0.4014249
0.40143558
0.40144843
0.40146306
0.4014792
0.4014962
0.40151367
0.40153053
0.40154624
0.40155983
0.40157083
0.4015789
0.40158412
0.40158653
0.4015865
0.4015838
0.40157884
0.40157193
0.40156388
0.40155548
0.40154755
0.40154046
0.40153462
0.40152985
0.40152612
0.4015238
0.4015234
0.40152583
0.4015318
0.40154177
0.40155566
0.40157306
0.40159306
0.40161422
0.40163496
0.4016534
0.40166837
0.40167886
0.40168464
0.401686
0.4016839
0.40167928
0.4016734
0.40166754
0.4016626
0.40165913
0.40165758
0.401658
0.40166014
0.40166345
0.40166706
0.40167013
0.40167156
0.40167084
0.40166774
0.4016629
0.40165702
0.40165097
0.4016454
0.40164095
0.4016376
0.40163532
0.40163377
0.40163243
0.40163073
0.40162802
0.40162405
0.4016189
0.40161312
0.40160754
0.40160307
0.40160075
0.40160105
0.40160424
0.4016101
0.40161818
0.4016274
0.40163663
0.40164465
0.40165025
0.40165272
0.40165177
0.40164754
0.4016405
0.40163162
0.40162206
0.40161285
0.40160483
0.40159863
0.40159428
0.40159163
0.40159056
0.401591
0.4015933
0.40159813
0.4016062
0.40161818
0.40163437
0.4016547
0.4016785
0.40170464
0.40173137
0.4017567
0.4017789
0.40179637
0.40180784
0.4018128
0.4018111
0.4018031
0.40178978
0.40177247
0.40175292
0.40173292
0.4017144
0.40169907
0.40168777
0.40168124
0.40167958
0.40168226
0.40168858
0.40169728
0.40170693
0.40171605
0.40172324
0.40172762
0.40172878
0.4017267
0.40172175
0.4017146
0.40170592
0.40169662
0.40168703
0.40167725
0.40166682
0.40165538
0.4016424
0.4016276
0.40161133
0.40159413
0.40157688
0.40156054
0.401546
0.4015341
0.40152526
0.4015199
0.40151823
0.40152022
0.40152535
0.40153313
0.40154287
0.4015534
0.40156397
0.4015735
0.40158108
0.40158635
0.40158886
0.40158877
0.40158638
0.40158245
0.40157825
0.40157485
0.4015735
0.40157503
0.40157998
0.40158835
0.40159988
0.40161416
0.40163067
0.40164897
0.40166837
0.40168798
0.40170693
0.40172407
0.40173867
0.4017503
0.40175882
0.40176487
0.40176955
0.401774
0.40177974
0.4017876
0.40179795
0.40181038
0.40182397
0.40183735
0.4018489
0.40185726
0.40186116
0.4018596
0.40185186
0.40183756
0.4018169
0.40179032
0.4017588
0.40172356
0.40168628
0.4016486
0.4016123
0.4015789
0.4015498
0.40152568
0.40150768
0.40149584
0.40149054
0.40149158
0.40149844
0.40151057
0.40152708
0.40154722
0.4015694
0.40159208
0.40161332
0.4016313
0.40164465
0.4016523
0.40165418
0.40165055
0.4016424
0.40163112
0.4016179
0.40160415
0.40159085
0.40157855
0.4015678
0.4015586
0.4015506
0.40154335
0.4015363
0.40152898
0.4015211
0.40151286
0.4015049
0.40149775
0.40149197
0.40148798
0.40148592
0.40148553
0.40148667
0.4014888
0.40149176
0.40149543
0.4015
0.40150538
0.40151167
0.40151867
0.4015262
0.40153387
0.40154138
0.4015487
0.401556
0.4015636
0.40157187
0.40158108
0.40159136
0.40160298
0.4016155
0.40162838
0.40164065
0.40165108
0.40165868
0.40166274
0.40166306
0.40166
0.4016543
0.40164718
0.40163988
0.40163362
0.40162957
0.4016284
0.40163052
0.40163612
0.40164503
0.401657
0.4016716
0.40168825
0.4017063
0.40172508
0.40174353
0.4017607
0.4017759
0.4017886
0.40179852
0.40180573
0.40181032
0.4018126
0.40181276
0.4018107
0.40180632
0.4017996
0.40179038
0.40177897
0.40176558
0.40175086
0.40173575
0.40172127
0.40170872
0.40169907
0.40169284
0.40169004
0.40169027
0.4016926
0.40169567
0.40169847
0.40169993
0.40169975
0.40169773
0.4016943
0.40169019
0.40168598
0.4016828
0.4016815
0.40168253
0.4016859
0.40169072
0.40169576
0.4016995
0.4017008
0.40169874
0.4016932
0.40168437
0.4016731
0.40166003
0.40164572
0.40163037
0.40161386
0.4015961
0.40157688
0.40155643
0.40153533
0.40151453
0.40149468
0.40147683
0.4014617
0.40144977
0.40144145
0.40143666
0.40143517
0.40143654
0.4014402
0.40144575
0.4014522
0.4014593
0.40146652
0.40147376
0.40148112
0.40148863
0.4014966
0.40150493
0.4015135
0.4015222
0.4015308
0.40153942
0.4015481
0.40155682
0.4015657
0.40157452
0.40158302
0.40159088
0.40159798
0.4016044
0.40161055
0.40161666
0.40162298
0.4016295
0.40163618
0.40164283
0.4016495
0.40165666
0.40166464
0.40167382
0.40168422
0.40169567
0.40170777
0.40172008
0.40173176
0.40174216
0.4017508
0.40175736
0.40176183
0.40176484
0.401767
0.4017691
0.40177196
0.40177596
0.40178105
0.40178674
0.40179217
0.4017961
0.40179738
0.40179506
0.40178832
0.40177655
0.4017596
0.40173754
0.40171102
0.40168065
0.40164787
0.40161422
0.40158126
0.4015506
0.40152362
0.4015016
0.40148547
0.40147573
0.40147284
0.4014766
0.401487
0.40150347
0.4015254
0.40155193
0.4015818
0.40161347
0.40164533
0.4016756
0.40170258
0.401725
0.40174183
0.4017526
0.40175736
0.4017565
0.40175092
0.40174174
0.40173033
0.401718
0.40170574
0.40169436
0.4016838
0.40167364
0.40166306
0.40165144
0.40163827
0.40162346
0.40160725
0.40159026
0.40157327
0.40155727
0.401543
0.4015314
0.4015233
0.40151918
0.4015192
0.4015231
0.40152988
0.40153846
0.40154737
0.40155488
0.40155992
0.40156156
0.40155953
0.4015541
0.40154567
0.40153491
0.40152255
0.40150928
0.40149617
0.40148383
0.401473
0.40146428
0.40145805
0.40145472
0.4014543
0.40145692
0.40146247
0.40147114
0.4014828
0.40149787
0.40151647
0.40153858
0.40156376
0.40159142
0.40162048
0.4016498
0.4016786
0.40170595
0.4017309
0.4017524
0.4017697
0.4017821
0.40178943
0.40179157
0.401789
0.40178227
0.40177155
0.40175727
0.40173987
0.40172002
0.40169847
0.4016761
0.4016536
0.4016319
0.40161142
0.4015927
0.4015757
0.4015606
0.40154698
0.4015347
0.40152347
0.40151307
0.40150362
0.40149513
0.4014876
0.40148142
0.40147683
0.4014743
0.4014742
0.40147674
0.40148222
0.4014904
0.40150118
0.40151408
0.40152833
0.40154296
0.40155697
0.40156952
0.4015802
0.4015894
0.40159762
0.40160576
0.40161476
0.4016247
0.40163568
0.40164658
0.4016565
0.401664
0.4016677
0.4016668
0.40166092
0.40165022
0.40163538
0.40161788
0.40159902
0.40158018
0.40156266
0.40154713
0.40153423
0.40152416
0.40151718
0.40151343
0.40151304
0.40151605
0.4015221
0.4015308
0.40154156
0.40155342
0.40156573
0.40157807
0.40159026
0.40160248
0.4016155
0.40162984
0.40164572
0.40166318
0.40168205
0.40170214
0.40172333
0.4017458
0.40176946
0.40179437
0.40182024
0.40184617
0.40187117
0.4018943
0.4019145
0.40193132
0.4019445
0.401954
0.4019599
0.40196234
0.40196157
0.40195766
0.40195096
0.40194175
0.4019302
0.40191656
0.40190095
0.40188336
0.40186384
0.40184245
0.40181953
0.40179536
0.4017702
0.4017444
0.40171835
0.40169266
0.40166783
0.40164435
0.4016224
0.40160245
0.40158454
0.4015689
0.40155572
0.40154505
0.40153685
0.40153098
0.4015272
0.40152568
0.4015268
0.40153092
0.40153834
0.40154916
0.4015633
0.4015799
0.40159807
0.40161622
0.40163258
0.4016453
0.40165308
0.4016551
0.4016513
0.401642
0.4016286
0.40161258
0.40159562
0.40157914
0.40156424
0.40155172
0.4015421
0.40153566
0.4015327
0.40153307
0.4015366
0.4015426
0.4015502
0.40155804
0.40156493
0.4015695
0.40157086
0.4015688
0.40156338
0.40155548
0.40154606
0.4015363
0.40152732
0.40151986
0.4015147
0.40151203
0.40151176
0.40151393
0.40151834
0.40152508
0.40153432
0.40154603
0.40156037
0.40157712
0.40159592
0.40161613
0.40163726
0.40165854
0.40167943
0.40169933
0.40171796
0.40173525
0.4017513
0.40176588
0.4017786
0.40178868
0.40179506
0.40179712
0.40179414
0.40178603
0.40177312
0.401756
0.40173542
0.4017125
0.40168807
0.40166292
0.40163752
0.4016123
0.4015874
0.40156317
0.40153983
0.40151784
0.40149784
0.40148053
0.4014662
0.40145504
0.40144745
0.4014432
0.40144235
0.40144473
0.40145
0.4014579
0.4014679
0.40147963
0.40149316
0.40150827
0.40152508
0.40154362
0.40156358
0.40158468
0.40160662
0.40162915
0.40165168
0.4016735
0.40169385
0.40171233
0.4017287
0.4017432
0.40175635
0.401769
0.40178168
0.40179464
0.4018075
0.4018196
0.40182987
0.40183765
0.40184218
0.4018431
0.40184036
0.40183404
0.40182468
0.40181318
0.4018005
0.4017883
0.401778
0.4017711
0.4017684
0.40177023
0.4017762
0.4017851
0.4017954
0.4018054
0.40181354
0.4018185
0.40181962
0.40181655
0.4018093
0.4017983
0.4017844
0.40176862
0.4017521
0.40173623
0.40172195
0.40171018
0.4017012
0.40169504
0.40169138
0.40168968
0.4016893
0.40168995
0.40169087
0.4016913
0.4016903
0.40168703
0.40168095
0.40167212
0.40166107
0.40164876
0.40163618
0.40162435
0.4016139
0.40160516
0.40159822
0.4015928
0.40158868
0.4015855
0.4015829
0.4015806
0.40157822
0.40157524
0.4015715
0.40156674
0.40156072
0.40155336
0.4015443
0.40153363
0.40152144
0.40150818
0.40149435
0.40148067
0.40146744
0.40145504
0.40144387
0.40143412
0.40142617
0.40142015
0.40141645
0.4014152
0.40141666
0.40142104
0.40142858
0.40143946
0.4014535
0.40147045
0.40148953
0.40150988
0.40153024
0.40154967
0.40156683
0.4015811
0.4015922
0.4016006
0.4016069
0.40161192
0.4016166
0.40162134
0.40162617
0.40163088
0.40163472
0.40163708
0.40163726
0.4016349
0.40162987
0.40162238
0.4016126
0.40160063
0.40158647
0.4015701
0.4015518
0.40153176
0.40151086
0.40148988
0.40146983
0.40145132
0.40143475
0.4014206
0.4014088
0.40139937
0.40139237
0.40138766
0.401385
0.4013844
0.4013856
0.40138847
0.4013928
0.40139827
0.40140468
0.40141153
0.40141836
0.40142477
0.4014303
0.40143475
0.40143797
0.4014397
0.40143996
0.40143898
0.40143737
0.40143582
0.40143532
0.40143698
0.4014418
0.4014507
0.40146413
0.40148252
0.40150568
0.40153295
0.40156332
0.40159523
0.40162694
0.40165642
0.4016819
0.40170184
0.40171528
0.40172178
0.40172133
0.40171462
0.40170246
0.40168625
0.40166765
0.40164846
0.4016302
0.40161404
0.40160054
0.40158987
0.40158135
0.40157416
0.4015672
0.40155908
0.40154916
0.40153736
0.40152407
0.40151006
0.40149626
0.40148357
0.40147257
0.4014636
0.4014569
0.40145227
0.40144977
0.40144932
0.40145117
0.4014555
0.40146267
0.4014729
0.4014864
0.40150297
0.4015222
0.4015432
0.4015649
0.40158606
0.40160504
0.40162063
0.4016317
0.40163788
0.40163925
0.40163642
0.4016301
0.40162107
0.40161017
0.40159792
0.40158513
0.40157208
0.40155944
0.40154752
0.40153643
0.40152633
0.40151748
0.40150997
0.40150386
0.4014993
0.4014964
0.40149546
0.4014968
0.401501
0.40150824
0.40151858
0.40153173
0.40154725
0.40156454
0.40158293
0.40160185
0.4016203
0.4016376
0.40165287
0.4016654
0.40167496
0.40168196
0.40168715
0.40169144
0.40169573
0.40170056
0.4017064
0.40171334
0.401721
0.4017285
0.40173513
0.40174004
0.40174288
0.40174353
0.40174225
0.40173933
0.40173483
0.40172863
0.40172026
0.40170923
0.40169555
0.40167928
0.40166086
0.40164122
0.40162092
0.40160072
0.40158126
0.40156317
0.40154704
0.40153328
0.40152216
0.4015139
0.40150866
0.40150648
0.40150723
0.40151057
0.40151578
0.40152216
0.40152892
0.4015353
0.4015406
0.40154475
0.40154785
0.4015507
0.40155402
0.40155843
0.40156433
0.401572
0.40158162
0.4015931
0.40160617
0.40161988
0.40163305
0.40164438
0.40165272
0.4016575
0.4016588
0.4016572
0.40165392
0.40165007
0.40164676
0.40164477
0.4016445
0.40164614
0.40164936
0.40165365
0.40165827
0.40166217
0.4016645
0.40166485
0.40166315
0.40166005
0.4016566
0.40165403
0.40165347
0.40165538
0.40165976
0.40166587
0.40167207
0.40167698
0.4016791
0.40167758
0.40167236
0.4016641
0.401654
0.40164354
0.40163416
0.401627
0.40162286
0.40162197
0.40162423
0.4016293
0.40163702
0.40164754
0.40166056
0.40167603
0.40169346
0.40171197
0.40173042
0.40174764
0.40176263
0.4017745
0.40178257
0.40178663
0.40178666
0.401783
0.40177655
0.40176845
0.40176
0.40175244
0.40174657
0.4017427
0.40174043
0.40173897
0.40173733
0.40173453
0.40173024
0.4017245
0.4017177
0.4017107
0.401704
0.40169838
0.4016938
0.40168992
0.40168625
0.4016818
0.4016762
0.40166906
0.40166044
0.4016507
0.40164036
0.4016302
0.40162078
0.40161267
0.4016062
0.40160152
0.4015988
0.4015985
0.4016009
0.4016062
0.40161425
0.40162444
0.40163562
0.4016465
0.40165552
0.40166157
0.40166348
0.40166092
0.40165392
0.40164307
0.40162954
0.40161452
0.4015992
0.4015845
0.401571
0.40155938
0.4015495
0.40154147
0.40153506
0.4015303
0.40152687
0.4015244
0.40152258
0.40152088
0.40151876
0.4015158
0.40151167
0.4015063
0.4014997
0.40149212
0.401484
0.4014763
0.40146968
0.40146512
0.40146342
0.40146524
0.40147102
0.40148118
0.40149546
0.40151352
0.40153456
0.4015576
0.40158108
0.4016037
0.4016237
0.40163964
0.40165052
0.40165567
0.4016551
0.40164933
0.40163943
0.40162688
0.40161344
0.4016006
0.40158948
0.40158063
0.40157375
0.40156817
0.40156263
0.40155607
0.4015479
0.40153795
0.40152663
0.40151468
0.4015031
0.40149245
0.40148354
0.40147683
0.40147272
0.40147147
0.40147322
0.40147808
0.40148625
0.40149784
0.40151277
0.40153056
0.40155053
0.4015714
0.40159154
0.40160942
0.4016235
0.40163276
0.40163687
0.40163618
0.40163177
0.4016249
0.40161696
0.4016093
0.40160295
0.40159842
0.40159598
0.40159535
0.40159604
0.40159714
0.40159792
0.4015975
0.40159526
0.401591
0.40158483
0.40157717
0.4015686
0.4015596
0.40155044
0.4015415
0.40153277
0.40152454
0.40151697
0.40150982
0.4015031
0.4014966
0.40149042
0.4014848
0.40147993
0.40147635
0.40147448
0.40147436
0.40147632
0.40148026
0.4014861
0.4014934
0.4015015
0.40150973
0.40151706
0.40152267
0.40152586
0.4015267
0.40152562
0.40152356
0.40152153
0.40152073
0.40152216
0.40152648
0.40153444
0.40154615
0.40156135
0.40157947
0.40159953
0.4016202
0.4016398
0.4016567
0.40166962
0.4016777
0.40168083
0.40167937
0.40167424
0.4016669
0.4016589
0.40165162
0.401646
0.40164247
0.40164098
0.40164104
0.40164196
0.4016429
0.40164322
0.40164247
0.40164062
0.40163794
0.40163505
0.40163258
0.40163144
0.40163252
0.40163627
0.40164316
0.40165293
0.4016647
0.4016772
0.40168884
0.4016979
0.40170312
0.40170345
0.40169844
0.40168807
0.4016728
0.4016537
0.4016319
0.40160853
0.4015846
0.4015608
0.40153787
0.40151623
0.40149614
0.40147808
0.40146223
0.40144882
0.40143806
0.40143007
0.4014251
0.40142322
0.40142465
0.40142933
0.40143728
0.4014483
0.40146205
0.40147778
0.40149477
0.40151203
0.4015285
0.40154326
0.40155548
0.4015648
0.40157145
0.40157586
0.40157896
0.40158162
0.40158436
0.40158752
0.40159085
0.4015939
0.40159598
0.40159637
0.40159458
0.4015906
0.40158474
0.40157777
0.40157053
0.4015637
0.40155774
0.40155277
0.40154853
0.40154463
0.4015409
0.401537
0.40153328
0.4015298
0.40152693
0.40152475
0.40152305
0.40152162
0.40152025
0.40151858
0.4015168
0.4015152
0.40151393
0.40151343
0.401514
0.4015156
0.40151834
0.4015222
0.40152726
0.40153384
0.40154225
0.40155235
0.40156353
0.40157527
0.40158632
0.40159556
0.40160215
0.4016056
0.4016061
0.40160394
0.40159988
0.40159437
0.40158796
0.4015806
0.40157223
0.40156272
0.40155214
0.40154052
0.4015286
0.4015169
0.40150625
0.40149692
0.40148914
0.40148282
0.40147743
0.40147245
0.40146762
0.40146282
0.40145844
0.401455
0.40145284
0.40145248
0.40145436
0.4014587
0.4014659
0.40147606
0.40148932
0.4015055
0.4015239
0.40154377
0.40156388
0.40158316
0.40160048
0.40161505
0.4016266
0.4016355
0.40164256
0.40164906
0.4016559
0.40166393
0.4016732
0.4016837
0.4016947
0.40170506
0.40171382
0.40172023
0.40172374
0.4017242
0.40172184
0.40171695
0.40171018
0.40170172
0.40169173
0.40168017
0.40166697
0.4016525
0.40163743
0.40162286
0.40161017
0.4016004
0.4015945
0.40159297
0.40159595
0.40160328
0.40161422
0.401628
0.4016437
0.40166003
0.40167558
0.40168914
0.40169957
0.40170583
0.40170732
0.4017036
0.4016949
0.4016815
0.40166426
0.40164405
0.40162173
0.40159816
0.4015739
0.4015496
0.40152574
0.401503
0.40148196
0.401463
0.4014466
0.4014328
0.4014215
0.40141273
0.40140656
0.4014029
0.401402
0.40140393
0.40140894
0.4014169
0.40142766
0.4014406
0.40145522
0.40147087
0.40148667
0.40150186
0.4015158
0.4015281
0.40153855
0.4015477
0.40155622
0.40156502
0.40157485
0.40158615
0.40159908
0.40161338
0.40162858
0.4016439
0.40165827
0.40167066
0.40168032
0.40168706
0.40169054
0.40169117
0.40168935
0.40168506
0.40167817
0.40166843
0.40165552
0.40163976
0.40162158
0.40160224
0.4015829
0.40156493
0.40154952
0.40153727
0.40152842
0.4015227
0.40151963
0.40151852
0.4015189
0.40152007
0.40152183
0.40152407
0.40152705
0.40153107
0.40153667
0.4015441
0.40155354
0.40156484
0.40157777
0.40159193
0.40160698
0.40162215
0.40163684
0.40165013
0.40166137
0.40167043
0.401678
0.40168527
0.40169394
0.4017063
0.40172535
0.4017548
0.40180004
0.40186775
0.40196666
0.40210834
0.40230867
0.40259
0.40298063
0.4035207
0.40426666
0.4052951
0.4067111
0.40865582
0.4113495
0.41501614
0.41996545
0.42667043
0.435775
0.44789204
