0.44267324
0.4321981
0.42434213
0.41842744
0.4140098
0.41074404
0.40834385
0.40656936
0.40526006
0.40429786
0.4035873
0.40306145
0.40267077
0.40237927
0.4021604
0.40199506
0.40186948
0.4017733
0.40169898
0.40164104
0.40159553
0.40155968
0.4015316
0.4015101
0.4014941
0.40148264
0.4014748
0.40146968
0.40146628
0.40146396
0.401462
0.4014602
0.4014583
0.40145633
0.4014541
0.40145138
0.40144807
0.4014445
0.40144107
0.40143842
0.40143713
0.40143755
0.4014399
0.40144435
0.40145054
0.40145808
0.4014663
0.40147454
0.4014821
0.4014885
0.40149358
0.40149716
0.4014996
0.40150163
0.4015039
0.40150675
0.40151036
0.40151462
0.40151936
0.40152457
0.40152997
0.4015355
0.401541
0.40154627
0.40155086
0.40155432
0.40155607
0.40155622
0.40155494
0.4015532
0.40155163
0.4015511
0.40155208
0.40155506
0.40155995
0.40156627
0.40157333
0.40158015
0.401586
0.40159017
0.4015925
0.40159318
0.40159273
0.4015918
0.40159106
0.40159115
0.40159246
0.40159503
0.40159836
0.40160158
0.40160364
0.40160346
0.40160042
0.4015942
0.4015851
0.40157354
0.4015603
0.40154588
0.4015308
0.40151545
0.40150023
0.40148538
0.40147147
0.40145916
0.40144876
0.40144047
0.40143433
0.40143016
0.4014277
0.40142676
0.40142742
0.4014296
0.40143353
0.4014392
0.40144652
0.40145525
0.40146524
0.4014763
0.40148818
0.40150088
0.401514
0.40152708
0.4015398
0.40155157
0.40156198
0.4015709
0.40157855
0.40158534
0.40159163
0.40159765
0.40160337
0.40160832
0.40161183
0.40161285
0.40161055
0.40160438
0.4015941
0.40158015
0.40156335
0.40154466
0.40152493
0.4015051
0.4014858
0.40146756
0.4014508
0.4014359
0.40142354
0.40141404
0.40140793
0.4014055
0.40140703
0.40141243
0.40142164
0.40143457
0.4014506
0.40146923
0.4014895
0.40151033
0.40153039
0.40154848
0.40156353
0.40157515
0.40158316
0.40158793
0.40159014
0.4015904
0.40158936
0.4015878
0.40158632
0.40158588
0.4015874
0.40159136
0.40159813
0.40160766
0.4016196
0.40163335
0.40164828
0.4016635
0.401678
0.40169054
0.40169972
0.4017046
0.40170464
0.40169948
0.40168977
0.40167654
0.4016611
0.4016447
0.40162867
0.40161386
0.40160102
0.40159026
0.40158156
0.4015751
0.40157077
0.40156844
0.40156797
0.40156913
0.40157145
0.4015745
0.40157774
0.40158093
0.401584
0.401587
0.4015899
0.40159246
0.40159434
0.40159497
0.4015942
0.40159193
0.4015885
0.40158415
0.4015793
0.40157452
0.40157026
0.40156743
0.40156665
0.4015687
0.4015737
0.4015816
0.4015921
0.40160456
0.40161824
0.40163225
0.40164554
0.40165702
0.40166587
0.4016714
0.40167356
0.40167263
0.40166956
0.40166578
0.40166277
0.40166202
0.40166453
0.40167066
0.40168074
0.4016943
0.4017106
0.40172875
0.4017474
0.40176493
0.40177995
0.40179124
0.4017979
0.4017994
0.40179574
0.40178725
0.40177447
0.40175804
0.4017391
0.4017187
0.40169805
0.40167794
0.40165868
0.40164018
0.40162215
0.40160415
0.40158588
0.40156767
0.40154988
0.40153313
0.4015181
0.40150514
0.40149456
0.40148646
0.40148073
0.40147713
0.40147513
0.40147436
0.40147427
0.4014745
0.4014748
0.40147516
0.40147573
0.40147653
0.40147752
0.40147886
0.40148053
0.40148246
0.40148473
0.401487
0.40148908
0.4014908
0.4014927
0.40149504
0.40149835
0.40150273
0.40150824
0.40151492
0.40152243
0.40153056
0.40153897
0.4015474
0.40155578
0.4015641
0.4015724
0.40158042
0.40158784
0.40159422
0.40159914
0.40160212
0.40160248
0.40160012
0.4015951
0.40158802
0.40157953
0.40157014
0.40156046
0.40155038
0.40154
0.4015296
0.40151936
0.40150976
0.40150118
0.4014939
0.40148833
0.40148476
0.4014836
0.40148488
0.40148854
0.40149423
0.40150154
0.40151015
0.40151983
0.40153036
0.4015414
0.40155274
0.40156412
0.40157533
0.4015862
0.401597
0.40160772
0.40161842
0.40162888
0.40163848
0.4016468
0.4016534
0.40165818
0.4016611
0.40166235
0.40166196
0.40165973
0.4016557
0.40164986
0.40164214
0.40163267
0.40162173
0.40160984
0.40159765
0.40158576
0.4015747
0.40156502
0.40155703
0.40155098
0.40154672
0.40154412
0.40154284
0.4015427
0.40154368
0.40154573
0.40154892
0.40155342
0.4015592
0.4015665
0.40157533
0.4015854
0.4015964
0.40160757
0.40161827
0.40162796
0.40163612
0.40164256
0.40164718
0.40165
0.40165135
0.40165138
0.40165037
0.4016484
0.40164548
0.40164185
0.4016376
0.4016331
0.40162832
0.40162352
0.40161896
0.40161493
0.40161175
0.40160954
0.40160814
0.40160733
0.4016068
0.40160576
0.40160367
0.4016
0.40159464
0.4015878
0.40157998
0.40157172
0.40156376
0.40155658
0.40155086
0.4015471
0.40154567
0.40154696
0.4015512
0.40155867
0.40156913
0.4015823
0.40159738
0.40161327
0.40162873
0.40164217
0.40165251
0.4016589
0.4016609
0.40165868
0.40165287
0.4016445
0.40163487
0.40162525
0.40161678
0.40161037
0.40160677
0.40160617
0.40160844
0.40161312
0.40161943
0.4016268
0.40163445
0.4016424
0.4016503
0.40165776
0.4016641
0.40166846
0.40167007
0.4016683
0.40166304
0.4016545
0.40164316
0.40162963
0.4016145
0.4015982
0.40158135
0.40156457
0.40154815
0.40153223
0.4015168
0.40150136
0.40148562
0.40146947
0.401453
0.4014366
0.4014207
0.40140563
0.40139183
0.40137938
0.40136844
0.4013591
0.40135163
0.40134624
0.40134308
0.40134218
0.40134367
0.40134725
0.40135273
0.40135998
0.4013688
0.4013788
0.4013897
0.40140107
0.4014125
0.4014235
0.40143386
0.40144345
0.40145257
0.40146136
0.40147004
0.40147907
0.40148863
0.40149903
0.40151015
0.40152168
0.40153295
0.40154335
0.4015523
0.40155917
0.40156394
0.40156695
0.40156904
0.40157104
0.40157375
0.40157813
0.4015846
0.40159366
0.40160543
0.40161976
0.40163624
0.40165433
0.4016731
0.40169162
0.40170875
0.40172347
0.401735
0.4017428
0.4017467
0.4017472
0.40174487
0.4017407
0.40173584
0.40173167
0.40172902
0.40172842
0.40172988
0.4017332
0.40173787
0.4017436
0.4017502
0.40175763
0.4017658
0.4017746
0.4017837
0.40179268
0.401801
0.40180832
0.40181434
0.40181914
0.40182263
0.40182528
0.40182757
0.4018302
0.40183362
0.40183806
0.40184328
0.40184888
0.40185454
0.40185997
0.40186536
0.4018708
0.40187678
0.4018838
0.40189213
0.40190166
0.40191197
0.40192264
0.401933
0.40194234
0.40194988
0.40195486
0.40195662
0.40195456
0.40194845
0.4019383
0.40192428
0.40190673
0.40188625
0.40186325
0.40183833
0.40181208
0.40178522
0.40175873
0.40173364
0.40171114
0.40169215
0.4016774
0.4016671
0.40166113
0.4016588
0.40165913
0.4016606
0.40166178
0.40166134
0.40165862
0.40165317
0.40164515
0.40163517
0.40162376
0.4016115
0.40159917
0.40158734
0.4015765
0.401567
0.40155926
0.40155342
0.40154955
0.40154755
0.4015472
0.4015483
0.4015507
0.40155444
0.4015594
0.4015657
0.4015731
0.40158138
0.40159032
0.4015998
0.40160963
0.40161988
0.4016306
0.40164253
0.40165615
0.4016721
0.4016905
0.40171093
0.40173256
0.40175375
0.4017731
0.40178904
0.4018005
0.40180674
0.40180725
0.40180206
0.4017914
0.40177596
0.40175658
0.40173453
0.4017113
0.40168822
0.40166655
0.40164727
0.40163127
0.40161902
0.4016109
0.401607
0.40160713
0.401611
0.40161797
0.40162736
0.4016384
0.4016504
0.40166306
0.40167555
0.40168723
0.4016972
0.4017046
0.40170917
0.4017107
0.4017094
0.40170568
0.40170002
0.4016926
0.40168393
0.40167397
0.40166315
0.40165174
0.40164018
0.4016289
0.40161806
0.40160763
0.40159747
0.40158734
0.40157714
0.40156686
0.40155667
0.4015471
0.40153867
0.40153217
0.4015286
0.40152866
0.40153277
0.40154117
0.4015532
0.4015682
0.40158525
0.40160304
0.40162018
0.40163574
0.4016488
0.40165895
0.40166578
0.4016688
0.40166762
0.4016622
0.401653
0.40164086
0.40162718
0.4016134
0.40160108
0.4015912
0.40158466
0.4015816
0.40158182
0.4015848
0.40158966
0.4015957
0.40160254
0.4016099
0.40161783
0.40162647
0.40163577
0.40164527
0.40165442
0.4016627
0.40166962
0.40167478
0.401678
0.40167895
0.40167707
0.4016722
0.40166435
0.40165398
0.401642
0.40162978
0.40161896
0.40161106
0.4016074
0.40160877
0.40161556
0.40162778
0.4016447
0.40166536
0.4016884
0.4017122
0.40173522
0.40175614
0.401774
0.40178812
0.40179816
0.40180394
0.40180552
0.40180323
0.4017976
0.40178934
0.40177912
0.40176773
0.40175584
0.40174383
0.4017316
0.40171877
0.40170524
0.40169096
0.40167674
0.40166354
0.4016525
0.4016445
0.40164024
0.40163985
0.40164268
0.40164763
0.40165308
0.40165722
0.40165836
0.40165532
0.40164763
0.40163565
0.40162024
0.4016026
0.4015841
0.40156588
0.40154892
0.40153423
0.40152222
0.40151334
0.40150782
0.40150595
0.401508
0.4015139
0.40152362
0.40153697
0.40155354
0.4015728
0.401594
0.40161633
0.40163848
0.40165895
0.40167606
0.40168837
0.4016949
0.40169522
0.4016895
0.4016785
0.4016635
0.40164623
0.40162832
0.40161133
0.40159637
0.40158424
0.4015753
0.40156934
0.40156558
0.40156344
0.40156224
0.40156138
0.4015606
0.40155974
0.4015589
0.40155837
0.40155852
0.4015594
0.4015612
0.40156403
0.40156776
0.40157226
0.4015774
0.4015834
0.40159035
0.40159842
0.4016076
0.4016176
0.40162754
0.40163654
0.4016435
0.40164754
0.401648
0.40164512
0.4016393
0.40163165
0.4016235
0.4016161
0.40161082
0.40160877
0.4016106
0.40161678
0.40162724
0.40164143
0.40165854
0.40167737
0.4016965
0.4017146
0.40173024
0.4017425
0.40175083
0.4017549
0.4017548
0.40175083
0.4017431
0.40173164
0.40171647
0.40169773
0.40167576
0.4016515
0.40162575
0.40159935
0.4015734
0.40154856
0.40152565
0.4015052
0.40148768
0.40147346
0.40146285
0.40145594
0.40145284
0.40145344
0.4014576
0.40146512
0.4014754
0.40148786
0.4015015
0.4015156
0.401529
0.40154096
0.40155044
0.40155688
0.40156025
0.4015609
0.4015599
0.40155837
0.40155774
0.40155882
0.40156212
0.40156782
0.40157548
0.4015845
0.40159383
0.40160263
0.40160987
0.4016151
0.40161803
0.40161857
0.4016169
0.4016133
0.4016079
0.4016008
0.4015925
0.40158334
0.40157402
0.40156528
0.40155804
0.40155315
0.4015513
0.40155283
0.40155756
0.40156496
0.40157425
0.40158403
0.4015929
0.40159956
0.40160304
0.40160322
0.4016004
0.40159553
0.40158963
0.40158376
0.40157855
0.40157458
0.40157196
0.40157065
0.4015704
0.40157095
0.40157187
0.40157306
0.4015741
0.4015746
0.40157402
0.40157172
0.40156713
0.40156
0.4015504
0.40153867
0.40152565
0.4015123
0.40149963
0.4014889
0.4014809
0.40147632
0.40147543
0.40147823
0.40148446
0.40149343
0.4015046
0.40151727
0.40153104
0.40154573
0.40156117
0.40157706
0.40159318
0.4016091
0.40162444
0.40163922
0.40165362
0.40166816
0.40168327
0.40169933
0.40171608
0.40173304
0.40174907
0.4017631
0.40177372
0.40177995
0.4017809
0.40177628
0.40176618
0.40175122
0.40173227
0.40171078
0.4016883
0.40166655
0.40164694
0.40163052
0.40161788
0.40160906
0.4016038
0.40160123
0.40160054
0.40160108
0.401602
0.4016028
0.4016026
0.40160066
0.40159646
0.40158996
0.40158156
0.401572
0.40156212
0.40155295
0.40154514
0.40153956
0.40153652
0.40153638
0.40153906
0.4015449
0.40155444
0.40156838
0.40158778
0.40161374
0.40164778
0.40169173
0.40174815
0.40182042
0.40191337
0.40203387
0.40219197
0.4024032
0.4026891
0.40307888
0.40361392
0.4043517
0.40537024
0.4067755
0.40870947
0.41139248
0.41504994
0.41999123
0.42668882
0.4357881
0.44790098
