0.442637
0.4321486
0.4242786
0.41834897
0.41391575
0.41063443
0.4082208
0.40643623
0.40512148
0.4041599
0.40345645
0.4029441
0.40257272
0.40230444
0.40211076
0.40197006
0.40186605
0.4017869
0.40172434
0.4016728
0.401629
0.401591
0.4015578
0.40152872
0.40150347
0.40148172
0.40146333
0.40144798
0.4014354
0.40142536
0.4014174
0.40141124
0.4014067
0.40140364
0.40140194
0.40140152
0.4014022
0.401404
0.4014066
0.40140983
0.4014133
0.4014167
0.40141973
0.40142244
0.40142497
0.4014276
0.4014307
0.40143463
0.4014397
0.40144622
0.40145448
0.40146452
0.40147644
0.40149003
0.40150493
0.40152064
0.40153667
0.40155265
0.4015685
0.401584
0.40159908
0.40161338
0.40162647
0.40163758
0.4016462
0.40165204
0.40165532
0.4016563
0.4016558
0.4016545
0.40165326
0.40165246
0.40165251
0.40165362
0.4016558
0.40165913
0.40166372
0.4016698
0.40167746
0.40168688
0.4016976
0.4017091
0.40172037
0.40173012
0.40173706
0.4017402
0.4017388
0.40173283
0.40172255
0.4017083
0.40169084
0.40167055
0.40164822
0.4016245
0.40160027
0.40157667
0.401555
0.4015363
0.4015215
0.40151128
0.40150607
0.40150604
0.4015111
0.4015208
0.40153456
0.40155143
0.4015701
0.4015893
0.4016073
0.40162277
0.4016346
0.40164214
0.40164533
0.4016448
0.40164152
0.40163687
0.40163225
0.4016288
0.40162742
0.40162814
0.4016307
0.40163422
0.40163788
0.4016411
0.40164366
0.40164596
0.40164882
0.40165323
0.4016601
0.40167004
0.40168306
0.40169874
0.40171617
0.40173408
0.40175107
0.40176597
0.40177745
0.40178457
0.40178657
0.4017829
0.40177366
0.4017592
0.40174022
0.4017177
0.40169296
0.4016676
0.40164316
0.40162098
0.40160203
0.401587
0.40157607
0.40156916
0.40156597
0.401566
0.40156847
0.4015726
0.4015774
0.401582
0.4015858
0.40158868
0.40159085
0.4015927
0.40159458
0.4015964
0.40159792
0.40159878
0.4015982
0.40159586
0.40159184
0.40158656
0.40158066
0.4015749
0.40157
0.4015666
0.40156505
0.40156573
0.40156892
0.40157482
0.40158325
0.40159383
0.40160573
0.4016181
0.40162963
0.40163895
0.40164444
0.4016451
0.40164036
0.4016303
0.40161583
0.40159822
0.401579
0.40155974
0.4015418
0.4015264
0.4015146
0.40150702
0.40150437
0.401507
0.40151498
0.40152806
0.4015456
0.40156665
0.4015899
0.40161386
0.40163717
0.4016582
0.4016753
0.40168747
0.40169406
0.40169492
0.4016906
0.40168205
0.40167084
0.40165868
0.4016477
0.4016396
0.40163565
0.40163654
0.40164214
0.40165162
0.4016638
0.40167704
0.40168953
0.40169975
0.40170622
0.4017081
0.4017052
0.40169778
0.4016868
0.40167356
0.4016596
0.40164652
0.40163538
0.40162694
0.40162146
0.4016187
0.40161794
0.40161824
0.40161878
0.40161893
0.40161854
0.4016178
0.4016172
0.4016173
0.40161824
0.40162
0.4016221
0.4016235
0.401623
0.4016196
0.40161276
0.40160242
0.40158913
0.40157372
0.40155742
0.40154105
0.40152565
0.4015117
0.4014998
0.4014906
0.40148443
0.40148175
0.40148282
0.4014878
0.40149683
0.40150985
0.40152666
0.4015468
0.4015696
0.40159407
0.40161926
0.40164408
0.40166774
0.40168977
0.4017099
0.40172786
0.4017431
0.4017552
0.40176386
0.40176862
0.40176928
0.40176573
0.40175796
0.4017461
0.40173048
0.40171146
0.40168956
0.4016656
0.40164062
0.40161592
0.4015928
0.40157235
0.40155548
0.40154287
0.40153447
0.40153039
0.4015303
0.40153393
0.40154105
0.4015512
0.40156412
0.40157914
0.40159562
0.40161267
0.40162954
0.40164527
0.40165886
0.40166947
0.40167627
0.40167883
0.4016768
0.4016705
0.40166032
0.4016471
0.4016314
0.4016139
0.40159488
0.4015746
0.40155354
0.40153214
0.40151125
0.40149176
0.40147436
0.40145957
0.40144783
0.40143898
0.40143287
0.40142912
0.40142733
0.40142727
0.40142858
0.4014311
0.40143463
0.40143898
0.4014441
0.40145
0.4014567
0.40146428
0.40147296
0.40148324
0.40149546
0.4015098
0.40152588
0.4015431
0.40156046
0.40157658
0.40159047
0.40160125
0.40160877
0.40161315
0.40161535
0.40161636
0.40161717
0.40161854
0.4016208
0.401624
0.40162754
0.40163067
0.40163222
0.40163156
0.40162805
0.40162173
0.40161303
0.40160272
0.40159178
0.40158102
0.40157154
0.4015643
0.4015603
0.40156013
0.40156403
0.4015721
0.4015839
0.40159875
0.40161535
0.40163213
0.40164736
0.40165928
0.4016667
0.40166888
0.40166572
0.40165767
0.40164572
0.40163115
0.40161514
0.40159902
0.40158364
0.4015698
0.4015581
0.40154874
0.40154168
0.40153667
0.40153322
0.40153074
0.40152875
0.4015268
0.40152484
0.40152293
0.4015211
0.40151936
0.40151778
0.4015162
0.4015146
0.4015131
0.40151215
0.40151218
0.40151364
0.401517
0.40152243
0.40153003
0.4015397
0.40155166
0.4015658
0.40158203
0.40159988
0.40161884
0.40163788
0.40165597
0.40167204
0.40168506
0.40169457
0.4017001
0.4017018
0.40170002
0.40169516
0.40168804
0.40167925
0.40166909
0.401658
0.40164605
0.4016333
0.40161946
0.40160447
0.4015883
0.40157124
0.4015538
0.40153643
0.4015198
0.40150425
0.40149
0.40147725
0.40146592
0.40145576
0.4014468
0.4014388
0.40143216
0.40142712
0.4014242
0.40142387
0.40142655
0.40143237
0.40144122
0.4014528
0.4014664
0.40148127
0.40149632
0.40151045
0.40152264
0.40153217
0.40153882
0.40154284
0.40154487
0.4015459
0.40154675
0.40154788
0.4015496
0.40155184
0.40155447
0.4015572
0.40156028
0.40156382
0.40156874
0.40157518
0.4015835
0.40159333
0.4016042
0.40161526
0.40162528
0.40163314
0.4016379
0.40163907
0.40163657
0.40163076
0.40162227
0.40161204
0.401601
0.4015898
0.40157914
0.40156916
0.40156013
0.40155175
0.4015442
0.40153763
0.40153244
0.40152892
0.40152723
0.40152735
0.401529
0.40153208
0.4015361
0.40154082
0.40154564
0.40154994
0.40155286
0.4015535
0.40155137
0.40154594
0.40153757
0.4015269
0.40151486
0.40150234
0.40149033
0.4014795
0.40147036
0.40146306
0.4014577
0.4014541
0.4014523
0.40145248
0.40145463
0.40145898
0.40146562
0.40147436
0.40148512
0.4014974
0.4015104
0.40152326
0.40153474
0.40154362
0.40154883
0.40154976
0.40154648
0.4015396
0.40153027
0.40152022
0.40151104
0.40150407
0.4015003
0.40150043
0.40150458
0.40151235
0.40152317
0.40153623
0.4015507
0.40156564
0.40158054
0.40159526
0.4016097
0.40162385
0.40163735
0.40164974
0.40166047
0.40166935
0.4016759
0.4016802
0.4016822
0.40168175
0.40167883
0.40167347
0.40166607
0.40165743
0.4016486
0.40164065
0.40163445
0.4016307
0.40162966
0.40163136
0.4016353
0.40164077
0.4016469
0.40165278
0.4016572
0.40165916
0.4016577
0.40165228
0.401643
0.40163052
0.40161592
0.4016006
0.4015857
0.40157238
0.40156138
0.40155295
0.4015471
0.4015438
0.4015427
0.40154362
0.40154663
0.40155146
0.40155846
0.40156755
0.40157908
0.401593
0.40160933
0.40162772
0.4016479
0.40166938
0.401692
0.4017158
0.40174088
0.4017672
0.40179425
0.40182132
0.40184754
0.40187192
0.4018939
0.40191272
0.40192762
0.40193832
0.40194467
0.40194657
0.40194404
0.40193713
0.40192616
0.40191144
0.4018934
0.4018728
0.40185028
0.40182662
0.40180254
0.4017788
0.40175566
0.40173346
0.40171224
0.4016919
0.40167263
0.40165433
0.40163717
0.40162098
0.4016059
0.4015922
0.40158042
0.40157145
0.40156606
0.40156478
0.40156767
0.4015744
0.40158424
0.40159598
0.40160802
0.4016189
0.40162694
0.40163115
0.4016308
0.4016259
0.40161723
0.4016057
0.40159267
0.4015794
0.40156695
0.4015561
0.40154722
0.4015402
0.401535
0.4015312
0.40152836
0.40152615
0.40152448
0.40152347
0.4015232
0.40152392
0.40152594
0.40152943
0.40153435
0.4015402
0.4015464
0.40155196
0.4015561
0.40155804
0.4015578
0.40155548
0.4015519
0.40154767
0.40154353
0.40153986
0.40153703
0.4015353
0.4015348
0.40153593
0.40153903
0.40154445
0.40155217
0.4015619
0.40157312
0.4015852
0.40159744
0.4016095
0.40162155
0.4016336
0.40164572
0.40165776
0.401669
0.40167847
0.40168533
0.4016889
0.40168917
0.40168643
0.4016815
0.40167534
0.40166894
0.40166315
0.40165865
0.4016559
0.40165532
0.40165687
0.40166023
0.40166467
0.40166894
0.40167165
0.40167177
0.4016686
0.40166205
0.40165234
0.40164003
0.4016256
0.40161005
0.4015939
0.40157786
0.4015628
0.4015493
0.4015378
0.40152842
0.40152103
0.40151533
0.4015109
0.40150723
0.4015039
0.40150067
0.40149748
0.40149435
0.40149134
0.40148848
0.4014857
0.40148315
0.401481
0.4014797
0.40147966
0.40148115
0.40148428
0.40148914
0.40149564
0.40150407
0.4015142
0.4015258
0.40153822
0.4015508
0.40156275
0.40157324
0.40158162
0.40158743
0.40159062
0.40159172
0.40159118
0.40158987
0.40158862
0.40158814
0.40158913
0.4015918
0.40159646
0.40160313
0.40161163
0.40162146
0.40163183
0.4016417
0.40165013
0.4016562
0.40165946
0.40165988
0.40165794
0.40165406
0.4016492
0.401644
0.4016389
0.40163407
0.40162933
0.40162423
0.40161803
0.40161002
0.40159988
0.4015875
0.40157324
0.40155795
0.4015427
0.4015286
0.4015167
0.4015076
0.40150177
0.4014994
0.4015005
0.4015052
0.40151337
0.40152508
0.40153998
0.40155756
0.4015769
0.401597
0.40161645
0.40163377
0.40164742
0.40165597
0.40165848
0.40165424
0.40164354
0.4016271
0.40160617
0.40158236
0.4015574
0.40153277
0.40150973
0.40148896
0.40147096
0.40145576
0.40144333
0.40143394
0.40142754
0.40142417
0.40142357
0.40142527
0.40142873
0.40143326
0.40143842
0.40144384
0.40144956
0.40145594
0.4014636
0.40147325
0.4014853
0.40150008
0.40151757
0.40153763
0.40155956
0.40158227
0.40160432
0.4016242
0.40164003
0.4016504
0.4016546
0.40165222
0.40164384
0.40163046
0.40161386
0.4015958
0.40157807
0.40156212
0.4015488
0.4015386
0.4015315
0.40152723
0.4015254
0.4015255
0.40152648
0.40152773
0.4015287
0.4015292
0.40152943
0.40152988
0.40153074
0.40153244
0.40153545
0.40153986
0.40154594
0.40155342
0.40156195
0.40157095
0.40157986
0.4015881
0.40159526
0.40160125
0.40160596
0.4016094
0.40161163
0.40161294
0.4016137
0.40161437
0.40161517
0.40161613
0.40161663
0.40161607
0.40161338
0.401608
0.40159968
0.4015887
0.40157592
0.4015622
0.40154874
0.4015365
0.40152618
0.40151823
0.40151298
0.40151063
0.40151125
0.40151486
0.40152118
0.40153024
0.40154192
0.40155587
0.4015717
0.40158862
0.40160593
0.40162253
0.40163735
0.40164948
0.40165818
0.40166315
0.401664
0.40166044
0.40165234
0.40163973
0.4016231
0.40160316
0.4015811
0.40155807
0.40153548
0.4015142
0.40149504
0.40147874
0.40146574
0.40145642
0.40145093
0.40144935
0.40145138
0.4014568
0.40146524
0.40147606
0.40148854
0.40150177
0.4015147
0.40152645
0.40153593
0.4015425
0.40154585
0.40154636
0.4015447
0.401542
0.40153936
0.40153745
0.40153676
0.40153724
0.40153846
0.40153986
0.40154073
0.40154037
0.4015384
0.401535
0.40153053
0.40152553
0.4015203
0.40151516
0.40151033
0.40150607
0.40150255
0.40149972
0.40149742
0.40149525
0.4014929
0.4014901
0.40148702
0.40148413
0.4014817
0.40148002
0.4014792
0.40147913
0.40147954
0.40148014
0.40148067
0.40148112
0.4014814
0.40148163
0.40148205
0.40148282
0.401484
0.40148616
0.4014894
0.4014939
0.4014998
0.40150696
0.4015153
0.40152484
0.40153584
0.40154815
0.40156198
0.40157744
0.40159473
0.4016138
0.40163448
0.40165612
0.40167785
0.40169835
0.4017164
0.40173104
0.4017414
0.40174717
0.40174845
0.4017455
0.40173912
0.40173015
0.40171954
0.40170822
0.40169683
0.40168592
0.40167543
0.40166545
0.40165555
0.4016459
0.40163657
0.40162814
0.40162095
0.40161532
0.40161133
0.40160894
0.40160817
0.40160853
0.40160978
0.40161133
0.40161276
0.40161353
0.40161332
0.40161166
0.40160835
0.40160334
0.40159672
0.40158918
0.40158135
0.40157416
0.40156844
0.401565
0.4015643
0.4015671
0.4015737
0.40158454
0.4015996
0.4016186
0.40164077
0.4016651
0.40169024
0.4017144
0.4017362
0.40175405
0.40176666
0.4017733
0.40177363
0.40176767
0.40175563
0.40173814
0.40171605
0.40169045
0.40166274
0.4016345
0.40160736
0.40158254
0.40156087
0.4015429
0.4015286
0.40151757
0.40150946
0.4015039
0.40150028
0.4014983
0.4014975
0.40149766
0.40149832
0.40149924
0.40150037
0.4015016
0.40150285
0.40150374
0.40150383
0.40150252
0.4014994
0.40149406
0.4014866
0.40147758
0.4014676
0.40145755
0.40144813
0.40144002
0.4014338
0.40142992
0.40142882
0.4014307
0.4014359
0.40144458
0.40145698
0.40147296
0.40149218
0.40151408
0.4015378
0.40156212
0.40158573
0.40160716
0.40162498
0.40163788
0.40164518
0.40164655
0.40164196
0.401632
0.40161747
0.40159944
0.40157923
0.40155804
0.40153727
0.40151814
0.40150186
0.40148956
0.40148208
0.40148005
0.40148374
0.40149322
0.40150818
0.40152794
0.40155163
0.4015783
0.40160695
0.40163615
0.40166464
0.40169102
0.4017143
0.40173382
0.40174925
0.40176088
0.40176904
0.40177435
0.40177748
0.40177867
0.4017779
0.40177453
0.40176806
0.40175796
0.40174413
0.40172672
0.40170634
0.40168422
0.40166134
0.40163934
0.40161923
0.40160173
0.4015874
0.40157628
0.40156847
0.40156376
0.40156215
0.40156338
0.4015671
0.4015726
0.40157893
0.40158513
0.4015904
0.40159443
0.40159732
0.40159988
0.40160298
0.40160766
0.40161476
0.4016247
0.4016376
0.40165314
0.40167105
0.40169096
0.40171263
0.40173528
0.40175793
0.40177956
0.40179905
0.4018157
0.40182906
0.40183884
0.40184498
0.40184757
0.401847
0.4018436
0.40183797
0.40183055
0.40182206
0.4018129
0.40180358
0.40179428
0.40178484
0.40177467
0.40176317
0.40174967
0.40173364
0.4017148
0.40169325
0.40166947
0.4016441
0.40161827
0.40159312
0.40156993
0.40154964
0.4015331
0.40152097
0.40151355
0.40151092
0.40151277
0.40151834
0.40152663
0.40153652
0.4015467
0.40155616
0.4015643
0.40157086
0.40157598
0.4015799
0.40158266
0.40158415
0.40158403
0.40158194
0.40157768
0.4015717
0.40156457
0.40155733
0.40155113
0.40154704
0.4015459
0.40154824
0.4015541
0.40156314
0.4015745
0.40158686
0.40159872
0.4016085
0.40161502
0.40161738
0.4016154
0.40160945
0.40160027
0.4015889
0.40157625
0.40156332
0.40155068
0.4015389
0.40152818
0.40151897
0.4015117
0.40150678
0.4015049
0.4015064
0.40151176
0.40152115
0.40153453
0.40155178
0.40157288
0.40159765
0.40162617
0.4016588
0.4016961
0.40173945
0.40179148
0.40185615
0.4019396
0.40205017
0.40219933
0.40240327
0.40268463
0.40307206
0.4036066
0.40434515
0.40536526
0.40677232
0.40870804
0.41139236
0.4150507
0.41999233
0.42668986
0.4357888
0.44790143
