0.44251385
0.43199044
0.424094
0.41814646
0.4137048
0.41042435
0.40802103
0.4062544
0.4049638
0.4040303
0.40335777
0.40287808
0.40254053
0.40230706
0.40214893
0.4020445
0.40197742
0.40193537
0.40190953
0.4018934
0.40188226
0.40187272
0.4018624
0.40184984
0.40183416
0.40181506
0.40179273
0.40176743
0.40173978
0.40171036
0.40168017
0.40164998
0.4016209
0.40159392
0.40157
0.40154994
0.40153414
0.40152267
0.40151545
0.40151218
0.40151262
0.40151635
0.40152276
0.4015312
0.40154076
0.40155035
0.40155864
0.40156454
0.4015671
0.4015659
0.40156093
0.40155286
0.40154228
0.4015302
0.40151742
0.40150467
0.40149254
0.40148127
0.40147108
0.40146217
0.40145448
0.40144813
0.4014433
0.40143996
0.40143806
0.40143773
0.4014389
0.40144137
0.40144497
0.40144917
0.40145376
0.4014585
0.40146318
0.40146753
0.4014714
0.4014748
0.40147796
0.40148127
0.40148494
0.40148914
0.401494
0.4014996
0.4015058
0.40151253
0.40151978
0.4015277
0.40153664
0.40154678
0.40155858
0.40157232
0.40158802
0.4016052
0.40162325
0.40164098
0.40165702
0.40166965
0.40167788
0.40168074
0.401678
0.40166995
0.4016575
0.4016419
0.4016247
0.4016076
0.40159163
0.4015776
0.4015659
0.40155613
0.4015478
0.40154004
0.40153223
0.40152362
0.4015139
0.4015032
0.40149188
0.40148053
0.40146983
0.4014604
0.40145275
0.4014472
0.40144372
0.40144214
0.40144232
0.401444
0.40144676
0.40145037
0.4014548
0.40146
0.4014659
0.40147224
0.40147877
0.4014852
0.40149125
0.4014971
0.40150285
0.40150902
0.4015161
0.40152448
0.4015343
0.40154558
0.401558
0.40157133
0.40158513
0.40159908
0.40161255
0.40162492
0.40163523
0.40164256
0.40164605
0.40164512
0.40163958
0.4016297
0.4016161
0.4016
0.40158266
0.40156534
0.40154916
0.40153503
0.40152365
0.40151554
0.40151095
0.40150985
0.40151188
0.40151665
0.40152362
0.40153232
0.40154222
0.4015528
0.40156353
0.40157402
0.4015835
0.40159136
0.40159678
0.40159923
0.40159824
0.40159392
0.40158653
0.4015766
0.40156487
0.40155217
0.4015398
0.4015287
0.40151963
0.40151304
0.40150887
0.4015068
0.40150645
0.40150777
0.40151083
0.4015163
0.40152466
0.40153643
0.40155175
0.40157044
0.4015917
0.40161476
0.4016384
0.40166152
0.40168318
0.4017024
0.4017184
0.40173087
0.4017399
0.40174586
0.40174958
0.40175214
0.40175462
0.40175804
0.4017629
0.4017693
0.401777
0.40178508
0.40179276
0.40179917
0.40180346
0.40180504
0.40180352
0.40179864
0.4017905
0.40177912
0.4017647
0.40174755
0.4017281
0.40170693
0.40168482
0.40166265
0.40164134
0.40162158
0.40160385
0.40158802
0.40157375
0.40156046
0.40154737
0.40153387
0.4015197
0.40150538
0.40149158
0.40147948
0.40146995
0.40146384
0.40146154
0.40146336
0.40146905
0.40147832
0.40149075
0.40150577
0.40152264
0.40154082
0.40155986
0.40157908
0.40159768
0.40161476
0.40162888
0.40163904
0.40164438
0.40164447
0.40163958
0.40163028
0.40161765
0.40160322
0.40158826
0.4015741
0.40156165
0.40155134
0.4015434
0.40153787
0.40153474
0.40153414
0.40153605
0.40154046
0.40154737
0.40155673
0.40156856
0.40158308
0.40160066
0.40162155
0.40164614
0.40167397
0.40170467
0.40173706
0.40176982
0.40180182
0.40183192
0.40185934
0.4018836
0.40190443
0.40192187
0.4019357
0.40194583
0.40195212
0.40195435
0.40195268
0.4019469
0.4019371
0.4019234
0.4019061
0.40188566
0.4018628
0.40183833
0.40181315
0.40178835
0.40176475
0.40174326
0.40172425
0.40170792
0.40169367
0.4016809
0.40166846
0.4016554
0.4016413
0.4016259
0.40160975
0.40159345
0.40157804
0.40156463
0.40155402
0.40154678
0.40154317
0.40154323
0.4015465
0.4015525
0.40156057
0.40157008
0.40158048
0.40159133
0.40160188
0.40161133
0.401619
0.40162456
0.40162772
0.40162858
0.4016271
0.40162328
0.4016172
0.4016089
0.40159863
0.4015866
0.4015733
0.40155944
0.4015457
0.4015329
0.4015216
0.40151256
0.4015064
0.40150383
0.40150553
0.40151232
0.40152454
0.40154245
0.40156573
0.40159357
0.40162486
0.40165818
0.40169188
0.4017242
0.40175366
0.40177903
0.4017994
0.40181425
0.40182313
0.40182582
0.40182248
0.40181333
0.40179884
0.4017797
0.4017569
0.4017316
0.40170497
0.40167812
0.40165195
0.40162718
0.40160415
0.40158305
0.401564
0.40154684
0.40153152
0.40151808
0.40150678
0.40149802
0.40149194
0.40148872
0.40148854
0.40149122
0.40149653
0.40150392
0.40151295
0.4015231
0.40153396
0.40154558
0.40155795
0.40157115
0.40158513
0.40159938
0.40161344
0.40162635
0.40163708
0.4016448
0.40164897
0.4016493
0.4016462
0.40164047
0.40163323
0.40162557
0.40161866
0.40161303
0.40160885
0.40160576
0.4016029
0.4015993
0.40159404
0.4015868
0.40157792
0.40156797
0.40155807
0.40154946
0.4015431
0.4015398
0.4015399
0.40154362
0.40155098
0.40156183
0.40157607
0.4015939
0.4016148
0.40163824
0.40166315
0.40168822
0.40171167
0.40173212
0.40174815
0.40175915
0.40176487
0.40176564
0.4017626
0.4017569
0.40175012
0.40174356
0.40173817
0.40173423
0.40173155
0.40172946
0.40172732
0.4017246
0.40172106
0.4017169
0.4017122
0.40170717
0.40170166
0.40169537
0.40168783
0.40167856
0.40166712
0.40165344
0.40163755
0.4016199
0.40160125
0.40158242
0.40156427
0.40154758
0.4015333
0.40152216
0.40151486
0.40151173
0.40151286
0.40151784
0.40152583
0.40153542
0.40154538
0.40155426
0.40156123
0.401566
0.40156907
0.40157118
0.40157315
0.40157548
0.40157837
0.40158185
0.40158543
0.4015884
0.40158993
0.40158913
0.4015854
0.4015786
0.40156922
0.40155804
0.40154603
0.40153405
0.40152296
0.40151316
0.40150493
0.4014985
0.40149394
0.40149108
0.40149006
0.4014906
0.40149245
0.40149513
0.40149814
0.40150085
0.4015027
0.40150332
0.40150255
0.4015001
0.40149617
0.401491
0.40148503
0.40147915
0.4014741
0.40147057
0.4014689
0.4014694
0.40147212
0.40147692
0.40148354
0.40149137
0.4014997
0.40150777
0.40151474
0.40152004
0.40152332
0.40152475
0.4015249
0.40152448
0.40152442
0.40152538
0.40152818
0.4015335
0.40154186
0.40155375
0.40156916
0.40158778
0.40160868
0.4016304
0.4016512
0.40166935
0.40168327
0.40169173
0.40169424
0.4016906
0.40168136
0.4016672
0.4016492
0.40162873
0.4016071
0.40158573
0.40156573
0.4015479
0.40153298
0.40152118
0.4015125
0.40150684
0.40150356
0.40150216
0.4015019
0.40150207
0.40150207
0.40150177
0.40150142
0.4015015
0.40150264
0.40150526
0.40150973
0.4015162
0.40152475
0.40153533
0.4015478
0.4015615
0.4015761
0.40159097
0.40160555
0.4016193
0.4016314
0.40164134
0.4016484
0.4016522
0.40165263
0.40165
0.40164477
0.40163776
0.40162995
0.4016225
0.4016162
0.40161145
0.40160817
0.40160605
0.40160415
0.40160167
0.4015981
0.40159282
0.40158597
0.4015776
0.4015683
0.40155867
0.40154907
0.4015398
0.40153098
0.4015227
0.40151492
0.40150777
0.40150145
0.4014961
0.401492
0.40148896
0.40148672
0.40148503
0.40148354
0.40148214
0.40148115
0.401481
0.4014822
0.40148544
0.40149102
0.401499
0.4015091
0.4015205
0.40153217
0.40154308
0.40155202
0.4015583
0.40156174
0.40156275
0.4015619
0.4015601
0.40155822
0.4015568
0.40155637
0.40155703
0.40155882
0.40156177
0.40156567
0.40157032
0.40157565
0.40158135
0.4015874
0.40159371
0.4015997
0.40160495
0.4016086
0.40160978
0.40160793
0.40160277
0.4015945
0.40158364
0.40157118
0.4015582
0.40154576
0.40153474
0.4015259
0.40151966
0.40151614
0.40151542
0.40151757
0.4015226
0.40153065
0.40154165
0.4015558
0.40157312
0.40159306
0.40161493
0.4016376
0.40165964
0.40167955
0.4016961
0.4017083
0.40171552
0.40171742
0.40171397
0.40170568
0.40169322
0.4016775
0.4016594
0.40164006
0.40162054
0.40160167
0.40158415
0.40156844
0.40155488
0.40154356
0.40153474
0.4015287
0.4015254
0.40152502
0.4015275
0.40153277
0.40154073
0.40155098
0.40156284
0.40157542
0.4015878
0.401599
0.40160844
0.40161595
0.4016217
0.40162596
0.4016291
0.40163144
0.40163317
0.40163437
0.401635
0.40163472
0.4016333
0.40163055
0.40162608
0.40161994
0.4016122
0.40160334
0.40159398
0.40158477
0.40157604
0.40156797
0.40156052
0.40155336
0.40154627
0.4015392
0.40153235
0.4015261
0.40152103
0.40151757
0.4015162
0.40151724
0.40152094
0.40152755
0.4015372
0.40154982
0.401565
0.40158194
0.40159947
0.40161613
0.4016302
0.40164047
0.40164623
0.40164724
0.4016439
0.4016368
0.40162697
0.40161523
0.40160248
0.40158945
0.40157682
0.40156534
0.40155587
0.40154904
0.40154523
0.40154448
0.4015467
0.40155146
0.40155822
0.40156606
0.40157413
0.4015814
0.40158686
0.40158963
0.40158927
0.40158573
0.40157956
0.40157145
0.40156233
0.40155315
0.40154478
0.4015379
0.4015329
0.40152976
0.40152818
0.40152773
0.40152776
0.40152776
0.40152737
0.40152678
0.40152612
0.40152574
0.4015258
0.40152618
0.40152675
0.40152708
0.40152726
0.40152755
0.40152875
0.4015319
0.40153793
0.40154764
0.40156147
0.40157914
0.40160024
0.40162352
0.4016475
0.40167046
0.4016908
0.40170702
0.4017181
0.4017233
0.4017225
0.4017159
0.401704
0.40168798
0.40166873
0.4016474
0.40162498
0.40160248
0.40158042
0.40155917
0.40153894
0.40151963
0.40150145
0.4014846
0.4014697
0.40145728
0.40144804
0.40144244
0.4014409
0.40144348
0.40145028
0.40146098
0.40147492
0.40149108
0.40150818
0.40152478
0.40153953
0.4015514
0.40155986
0.40156478
0.40156642
0.4015654
0.40156206
0.4015569
0.40155023
0.40154248
0.40153432
0.40152645
0.40151963
0.40151447
0.40151116
0.40150946
0.40150902
0.40150943
0.40151006
0.4015106
0.40151072
0.4015106
0.4015104
0.4015102
0.40151015
0.40150988
0.40150914
0.40150756
0.4015051
0.40150186
0.40149817
0.40149426
0.4014904
0.40148672
0.40148342
0.40148035
0.40147766
0.40147552
0.4014742
0.40147382
0.40147445
0.401476
0.40147802
0.40148026
0.40148214
0.4014831
0.4014827
0.40148085
0.40147746
0.4014729
0.4014673
0.40146112
0.40145463
0.40144804
0.40144175
0.40143594
0.40143085
0.4014266
0.4014234
0.401421
0.40141952
0.4014189
0.4014191
0.4014204
0.40142325
0.4014278
0.4014343
0.40144286
0.40145344
0.40146607
0.40148094
0.40149817
0.40151802
0.40154094
0.40156707
0.40159625
0.40162805
0.40166152
0.4016953
0.40172824
0.40175897
0.40178636
0.40180933
0.40182734
0.40184003
0.40184748
0.40184975
0.40184727
0.40184048
0.4018296
0.40181535
0.40179816
0.4017787
0.4017577
0.40173575
0.40171385
0.40169302
0.40167415
0.40165824
0.40164596
0.4016376
0.40163323
0.40163252
0.401635
0.40164018
0.40164745
0.4016562
0.401666
0.4016764
0.4016872
0.40169832
0.40170914
0.40171915
0.4017273
0.40173244
0.4017339
0.4017311
0.4017242
0.4017138
0.4017008
0.40168643
0.40167168
0.40165758
0.40164497
0.4016344
0.40162632
0.40162113
0.40161902
0.4016206
0.40162632
0.40163764
0.40165713
0.40168902
0.40173966
0.4018181
0.4019368
0.40211257
0.40236962
0.4027373
0.40325752
0.40398777
0.4050059
0.40641785
0.4083654
0.4110692
0.4147529
0.4197263
0.4264639
0.43560782
0.4477691
