0.4426122
0.43211603
0.42423922
0.41830364
0.41386548
0.4105799
0.40816334
0.40637687
0.40506124
0.40409952
0.40339655
0.40288496
0.40251455
0.4022478
0.40205666
0.4019205
0.40182397
0.40175593
0.40170845
0.40167606
0.40165466
0.40164128
0.40163347
0.4016291
0.40162647
0.40162396
0.4016207
0.40161636
0.40161118
0.40160564
0.4016002
0.40159526
0.40159112
0.40158793
0.40158594
0.40158546
0.40158698
0.4015912
0.4015987
0.40160984
0.40162507
0.40164453
0.40166798
0.4016949
0.40172416
0.40175444
0.40178442
0.40181282
0.40183857
0.40186074
0.40187874
0.4018922
0.40190086
0.40190452
0.40190315
0.4018965
0.40188465
0.4018675
0.40184537
0.4018186
0.40178794
0.4017543
0.40171885
0.40168294
0.40164796
0.4016149
0.40158457
0.40155745
0.40153387
0.4015139
0.40149766
0.40148497
0.40147585
0.40147012
0.4014676
0.4014681
0.40147126
0.4014767
0.40148413
0.401493
0.40150285
0.40151295
0.40152305
0.40153304
0.4015431
0.40155342
0.40156403
0.40157515
0.40158686
0.40159953
0.4016133
0.4016281
0.4016435
0.4016587
0.4016727
0.40168417
0.40169227
0.40169644
0.40169674
0.40169352
0.40168765
0.40167996
0.4016712
0.40166187
0.40165198
0.40164128
0.40162936
0.40161613
0.40160167
0.40158632
0.4015706
0.40155494
0.40154004
0.40152615
0.40151364
0.40150294
0.40149423
0.40148762
0.40148324
0.40148073
0.40147993
0.4014802
0.40148103
0.40148202
0.4014823
0.40148145
0.40147907
0.40147495
0.40146968
0.4014635
0.401457
0.40145084
0.4014454
0.401441
0.40143806
0.4014366
0.4014367
0.4014383
0.40144134
0.40144554
0.4014507
0.4014563
0.40146172
0.40146634
0.4014694
0.4014706
0.40146977
0.40146726
0.40146366
0.4014593
0.4014549
0.40145066
0.40144685
0.40144363
0.4014408
0.4014381
0.40143526
0.40143183
0.40142757
0.4014224
0.40141672
0.40141112
0.40140626
0.40140277
0.40140116
0.4014017
0.40140456
0.40140992
0.40141767
0.40142757
0.40143934
0.40145248
0.40146613
0.40147957
0.40149185
0.40150207
0.4015094
0.40151343
0.4015144
0.4015129
0.40151
0.40150687
0.40150464
0.40150446
0.40150702
0.4015127
0.40152153
0.40153313
0.40154687
0.4015617
0.40157652
0.40159026
0.40160194
0.40161115
0.4016179
0.4016224
0.40162534
0.4016274
0.4016289
0.4016303
0.4016318
0.40163353
0.40163568
0.40163827
0.40164155
0.40164545
0.40165028
0.4016562
0.4016633
0.4016719
0.40168208
0.40169394
0.40170726
0.40172136
0.40173548
0.40174848
0.40175933
0.40176708
0.40177116
0.40177143
0.40176803
0.40176144
0.40175268
0.40174294
0.4017333
0.4017244
0.4017163
0.40170836
0.40169966
0.40168908
0.40167576
0.4016593
0.40164003
0.4016183
0.40159538
0.4015728
0.40155196
0.40153444
0.40152133
0.40151337
0.4015111
0.4015143
0.4015226
0.40153518
0.40155095
0.40156865
0.40158713
0.40160513
0.40162158
0.40163574
0.40164676
0.40165448
0.40165907
0.40166116
0.40166152
0.4016611
0.40166026
0.40165913
0.40165725
0.40165386
0.40164813
0.4016396
0.40162826
0.4016143
0.40159854
0.4015821
0.4015659
0.4015511
0.4015385
0.40152875
0.40152234
0.40151918
0.40151906
0.40152153
0.40152612
0.40153235
0.4015399
0.40154874
0.40155882
0.40156993
0.4015817
0.40159312
0.4016033
0.40161106
0.40161565
0.40161678
0.4016146
0.40160987
0.40160334
0.40159613
0.4015892
0.40158364
0.40158066
0.4015817
0.40158874
0.4016045
0.4016324
0.4016767
0.40174308
0.40183902
0.4019751
0.40216675
0.4024358
0.40281108
0.40333423
0.4040628
0.40507534
0.40647873
0.4084157
0.41110852
0.41478223
0.4197471
0.42647734
0.43561643
0.44777468
