0.44265318
0.4321708
0.42430738
0.41838485
0.41395918
0.4106852
0.40827787
0.4064979
0.4051857
0.40422422
0.40351883
0.4030035
0.4026294
0.4023603
0.40216896
0.4020348
0.4019421
0.40187868
0.40183505
0.40180385
0.40177977
0.40175897
0.4017391
0.40171862
0.40169713
0.40167466
0.4016518
0.4016293
0.4016078
0.4015878
0.40156972
0.40155375
0.4015399
0.40152827
0.40151873
0.40151134
0.40150604
0.40150258
0.40150067
0.40150014
0.40150073
0.40150213
0.40150416
0.4015069
0.4015106
0.40151605
0.40152374
0.4015339
0.40154636
0.40156034
0.40157488
0.40158862
0.40160006
0.40160805
0.40161192
0.40161172
0.40160784
0.40160108
0.40159264
0.40158364
0.40157518
0.40156767
0.40156126
0.40155593
0.4015512
0.40154645
0.4015414
0.40153608
0.40153068
0.40152577
0.40152165
0.40151876
0.4015172
0.4015169
0.4015179
0.40151995
0.40152296
0.40152648
0.4015302
0.40153378
0.40153682
0.4015394
0.40154162
0.40154362
0.4015455
0.40154728
0.40154904
0.40155068
0.401552
0.40155292
0.4015537
0.4015543
0.40155485
0.40155542
0.40155616
0.4015573
0.40155873
0.40156037
0.40156215
0.40156424
0.4015671
0.40157145
0.40157795
0.40158677
0.40159792
0.40161088
0.4016248
0.40163854
0.40165105
0.40166143
0.40166873
0.4016724
0.40167233
0.4016686
0.40166178
0.40165246
0.40164155
0.4016299
0.4016183
0.40160728
0.40159696
0.40158725
0.40157798
0.40156892
0.40156013
0.4015519
0.40154463
0.40153867
0.40153423
0.40153146
0.4015302
0.40153056
0.40153217
0.40153497
0.4015388
0.40154353
0.40154883
0.40155455
0.40156046
0.40156627
0.40157154
0.40157574
0.40157828
0.40157855
0.40157604
0.40157068
0.4015624
0.40155163
0.40153894
0.40152523
0.40151167
0.4014992
0.4014891
0.40148205
0.40147856
0.401479
0.40148342
0.40149152
0.4015029
0.40151694
0.40153286
0.40154985
0.40156695
0.4015835
0.4015987
0.4016116
0.40162122
0.4016267
0.40162745
0.40162328
0.40161458
0.40160227
0.40158758
0.40157193
0.40155658
0.40154257
0.4015307
0.4015214
0.40151486
0.40151092
0.4015096
0.40151083
0.4015144
0.40152028
0.40152815
0.40153763
0.40154833
0.40155962
0.40157086
0.40158126
0.4015904
0.40159824
0.4016051
0.40161145
0.40161797
0.40162522
0.40163335
0.40164226
0.40165135
0.40165982
0.40166664
0.40167102
0.4016724
0.40167084
0.4016668
0.40166184
0.4016575
0.40165606
0.40166047
0.40167442
0.40170288
0.40175253
0.4018321
0.4019533
0.4021326
0.4023934
0.4027645
0.40328747
0.4040198
0.40503964
0.40645313
0.4084022
0.41110787
0.414793
0.41976678
0.42650282
0.43564183
0.44779512
