0.44265515
0.43217304
0.4243095
0.41838682
0.4139612
0.4106881
0.4082829
0.40650687
0.40520072
0.40424734
0.4035517
0.40304694
0.40268287
0.40242174
0.40223458
0.40209955
0.40200013
0.40192416
0.401863
0.40181077
0.40176353
0.40171933
0.4016773
0.4016375
0.4016004
0.40156674
0.40153724
0.4015126
0.40149313
0.4014791
0.40147048
0.40146723
0.40146923
0.40147617
0.40148795
0.401504
0.40152395
0.4015472
0.4015729
0.4016004
0.40162876
0.40165743
0.40168568
0.401713
0.4017386
0.40176183
0.40178183
0.40179804
0.40180996
0.40181723
0.4018197
0.4018171
0.40180966
0.40179786
0.40178257
0.40176523
0.40174744
0.4017309
0.40171742
0.40170822
0.401704
0.40170494
0.40171033
0.40171903
0.40172955
0.40174013
0.4017494
0.40175655
0.40176126
0.40176386
0.4017651
0.40176585
0.4017671
0.4017696
0.401774
0.4017806
0.4017896
0.4018007
0.40181342
0.4018268
0.40183985
0.40185142
0.40186042
0.40186617
0.40186808
0.40186608
0.40185997
0.4018501
0.4018365
0.40181977
0.4018005
0.40177944
0.40175736
0.40173483
0.40171242
0.40169054
0.40166962
0.40164968
0.4016307
0.4016124
0.40159458
0.401577
0.40156
0.40154412
0.4015299
0.4015179
0.40150854
0.4015019
0.40149802
0.40149647
0.4014968
0.40149838
0.40150023
0.40150195
0.40150297
0.40150315
0.40150213
0.4014998
0.4014961
0.4014915
0.4014864
0.40148145
0.40147707
0.40147343
0.4014706
0.4014685
0.40146673
0.4014654
0.40146458
0.40146452
0.40146542
0.4014675
0.40147093
0.4014759
0.40148258
0.4014912
0.40150166
0.40151381
0.4015272
0.40154088
0.40155414
0.40156594
0.4015757
0.4015833
0.4015889
0.401593
0.4015965
0.4016001
0.40160438
0.40160945
0.40161526
0.4016211
0.40162647
0.40163106
0.40163496
0.40163866
0.401643
0.401649
0.4016575
0.40166885
0.40168282
0.4016986
0.40171486
0.40173018
0.40174326
0.40175316
0.40175948
0.4017619
0.40176088
0.40175718
0.4017519
0.4017463
0.40174168
0.40173918
0.4017395
0.40174294
0.40174916
0.40175736
0.40176657
0.4017759
0.4017847
0.40179262
0.40179935
0.401805
0.40180975
0.40181398
0.40181828
0.40182304
0.40182844
0.40183398
0.40183914
0.401843
0.40184474
0.40184376
0.40183944
0.40183145
0.40181965
0.40180397
0.40178484
0.40176272
0.40173894
0.40171486
0.40169212
0.40167242
0.40165737
0.40164816
0.4016453
0.4016487
0.40165746
0.40167028
0.40168548
0.40170118
0.40171555
0.4017275
0.40173602
0.40174082
0.401742
0.40174004
0.4017357
0.4017302
0.40172476
0.4017204
0.40171802
0.40171784
0.4017198
0.40172336
0.40172768
0.40173167
0.40173435
0.40173474
0.40173194
0.40172553
0.40171522
0.40170127
0.4016845
0.40166593
0.40164724
0.40162995
0.4016156
0.40160525
0.40159956
0.40159845
0.40160125
0.40160677
0.40161353
0.40162012
0.40162516
0.40162778
0.40162754
0.40162444
0.4016189
0.40161133
0.40160215
0.40159187
0.40158087
0.40156943
0.4015578
0.4015459
0.4015338
0.4015215
0.40150914
0.40149698
0.4014857
0.40147623
0.40146938
0.40146592
0.40146625
0.40147057
0.4014787
0.40149045
0.40150526
0.40152246
0.40154132
0.4015611
0.40158114
0.40160093
0.4016196
0.40163648
0.40165102
0.40166247
0.40167037
0.4016739
0.4016729
0.40166727
0.40165767
0.401645
0.40163043
0.40161523
0.40160045
0.40158665
0.40157446
0.40156427
0.4015564
0.40155098
0.40154815
0.401548
0.40155074
0.40155625
0.40156454
0.40157515
0.40158767
0.40160108
0.40161473
0.40162766
0.40163943
0.40164948
0.40165755
0.40166298
0.40166545
0.4016647
0.40166074
0.40165368
0.40164405
0.4016322
0.40161896
0.4016051
0.40159157
0.40157914
0.40156865
0.40156063
0.4015555
0.40155354
0.4015546
0.40155867
0.40156522
0.40157408
0.40158463
0.40159646
0.40160888
0.40162134
0.401633
0.4016431
0.40165105
0.40165675
0.4016603
0.40166238
0.40166384
0.4016654
0.40166765
0.4016714
0.40167698
0.4016843
0.40169302
0.40170237
0.40171126
0.40171862
0.40172306
0.4017236
0.4017194
0.40170994
0.40169537
0.40167636
0.4016539
0.4016295
0.401605
0.40158188
0.40156147
0.40154448
0.40153134
0.40152192
0.40151623
0.40151364
0.40151384
0.4015161
0.40151954
0.40152314
0.40152612
0.4015281
0.4015289
0.4015287
0.40152788
0.40152678
0.4015259
0.40152547
0.40152565
0.40152648
0.40152782
0.4015293
0.40153053
0.40153098
0.4015302
0.40152815
0.40152466
0.40151992
0.401514
0.4015069
0.40149876
0.40148965
0.4014794
0.40146807
0.40145588
0.40144348
0.4014315
0.4014206
0.40141135
0.40140432
0.4013996
0.40139726
0.40139702
0.40139854
0.4014014
0.4014053
0.40140986
0.40141508
0.4014214
0.4014292
0.40143925
0.40145206
0.40146804
0.40148732
0.4015098
0.40153477
0.40156138
0.4015881
0.40161344
0.40163568
0.40165344
0.40166578
0.4016722
0.4016731
0.4016692
0.40166175
0.40165237
0.4016426
0.4016336
0.40162644
0.4016214
0.4016186
0.40161747
0.4016173
0.4016174
0.4016171
0.40161583
0.40161312
0.4016084
0.40160134
0.40159166
0.40157932
0.4015648
0.40154874
0.4015319
0.40151536
0.40150008
0.40148672
0.40147617
0.40146863
0.40146464
0.40146428
0.40146762
0.4014747
0.40148544
0.4014996
0.4015168
0.4015367
0.40155873
0.40158245
0.40160757
0.40163344
0.40165913
0.4016833
0.40170428
0.40172076
0.40173176
0.4017368
0.40173593
0.4017297
0.4017192
0.4017058
0.40169072
0.40167516
0.40165997
0.4016457
0.40163282
0.40162194
0.40161335
0.40160728
0.40160346
0.40160167
0.40160117
0.4016012
0.40160093
0.40160015
0.4015991
0.40159872
0.40159985
0.4016033
0.4016097
0.40161887
0.4016303
0.40164292
0.4016552
0.40166572
0.40167323
0.40167686
0.40167668
0.40167302
0.40166697
0.40166
0.40165338
0.4016482
0.4016451
0.40164402
0.40164468
0.40164617
0.40164796
0.40164956
0.40165052
0.40165085
0.40165025
0.40164858
0.40164557
0.40164104
0.40163505
0.40162778
0.40161958
0.40161133
0.40160385
0.40159774
0.40159357
0.40159127
0.4015909
0.40159252
0.4015966
0.40160352
0.40161365
0.40162727
0.40164393
0.4016629
0.40168262
0.40170157
0.40171784
0.40172988
0.40173635
0.40173653
0.40172997
0.40171674
0.4016976
0.40167361
0.40164635
0.40161738
0.40158844
0.40156078
0.40153536
0.40151277
0.40149322
0.40147656
0.40146264
0.40145147
0.40144315
0.4014377
0.4014353
0.4014361
0.40144014
0.40144727
0.40145704
0.40146852
0.40148085
0.40149298
0.40150416
0.40151384
0.40152204
0.40152904
0.40153566
0.40154257
0.40155062
0.4015603
0.40157217
0.4015862
0.4016023
0.40161943
0.40163633
0.40165147
0.4016633
0.40167055
0.40167248
0.40166888
0.40166017
0.40164757
0.4016326
0.40161687
0.40160185
0.40158856
0.40157732
0.40156826
0.40156078
0.4015543
0.40154815
0.40154156
0.40153396
0.401525
0.4015146
0.401503
0.40149084
0.40147844
0.4014666
0.40145582
0.4014466
0.40143952
0.401435
0.40143323
0.4014344
0.40143856
0.40144566
0.40145537
0.40146726
0.40148073
0.40149495
0.40150887
0.40152168
0.4015326
0.40154132
0.40154803
0.40155292
0.40155646
0.40155882
0.40156034
0.40156123
0.40156168
0.40156212
0.401563
0.4015644
0.40156624
0.40156856
0.40157133
0.40157443
0.40157804
0.40158224
0.40158695
0.40159193
0.4015966
0.40160012
0.40160158
0.40160048
0.4015967
0.40159068
0.40158316
0.40157503
0.4015669
0.40155956
0.40155336
0.40154874
0.4015459
0.40154526
0.4015468
0.4015508
0.40155718
0.4015659
0.4015769
0.4015899
0.40160483
0.40162158
0.40164077
0.40166357
0.40169215
0.40172988
0.4017815
0.4018532
0.40195328
0.40209252
0.4022867
0.402558
0.40293497
0.4034592
0.40418825
0.4052009
0.406604
0.40853986
0.41122997
0.41489872
0.41985554
0.4265733
0.43569544
0.4478332
