0.44253752
0.43202087
0.42412958
0.4181858
0.4137465
0.41046694
0.4080627
0.40629292
0.40499595
0.40405232
0.40336484
0.40286475
0.4025009
0.40223566
0.40204158
0.40189868
0.40179273
0.40171355
0.4016541
0.40160936
0.40157565
0.40155035
0.4015314
0.4015177
0.4015081
0.40150216
0.40149933
0.40149948
0.40150255
0.4015086
0.40151757
0.40152916
0.40154287
0.40155777
0.40157297
0.40158728
0.40159956
0.40160877
0.40161398
0.40161467
0.40161082
0.40160283
0.40159145
0.40157777
0.401563
0.40154865
0.40153563
0.40152505
0.4015174
0.40151322
0.40151265
0.40151548
0.4015211
0.40152863
0.40153682
0.40154448
0.40155053
0.4015543
0.40155575
0.40155533
0.40155366
0.40155146
0.40154943
0.40154788
0.40154698
0.40154666
0.40154645
0.40154612
0.40154555
0.40154487
0.4015442
0.40154356
0.40154302
0.40154266
0.40154275
0.40154406
0.4015472
0.40155333
0.40156344
0.40157837
0.40159878
0.4016245
0.40165478
0.4016885
0.40172365
0.40175834
0.40179053
0.4018186
0.40184122
0.40185776
0.401868
0.401872
0.40187004
0.4018627
0.40185067
0.4018349
0.40181622
0.40179566
0.40177435
0.4017535
0.40173405
0.40171668
0.40170193
0.4016898
0.40168026
0.4016726
0.4016661
0.40165997
0.40165362
0.40164676
0.40163925
0.40163124
0.40162274
0.40161407
0.40160516
0.40159622
0.40158713
0.40157807
0.40156937
0.40156123
0.40155396
0.40154728
0.40154096
0.40153465
0.4015279
0.40152055
0.4015121
0.4015026
0.4014923
0.40148163
0.40147087
0.40146044
0.40145078
0.40144226
0.40143535
0.40143037
0.4014276
0.40142703
0.40142897
0.4014333
0.40144026
0.40144986
0.4014621
0.4014767
0.40149325
0.40151086
0.4015287
0.40154558
0.40156034
0.40157172
0.4015789
0.40158165
0.40158024
0.40157554
0.4015687
0.40156087
0.4015532
0.40154645
0.40154138
0.40153834
0.40153736
0.40153846
0.40154126
0.40154538
0.4015499
0.401554
0.40155673
0.4015573
0.40155524
0.40155056
0.40154377
0.40153584
0.40152776
0.40152058
0.40151525
0.40151253
0.4015127
0.40151596
0.40152177
0.40152943
0.40153822
0.4015471
0.40155497
0.40156093
0.40156457
0.40156564
0.40156436
0.4015612
0.40155685
0.401552
0.4015477
0.401545
0.40154475
0.40154752
0.40155342
0.4015623
0.401574
0.40158793
0.40160424
0.401623
0.4016444
0.4016683
0.4016942
0.40172118
0.4017478
0.40177247
0.40179363
0.4018101
0.40182108
0.40182617
0.40182552
0.4018196
0.40180898
0.4017947
0.40177765
0.40175897
0.40173993
0.4017215
0.40170476
0.40169
0.40167734
0.40166646
0.40165737
0.40165016
0.4016453
0.4016434
0.40164512
0.40165076
0.40166035
0.40167338
0.401689
0.4017061
0.40172333
0.40173936
0.4017525
0.40176153
0.40176547
0.40176377
0.4017565
0.40174413
0.4017276
0.40170795
0.40168664
0.40166497
0.4016442
0.40162566
0.40161052
0.4015999
0.40159476
0.40159568
0.40160295
0.40161613
0.40163437
0.40165657
0.40168124
0.4017067
0.40173152
0.40175432
0.40177417
0.40179026
0.40180194
0.40180874
0.4018104
0.401807
0.40179878
0.40178636
0.40177056
0.40175256
0.40173364
0.40171525
0.40169907
0.4016869
0.40168047
0.4016812
0.40169108
0.40171203
0.40174723
0.40180147
0.40188226
0.40200078
0.40217304
0.40242383
0.40278265
0.40329215
0.40401098
0.40501812
0.40642077
0.40836146
0.41106144
0.41474426
0.41971898
0.42645884
0.43560508
0.4477677
