0.44252694
0.4320109
0.4241247
0.4181907
0.41376537
0.4105036
0.40811908
0.4063705
0.40509626
0.40417594
0.4035125
0.40303692
0.4026974
0.40245518
0.40228167
0.40215594
0.40206283
0.4019915
0.40193418
0.4018858
0.401843
0.40180397
0.40176785
0.40173486
0.40170544
0.40168017
0.40165958
0.4016441
0.40163374
0.40162805
0.4016261
0.40162653
0.4016276
0.40162763
0.40162516
0.40161917
0.40160936
0.40159622
0.4015807
0.4015641
0.401548
0.40153387
0.40152287
0.40151578
0.40151298
0.40151414
0.4015185
0.401525
0.40153217
0.40153873
0.40154362
0.40154627
0.40154696
0.40154627
0.40154535
0.40154532
0.40154722
0.40155178
0.40155968
0.40157112
0.40158606
0.401604
0.40162423
0.40164545
0.40166676
0.4016874
0.4017076
0.40172866
0.40175346
0.40178677
0.4018357
0.40190998
0.40202278
0.4021918
0.4024428
0.40280578
0.40332314
0.40405267
0.4050724
0.40648767
0.40843913
0.4111468
0.41483214
0.41980407
0.42653602
0.43566892
0.44781506
