0.44262224
0.4321298
0.4242567
0.41832483
0.41389036
0.41060847
0.4081951
0.4064114
0.4050979
0.4041375
0.40343508
0.40292346
0.40255252
0.40228486
0.40209258
0.40195477
0.4018558
0.40178406
0.40173087
0.40168974
0.40165615
0.40162694
0.40160048
0.4015757
0.40155268
0.4015314
0.4015123
0.40149552
0.40148112
0.40146923
0.40146002
0.40145376
0.40145096
0.40145206
0.40145746
0.40146753
0.40148225
0.40150145
0.40152454
0.40155098
0.40157968
0.40160945
0.40163887
0.4016664
0.40169054
0.40171006
0.4017241
0.40173194
0.4017333
0.40172845
0.40171796
0.40170285
0.4016844
0.40166408
0.401643
0.40162224
0.4016026
0.40158463
0.40156856
0.4015547
0.4015433
0.4015345
0.40152827
0.40152463
0.40152335
0.4015243
0.40152726
0.4015319
0.4015381
0.40154576
0.40155473
0.40156507
0.4015763
0.40158787
0.40159893
0.40160862
0.40161642
0.40162233
0.4016266
0.40163
0.40163368
0.40163866
0.401646
0.40165615
0.40166906
0.40168405
0.40170002
0.4017155
0.40172952
0.40174088
0.40174878
0.4017525
0.40175182
0.40174687
0.40173832
0.40172705
0.40171415
0.40170085
0.40168843
0.40167782
0.4016698
0.40166494
0.40166333
0.40166488
0.40166923
0.4016758
0.40168345
0.40169132
0.40169808
0.40170282
0.40170485
0.401704
0.40170044
0.40169445
0.40168637
0.40167645
0.40166467
0.40165102
0.40163535
0.4016179
0.4015991
0.40157974
0.40156102
0.40154424
0.40153074
0.40152135
0.40151677
0.40151733
0.4015231
0.4015337
0.40154862
0.40156713
0.40158817
0.4016107
0.4016335
0.40165514
0.40167397
0.40168867
0.4016982
0.40170208
0.40170056
0.4016942
0.40168408
0.4016713
0.4016567
0.40164122
0.40162563
0.40161082
0.40159735
0.40158588
0.4015769
0.40157118
0.40156922
0.4015711
0.4015765
0.40158457
0.4015943
0.40160435
0.4016135
0.40162107
0.40162674
0.4016306
0.40163308
0.40163472
0.40163565
0.40163618
0.40163606
0.40163493
0.40163237
0.4016283
0.40162283
0.40161672
0.40161073
0.40160593
0.40160313
0.40160298
0.4016057
0.40161115
0.40161866
0.40162718
0.40163538
0.40164226
0.40164727
0.4016503
0.401652
0.40165314
0.40165448
0.40165666
0.40165988
0.40166408
0.40166864
0.40167296
0.40167627
0.40167785
0.40167722
0.40167433
0.4016696
0.40166363
0.40165758
0.40165237
0.40164906
0.4016484
0.40165076
0.40165615
0.40166375
0.40167263
0.4016811
0.40168753
0.40169036
0.40168828
0.40168074
0.40166765
0.4016497
0.401628
0.4016038
0.40157872
0.4015543
0.40153158
0.40151122
0.4014934
0.40147793
0.40146434
0.4014522
0.4014414
0.4014314
0.4014224
0.40141463
0.40140837
0.40140405
0.401402
0.4014026
0.40140596
0.40141246
0.40142226
0.40143532
0.4014516
0.4014706
0.40149152
0.4015133
0.40153474
0.40155455
0.40157175
0.40158588
0.4015969
0.40160528
0.40161163
0.40161648
0.4016203
0.40162328
0.4016256
0.40162712
0.40162745
0.40162617
0.4016231
0.40161833
0.40161246
0.40160632
0.401601
0.40159723
0.40159586
0.40159723
0.40160152
0.4016084
0.40161738
0.4016275
0.4016376
0.40164635
0.40165222
0.40165427
0.40165168
0.40164408
0.40163162
0.4016149
0.40159476
0.40157264
0.40155008
0.40152884
0.40151036
0.40149578
0.401486
0.4014816
0.4014828
0.40148953
0.40150174
0.40151894
0.40154043
0.40156522
0.4015922
0.40162012
0.4016477
0.4016737
0.4016975
0.40171862
0.40173694
0.40175256
0.4017653
0.40177503
0.40178117
0.40178332
0.4017811
0.40177432
0.40176323
0.4017483
0.40173015
0.40170947
0.40168682
0.4016627
0.40163773
0.4016124
0.40158746
0.40156335
0.40154064
0.40151963
0.4015007
0.40148413
0.40147007
0.40145865
0.40144995
0.40144396
0.40144062
0.4014396
0.4014409
0.4014442
0.40144983
0.40145805
0.40146908
0.40148297
0.40149954
0.40151834
0.4015387
0.40155968
0.40157998
0.4015981
0.4016123
0.40162134
0.40162426
0.40162098
0.401612
0.40159848
0.40158185
0.4015639
0.40154618
0.40152985
0.4015156
0.40150368
0.40149426
0.40148732
0.40148264
0.4014798
0.40147856
0.40147856
0.40147957
0.40148157
0.40148458
0.401489
0.4014955
0.40150478
0.40151715
0.40153283
0.40155172
0.40157324
0.4015964
0.40162006
0.40164274
0.4016628
0.40167883
0.40168977
0.4016949
0.40169406
0.40168777
0.40167704
0.4016633
0.40164825
0.40163344
0.4016201
0.40160918
0.40160128
0.4015964
0.40159422
0.40159416
0.40159553
0.4015975
0.40159962
0.40160167
0.40160364
0.40160564
0.40160757
0.40160918
0.4016102
0.40161005
0.40160826
0.40160447
0.4015987
0.40159127
0.4015828
0.40157402
0.40156567
0.4015585
0.4015531
0.40155008
0.40154988
0.401553
0.40155986
0.40157053
0.401585
0.40160304
0.40162396
0.40164718
0.40167195
0.40169775
0.40172434
0.40175122
0.40177798
0.40180394
0.40182832
0.40185037
0.40186957
0.40188554
0.40189797
0.40190673
0.40191185
0.4019132
0.40191093
0.4019051
0.4018959
0.4018834
0.40186766
0.40184867
0.40182626
0.40180057
0.4017716
0.40174
0.40170664
0.40167284
0.40164003
0.40160954
0.40158272
0.40156043
0.40154296
0.40153018
0.40152147
0.40151605
0.4015131
0.401512
0.40151212
0.4015133
0.4015156
0.40151924
0.40152475
0.40153253
0.40154284
0.40155548
0.4015701
0.40158597
0.401602
0.40161738
0.4016312
0.4016426
0.4016508
0.40165532
0.4016559
0.40165287
0.40164667
0.40163773
0.4016266
0.40161386
0.4016004
0.40158665
0.4015733
0.40156102
0.40155008
0.40154046
0.40153217
0.40152493
0.40151843
0.40151247
0.4015069
0.40150163
0.40149665
0.40149227
0.40148854
0.40148562
0.4014832
0.40148112
0.40147892
0.40147653
0.401474
0.4014716
0.4014698
0.40146878
0.40146878
0.40147
0.40147263
0.40147698
0.4014832
0.4014911
0.40150028
0.4015101
0.4015198
0.40152845
0.40153554
0.40154088
0.4015448
0.40154788
0.4015507
0.40155393
0.40155807
0.40156347
0.40157026
0.40157828
0.4015876
0.40159786
0.40160844
0.4016184
0.40162694
0.40163314
0.4016366
0.40163693
0.40163422
0.40162864
0.40162045
0.4016097
0.40159678
0.40158212
0.40156618
0.40154955
0.4015327
0.40151617
0.40150067
0.40148705
0.4014763
0.4014688
0.40146476
0.40146428
0.40146685
0.40147185
0.40147838
0.40148535
0.40149188
0.4014972
0.401501
0.40150347
0.40150514
0.40150642
0.40150782
0.4015098
0.40151277
0.40151706
0.4015228
0.4015298
0.40153763
0.40154597
0.4015545
0.40156323
0.4015724
0.4015824
0.40159324
0.401605
0.40161723
0.40162972
0.40164202
0.4016536
0.40166348
0.40167084
0.4016746
0.40167427
0.40166962
0.40166107
0.40164945
0.40163556
0.40162048
0.4016049
0.4015896
0.40157497
0.40156144
0.40154925
0.40153867
0.40153006
0.4015239
0.4015205
0.40152004
0.4015225
0.40152752
0.4015346
0.40154284
0.40155146
0.4015594
0.40156558
0.40156925
0.40157035
0.40156925
0.40156662
0.40156335
0.4015603
0.40155846
0.40155858
0.4015612
0.40156683
0.40157548
0.401587
0.40160108
0.40161717
0.40163466
0.4016529
0.40167114
0.40168858
0.4017041
0.40171683
0.40172616
0.4017319
0.40173417
0.40173364
0.40173125
0.4017282
0.40172595
0.40172556
0.40172812
0.4017338
0.40174243
0.40175298
0.40176415
0.40177462
0.40178287
0.4017877
0.4017881
0.40178326
0.4017727
0.40175632
0.40173432
0.40170744
0.40167665
0.40164325
0.4016088
0.40157494
0.40154302
0.4015142
0.40148908
0.40146795
0.40145105
0.40143844
0.40143007
0.40142584
0.40142557
0.40142894
0.40143552
0.4014448
0.401456
0.40146863
0.40148252
0.40149757
0.40151426
0.4015329
0.4015536
0.4015764
0.40160093
0.40162656
0.40165278
0.40167862
0.40170327
0.40172565
0.4017447
0.40175948
0.40176952
0.40177473
0.40177545
0.4017725
0.401767
0.40176007
0.4017528
0.40174562
0.40173876
0.40173167
0.40172377
0.4017143
0.4017029
0.40168944
0.40167433
0.40165827
0.40164202
0.40162653
0.40161237
0.40159997
0.4015899
0.40158212
0.40157676
0.40157402
0.40157384
0.40157625
0.40158072
0.40158665
0.4015931
0.40159935
0.40160486
0.40160945
0.40161312
0.4016162
0.40161896
0.40162173
0.40162447
0.4016271
0.4016289
0.40162927
0.4016272
0.4016221
0.40161362
0.401602
0.40158796
0.40157238
0.4015564
0.40154108
0.4015273
0.40151575
0.40150717
0.40150177
0.40149978
0.4015007
0.40150398
0.4015085
0.40151322
0.40151677
0.40151846
0.401518
0.40151513
0.4015102
0.4015039
0.40149674
0.4014892
0.4014816
0.4014743
0.40146747
0.40146127
0.40145588
0.4014513
0.40144765
0.40144524
0.40144444
0.4014454
0.40144822
0.4014528
0.40145916
0.4014671
0.40147662
0.40148768
0.40150008
0.40151373
0.40152818
0.401543
0.40155745
0.40157053
0.4015812
0.40158844
0.4015917
0.40159082
0.40158597
0.40157783
0.40156737
0.40155548
0.40154302
0.40153044
0.40151802
0.40150565
0.40149322
0.40148082
0.4014688
0.40145752
0.40144753
0.40143925
0.40143293
0.40142888
0.40142733
0.4014284
0.40143192
0.40143788
0.401446
0.401456
0.40146744
0.40148
0.4014934
0.40150735
0.40152177
0.40153638
0.4015511
0.401566
0.40158147
0.40159777
0.40161508
0.40163368
0.40165374
0.40167534
0.40169907
0.40172642
0.40176004
0.40180415
0.4018651
0.40195173
0.40207636
0.4022555
0.4025142
0.40288186
0.4034009
0.4041291
0.40514463
0.40655342
0.4084968
0.4111954
0.41487202
0.41983595
0.42656028
0.43568715
0.44782797
