0.44261017
0.43212005
0.42425662
0.41834277
0.4139345
0.41068673
0.40831146
0.4065678
0.40529442
0.40437087
0.40370095
0.40321696
0.40286857
0.4026185
0.4024392
0.4023104
0.40221742
0.4021495
0.4020987
0.40205932
0.4020272
0.40199938
0.40197402
0.40194976
0.4019263
0.40190342
0.4018816
0.4018613
0.40184313
0.40182725
0.40181363
0.40180156
0.4017902
0.4017788
0.4017667
0.40175387
0.40174052
0.40172732
0.40171546
0.40170583
0.40169924
0.4016961
0.40169618
0.40169874
0.40170273
0.4017072
0.40171146
0.40171504
0.40171784
0.40172023
0.40172237
0.40172458
0.40172675
0.4017291
0.40173158
0.40173447
0.40173793
0.4017419
0.40174595
0.4017494
0.40175125
0.4017505
0.40174642
0.40173876
0.4017276
0.4017137
0.40169832
0.40168285
0.40166852
0.40165657
0.40164787
0.40164298
0.40164194
0.40164438
0.40164936
0.40165603
0.40166354
0.4016716
0.4016802
0.40168992
0.4017013
0.40171495
0.40173098
0.40174928
0.40176973
0.40179184
0.40181494
0.40183797
0.4018595
0.40187815
0.40189263
0.40190202
0.4019058
0.40190372
0.4018957
0.40188217
0.40186357
0.40184063
0.40181413
0.401785
0.40175405
0.40172192
0.40168947
0.40165716
0.4016253
0.4015944
0.40156487
0.40153757
0.40151337
0.40149322
0.40147778
0.40146753
0.40146264
0.40146282
0.40146774
0.40147686
0.40148973
0.40150598
0.401525
0.40154645
0.40156966
0.40159374
0.40161732
0.40163898
0.40165743
0.4016715
0.40168062
0.40168482
0.40168464
0.4016811
0.40167564
0.40166983
0.40166512
0.40166247
0.4016624
0.4016648
0.40166914
0.40167505
0.40168208
0.40168992
0.40169787
0.40170538
0.4017116
0.40171576
0.40171745
0.40171656
0.40171337
0.40170872
0.40170372
0.40169993
0.4016989
0.40170187
0.40170977
0.4017228
0.40174058
0.40176216
0.40178612
0.40181094
0.40183517
0.40185773
0.40187755
0.40189385
0.4019061
0.4019139
0.40191713
0.4019155
0.4019091
0.4018982
0.40188313
0.40186453
0.4018432
0.4018199
0.40179577
0.40177202
0.40174994
0.40173042
0.40171412
0.4017013
0.40169147
0.40168396
0.40167758
0.40167126
0.40166405
0.40165532
0.4016448
0.40163288
0.40162
0.40160695
0.40159437
0.401583
0.40157315
0.40156505
0.40155855
0.40155336
0.4015489
0.40154475
0.4015405
0.40153623
0.40153217
0.40152863
0.40152606
0.40152484
0.40152544
0.40152797
0.4015329
0.40154
0.4015495
0.40156102
0.40157413
0.40158835
0.40160304
0.40161774
0.40163234
0.40164694
0.40166187
0.4016775
0.40169352
0.40170988
0.40172595
0.40174147
0.40175587
0.40176862
0.40177912
0.4017869
0.401792
0.40179473
0.4017956
0.40179533
0.4017947
0.40179396
0.40179312
0.40179178
0.4017896
0.4017863
0.4017818
0.4017764
0.40177032
0.40176377
0.40175658
0.40174863
0.4017397
0.40172985
0.40171915
0.4017079
0.4016964
0.4016851
0.40167454
0.4016654
0.4016581
0.40165335
0.40165162
0.4016536
0.4016594
0.40166885
0.4016813
0.4016953
0.4017095
0.40172243
0.401733
0.40174058
0.4017452
0.4017472
0.40174723
0.40174592
0.4017437
0.40174082
0.4017372
0.4017325
0.40172622
0.40171802
0.40170756
0.40169504
0.4016809
0.4016658
0.40165058
0.40163583
0.401622
0.40160945
0.40159827
0.40158874
0.40158114
0.40157595
0.4015735
0.40157416
0.40157804
0.40158486
0.40159443
0.4016062
0.40161994
0.40163505
0.40165082
0.40166613
0.40167984
0.40169093
0.40169874
0.40170318
0.40170455
0.40170345
0.4017007
0.40169677
0.40169185
0.40168577
0.401678
0.40166822
0.4016563
0.4016426
0.40162784
0.40161285
0.40159875
0.40158665
0.40157765
0.40157276
0.40157261
0.4015774
0.40158707
0.40160102
0.40161827
0.40163785
0.40165877
0.40168044
0.40170315
0.4017282
0.401758
0.40179622
0.40184817
0.40192074
0.4020229
0.4021664
0.4023675
0.402649
0.40303907
0.40357792
0.40432197
0.40534768
0.4067602
0.40870062
0.411389
0.41505018
0.41999373
0.42669252
0.4357916
0.44790375
