0.44266888
0.43219334
0.424338
0.41842538
0.4140115
0.41075134
0.40835828
0.40659237
0.40529287
0.40434113
0.4036412
0.4031256
0.40274453
0.40246114
0.40224868
0.40208793
0.4019653
0.40187106
0.4017985
0.40174294
0.40170085
0.40166986
0.40164787
0.4016336
0.40162605
0.40162447
0.4016282
0.40163627
0.40164757
0.40166128
0.40167654
0.40169233
0.40170756
0.40172088
0.40173107
0.40173742
0.40173933
0.40173703
0.40173084
0.40172178
0.40171093
0.40169948
0.4016883
0.40167776
0.40166768
0.40165713
0.40164527
0.40163115
0.40161446
0.40159535
0.40157485
0.40155423
0.40153491
0.40151817
0.40150493
0.4014957
0.40149042
0.4014889
0.4014906
0.40149495
0.40150127
0.40150914
0.40151802
0.4015279
0.4015385
0.40154955
0.40156052
0.40157068
0.40157944
0.40158597
0.40158963
0.40159044
0.40158844
0.40158415
0.4015781
0.40157077
0.4015627
0.40155455
0.40154707
0.4015404
0.4015346
0.40152916
0.40152362
0.4015177
0.40151104
0.401504
0.40149692
0.40149015
0.40148407
0.4014789
0.40147477
0.40147147
0.40146908
0.40146756
0.40146723
0.40146822
0.4014709
0.40147567
0.40148264
0.40149185
0.40150312
0.40151587
0.40152952
0.40154323
0.40155607
0.4015674
0.4015767
0.40158415
0.40159038
0.4015962
0.40160245
0.4016097
0.40161812
0.40162736
0.40163633
0.40164387
0.4016486
0.4016495
0.40164602
0.40163818
0.40162647
0.40161198
0.40159586
0.4015794
0.4015635
0.40154904
0.40153626
0.4015252
0.4015156
0.4015072
0.40149966
0.40149257
0.4014857
0.40147877
0.40147164
0.4014641
0.40145615
0.40144813
0.40144017
0.40143284
0.40142652
0.4014216
0.40141866
0.40141803
0.40142003
0.40142485
0.40143263
0.40144324
0.40145653
0.40147203
0.4014891
0.4015069
0.40152434
0.40154037
0.4015539
0.4015641
0.40157035
0.40157223
0.40156943
0.40156212
0.4015509
0.40153638
0.4015194
0.40150094
0.40148187
0.4014629
0.40144497
0.40142855
0.40141422
0.40140226
0.40139276
0.40138555
0.4013804
0.4013771
0.40137544
0.4013751
0.40137568
0.40137687
0.4013785
0.4013806
0.4013835
0.4013874
0.40139282
0.40140006
0.40140927
0.40142044
0.40143326
0.40144745
0.40146288
0.40147948
0.4014975
0.40151697
0.4015379
0.40156
0.40158272
0.40160528
0.40162686
0.40164697
0.40166548
0.4016828
0.40169942
0.40171617
0.4017332
0.40175065
0.40176794
0.40178415
0.4017982
0.40180898
0.4018157
0.401818
0.4018157
0.4018091
0.4017989
0.4017857
0.40177032
0.4017532
0.40173483
0.40171528
0.40169486
0.4016737
0.40165263
0.4016324
0.4016139
0.40159792
0.4015854
0.40157643
0.4015712
0.40156943
0.4015707
0.40157482
0.40158144
0.40159032
0.40160105
0.40161315
0.40162635
0.4016404
0.4016549
0.40166935
0.40168312
0.40169504
0.4017043
0.40171024
0.4017126
0.4017117
0.4017081
0.4017025
0.4016952
0.40168655
0.40167654
0.40166518
0.40165254
0.40163904
0.401625
0.40161103
0.4015972
0.40158364
0.40157053
0.4015577
0.40154552
0.4015343
0.40152457
0.40151665
0.4015108
0.4015072
0.40150553
0.4015053
0.40150586
0.40150657
0.40150666
0.4015059
0.40150422
0.40150204
0.4014998
0.4014983
0.40149802
0.40149954
0.40150324
0.40150943
0.40151802
0.40152878
0.4015411
0.4015539
0.40156582
0.4015754
0.40158117
0.4015823
0.40157858
0.40157035
0.4015585
0.40154403
0.40152818
0.40151188
0.4014962
0.40148205
0.40147
0.40146065
0.40145436
0.40145123
0.40145102
0.40145352
0.40145814
0.40146437
0.4014716
0.4014791
0.40148625
0.40149245
0.40149742
0.40150133
0.40150478
0.40150824
0.40151218
0.4015167
0.40152192
0.40152797
0.401535
0.40154296
0.40155172
0.40156138
0.40157172
0.40158266
0.40159395
0.40160504
0.4016152
0.40162355
0.40162942
0.40163252
0.401633
0.4016315
0.40162882
0.40162557
0.40162253
0.40162033
0.40161976
0.40162173
0.401627
0.40163624
0.40164992
0.40166792
0.40168995
0.40171486
0.40174145
0.40176797
0.40179268
0.4018141
0.40183073
0.40184173
0.40184617
0.4018436
0.40183398
0.40181774
0.4017955
0.4017686
0.40173838
0.40170676
0.4016755
0.4016465
0.40162092
0.40159947
0.40158245
0.40156955
0.4015603
0.4015542
0.40155074
0.40154952
0.40154994
0.40155154
0.40155372
0.401556
0.40155804
0.4015594
0.4015601
0.4015603
0.40156046
0.4015611
0.40156317
0.40156728
0.40157402
0.40158352
0.40159565
0.4016097
0.40162465
0.40163955
0.40165338
0.4016656
0.4016759
0.4016844
0.4016915
0.40169755
0.4017028
0.40170735
0.4017111
0.4017139
0.40171555
0.40171605
0.40171573
0.40171516
0.4017152
0.40171668
0.40172052
0.4017269
0.40173575
0.4017465
0.40175804
0.40176907
0.40177837
0.40178493
0.4017881
0.4017878
0.40178442
0.40177906
0.40177307
0.4017682
0.40176633
0.40176922
0.40177885
0.40179762
0.40182862
0.4018756
0.401944
0.40204105
0.4021769
0.40236658
0.4026337
0.40300673
0.40352783
0.40425503
0.40526688
0.40666986
0.40860578
0.41129506
0.4149615
0.4199139
0.4266249
0.43573803
0.44786483
