0.4425619
0.43205315
0.42416915
0.41823155
0.41379678
0.41051936
0.40811452
0.4063416
0.4050393
0.40408885
0.40339395
0.40288708
0.40251836
0.40225148
0.40205976
0.4019237
0.4018288
0.40176445
0.40172264
0.4016972
0.40168345
0.40167803
0.401678
0.40168086
0.40168422
0.4016862
0.40168512
0.40168032
0.40167186
0.40166032
0.40164727
0.40163428
0.40162364
0.40161687
0.40161523
0.40161926
0.40162867
0.4016423
0.40165868
0.4016758
0.4016916
0.40170452
0.4017134
0.40171775
0.40171784
0.40171456
0.40170932
0.40170392
0.4017002
0.4016997
0.40170318
0.40171134
0.4017238
0.40173995
0.4017585
0.4017781
0.4017973
0.40181494
0.40183002
0.40184182
0.40184993
0.4018542
0.40185475
0.4018522
0.40184695
0.40183958
0.40183097
0.40182173
0.40181273
0.40180457
0.40179753
0.40179154
0.4017859
0.40178013
0.4017737
0.4017662
0.4017575
0.4017476
0.4017368
0.40172526
0.4017131
0.4017003
0.40168646
0.40167156
0.40165547
0.40163848
0.40162107
0.4016041
0.4015879
0.40157288
0.40155882
0.40154526
0.40153176
0.40151805
0.40150425
0.40149063
0.40147784
0.4014665
0.40145692
0.4014496
0.40144467
0.40144235
0.40144283
0.40144616
0.40145257
0.40146232
0.4014756
0.4014927
0.40151337
0.4015373
0.4015638
0.40159205
0.40162113
0.40165007
0.40167773
0.40170285
0.4017243
0.40174103
0.4017527
0.4017592
0.4017611
0.40175942
0.40175548
0.4017509
0.40174678
0.40174422
0.40174383
0.40174577
0.40174994
0.4017557
0.40176234
0.401769
0.4017749
0.40177965
0.40178296
0.40178508
0.40178654
0.40178773
0.40178928
0.40179116
0.40179294
0.40179393
0.40179336
0.40179068
0.4017854
0.40177748
0.4017673
0.4017556
0.4017433
0.40173122
0.40172014
0.40171033
0.40170208
0.40169567
0.4016913
0.4016892
0.40168938
0.40169188
0.40169683
0.40170428
0.40171382
0.4017248
0.4017363
0.40174714
0.40175617
0.40176252
0.4017654
0.40176454
0.40175998
0.40175208
0.40174156
0.4017293
0.40171605
0.40170285
0.40169048
0.40167925
0.4016698
0.40166205
0.40165627
0.4016527
0.40165165
0.40165344
0.40165812
0.40166545
0.4016748
0.40168542
0.4016963
0.40170676
0.4017165
0.40172565
0.40173477
0.40174437
0.40175498
0.4017667
0.4017796
0.40179348
0.40180779
0.40182194
0.40183502
0.40184632
0.40185547
0.40186194
0.40186578
0.40186697
0.4018655
0.40186155
0.40185502
0.401846
0.4018343
0.40182012
0.40180337
0.4017842
0.40176296
0.40174055
0.40171793
0.4016966
0.40167817
0.40166405
0.4016552
0.40165222
0.4016552
0.40166363
0.40167668
0.4016927
0.40170997
0.40172648
0.40174064
0.4017512
0.40175745
0.40175948
0.4017575
0.40175256
0.40174538
0.4017371
0.40172842
0.4017198
0.40171152
0.40170345
0.40169543
0.40168726
0.40167928
0.40167186
0.401666
0.40166262
0.40166256
0.40166605
0.40167296
0.40168235
0.40169287
0.40170282
0.4017106
0.40171486
0.40171438
0.40170863
0.40169746
0.40168124
0.40166083
0.40163773
0.40161338
0.40158954
0.40156773
0.40154946
0.40153578
0.40152764
0.40152535
0.401529
0.40153816
0.40155193
0.40156916
0.40158838
0.40160817
0.4016273
0.40164497
0.40166068
0.40167442
0.4016863
0.4016963
0.40170392
0.4017087
0.40171018
0.4017083
0.40170315
0.4016953
0.4016852
0.40167338
0.40166017
0.40164584
0.40163073
0.40161514
0.40159938
0.4015836
0.40156797
0.4015526
0.40153766
0.40152332
0.4015099
0.40149784
0.40148744
0.40147924
0.40147367
0.40147105
0.40147153
0.40147516
0.40148172
0.4014906
0.40150085
0.40151155
0.40152168
0.40153036
0.40153715
0.4015421
0.40154594
0.4015497
0.4015544
0.40156102
0.40157008
0.4015817
0.40159553
0.40161064
0.40162602
0.40164062
0.40165365
0.4016647
0.40167373
0.4016809
0.40168694
0.40169287
0.40169972
0.4017085
0.4017198
0.40173382
0.40175027
0.40176836
0.4017869
0.40180457
0.40182006
0.401832
0.40183938
0.4018414
0.40183762
0.40182817
0.40181327
0.40179354
0.40177006
0.4017444
0.40171835
0.40169373
0.40167224
0.40165508
0.40164298
0.40163615
0.4016343
0.40163642
0.40164143
0.40164787
0.40165403
0.40165868
0.401661
0.40166107
0.4016599
0.4016599
0.40166408
0.40167695
0.40170383
0.4017517
0.40182942
0.40194875
0.40212587
0.40238428
0.40275282
0.40327314
0.40400285
0.40502024
0.40643165
0.40837905
0.41108355
0.41476825
0.41974276
0.4264808
0.43562332
0.44778123
