0.4425875
0.43208957
0.4242182
0.41829598
0.41387895
0.41062152
0.40823635
0.40648183
0.4051959
0.40425837
0.4035724
0.40306965
0.40269944
0.4024248
0.4022186
0.4020617
0.4019407
0.4018466
0.40177402
0.4017192
0.40167987
0.40165445
0.4016415
0.40163988
0.40164813
0.40166453
0.4016869
0.40171316
0.40174094
0.40176794
0.40179247
0.40181303
0.4018288
0.40183926
0.40184435
0.4018441
0.40183923
0.40183017
0.40181768
0.40180254
0.40178576
0.40176854
0.40175238
0.4017385
0.40172774
0.40172037
0.4017159
0.40171325
0.4017113
0.4017088
0.40170524
0.4017001
0.40169367
0.40168616
0.40167758
0.4016681
0.4016576
0.40164596
0.4016334
0.4016202
0.40160647
0.4015924
0.40157804
0.4015635
0.40154874
0.40153402
0.40151954
0.4015053
0.4014911
0.40147677
0.4014623
0.40144777
0.4014337
0.40142047
0.4014087
0.40139896
0.40139133
0.40138596
0.4013828
0.4013819
0.40138334
0.4013872
0.40139365
0.40140304
0.40141547
0.40143117
0.40145028
0.40147287
0.40149897
0.40152836
0.4015606
0.40159476
0.4016295
0.4016633
0.4016944
0.40172118
0.40174237
0.4017571
0.40176487
0.40176585
0.40176043
0.40174952
0.40173405
0.40171522
0.4016944
0.40167296
0.40165222
0.4016331
0.40161622
0.40160212
0.40159103
0.4015833
0.40157908
0.4015782
0.40158015
0.40158483
0.40159145
0.40159905
0.4016067
0.40161312
0.4016173
0.40161854
0.40161672
0.40161195
0.4016051
0.40159717
0.40158913
0.40158197
0.40157658
0.40157345
0.40157297
0.40157542
0.40158087
0.40158904
0.40159947
0.40161148
0.40162453
0.40163806
0.40165162
0.40166533
0.40167925
0.40169355
0.4017079
0.40172178
0.40173432
0.4017449
0.40175316
0.40175924
0.4017635
0.40176636
0.40176818
0.40176922
0.4017693
0.4017685
0.40176705
0.4017651
0.40176317
0.4017617
0.40176108
0.40176123
0.40176186
0.40176257
0.40176293
0.4017629
0.40176252
0.40176204
0.40176153
0.40176094
0.40175986
0.40175766
0.4017539
0.4017483
0.40174097
0.4017325
0.40172398
0.40171656
0.4017117
0.40171036
0.40171325
0.40172023
0.40173072
0.4017431
0.40175554
0.40176636
0.40177372
0.4017766
0.40177453
0.4017674
0.40175554
0.40174
0.40172184
0.40170246
0.40168303
0.40166458
0.40164787
0.40163326
0.40162072
0.4016102
0.4016014
0.40159416
0.40158856
0.40158427
0.40158108
0.40157813
0.4015747
0.40156993
0.40156326
0.40155488
0.40154535
0.40153584
0.40152726
0.40152067
0.40151665
0.4015156
0.4015177
0.40152252
0.40153006
0.40153968
0.4015513
0.40156475
0.40158015
0.40159768
0.40161717
0.4016379
0.40165913
0.4016797
0.4016985
0.40171468
0.40172747
0.40173647
0.40174156
0.40174353
0.4017433
0.40174225
0.40174147
0.40174168
0.40174285
0.40174425
0.4017447
0.40174314
0.40173885
0.40173152
0.40172127
0.40170887
0.40169537
0.40168217
0.40167046
0.40166125
0.40165526
0.4016525
0.40165254
0.4016546
0.40165764
0.40166086
0.40166384
0.40166646
0.40166914
0.40167227
0.40167668
0.40168273
0.40169072
0.40170056
0.4017118
0.4017237
0.40173537
0.40174568
0.40175387
0.4017596
0.40176266
0.4017633
0.40176186
0.40175915
0.4017559
0.40175292
0.40175065
0.40174925
0.4017484
0.40174744
0.40174568
0.40174276
0.40173838
0.40173268
0.40172607
0.40171912
0.4017122
0.40170568
0.40169975
0.40169445
0.40168953
0.4016846
0.4016791
0.4016724
0.40166408
0.40165418
0.4016431
0.4016318
0.40162107
0.40161192
0.40160504
0.40160078
0.40159896
0.4015992
0.40160045
0.40160167
0.4016017
0.4015998
0.40159553
0.40158913
0.40158135
0.4015734
0.40156624
0.40156117
0.4015591
0.40156078
0.4015665
0.40157652
0.40159088
0.40160918
0.401631
0.40165532
0.401681
0.40170693
0.4017315
0.4017533
0.40177104
0.40178382
0.4017913
0.40179363
0.40179148
0.4017857
0.40177733
0.40176752
0.40175745
0.40174854
0.4017422
0.40173978
0.401742
0.40174925
0.4017608
0.4017757
0.40179268
0.40181023
0.40182695
0.40184167
0.40185332
0.4018613
0.40186507
0.40186426
0.40185896
0.40184933
0.4018361
0.40182015
0.40180296
0.4017859
0.40177068
0.40175846
0.40175024
0.40174618
0.40174583
0.40174833
0.40175283
0.40175864
0.40176573
0.40177387
0.40178302
0.4017931
0.40180334
0.40181303
0.40182123
0.4018271
0.4018299
0.40182903
0.40182424
0.40181533
0.40180266
0.40178695
0.40176922
0.40175083
0.4017332
0.4017182
0.4017075
0.40170264
0.4017045
0.40171334
0.40172863
0.40174916
0.4017733
0.40179917
0.40182486
0.40184855
0.40186894
0.40188488
0.4018957
0.40190116
0.4019011
0.40189555
0.40188462
0.40186864
0.4018479
0.4018229
0.40179417
0.40176293
0.40173048
0.4016984
0.40166816
0.40164095
0.4016178
0.40159926
0.4015855
0.40157652
0.40157202
0.4015717
0.40157512
0.4015815
0.40159008
0.4015999
0.40161026
0.40162027
0.401629
0.40163538
0.40163866
0.4016382
0.40163437
0.4016279
0.40162018
0.40161285
0.40160772
0.4016062
0.40160963
0.4016188
0.40163404
0.40165496
0.40168074
0.40170977
0.4017403
0.40177038
0.40179807
0.40182203
0.40184128
0.40185496
0.4018627
0.40186396
0.40185854
0.4018465
0.40182814
0.40180403
0.40177527
0.40174296
0.40170872
0.40167418
0.40164104
0.40161067
0.4015841
0.4015618
0.4015438
0.4015293
0.40151745
0.401507
0.40149668
0.40148553
0.4014729
0.40145898
0.40144455
0.40143052
0.4014181
0.401408
0.4014009
0.40139723
0.40139723
0.4014008
0.40140787
0.40141815
0.40143144
0.40144724
0.40146503
0.4014843
0.40150437
0.401525
0.40154558
0.40156573
0.4015846
0.4016014
0.40161562
0.40162683
0.40163505
0.40164062
0.40164343
0.40164378
0.40164143
0.40163624
0.40162814
0.40161717
0.40160397
0.4015892
0.4015737
0.4015583
0.40154397
0.40153152
0.40152147
0.4015144
0.4015105
0.4015095
0.40151116
0.4015149
0.40151995
0.40152586
0.4015319
0.40153787
0.40154362
0.4015493
0.40155515
0.40156138
0.40156803
0.40157482
0.40158108
0.40158588
0.40158844
0.40158817
0.40158486
0.4015788
0.4015705
0.40156063
0.4015501
0.40153968
0.40152988
0.40152118
0.40151364
0.40150735
0.40150192
0.40149733
0.40149316
0.401489
0.4014846
0.40147975
0.40147436
0.40146837
0.40146154
0.40145418
0.40144652
0.4014388
0.40143156
0.4014252
0.40142012
0.40141657
0.40141484
0.4014149
0.40141687
0.4014203
0.4014249
0.40142992
0.4014349
0.40143922
0.40144268
0.40144533
0.40144753
0.4014498
0.4014525
0.40145615
0.40146127
0.40146855
0.40147826
0.40149048
0.4015056
0.40152344
0.40154418
0.4015681
0.40159553
0.40162626
0.40165988
0.40169537
0.40173143
0.40176645
0.4017989
0.4018275
0.40185127
0.4018695
0.40188172
0.40188786
0.40188804
0.4018826
0.40187204
0.40185684
0.40183747
0.4018147
0.40178916
0.40176156
0.401733
0.40170458
0.40167755
0.40165323
0.4016328
0.40161687
0.40160564
0.4015988
0.4015957
0.40159535
0.40159678
0.4015994
0.4016031
0.40160817
0.40161508
0.40162444
0.40163615
0.40164992
0.40166482
0.40167952
0.40169233
0.40170172
0.40170634
0.40170547
0.40169874
0.40168598
0.40166765
0.40164477
0.4016186
0.40159088
0.40156338
0.4015378
0.40151545
0.40149742
0.40148443
0.40147683
0.4014746
0.40147763
0.4014853
0.4014971
0.40151206
0.4015296
0.40154916
0.40157035
0.40159264
0.4016152
0.40163672
0.40165582
0.40167126
0.401682
0.40168738
0.40168735
0.40168253
0.40167397
0.40166306
0.40165144
0.40164047
0.40163147
0.4016253
0.40162268
0.40162385
0.40162867
0.40163648
0.4016463
0.40165666
0.40166652
0.40167508
0.4016818
0.40168676
0.40168992
0.40169176
0.40169233
0.4016918
0.40169
0.40168697
0.40168288
0.40167797
0.40167275
0.40166765
0.40166327
0.40165973
0.40165696
0.40165448
0.40165162
0.4016477
0.40164232
0.40163535
0.4016274
0.40161902
0.40161088
0.4016037
0.40159762
0.40159252
0.40158826
0.40158424
0.40158033
0.4015765
0.4015729
0.40157008
0.40156832
0.401568
0.40156916
0.40157187
0.40157625
0.401582
0.40158895
0.40159664
0.40160432
0.4016113
0.40161654
0.40161988
0.40162086
0.40162003
0.40161788
0.40161481
0.40161148
0.40160832
0.40160578
0.4016045
0.40160528
0.40160844
0.4016142
0.4016225
0.40163326
0.40164602
0.40166026
0.4016752
0.4016897
0.40170276
0.4017131
0.40171984
0.40172237
0.40172032
0.40171376
0.40170315
0.40168947
0.40167364
0.4016569
0.40164
0.4016237
0.40160835
0.40159434
0.40158197
0.4015715
0.4015634
0.4015577
0.4015545
0.4015538
0.4015554
0.40155926
0.40156528
0.40157357
0.40158445
0.40159783
0.40161356
0.4016312
0.4016505
0.40167078
0.4016919
0.40171376
0.40173614
0.40175873
0.40178075
0.4018011
0.40181872
0.4018325
0.40184182
0.40184623
0.40184537
0.4018391
0.40182748
0.40181077
0.40178952
0.4017647
0.40173727
0.40170863
0.40167993
0.4016523
0.40162662
0.40160382
0.40158442
0.40156877
0.4015567
0.40154782
0.40154186
0.40153834
0.401537
0.40153807
0.40154147
0.40154725
0.4015554
0.4015659
0.4015788
0.4015939
0.40161085
0.40162903
0.40164772
0.40166593
0.4016823
0.40169534
0.40170375
0.40170673
0.40170377
0.401695
0.4016813
0.40166375
0.40164366
0.40162268
0.4016021
0.40158302
0.40156624
0.40155202
0.40154058
0.40153173
0.40152526
0.40152073
0.40151814
0.40151748
0.40151933
0.40152407
0.40153208
0.4015437
0.4015589
0.40157735
0.40159845
0.40162113
0.40164405
0.40166542
0.4016839
0.40169817
0.4017078
0.40171257
0.4017132
0.4017106
0.401706
0.4017007
0.40169594
0.4016926
0.40169096
0.40169087
0.4016918
0.4016931
0.40169427
0.40169504
0.40169564
0.4016962
0.40169686
0.40169746
0.40169784
0.40169805
0.40169844
0.40169954
0.4017022
0.40170726
0.40171513
0.40172565
0.40173793
0.40175048
0.4017615
0.40176922
0.4017722
0.40176958
0.40176094
0.4017468
0.4017281
0.4017063
0.4016834
0.40166137
0.4016419
0.40162668
0.40161684
0.40161327
0.40161636
0.40162587
0.40164104
0.4016606
0.4016828
0.4017057
0.4017276
0.40174714
0.40176353
0.40177664
0.4017867
0.40179437
0.40180013
0.40180448
0.40180737
0.4018085
0.40180746
0.40180412
0.40179864
0.40179142
0.40178287
0.4017736
0.40176404
0.40175438
0.40174472
0.40173483
0.4017246
0.4017141
0.40170392
0.4016949
0.4016877
0.40168342
0.40168217
0.40168363
0.40168712
0.40169132
0.4016952
0.40169784
0.4016987
0.40169773
0.4016952
0.401692
0.401689
0.40168715
0.40168688
0.4016881
0.4016902
0.40169233
0.40169352
0.4016933
0.4016913
0.40168765
0.40168267
0.40167686
0.40167072
0.40166464
0.40165907
0.40165436
0.40165043
0.401647
0.4016437
0.40164012
0.40163592
0.40163094
0.40162516
0.40161893
0.40161225
0.40160558
0.401599
0.40159267
0.40158665
0.4015811
0.4015761
0.40157172
0.40156785
0.40156424
0.40156096
0.40155822
0.4015567
0.40155676
0.4015589
0.40156344
0.40157008
0.4015784
0.40158728
0.40159556
0.401602
0.4016057
0.40160623
0.401604
0.40159988
0.4015948
0.4015898
0.4015855
0.40158245
0.40158075
0.40158054
0.40158162
0.4015838
0.40158656
0.40158945
0.4015922
0.40159434
0.40159544
0.40159544
0.4015943
0.40159202
0.40158895
0.4015852
0.40158102
0.401577
0.4015737
0.4015715
0.40157086
0.40157154
0.4015734
0.40157568
0.40157768
0.4015789
0.4015788
0.40157726
0.4015743
0.40157
0.40156466
0.40155864
0.40155253
0.40154678
0.40154186
0.4015384
0.40153673
0.40153715
0.40153953
0.40154362
0.40154907
0.40155488
0.40156
0.40156308
0.40156284
0.4015585
0.4015497
0.40153694
0.4015209
0.4015028
0.40148368
0.40146443
0.40144616
0.40142953
0.40141526
0.4014038
0.4013953
0.40138996
0.40138766
0.4013884
0.40139186
0.40139812
0.4014072
0.40141922
0.40143418
0.40145206
0.40147257
0.40149543
0.40152013
0.40154594
0.40157187
0.4015967
0.4016189
0.40163738
0.4016512
0.40165997
0.4016638
0.40166333
0.40165946
0.40165335
0.40164617
0.40163898
0.40163252
0.40162712
0.4016228
0.40161934
0.4016161
0.40161258
0.40160805
0.40160227
0.40159535
0.4015876
0.40157974
0.4015725
0.4015666
0.40156248
0.4015608
0.40156204
0.40156642
0.40157425
0.4015856
0.4016004
0.40161797
0.40163735
0.40165716
0.40167576
0.40169206
0.40170538
0.4017158
0.40172383
0.40173057
0.40173712
0.40174443
0.40175283
0.40176213
0.40177166
0.40178025
0.40178663
0.40178987
0.40178883
0.40178296
0.40177193
0.40175593
0.40173554
0.4017118
0.40168616
0.40166017
0.4016355
0.40161353
0.40159538
0.401582
0.4015736
0.4015703
0.40157172
0.40157735
0.40158653
0.40159872
0.40161303
0.40162814
0.40164298
0.40165597
0.40166578
0.40167126
0.40167165
0.40166664
0.40165666
0.40164244
0.40162516
0.4016064
0.4015879
0.40157124
0.40155762
0.4015478
0.40154183
0.40153968
0.40154094
0.4015448
0.40155038
0.40155646
0.4015619
0.40156546
0.40156627
0.40156403
0.40155908
0.401552
0.40154395
0.40153605
0.40152904
0.4015239
0.40152088
0.40152028
0.40152237
0.40152705
0.4015346
0.401545
0.40155867
0.40157548
0.40159523
0.40161717
0.40164012
0.40166262
0.40168327
0.40170044
0.4017128
0.40171924
0.4017192
0.40171278
0.4017004
0.40168303
0.40166196
0.4016384
0.40161362
0.40158877
0.40156472
0.4015422
0.40152168
0.40150326
0.4014875
0.40147436
0.401464
0.4014564
0.4014515
0.4014494
0.40145034
0.40145448
0.40146187
0.40147275
0.40148672
0.40150318
0.40152094
0.40153876
0.40155512
0.40156874
0.40157855
0.40158427
0.4015859
0.40158433
0.4015806
0.40157598
0.4015715
0.40156803
0.4015659
0.40156528
0.40156603
0.401568
0.40157053
0.40157282
0.40157402
0.40157333
0.40157038
0.4015655
0.4015592
0.4015526
0.40154678
0.40154275
0.40154105
0.40154216
0.40154612
0.40155295
0.40156236
0.40157408
0.40158752
0.401602
0.401617
0.40163162
0.4016453
0.40165716
0.4016662
0.401672
0.40167433
0.4016731
0.40166914
0.40166304
0.40165585
0.4016485
0.40164167
0.40163618
0.40163255
0.401631
0.40163153
0.40163392
0.40163785
0.40164262
0.40164763
0.40165192
0.4016547
0.40165505
0.401652
0.40164527
0.40163472
0.40162095
0.401605
0.40158817
0.40157208
0.4015584
0.4015483
0.40154296
0.40154287
0.40154833
0.40155908
0.40157437
0.4015931
0.4016137
0.40163437
0.40165326
0.40166867
0.40167916
0.40168396
0.40168285
0.40167624
0.40166497
0.40165034
0.40163392
0.4016174
0.40160218
0.4015893
0.40157968
0.40157357
0.40157112
0.4015718
0.40157512
0.4015799
0.40158528
0.4015905
0.4015954
0.40160033
0.4016057
0.40161243
0.4016211
0.40163234
0.40164623
0.40166247
0.40168035
0.40169907
0.4017176
0.40173483
0.40174934
0.40175977
0.40176496
0.4017641
0.4017569
0.40174362
0.40172493
0.40170226
0.40167713
0.40165132
0.40162626
0.4016032
0.40158316
0.40156668
0.4015543
0.40154594
0.40154165
0.40154132
0.4015445
0.40155068
0.4015589
0.40156832
0.40157777
0.40158588
0.40159178
0.40159488
0.40159494
0.40159234
0.4015878
0.40158197
0.40157562
0.40156943
0.40156403
0.40155983
0.4015573
0.4015567
0.40155825
0.40156198
0.4015677
0.40157485
0.40158263
0.40158993
0.40159565
0.4015991
0.40159988
0.401598
0.40159407
0.40158856
0.401582
0.40157506
0.40156797
0.40156123
0.40155518
0.40155038
0.40154704
0.40154544
0.40154567
0.40154797
0.4015526
0.40155974
0.40156966
0.4015824
0.40159798
0.401616
0.40163586
0.4016566
0.40167725
0.40169677
0.40171427
0.40172908
0.4017404
0.40174776
0.4017507
0.4017491
0.40174308
0.4017332
0.40172008
0.4017046
0.4016878
0.40167034
0.401653
0.40163642
0.40162098
0.40160674
0.40159366
0.40158185
0.40157145
0.401563
0.40155694
0.40155405
0.40155444
0.40155834
0.40156576
0.40157628
0.40158927
0.40160397
0.40161976
0.40163606
0.40165287
0.40167037
0.4016889
0.40170884
0.40173015
0.4017523
0.40177432
0.40179518
0.40181348
0.40182814
0.40183806
0.40184256
0.40184122
0.40183395
0.40182072
0.40180197
0.40177837
0.4017509
0.40172085
0.40168983
0.40165946
0.4016313
0.4016066
0.40158623
0.4015704
0.40155926
0.40155217
0.4015487
0.4015483
0.40155053
0.40155524
0.40156206
0.4015711
0.40158212
0.40159538
0.40161133
0.40163052
0.40165332
0.4016794
0.40170822
0.40173858
0.40176904
0.4017982
0.4018246
0.4018472
0.4018653
0.4018785
0.40188652
0.40188923
0.40188655
0.40187842
0.40186468
0.40184543
0.4018209
0.40179175
0.40175876
0.4017233
0.40168688
0.40165114
0.40161765
0.4015877
0.40156224
0.4015418
0.40152654
0.40151635
0.40151075
0.40150893
0.4015103
0.40151393
0.4015194
0.4015261
0.4015337
0.4015417
0.40154934
0.4015559
0.40156052
0.40156302
0.4015633
0.40156198
0.4015599
0.40155762
0.40155566
0.40155435
0.4015538
0.40155396
0.4015547
0.4015559
0.40155718
0.40155804
0.4015581
0.40155703
0.4015546
0.4015512
0.40154722
0.40154314
0.40153968
0.4015371
0.40153587
0.4015361
0.40153763
0.40153998
0.40154243
0.4015441
0.40154442
0.4015433
0.40154117
0.40153876
0.4015371
0.40153682
0.4015385
0.40154216
0.40154764
0.40155435
0.40156153
0.40156823
0.4015733
0.40157592
0.4015754
0.40157172
0.40156534
0.40155694
0.40154755
0.4015379
0.40152887
0.40152064
0.40151343
0.40150696
0.401501
0.40149534
0.40149006
0.4014853
0.40148136
0.40147874
0.4014781
0.40147993
0.40148446
0.40149185
0.4015016
0.40151304
0.40152505
0.40153643
0.40154615
0.40155357
0.40155843
0.40156108
0.40156198
0.40156192
0.40156135
0.40156078
0.40156034
0.40156034
0.4015608
0.4015619
0.40156358
0.40156576
0.40156808
0.40157
0.40157092
0.4015705
0.40156862
0.40156555
0.4015618
0.4015579
0.40155414
0.40155104
0.4015492
0.40154937
0.40155208
0.40155777
0.4015665
0.4015781
0.40159208
0.4016079
0.4016247
0.40164214
0.4016596
0.40167668
0.4016925
0.40170613
0.40171647
0.40172297
0.4017251
0.4017232
0.40171775
0.40170965
0.4016997
0.40168843
0.40167636
0.40166327
0.40164912
0.40163368
0.40161678
0.40159816
0.4015777
0.40155545
0.40153185
0.40150762
0.40148383
0.40146145
0.40144148
0.40142465
0.40141135
0.40140188
0.40139604
0.4013936
0.40139422
0.4013974
0.4014029
0.40141016
0.40141892
0.401429
0.40144005
0.40145198
0.4014647
0.40147784
0.40149117
0.40150437
0.4015174
0.40153012
0.40154296
0.40155587
0.4015689
0.4015817
0.401594
0.40160534
0.40161526
0.4016232
0.40162918
0.40163326
0.40163615
0.40163848
0.40164104
0.4016443
0.4016486
0.40165424
0.40166152
0.4016704
0.4016805
0.4016912
0.40170172
0.4017112
0.40171877
0.40172416
0.40172714
0.40172812
0.4017276
0.4017264
0.40172526
0.4017252
0.4017268
0.4017308
0.40173736
0.4017466
0.40175855
0.40177298
0.4017892
0.40180618
0.4018228
0.40183792
0.4018502
0.4018588
0.40186286
0.40186188
0.4018559
0.40184548
0.40183148
0.40181512
0.4017977
0.40178066
0.40176523
0.40175208
0.40174124
0.40173224
0.40172422
0.40171662
0.401709
0.4017015
0.40169472
0.40168938
0.40168616
0.4016855
0.4016879
0.40169325
0.40170154
0.4017121
0.401724
0.4017362
0.4017476
0.40175712
0.4017638
0.4017671
0.40176666
0.4017624
0.4017545
0.40174335
0.40172938
0.4017135
0.40169638
0.40167904
0.40166247
0.401648
0.40163684
0.4016302
0.4016289
0.4016333
0.4016435
0.40165895
0.40167883
0.4017019
0.40172663
0.40175128
0.4017743
0.4017943
0.4018103
0.40182123
0.40182656
0.40182585
0.40181932
0.4018072
0.40179032
0.40176997
0.4017478
0.40172553
0.40170497
0.40168762
0.4016748
0.40166727
0.4016654
0.40166888
0.401677
0.4016887
0.40170255
0.40171725
0.40173173
0.40174517
0.4017571
0.40176702
0.40177426
0.40177807
0.40177792
0.4017732
0.4017641
0.401751
0.40173465
0.40171614
0.40169686
0.40167764
0.4016594
0.4016427
0.4016279
0.40161526
0.4016049
0.401597
0.40159145
0.40158817
0.40158674
0.4015866
0.40158704
0.40158758
0.40158796
0.40158805
0.40158835
0.40158945
0.40159193
0.40159634
0.4016028
0.4016113
0.40162158
0.40163332
0.40164566
0.40165755
0.40166774
0.40167534
0.40167984
0.40168136
0.40168053
0.40167832
0.4016759
0.40167406
0.40167338
0.40167433
0.40167713
0.40168175
0.4016877
0.40169436
0.40170085
0.40170628
0.40170965
0.4017101
0.40170723
0.40170076
0.40169087
0.40167823
0.40166384
0.40164888
0.4016343
0.40162075
0.4016086
0.40159824
0.4015897
0.401583
0.40157795
0.4015745
0.4015725
0.40157187
0.40157238
0.4015742
0.4015773
0.4015823
0.40158954
0.40159962
0.40161312
0.401631
0.40165448
0.4016856
0.40172663
0.40178066
0.40185165
0.40194458
0.4020665
0.40222722
0.4024421
0.40273204
0.4031256
0.4036637
0.40440333
0.40542224
0.4068265
0.40875822
0.4114377
0.41509092
0.42002717
0.42671877
0.43581176
0.44791815
