0.44270337
0.4322392
0.42439482
0.4184929
0.41408932
0.41083965
0.40845644
0.4067004
0.40541136
0.4044704
0.40378165
0.40327778
0.4029086
0.40263686
0.4024353
0.4022838
0.40216818
0.402078
0.40200618
0.4019475
0.4018988
0.40185806
0.4018239
0.40179533
0.40177122
0.40175053
0.40173236
0.40171596
0.4017008
0.40168685
0.40167442
0.40166405
0.4016562
0.40165114
0.40164888
0.40164906
0.40165076
0.4016529
0.40165442
0.40165415
0.40165162
0.4016462
0.40163812
0.40162772
0.40161562
0.40160263
0.40158936
0.40157616
0.401563
0.4015495
0.40153554
0.401521
0.40150616
0.40149152
0.40147752
0.4014647
0.40145326
0.40144327
0.40143484
0.40142795
0.4014227
0.4014192
0.40141776
0.40141866
0.40142208
0.40142807
0.4014365
0.40144712
0.40145966
0.40147373
0.40148887
0.40150464
0.40152058
0.40153614
0.40155083
0.4015638
0.4015743
0.4015816
0.40158528
0.4015857
0.40158352
0.40157977
0.40157557
0.401572
0.40156984
0.40156978
0.4015719
0.40157595
0.4015815
0.40158793
0.40159476
0.40160137
0.40160745
0.4016128
0.40161714
0.40162018
0.40162134
0.40162012
0.40161645
0.4016104
0.40160257
0.4015939
0.4015852
0.40157744
0.40157133
0.40156734
0.4015659
0.40156728
0.40157112
0.40157726
0.40158513
0.40159407
0.4016032
0.40161157
0.4016179
0.40162158
0.40162235
0.40162048
0.4016165
0.4016116
0.4016066
0.40160242
0.40159947
0.40159792
0.40159732
0.4015969
0.40159595
0.40159413
0.40159118
0.40158728
0.40158278
0.40157804
0.40157348
0.40156993
0.40156785
0.4015677
0.4015695
0.40157306
0.40157798
0.4015835
0.40158862
0.4015927
0.40159526
0.40159658
0.40159708
0.40159786
0.40159962
0.40160304
0.4016086
0.4016164
0.40162626
0.40163773
0.40164995
0.4016621
0.40167338
0.401683
0.40169066
0.40169615
0.40169966
0.4017014
0.40170148
0.4016997
0.401696
0.40168995
0.4016812
0.4016699
0.40165615
0.40164044
0.4016238
0.40160716
0.40159154
0.40157753
0.40156546
0.40155512
0.40154612
0.40153775
0.40152913
0.4015198
0.40150964
0.40149894
0.4014883
0.4014783
0.4014695
0.40146247
0.40145764
0.401455
0.4014546
0.4014561
0.40145895
0.4014625
0.40146607
0.4014691
0.40147126
0.4014726
0.40147358
0.40147486
0.40147728
0.40148145
0.40148818
0.40149802
0.4015111
0.40152737
0.40154675
0.40156838
0.40159157
0.40161508
0.4016376
0.40165773
0.40167397
0.40168568
0.40169245
0.40169442
0.40169218
0.40168664
0.40167904
0.4016704
0.4016617
0.40165353
0.4016462
0.4016399
0.4016349
0.40163133
0.4016295
0.4016292
0.4016301
0.40163156
0.40163308
0.40163428
0.40163523
0.40163592
0.4016364
0.40163657
0.40163645
0.40163586
0.401635
0.4016343
0.40163437
0.40163592
0.40163943
0.40164512
0.40165257
0.401661
0.40166935
0.4016768
0.40168256
0.40168652
0.40168884
0.40169019
0.4016912
0.40169224
0.4016933
0.40169418
0.40169424
0.4016926
0.40168864
0.40168214
0.4016731
0.40166193
0.40164936
0.40163618
0.40162334
0.40161192
0.40160248
0.40159553
0.40159118
0.4015892
0.40158913
0.40158987
0.4015904
0.40158972
0.40158698
0.40158176
0.40157384
0.40156335
0.40155038
0.4015354
0.40151927
0.40150288
0.4014871
0.4014728
0.4014604
0.40145016
0.40144202
0.40143597
0.4014319
0.40143013
0.40143073
0.40143389
0.40143958
0.40144753
0.4014576
0.40146923
0.40148208
0.40149587
0.40151042
0.40152553
0.40154096
0.40155676
0.40157288
0.40158936
0.4016061
0.40162286
0.40163952
0.40165567
0.40167066
0.40168348
0.4016935
0.40170008
0.40170315
0.401703
0.4017
0.40169486
0.40168813
0.40168047
0.40167215
0.40166378
0.401656
0.40164953
0.40164503
0.40164277
0.40164304
0.40164587
0.40165102
0.40165827
0.40166724
0.40167737
0.40168798
0.40169844
0.40170795
0.40171608
0.40172267
0.40172777
0.40173182
0.4017357
0.4017401
0.4017456
0.4017524
0.4017604
0.40176877
0.40177625
0.4017815
0.4017831
0.40178007
0.4017719
0.40175864
0.40174094
0.4017198
0.40169668
0.40167323
0.40165114
0.4016318
0.40161625
0.4016049
0.40159786
0.40159476
0.40159503
0.4015979
0.40160263
0.40160888
0.4016164
0.4016249
0.40163386
0.4016424
0.4016495
0.40165418
0.4016559
0.40165466
0.40165067
0.40164435
0.401636
0.40162578
0.40161416
0.40160152
0.40158892
0.4015775
0.40156838
0.40156248
0.40156
0.40156123
0.40156546
0.40157208
0.40158018
0.40158865
0.40159652
0.4016032
0.40160877
0.40161362
0.40161824
0.40162337
0.40162933
0.40163642
0.4016443
0.40165257
0.4016604
0.4016668
0.401671
0.40167248
0.40167126
0.40166798
0.40166366
0.4016597
0.40165734
0.4016576
0.40166098
0.40166748
0.40167654
0.40168712
0.401698
0.4017076
0.40171465
0.40171802
0.40171683
0.40171075
0.40169984
0.4016847
0.4016662
0.40164557
0.40162382
0.40160203
0.40158108
0.4015618
0.40154478
0.40153056
0.40151945
0.40151176
0.4015076
0.40150687
0.40150928
0.40151423
0.4015209
0.40152815
0.40153491
0.40154022
0.40154368
0.40154514
0.40154508
0.4015438
0.40154174
0.4015395
0.4015373
0.4015354
0.40153372
0.40153235
0.40153116
0.40153006
0.40152892
0.40152773
0.4015267
0.40152636
0.40152752
0.40153083
0.40153652
0.40154463
0.40155455
0.4015655
0.40157652
0.40158662
0.40159506
0.40160164
0.40160638
0.40160984
0.40161246
0.40161464
0.40161654
0.40161803
0.40161887
0.40161884
0.40161777
0.40161586
0.40161374
0.40161225
0.4016123
0.40161473
0.40162003
0.40162843
0.40163973
0.40165332
0.40166804
0.40168285
0.40169653
0.40170765
0.4017155
0.40171936
0.4017192
0.4017152
0.40170777
0.40169773
0.40168548
0.40167165
0.40165645
0.40164015
0.4016229
0.40160516
0.4015876
0.40157095
0.401556
0.4015433
0.4015333
0.40152618
0.4015221
0.4015209
0.40152273
0.40152758
0.40153545
0.40154624
0.40156013
0.401577
0.40159726
0.40162107
0.40164864
0.4016796
0.4017131
0.40174803
0.40178284
0.40181607
0.4018466
0.40187332
0.40189537
0.40191215
0.401923
0.40192762
0.40192583
0.40191773
0.40190378
0.40188473
0.40186137
0.40183493
0.4018069
0.40177882
0.40175265
0.40173072
0.40171576
0.401711
0.40172026
0.40174788
0.4017997
0.40188372
0.40201074
0.40219638
0.40246347
0.40284017
0.40336767
0.4041029
0.40512362
0.40653583
0.40848136
0.41118133
0.414859
0.41982397
0.4265497
0.43567824
0.4478213
