0.4426437
0.4321578
0.42429042
0.4183634
0.41393286
0.41065404
0.4082425
0.40645963
0.40514654
0.40418684
0.4034863
0.40297872
0.40261492
0.40235797
0.40218005
0.4020599
0.40198132
0.40193188
0.40190196
0.40188414
0.40187284
0.401864
0.40185484
0.4018432
0.40182793
0.40180856
0.40178525
0.40175846
0.4017291
0.40169832
0.40166733
0.40163746
0.4016098
0.40158513
0.40156385
0.4015461
0.4015319
0.40152162
0.40151536
0.4015133
0.4015152
0.4015208
0.40152946
0.40154037
0.40155274
0.40156573
0.40157828
0.40158954
0.4015985
0.40160453
0.40160757
0.40160772
0.40160596
0.4016033
0.40160078
0.4015991
0.4015987
0.40159938
0.4016008
0.4016022
0.40160257
0.401601
0.40159672
0.40158957
0.40157986
0.4015683
0.40155575
0.40154323
0.40153152
0.40152118
0.40151256
0.40150568
0.40150037
0.40149656
0.4014943
0.40149376
0.40149516
0.40149862
0.40150416
0.4015116
0.40152064
0.40153065
0.40154088
0.4015507
0.4015594
0.40156665
0.40157282
0.401578
0.4015829
0.40158826
0.40159503
0.4016042
0.40161687
0.40163407
0.40165657
0.40168527
0.40172094
0.4017648
0.4018184
0.4018844
0.40196726
0.40207416
0.40221584
0.40240815
0.40267524
0.4030468
0.4035653
0.40428898
0.40529615
0.40669325
0.40862235
0.41130415
0.41496402
0.41991127
0.42661855
0.43573073
0.44785866
