0.4425441
0.43203035
0.42414224
0.41820124
0.4137631
0.41048178
0.40807214
0.40629312
0.40498376
0.40402636
0.40332508
0.4028128
0.40243965
0.40216863
0.40197214
0.4018297
0.4017259
0.40164965
0.40159276
0.4015498
0.4015167
0.40149102
0.40147126
0.4014565
0.40144625
0.40144035
0.40143865
0.40144095
0.40144697
0.40145615
0.4014678
0.401481
0.40149486
0.4015087
0.4015222
0.40153533
0.4015483
0.40156123
0.4015737
0.40158525
0.40159506
0.40160254
0.4016073
0.40160945
0.40160936
0.40160757
0.4016049
0.4016019
0.40159896
0.40159622
0.40159357
0.4015909
0.40158826
0.4015858
0.40158376
0.40158245
0.40158206
0.4015826
0.401584
0.40158606
0.40158856
0.40159145
0.40159476
0.40159875
0.40160364
0.40160942
0.40161598
0.40162274
0.40162915
0.40163434
0.40163743
0.4016376
0.4016347
0.40162858
0.40161982
0.40160933
0.40159824
0.40158784
0.40157923
0.40157342
0.401571
0.40157264
0.40157843
0.4015883
0.40160185
0.4016184
0.40163687
0.40165576
0.40167356
0.4016886
0.40169984
0.4017063
0.40170777
0.40170404
0.40169546
0.40168282
0.40166703
0.40164924
0.40163076
0.4016128
0.4015962
0.40158144
0.40156862
0.40155736
0.40154722
0.40153745
0.40152758
0.40151706
0.4015059
0.40149418
0.4014823
0.40147096
0.40146068
0.40145195
0.40144488
0.40143943
0.4014354
0.4014328
0.4014318
0.40143263
0.40143555
0.40144068
0.40144804
0.4014575
0.40146863
0.40148103
0.4014941
0.4015069
0.40151864
0.40152848
0.40153566
0.40154004
0.40154183
0.40154207
0.40154195
0.40154293
0.4015459
0.40155157
0.40155974
0.40156993
0.40158108
0.4015919
0.40160134
0.4016087
0.40161353
0.40161604
0.40161657
0.4016156
0.40161327
0.40160963
0.4016045
0.401598
0.40159032
0.4015817
0.4015728
0.40156397
0.4015561
0.40154958
0.40154514
0.4015431
0.40154365
0.4015466
0.40155146
0.40155762
0.40156406
0.40157
0.4015747
0.40157798
0.40157965
0.40157965
0.4015784
0.4015766
0.40157524
0.40157524
0.40157732
0.4015817
0.40158802
0.4015955
0.40160298
0.4016091
0.40161285
0.40161353
0.40161133
0.40160668
0.40160048
0.4015935
0.4015865
0.40157986
0.4015735
0.40156728
0.4015606
0.40155354
0.40154564
0.40153712
0.40152818
0.40151903
0.4015098
0.40150055
0.40149134
0.4014823
0.40147382
0.40146625
0.4014597
0.4014543
0.40145013
0.40144718
0.40144557
0.40144557
0.40144712
0.4014504
0.4014554
0.40146208
0.4014706
0.4014809
0.40149328
0.40150774
0.40152413
0.40154192
0.40156034
0.40157837
0.40159458
0.40160766
0.40161642
0.40162054
0.4016199
0.4016152
0.40160722
0.40159696
0.4015852
0.40157276
0.40156022
0.40154794
0.40153608
0.40152472
0.40151408
0.40150434
0.40149572
0.40148833
0.4014822
0.40147743
0.40147358
0.4014706
0.4014685
0.401467
0.40146634
0.40146625
0.40146643
0.40146673
0.401467
0.40146717
0.40146723
0.4014675
0.40146843
0.40147048
0.40147412
0.40147954
0.40148684
0.40149605
0.4015069
0.40151903
0.40153193
0.401545
0.4015574
0.40156823
0.40157655
0.40158138
0.40158212
0.4015788
0.4015716
0.40156144
0.40154943
0.40153664
0.4015242
0.4015129
0.40150347
0.40149614
0.4014912
0.40148836
0.40148735
0.4014875
0.40148836
0.4014896
0.40149093
0.40149212
0.401493
0.4014937
0.4014941
0.4014941
0.40149358
0.40149245
0.4014907
0.4014885
0.40148646
0.40148538
0.4014857
0.40148813
0.40149283
0.4014999
0.40150946
0.40152124
0.40153483
0.4015495
0.40156433
0.40157813
0.40159014
0.40159968
0.40160647
0.40161023
0.40161103
0.40160918
0.4016051
0.4015993
0.4015923
0.40158513
0.40157855
0.4015732
0.4015696
0.4015679
0.4015682
0.4015704
0.4015747
0.40158087
0.4015886
0.40159723
0.4016062
0.40161514
0.4016237
0.40163165
0.40163884
0.40164497
0.40164965
0.40165222
0.40165225
0.40164933
0.40164343
0.4016348
0.40162396
0.40161136
0.40159774
0.40158412
0.40157124
0.40156
0.4015513
0.40154564
0.4015433
0.40154412
0.4015477
0.4015534
0.4015602
0.4015672
0.4015735
0.40157855
0.4015823
0.40158468
0.40158588
0.40158606
0.4015852
0.40158325
0.40158024
0.40157616
0.40157136
0.40156594
0.40156028
0.4015546
0.4015493
0.4015449
0.4015421
0.4015412
0.4015429
0.40154737
0.40155447
0.40156394
0.4015753
0.40158758
0.40159962
0.40161043
0.4016194
0.4016264
0.40163177
0.40163612
0.4016401
0.401644
0.40164778
0.401651
0.401653
0.401653
0.40165058
0.40164587
0.4016389
0.4016301
0.40161988
0.40160832
0.40159553
0.40158135
0.40156576
0.40154886
0.40153107
0.40151322
0.40149608
0.40148053
0.40146726
0.40145683
0.40144968
0.401446
0.40144593
0.40144902
0.40145496
0.4014629
0.4014721
0.40148145
0.40149006
0.40149674
0.40150067
0.4015012
0.40149847
0.40149298
0.4014858
0.401478
0.4014707
0.4014649
0.40146127
0.40146002
0.40146104
0.40146402
0.40146813
0.40147272
0.40147692
0.40148008
0.4014816
0.4014812
0.40147907
0.4014757
0.40147194
0.40146855
0.40146598
0.40146443
0.40146387
0.40146402
0.40146458
0.4014653
0.401466
0.40146667
0.40146723
0.40146795
0.40146905
0.40147075
0.40147343
0.401477
0.4014815
0.4014868
0.4014929
0.40149993
0.40150815
0.40151805
0.40152994
0.40154412
0.40156052
0.40157878
0.4015981
0.40161747
0.4016356
0.4016509
0.40166202
0.40166792
0.40166783
0.40166152
0.40164933
0.4016321
0.40161115
0.4015883
0.40156513
0.40154353
0.40152466
0.4015097
0.4014994
0.40149415
0.4014942
0.4014993
0.4015093
0.40152407
0.40154335
0.40156686
0.40159428
0.40162498
0.40165806
0.4016923
0.40172616
0.4017581
0.40178677
0.40181088
0.40182933
0.40184134
0.40184635
0.40184394
0.40183404
0.40181682
0.40179276
0.4017628
0.4017282
0.40169063
0.4016519
0.4016138
0.40157828
0.40154678
0.4015205
0.4015003
0.40148672
0.40148
0.40147975
0.40148577
0.40149716
0.40151295
0.40153193
0.40155268
0.40157342
0.40159252
0.4016085
0.4016203
0.40162742
0.4016301
0.40162903
0.40162534
0.40162003
0.4016143
0.4016093
0.40160593
0.40160534
0.4016085
0.40161687
0.40163234
0.401658
0.40169832
0.4017594
0.40184984
0.40198126
0.40217063
0.40244085
0.40282145
0.40335426
0.40409642
0.4051252
0.40654567
0.40849864
0.41120458
0.41488573
0.4198519
0.4265766
0.43570137
0.44783872
