0.44251907
0.43199876
0.42410636
0.4181639
0.41372773
0.4104525
0.4080531
0.40628794
0.40499514
0.40405482
0.40336972
0.4028711
0.4025084
0.40224454
0.4020527
0.40191376
0.40181392
0.40174314
0.40169436
0.4016622
0.40164253
0.40163195
0.4016277
0.40162712
0.40162832
0.40163007
0.40163186
0.4016339
0.40163702
0.40164214
0.40165
0.4016611
0.40167505
0.40169108
0.40170777
0.40172333
0.40173608
0.40174448
0.40174764
0.40174523
0.4017374
0.40172505
0.40170935
0.40169173
0.4016737
0.4016567
0.40164134
0.40162802
0.40161633
0.40160543
0.4015941
0.40158144
0.40156692
0.4015505
0.4015327
0.40151435
0.40149626
0.40147904
0.40146324
0.40144908
0.40143675
0.40142637
0.401418
0.4014115
0.40140706
0.4014047
0.40140432
0.40140578
0.40140882
0.40141335
0.40141925
0.40142646
0.40143505
0.401445
0.40145615
0.4014685
0.4014816
0.4014954
0.40150958
0.4015239
0.4015379
0.4015509
0.40156224
0.40157118
0.40157747
0.40158135
0.40158364
0.40158546
0.4015877
0.40159115
0.40159616
0.40160277
0.40161076
0.40161988
0.40163
0.4016415
0.4016546
0.40166968
0.4016865
0.40170425
0.401722
0.40173852
0.40175274
0.40176365
0.40177083
0.40177387
0.40177286
0.4017684
0.4017612
0.4017526
0.40174398
0.40173665
0.40173185
0.40172997
0.40173107
0.40173438
0.40173885
0.4017429
0.40174502
0.4017442
0.40173978
0.40173185
0.40172082
0.4017076
0.4016935
0.4016797
0.40166724
0.4016568
0.40164873
0.40164307
0.40163958
0.40163806
0.40163815
0.4016396
0.4016419
0.4016444
0.40164635
0.40164733
0.4016471
0.40164575
0.40164384
0.4016417
0.40163988
0.40163854
0.4016376
0.4016366
0.401635
0.40163216
0.40162766
0.4016215
0.4016139
0.40160528
0.40159616
0.40158707
0.40157837
0.40157044
0.40156394
0.40155947
0.40155798
0.40156
0.40156624
0.40157652
0.40159068
0.40160814
0.40162805
0.40164965
0.40167195
0.40169367
0.40171373
0.40173098
0.40174478
0.4017548
0.4017611
0.4017641
0.40176457
0.40176344
0.4017618
0.40176067
0.4017608
0.4017622
0.40176487
0.40176842
0.40177235
0.40177596
0.4017784
0.40177903
0.4017773
0.40177324
0.40176725
0.40175998
0.40175214
0.40174428
0.40173662
0.40172935
0.40172225
0.40171513
0.40170762
0.4016998
0.401692
0.40168494
0.40167943
0.4016764
0.4016764
0.4016797
0.40168607
0.40169483
0.40170473
0.4017145
0.40172282
0.4017284
0.40173045
0.40172836
0.40172186
0.401711
0.4016959
0.40167686
0.40165442
0.40162933
0.40160254
0.4015752
0.40154862
0.4015243
0.40150347
0.40148717
0.40147632
0.4014713
0.4014721
0.40147835
0.40148926
0.40150368
0.40152013
0.40153697
0.4015525
0.40156513
0.40157357
0.40157753
0.40157717
0.4015733
0.40156728
0.4015601
0.4015532
0.40154737
0.40154368
0.4015425
0.40154412
0.40154868
0.40155637
0.40156692
0.40157992
0.40159464
0.4016099
0.40162432
0.4016365
0.4016453
0.40164992
0.4016503
0.40164676
0.40164
0.40163115
0.40162122
0.40161145
0.40160277
0.40159595
0.40159157
0.4015898
0.4015906
0.40159342
0.4015976
0.40160227
0.40160686
0.4016111
0.40161523
0.40161994
0.4016259
0.40163386
0.40164423
0.4016571
0.40167218
0.40168875
0.40170583
0.40172195
0.40173563
0.4017455
0.40175056
0.40175045
0.40174523
0.40173554
0.40172246
0.40170756
0.40169218
0.40167758
0.40166432
0.40165278
0.40164256
0.4016334
0.4016247
0.40161645
0.40160832
0.40160048
0.40159306
0.40158615
0.40158
0.40157482
0.401571
0.40156916
0.40156978
0.40157342
0.4015803
0.40159008
0.40160212
0.4016154
0.4016288
0.40164137
0.40165263
0.40166247
0.40167126
0.4016791
0.4016861
0.40169206
0.40169653
0.40169898
0.4016994
0.40169775
0.4016943
0.4016895
0.40168396
0.40167803
0.40167212
0.4016663
0.40166074
0.40165564
0.4016512
0.4016478
0.40164545
0.4016442
0.4016435
0.4016427
0.40164077
0.40163675
0.4016299
0.4016199
0.40160707
0.40159193
0.4015754
0.4015581
0.40154105
0.4015248
0.4015102
0.40149784
0.40148827
0.40148178
0.40147853
0.40147844
0.40148163
0.40148783
0.40149665
0.40150765
0.4015201
0.4015332
0.40154603
0.40155792
0.40156838
0.40157726
0.40158468
0.40159076
0.40159583
0.4015999
0.4016029
0.40160424
0.40160373
0.40160134
0.40159732
0.4015923
0.40158707
0.40158224
0.40157798
0.40157446
0.40157142
0.40156877
0.4015666
0.4015654
0.40156573
0.40156817
0.40157342
0.4015818
0.40159348
0.40160826
0.4016256
0.4016447
0.40166444
0.40168333
0.40169993
0.401713
0.4017216
0.40172547
0.40172467
0.4017198
0.4017118
0.40170163
0.40168983
0.40167704
0.40166357
0.40165007
0.4016373
0.4016263
0.4016179
0.4016127
0.40161073
0.40161178
0.40161556
0.4016219
0.4016307
0.40164217
0.40165642
0.40167284
0.40169087
0.4017092
0.40172657
0.40174156
0.40175325
0.4017608
0.40176377
0.4017623
0.40175673
0.40174797
0.40173712
0.40172535
0.40171385
0.40170366
0.40169522
0.40168858
0.40168327
0.4016785
0.4016735
0.4016678
0.40166143
0.40165472
0.40164816
0.40164247
0.40163797
0.40163508
0.40163404
0.401635
0.40163836
0.40164462
0.4016546
0.40166917
0.40168986
0.40171897
0.40175983
0.4018169
0.4018962
0.40200564
0.40215626
0.40236396
0.40265045
0.40304407
0.4035852
0.40433028
0.40535614
0.4067681
0.40870765
0.41139486
0.41505495
0.41999745
0.42669517
0.43579355
0.44790497
