0.44253874
0.43202406
0.42413634
0.41819772
0.41376463
0.41049173
0.40809327
0.40632805
0.40503418
0.40409246
0.4034064
0.40290868
0.40254918
0.40229124
0.40210763
0.40197825
0.40188813
0.4018261
0.40178376
0.4017548
0.40173456
0.4017199
0.40170887
0.40170035
0.40169394
0.40168944
0.40168673
0.40168524
0.4016843
0.40168303
0.4016806
0.4016767
0.40167126
0.40166435
0.40165624
0.40164712
0.40163717
0.40162632
0.4016149
0.40160352
0.40159303
0.40158436
0.4015783
0.4015754
0.40157565
0.40157908
0.40158528
0.40159371
0.40160364
0.40161443
0.40162498
0.40163463
0.40164262
0.40164876
0.4016531
0.4016562
0.40165895
0.40166253
0.40166822
0.40167704
0.4016895
0.4017058
0.4017253
0.40174714
0.40176964
0.40179127
0.40181038
0.4018258
0.40183645
0.40184197
0.40184215
0.4018373
0.4018279
0.40181455
0.40179795
0.40177897
0.40175855
0.40173754
0.401717
0.40169784
0.4016809
0.4016669
0.40165615
0.4016486
0.40164384
0.40164104
0.40163925
0.40163755
0.40163535
0.40163264
0.40162972
0.4016274
0.40162623
0.4016267
0.4016289
0.40163252
0.40163702
0.40164155
0.40164497
0.4016464
0.40164542
0.40164205
0.40163675
0.40163064
0.401625
0.40162107
0.4016196
0.40162113
0.40162542
0.40163198
0.4016398
0.40164772
0.40165454
0.40165907
0.40166032
0.4016579
0.4016521
0.40164328
0.40163225
0.40162012
0.4016079
0.40159658
0.4015871
0.40158007
0.40157598
0.4015751
0.40157726
0.4015824
0.40158996
0.40159938
0.40160996
0.40162107
0.40163255
0.4016448
0.40165836
0.40167403
0.40169233
0.40171304
0.40173542
0.40175825
0.40177965
0.4017978
0.4018111
0.4018183
0.4018186
0.4018117
0.4017979
0.40177795
0.40175316
0.401725
0.40169516
0.40166527
0.40163693
0.40161106
0.40158835
0.40156895
0.4015527
0.4015393
0.40152827
0.40151933
0.4015121
0.40150663
0.40150324
0.4015024
0.4015046
0.40151012
0.40151906
0.4015312
0.40154606
0.40156326
0.40158224
0.40160215
0.40162218
0.4016415
0.401659
0.4016743
0.40168732
0.40169814
0.40170717
0.40171468
0.4017205
0.40172422
0.40172502
0.40172204
0.40171462
0.40170258
0.40168634
0.40166676
0.40164503
0.40162244
0.4015999
0.40157825
0.4015578
0.4015387
0.4015211
0.40150502
0.40149066
0.4014783
0.40146813
0.4014607
0.40145656
0.40145612
0.40145972
0.40146753
0.40147966
0.40149578
0.40151533
0.4015373
0.40156037
0.40158308
0.4016042
0.40162274
0.40163848
0.40165138
0.40166223
0.4016719
0.4016815
0.4016917
0.40170282
0.4017148
0.4017269
0.40173823
0.40174788
0.4017549
0.40175855
0.40175822
0.40175378
0.4017455
0.40173382
0.4017194
0.40170342
0.4016872
0.40167212
0.4016593
0.40164953
0.40164307
0.40163958
0.4016382
0.40163794
0.40163776
0.40163684
0.40163496
0.4016319
0.401628
0.40162346
0.4016186
0.4016135
0.401608
0.40160167
0.4015943
0.40158576
0.40157592
0.40156505
0.4015538
0.4015427
0.40153244
0.40152335
0.40151578
0.40151
0.40150642
0.4015057
0.4015084
0.401515
0.40152583
0.40154067
0.40155905
0.40158015
0.40160298
0.40162614
0.40164798
0.4016669
0.40168145
0.40169045
0.40169337
0.40168986
0.40168047
0.40166587
0.4016474
0.40162662
0.401605
0.4015841
0.40156507
0.40154862
0.40153533
0.40152526
0.40151832
0.401514
0.4015116
0.40151015
0.40150875
0.4015068
0.4015042
0.40150127
0.40149844
0.4014961
0.4014945
0.4014937
0.40149343
0.4014934
0.40149313
0.4014924
0.401491
0.4014889
0.40148646
0.4014844
0.4014834
0.4014842
0.40148747
0.40149328
0.4015016
0.40151203
0.40152386
0.40153623
0.4015483
0.4015594
0.40156916
0.40157753
0.40158492
0.40159172
0.4015984
0.4016056
0.40161386
0.40162334
0.401634
0.40164566
0.4016582
0.40167144
0.40168542
0.4017
0.40171486
0.40172917
0.40174192
0.4017519
0.4017578
0.40175882
0.40175423
0.40174404
0.4017287
0.40170905
0.4016866
0.40166304
0.40164027
0.40161988
0.40160334
0.4015921
0.40158707
0.40158877
0.4015975
0.40161294
0.40163445
0.40166065
0.40168986
0.4017201
0.40174937
0.40177596
0.4017985
0.401816
0.40182787
0.40183377
0.40183353
0.40182707
0.4018148
0.40179718
0.40177506
0.40174955
0.4017221
0.40169436
0.4016681
0.4016447
0.40162516
0.40160978
0.40159845
0.4015907
0.40158594
0.4015835
0.40158245
0.40158176
0.40158048
0.40157804
0.4015743
0.40156975
0.4015653
0.4015617
0.4015597
0.40155944
0.40156066
0.40156272
0.40156484
0.40156597
0.40156558
0.40156364
0.40156075
0.40155798
0.40155667
0.40155804
0.4015633
0.40157297
0.4015874
0.40160602
0.40162814
0.40165204
0.40167603
0.40169814
0.40171665
0.40173048
0.4017389
0.40174168
0.4017391
0.401732
0.40172145
0.40170875
0.40169516
0.40168172
0.40166906
0.4016575
0.40164688
0.40163696
0.40162724
0.40161735
0.40160722
0.40159693
0.40158725
0.4015789
0.40157267
0.40156898
0.4015678
0.4015687
0.40157086
0.40157324
0.4015751
0.40157565
0.40157476
0.40157288
0.4015704
0.4015679
0.40156564
0.4015638
0.40156245
0.4015615
0.40156105
0.40156123
0.40156198
0.40156353
0.40156594
0.40156913
0.40157315
0.40157822
0.40158457
0.4015924
0.40160194
0.40161315
0.40162617
0.40164098
0.40165752
0.40167567
0.40169477
0.401714
0.40173224
0.4017484
0.4017617
0.4017717
0.40177834
0.4017821
0.40178347
0.40178344
0.40178275
0.40178198
0.4017812
0.40178022
0.4017788
0.4017768
0.40177417
0.401771
0.40176782
0.401765
0.4017631
0.40176255
0.40176368
0.40176678
0.40177226
0.40178022
0.40179023
0.4018017
0.40181333
0.40182382
0.4018317
0.40183583
0.4018354
0.4018298
0.40181878
0.40180275
0.40178242
0.401759
0.40173373
0.40170816
0.4016836
0.401661
0.40164122
0.40162438
0.4016106
0.4015997
0.40159145
0.40158534
0.40158084
0.40157762
0.40157512
0.4015729
0.40157035
0.4015668
0.4015618
0.40155548
0.40154818
0.4015403
0.40153244
0.4015249
0.40151808
0.40151218
0.40150723
0.4015033
0.40150034
0.40149844
0.4014979
0.40149912
0.40150246
0.40150842
0.40151727
0.40152887
0.4015427
0.40155768
0.40157253
0.40158555
0.40159526
0.40160048
0.40160075
0.40159625
0.40158793
0.40157703
0.40156475
0.40155253
0.40154156
0.40153277
0.40152687
0.40152422
0.40152502
0.40152937
0.4015372
0.4015484
0.4015627
0.40157974
0.40159905
0.40161973
0.40164077
0.4016608
0.4016785
0.40169266
0.4017025
0.4017075
0.40170795
0.40170416
0.40169725
0.4016884
0.4016789
0.40166962
0.4016611
0.40165335
0.4016462
0.4016393
0.40163264
0.40162647
0.40162134
0.40161738
0.4016148
0.40161332
0.40161252
0.40161166
0.4016103
0.40160817
0.4016052
0.40160167
0.40159765
0.40159306
0.4015877
0.401581
0.4015726
0.4015622
0.40154997
0.4015365
0.4015228
0.40150982
0.4014984
0.40148923
0.40148264
0.40147886
0.40147778
0.40147948
0.40148368
0.40148973
0.40149716
0.40150484
0.40151197
0.40151775
0.40152198
0.4015251
0.4015274
0.40152967
0.40153244
0.40153608
0.40154082
0.4015467
0.40155324
0.40155998
0.40156618
0.40157118
0.4015746
0.40157628
0.40157652
0.40157586
0.40157494
0.40157402
0.40157324
0.40157267
0.4015723
0.40157217
0.40157238
0.40157345
0.4015757
0.40157914
0.40158358
0.4015883
0.40159237
0.40159482
0.40159503
0.4015927
0.4015881
0.40158165
0.4015738
0.40156546
0.40155745
0.4015506
0.40154558
0.4015428
0.4015426
0.40154526
0.40155113
0.40156043
0.40157324
0.40158936
0.40160844
0.4016297
0.40165237
0.40167552
0.4016976
0.401717
0.40173236
0.40174252
0.40174672
0.40174502
0.4017378
0.40172595
0.40171057
0.40169266
0.4016731
0.40165272
0.4016323
0.40161282
0.40159506
0.4015796
0.40156692
0.40155718
0.40155038
0.40154642
0.40154514
0.4015461
0.4015487
0.4015525
0.40155688
0.40156147
0.40156618
0.40157086
0.40157557
0.40158063
0.4015862
0.40159282
0.4016002
0.40160865
0.40161803
0.40162814
0.401639
0.40165076
0.40166366
0.40167788
0.4016935
0.40171018
0.40172714
0.40174338
0.4017577
0.4017692
0.4017771
0.40178114
0.40178135
0.40177798
0.40177193
0.40176424
0.4017563
0.40174943
0.4017449
0.40174314
0.40174416
0.40174747
0.40175214
0.40175718
0.40176156
0.40176442
0.40176505
0.40176308
0.4017584
0.401751
0.4017414
0.40173015
0.4017178
0.40170494
0.40169176
0.40167826
0.4016641
0.40164894
0.4016325
0.40161484
0.40159634
0.40157768
0.40155974
0.40154344
0.40152952
0.4015184
0.40151048
0.4015059
0.40150473
0.4015068
0.40151185
0.40151954
0.40152943
0.40154102
0.40155387
0.40156776
0.40158254
0.40159792
0.40161362
0.40162873
0.4016424
0.40165353
0.40166122
0.40166494
0.40166467
0.40166098
0.40165478
0.4016473
0.40164
0.40163416
0.40163064
0.40163004
0.40163276
0.40163904
0.4016492
0.4016632
0.40168047
0.40169984
0.4017198
0.4017385
0.40175402
0.40176502
0.4017708
0.401771
0.40176615
0.40175718
0.4017455
0.40173244
0.40171933
0.4017069
0.40169558
0.40168527
0.4016756
0.40166646
0.4016578
0.4016496
0.4016418
0.40163404
0.40162575
0.4016161
0.40160465
0.40159088
0.40157494
0.40155727
0.40153867
0.40152034
0.40150347
0.40148914
0.4014781
0.40147093
0.4014678
0.40146843
0.40147236
0.40147915
0.40148836
0.40149945
0.4015121
0.40152588
0.40154076
0.40155682
0.40157408
0.40159237
0.40161115
0.40162972
0.4016471
0.40166256
0.4016754
0.4016856
0.40169302
0.40169796
0.4017005
0.40170053
0.40169796
0.40169278
0.40168548
0.40167695
0.40166843
0.40166125
0.40165663
0.40165505
0.40165654
0.4016604
0.40166563
0.4016711
0.4016758
0.40167883
0.40168014
0.40167984
0.4016787
0.40167755
0.4016769
0.40167725
0.4016785
0.40168023
0.40168187
0.40168294
0.40168318
0.40168244
0.40168056
0.40167758
0.40167305
0.40166688
0.4016588
0.40164888
0.40163752
0.40162516
0.40161228
0.4015993
0.40158635
0.4015735
0.40156078
0.4015483
0.4015364
0.40152514
0.40151477
0.40150538
0.40149698
0.40149006
0.40148488
0.40148184
0.40148094
0.40148214
0.40148506
0.40148914
0.40149415
0.4014995
0.40150502
0.4015109
0.40151748
0.40152502
0.40153378
0.4015438
0.40155488
0.40156692
0.40157977
0.4015934
0.4016076
0.4016218
0.40163523
0.40164673
0.40165517
0.40165946
0.40165916
0.40165445
0.4016459
0.40163478
0.40162235
0.4016097
0.40159783
0.40158743
0.40157902
0.4015731
0.40157002
0.40157023
0.4015737
0.40158027
0.40158966
0.40160152
0.4016154
0.4016313
0.4016493
0.40166962
0.4016923
0.40171698
0.40174302
0.40176922
0.40179422
0.4018169
0.401836
0.40185076
0.40186065
0.40186554
0.40186563
0.40186155
0.4018541
0.4018442
0.40183285
0.401821
0.40180898
0.40179676
0.4017838
0.4017695
0.4017532
0.40173492
0.40171456
0.40169245
0.40166906
0.4016451
0.40162107
0.40159768
0.4015758
0.4015563
0.4015398
0.40152672
0.4015174
0.40151203
0.4015104
0.40151218
0.40151697
0.40152413
0.4015329
0.4015426
0.40155277
0.40156335
0.40157485
0.4015881
0.4016044
0.40162522
0.4016523
0.40168807
0.40173596
0.40180117
0.4018915
0.4020183
0.4021981
0.40245518
0.40281945
0.40333357
0.404056
0.40506557
0.4064692
0.4084093
0.41110742
0.41478688
0.41975698
0.42649102
0.43563065
0.44778627
