0.4426622
0.4321837
0.42432475
0.4184075
0.4139873
0.41071883
0.40831587
0.40653855
0.40522626
0.40426147
0.40354866
0.40302107
0.40262926
0.40233737
0.4021191
0.4019557
0.40183365
0.4017433
0.4016775
0.40163097
0.40159985
0.401581
0.4015719
0.4015702
0.40157402
0.40158162
0.40159163
0.40160304
0.40161532
0.40162805
0.40164092
0.4016534
0.40166476
0.40167415
0.40168062
0.4016836
0.40168282
0.4016785
0.40167123
0.40166202
0.40165222
0.40164307
0.40163583
0.40163147
0.40163052
0.4016333
0.40163916
0.40164736
0.40165624
0.4016643
0.40166998
0.4016721
0.4016698
0.40166292
0.40165174
0.40163702
0.4016197
0.401601
0.4015818
0.40156308
0.40154535
0.40152892
0.4015141
0.40150124
0.4014908
0.4014833
0.40147915
0.40147868
0.40148184
0.40148836
0.40149784
0.40150982
0.40152362
0.40153876
0.4015547
0.4015707
0.4015858
0.40159872
0.40160832
0.4016137
0.40161425
0.40160987
0.40160093
0.4015883
0.4015732
0.40155703
0.40154102
0.40152627
0.40151387
0.40150446
0.40149856
0.4014964
0.4014979
0.401503
0.4015112
0.40152195
0.4015343
0.40154737
0.4015602
0.40157187
0.40158165
0.40158865
0.40159228
0.40159214
0.40158832
0.40158144
0.40157232
0.40156206
0.40155184
0.40154287
0.40153626
0.40153295
0.40153325
0.40153724
0.40154457
0.4015546
0.4015666
0.40157953
0.40159237
0.40160415
0.40161428
0.40162265
0.4016296
0.40163583
0.40164182
0.40164772
0.4016536
0.4016588
0.40166274
0.40166482
0.40166476
0.40166244
0.4016581
0.40165222
0.40164524
0.40163732
0.40162832
0.40161783
0.40160528
0.40159014
0.40157238
0.4015525
0.4015314
0.40151048
0.40149102
0.40147403
0.4014604
0.40145046
0.40144435
0.40144172
0.40144226
0.4014453
0.40145028
0.40145618
0.4014624
0.40146813
0.40147302
0.4014767
0.40147883
0.4014789
0.40147677
0.40147224
0.4014658
0.40145808
0.40145007
0.40144277
0.401437
0.4014337
0.40143335
0.40143642
0.4014429
0.4014525
0.40146473
0.40147913
0.40149486
0.4015114
0.4015282
0.401545
0.4015611
0.40157607
0.40158945
0.40160078
0.40160954
0.40161484
0.40161628
0.40161344
0.40160647
0.40159583
0.40158245
0.40156758
0.40155223
0.4015372
0.40152302
0.40150985
0.4014975
0.4014858
0.4014748
0.4014647
0.401456
0.4014491
0.40144455
0.40144247
0.4014432
0.40144685
0.40145335
0.4014624
0.40147367
0.40148655
0.40150037
0.4015143
0.4015275
0.4015391
0.4015484
0.40155482
0.40155828
0.401559
0.40155748
0.4015546
0.40155125
0.40154815
0.40154603
0.40154558
0.4015475
0.4015523
0.40156052
0.40157232
0.40158758
0.4016056
0.40162534
0.40164515
0.4016635
0.4016785
0.40168884
0.40169367
0.40169302
0.40168753
0.4016785
0.40166774
0.4016571
0.40164834
0.40164283
0.40164134
0.4016439
0.40164998
0.40165854
0.40166828
0.40167758
0.40168506
0.40168953
0.40169042
0.4016878
0.40168226
0.4016751
0.40166807
0.40166298
0.40166143
0.40166453
0.40167245
0.40168467
0.40170005
0.40171683
0.40173307
0.40174714
0.40175742
0.40176308
0.40176374
0.40175942
0.40175062
0.40173808
0.4017227
0.4017054
0.40168697
0.401668
0.40164906
0.40163088
0.40161413
0.40159962
0.4015877
0.40157855
0.40157226
0.40156856
0.40156707
0.40156734
0.40156892
0.40157145
0.4015744
0.40157747
0.4015805
0.4015834
0.40158638
0.4015899
0.4015943
0.40160006
0.4016071
0.4016156
0.40162534
0.40163645
0.40164876
0.40166196
0.40167537
0.40168813
0.40169907
0.40170717
0.4017117
0.4017121
0.40170825
0.40170032
0.40168875
0.40167397
0.40165672
0.40163743
0.4016166
0.40159503
0.40157348
0.40155295
0.40153402
0.40151766
0.40150434
0.4014944
0.4014879
0.40148476
0.40148473
0.40148756
0.40149316
0.40150163
0.40151316
0.4015277
0.40154532
0.40156564
0.40158802
0.40161163
0.4016353
0.40165776
0.40167788
0.40169445
0.40170684
0.40171498
0.4017194
0.40172094
0.40172085
0.4017203
0.40172002
0.40172032
0.401721
0.4017216
0.40172184
0.40172148
0.40172076
0.40172017
0.40172026
0.40172106
0.40172252
0.40172392
0.40172437
0.4017228
0.40171844
0.4017107
0.4016992
0.401684
0.4016656
0.40164465
0.4016217
0.40159777
0.4015735
0.40154982
0.40152737
0.40150708
0.4014896
0.40147546
0.4014651
0.4014587
0.4014565
0.40145814
0.4014635
0.40147212
0.40148357
0.40149724
0.40151277
0.40152943
0.40154666
0.40156382
0.40158057
0.4015966
0.401612
0.4016269
0.40164128
0.4016551
0.40166816
0.40167978
0.4016893
0.40169606
0.40169984
0.40170094
0.40169993
0.4016976
0.4016946
0.401691
0.40168655
0.40168047
0.4016718
0.40166
0.4016448
0.40162644
0.40160552
0.40158308
0.40156004
0.40153745
0.4015161
0.4014964
0.40147883
0.4014636
0.40145114
0.40144175
0.4014357
0.4014332
0.4014343
0.40143865
0.40144607
0.40145594
0.4014677
0.40148064
0.40149385
0.40150666
0.40151834
0.40152848
0.40153724
0.4015448
0.40155172
0.4015585
0.40156564
0.40157384
0.40158337
0.4015945
0.40160662
0.40161914
0.4016308
0.40164047
0.40164724
0.40165043
0.4016499
0.4016459
0.40163925
0.40163094
0.40162212
0.40161386
0.40160695
0.4016018
0.40159824
0.401596
0.4015947
0.40159363
0.4015923
0.4015905
0.40158802
0.40158525
0.40158275
0.4015813
0.40158135
0.40158355
0.40158802
0.401595
0.40160444
0.4016162
0.4016296
0.40164414
0.40165895
0.40167284
0.40168464
0.4016931
0.40169713
0.40169618
0.40169036
0.4016803
0.4016669
0.40165144
0.4016349
0.40161833
0.4016026
0.40158826
0.40157542
0.4015642
0.40155432
0.40154576
0.4015387
0.40153334
0.40153003
0.40152895
0.4015302
0.40153354
0.40153834
0.40154386
0.4015491
0.4015531
0.40155524
0.40155482
0.40155193
0.40154678
0.40153968
0.4015313
0.4015224
0.40151384
0.40150654
0.401501
0.40149778
0.4014968
0.40149805
0.40150112
0.40150562
0.40151128
0.401518
0.40152553
0.40153396
0.40154317
0.4015531
0.40156326
0.40157342
0.40158308
0.40159178
0.40159908
0.40160468
0.40160826
0.40160963
0.40160877
0.40160602
0.40160203
0.40159735
0.40159252
0.40158805
0.40158427
0.4015816
0.40158054
0.40158156
0.40158498
0.40159073
0.40159824
0.40160665
0.4016145
0.40162054
0.40162337
0.40162206
0.4016161
0.40160558
0.40159112
0.40157387
0.40155515
0.40153626
0.40151846
0.4015026
0.4014893
0.40147898
0.40147185
0.40146804
0.40146744
0.40147
0.4014755
0.40148345
0.4014935
0.401505
0.40151766
0.4015312
0.4015454
0.40156
0.40157488
0.40158963
0.40160388
0.401617
0.40162814
0.40163678
0.4016424
0.40164477
0.40164396
0.40164047
0.40163505
0.4016289
0.40162322
0.40161896
0.40161657
0.401616
0.40161654
0.4016171
0.40161642
0.40161344
0.40160733
0.40159813
0.40158638
0.40157324
0.40156028
0.40154892
0.4015405
0.4015356
0.4015344
0.40153646
0.40154085
0.40154636
0.40155163
0.40155587
0.40155867
0.40155998
0.40156028
0.40155995
0.40155944
0.4015591
0.40155926
0.40156022
0.40156242
0.40156594
0.40157083
0.4015769
0.40158424
0.4015927
0.40160218
0.40161204
0.40162158
0.4016298
0.40163565
0.40163854
0.40163827
0.4016354
0.40163103
0.40162635
0.401623
0.40162233
0.40162504
0.40163162
0.40164182
0.40165478
0.40166914
0.40168342
0.401696
0.40170535
0.4017105
0.40171078
0.40170604
0.4016966
0.40168312
0.401667
0.40164965
0.4016326
0.4016171
0.4016041
0.40159357
0.4015854
0.40157896
0.4015733
0.40156782
0.40156212
0.40155643
0.4015513
0.40154782
0.40154684
0.40154907
0.40155485
0.40156403
0.40157634
0.40159097
0.4016071
0.40162385
0.40164036
0.4016557
0.40166947
0.40168095
0.40168962
0.4016947
0.4016959
0.40169337
0.40168744
0.401679
0.401669
0.40165833
0.40164804
0.40163925
0.40163285
0.4016295
0.4016297
0.40163308
0.40163916
0.4016465
0.40165383
0.40165958
0.40166256
0.40166205
0.40165797
0.40165076
0.4016414
0.40163115
0.40162107
0.40161237
0.40160567
0.4016014
0.4015996
0.40159956
0.40160033
0.40160048
0.40159857
0.40159363
0.4015852
0.4015736
0.40156
0.40154573
0.40153217
0.40152058
0.40151155
0.40150553
0.40150237
0.4015016
0.40150264
0.40150496
0.40150842
0.40151322
0.40151972
0.4015281
0.40153855
0.40155107
0.40156564
0.40158224
0.40160066
0.40162036
0.40164047
0.40165976
0.40167677
0.40169004
0.40169853
0.40170157
0.40169907
0.40169156
0.40167993
0.40166542
0.40164956
0.40163374
0.4016193
0.40160707
0.40159795
0.40159243
0.40159082
0.40159327
0.40159932
0.40160817
0.40161857
0.40162903
0.40163797
0.4016441
0.40164655
0.40164524
0.4016405
0.40163332
0.40162462
0.40161535
0.40160623
0.40159768
0.4015898
0.40158233
0.4015751
0.4015679
0.40156078
0.4015537
0.4015468
0.4015403
0.40153423
0.401529
0.401525
0.40152234
0.40152118
0.40152118
0.40152192
0.4015228
0.401523
0.40152192
0.40151948
0.40151575
0.40151116
0.40150645
0.40150237
0.40149954
0.40149865
0.40150025
0.40150484
0.40151304
0.4015256
0.4015428
0.4015648
0.40159115
0.4016209
0.40165263
0.40168467
0.40171513
0.4017422
0.4017644
0.40178052
0.4017898
0.40179208
0.4017875
0.4017768
0.40176094
0.4017413
0.4017197
0.4016977
0.40167698
0.40165865
0.40164322
0.4016308
0.40162122
0.40161386
0.401608
0.40160248
0.40159652
0.40158954
0.40158147
0.40157256
0.40156335
0.40155455
0.4015468
0.4015407
0.40153667
0.4015349
0.4015355
0.40153837
0.40154317
0.4015496
0.40155688
0.4015641
0.40157026
0.40157434
0.40157586
0.40157494
0.40157214
0.40156838
0.40156448
0.4015612
0.40155926
0.4015588
0.40155992
0.40156257
0.40156642
0.4015711
0.40157586
0.4015802
0.40158364
0.40158564
0.4015859
0.40158418
0.4015805
0.40157515
0.4015689
0.40156227
0.40155584
0.40154985
0.4015444
0.40153924
0.40153438
0.40152982
0.40152577
0.40152243
0.40152022
0.40151972
0.40152133
0.40152556
0.4015325
0.4015424
0.401555
0.40157008
0.40158728
0.4016059
0.40162495
0.40164304
0.40165883
0.40167114
0.40167934
0.40168312
0.4016829
0.40167955
0.40167388
0.4016671
0.40165973
0.40165257
0.40164605
0.40164077
0.4016373
0.40163612
0.40163755
0.40164155
0.40164763
0.40165487
0.40166223
0.40166843
0.4016727
0.4016746
0.4016741
0.40167186
0.40166873
0.401666
0.40166473
0.40166593
0.4016701
0.40167713
0.40168658
0.4016972
0.40170753
0.40171596
0.40172133
0.4017227
0.40171954
0.40171206
0.40170088
0.40168715
0.4016726
0.4016588
0.4016475
0.40164024
0.40163824
0.40164274
0.4016547
0.40167516
0.40170538
0.4017468
0.4018016
0.4018728
0.40196517
0.4020855
0.4022438
0.4024552
0.4027418
0.4031324
0.40366822
0.40440652
0.4054248
0.40682894
0.40876058
0.41143996
0.41509295
0.42002895
0.4267201
0.43581277
0.44791886
