0.44267958
0.43220633
0.42435175
0.41843823
0.4140215
0.41075662
0.4083576
0.40658525
0.40527967
0.4043234
0.4036216
0.40310794
0.40273347
0.4024621
0.40226683
0.40212736
0.402028
0.40195668
0.40190402
0.40186298
0.40182838
0.40179676
0.40176606
0.40173522
0.4017042
0.40167353
0.40164414
0.40161693
0.40159246
0.40157095
0.4015526
0.4015377
0.40152678
0.40152055
0.4015195
0.4015239
0.40153357
0.4015481
0.40156636
0.40158707
0.4016086
0.401629
0.4016464
0.40165928
0.40166664
0.40166798
0.40166348
0.401654
0.401641
0.40162617
0.40161133
0.401598
0.4015874
0.40157992
0.4015757
0.40157416
0.40157452
0.40157557
0.4015765
0.40157634
0.4015747
0.40157124
0.40156606
0.40155962
0.4015525
0.40154544
0.40153897
0.4015334
0.4015292
0.40152648
0.40152577
0.40152755
0.40153208
0.40153933
0.401549
0.4015603
0.40157223
0.4015835
0.4015928
0.40159896
0.40160134
0.40159997
0.40159538
0.40158868
0.401581
0.40157342
0.40156665
0.4015613
0.40155736
0.4015548
0.4015536
0.40155363
0.40155506
0.40155822
0.40156317
0.40157002
0.4015785
0.40158793
0.40159792
0.40160796
0.40161777
0.40162694
0.40163505
0.40164137
0.40164545
0.40164712
0.40164673
0.4016448
0.4016423
0.40164018
0.40163925
0.40164018
0.4016435
0.40164924
0.40165687
0.40166548
0.40167364
0.4016798
0.4016825
0.40168074
0.40167397
0.4016622
0.4016463
0.40162742
0.40160733
0.40158796
0.40157112
0.40155864
0.4015518
0.40155146
0.4015579
0.40157095
0.4015899
0.40161383
0.40164137
0.4016712
0.40170163
0.40173113
0.4017584
0.4017821
0.40180117
0.4018147
0.40182206
0.40182295
0.4018175
0.40180606
0.4017892
0.40176782
0.40174317
0.40171683
0.4016903
0.40166497
0.4016418
0.40162143
0.40160447
0.40159112
0.40158138
0.4015753
0.4015728
0.40157327
0.40157613
0.40158084
0.4015865
0.40159255
0.40159792
0.40160164
0.4016026
0.4016002
0.40159422
0.4015852
0.40157413
0.40156242
0.40155125
0.40154177
0.40153447
0.4015298
0.4015275
0.40152732
0.4015287
0.40153074
0.40153253
0.40153304
0.40153158
0.40152767
0.40152177
0.40151444
0.40150663
0.4014992
0.40149298
0.4014885
0.40148607
0.40148562
0.4014872
0.40149033
0.40149486
0.40150052
0.40150708
0.40151432
0.40152165
0.40152866
0.40153447
0.40153867
0.4015408
0.40154073
0.4015382
0.4015331
0.4015254
0.4015156
0.401504
0.4014914
0.4014786
0.40146652
0.401456
0.4014478
0.40144232
0.40143952
0.40143907
0.40144047
0.4014435
0.4014478
0.40145317
0.40145943
0.4014666
0.40147454
0.40148306
0.40149188
0.40150046
0.40150824
0.40151486
0.40151986
0.40152356
0.40152615
0.40152806
0.40152952
0.4015307
0.40153188
0.40153345
0.40153587
0.40153986
0.401546
0.40155482
0.40156642
0.40158075
0.4015975
0.40161595
0.40163547
0.40165487
0.40167296
0.40168837
0.40170035
0.4017084
0.40171266
0.40171376
0.40171266
0.4017105
0.40170828
0.40170676
0.4017063
0.40170735
0.40170938
0.40171152
0.40171272
0.40171167
0.4017076
0.40170002
0.40168872
0.40167418
0.40165684
0.40163743
0.4016167
0.4015955
0.40157452
0.4015546
0.40153658
0.40152118
0.4015087
0.40149942
0.40149328
0.4014901
0.40148956
0.40149134
0.40149537
0.40150118
0.4015083
0.40151623
0.40152407
0.40153122
0.40153697
0.4015409
0.40154245
0.4015417
0.40153882
0.40153432
0.40152857
0.40152243
0.40151626
0.40151057
0.40150526
0.40150046
0.4014961
0.40149218
0.40148863
0.40148547
0.40148264
0.40148026
0.40147847
0.4014777
0.4014787
0.40148225
0.40148887
0.40149888
0.40151253
0.40152964
0.40155017
0.4015736
0.40159932
0.40162635
0.40165362
0.40167993
0.40170452
0.40172696
0.4017472
0.40176556
0.40178242
0.40179804
0.4018122
0.40182433
0.4018339
0.4018403
0.401843
0.40184173
0.40183625
0.40182665
0.40181318
0.40179655
0.4017776
0.4017573
0.40173665
0.40171668
0.4016982
0.40168208
0.4016692
0.4016606
0.40165678
0.40165797
0.4016638
0.4016732
0.40168482
0.40169677
0.40170738
0.4017152
0.4017192
0.40171888
0.40171432
0.40170592
0.40169466
0.40168178
0.4016688
0.40165696
0.40164736
0.40164074
0.40163743
0.40163773
0.40164155
0.40164888
0.40165928
0.401672
0.40168583
0.4016993
0.401711
0.40171996
0.4017257
0.40172827
0.40172803
0.40172556
0.40172157
0.40171632
0.40171006
0.401703
0.40169507
0.40168682
0.40167895
0.4016723
0.40166813
0.4016675
0.40167123
0.40167987
0.40169352
0.4017118
0.40173388
0.40175846
0.40178433
0.40181038
0.40183565
0.4018594
0.40188107
0.40190038
0.4019171
0.40193096
0.40194193
0.40194982
0.4019548
0.40195692
0.4019563
0.401953
0.4019469
0.40193772
0.40192547
0.40190992
0.40189108
0.40186885
0.4018433
0.40181458
0.4017832
0.4017497
0.40171498
0.4016799
0.4016454
0.40161243
0.4015817
0.40155384
0.40152934
0.4015087
0.40149227
0.40148026
0.401473
0.40147054
0.40147254
0.40147847
0.40148762
0.40149906
0.4015119
0.40152538
0.4015391
0.4015528
0.40156677
0.4015814
0.401597
0.40161338
0.4016301
0.40164608
0.40166005
0.4016708
0.40167743
0.4016797
0.40167788
0.401673
0.40166634
0.40165916
0.40165257
0.40164736
0.4016436
0.40164128
0.40163964
0.4016382
0.4016365
0.40163437
0.4016318
0.401629
0.40162626
0.40162405
0.40162268
0.4016223
0.40162283
0.4016243
0.40162647
0.40162924
0.40163252
0.4016361
0.40164044
0.40164572
0.4016524
0.40166062
0.40167022
0.40168074
0.4016916
0.40170208
0.4017114
0.40171933
0.40172568
0.40173072
0.40173474
0.40173852
0.40174267
0.40174744
0.40175277
0.4017578
0.40176153
0.40176266
0.4017598
0.40175205
0.40173873
0.40172002
0.40169635
0.40166867
0.40163827
0.40160683
0.40157595
0.4015471
0.4015216
0.4015003
0.40148357
0.40147167
0.40146446
0.4014618
0.40146336
0.40146837
0.40147617
0.40148598
0.40149683
0.40150765
0.40151775
0.40152633
0.4015328
0.4015367
0.4015378
0.40153638
0.40153298
0.40152872
0.4015244
0.40152067
0.401518
0.40151638
0.40151596
0.40151697
0.40151972
0.40152448
0.40153182
0.40154183
0.4015547
0.40157002
0.40158698
0.40160424
0.40162012
0.40163282
0.401641
0.40164366
0.40164062
0.40163225
0.40161946
0.40160355
0.40158558
0.4015666
0.40154743
0.40152878
0.40151158
0.40149665
0.40148476
0.40147668
0.40147302
0.40147424
0.40148053
0.4014918
0.401508
0.40152872
0.4015531
0.40158007
0.40160832
0.40163642
0.40166304
0.4016874
0.40170908
0.4017279
0.40174434
0.40175894
0.40177256
0.40178585
0.40179908
0.40181205
0.40182382
0.40183353
0.4018402
0.40184286
0.40184096
0.40183422
0.40182266
0.40180677
0.40178737
0.4017658
0.4017434
0.4017216
0.4017012
0.40168273
0.40166602
0.40165085
0.40163702
0.40162414
0.40161183
0.40159994
0.4015887
0.40157834
0.40156916
0.40156138
0.40155485
0.40154928
0.40154424
0.40153936
0.40153408
0.40152782
0.40152013
0.40151075
0.40149972
0.4014876
0.40147513
0.40146318
0.40145275
0.40144458
0.40143937
0.40143722
0.40143818
0.4014419
0.4014478
0.40145504
0.40146258
0.40146977
0.40147611
0.40148154
0.4014863
0.40149114
0.40149692
0.40150458
0.40151486
0.4015281
0.4015443
0.40156308
0.40158334
0.40160355
0.40162218
0.40163782
0.40164918
0.40165564
0.40165716
0.40165448
0.40164864
0.401641
0.40163276
0.40162465
0.40161705
0.40160972
0.40160227
0.4015942
0.40158528
0.40157574
0.40156618
0.40155718
0.4015493
0.40154305
0.40153876
0.40153682
0.40153754
0.401541
0.4015474
0.4015566
0.40156835
0.4015823
0.40159807
0.40161547
0.4016339
0.40165254
0.40167016
0.4016854
0.40169698
0.40170404
0.40170574
0.40170214
0.40169364
0.40168107
0.40166587
0.40164965
0.4016339
0.40162003
0.40160918
0.40160227
0.40159974
0.40160123
0.4016062
0.40161362
0.40162227
0.40163103
0.40163878
0.40164444
0.40164736
0.40164715
0.401644
0.40163848
0.40163162
0.40162465
0.40161884
0.4016154
0.40161508
0.40161833
0.40162498
0.4016346
0.40164617
0.4016585
0.40166998
0.4016793
0.40168524
0.40168718
0.4016847
0.40167812
0.40166762
0.40165377
0.40163714
0.4016181
0.40159726
0.40157503
0.40155196
0.401529
0.40150708
0.40148702
0.40146953
0.401455
0.40144345
0.40143478
0.40142873
0.40142485
0.40142286
0.40142253
0.4014236
0.40142617
0.40143034
0.4014359
0.4014426
0.40145
0.40145764
0.40146488
0.40147135
0.4014771
0.4014819
0.40148613
0.40149015
0.4014944
0.4014995
0.40150574
0.40151337
0.4015225
0.4015328
0.40154415
0.40155613
0.40156865
0.40158162
0.4015951
0.40160918
0.40162367
0.4016379
0.4016511
0.40166214
0.40167004
0.40167418
0.4016746
0.40167138
0.40166527
0.40165657
0.40164563
0.4016326
0.40161747
0.40160033
0.4015815
0.40156156
0.40154123
0.40152133
0.40150273
0.40148625
0.4014724
0.40146178
0.4014548
0.40145147
0.40145192
0.40145612
0.40146428
0.4014765
0.4014926
0.40151247
0.40153587
0.40156248
0.40159196
0.4016238
0.4016571
0.4016908
0.40172362
0.4017544
0.40178198
0.4018052
0.40182325
0.40183568
0.40184206
0.40184227
0.4018363
0.4018246
0.40180773
0.40178657
0.40176234
0.40173647
0.40171042
0.40168542
0.40166244
0.40164182
0.40162352
0.40160707
0.40159187
0.4015773
0.4015629
0.40154868
0.40153462
0.40152106
0.4015086
0.4014979
0.40148956
0.40148395
0.40148127
0.40148148
0.40148443
0.40148982
0.40149736
0.40150654
0.4015167
0.40152723
0.40153712
0.40154585
0.40155303
0.40155846
0.40156186
0.40156302
0.4015618
0.40155876
0.40155447
0.4015501
0.40154675
0.4015455
0.40154737
0.40155315
0.40156302
0.4015767
0.4015935
0.40161246
0.40163234
0.40165204
0.40167055
0.40168688
0.40169993
0.401709
0.40171376
0.40171438
0.40171131
0.40170532
0.40169728
0.40168798
0.40167853
0.40166992
0.4016629
0.40165788
0.40165484
0.4016535
0.4016532
0.4016531
0.40165266
0.40165153
0.40164974
0.40164757
0.4016453
0.40164343
0.4016426
0.4016429
0.40164453
0.4016471
0.40164995
0.40165275
0.40165505
0.40165648
0.40165684
0.40165615
0.40165415
0.40165117
0.40164754
0.4016439
0.40164128
0.40164053
0.4016423
0.4016469
0.40165418
0.40166342
0.40167364
0.4016836
0.40169173
0.40169686
0.40169778
0.40169397
0.40168512
0.40167168
0.4016545
0.40163478
0.4016139
0.4015928
0.40157226
0.4015526
0.40153372
0.40151578
0.40149876
0.40148333
0.40146986
0.40145886
0.4014506
0.4014454
0.40144318
0.40144402
0.40144777
0.40145418
0.40146318
0.40147427
0.40148702
0.40150094
0.4015152
0.40152916
0.40154234
0.40155435
0.40156505
0.40157402
0.40158084
0.40158495
0.40158612
0.40158436
0.4015803
0.40157476
0.40156916
0.40156436
0.4015613
0.40156034
0.4015616
0.4015648
0.40156937
0.40157464
0.40158018
0.4015856
0.40159097
0.40159643
0.40160227
0.40160877
0.40161595
0.4016237
0.40163162
0.40163928
0.40164605
0.40165162
0.40165582
0.401659
0.40166184
0.4016651
0.40166947
0.40167537
0.40168312
0.40169245
0.40170318
0.40171522
0.401728
0.401741
0.40175325
0.40176374
0.40177134
0.40177512
0.40177426
0.40176836
0.40175736
0.40174198
0.40172336
0.40170318
0.40168318
0.40166527
0.40165076
0.4016409
0.4016361
0.40163666
0.40164232
0.4016525
0.40166646
0.40168327
0.40170172
0.40172085
0.40173924
0.4017554
0.40176803
0.40177596
0.40177852
0.4017755
0.40176725
0.40175432
0.40173787
0.40171924
0.40169966
0.4016802
0.40166172
0.40164503
0.4016307
0.40161923
0.4016113
0.40160736
0.40160814
0.40161386
0.4016249
0.40164068
0.40166044
0.40168294
0.40170684
0.40173048
0.4017523
0.40177074
0.4017848
0.4017938
0.40179756
0.40179652
0.40179157
0.4017841
0.40177572
0.40176803
0.40176234
0.40175992
0.40176153
0.4017679
0.40177938
0.40179622
0.40181884
0.40184823
0.4018865
0.40193728
0.4020063
0.40210187
0.40223595
0.4024244
0.40269107
0.40306482
0.4035863
0.40431246
0.40532082
0.4067172
0.40864375
0.41132116
0.41497585
0.41991776
0.4266201
0.43572953
0.4478568
