0.4426673
0.43219143
0.42433617
0.41842395
0.41401097
0.41075242
0.40836185
0.40659973
0.40530592
0.40436184
0.40367186
0.40316838
0.40280122
0.40253296
0.40233597
0.40219003
0.40208063
0.4019974
0.40193325
0.40188333
0.40184456
0.40181485
0.40179282
0.40177715
0.40176648
0.4017596
0.4017549
0.40175104
0.40174672
0.4017409
0.40173286
0.40172222
0.40170872
0.4016926
0.40167415
0.40165374
0.40163183
0.40160912
0.4015865
0.4015648
0.4015449
0.40152752
0.4015131
0.40150204
0.40149426
0.40148973
0.40148848
0.40149048
0.401496
0.40150493
0.40151718
0.40153244
0.40154994
0.40156883
0.40158793
0.4016061
0.40162215
0.40163523
0.4016448
0.40165076
0.4016535
0.4016536
0.40165177
0.4016486
0.40164435
0.4016388
0.40163153
0.40162218
0.4016106
0.40159723
0.40158245
0.4015671
0.4015518
0.4015373
0.4015244
0.40151376
0.40150613
0.40150204
0.40150204
0.4015063
0.40151477
0.40152696
0.40154195
0.40155837
0.40157476
0.4015893
0.40160018
0.40160602
0.40160623
0.40160093
0.40159094
0.40157774
0.4015629
0.40154815
0.40153491
0.40152448
0.40151775
0.40151554
0.4015182
0.40152586
0.40153822
0.40155473
0.40157458
0.40159664
0.40161958
0.40164214
0.401663
0.4016814
0.40169695
0.40170938
0.40171877
0.4017251
0.40172827
0.40172806
0.4017245
0.401718
0.40170926
0.40169933
0.40168947
0.4016809
0.4016743
0.4016702
0.40166822
0.40166762
0.40166724
0.40166578
0.4016623
0.40165642
0.40164822
0.40163845
0.40162805
0.40161803
0.4016091
0.40160185
0.4015964
0.40159267
0.40159032
0.40158874
0.40158716
0.40158468
0.40158084
0.4015754
0.4015686
0.40156126
0.40155447
0.40154907
0.40154582
0.40154502
0.40154657
0.40154994
0.40155435
0.40155888
0.40156248
0.4015645
0.4015648
0.40156367
0.40156174
0.40155974
0.40155834
0.40155813
0.40155917
0.4015611
0.40156317
0.4015644
0.40156367
0.40156052
0.40155488
0.40154722
0.40153816
0.40152863
0.40151918
0.4015102
0.40150192
0.40149426
0.40148684
0.40147936
0.40147164
0.40146378
0.4014561
0.401449
0.40144286
0.40143785
0.40143424
0.4014322
0.401432
0.40143397
0.40143824
0.40144482
0.40145347
0.40146378
0.40147513
0.401487
0.40149894
0.40151066
0.40152204
0.40153304
0.40154365
0.4015538
0.40156317
0.40157154
0.4015785
0.40158337
0.40158594
0.40158594
0.40158394
0.40158033
0.40157613
0.40157205
0.40156832
0.40156513
0.40156206
0.40155867
0.4015543
0.40154898
0.40154305
0.40153733
0.4015327
0.4015298
0.40152916
0.40153104
0.40153533
0.40154183
0.40155017
0.40155995
0.40157062
0.4015814
0.40159127
0.40159908
0.40160397
0.40160578
0.40160456
0.4016012
0.40159658
0.4015918
0.40158802
0.40158612
0.40158665
0.40159014
0.40159672
0.4016064
0.4016189
0.40163356
0.4016495
0.40166527
0.40167958
0.40169114
0.40169907
0.40170315
0.40170357
0.40170085
0.40169626
0.40169078
0.40168568
0.40168187
0.4016798
0.40167928
0.40167958
0.40167952
0.4016779
0.40167367
0.4016663
0.40165588
0.40164298
0.40162873
0.40161446
0.4016013
0.40159035
0.40158212
0.4015767
0.40157372
0.4015723
0.40157145
0.40157044
0.40156844
0.4015654
0.40156114
0.40155587
0.4015498
0.40154296
0.4015358
0.40152845
0.40152106
0.40151367
0.401506
0.40149805
0.40148956
0.40148026
0.4014699
0.4014586
0.4014468
0.40143493
0.40142378
0.4014139
0.40140575
0.40139967
0.40139577
0.4013938
0.40139365
0.401395
0.40139765
0.40140137
0.40140626
0.4014124
0.40141967
0.4014281
0.40143752
0.40144786
0.4014591
0.40147102
0.40148357
0.40149656
0.40150997
0.4015239
0.40153834
0.40155318
0.4015682
0.40158263
0.40159586
0.40160683
0.40161493
0.40161976
0.40162134
0.40161988
0.401616
0.40161037
0.40160343
0.40159565
0.40158725
0.40157837
0.40156943
0.40156087
0.40155315
0.40154672
0.40154183
0.4015386
0.40153667
0.40153566
0.40153518
0.4015348
0.40153426
0.40153337
0.4015323
0.40153122
0.40153053
0.40153077
0.40153193
0.401534
0.40153673
0.40153977
0.40154287
0.4015459
0.4015491
0.4015526
0.40155667
0.40156138
0.4015668
0.40157276
0.40157914
0.401586
0.40159342
0.40160137
0.40161026
0.40162024
0.40163153
0.4016441
0.40165773
0.40167183
0.40168574
0.40169877
0.40170994
0.40171853
0.4017238
0.40172556
0.40172404
0.40171966
0.40171334
0.40170634
0.40170026
0.4016966
0.40169677
0.40170208
0.40171292
0.40172946
0.40175107
0.4017764
0.4018037
0.40183115
0.40185687
0.4018793
0.40189725
0.4019099
0.4019169
0.40191823
0.4019139
0.4019044
0.40188995
0.40187097
0.4018478
0.40182084
0.40179053
0.40175763
0.40172303
0.40168804
0.401654
0.40162224
0.40159371
0.40156934
0.40154928
0.40153378
0.4015228
0.40151593
0.4015128
0.40151286
0.4015155
0.40152037
0.4015271
0.40153563
0.40154594
0.4015583
0.40157306
0.40159023
0.40160963
0.40163058
0.4016519
0.40167186
0.4016889
0.40170148
0.4017084
0.40170896
0.401703
0.40169096
0.40167364
0.4016525
0.40162906
0.40160534
0.40158272
0.40156257
0.40154576
0.40153244
0.40152255
0.40151545
0.4015107
0.4015076
0.4015057
0.40150464
0.40150413
0.401504
0.40150425
0.40150476
0.40150577
0.4015073
0.40150946
0.4015127
0.40151742
0.40152374
0.40153176
0.40154123
0.40155146
0.4015618
0.40157112
0.4015785
0.4015829
0.40158436
0.40158308
0.40157983
0.4015757
0.40157172
0.40156853
0.4015666
0.401566
0.4015665
0.40156752
0.40156856
0.40156907
0.4015689
0.40156797
0.4015665
0.40156478
0.40156332
0.40156275
0.40156376
0.40156677
0.40157205
0.40157962
0.40158918
0.40160015
0.40161166
0.40162292
0.40163288
0.4016405
0.40164512
0.40164644
0.40164468
0.40164062
0.40163523
0.40162957
0.40162462
0.40162116
0.40161973
0.40162036
0.40162256
0.40162554
0.40162805
0.4016288
0.40162677
0.40162134
0.4016125
0.40160105
0.4015884
0.4015764
0.4015671
0.4015624
0.4015642
0.40157416
0.40159434
0.40162694
0.40167537
0.40174446
0.40184143
0.40197697
0.4021674
0.40243563
0.40281168
0.40333816
0.40407315
0.40509513
0.40651014
0.4084597
0.41116437
0.41484666
0.41981563
0.4265449
0.43567568
0.44781992
