0.4426108
0.432115
0.42423952
0.4183063
0.4138718
0.41059136
0.40818083
0.40640038
0.40508947
0.40413004
0.40342593
0.4029099
0.4025323
0.4022567
0.40205616
0.40191093
0.40180668
0.40173304
0.40168226
0.40164855
0.4016275
0.40161568
0.4016108
0.40161133
0.40161633
0.401625
0.4016365
0.40164992
0.40166393
0.40167698
0.40168795
0.40169564
0.40169954
0.40169922
0.40169472
0.40168646
0.40167496
0.4016612
0.4016462
0.40163115
0.40161687
0.40160438
0.4015941
0.4015865
0.40158197
0.40158075
0.40158343
0.40159026
0.40160108
0.40161562
0.40163276
0.4016511
0.40166903
0.40168473
0.40169692
0.40170494
0.40170863
0.4017088
0.40170673
0.40170395
0.4017022
0.4017027
0.4017062
0.40171278
0.40172192
0.40173268
0.40174338
0.4017525
0.4017588
0.4017612
0.40175924
0.40175283
0.4017422
0.40172777
0.40171003
0.40168947
0.40166637
0.4016411
0.4016143
0.40158713
0.4015609
0.401537
0.4015166
0.4015005
0.4014892
0.40148297
0.40148184
0.40148565
0.4014939
0.40150598
0.40152073
0.4015373
0.4015543
0.40157062
0.40158516
0.40159687
0.40160516
0.40160966
0.40161052
0.40160817
0.40160325
0.40159658
0.40158895
0.40158135
0.4015748
0.40156975
0.40156677
0.40156606
0.40156764
0.40157127
0.4015767
0.4015835
0.40159124
0.40159935
0.40160716
0.4016139
0.40161863
0.40162063
0.40161943
0.40161476
0.40160623
0.40159416
0.40157893
0.40156123
0.40154234
0.40152356
0.40150616
0.40149117
0.40147898
0.40146968
0.40146288
0.40145785
0.40145376
0.40144977
0.4014454
0.40144014
0.40143418
0.4014279
0.40142184
0.40141663
0.40141279
0.40141082
0.4014111
0.4014138
0.4014192
0.4014274
0.4014382
0.40145153
0.40146688
0.40148357
0.40150067
0.40151724
0.4015323
0.40154502
0.4015552
0.40156284
0.40156785
0.40157086
0.40157282
0.40157467
0.40157735
0.4015816
0.4015881
0.40159705
0.4016083
0.40162116
0.40163463
0.40164736
0.4016578
0.40166476
0.4016676
0.401666
0.40166026
0.401651
0.4016393
0.40162614
0.4016125
0.4015991
0.40158692
0.40157625
0.40156752
0.4015609
0.4015567
0.4015552
0.40155718
0.4015628
0.4015724
0.40158588
0.40160275
0.40162235
0.4016439
0.4016666
0.40168977
0.40171266
0.40173417
0.4017531
0.40176812
0.40177822
0.40178254
0.40178055
0.4017722
0.40175787
0.40173823
0.4017145
0.40168816
0.40166062
0.4016336
0.40160832
0.4015862
0.40156832
0.4015554
0.4015477
0.40154538
0.40154812
0.40155518
0.40156564
0.4015781
0.40159112
0.4016031
0.40161303
0.4016201
0.4016243
0.40162587
0.40162554
0.401624
0.401622
0.4016199
0.40161788
0.40161547
0.40161222
0.40160766
0.40160152
0.40159363
0.4015839
0.40157282
0.40156075
0.4015484
0.4015364
0.40152538
0.40151584
0.40150797
0.40150166
0.4014967
0.40149266
0.40148896
0.40148494
0.4014801
0.40147388
0.40146622
0.40145734
0.40144798
0.4014388
0.40143073
0.40142417
0.40141967
0.4014176
0.40141803
0.4014209
0.4014258
0.40143242
0.4014403
0.40144873
0.4014572
0.4014647
0.40147054
0.40147388
0.40147445
0.4014724
0.4014685
0.40146342
0.40145823
0.40145388
0.40145114
0.40145063
0.4014529
0.4014581
0.40146622
0.40147698
0.40149
0.40150476
0.40152064
0.40153694
0.40155277
0.40156713
0.4015793
0.40158862
0.40159467
0.4015974
0.40159732
0.401595
0.40159136
0.4015874
0.40158373
0.40158084
0.4015788
0.40157783
0.40157795
0.40157956
0.40158305
0.401589
0.40159732
0.40160784
0.40161976
0.40163216
0.4016442
0.40165526
0.40166524
0.40167454
0.4016837
0.40169334
0.40170386
0.4017151
0.40172657
0.40173733
0.40174642
0.40175313
0.40175706
0.4017584
0.40175754
0.4017554
0.40175256
0.4017494
0.4017461
0.40174234
0.4017379
0.40173227
0.40172508
0.40171587
0.40170428
0.40169004
0.4016733
0.40165448
0.4016345
0.40161455
0.40159568
0.40157914
0.40156567
0.40155575
0.40154943
0.40154666
0.401547
0.4015501
0.40155542
0.4015623
0.40157026
0.4015787
0.4015874
0.40159568
0.40160322
0.40160903
0.4016124
0.40161282
0.40160996
0.40160406
0.40159565
0.40158573
0.40157515
0.40156522
0.40155706
0.4015517
0.40154976
0.40155172
0.4015577
0.40156773
0.40158176
0.40159944
0.40162045
0.4016444
0.40167058
0.40169838
0.40172666
0.40175432
0.40178037
0.40180388
0.40182433
0.40184113
0.40185383
0.40186235
0.40186623
0.40186548
0.40186012
0.40185022
0.40183607
0.40181813
0.40179694
0.40177348
0.40174848
0.40172273
0.40169692
0.40167144
0.40164655
0.40162277
0.40160033
0.4015794
0.40156022
0.40154275
0.4015271
0.40151343
0.40150172
0.40149218
0.40148512
0.40148067
0.4014787
0.40147898
0.40148073
0.40148315
0.40148515
0.40148565
0.40148383
0.4014793
0.4014721
0.4014628
0.40145218
0.40144116
0.40143082
0.40142184
0.401415
0.40141064
0.40140888
0.40140978
0.40141326
0.40141928
0.40142778
0.4014385
0.4014512
0.40146562
0.40148118
0.40149724
0.40151316
0.40152782
0.40154043
0.40154982
0.40155524
0.40155637
0.4015535
0.40154737
0.40153924
0.40153018
0.40152144
0.40151402
0.40150887
0.40150657
0.4015075
0.4015117
0.40151897
0.40152913
0.40154165
0.40155637
0.40157264
0.40158984
0.4016069
0.4016226
0.40163583
0.4016457
0.40165192
0.40165457
0.40165406
0.40165114
0.40164652
0.4016408
0.4016343
0.40162703
0.401619
0.40161043
0.40160152
0.4015928
0.40158513
0.40157896
0.4015746
0.40157196
0.4015706
0.40157
0.4015694
0.40156838
0.4015669
0.40156513
0.4015639
0.401564
0.40156627
0.40157133
0.4015795
0.40159062
0.40160415
0.40161902
0.4016339
0.40164715
0.4016574
0.40166378
0.4016659
0.40166408
0.40165886
0.40165135
0.4016426
0.40163356
0.40162516
0.40161794
0.40161234
0.4016085
0.4016062
0.40160504
0.40160453
0.4016042
0.40160382
0.40160337
0.4016033
0.4016039
0.40160576
0.4016091
0.4016138
0.40161937
0.40162498
0.4016296
0.4016325
0.40163326
0.4016319
0.40162906
0.40162548
0.40162182
0.4016184
0.4016152
0.40161192
0.40160826
0.4016041
0.40159944
0.40159494
0.401591
0.40158808
0.4015866
0.40158698
0.40158948
0.40159413
0.4016006
0.40160835
0.40161687
0.4016257
0.4016345
0.40164348
0.40165266
0.40166187
0.40167078
0.401679
0.40168622
0.40169212
0.4016965
0.40169916
0.4016995
0.4016972
0.40169176
0.40168327
0.4016721
0.40165868
0.40164378
0.40162808
0.40161222
0.40159672
0.4015817
0.40156743
0.40155405
0.40154165
0.40153047
0.4015211
0.40151432
0.4015111
0.40151218
0.40151832
0.40152988
0.40154684
0.4015689
0.40159535
0.40162525
0.40165737
0.40169054
0.40172333
0.40175462
0.4017834
0.40180883
0.40183046
0.4018478
0.40186056
0.40186882
0.40187255
0.40187228
0.40186885
0.40186313
0.4018562
0.40184885
0.4018413
0.40183368
0.40182582
0.4018178
0.40180978
0.40180197
0.40179446
0.4017874
0.40178052
0.40177393
0.40176776
0.4017624
0.4017584
0.4017565
0.4017569
0.40175962
0.40176427
0.4017705
0.40177816
0.4017873
0.40179798
0.4018101
0.40182328
0.40183687
0.40185004
0.40186194
0.40187177
0.40187886
0.40188277
0.40188313
0.40187967
0.40187222
0.40186042
0.40184423
0.40182382
0.4017995
0.40177175
0.40174145
0.4017092
0.40167594
0.40164256
0.40160972
0.40157798
0.40154764
0.40151903
0.40149233
0.40146786
0.40144584
0.40142632
0.40140945
0.40139544
0.40138438
0.40137652
0.40137193
0.40137076
0.40137294
0.40137866
0.40138772
0.4014003
0.40141606
0.40143484
0.40145612
0.4014794
0.40150386
0.4015288
0.40155342
0.40157694
0.40159854
0.4016174
0.40163273
0.4016436
0.4016492
0.40164906
0.40164286
0.40163112
0.40161473
0.40159503
0.40157375
0.4015525
0.40153277
0.40151578
0.40150228
0.40149295
0.4014882
0.40148827
0.40149316
0.40150264
0.40151653
0.40153435
0.40155545
0.4015791
0.4016042
0.40162933
0.4016528
0.40167284
0.40168786
0.40169683
0.40169933
0.40169537
0.40168574
0.4016715
0.40165395
0.40163445
0.4016145
0.40159494
0.40157688
0.40156093
0.40154767
0.4015373
0.40152997
0.40152562
0.401524
0.40152475
0.40152732
0.40153122
0.40153608
0.40154156
0.40154728
0.4015531
0.40155885
0.40156466
0.40157104
0.4015785
0.40158734
0.40159786
0.40160957
0.40162158
0.40163288
0.4016419
0.4016475
0.40164888
0.401646
0.40163922
0.4016295
0.40161774
0.4016049
0.4015916
0.40157813
0.40156472
0.4015513
0.4015381
0.40152553
0.40151381
0.40150344
0.40149435
0.40148667
0.40148026
0.40147516
0.4014714
0.40146893
0.4014678
0.40146795
0.4014694
0.40147224
0.4014763
0.40148178
0.4014889
0.40149787
0.40150887
0.40152198
0.4015374
0.40155506
0.40157494
0.40159705
0.40162095
0.40164617
0.40167204
0.4016976
0.40172204
0.4017446
0.4017647
0.40178183
0.4017959
0.40180644
0.4018133
0.40181604
0.40181452
0.40180847
0.4017977
0.40178242
0.40176323
0.40174085
0.4017165
0.40169138
0.4016668
0.40164393
0.40162334
0.40160543
0.40159008
0.401577
0.40156597
0.40155643
0.40154782
0.40153983
0.40153208
0.4015248
0.40151852
0.4015141
0.40151232
0.401514
0.40151936
0.40152875
0.40154174
0.40155777
0.40157613
0.40159568
0.40161556
0.40163457
0.40165138
0.40166485
0.40167388
0.40167785
0.40167668
0.40167078
0.401661
0.40164846
0.40163445
0.4016198
0.40160537
0.40159187
0.40157992
0.40156993
0.40156212
0.4015567
0.4015533
0.40155184
0.40155208
0.40155363
0.4015562
0.4015595
0.40156367
0.40156892
0.40157583
0.4015849
0.40159658
0.40161106
0.40162858
0.40164882
0.40167108
0.40169436
0.40171725
0.40173832
0.40175644
0.40177056
0.40178037
0.40178543
0.4017858
0.40178156
0.40177298
0.40176055
0.40174496
0.40172714
0.4017084
0.40168998
0.40167314
0.40165895
0.40164787
0.40163994
0.40163505
0.40163258
0.4016318
0.4016319
0.40163207
0.40163127
0.4016288
0.4016245
0.40161824
0.40161046
0.40160152
0.40159193
0.40158203
0.40157214
0.40156245
0.40155318
0.4015448
0.40153757
0.4015318
0.4015278
0.40152565
0.4015255
0.4015274
0.40153155
0.4015377
0.40154558
0.4015545
0.4015637
0.40157232
0.4015799
0.40158665
0.40159333
0.40160182
0.4016145
0.40163478
0.4016673
0.40171835
0.40179655
0.40191394
0.4020873
0.4023407
0.40270394
0.40321937
0.40394497
0.40495932
0.40636888
0.40831587
0.41102102
0.4147081
0.41968676
0.42643118
0.43558243
0.447751
