0.4425097
0.43198696
0.4240934
0.41815108
0.41371673
0.41044527
0.40805143
0.40629405
0.40501165
0.40408456
0.40341613
0.40293747
0.40259695
0.40235576
0.40218484
0.40206283
0.4019741
0.40190747
0.4018551
0.40181166
0.40177384
0.4017398
0.4017088
0.40168056
0.40165532
0.4016334
0.40161523
0.40160134
0.40159178
0.4015865
0.40158513
0.40158665
0.40159005
0.401594
0.40159732
0.40159932
0.4015997
0.40159875
0.40159684
0.40159485
0.40159371
0.4015945
0.40159765
0.40160376
0.4016128
0.40162456
0.40163857
0.40165406
0.40167016
0.40168622
0.4017015
0.40171537
0.4017273
0.4017372
0.40174565
0.40175375
0.40176344
0.40177718
0.40179864
0.40183243
0.40188524
0.401966
0.4020868
0.40226394
0.40252206
0.40289018
0.4034102
0.40413988
0.40515712
0.4065675
0.4085123
0.41121173
0.41488847
0.41985142
0.42657378
0.43569788
0.44783574
