0.4425698
0.43206418
0.4241836
0.41825062
0.41382176
0.41055226
0.40815675
0.4063943
0.40510342
0.4041644
0.40348002
0.40298143
0.40261754
0.40235063
0.4021532
0.4020054
0.40189368
0.40180874
0.40174463
0.40169728
0.40166384
0.4016421
0.4016301
0.4016262
0.40162846
0.4016355
0.4016458
0.4016581
0.4016715
0.40168497
0.40169746
0.40170768
0.4017147
0.40171775
0.40171683
0.40171218
0.40170464
0.40169504
0.40168434
0.40167308
0.40166125
0.4016485
0.40163413
0.40161747
0.40159833
0.40157685
0.40155378
0.4015303
0.4015075
0.40148664
0.40146863
0.40145412
0.40144345
0.40143666
0.40143365
0.40143412
0.40143806
0.4014452
0.4014554
0.40146834
0.4014834
0.40149972
0.40151638
0.40153208
0.40154555
0.4015555
0.40156123
0.40156242
0.4015593
0.40155277
0.40154406
0.40153453
0.4015256
0.40151837
0.40151364
0.40151182
0.40151292
0.4015168
0.4015232
0.40153173
0.40154216
0.40155396
0.4015665
0.4015791
0.40159088
0.4016011
0.40160945
0.40161592
0.4016209
0.4016252
0.40162945
0.40163395
0.40163884
0.4016439
0.40164906
0.40165427
0.40165988
0.401666
0.40167218
0.40167797
0.4016827
0.40168563
0.40168652
0.4016854
0.40168235
0.40167764
0.40167132
0.40166342
0.40165398
0.40164316
0.4016314
0.40161934
0.40160757
0.4015967
0.4015873
0.40157992
0.4015752
0.4015736
0.40157565
0.4015814
0.40159082
0.40160337
0.4016179
0.40163305
0.4016471
0.40165824
0.40166494
0.4016663
0.401662
0.40165237
0.4016384
0.40162164
0.4016037
0.4015863
0.40157077
0.40155822
0.40154946
0.40154508
0.40154523
0.40154982
0.4015584
0.40156996
0.4015834
0.40159756
0.40161136
0.40162423
0.4016359
0.40164664
0.40165707
0.40166754
0.40167812
0.40168875
0.40169898
0.40170863
0.40171754
0.40172553
0.40173233
0.40173745
0.4017404
0.40174073
0.40173826
0.40173304
0.40172526
0.40171543
0.40170386
0.40169126
0.40167832
0.40166572
0.40165395
0.40164334
0.40163428
0.40162718
0.4016226
0.40162107
0.40162268
0.40162772
0.40163583
0.4016465
0.401659
0.40167278
0.4016875
0.40170282
0.40171817
0.40173298
0.4017461
0.40175664
0.401764
0.40176785
0.40176827
0.4017658
0.4017611
0.4017547
0.4017469
0.40173793
0.4017279
0.4017174
0.40170673
0.40169635
0.40168646
0.40167674
0.4016669
0.40165642
0.40164468
0.40163162
0.4016177
0.4016037
0.40159076
0.4015799
0.40157196
0.40156743
0.4015665
0.40156934
0.40157598
0.40158692
0.40160212
0.4016215
0.40164438
0.40166953
0.40169546
0.40172017
0.4017418
0.40175882
0.40177014
0.40177512
0.40177384
0.40176657
0.40175408
0.40173763
0.4017182
0.40169704
0.40167505
0.40165308
0.40163216
0.40161303
0.4015966
0.4015836
0.4015748
0.40157032
0.4015703
0.40157425
0.4015814
0.40159082
0.4016012
0.40161127
0.40161967
0.40162542
0.40162796
0.4016272
0.40162364
0.40161774
0.40161
0.4016008
0.4015904
0.40157908
0.40156728
0.4015559
0.40154573
0.4015379
0.4015329
0.40153107
0.40153265
0.40153733
0.40154496
0.40155485
0.4015663
0.40157822
0.4015894
0.40159845
0.4016042
0.40160576
0.40160286
0.40159568
0.40158492
0.40157166
0.4015574
0.40154377
0.40153268
0.40152532
0.4015227
0.40152532
0.40153304
0.40154514
0.4015606
0.40157798
0.40159568
0.4016123
0.4016268
0.4016384
0.40164703
0.40165237
0.40165418
0.40165234
0.4016471
0.4016391
0.40162918
0.40161824
0.40160745
0.40159795
0.4015909
0.4015873
0.40158784
0.4015928
0.40160224
0.40161568
0.40163222
0.4016506
0.4016692
0.40168634
0.40170044
0.40171033
0.40171516
0.4017147
0.40170926
0.40169933
0.40168595
0.40167022
0.40165347
0.40163705
0.40162218
0.40160936
0.40159896
0.40159073
0.40158436
0.40157926
0.40157548
0.40157324
0.40157324
0.40157607
0.40158197
0.40159085
0.401602
0.40161425
0.40162617
0.40163627
0.40164325
0.40164623
0.40164527
0.40164068
0.40163344
0.4016247
0.40161592
0.40160814
0.40160245
0.40159962
0.4016002
0.40160432
0.401612
0.401623
0.40163693
0.40165353
0.40167254
0.40169358
0.4017158
0.40173805
0.40175912
0.40177774
0.40179318
0.4018046
0.4018116
0.40181378
0.4018112
0.40180406
0.40179297
0.40177885
0.40176293
0.40174663
0.40173152
0.40171888
0.40170977
0.40170455
0.40170288
0.40170392
0.4017063
0.40170887
0.4017106
0.401711
0.40170994
0.40170762
0.40170467
0.40170166
0.401699
0.40169677
0.40169472
0.40169227
0.4016888
0.40168393
0.4016774
0.40166944
0.40166014
0.40164983
0.40163854
0.40162683
0.40161517
0.40160447
0.4015958
0.40159014
0.40158817
0.40159038
0.40159658
0.40160602
0.4016179
0.40163088
0.40164343
0.40165433
0.40166277
0.40166858
0.40167195
0.40167382
0.40167513
0.40167707
0.4016805
0.40168625
0.40169474
0.40170598
0.4017196
0.40173507
0.4017514
0.40176752
0.4017822
0.4017943
0.40180284
0.40180686
0.40180573
0.40179932
0.40178773
0.40177134
0.40175107
0.4017279
0.40170318
0.40167803
0.4016541
0.40163258
0.40161446
0.4016003
0.40159068
0.4015856
0.401585
0.40158895
0.40159732
0.4016101
0.40162668
0.40164617
0.40166727
0.4016885
0.40170813
0.40172482
0.40173775
0.4017464
0.40175077
0.40175152
0.40174955
0.40174606
0.40174216
0.4017388
0.40173617
0.40173396
0.4017316
0.4017281
0.40172243
0.40171406
0.40170252
0.40168786
0.40167072
0.40165204
0.40163335
0.40161628
0.4016023
0.40159297
0.40158936
0.4015925
0.40160254
0.40161937
0.4016422
0.4016698
0.40170038
0.4017322
0.4017636
0.40179318
0.40182
0.40184343
0.4018631
0.40187898
0.40189102
0.40189928
0.40190375
0.4019042
0.40190065
0.40189296
0.40188113
0.4018654
0.40184617
0.40182397
0.40179953
0.40177384
0.40174776
0.40172228
0.4016979
0.40167502
0.4016534
0.40163293
0.40161335
0.40159443
0.40157586
0.4015574
0.40153906
0.40152133
0.40150467
0.4014898
0.40147734
0.4014678
0.40146166
0.4014591
0.40146008
0.4014644
0.40147153
0.40148082
0.40149134
0.40150204
0.40151185
0.4015199
0.4015254
0.40152854
0.40152955
0.401529
0.40152755
0.4015259
0.40152502
0.40152583
0.40152928
0.40153617
0.40154704
0.40156198
0.40158045
0.40160167
0.40162438
0.40164718
0.40166855
0.40168715
0.40170217
0.4017132
0.4017201
0.40172306
0.4017222
0.40171754
0.40170896
0.40169677
0.4016812
0.4016633
0.4016441
0.40162498
0.4016073
0.40159205
0.4015799
0.40157112
0.40156534
0.40156195
0.4015599
0.40155825
0.4015562
0.40155336
0.40155002
0.4015467
0.40154424
0.4015437
0.40154588
0.40155143
0.40156063
0.4015735
0.40158954
0.401608
0.40162772
0.40164724
0.40166515
0.4016799
0.40169072
0.40169737
0.40170035
0.40170068
0.40169975
0.40169907
0.40169993
0.4017033
0.40170956
0.40171862
0.40172982
0.4017422
0.4017543
0.40176466
0.40177187
0.4017751
0.40177372
0.40176776
0.40175754
0.40174365
0.40172702
0.40170887
0.40169033
0.40167242
0.4016559
0.40164134
0.40162873
0.4016183
0.40160987
0.4016035
0.40159935
0.40159792
0.40159988
0.40160552
0.40161496
0.401628
0.40164366
0.40166086
0.401678
0.40169367
0.40170673
0.40171596
0.40172085
0.40172106
0.4017167
0.4017083
0.4016966
0.40168273
0.40166777
0.40165275
0.40163836
0.40162516
0.40161327
0.40160236
0.4015919
0.40158117
0.40156978
0.4015578
0.40154552
0.40153357
0.40152258
0.40151295
0.40150514
0.40149924
0.40149516
0.40149245
0.40149078
0.4014894
0.4014883
0.40148744
0.40148693
0.40148717
0.40148866
0.40149185
0.40149722
0.40150487
0.40151486
0.40152678
0.40154055
0.40155557
0.401571
0.40158588
0.40159887
0.4016086
0.40161392
0.4016142
0.4016089
0.40159842
0.4015834
0.40156496
0.40154457
0.40152347
0.401503
0.4014842
0.40146795
0.4014548
0.40144518
0.40143925
0.40143695
0.40143788
0.40144178
0.40144813
0.4014566
0.4014664
0.40147722
0.4014884
0.4014993
0.40150926
0.40151757
0.40152374
0.40152717
0.4015277
0.4015256
0.40152124
0.40151566
0.40150988
0.40150484
0.40150136
0.40150025
0.40150216
0.4015075
0.40151638
0.40152863
0.40154353
0.40156016
0.40157717
0.40159324
0.40160695
0.40161705
0.40162233
0.40162218
0.40161666
0.40160605
0.40159142
0.40157384
0.40155506
0.40153667
0.40152022
0.40150732
0.40149906
0.4014961
0.40149903
0.40150785
0.40152207
0.40154076
0.4015626
0.40158588
0.4016086
0.40162873
0.4016447
0.40165538
0.4016605
0.40166032
0.4016558
0.40164825
0.40163898
0.40162936
0.4016205
0.4016132
0.4016079
0.40160477
0.40160382
0.40160483
0.4016075
0.4016112
0.4016155
0.40162003
0.40162447
0.40162885
0.40163293
0.4016366
0.40163982
0.4016426
0.40164495
0.40164658
0.4016473
0.4016469
0.40164554
0.40164325
0.40164018
0.40163624
0.40163118
0.40162438
0.40161568
0.40160483
0.40159222
0.40157813
0.40156284
0.4015467
0.40153015
0.40151381
0.40149817
0.40148342
0.40146968
0.4014569
0.40144497
0.40143412
0.40142488
0.40141782
0.40141356
0.4014126
0.40141517
0.4014214
0.40143102
0.4014437
0.4014585
0.40147454
0.4014906
0.4015059
0.40151986
0.40153262
0.40154454
0.4015562
0.40156794
0.4015798
0.40159145
0.40160227
0.40161148
0.40161863
0.4016231
0.40162483
0.4016241
0.40162167
0.40161854
0.4016157
0.4016138
0.40161312
0.40161327
0.40161374
0.40161374
0.40161234
0.40160868
0.40160194
0.40159187
0.40157828
0.40156156
0.40154222
0.40152106
0.40149894
0.40147683
0.40145555
0.4014359
0.40141866
0.4014043
0.40139312
0.40138558
0.40138164
0.4013813
0.4013844
0.40139058
0.4013996
0.40141144
0.40142602
0.40144342
0.4014636
0.40148664
0.40151212
0.40153968
0.40156853
0.40159765
0.401626
0.40165222
0.4016752
0.40169406
0.4017084
0.40171793
0.40172264
0.40172255
0.40171784
0.40170908
0.40169707
0.40168306
0.40166855
0.40165505
0.40164402
0.40163645
0.40163282
0.40163326
0.40163714
0.4016435
0.40165126
0.40165955
0.40166777
0.40167552
0.40168235
0.4016877
0.40169108
0.40169188
0.4016901
0.40168583
0.40167946
0.4016714
0.4016622
0.4016525
0.40164304
0.40163496
0.40162924
0.40162656
0.4016275
0.40163216
0.40164053
0.40165222
0.40166664
0.40168327
0.4017013
0.40171987
0.40173814
0.40175563
0.40177187
0.4017868
0.40180057
0.401813
0.40182385
0.40183267
0.40183884
0.40184176
0.40184087
0.40183565
0.4018258
0.4018114
0.40179285
0.40177092
0.40174645
0.40172073
0.40169516
0.401671
0.40164912
0.40163028
0.4016144
0.40160134
0.4015905
0.4015812
0.40157264
0.40156448
0.40155676
0.40155002
0.40154514
0.40154305
0.40154466
0.4015503
0.40156028
0.4015744
0.4015923
0.40161332
0.40163642
0.4016603
0.4016833
0.40170366
0.40171978
0.40173033
0.40173435
0.40173167
0.40172246
0.40170768
0.40168852
0.40166643
0.40164295
0.40161926
0.4015963
0.40157455
0.40155435
0.4015358
0.40151906
0.4015041
0.40149096
0.40147975
0.40147063
0.40146387
0.40145957
0.40145797
0.40145898
0.4014624
0.40146786
0.40147486
0.4014826
0.4014903
0.40149707
0.4015026
0.4015068
0.40151012
0.40151337
0.40151748
0.4015231
0.40153098
0.40154088
0.40155256
0.40156505
0.40157735
0.40158832
0.40159747
0.40160456
0.40161005
0.4016148
0.40161952
0.401625
0.4016317
0.40163967
0.40164873
0.40165827
0.4016674
0.40167508
0.4016801
0.4016815
0.4016791
0.4016728
0.4016634
0.40165174
0.40163925
0.40162703
0.40161613
0.40160713
0.40160024
0.40159535
0.4015919
0.4015894
0.40158704
0.40158427
0.40158015
0.40157455
0.40156743
0.40155923
0.4015508
0.40154275
0.4015356
0.40152964
0.40152466
0.4015203
0.40151593
0.40151113
0.40150553
0.40149912
0.40149203
0.4014846
0.4014775
0.40147147
0.40146726
0.40146574
0.40146738
0.40147254
0.40148133
0.40149388
0.40151003
0.40152946
0.40155157
0.40157557
0.4016004
0.4016247
0.40164718
0.4016662
0.40168062
0.4016896
0.40169284
0.40169054
0.40168318
0.40167165
0.40165693
0.4016401
0.4016221
0.4016041
0.40158707
0.40157223
0.40156046
0.40155244
0.40154886
0.4015501
0.40155625
0.40156728
0.40158257
0.40160137
0.4016224
0.4016442
0.40166512
0.4016839
0.40169942
0.4017114
0.40171948
0.40172377
0.40172443
0.40172195
0.40171707
0.40171093
0.40170497
0.4017006
0.40169904
0.40170082
0.40170598
0.4017139
0.4017237
0.40173432
0.401745
0.4017549
0.40176368
0.40177116
0.40177798
0.40178478
0.40179238
0.4018017
0.401813
0.40182632
0.40184098
0.40185606
0.4018704
0.40188286
0.40189248
0.40189856
0.40190065
0.40189847
0.4018918
0.40188053
0.40186462
0.40184432
0.40181962
0.4017913
0.4017602
0.40172753
0.40169504
0.4016645
0.4016373
0.40161428
0.40159604
0.40158263
0.40157384
0.40156925
0.4015683
0.4015705
0.4015754
0.40158224
0.40159026
0.40159842
0.40160605
0.40161198
0.40161535
0.40161547
0.40161198
0.4016052
0.4015958
0.4015847
0.40157312
0.40156233
0.4015537
0.40154827
0.40154687
0.40155002
0.40155798
0.40157068
0.40158767
0.4016081
0.40163058
0.40165365
0.40167567
0.40169516
0.40171087
0.40172213
0.40172866
0.40173066
0.40172878
0.40172416
0.40171802
0.40171155
0.40170568
0.40170145
0.4016993
0.4016991
0.4017003
0.40170178
0.40170246
0.40170118
0.40169695
0.40168944
0.40167865
0.4016652
0.40165
0.40163445
0.4016198
0.40160728
0.4015974
0.40159047
0.40158597
0.4015832
0.40158147
0.4015801
0.4015788
0.40157786
0.40157786
0.40157974
0.4015843
0.4015921
0.40160328
0.40161777
0.40163523
0.4016552
0.40167722
0.40170085
0.4017257
0.40175053
0.40177423
0.4017955
0.40181336
0.4018269
0.40183535
0.40183848
0.40183595
0.4018281
0.40181533
0.4017984
0.40177828
0.40175605
0.40173277
0.40170938
0.4016868
0.40166572
0.40164706
0.4016317
0.40162018
0.40161285
0.40160933
0.40160894
0.40161073
0.4016137
0.4016172
0.40162078
0.40162438
0.4016282
0.40163216
0.40163597
0.4016393
0.40164143
0.40164196
0.40164092
0.40163845
0.40163505
0.4016314
0.40162805
0.40162513
0.4016226
0.4016202
0.40161765
0.401615
0.40161255
0.401611
0.40161076
0.4016124
0.401616
0.40162134
0.40162772
0.40163413
0.4016394
0.4016426
0.40164304
0.4016405
0.4016353
0.40162787
0.401619
0.4016093
0.40159908
0.40158874
0.40157855
0.40156856
0.40155903
0.4015501
0.40154195
0.40153494
0.40152928
0.40152514
0.4015227
0.40152195
0.4015226
0.4015248
0.40152863
0.40153396
0.40154088
0.401549
0.40155795
0.40156704
0.40157554
0.4015829
0.40158874
0.4015931
0.40159637
0.40159887
0.40160066
0.40160173
0.40160194
0.4016009
0.40159842
0.40159476
0.40159056
0.40158692
0.401585
0.40158638
0.4015922
0.4016033
0.40162006
0.40164217
0.40166873
0.4016981
0.40172842
0.4017574
0.401783
0.40180355
0.40181777
0.40182495
0.40182474
0.4018174
0.40180343
0.4017836
0.401759
0.40173092
0.401701
0.40167114
0.4016434
0.40161926
0.40160006
0.40158632
0.4015782
0.40157515
0.40157613
0.40157992
0.40158486
0.4015899
0.4015943
0.40159798
0.40160108
0.40160394
0.4016067
0.40160936
0.40161195
0.40161476
0.40161765
0.40162063
0.40162337
0.40162557
0.40162683
0.40162617
0.40162316
0.4016173
0.4016088
0.4015982
0.40158665
0.40157565
0.40156683
0.4015615
0.4015607
0.40156484
0.40157402
0.40158755
0.4016044
0.40162295
0.40164134
0.4016575
0.40166962
0.40167645
0.40167716
0.401672
0.4016616
0.4016476
0.40163162
0.4016157
0.40160185
0.40159136
0.40158546
0.4015846
0.40158886
0.40159777
0.40161023
0.4016249
0.4016399
0.40165356
0.4016642
0.40167066
0.40167245
0.40166965
0.4016629
0.4016531
0.40164128
0.40162838
0.4016152
0.4016026
0.40159136
0.40158197
0.40157494
0.40157077
0.4015694
0.40157092
0.40157503
0.4015813
0.4015893
0.40159866
0.4016089
0.40161988
0.40163112
0.40164253
0.40165392
0.40166476
0.40167448
0.4016826
0.40168884
0.40169328
0.4016962
0.4016981
0.4016997
0.40170136
0.40170377
0.40170705
0.4017116
0.40171772
0.40172556
0.40173522
0.40174663
0.4017596
0.4017733
0.40178686
0.40179914
0.40180907
0.40181595
0.4018191
0.40181822
0.40181312
0.40180373
0.40179005
0.4017722
0.40175056
0.40172577
0.40169883
0.40167108
0.40164393
0.40161872
0.40159675
0.40157878
0.4015652
0.40155616
0.4015513
0.40155
0.40155143
0.40155485
0.4015599
0.40156686
0.40157673
0.40159094
0.4016115
0.40164095
0.40168226
0.40173933
0.40181726
0.40192312
0.40206692
0.4022636
0.40253505
0.40291014
0.403431
0.40415585
0.40516397
0.40656298
0.4084957
0.41118425
0.4148535
0.419813
0.42653584
0.43566507
0.44781095
