0.44256753
0.43206272
0.42418438
0.4182546
0.4138292
0.41056237
0.40816775
0.4064042
0.40511015
0.40416625
0.40347558
0.4029699
0.4025986
0.40232453
0.40212032
0.40196624
0.40184784
0.40175512
0.4016812
0.40162158
0.40157324
0.4015343
0.40150353
0.40148008
0.40146327
0.40145266
0.4014477
0.40144786
0.40145266
0.40146127
0.4014731
0.40148735
0.40150312
0.4015197
0.40153646
0.4015526
0.40156743
0.40158018
0.4015898
0.40159538
0.40159607
0.40159133
0.40158135
0.40156674
0.40154892
0.4015296
0.40151048
0.40149307
0.40147844
0.401467
0.40145856
0.40145257
0.40144798
0.4014436
0.40143853
0.40143186
0.40142345
0.40141368
0.4014032
0.40139264
0.40138263
0.40137368
0.40136588
0.40135938
0.40135407
0.40135017
0.4013473
0.40134588
0.40134597
0.40134785
0.40135166
0.40135756
0.40136585
0.40137655
0.40139002
0.4014065
0.40142602
0.40144843
0.4014734
0.4015003
0.40152842
0.40155703
0.40158528
0.4016125
0.40163812
0.40166155
0.401682
0.4016986
0.4017107
0.40171778
0.40171978
0.40171692
0.4017099
0.40169993
0.40168813
0.40167567
0.40166348
0.40165207
0.40164205
0.40163353
0.40162647
0.40162063
0.4016156
0.40161052
0.40160504
0.40159902
0.40159255
0.40158617
0.40158048
0.40157598
0.40157282
0.40157086
0.40157023
0.401571
0.40157372
0.40157855
0.40158555
0.40159467
0.40160534
0.40161687
0.40162826
0.40163872
0.4016475
0.4016545
0.40165973
0.4016638
0.40166768
0.4016721
0.40167773
0.40168488
0.4016931
0.4017016
0.40170917
0.40171444
0.40171632
0.40171382
0.4017067
0.4016949
0.401679
0.40166014
0.40163988
0.40161997
0.401602
0.4015874
0.401577
0.401571
0.4015692
0.40157074
0.4015746
0.4015794
0.4015839
0.40158758
0.4015901
0.4015918
0.4015934
0.40159535
0.401598
0.40160143
0.40160543
0.4016099
0.40161476
0.4016203
0.40162662
0.40163398
0.40164232
0.40165168
0.4016622
0.40167373
0.4016855
0.40169686
0.40170655
0.40171373
0.4017179
0.40171918
0.40171775
0.40171438
0.4017097
0.40170428
0.40169853
0.4016925
0.40168595
0.40167883
0.40167102
0.4016627
0.40165386
0.40164435
0.40163428
0.40162343
0.401612
0.40160033
0.40158844
0.4015767
0.40156513
0.4015538
0.40154296
0.40153283
0.40152356
0.4015152
0.40150782
0.40150177
0.40149742
0.4014954
0.4014963
0.40150046
0.401508
0.4015185
0.40153125
0.40154514
0.40155876
0.4015706
0.4015791
0.4015833
0.401583
0.4015786
0.40157127
0.40156272
0.4015543
0.40154722
0.40154225
0.40153995
0.4015403
0.40154332
0.40154862
0.40155587
0.40156472
0.40157488
0.40158612
0.40159798
0.40160978
0.40162063
0.4016296
0.4016362
0.40164018
0.40164185
0.40164194
0.40164125
0.40164027
0.40163922
0.4016381
0.40163687
0.40163577
0.40163562
0.40163746
0.4016423
0.401651
0.40166414
0.40168175
0.40170345
0.4017286
0.40175605
0.40178448
0.40181276
0.4018398
0.4018649
0.40188766
0.4019078
0.40192547
0.40194094
0.4019543
0.40196586
0.40197578
0.40198448
0.4019921
0.401999
0.40200526
0.40201077
0.40201518
0.402018
0.40201887
0.40201724
0.4020128
0.40200496
0.40199345
0.40197793
0.40195826
0.40193433
0.40190628
0.4018745
0.40183917
0.40180102
0.4017611
0.40172058
0.4016809
0.4016436
0.40161014
0.40158153
0.40155855
0.40154138
0.40152988
0.40152347
0.40152124
0.40152207
0.40152475
0.401528
0.40153074
0.40153205
0.40153155
0.40152934
0.40152577
0.40152147
0.40151712
0.40151337
0.40151113
0.4015109
0.40151334
0.40151888
0.40152764
0.40153962
0.40155447
0.40157172
0.40159085
0.401611
0.40163127
0.4016503
0.40166688
0.40167975
0.4016883
0.4016923
0.401692
0.40168813
0.40168148
0.40167278
0.40166262
0.4016512
0.4016389
0.4016259
0.4016128
0.40159985
0.40158728
0.4015753
0.40156394
0.4015531
0.40154296
0.4015337
0.40152577
0.4015191
0.401514
0.40151024
0.401508
0.40150738
0.40150875
0.40151218
0.4015177
0.40152505
0.40153393
0.40154377
0.4015542
0.40156448
0.40157375
0.4015812
0.4015859
0.4015874
0.40158564
0.40158153
0.40157613
0.40157095
0.40156737
0.40156657
0.40156943
0.40157628
0.40158683
0.40160006
0.40161455
0.4016285
0.40164012
0.40164772
0.40165025
0.40164733
0.40163913
0.40162688
0.40161192
0.4015959
0.4015802
0.40156606
0.40155384
0.4015438
0.40153593
0.40153039
0.4015274
0.4015273
0.40153006
0.4015356
0.4015438
0.40155414
0.40156624
0.40157956
0.40159371
0.40160817
0.40162256
0.40163642
0.40164962
0.401662
0.40167347
0.40168354
0.40169156
0.40169653
0.4016978
0.40169504
0.4016883
0.4016783
0.40166593
0.4016523
0.4016382
0.4016241
0.4016104
0.40159714
0.40158495
0.4015741
0.40156513
0.40155837
0.4015546
0.4015543
0.4015578
0.40156516
0.40157628
0.40159068
0.4016077
0.40162683
0.4016476
0.40166962
0.40169242
0.40171555
0.4017381
0.40175924
0.40177795
0.40179345
0.40180522
0.40181273
0.40181598
0.40181476
0.40180933
0.40180013
0.40178773
0.40177286
0.401756
0.40173727
0.40171698
0.40169504
0.40167168
0.40164736
0.40162277
0.40159896
0.40157717
0.4015585
0.4015438
0.4015333
0.4015271
0.40152484
0.40152583
0.40152952
0.4015352
0.401542
0.40154925
0.40155658
0.40156412
0.40157223
0.4015811
0.40159082
0.4016011
0.4016116
0.40162173
0.4016313
0.40164036
0.40164924
0.40165868
0.40166932
0.40168142
0.4016949
0.4017088
0.40172204
0.4017332
0.40174097
0.4017444
0.40174308
0.40173736
0.40172783
0.40171582
0.401703
0.4016911
0.4016814
0.40167475
0.4016713
0.4016707
0.40167224
0.4016753
0.4016791
0.4016832
0.40168688
0.4016893
0.40168956
0.40168706
0.40168148
0.40167326
0.40166274
0.40165052
0.40163702
0.40162244
0.4016074
0.40159222
0.40157786
0.40156513
0.40155524
0.40154892
0.401547
0.4015501
0.40155825
0.40157112
0.40158802
0.4016079
0.40162966
0.40165204
0.40167347
0.40169224
0.40170708
0.40171716
0.40172228
0.4017227
0.4017192
0.4017129
0.40170497
0.40169653
0.40168837
0.4016814
0.40167612
0.40167263
0.40167084
0.40167034
0.40167108
0.4016731
0.4016767
0.40168208
0.40168923
0.40169784
0.40170753
0.40171802
0.40172923
0.4017409
0.40175277
0.4017641
0.40177426
0.40178242
0.4017881
0.4017908
0.40179044
0.40178716
0.4017815
0.40177408
0.40176558
0.4017567
0.40174764
0.40173832
0.40172824
0.40171692
0.40170404
0.40168926
0.4016731
0.4016562
0.40163928
0.4016231
0.4016082
0.401595
0.4015835
0.4015736
0.40156487
0.40155685
0.4015488
0.40154
0.40153024
0.40151945
0.40150785
0.4014958
0.40148374
0.4014721
0.40146136
0.401452
0.40144432
0.40143853
0.40143445
0.40143207
0.4014309
0.40143082
0.40143174
0.4014338
0.401437
0.40144166
0.4014477
0.40145528
0.4014644
0.40147486
0.40148643
0.40149856
0.40151072
0.40152237
0.40153292
0.40154165
0.40154815
0.40155202
0.40155336
0.40155223
0.40154892
0.4015439
0.40153775
0.40153107
0.4015247
0.40151912
0.40151495
0.40151244
0.40151194
0.40151364
0.40151754
0.40152326
0.4015303
0.4015378
0.40154487
0.4015505
0.4015539
0.40155473
0.40155306
0.40154952
0.40154478
0.4015398
0.4015353
0.4015318
0.40152964
0.401529
0.4015297
0.40153134
0.40153345
0.4015355
0.40153673
0.4015367
0.40153465
0.4015304
0.40152434
0.4015168
0.4015087
0.40150073
0.40149394
0.40148893
0.40148643
0.401487
0.40149102
0.40149862
0.40150973
0.40152422
0.40154198
0.40156257
0.4015855
0.40161014
0.4016354
0.4016603
0.40168333
0.40170342
0.40171963
0.40173152
0.40173864
0.40174124
0.40173978
0.40173498
0.401728
0.40172
0.4017118
0.401704
0.40169683
0.40168992
0.40168253
0.40167403
0.4016642
0.4016531
0.40164122
0.4016293
0.40161824
0.40160894
0.401602
0.40159816
0.40159756
0.40160048
0.40160722
0.40161732
0.4016302
0.40164486
0.4016599
0.40167367
0.401685
0.40169287
0.4016971
0.40169793
0.40169597
0.40169203
0.4016868
0.40168074
0.4016743
0.4016683
0.40166366
0.40166146
0.40166286
0.4016686
0.40167928
0.40169483
0.40171486
0.40173852
0.40176427
0.40179038
0.401815
0.40183657
0.40185383
0.40186608
0.4018727
0.40187374
0.4018693
0.40185964
0.40184557
0.40182775
0.40180728
0.4017855
0.4017641
0.40174487
0.40172967
0.40171984
0.40171617
0.40171847
0.40172586
0.40173694
0.40174997
0.40176305
0.4017749
0.40178457
0.40179116
0.40179422
0.40179333
0.4017886
0.40178025
0.40176904
0.40175575
0.4017413
0.40172672
0.4017129
0.4017005
0.40168992
0.401681
0.4016734
0.40166658
0.40165976
0.4016524
0.40164417
0.4016349
0.40162495
0.40161476
0.40160495
0.40159622
0.40158916
0.40158457
0.40158316
0.4015854
0.40159157
0.40160173
0.40161568
0.401633
0.40165296
0.40167513
0.40169853
0.40172213
0.40174457
0.40176427
0.40177965
0.4017895
0.40179268
0.40178874
0.40177774
0.40176025
0.40173718
0.4017101
0.4016809
0.40165117
0.40162256
0.40159592
0.40157187
0.4015506
0.4015325
0.4015181
0.40150803
0.40150288
0.40150285
0.40150788
0.40151757
0.40153098
0.4015471
0.40156436
0.40158123
0.40159607
0.40160757
0.40161496
0.40161818
0.4016173
0.40161303
0.40160576
0.4015964
0.4015854
0.40157345
0.40156135
0.40154967
0.40153912
0.4015302
0.40152338
0.40151897
0.40151703
0.4015177
0.40152073
0.4015261
0.40153357
0.4015429
0.40155372
0.40156546
0.40157726
0.40158826
0.40159717
0.40160286
0.40160477
0.40160257
0.40159658
0.40158752
0.40157664
0.40156537
0.40155506
0.40154693
0.40154153
0.40153927
0.40154004
0.40154326
0.40154815
0.40155354
0.4015583
0.4015619
0.4015639
0.40156472
0.4015647
0.40156454
0.40156487
0.40156633
0.40156943
0.40157458
0.40158197
0.4015916
0.40160325
0.40161633
0.40163
0.40164343
0.40165588
0.40166646
0.4016746
0.4016796
0.4016815
0.40168056
0.40167713
0.40167204
0.40166584
0.40165955
0.40165403
0.40164998
0.4016477
0.40164727
0.40164846
0.40165085
0.401654
0.40165734
0.40166014
0.40166184
0.4016616
0.40165913
0.4016545
0.4016483
0.40164152
0.4016351
0.4016303
0.40162772
0.40162748
0.40162933
0.40163252
0.40163565
0.40163785
0.40163812
0.40163597
0.40163162
0.4016257
0.40161917
0.40161312
0.40160832
0.40160537
0.40160426
0.40160474
0.40160602
0.40160748
0.40160832
0.4016078
0.40160537
0.40160093
0.4015942
0.40158543
0.40157488
0.40156314
0.40155104
0.4015396
0.40152967
0.40152204
0.40151718
0.40151536
0.4015166
0.4015206
0.40152705
0.40153527
0.40154463
0.40155432
0.40156376
0.40157205
0.40157837
0.40158197
0.40158203
0.40157795
0.40156934
0.40155622
0.40153933
0.40151975
0.40149885
0.401478
0.40145826
0.40144047
0.40142527
0.40141293
0.4014036
0.40139732
0.40139398
0.4013935
0.40139583
0.4014008
0.40140826
0.40141773
0.40142873
0.40144053
0.4014522
0.40146306
0.4014725
0.4014802
0.401486
0.4014905
0.40149418
0.40149784
0.40150204
0.40150717
0.40151364
0.40152162
0.40153107
0.40154183
0.40155357
0.40156588
0.40157813
0.4015897
0.4016001
0.40160894
0.40161633
0.40162265
0.4016284
0.4016341
0.40164036
0.4016475
0.40165538
0.40166363
0.40167168
0.40167895
0.4016851
0.4016902
0.40169448
0.40169832
0.40170163
0.40170446
0.40170643
0.4017072
0.40170658
0.40170428
0.40170035
0.40169463
0.4016872
0.40167823
0.40166822
0.40165746
0.40164658
0.4016361
0.4016266
0.40161872
0.40161312
0.40161005
0.40160954
0.4016112
0.40161458
0.40161866
0.4016223
0.40162453
0.4016246
0.40162218
0.40161765
0.40161157
0.401605
0.4015992
0.40159526
0.40159434
0.40159744
0.40160516
0.40161797
0.40163568
0.40165773
0.40168282
0.40170917
0.40173486
0.40175796
0.4017766
0.4017896
0.40179607
0.401796
0.40178978
0.4017785
0.40176338
0.40174618
0.40172842
0.40171155
0.4016964
0.40168345
0.40167245
0.40166265
0.40165326
0.40164348
0.40163276
0.40162027
0.40160576
0.4015894
0.4015714
0.40155265
0.4015341
0.40151638
0.40150014
0.40148607
0.4014748
0.4014671
0.40146375
0.4014654
0.4014723
0.4014845
0.40150195
0.40152395
0.40154988
0.40157866
0.40160936
0.40164104
0.40167272
0.40170342
0.4017323
0.40175864
0.40178207
0.40180218
0.40181878
0.40183187
0.40184104
0.401846
0.40184638
0.40184218
0.40183344
0.4018205
0.4018036
0.40178314
0.40175956
0.40173346
0.40170583
0.40167776
0.4016504
0.40162498
0.40160227
0.40158314
0.40156785
0.4015567
0.40154943
0.40154585
0.40154552
0.40154782
0.40155223
0.4015584
0.401566
0.4015752
0.401586
0.40159848
0.4016126
0.4016283
0.40164512
0.401663
0.40168172
0.40170118
0.40172127
0.40174204
0.40176356
0.4017857
0.40180779
0.4018292
0.40184888
0.40186596
0.40187937
0.40188846
0.401893
0.40189275
0.401888
0.40187925
0.40186733
0.40185338
0.40183857
0.4018239
0.40181032
0.4017979
0.40178657
0.40177602
0.40176606
0.4017565
0.4017473
0.40173826
0.4017291
0.4017192
0.4017082
0.40169564
0.40168175
0.40166718
0.401653
0.40164077
0.40163162
0.40162668
0.40162626
0.40163028
0.40163812
0.4016488
0.4016611
0.40167338
0.40168425
0.40169242
0.401697
0.40169773
0.40169445
0.40168747
0.40167713
0.4016638
0.40164784
0.40162972
0.40161026
0.40159026
0.40157035
0.40155113
0.40153292
0.4015163
0.40150183
0.4014902
0.401482
0.40147752
0.40147716
0.40148112
0.4014893
0.40150157
0.40151766
0.40153724
0.40155968
0.4015846
0.4016114
0.4016393
0.4016671
0.40169352
0.401717
0.40173635
0.40175048
0.4017588
0.4017609
0.401757
0.40174758
0.40173343
0.4017154
0.40169463
0.4016722
0.40164906
0.40162596
0.40160364
0.4015828
0.40156403
0.40154797
0.40153518
0.4015259
0.40152034
0.4015185
0.4015203
0.4015254
0.4015336
0.40154412
0.40155613
0.40156856
0.4015803
0.40159038
0.40159792
0.40160263
0.40160465
0.40160447
0.40160316
0.40160188
0.40160173
0.40160355
0.40160757
0.40161338
0.4016203
0.40162697
0.40163213
0.40163478
0.4016347
0.401632
0.4016277
0.40162292
0.401619
0.40161702
0.40161788
0.40162155
0.40162787
0.40163592
0.40164444
0.40165222
0.40165827
0.4016621
0.40166384
0.401664
0.40166348
0.40166318
0.40166378
0.40166554
0.40166828
0.4016715
0.40167457
0.40167686
0.40167817
0.40167868
0.4016789
0.4016798
0.40168214
0.40168646
0.4016927
0.40170053
0.40170896
0.40171665
0.40172222
0.40172434
0.40172228
0.40171555
0.4017042
0.40168884
0.40167052
0.40165052
0.40163028
0.40161106
0.4015939
0.40157947
0.4015682
0.40156016
0.40155515
0.40155298
0.40155366
0.4015575
0.40156502
0.40157625
0.40159115
0.40160912
0.4016291
0.40164965
0.40166888
0.40168476
0.40169576
0.40170076
0.4016994
0.401692
0.40167946
0.40166315
0.40164477
0.40162602
0.4016086
0.40159371
0.401582
0.40157366
0.40156844
0.40156564
0.4015644
0.40156388
0.40156308
0.40156105
0.40155715
0.40155098
0.40154287
0.40153337
0.4015237
0.40151486
0.40150777
0.40150315
0.40150148
0.4015029
0.40150747
0.40151483
0.40152445
0.40153566
0.40154755
0.40155882
0.40156844
0.40157503
0.40157777
0.40157652
0.40157145
0.4015636
0.4015539
0.4015436
0.4015338
0.4015257
0.4015198
0.40151656
0.4015156
0.40151647
0.40151837
0.40152046
0.40152198
0.40152287
0.401523
0.40152243
0.40152138
0.4015204
0.40151972
0.40151945
0.40151966
0.40152055
0.40152192
0.40152383
0.4015263
0.4015293
0.40153313
0.4015381
0.40154454
0.4015527
0.40156257
0.40157378
0.40158555
0.40159684
0.40160647
0.40161327
0.40161678
0.40161687
0.40161404
0.4016093
0.40160355
0.40159783
0.40159288
0.40158936
0.40158767
0.40158778
0.40158972
0.40159312
0.40159777
0.4016033
0.4016097
0.40161678
0.40162453
0.40163276
0.40164098
0.40164873
0.40165538
0.40166035
0.40166304
0.40166306
0.40166047
0.40165564
0.40164897
0.4016411
0.40163267
0.40162402
0.40161535
0.4016068
0.40159836
0.40158996
0.40158165
0.401573
0.4015644
0.40155616
0.40154883
0.4015429
0.40153903
0.4015377
0.4015392
0.40154383
0.40155163
0.40156257
0.40157658
0.40159366
0.401614
0.40163732
0.4016632
0.40169096
0.40171957
0.40174773
0.401774
0.40179735
0.40181705
0.4018327
0.40184462
0.40185395
0.4018627
0.40187377
0.40189126
0.40192062
0.40196922
0.4020468
0.40216607
0.402344
0.40260518
0.4029789
0.403506
0.40424293
0.40526628
0.40668043
0.40862554
0.41132122
0.41499075
0.41994333
0.426652
0.4357605
0.4478815
