0.44268408
0.43221256
0.42435983
0.4184481
0.4140329
0.410769
0.4083699
0.40659598
0.4052869
0.40432474
0.4036139
0.40308714
0.40269494
0.40240115
0.40217933
0.4020111
0.40188304
0.40178588
0.4017129
0.40165883
0.40161973
0.40159228
0.40157372
0.4015618
0.4015547
0.40155068
0.4015483
0.4015464
0.40154424
0.40154165
0.40153894
0.40153646
0.40153456
0.40153354
0.40153366
0.40153518
0.4015379
0.40154198
0.4015471
0.40155324
0.40156057
0.40156904
0.40157855
0.40158895
0.40160033
0.4016126
0.40162575
0.40163925
0.40165237
0.4016642
0.4016735
0.4016793
0.4016811
0.40167892
0.4016733
0.40166503
0.40165514
0.40164435
0.40163344
0.40162265
0.40161243
0.40160286
0.40159422
0.40158677
0.4015808
0.40157673
0.4015752
0.4015769
0.40158224
0.40159157
0.40160477
0.40162143
0.4016408
0.40166196
0.40168396
0.40170592
0.401727
0.40174598
0.40176213
0.40177462
0.40178308
0.40178737
0.4017878
0.4017845
0.40177763
0.40176708
0.40175292
0.4017352
0.40171435
0.40169123
0.4016668
0.40164247
0.40161923
0.4015981
0.40157974
0.40156466
0.40155324
0.40154558
0.40154156
0.40154073
0.40154243
0.40154582
0.4015499
0.40155375
0.40155655
0.40155786
0.4015577
0.40155658
0.40155518
0.4015544
0.40155506
0.40155762
0.40156257
0.4015698
0.4015794
0.40159103
0.40160456
0.40161973
0.4016365
0.40165478
0.40167397
0.40169343
0.40171197
0.40172842
0.40174156
0.40175036
0.40175387
0.40175164
0.40174353
0.40173003
0.40171203
0.40169084
0.40166807
0.40164548
0.40162456
0.40160614
0.40159082
0.40157902
0.40157062
0.40156564
0.40156394
0.40156558
0.40157014
0.40157744
0.40158677
0.4015975
0.40160868
0.40161923
0.401628
0.401634
0.4016367
0.40163615
0.40163285
0.40162763
0.40162167
0.40161577
0.40161082
0.40160742
0.40160623
0.4016077
0.4016123
0.40162048
0.40163255
0.40164876
0.40166885
0.4016925
0.40171865
0.4017462
0.40177387
0.40180025
0.40182412
0.40184447
0.4018606
0.40187195
0.40187818
0.40187916
0.4018751
0.40186596
0.40185192
0.40183327
0.40181032
0.4017835
0.40175334
0.40172067
0.4016866
0.40165251
0.40161994
0.40159023
0.40156463
0.40154395
0.40152887
0.40151954
0.40151584
0.40151742
0.40152344
0.40153277
0.4015441
0.40155593
0.40156695
0.40157622
0.40158322
0.40158802
0.40159097
0.40159264
0.40159357
0.40159425
0.40159503
0.40159616
0.40159783
0.40160033
0.4016038
0.40160826
0.4016136
0.40161934
0.4016247
0.40162903
0.4016312
0.4016306
0.4016271
0.40162092
0.4016129
0.40160394
0.4015952
0.40158758
0.40158153
0.40157735
0.40157455
0.40157282
0.4015714
0.40156966
0.40156683
0.40156224
0.40155542
0.40154636
0.40153524
0.40152264
0.40150902
0.40149504
0.4014816
0.4014695
0.40145966
0.40145272
0.40144914
0.4014491
0.40145272
0.40145984
0.40147042
0.4014841
0.4015004
0.401519
0.40153942
0.40156138
0.40158442
0.4016081
0.40163162
0.401654
0.40167397
0.40169054
0.40170246
0.40170914
0.40171024
0.40170574
0.40169623
0.40168267
0.40166643
0.40164882
0.4016313
0.40161535
0.40160215
0.40159282
0.40158793
0.4015881
0.40159297
0.40160173
0.40161327
0.40162584
0.4016378
0.40164736
0.40165323
0.40165442
0.4016505
0.40164134
0.4016275
0.40160987
0.4015898
0.4015689
0.40154848
0.40152988
0.40151408
0.40150183
0.4014937
0.40148973
0.40148973
0.40149316
0.40149948
0.401508
0.40151817
0.40152937
0.40154105
0.40155268
0.40156353
0.40157315
0.40158093
0.4015862
0.4015888
0.40158874
0.4015864
0.40158263
0.4015787
0.40157574
0.40157476
0.4015766
0.4015817
0.4015902
0.401602
0.4016168
0.40163368
0.40165135
0.40166834
0.40168315
0.40169463
0.40170187
0.4017046
0.40170315
0.40169814
0.40169048
0.4016812
0.4016716
0.4016621
0.40165335
0.4016453
0.4016379
0.40163118
0.40162468
0.40161797
0.40161055
0.40160194
0.40159193
0.40158093
0.4015694
0.40155798
0.40154737
0.40153807
0.40153053
0.40152526
0.40152222
0.4015216
0.4015233
0.40152737
0.4015338
0.40154254
0.40155363
0.40156728
0.4015839
0.40160483
0.40163162
0.40166694
0.40171462
0.40178052
0.4018732
0.4020044
0.40219104
0.40245658
0.40283045
0.40335464
0.4040865
0.405104
0.40651327
0.40845636
0.4111547
0.41483197
0.4197979
0.42652598
0.43565854
0.4478066
