0.44258374
0.4320808
0.4242007
0.41826603
0.4138342
0.41056147
0.40816393
0.4064019
0.40511477
0.40418285
0.40350878
0.40302315
0.40267393
0.40242252
0.40224043
0.4021071
0.402008
0.401933
0.40187526
0.40183032
0.40179533
0.40176842
0.40174797
0.40173277
0.4017213
0.40171218
0.40170392
0.40169537
0.40168592
0.40167543
0.4016642
0.4016525
0.40164047
0.4016281
0.40161487
0.40160018
0.40158358
0.40156493
0.4015445
0.4015231
0.40150177
0.40148178
0.4014641
0.4014496
0.40143856
0.40143114
0.4014272
0.4014266
0.40142918
0.40143472
0.40144327
0.40145472
0.40146908
0.40148604
0.40150538
0.40152633
0.40154824
0.40157026
0.40159172
0.40161204
0.40163133
0.40164992
0.40166855
0.40168786
0.4017086
0.4017307
0.40175378
0.40177682
0.4017986
0.40181768
0.40183267
0.40184262
0.40184668
0.40184438
0.40183583
0.40182152
0.40180224
0.40177923
0.40175387
0.40172747
0.40170148
0.4016769
0.40165484
0.40163583
0.4016201
0.40160784
0.40159935
0.40159476
0.40159422
0.40159792
0.4016059
0.401618
0.40163377
0.4016523
0.4016725
0.40169287
0.401712
0.4017285
0.40174147
0.40175012
0.4017542
0.40175405
0.40175015
0.40174353
0.40173513
0.4017258
0.4017162
0.40170673
0.40169755
0.40168914
0.401682
0.40167698
0.40167508
0.401677
0.4016831
0.40169302
0.40170598
0.4017204
0.40173483
0.40174755
0.40175733
0.40176335
0.40176526
0.4017635
0.40175855
0.40175164
0.40174383
0.4017362
0.4017296
0.40172434
0.40172026
0.40171683
0.40171322
0.4017088
0.4017031
0.401696
0.40168744
0.40167764
0.40166658
0.4016545
0.40164182
0.4016291
0.40161732
0.40160695
0.40159857
0.4015927
0.4015893
0.40158844
0.40158975
0.4015928
0.40159678
0.40160108
0.401605
0.401608
0.40161
0.40161106
0.4016115
0.40161166
0.4016116
0.40161118
0.4016104
0.40160924
0.40160832
0.4016085
0.40161058
0.40161553
0.4016237
0.40163523
0.40164965
0.40166616
0.40168354
0.40170008
0.4017141
0.40172386
0.40172824
0.40172648
0.4017183
0.401704
0.40168446
0.40166086
0.40163466
0.40160736
0.40158018
0.4015543
0.40153039
0.4015094
0.40149197
0.40147856
0.40146968
0.40146506
0.40146434
0.40146688
0.40147185
0.40147832
0.40148538
0.40149206
0.4014977
0.4015019
0.4015046
0.40150586
0.40150613
0.40150595
0.4015061
0.40150735
0.40151003
0.40151435
0.40152022
0.40152735
0.4015354
0.40154412
0.4015535
0.4015636
0.4015744
0.40158588
0.40159792
0.4016105
0.40162396
0.4016389
0.40165585
0.40167537
0.4016975
0.40172186
0.40174785
0.40177435
0.40180045
0.40182498
0.4018472
0.40186638
0.40188217
0.401894
0.4019018
0.40190548
0.401905
0.4019005
0.40189213
0.40187994
0.40186408
0.40184456
0.40182158
0.40179536
0.4017663
0.4017351
0.40170282
0.40167078
0.40164036
0.40161282
0.40158918
0.40156993
0.40155503
0.4015439
0.40153566
0.40152928
0.4015239
0.40151888
0.40151396
0.40150905
0.4015038
0.4014979
0.40149102
0.4014829
0.4014734
0.40146264
0.40145096
0.4014388
0.40142676
0.40141544
0.40140525
0.40139678
0.40139058
0.40138677
0.40138584
0.40138793
0.4013932
0.40140155
0.40141279
0.4014268
0.401443
0.40146124
0.401481
0.40150198
0.4015241
0.40154713
0.4015708
0.4015947
0.40161848
0.4016418
0.40166456
0.4016868
0.40170822
0.40172857
0.40174717
0.40176344
0.40177682
0.40178692
0.40179354
0.4017966
0.40179664
0.4017941
0.40178952
0.40178326
0.40177512
0.40176484
0.40175205
0.4017368
0.4017192
0.40169987
0.4016797
0.4016599
0.40164196
0.40162715
0.40161654
0.4016111
0.40161127
0.4016173
0.40162915
0.40164617
0.40166742
0.40169147
0.40171683
0.40174192
0.4017653
0.40178573
0.40180218
0.40181383
0.40182033
0.40182143
0.40181687
0.40180674
0.4017913
0.40177113
0.40174702
0.40172014
0.40169165
0.4016627
0.40163463
0.4016085
0.4015852
0.4015654
0.40154964
0.40153813
0.40153083
0.40152723
0.40152687
0.401529
0.40153304
0.40153798
0.4015432
0.4015481
0.40155274
0.4015575
0.40156317
0.40157032
0.40157953
0.40159112
0.40160474
0.40161988
0.40163526
0.40164968
0.40166202
0.4016716
0.40167817
0.40168187
0.40168333
0.40168306
0.40168148
0.40167877
0.40167475
0.4016692
0.4016621
0.40165353
0.40164393
0.40163386
0.40162367
0.40161362
0.40160364
0.40159363
0.40158322
0.40157223
0.40156046
0.40154764
0.40153396
0.40151983
0.40150586
0.4014927
0.40148115
0.4014718
0.4014652
0.4014619
0.40146208
0.40146592
0.401473
0.4014828
0.4014945
0.40150705
0.4015194
0.40153047
0.40153956
0.40154663
0.40155178
0.4015559
0.40155944
0.40156317
0.40156755
0.40157315
0.40158018
0.4015886
0.40159845
0.4016093
0.40162063
0.40163162
0.40164128
0.40164855
0.40165272
0.40165335
0.4016507
0.40164512
0.4016376
0.4016289
0.4016197
0.40161046
0.40160152
0.40159303
0.40158534
0.4015789
0.40157434
0.40157205
0.4015724
0.40157542
0.40158093
0.4015883
0.4015968
0.40160576
0.40161422
0.40162122
0.401626
0.40162787
0.40162635
0.4016212
0.40161246
0.40160054
0.40158612
0.40157
0.40155327
0.4015367
0.40152118
0.40150708
0.40149453
0.40148374
0.40147495
0.40146825
0.40146372
0.40146142
0.40146136
0.40146354
0.40146804
0.40147504
0.4014847
0.40149692
0.40151158
0.4015282
0.40154615
0.40156463
0.4015829
0.40160033
0.401616
0.40162933
0.40163958
0.4016464
0.4016498
0.40165022
0.40164796
0.4016436
0.40163743
0.40162945
0.40162003
0.4016097
0.4015993
0.40158963
0.4015818
0.40157658
0.40157425
0.4015751
0.40157914
0.40158594
0.40159506
0.4016056
0.40161687
0.40162846
0.40164047
0.40165308
0.4016664
0.40168014
0.4016936
0.4017061
0.40171683
0.40172553
0.40173241
0.40173793
0.40174296
0.40174848
0.40175506
0.40176296
0.40177205
0.40178153
0.40179074
0.40179875
0.40180475
0.40180802
0.4018082
0.40180492
0.40179825
0.4017886
0.40177655
0.40176335
0.40174994
0.4017375
0.401727
0.40171897
0.4017138
0.4017115
0.401712
0.40171495
0.40171963
0.40172526
0.4017309
0.40173575
0.40173906
0.4017405
0.40173995
0.40173754
0.40173346
0.40172753
0.40171957
0.40170923
0.40169635
0.40168098
0.40166348
0.4016448
0.40162587
0.40160766
0.40159127
0.4015775
0.4015671
0.40156057
0.40155822
0.40156037
0.40156692
0.40157765
0.40159214
0.40160987
0.40162995
0.40165126
0.40167242
0.40169188
0.4017081
0.40171972
0.40172568
0.40172562
0.40171954
0.40170807
0.40169227
0.40167356
0.40165368
0.40163404
0.40161568
0.40159938
0.40158558
0.40157434
0.40156573
0.4015597
0.40155637
0.40155548
0.40155703
0.40156052
0.40156546
0.40157127
0.40157774
0.4015846
0.40159178
0.40159908
0.40160593
0.4016121
0.40161717
0.4016209
0.4016231
0.40162387
0.40162405
0.40162468
0.4016272
0.40163285
0.40164217
0.40165538
0.40167153
0.40168944
0.40170735
0.40172333
0.4017357
0.4017432
0.40174517
0.40174162
0.40173322
0.40172118
0.4017067
0.4016914
0.40167648
0.40166298
0.40165144
0.4016421
0.4016346
0.40162832
0.4016225
0.40161636
0.40160945
0.40160158
0.40159267
0.4015829
0.4015725
0.4015616
0.40155026
0.4015385
0.4015265
0.40151474
0.40150374
0.4014943
0.40148702
0.40148252
0.401481
0.40148282
0.4014879
0.40149632
0.40150777
0.40152192
0.40153816
0.40155566
0.40157327
0.40158978
0.4016038
0.4016142
0.40162045
0.40162238
0.40162054
0.40161586
0.40160948
0.40160286
0.4015971
0.40159324
0.40159214
0.4015946
0.4016013
0.40161273
0.40162882
0.40164906
0.40167236
0.4016974
0.4017222
0.40174496
0.40176383
0.40177748
0.4017849
0.4017857
0.40177986
0.40176776
0.40175045
0.40172943
0.4017063
0.40168303
0.40166137
0.40164274
0.401628
0.4016175
0.40161118
0.4016085
0.40160868
0.40161106
0.40161502
0.40161994
0.40162516
0.4016299
0.40163335
0.40163505
0.4016348
0.4016329
0.40162984
0.40162635
0.40162334
0.40162128
0.40162086
0.40162238
0.4016259
0.40163162
0.4016395
0.40164906
0.40165973
0.4016704
0.40167993
0.40168753
0.40169284
0.40169603
0.4016977
0.40169892
0.40170044
0.401703
0.40170717
0.40171298
0.40172
0.40172708
0.4017332
0.4017372
0.40173855
0.40173712
0.40173346
0.40172863
0.40172383
0.40172064
0.40172055
0.40172482
0.40173483
0.4017522
0.4017787
0.40181714
0.40187126
0.40194672
0.40205166
0.40219706
0.40239862
0.40267897
0.40306625
0.4036013
0.40434074
0.4053618
0.4067699
0.40870675
0.41139233
0.41505164
0.41999412
0.4266924
0.43579137
0.44790354
