0.44269866
0.4322329
0.42438677
0.41848305
0.41407764
0.41082585
0.40844038
0.406682
0.40539047
0.40444723
0.40375668
0.40325162
0.40288204
0.40261078
0.40241024
0.40226042
0.4021462
0.40205655
0.40198347
0.40192133
0.40186647
0.40181676
0.40177116
0.40172964
0.40169242
0.40165982
0.40163183
0.40160817
0.401588
0.40157026
0.40155375
0.40153748
0.40152088
0.40150398
0.40148723
0.4014713
0.40145686
0.40144432
0.40143406
0.4014262
0.40142086
0.4014176
0.40141615
0.4014159
0.40141657
0.4014177
0.401419
0.40142044
0.4014219
0.40142345
0.40142518
0.4014274
0.40143055
0.40143532
0.40144226
0.40145162
0.40146384
0.4014787
0.40149623
0.40151557
0.40153593
0.401556
0.40157428
0.4015893
0.40159988
0.4016053
0.40160543
0.40160096
0.40159294
0.40158272
0.40157178
0.40156144
0.4015526
0.4015457
0.40154102
0.40153825
0.40153688
0.4015362
0.40153542
0.4015341
0.40153202
0.40152925
0.40152615
0.4015233
0.40152118
0.40152043
0.40152138
0.4015244
0.40152925
0.40153563
0.40154287
0.40155
0.40155596
0.40156
0.401562
0.40156192
0.40156022
0.40155756
0.40155447
0.4015514
0.40154862
0.4015465
0.4015454
0.40154558
0.4015473
0.40155053
0.401555
0.40156034
0.40156594
0.401571
0.4015753
0.4015789
0.40158236
0.4015865
0.40159225
0.4016004
0.40161106
0.40162405
0.40163887
0.40165448
0.40166956
0.40168297
0.40169367
0.4017013
0.4017056
0.40170693
0.4017061
0.40170377
0.40170062
0.4016972
0.40169394
0.40169138
0.4016897
0.40168902
0.40168917
0.4016895
0.40168944
0.40168855
0.40168643
0.40168333
0.40167937
0.40167487
0.4016702
0.4016655
0.4016612
0.40165764
0.40165532
0.40165445
0.40165493
0.40165645
0.40165848
0.40166023
0.40166137
0.40166152
0.40166083
0.40165928
0.40165696
0.40165374
0.40164956
0.4016442
0.40163797
0.40163147
0.40162542
0.4016208
0.40161833
0.40161854
0.4016217
0.40162796
0.40163717
0.40164906
0.4016632
0.40167895
0.40169537
0.40171167
0.40172672
0.40173948
0.40174907
0.4017547
0.40175575
0.40175194
0.40174338
0.40173057
0.40171435
0.4016959
0.40167686
0.40165886
0.40164343
0.4016319
0.40162486
0.4016225
0.40162453
0.40163025
0.40163878
0.40164918
0.4016607
0.40167263
0.4016845
0.40169603
0.40170676
0.4017162
0.40172398
0.4017296
0.40173304
0.4017341
0.40173304
0.40172988
0.40172476
0.40171772
0.40170887
0.40169862
0.40168747
0.40167645
0.40166658
0.4016593
0.40165606
0.40165794
0.4016657
0.40167966
0.40169948
0.40172407
0.40175185
0.40178108
0.40180996
0.4018372
0.40186164
0.4018826
0.4018995
0.40191218
0.40192056
0.4019245
0.401924
0.40191895
0.4019092
0.4018946
0.40187538
0.4018517
0.40182424
0.40179387
0.4017619
0.40172982
0.4016992
0.4016714
0.40164787
0.4016293
0.4016161
0.40160832
0.40160537
0.40160626
0.40160963
0.401614
0.40161774
0.40161926
0.40161747
0.40161175
0.401602
0.40158892
0.40157342
0.40155676
0.40154
0.40152416
0.40150973
0.40149692
0.40148577
0.40147606
0.40146756
0.40146014
0.40145373
0.40144855
0.40144482
0.4014429
0.40144297
0.40144515
0.4014494
0.40145555
0.4014637
0.40147376
0.40148598
0.40150058
0.40151715
0.401535
0.40155312
0.40157026
0.4015854
0.40159768
0.40160686
0.40161312
0.401617
0.40161937
0.40162134
0.4016235
0.40162662
0.40163076
0.40163565
0.40164053
0.4016444
0.4016464
0.4016459
0.40164283
0.4016373
0.40162998
0.40162176
0.40161362
0.40160638
0.4016008
0.40159747
0.40159655
0.40159836
0.40160316
0.40161115
0.40162215
0.40163597
0.40165162
0.40166783
0.4016829
0.40169528
0.40170345
0.40170658
0.4017041
0.40169618
0.40168342
0.4016668
0.4016478
0.40162787
0.40160853
0.4015911
0.40157667
0.4015658
0.40155876
0.40155524
0.40155488
0.40155688
0.4015609
0.40156654
0.40157342
0.40158135
0.4015901
0.40159938
0.40160885
0.4016179
0.40162542
0.40163055
0.40163222
0.40163028
0.40162456
0.40161568
0.40160483
0.40159324
0.40158224
0.4015728
0.40156558
0.40156057
0.40155762
0.40155616
0.40155572
0.40155587
0.4015566
0.4015578
0.4015594
0.40156165
0.4015644
0.40156743
0.4015703
0.40157247
0.40157333
0.40157261
0.4015705
0.40156743
0.40156394
0.40156078
0.40155822
0.4015564
0.40155512
0.40155423
0.40155354
0.40155295
0.4015526
0.4015528
0.40155414
0.40155694
0.401562
0.40156966
0.4015802
0.40159371
0.40160984
0.40162772
0.40164617
0.4016638
0.40167904
0.40169045
0.40169704
0.4016983
0.40169412
0.40168536
0.401673
0.40165862
0.40164402
0.40163088
0.40162048
0.40161365
0.40161097
0.4016123
0.4016173
0.4016249
0.4016337
0.40164196
0.40164843
0.40165177
0.40165156
0.4016476
0.40164044
0.40163115
0.40162086
0.40161106
0.4016029
0.4015968
0.40159312
0.4015916
0.40159157
0.40159255
0.4015943
0.40159634
0.40159866
0.4016014
0.40160483
0.4016092
0.4016148
0.40162218
0.40163147
0.40164274
0.4016558
0.40167034
0.40168574
0.4017012
0.40171564
0.4017278
0.40173677
0.40174186
0.40174302
0.40174055
0.401735
0.4017275
0.40171903
0.4017105
0.40170243
0.40169546
0.40169007
0.4016869
0.40168634
0.4016883
0.40169233
0.40169758
0.4017031
0.40170795
0.40171155
0.40171352
0.40171412
0.4017136
0.40171233
0.40171093
0.40171015
0.40171075
0.40171346
0.40171874
0.40172672
0.40173683
0.40174803
0.40175882
0.40176767
0.40177312
0.40177435
0.40177068
0.4017623
0.40174982
0.4017341
0.40171653
0.4016981
0.40167987
0.40166256
0.40164632
0.40163133
0.40161738
0.4016041
0.40159082
0.4015773
0.4015631
0.4015484
0.40153354
0.40151906
0.40150565
0.40149364
0.40148365
0.40147546
0.40146914
0.40146437
0.40146083
0.40145832
0.40145692
0.40145683
0.40145832
0.4014618
0.40146774
0.40147623
0.4014875
0.4015015
0.40151787
0.40153605
0.40155488
0.40157315
0.4015892
0.40160167
0.4016097
0.4016126
0.40161043
0.4016036
0.40159306
0.40158004
0.4015659
0.40155193
0.40153933
0.401529
0.40152168
0.40151763
0.40151748
0.40152138
0.40152943
0.4015412
0.40155622
0.4015737
0.4015928
0.4016128
0.40163314
0.4016534
0.4016732
0.40169197
0.40170896
0.4017233
0.40173382
0.40173963
0.4017399
0.4017345
0.4017238
0.4017085
0.40168977
0.40166903
0.40164772
0.40162754
0.40160978
0.40159544
0.40158513
0.40157914
0.40157762
0.40158024
0.40158647
0.40159538
0.40160564
0.4016157
0.4016242
0.40162995
0.40163234
0.40163147
0.40162787
0.40162238
0.40161628
0.40161055
0.40160593
0.40160277
0.4016008
0.40159965
0.40159845
0.40159628
0.4015926
0.40158707
0.40157998
0.40157172
0.40156293
0.40155435
0.40154633
0.40153933
0.40153337
0.40152827
0.40152374
0.40151966
0.40151623
0.40151367
0.40151235
0.4015127
0.40151462
0.40151808
0.4015229
0.401529
0.40153652
0.4015454
0.40155575
0.40156776
0.40158144
0.4015966
0.40161312
0.40163046
0.40164798
0.40166467
0.4016793
0.40169048
0.4016969
0.40169787
0.40169314
0.40168318
0.40166894
0.40165168
0.40163305
0.40161464
0.40159774
0.40158343
0.40157238
0.40156516
0.40156227
0.40156394
0.40157053
0.4015823
0.40159953
0.401622
0.40164918
0.40168002
0.40171322
0.4017473
0.40178066
0.40181223
0.40184104
0.40186626
0.40188712
0.40190288
0.40191305
0.40191737
0.40191552
0.40190768
0.40189403
0.40187475
0.40185052
0.40182185
0.40178972
0.4017549
0.40171835
0.40168107
0.40164402
0.40160844
0.4015752
0.4015453
0.40151924
0.4014973
0.40147972
0.40146634
0.401457
0.40145156
0.40144953
0.40145046
0.4014538
0.4014587
0.40146458
0.4014706
0.4014764
0.40148178
0.40148667
0.40149137
0.4014962
0.40150163
0.40150774
0.4015142
0.40152058
0.40152606
0.4015302
0.4015326
0.4015331
0.4015319
0.4015292
0.40152514
0.40152025
0.40151468
0.4015092
0.40150464
0.4015019
0.40150177
0.40150484
0.40151116
0.40152064
0.40153274
0.4015466
0.40156138
0.40157598
0.4015896
0.40160137
0.40161115
0.40161893
0.4016251
0.4016301
0.40163437
0.40163818
0.40164182
0.40164557
0.4016493
0.4016528
0.40165564
0.40165716
0.40165702
0.40165493
0.40165088
0.40164506
0.40163767
0.40162903
0.40161926
0.40160868
0.40159744
0.40158588
0.40157434
0.401563
0.40155187
0.4015415
0.4015323
0.40152478
0.40151963
0.40151724
0.4015179
0.4015221
0.4015301
0.4015421
0.40155807
0.40157798
0.4016013
0.40162754
0.40165588
0.4016851
0.40171376
0.40174022
0.40176305
0.40178114
0.4017938
0.40180072
0.40180206
0.4017986
0.40179116
0.40178093
0.4017691
0.40175676
0.40174448
0.40173244
0.40172043
0.40170845
0.40169653
0.4016849
0.40167442
0.40166587
0.40166032
0.4016585
0.4016606
0.40166646
0.40167543
0.40168628
0.4016977
0.4017081
0.40171626
0.40172112
0.40172216
0.40171936
0.40171334
0.40170458
0.40169394
0.40168223
0.40166995
0.40165758
0.40164542
0.4016333
0.4016208
0.4016077
0.40159383
0.40157914
0.40156373
0.40154794
0.4015325
0.40151823
0.4015057
0.40149546
0.40148777
0.4014827
0.40148014
0.4014799
0.40148154
0.40148476
0.4014893
0.40149468
0.40150064
0.40150675
0.40151304
0.40151975
0.40152702
0.40153494
0.4015434
0.4015522
0.40156102
0.4015698
0.4015787
0.4015881
0.4015982
0.40160903
0.40162054
0.4016321
0.401643
0.40165251
0.40166038
0.40166646
0.401671
0.40167415
0.40167612
0.4016768
0.4016761
0.40167364
0.40166914
0.40166196
0.4016517
0.40163845
0.40162247
0.40160486
0.40158683
0.40156975
0.40155515
0.4015442
0.4015379
0.40153682
0.4015412
0.4015507
0.40156463
0.40158182
0.4016008
0.40161997
0.4016376
0.40165234
0.40166295
0.40166888
0.40167007
0.401667
0.40166053
0.40165174
0.4016417
0.4016313
0.40162122
0.4016118
0.40160364
0.40159732
0.40159345
0.40159264
0.40159518
0.40160078
0.4016088
0.4016181
0.40162736
0.40163532
0.40164092
0.40164363
0.40164354
0.401641
0.40163654
0.40163067
0.4016238
0.40161648
0.40160903
0.40160173
0.40159467
0.4015879
0.4015815
0.4015757
0.401571
0.4015681
0.40156752
0.40156966
0.40157446
0.40158135
0.40158972
0.4015982
0.4016056
0.4016109
0.40161365
0.4016137
0.40161148
0.40160725
0.40160108
0.4015933
0.40158388
0.4015729
0.40156078
0.40154827
0.40153673
0.40152735
0.40152118
0.40151894
0.40152073
0.4015263
0.40153474
0.40154514
0.40155622
0.40156683
0.40157607
0.4015838
0.40159032
0.4015964
0.40160304
0.4016113
0.4016219
0.40163538
0.4016519
0.40167078
0.40169123
0.4017121
0.40173194
0.4017497
0.4017643
0.4017753
0.40178227
0.40178514
0.40178382
0.4017784
0.4017693
0.40175712
0.40174243
0.401726
0.40170854
0.4016907
0.40167323
0.40165678
0.40164196
0.40162948
0.4016196
0.40161252
0.4016083
0.40160662
0.4016071
0.40160918
0.4016124
0.40161636
0.40162084
0.4016258
0.40163115
0.40163654
0.4016418
0.4016465
0.4016505
0.40165374
0.4016564
0.40165868
0.401661
0.40166387
0.40166774
0.40167296
0.4016797
0.40168753
0.40169588
0.40170354
0.40170914
0.40171137
0.40170917
0.40170208
0.40169004
0.40167397
0.4016551
0.4016352
0.401616
0.4015993
0.4015862
0.4015776
0.4015734
0.40157306
0.40157583
0.40158054
0.40158606
0.40159136
0.40159595
0.4015999
0.40160358
0.40160784
0.4016137
0.40162206
0.40163326
0.4016473
0.40166348
0.40168062
0.40169746
0.40171254
0.4017246
0.40173253
0.40173563
0.40173364
0.40172645
0.4017147
0.40169898
0.40168053
0.40166068
0.40164077
0.40162185
0.40160465
0.40158927
0.40157557
0.40156305
0.40155113
0.4015396
0.40152842
0.401518
0.4015086
0.40150085
0.40149522
0.40149218
0.4014923
0.4014956
0.4015023
0.40151203
0.40152434
0.4015385
0.40155354
0.40156782
0.40158007
0.4015889
0.40159348
0.40159363
0.40158966
0.40158254
0.40157318
0.40156266
0.401552
0.4015419
0.4015331
0.40152636
0.40152207
0.40152064
0.4015223
0.40152705
0.40153468
0.40154466
0.4015564
0.4015696
0.4015835
0.4015974
0.40161052
0.40162194
0.4016312
0.4016382
0.40164343
0.40164757
0.40165162
0.40165657
0.4016627
0.40166995
0.4016779
0.40168518
0.40169042
0.40169215
0.40168917
0.40168083
0.40166703
0.40164846
0.40162617
0.40160188
0.40157726
0.40155396
0.40153354
0.4015173
0.40150616
0.40150073
0.401501
0.40150657
0.40151653
0.4015296
0.40154448
0.40155935
0.4015729
0.40158436
0.40159312
0.40159914
0.40160257
0.4016039
0.4016041
0.40160388
0.4016043
0.40160617
0.40161014
0.40161684
0.40162668
0.40163958
0.40165505
0.40167207
0.40168968
0.40170658
0.40172175
0.401734
0.40174267
0.40174732
0.40174788
0.40174472
0.4017385
0.40173006
0.40172023
0.4017099
0.40169963
0.40168977
0.40168062
0.40167245
0.40166554
0.40166035
0.4016571
0.40165567
0.4016558
0.40165702
0.40165925
0.4016627
0.4016678
0.40167513
0.40168518
0.4016979
0.40171272
0.40172848
0.40174353
0.40175632
0.4017654
0.40176988
0.40176937
0.40176415
0.4017551
0.40174347
0.40173084
0.40171847
0.40170723
0.4016975
0.401689
0.40168133
0.401674
0.4016669
0.40165985
0.40165305
0.40164652
0.40164027
0.40163383
0.40162668
0.40161824
0.40160826
0.40159675
0.40158418
0.40157112
0.4015583
0.40154648
0.40153623
0.40152827
0.4015231
0.40152127
0.40152287
0.40152764
0.40153494
0.40154377
0.40155295
0.40156126
0.4015683
0.4015737
0.40157783
0.40158144
0.4015851
0.40158927
0.4015945
0.40160114
0.40160948
0.40162003
0.40163302
0.40164828
0.40166542
0.40168363
0.4017021
0.4017198
0.40173575
0.40174893
0.40175855
0.40176433
0.40176606
0.40176383
0.40175804
0.40174937
0.40173832
0.40172562
0.401712
0.40169805
0.40168422
0.40167058
0.40165707
0.40164325
0.4016288
0.40161383
0.40159836
0.4015829
0.40156785
0.40155372
0.40154096
0.4015299
0.401521
0.4015146
0.40151095
0.4015105
0.40151352
0.40151995
0.4015297
0.40154225
0.40155685
0.40157256
0.40158826
0.40160286
0.40161574
0.4016266
0.4016355
0.4016429
0.40164906
0.401654
0.40165737
0.40165898
0.40165883
0.40165716
0.40165457
0.40165204
0.40165055
0.401651
0.40165353
0.40165797
0.40166333
0.40166843
0.4016716
0.40167162
0.40166765
0.40165943
0.40164718
0.40163174
0.4016145
0.401597
0.4015806
0.40156668
0.40155613
0.40154934
0.40154642
0.40154696
0.40155008
0.40155482
0.40155968
0.40156335
0.40156487
0.40156373
0.40156007
0.4015543
0.4015468
0.40153813
0.40152857
0.4015184
0.401508
0.4014978
0.4014885
0.40148085
0.4014751
0.40147138
0.40146977
0.4014703
0.40147316
0.40147844
0.40148625
0.40149635
0.40150827
0.40152133
0.40153465
0.4015471
0.40155762
0.40156516
0.40156898
0.4015689
0.4015651
0.40155852
0.40155035
0.4015421
0.40153494
0.40153006
0.40152797
0.40152922
0.40153357
0.4015406
0.40154967
0.40155974
0.4015698
0.4015788
0.40158555
0.4015892
0.40158966
0.4015868
0.4015817
0.40157512
0.40156838
0.40156263
0.401559
0.40155828
0.4015612
0.4015683
0.40157932
0.4015939
0.40161088
0.40162885
0.40164593
0.4016604
0.40167066
0.40167567
0.40167508
0.40166888
0.40165743
0.40164188
0.40162334
0.4016032
0.40158278
0.40156287
0.40154395
0.40152606
0.40150914
0.40149307
0.40147823
0.40146494
0.40145376
0.40144524
0.40143996
0.40143842
0.40144113
0.40144822
0.4014596
0.40147522
0.4014946
0.40151724
0.40154248
0.40156925
0.4015962
0.40162173
0.4016442
0.4016623
0.40167487
0.4016815
0.401682
0.40167698
0.40166736
0.40165442
0.40163937
0.40162352
0.4016077
0.40159246
0.4015781
0.40156484
0.40155283
0.4015422
0.4015333
0.40152663
0.40152264
0.40152168
0.4015241
0.4015303
0.40154037
0.40155432
0.4015718
0.4015922
0.4016143
0.40163702
0.40165922
0.40168002
0.40169898
0.40171573
0.40173006
0.40174168
0.40175018
0.40175506
0.4017559
0.40175274
0.40174586
0.4017362
0.40172496
0.40171352
0.4017034
0.4016955
0.40169033
0.40168756
0.40168634
0.40168542
0.40168363
0.40168014
0.40167448
0.4016668
0.40165776
0.40164846
0.40164024
0.40163442
0.40163222
0.4016347
0.4016423
0.40165538
0.40167364
0.40169653
0.40172273
0.40175104
0.4017798
0.40180764
0.40183347
0.40185657
0.40187645
0.40189308
0.4019064
0.4019164
0.40192297
0.40192592
0.40192506
0.4019202
0.40191156
0.4018995
0.4018849
0.40186894
0.40185276
0.4018378
0.40182534
0.40181646
0.4018118
0.40181178
0.40181604
0.40182415
0.40183535
0.40184888
0.40186417
0.40188038
0.4018969
0.40191308
0.4019284
0.40194234
0.4019546
0.40196478
0.40197256
0.4019777
0.40198004
0.4019795
0.401976
0.4019694
0.40195972
0.401947
0.4019315
0.40191337
0.401893
0.40187067
0.4018471
0.40182313
0.40179956
0.40177736
0.40175676
0.40173784
0.40172058
0.40170482
0.4016909
0.40167958
0.40167195
0.40166953
0.40167364
0.40168568
0.40170687
0.40173858
0.40178257
0.4018416
0.40192002
0.40202484
0.40216658
0.4023612
0.40263247
0.40301016
0.40353647
0.40426934
0.40528655
0.40669385
0.4086325
0.41132244
0.4149877
0.41993758
0.42664477
0.43575358
0.447876
