0.442539
0.4320249
0.42413807
0.4182002
0.41376743
0.41049397
0.40809408
0.40632603
0.40502775
0.4040799
0.40338582
0.4028777
0.40250537
0.4022318
0.40202984
0.40187946
0.40176633
0.40168053
0.40161526
0.40156576
0.401529
0.40150264
0.40148497
0.40147454
0.40147
0.40147036
0.40147477
0.40148252
0.40149334
0.4015069
0.40152285
0.40154096
0.40156087
0.40158227
0.40160432
0.40162605
0.401646
0.4016629
0.40167546
0.4016829
0.40168494
0.40168154
0.40167338
0.4016615
0.401647
0.4016312
0.4016154
0.4016007
0.40158784
0.40157762
0.4015705
0.40156704
0.40156758
0.40157253
0.40158162
0.4015945
0.40161023
0.4016275
0.40164462
0.40165985
0.40167156
0.4016786
0.40168047
0.4016774
0.40167013
0.4016597
0.40164757
0.40163508
0.40162376
0.40161455
0.40160826
0.401605
0.4016044
0.40160593
0.4016089
0.40161258
0.40161613
0.40161863
0.4016195
0.40161806
0.40161398
0.40160725
0.40159836
0.40158844
0.40157863
0.40157044
0.4015647
0.4015623
0.40156344
0.40156794
0.40157533
0.40158463
0.40159485
0.401605
0.40161422
0.40162227
0.40162945
0.4016364
0.40164408
0.4016534
0.40166467
0.40167773
0.40169206
0.40170628
0.4017188
0.40172789
0.40173227
0.40173087
0.40172306
0.40170887
0.40168884
0.4016639
0.40163562
0.40160543
0.40157503
0.40154585
0.40151936
0.40149674
0.40147853
0.40146503
0.40145645
0.40145257
0.401453
0.4014571
0.40146416
0.4014734
0.4014837
0.4014941
0.40150347
0.40151104
0.40151626
0.40151918
0.40151986
0.4015188
0.40151656
0.4015133
0.40150943
0.40150493
0.40149978
0.40149397
0.40148774
0.40148127
0.40147486
0.40146863
0.40146294
0.4014578
0.40145338
0.4014501
0.4014485
0.40144867
0.40145087
0.4014549
0.40146026
0.4014664
0.40147272
0.40147847
0.40148354
0.40148798
0.40149236
0.40149716
0.40150315
0.40151092
0.4015208
0.40153277
0.40154678
0.4015627
0.40158
0.40159816
0.4016162
0.4016328
0.40164682
0.40165696
0.4016623
0.40166226
0.40165678
0.40164623
0.4016313
0.4016131
0.4015928
0.40157178
0.40155128
0.40153244
0.40151605
0.40150264
0.4014923
0.40148497
0.40148026
0.40147775
0.40147698
0.40147752
0.40147892
0.40148103
0.4014837
0.40148687
0.40149045
0.40149438
0.40149865
0.40150315
0.40150765
0.40151218
0.40151665
0.40152106
0.40152538
0.40152967
0.40153405
0.40153873
0.4015442
0.40155113
0.40155995
0.40157115
0.401585
0.40160155
0.40162063
0.40164188
0.40166473
0.40168825
0.4017111
0.4017316
0.4017484
0.40176028
0.40176663
0.40176725
0.4017626
0.40175372
0.40174216
0.40172988
0.40171862
0.40171
0.40170512
0.40170467
0.40170887
0.40171742
0.40172946
0.4017437
0.40175834
0.40177175
0.40178254
0.40178972
0.40179268
0.40179136
0.40178603
0.4017772
0.40176573
0.4017524
0.4017379
0.40172267
0.40170693
0.40169087
0.40167424
0.40165734
0.40164044
0.40162423
0.40160918
0.40159586
0.40158424
0.40157443
0.40156633
0.40155962
0.40155432
0.40155002
0.40154645
0.4015432
0.40154013
0.40153748
0.40153557
0.4015348
0.40153563
0.40153834
0.4015429
0.4015494
0.4015576
0.4015672
0.4015782
0.4015905
0.40160397
0.4016185
0.4016339
0.40165007
0.401667
0.4016843
0.40170154
0.40171784
0.4017326
0.4017453
0.4017558
0.40176424
0.401771
0.40177655
0.401781
0.40178433
0.40178618
0.4017859
0.40178308
0.4017771
0.40176785
0.4017555
0.4017406
0.40172443
0.40170857
0.40169483
0.401685
0.4016806
0.4016827
0.40169156
0.40170678
0.4017273
0.40175134
0.40177703
0.4018024
0.40182588
0.40184617
0.40186238
0.40187392
0.40188068
0.40188277
0.40188038
0.40187398
0.401864
0.4018507
0.4018343
0.40181503
0.40179282
0.40176812
0.40174147
0.40171397
0.4016868
0.40166113
0.4016379
0.40161774
0.40160072
0.40158683
0.40157583
0.4015677
0.40156218
0.4015596
0.40155998
0.4015631
0.40156847
0.40157512
0.401582
0.40158805
0.40159243
0.40159446
0.40159348
0.40158898
0.40158075
0.40156907
0.40155444
0.40153787
0.4015205
0.40150326
0.40148696
0.40147197
0.40145844
0.4014464
0.4014357
0.4014261
0.40141746
0.4014098
0.40140334
0.4013985
0.4013958
0.40139583
0.40139902
0.40140608
0.40141726
0.40143284
0.40145287
0.4014771
0.4015051
0.40153626
0.40156993
0.40160486
0.40163982
0.4016731
0.40170303
0.40172806
0.4017469
0.4017589
0.40176395
0.4017624
0.40175548
0.40174463
0.40173152
0.40171796
0.4017059
0.40169695
0.401692
0.40169123
0.40169406
0.40169916
0.40170473
0.40170917
0.4017111
0.40170974
0.40170482
0.40169695
0.4016872
0.4016768
0.40166703
0.4016589
0.4016534
0.40165126
0.4016529
0.40165827
0.4016671
0.40167838
0.4016913
0.40170494
0.4017187
0.40173227
0.40174523
0.4017573
0.40176785
0.4017762
0.4017815
0.4017832
0.40178084
0.40177417
0.4017635
0.40174943
0.4017327
0.4017143
0.40169504
0.40167552
0.4016561
0.40163717
0.40161926
0.4016029
0.40158877
0.40157738
0.40156907
0.40156373
0.40156102
0.40156028
0.40156072
0.4015617
0.40156287
0.40156406
0.40156528
0.4015663
0.40156683
0.40156642
0.40156463
0.40156093
0.4015552
0.40154767
0.40153882
0.40152967
0.40152135
0.40151492
0.4015111
0.40151033
0.4015125
0.4015173
0.401524
0.40153185
0.40154028
0.40154865
0.4015564
0.401563
0.4015677
0.40156993
0.40156922
0.40156558
0.40155908
0.40155008
0.4015391
0.40152642
0.40151262
0.40149844
0.40148452
0.40147126
0.401459
0.40144798
0.4014381
0.40142933
0.40142182
0.4014156
0.40141124
0.40140927
0.40141037
0.4014151
0.4014236
0.4014361
0.40145215
0.4014712
0.4014923
0.40151414
0.40153533
0.40155444
0.40157
0.4015811
0.40158713
0.401588
0.40158406
0.40157616
0.40156573
0.40155414
0.4015431
0.40153414
0.40152818
0.40152574
0.40152678
0.40153098
0.4015378
0.40154684
0.40155786
0.40157053
0.40158454
0.40159935
0.40161476
0.4016298
0.40164366
0.40165535
0.40166384
0.4016687
0.4016699
0.4016677
0.40166277
0.40165597
0.40164828
0.4016407
0.401634
0.4016287
0.40162522
0.4016238
0.4016246
0.40162775
0.40163344
0.4016417
0.4016525
0.40166542
0.4016797
0.4016943
0.4017079
0.40171888
0.40172595
0.40172797
0.4017244
0.40171516
0.40170094
0.40168285
0.4016624
0.4016413
0.40162116
0.4016033
0.40158862
0.40157783
0.4015711
0.40156817
0.4015687
0.40157217
0.4015776
0.4015844
0.4015916
0.4015985
0.4016046
0.40160978
0.40161416
0.40161765
0.40162048
0.40162227
0.40162277
0.40162158
0.40161878
0.40161476
0.4016103
0.40160662
0.40160477
0.4016056
0.40160972
0.4016174
0.4016286
0.40164304
0.40165988
0.40167797
0.40169573
0.40171152
0.401724
0.40173194
0.40173483
0.40173244
0.40172496
0.40171322
0.40169823
0.40168133
0.40166387
0.40164715
0.40163234
0.4016202
0.40161106
0.40160483
0.4016009
0.40159822
0.4015957
0.4015922
0.40158686
0.40157938
0.40156975
0.40155867
0.4015466
0.4015345
0.4015229
0.4015123
0.4015029
0.40149495
0.4014886
0.4014841
0.40148184
0.40148208
0.40148515
0.40149108
0.4015
0.4015115
0.40152535
0.40154105
0.4015579
0.40157515
0.40159205
0.40160772
0.40162173
0.40163386
0.4016443
0.4016536
0.40166217
0.40167052
0.4016786
0.40168604
0.40169233
0.40169644
0.40169728
0.40169403
0.4016861
0.4016734
0.4016563
0.40163538
0.4016117
0.40158638
0.40156072
0.4015361
0.40151381
0.40149492
0.40148026
0.40147027
0.4014652
0.4014652
0.40147
0.40147945
0.40149316
0.40151066
0.4015314
0.40155458
0.40157923
0.40160415
0.40162805
0.40165007
0.40166962
0.4016866
0.40170163
0.40171525
0.40172836
0.40174142
0.40175456
0.40176743
0.4017792
0.4017892
0.4017964
0.40180013
0.40179986
0.40179545
0.40178686
0.4017743
0.4017584
0.4017399
0.40171984
0.40169942
0.40167978
0.40166196
0.4016465
0.40163362
0.4016231
0.4016143
0.4016068
0.4016002
0.40159434
0.4015892
0.40158457
0.40158027
0.40157604
0.4015716
0.4015671
0.4015629
0.40155974
0.40155822
0.40155876
0.40156153
0.40156662
0.40157375
0.40158272
0.4015935
0.4016064
0.4016217
0.40163943
0.4016591
0.40167984
0.4017001
0.4017183
0.4017327
0.40174216
0.40174618
0.40174457
0.40173793
0.40172705
0.4017131
0.40169755
0.40168175
0.40166682
0.40165392
0.40164354
0.40163624
0.40163213
0.40163055
0.40163067
0.4016313
0.4016314
0.4016302
0.4016275
0.40162346
0.4016185
0.40161312
0.4016079
0.40160295
0.40159872
0.40159538
0.40159297
0.40159145
0.40159082
0.40159115
0.40159222
0.401594
0.4015959
0.40159744
0.40159792
0.4015971
0.40159488
0.40159142
0.4015872
0.40158272
0.40157855
0.40157506
0.40157253
0.40157092
0.4015699
0.4015688
0.40156686
0.4015636
0.40155888
0.40155295
0.40154624
0.40153953
0.4015335
0.40152875
0.40152568
0.4015248
0.40152615
0.40152955
0.40153456
0.40154076
0.4015474
0.40155393
0.40155986
0.4015648
0.40156856
0.40157077
0.40157112
0.4015694
0.4015657
0.40156022
0.4015537
0.40154693
0.4015409
0.4015361
0.40153322
0.4015322
0.40153304
0.40153545
0.401539
0.4015438
0.40154988
0.40155745
0.4015665
0.40157685
0.4015882
0.40160027
0.4016126
0.40162453
0.4016352
0.40164372
0.40164965
0.4016528
0.40165374
0.40165314
0.40165204
0.4016513
0.40165132
0.4016523
0.4016541
0.4016564
0.40165895
0.4016617
0.40166414
0.40166593
0.40166646
0.40166497
0.4016607
0.4016531
0.40164194
0.40162727
0.40160972
0.40159008
0.4015693
0.40154824
0.40152797
0.4015096
0.40149418
0.40148267
0.40147573
0.40147394
0.40147746
0.4014864
0.40150067
0.40152028
0.401545
0.40157443
0.401608
0.40164465
0.401683
0.4017217
0.40175864
0.40179244
0.40182167
0.40184537
0.40186307
0.40187457
0.40187976
0.401879
0.40187246
0.40186054
0.4018435
0.40182188
0.40179652
0.4017685
0.40173933
0.4017107
0.40168422
0.40166137
0.4016431
0.4016303
0.4016237
0.40162408
0.40163264
0.40165132
0.40168297
0.4017315
0.40180254
0.40190363
0.40204564
0.40224454
0.40252247
0.4029087
0.40344483
0.40418816
0.40521613
0.4066341
0.4085828
0.41128245
0.41495615
0.41991338
0.42662734
0.43574104
0.44786736
