0.4426707
0.43219587
0.42434138
0.41842985
0.4140172
0.41075888
0.40836823
0.40660605
0.40531233
0.4043686
0.40367967
0.40317827
0.40281463
0.40255138
0.4023609
0.40222266
0.4021216
0.40204656
0.40198955
0.40194452
0.40190718
0.4018745
0.4018445
0.4018162
0.4017893
0.40176436
0.40174225
0.40172407
0.40171084
0.4017029
0.40170008
0.40170166
0.40170643
0.40171292
0.40171948
0.4017242
0.40172577
0.40172312
0.40171605
0.40170476
0.40169007
0.40167332
0.40165597
0.40163958
0.40162534
0.40161446
0.40160736
0.4016045
0.401606
0.40161163
0.4016212
0.40163407
0.40164924
0.4016654
0.40168062
0.40169337
0.40170178
0.4017048
0.40170184
0.40169302
0.40167904
0.4016612
0.40164122
0.4016211
0.40160298
0.4015889
0.40158042
0.40157872
0.40158442
0.4015976
0.40161777
0.4016441
0.40167534
0.40170977
0.40174544
0.40178016
0.4018118
0.4018386
0.4018592
0.40187243
0.40187776
0.401875
0.40186444
0.40184677
0.40182307
0.40179464
0.40176314
0.4017304
0.40169814
0.40166807
0.4016415
0.40161917
0.40160167
0.4015892
0.40158165
0.40157858
0.40157965
0.40158424
0.40159184
0.4016022
0.40161476
0.40162864
0.4016429
0.40165657
0.40166876
0.40167913
0.40168798
0.401696
0.40170377
0.40171185
0.40172073
0.40173033
0.40174058
0.4017513
0.4017621
0.40177232
0.40178084
0.40178677
0.4017892
0.40178737
0.40178108
0.40177
0.40175462
0.40173548
0.40171334
0.4016889
0.40166277
0.40163568
0.40160802
0.40158087
0.40155515
0.40153176
0.4015114
0.40149444
0.40148118
0.4014714
0.4014649
0.40146154
0.401461
0.40146306
0.40146744
0.40147376
0.40148175
0.40149152
0.40150324
0.4015172
0.40153372
0.40155277
0.40157416
0.40159768
0.4016226
0.40164796
0.4016724
0.40169442
0.40171275
0.4017264
0.40173483
0.401738
0.4017362
0.40173003
0.40172067
0.40170938
0.40169746
0.40168625
0.40167686
0.40167022
0.40166706
0.40166783
0.40167227
0.40167996
0.40168977
0.40170062
0.4017112
0.40172058
0.4017281
0.40173352
0.40173694
0.40173876
0.40173945
0.4017397
0.40173978
0.40173978
0.40173954
0.40173894
0.40173802
0.40173697
0.4017362
0.40173584
0.40173602
0.4017369
0.40173826
0.40174004
0.401742
0.4017438
0.40174484
0.40174466
0.4017431
0.40174013
0.40173608
0.40173128
0.40172595
0.40172
0.40171316
0.4017052
0.40169588
0.40168536
0.40167415
0.40166306
0.40165335
0.4016459
0.40164155
0.40164077
0.40164363
0.40164995
0.4016593
0.4016716
0.4016866
0.40170437
0.40172446
0.40174654
0.40176955
0.40179232
0.40181378
0.40183255
0.401848
0.40185937
0.40186632
0.40186846
0.40186566
0.40185782
0.40184513
0.4018281
0.4018072
0.40178323
0.40175718
0.40173003
0.4017031
0.40167713
0.4016528
0.40163058
0.40161043
0.4015925
0.40157676
0.4015634
0.4015525
0.40154448
0.40153962
0.4015383
0.4015409
0.40154728
0.40155765
0.40157187
0.4015899
0.40161127
0.401635
0.40165982
0.40168422
0.40170652
0.40172508
0.4017386
0.40174627
0.40174735
0.40174183
0.40173006
0.40171254
0.4016903
0.40166444
0.40163615
0.40160668
0.40157723
0.40154892
0.4015226
0.40149912
0.40147904
0.40146285
0.4014508
0.40144312
0.40143993
0.40144128
0.40144715
0.40145728
0.40147114
0.40148804
0.401507
0.4015269
0.4015465
0.40156448
0.40157983
0.40159205
0.40160108
0.40160722
0.40161106
0.40161332
0.40161473
0.40161556
0.4016162
0.40161645
0.40161598
0.40161452
0.40161195
0.40160835
0.40160406
0.40159985
0.40159637
0.40159434
0.40159407
0.40159565
0.40159884
0.40160322
0.40160826
0.40161353
0.4016185
0.40162244
0.40162453
0.40162423
0.40162122
0.40161568
0.40160802
0.40159887
0.40158865
0.40157798
0.40156728
0.4015569
0.40154755
0.40153936
0.40153277
0.40152797
0.4015253
0.40152508
0.4015281
0.4015349
0.40154603
0.40156168
0.4015817
0.40160573
0.401633
0.4016622
0.40169185
0.40172002
0.40174484
0.4017648
0.40177882
0.4017863
0.40178743
0.40178287
0.40177393
0.40176222
0.40174934
0.40173694
0.40172648
0.40171903
0.40171546
0.40171605
0.40172103
0.40172997
0.40174192
0.40175557
0.40176922
0.40178114
0.40178993
0.4017942
0.4017931
0.40178612
0.40177333
0.40175506
0.40173212
0.40170562
0.40167713
0.4016482
0.40162048
0.40159535
0.4015741
0.40155762
0.40154666
0.40154147
0.40154234
0.40154883
0.4015603
0.40157565
0.4015932
0.4016112
0.4016276
0.40164047
0.40164834
0.40165037
0.4016465
0.40163714
0.40162334
0.4016063
0.4015872
0.40156698
0.4015467
0.40152672
0.40150765
0.4014897
0.40147296
0.40145767
0.40144396
0.40143183
0.40142137
0.4014129
0.4014065
0.4014022
0.4013999
0.40139917
0.40139976
0.40140125
0.40140358
0.4014067
0.40141082
0.4014161
0.4014227
0.40143114
0.40144184
0.40145534
0.40147185
0.4014918
0.40151504
0.40154138
0.40157008
0.40160015
0.4016302
0.40165895
0.4016851
0.40170777
0.40172672
0.401742
0.40175405
0.4017634
0.401771
0.40177748
0.40178338
0.40178883
0.40179354
0.40179747
0.4018005
0.40180284
0.4018047
0.40180635
0.4018082
0.40181044
0.40181282
0.40181467
0.4018152
0.4018134
0.40180838
0.40179974
0.4017873
0.40177134
0.4017524
0.4017314
0.40170938
0.40168753
0.40166697
0.40164885
0.40163407
0.40162328
0.40161687
0.40161496
0.40161738
0.40162367
0.40163326
0.4016453
0.401659
0.40167335
0.40168712
0.40169933
0.4017091
0.40171596
0.4017198
0.401721
0.4017198
0.40171698
0.40171275
0.4017073
0.40170056
0.40169236
0.40168267
0.4016716
0.4016597
0.40164772
0.40163645
0.40162665
0.40161884
0.40161327
0.40160993
0.40160826
0.4016076
0.401607
0.40160558
0.40160248
0.4015972
0.40158975
0.40158048
0.40157017
0.4015594
0.40154892
0.40153915
0.40153036
0.40152225
0.40151492
0.40150812
0.40150225
0.4014975
0.40149426
0.40149245
0.40149212
0.40149316
0.40149534
0.4014987
0.401503
0.4015083
0.4015146
0.40152192
0.40153003
0.4015381
0.4015454
0.4015508
0.40155342
0.4015528
0.40154892
0.40154245
0.40153417
0.401525
0.4015157
0.4015068
0.40149862
0.40149125
0.40148443
0.40147814
0.40147224
0.40146667
0.40146145
0.40145674
0.40145284
0.4014501
0.40144885
0.4014493
0.40145138
0.40145504
0.40146014
0.4014666
0.40147445
0.40148374
0.4014944
0.4015063
0.4015192
0.40153277
0.4015467
0.40156052
0.40157402
0.40158707
0.4015998
0.401612
0.40162396
0.40163592
0.4016479
0.40165967
0.40167084
0.40168053
0.40168822
0.4016932
0.40169516
0.40169412
0.40169054
0.40168515
0.40167868
0.40167147
0.4016636
0.40165475
0.40164417
0.40163127
0.40161547
0.4015967
0.4015753
0.4015524
0.4015292
0.40150702
0.40148732
0.4014712
0.40145946
0.40145263
0.4014509
0.40145415
0.40146175
0.40147272
0.40148598
0.40149987
0.40151295
0.4015238
0.4015315
0.40153557
0.40153605
0.4015331
0.40152755
0.40152055
0.40151355
0.40150785
0.40150452
0.40150437
0.40150774
0.40151465
0.40152523
0.40153953
0.4015576
0.40157932
0.40160438
0.40163186
0.40166056
0.401689
0.40171546
0.4017384
0.40175655
0.40176892
0.40177497
0.40177476
0.40176862
0.40175754
0.40174282
0.40172595
0.4017088
0.40169314
0.40168047
0.40167168
0.40166736
0.4016674
0.40167168
0.40167978
0.40169096
0.40170404
0.40171748
0.40172976
0.40173966
0.40174624
0.4017494
0.40174934
0.40174678
0.40174276
0.40173823
0.40173396
0.40173048
0.40172818
0.40172747
0.4017288
0.40173227
0.4017378
0.40174496
0.4017529
0.4017606
0.40176666
0.40176985
0.4017691
0.4017638
0.4017536
0.4017387
0.40171972
0.4016975
0.40167323
0.4016482
0.4016237
0.4016009
0.4015806
0.40156353
0.40155017
0.4015407
0.40153524
0.40153372
0.40153593
0.40154135
0.4015492
0.40155822
0.4015671
0.40157443
0.4015792
0.4015807
0.4015787
0.40157324
0.40156472
0.4015537
0.4015412
0.4015285
0.40151653
0.40150625
0.40149814
0.4014927
0.40148976
0.40148902
0.4014898
0.4014912
0.40149245
0.40149295
0.40149236
0.40149087
0.40148896
0.40148735
0.40148672
0.40148756
0.4014901
0.4014945
0.40150058
0.40150824
0.40151742
0.40152782
0.40153974
0.40155315
0.40156797
0.40158382
0.40160033
0.40161663
0.4016319
0.40164503
0.4016554
0.40166253
0.4016662
0.40166634
0.40166274
0.4016551
0.4016433
0.4016275
0.4016085
0.40158734
0.40156558
0.40154484
0.40152663
0.40151194
0.4015015
0.40149546
0.40149367
0.40149555
0.4015005
0.40150777
0.4015168
0.40152708
0.40153834
0.40154994
0.40156174
0.4015735
0.4015852
0.40159634
0.40160647
0.40161476
0.40162036
0.40162277
0.40162167
0.40161747
0.40161073
0.4016025
0.40159386
0.40158573
0.40157887
0.4015737
0.40157035
0.40156862
0.4015682
0.40156844
0.40156907
0.40156966
0.4015701
0.40157053
0.40157086
0.40157145
0.40157256
0.40157446
0.4015769
0.40157974
0.4015823
0.40158427
0.4015852
0.40158454
0.40158165
0.40157586
0.4015671
0.4015555
0.4015418
0.40152717
0.40151286
0.40150008
0.40148982
0.40148285
0.40147966
0.40148038
0.40148515
0.4014938
0.4015058
0.4015204
0.40153664
0.4015531
0.40156844
0.4015811
0.40159008
0.40159482
0.40159535
0.40159214
0.4015862
0.4015787
0.4015706
0.40156284
0.40155604
0.40155074
0.40154737
0.401546
0.40154687
0.4015498
0.40155447
0.40156078
0.40156823
0.40157625
0.40158406
0.40159106
0.4015968
0.40160125
0.40160468
0.40160772
0.40161127
0.4016158
0.40162173
0.40162924
0.4016379
0.40164706
0.40165552
0.4016623
0.4016664
0.40166733
0.40166512
0.40166005
0.401653
0.40164497
0.40163687
0.40162945
0.40162334
0.40161902
0.40161705
0.40161738
0.4016202
0.40162525
0.40163198
0.40163967
0.40164772
0.40165567
0.40166283
0.40166852
0.40167212
0.40167323
0.40167195
0.40166888
0.4016647
0.4016606
0.40165722
0.40165493
0.40165362
0.40165263
0.40165102
0.4016478
0.40164238
0.40163478
0.4016256
0.40161565
0.40160626
0.40159854
0.40159333
0.40159106
0.4015917
0.40159476
0.40159944
0.40160468
0.40160918
0.40161237
0.4016137
0.4016137
0.40161303
0.40161258
0.40161312
0.40161526
0.40161946
0.40162602
0.40163496
0.40164578
0.40165797
0.40167072
0.40168333
0.40169507
0.40170538
0.40171343
0.40171894
0.40172213
0.40172347
0.40172398
0.4017245
0.4017257
0.40172777
0.4017304
0.40173304
0.40173477
0.40173504
0.40173337
0.40172982
0.40172476
0.4017187
0.40171236
0.4017059
0.40169936
0.4016924
0.40168455
0.4016756
0.4016656
0.4016551
0.4016449
0.40163583
0.40162846
0.40162328
0.4016201
0.40161857
0.40161812
0.40161818
0.40161827
0.40161794
0.401617
0.40161505
0.40161222
0.40160877
0.40160498
0.40160123
0.40159777
0.40159485
0.4015927
0.40159124
0.40159038
0.40158966
0.40158847
0.40158665
0.40158406
0.40158108
0.4015782
0.40157622
0.40157565
0.40157685
0.40158
0.401585
0.40159145
0.40159878
0.40160647
0.401614
0.40162134
0.4016284
0.40163526
0.40164173
0.40164754
0.401652
0.40165502
0.40165645
0.40165687
0.40165657
0.40165585
0.40165466
0.40165257
0.4016493
0.4016447
0.4016389
0.40163207
0.40162456
0.40161687
0.40160945
0.40160313
0.4015988
0.4015973
0.4015993
0.4016056
0.4016165
0.40163222
0.40165263
0.40167707
0.4017045
0.4017334
0.40176207
0.40178874
0.4018119
0.40183023
0.40184277
0.4018488
0.40184796
0.40184033
0.4018262
0.40180615
0.40178114
0.40175247
0.4017215
0.40168992
0.40165943
0.4016317
0.40160814
0.40158984
0.40157777
0.4015723
0.40157318
0.4015797
0.40159056
0.40160418
0.4016184
0.4016313
0.40164122
0.4016469
0.40164796
0.40164435
0.40163702
0.40162686
0.40161508
0.40160277
0.40159068
0.4015793
0.4015689
0.40155977
0.401552
0.40154532
0.40153953
0.40153417
0.40152904
0.40152422
0.40151998
0.40151706
0.4015163
0.40151817
0.40152302
0.40153074
0.40154073
0.401552
0.40156335
0.40157342
0.40158114
0.40158585
0.40158743
0.4015865
0.40158427
0.40158197
0.40158072
0.40158165
0.40158516
0.4015915
0.40160042
0.40161112
0.40162265
0.40163386
0.4016436
0.40165094
0.40165555
0.40165743
0.40165678
0.401654
0.40164992
0.40164512
0.40164062
0.4016368
0.40163413
0.4016325
0.40163174
0.40163162
0.40163234
0.4016346
0.40163967
0.4016492
0.4016652
0.40168986
0.40172586
0.40177688
0.4018477
0.40194538
0.4020802
0.40226787
0.40253192
0.40290207
0.4034208
0.40414685
0.40515924
0.40656465
0.40850502
0.4112013
0.41487652
0.41983947
0.42656302
0.4356893
0.44782946
