0.4425861
0.4320893
0.42422095
0.41830352
0.41389313
0.41064438
0.4082694
0.40652654
0.40525407
0.40433115
0.40366113
0.4031756
0.4028237
0.40256783
0.40238047
0.40224174
0.40213725
0.40205723
0.4019946
0.40194467
0.4019042
0.40187097
0.4018433
0.40181974
0.4017986
0.40177837
0.4017575
0.4017353
0.4017112
0.40168518
0.40165788
0.40162995
0.40160263
0.40157717
0.40155455
0.40153557
0.40152073
0.40151024
0.40150416
0.4015022
0.40150398
0.40150875
0.40151557
0.4015233
0.4015308
0.4015375
0.40154323
0.40154842
0.40155375
0.40156
0.4015679
0.40157777
0.4015898
0.40160382
0.4016192
0.40163526
0.40165097
0.40166518
0.40167686
0.40168524
0.40168962
0.40168977
0.40168625
0.4016798
0.4016716
0.40166277
0.40165442
0.40164676
0.4016399
0.40163362
0.40162745
0.4016211
0.40161422
0.40160653
0.401598
0.40158904
0.4015803
0.4015726
0.4015665
0.40156242
0.4015603
0.40155998
0.40156087
0.40156248
0.40156448
0.4015665
0.4015686
0.40157118
0.40157476
0.40157956
0.4015858
0.40159357
0.40160245
0.40161186
0.40162086
0.40162826
0.40163282
0.40163386
0.4016309
0.40162435
0.401615
0.40160394
0.4015925
0.4015817
0.40157238
0.40156505
0.40155974
0.40155655
0.40155503
0.4015548
0.40155566
0.40155742
0.40156004
0.40156376
0.4015689
0.40157548
0.40158364
0.4015933
0.40160406
0.40161535
0.40162688
0.40163836
0.40164948
0.4016601
0.40167022
0.40167975
0.40168864
0.40169653
0.40170255
0.4017061
0.4017063
0.4017028
0.4016953
0.4016843
0.40167037
0.40165433
0.40163752
0.40162095
0.40160576
0.40159297
0.4015834
0.4015775
0.40157577
0.40157837
0.40158513
0.40159538
0.40160832
0.4016226
0.40163663
0.40164912
0.4016591
0.4016661
0.40167037
0.4016725
0.40167373
0.40167493
0.40167674
0.40167943
0.40168267
0.40168548
0.40168694
0.40168625
0.401683
0.40167746
0.4016705
0.4016634
0.4016578
0.4016551
0.40165636
0.4016617
0.40167072
0.40168214
0.40169412
0.40170467
0.40171173
0.40171382
0.4017099
0.4016997
0.40168336
0.40166193
0.40163645
0.40160847
0.40157953
0.40155107
0.40152422
0.40149975
0.4014781
0.40145975
0.40144482
0.40143326
0.4014249
0.40141952
0.40141678
0.40141636
0.40141782
0.40142083
0.40142468
0.4014289
0.4014329
0.40143645
0.4014397
0.4014426
0.4014453
0.4014477
0.40144968
0.4014509
0.40145165
0.40145206
0.40145284
0.40145472
0.40145823
0.40146396
0.40147197
0.4014822
0.4014944
0.40150788
0.40152222
0.40153715
0.4015525
0.4015679
0.4015829
0.40159672
0.4016084
0.4016173
0.4016231
0.401626
0.40162656
0.4016257
0.40162438
0.4016235
0.40162382
0.40162587
0.40162987
0.4016361
0.40164453
0.4016552
0.40166765
0.4016814
0.40169552
0.40170935
0.40172192
0.4017325
0.40174028
0.40174472
0.40174568
0.40174326
0.4017378
0.40173015
0.40172118
0.40171203
0.40170375
0.4016972
0.40169275
0.4016908
0.4016913
0.4016943
0.4016995
0.40170684
0.40171596
0.40172622
0.40173692
0.40174687
0.40175495
0.40176052
0.4017628
0.4017619
0.4017581
0.4017523
0.4017454
0.40173858
0.40173286
0.40172875
0.40172672
0.40172672
0.40172845
0.4017315
0.4017357
0.40174088
0.40174684
0.40175354
0.40176046
0.40176693
0.4017721
0.4017749
0.40177432
0.4017696
0.40176025
0.40174642
0.4017287
0.40170798
0.40168548
0.4016623
0.40163943
0.40161765
0.40159765
0.40158004
0.40156513
0.40155318
0.40154454
0.40153956
0.40153864
0.4015421
0.40154994
0.4015619
0.40157717
0.4015949
0.40161368
0.4016324
0.40165025
0.40166697
0.40168288
0.4016986
0.4017146
0.40173152
0.4017494
0.4017683
0.4017876
0.40180698
0.40182596
0.4018441
0.40186128
0.40187722
0.4018919
0.40190503
0.40191647
0.401926
0.40193316
0.40193754
0.4019388
0.40193656
0.401931
0.40192187
0.40190962
0.40189463
0.4018776
0.4018591
0.40183994
0.40182015
0.40179983
0.40177882
0.40175703
0.40173483
0.4017128
0.40169182
0.40167302
0.40165725
0.4016451
0.40163675
0.4016319
0.40162984
0.4016298
0.40163103
0.4016333
0.40163645
0.40164062
0.401646
0.40165266
0.4016606
0.40166935
0.40167868
0.40168798
0.40169665
0.40170428
0.40171087
0.4017171
0.40172437
0.4017352
0.4017529
0.40178183
0.40182728
0.40189582
0.40199602
0.4021392
0.40234125
0.4026243
0.40301636
0.40355742
0.4043037
0.4053317
0.40674633
0.40868887
0.41137943
0.41504252
0.41998786
0.42668837
0.43578884
0.44790196
