0.44254774
0.43203658
0.42415267
0.41821796
0.4137882
0.4105178
0.40812075
0.40635613
0.4050627
0.4041218
0.40343744
0.4029421
0.40258527
0.40232912
0.4021453
0.40201265
0.4019161
0.40184465
0.40179077
0.40174904
0.40171555
0.40168738
0.4016621
0.4016382
0.40161476
0.40159142
0.4015683
0.40154567
0.40152422
0.40150458
0.40148717
0.40147242
0.40146053
0.4014513
0.40144455
0.4014396
0.4014361
0.40143338
0.40143114
0.40142918
0.40142754
0.4014263
0.40142602
0.4014273
0.40143055
0.40143603
0.40144396
0.40145412
0.40146643
0.40148026
0.40149486
0.401509
0.40152153
0.4015313
0.40153754
0.4015398
0.4015385
0.40153462
0.4015296
0.401525
0.4015222
0.4015223
0.4015262
0.4015343
0.40154684
0.4015635
0.4015839
0.40160707
0.4016318
0.40165672
0.40168035
0.4017013
0.40171868
0.40173194
0.40174097
0.4017461
0.40174806
0.4017478
0.4017467
0.40174595
0.401747
0.40175036
0.4017562
0.4017641
0.4017732
0.40178233
0.40179053
0.40179712
0.40180162
0.40180406
0.40180475
0.4018043
0.40180326
0.40180206
0.40180105
0.40179998
0.4017983
0.40179515
0.4017895
0.40178055
0.40176776
0.40175092
0.4017302
0.4017063
0.40168014
0.4016528
0.40162554
0.4015993
0.40157482
0.4015529
0.40153387
0.40151805
0.40150547
0.40149614
0.40149003
0.40148675
0.40148616
0.40148774
0.4014911
0.40149593
0.40150246
0.40151098
0.40152198
0.40153605
0.40155318
0.4015734
0.4015957
0.40161896
0.40164143
0.40166122
0.40167654
0.40168595
0.40168837
0.40168354
0.40167192
0.4016546
0.40163314
0.4016095
0.40158585
0.40156385
0.4015448
0.40152943
0.40151802
0.40151012
0.40150532
0.40150288
0.40150192
0.40150163
0.40150106
0.40149984
0.4014977
0.40149492
0.40149218
0.40149033
0.40149006
0.40149203
0.40149644
0.4015032
0.40151176
0.40152124
0.40153065
0.40153894
0.40154532
0.40154946
0.40155146
0.40155178
0.4015513
0.40155053
0.40154982
0.4015492
0.40154824
0.4015467
0.40154397
0.40153983
0.40153393
0.4015264
0.4015173
0.40150696
0.40149605
0.40148538
0.4014758
0.40146786
0.40146217
0.40145865
0.40145737
0.40145808
0.40146035
0.4014635
0.40146685
0.40146968
0.40147138
0.40147153
0.4014703
0.40146807
0.40146562
0.4014641
0.40146425
0.40146685
0.40147224
0.40148053
0.40149155
0.40150484
0.40151966
0.4015353
0.4015506
0.40156448
0.40157568
0.40158322
0.4015866
0.4015858
0.40158123
0.40157372
0.4015641
0.40155318
0.40154165
0.4015298
0.40151784
0.40150604
0.40149468
0.40148428
0.40147528
0.4014681
0.40146336
0.40146136
0.40146267
0.40146753
0.401476
0.40148777
0.40150246
0.40151918
0.40153697
0.4015547
0.40157112
0.4015852
0.40159622
0.40160412
0.4016092
0.40161234
0.40161443
0.40161625
0.40161854
0.40162158
0.40162525
0.40162873
0.4016313
0.4016318
0.4016295
0.4016241
0.4016157
0.40160483
0.4015922
0.40157863
0.4015651
0.40155217
0.40154043
0.4015302
0.40152177
0.40151545
0.40151146
0.4015099
0.4015107
0.40151337
0.40151733
0.40152174
0.401526
0.40152976
0.40153295
0.40153575
0.4015385
0.4015418
0.40154603
0.40155157
0.4015585
0.4015666
0.40157565
0.40158498
0.40159374
0.401601
0.40160602
0.4016084
0.4016079
0.4016045
0.40159833
0.40158948
0.4015787
0.40156686
0.4015552
0.401545
0.40153694
0.40153185
0.4015301
0.40153185
0.40153703
0.40154558
0.4015572
0.40157166
0.4015883
0.4016062
0.4016243
0.4016411
0.40165535
0.40166572
0.40167165
0.40167296
0.40167004
0.40166375
0.40165538
0.40164602
0.4016369
0.40162867
0.40162182
0.40161684
0.4016142
0.4016146
0.4016189
0.40162766
0.40164122
0.40165943
0.40168175
0.40170717
0.4017345
0.40176246
0.40179005
0.40181634
0.4018406
0.40186208
0.4018802
0.4018942
0.4019035
0.40190747
0.4019058
0.40189806
0.4018843
0.4018645
0.40183914
0.4018089
0.40177476
0.401738
0.40169993
0.40166205
0.40162557
0.40159172
0.4015612
0.4015349
0.4015131
0.40149593
0.40148342
0.40147528
0.40147117
0.40147045
0.40147272
0.40147752
0.4014842
0.40149248
0.401502
0.4015123
0.4015227
0.40153262
0.4015415
0.4015489
0.4015546
0.4015582
0.40155914
0.40155688
0.4015512
0.40154186
0.40152946
0.40151456
0.40149802
0.4014808
0.40146375
0.40144774
0.40143353
0.40142173
0.40141293
0.40140775
0.40140653
0.4014099
0.40141788
0.4014304
0.40144697
0.4014669
0.40148923
0.40151286
0.40153652
0.40155914
0.4015793
0.40159586
0.40160793
0.40161532
0.4016184
0.40161812
0.40161583
0.4016132
0.40161178
0.4016131
0.40161818
0.40162772
0.4016417
0.4016598
0.40168107
0.40170422
0.40172789
0.4017503
0.4017696
0.40178457
0.40179396
0.40179718
0.40179387
0.40178427
0.40176898
0.40174907
0.40172604
0.40170154
0.40167746
0.40165564
0.40163746
0.4016238
0.4016149
0.40161073
0.40161029
0.4016126
0.40161645
0.40162045
0.4016241
0.40162694
0.40162918
0.4016313
0.4016336
0.40163615
0.40163875
0.40164062
0.4016409
0.4016388
0.4016342
0.40162706
0.4016178
0.40160757
0.40159747
0.40158877
0.40158224
0.4015782
0.40157676
0.40157777
0.40158108
0.40158606
0.4015922
0.40159872
0.40160456
0.40160856
0.40160993
0.40160823
0.4016039
0.4015979
0.40159127
0.40158543
0.40158147
0.40158027
0.4015823
0.40158775
0.40159622
0.40160725
0.40161982
0.40163285
0.40164497
0.4016551
0.4016626
0.40166706
0.40166873
0.40166786
0.40166518
0.40166113
0.40165597
0.40164953
0.40164158
0.40163153
0.401619
0.4016039
0.40158644
0.4015671
0.40154687
0.40152675
0.40150782
0.40149117
0.40147752
0.40146744
0.40146127
0.40145943
0.40146196
0.40146893
0.40148023
0.40149528
0.40151346
0.4015338
0.40155533
0.40157717
0.4015987
0.40161952
0.40163922
0.40165722
0.40167284
0.40168542
0.40169412
0.40169847
0.40169832
0.40169376
0.4016855
0.4016742
0.4016607
0.4016458
0.4016301
0.40161422
0.40159866
0.4015839
0.4015706
0.40155905
0.4015495
0.401542
0.40153658
0.4015333
0.40153208
0.4015331
0.40153658
0.40154245
0.40155044
0.40156007
0.40157053
0.40158084
0.4015899
0.401597
0.40160185
0.40160474
0.4016065
0.4016086
0.40161243
0.40161926
0.4016301
0.40164518
0.40166464
0.4016879
0.40171427
0.4017428
0.40177238
0.40180215
0.40183136
0.4018594
0.4018855
0.40190938
0.4019307
0.4019494
0.4019655
0.40197912
0.40199044
0.40199968
0.40200707
0.40201297
0.40201738
0.40202045
0.40202215
0.40202236
0.40202084
0.40201724
0.40201157
0.40200368
0.40199372
0.40198198
0.4019689
0.40195483
0.4019401
0.40192482
0.40190884
0.4018917
0.40187284
0.40185145
0.40182698
0.40179908
0.40176785
0.4017339
0.40169847
0.40166306
0.40162942
0.4015993
0.40157402
0.40155447
0.40154102
0.40153372
0.40153202
0.40153506
0.40154177
0.40155068
0.40156046
0.4015695
0.40157682
0.40158135
0.4015828
0.40158084
0.40157583
0.40156832
0.40155908
0.40154856
0.4015373
0.4015256
0.4015135
0.40150082
0.40148732
0.4014729
0.4014578
0.4014426
0.4014284
0.40141603
0.40140653
0.40140072
0.40139902
0.40140194
0.40140957
0.40142182
0.40143836
0.4014587
0.40148216
0.4015077
0.40153417
0.4015603
0.40158463
0.40160564
0.40162206
0.40163305
0.4016384
0.40163848
0.4016345
0.4016281
0.4016209
0.4016146
0.40161043
0.40160894
0.40161014
0.40161327
0.40161747
0.4016214
0.40162396
0.40162438
0.40162227
0.40161768
0.40161118
0.40160355
0.40159547
0.40158755
0.40158015
0.40157342
0.40156725
0.40156144
0.4015555
0.40154925
0.40154243
0.40153533
0.40152818
0.4015215
0.40151563
0.40151092
0.40150777
0.40150633
0.4015067
0.40150887
0.40151295
0.40151882
0.40152648
0.40153566
0.4015462
0.4015578
0.40156978
0.40158153
0.40159228
0.40160143
0.40160847
0.40161288
0.40161464
0.40161398
0.40161157
0.40160814
0.40160435
0.4016006
0.40159696
0.40159348
0.40159002
0.40158695
0.40158483
0.4015843
0.40158606
0.40159068
0.40159863
0.40161017
0.40162516
0.40164307
0.40166312
0.4016843
0.40170556
0.40172565
0.40174353
0.4017585
0.4017701
0.40177807
0.40178242
0.40178332
0.4017808
0.40177554
0.40176788
0.4017583
0.40174678
0.40173337
0.40171787
0.40170044
0.4016812
0.40166074
0.4016395
0.4016179
0.40159637
0.4015754
0.4015552
0.40153652
0.40151966
0.40150484
0.40149215
0.40148187
0.40147406
0.40146896
0.40146685
0.4014678
0.4014718
0.40147847
0.40148717
0.40149724
0.40150782
0.40151814
0.4015275
0.40153578
0.40154296
0.4015494
0.40155515
0.4015602
0.40156412
0.40156674
0.40156785
0.40156758
0.40156627
0.40156427
0.40156212
0.40156046
0.40156
0.40156138
0.4015651
0.40157127
0.4015799
0.40159032
0.40160143
0.4016121
0.4016208
0.40162644
0.40162832
0.40162635
0.4016211
0.40161356
0.401605
0.4015968
0.40159005
0.40158546
0.40158364
0.40158513
0.4015899
0.4015981
0.40160936
0.40162286
0.40163732
0.40165132
0.40166342
0.4016725
0.4016779
0.40167943
0.4016773
0.4016722
0.4016651
0.401657
0.4016492
0.4016427
0.4016379
0.40163505
0.4016339
0.4016338
0.40163392
0.40163344
0.40163144
0.40162706
0.40161958
0.4016091
0.40159586
0.40158066
0.40156442
0.4015482
0.40153277
0.40151873
0.40150642
0.40149605
0.40148756
0.4014808
0.40147555
0.40147176
0.4014694
0.40146878
0.40146986
0.401473
0.40147802
0.40148476
0.4014929
0.40150177
0.40151066
0.40151906
0.40152663
0.40153337
0.4015396
0.40154588
0.40155283
0.40156105
0.40157107
0.40158316
0.40159756
0.4016143
0.4016332
0.40165383
0.4016754
0.40169692
0.4017175
0.4017365
0.40175357
0.4017686
0.40178153
0.4017922
0.40180007
0.40180445
0.40180477
0.40180078
0.40179226
0.4017794
0.40176266
0.40174243
0.4017193
0.40169403
0.40166736
0.40164068
0.40161496
0.40159145
0.40157086
0.40155402
0.4015415
0.40153348
0.40152988
0.40153012
0.40153337
0.40153873
0.40154508
0.40155157
0.4015573
0.40156147
0.40156364
0.4015636
0.40156186
0.40155905
0.4015564
0.40155512
0.4015561
0.4015599
0.40156665
0.40157607
0.40158707
0.40159827
0.40160817
0.40161517
0.40161833
0.4016173
0.40161225
0.40160435
0.401595
0.40158588
0.40157837
0.4015737
0.4015725
0.40157512
0.40158147
0.4015909
0.40160272
0.40161583
0.40162933
0.40164223
0.40165368
0.4016629
0.4016692
0.4016721
0.4016716
0.401668
0.401662
0.40165427
0.4016456
0.40163657
0.4016281
0.4016208
0.40161553
0.40161303
0.40161353
0.4016173
0.40162393
0.40163264
0.4016424
0.40165192
0.40165988
0.4016654
0.40166783
0.4016676
0.40166533
0.4016623
0.40165982
0.40165922
0.40166134
0.40166673
0.401675
0.40168545
0.40169695
0.40170825
0.4017181
0.4017255
0.4017296
0.40172997
0.40172622
0.4017184
0.40170687
0.40169245
0.40167624
0.40165928
0.40164286
0.40162784
0.401615
0.40160474
0.40159747
0.40159348
0.40159252
0.40159422
0.40159774
0.4016019
0.4016057
0.40160805
0.40160835
0.40160656
0.40160316
0.40159902
0.40159506
0.40159246
0.40159208
0.4015945
0.40159985
0.40160784
0.4016178
0.40162903
0.40164095
0.40165308
0.40166533
0.40167737
0.40168864
0.40169847
0.40170613
0.4017111
0.40171322
0.40171242
0.40170854
0.4017018
0.40169233
0.40168035
0.40166643
0.40165135
0.40163627
0.4016221
0.40160972
0.40159965
0.40159193
0.40158656
0.40158305
0.40158135
0.4015814
0.4015832
0.401587
0.4015931
0.40160164
0.40161258
0.4016256
0.40164027
0.40165597
0.40167245
0.40168953
0.40170738
0.401726
0.40174523
0.4017645
0.40178293
0.40179962
0.4018136
0.4018241
0.4018306
0.40183312
0.40183198
0.401828
0.40182236
0.4018163
0.40181094
0.40180704
0.40180477
0.40180415
0.40180486
0.4018069
0.4018102
0.40181494
0.40182087
0.40182775
0.40183464
0.40184054
0.4018442
0.40184498
0.40184233
0.40183625
0.40182698
0.40181512
0.40180132
0.4017859
0.4017691
0.4017507
0.40173048
0.40170854
0.40168518
0.40166134
0.40163797
0.40161645
0.4015976
0.40158188
0.4015696
0.4015603
0.4015537
0.4015492
0.4015463
0.40154442
0.40154302
0.4015415
0.40153936
0.40153643
0.40153292
0.40152943
0.40152732
0.4015278
0.40153214
0.40154147
0.40155625
0.40157658
0.4016019
0.4016313
0.40166348
0.40169698
0.4017307
0.40176356
0.4017952
0.40182614
0.40185785
0.40189338
0.40193728
0.4019961
0.40207887
0.40219778
0.40236938
0.40261826
0.40297526
0.40348223
0.4041973
0.40519893
0.40659335
0.40852267
0.4112078
0.41487345
0.41982904
0.4265476
0.4356735
0.44781664
