0.44265056
0.4321685
0.42430636
0.41838637
0.41396415
0.4106944
0.40829095
0.40651387
0.40520278
0.40423983
0.40352958
0.40300554
0.40261853
0.40233293
0.40212268
0.4019689
0.40185776
0.4017791
0.40172523
0.4016904
0.4016701
0.40166047
0.40165854
0.40166152
0.40166706
0.40167323
0.40167817
0.4016804
0.40167928
0.40167457
0.40166697
0.40165743
0.40164727
0.40163764
0.4016296
0.40162334
0.40161884
0.4016155
0.4016126
0.40160933
0.40160516
0.40160003
0.4015943
0.40158838
0.40158248
0.40157706
0.4015724
0.40156874
0.4015664
0.40156615
0.40156844
0.40157387
0.40158233
0.40159348
0.40160647
0.40162036
0.40163404
0.40164664
0.4016579
0.4016679
0.40167698
0.4016861
0.40169632
0.40170845
0.40172297
0.40173987
0.4017584
0.40177733
0.4017953
0.40181094
0.40182316
0.40183106
0.40183434
0.401833
0.40182728
0.40181795
0.4018059
0.4017925
0.40177903
0.4017669
0.40175715
0.40175024
0.401746
0.4017438
0.40174252
0.40174097
0.40173832
0.4017338
0.4017274
0.4017193
0.4017103
0.40170127
0.4016935
0.40168798
0.40168533
0.40168568
0.40168858
0.4016932
0.40169814
0.40170196
0.4017033
0.401701
0.40169457
0.40168378
0.40166935
0.40165237
0.40163416
0.40161607
0.4015994
0.4015854
0.40157482
0.4015683
0.4015659
0.40156746
0.4015722
0.401579
0.40158668
0.4015939
0.40159974
0.40160364
0.40160567
0.4016063
0.40160602
0.4016056
0.40160552
0.4016059
0.4016068
0.40160796
0.4016093
0.40161082
0.4016126
0.40161464
0.40161666
0.40161818
0.40161884
0.40161848
0.40161747
0.40161675
0.4016173
0.40162036
0.40162683
0.4016373
0.40165195
0.40167066
0.40169284
0.40171742
0.40174314
0.40176845
0.40179175
0.4018116
0.40182698
0.4018372
0.40184212
0.40184185
0.40183705
0.40182853
0.40181762
0.40180555
0.4017938
0.4017835
0.40177536
0.4017695
0.4017652
0.40176153
0.40175742
0.40175208
0.40174487
0.4017356
0.40172434
0.4017115
0.40169755
0.401683
0.40166816
0.401653
0.4016375
0.40162182
0.4016063
0.40159157
0.40157825
0.40156692
0.401558
0.40155146
0.40154728
0.4015448
0.4015437
0.40154353
0.4015442
0.4015459
0.40154898
0.4015537
0.4015602
0.40156874
0.4015795
0.40159285
0.40160936
0.40162933
0.4016528
0.40167958
0.4017088
0.40173918
0.40176904
0.4017967
0.40182063
0.40183973
0.40185332
0.401861
0.40186313
0.40186015
0.40185308
0.40184304
0.40183133
0.40181893
0.40180695
0.40179574
0.40178528
0.40177503
0.40176442
0.40175313
0.40174103
0.40172842
0.40171555
0.4017029
0.40169063
0.40167925
0.40166923
0.40166092
0.40165445
0.40164974
0.4016463
0.40164328
0.4016398
0.40163532
0.4016296
0.401623
0.40161592
0.4016087
0.4016017
0.4015953
0.40158963
0.40158528
0.40158272
0.40158263
0.40158528
0.4015907
0.40159878
0.40160915
0.40162137
0.40163478
0.4016489
0.40166315
0.40167698
0.40168983
0.4017013
0.4017113
0.40171987
0.40172753
0.40173438
0.40174058
0.40174568
0.40174916
0.4017507
0.4017503
0.4017486
0.40174696
0.40174776
0.40175432
0.40177086
0.40180278
0.40185678
0.4019415
0.40206856
0.40225357
0.40251997
0.4028956
0.40342152
0.4041548
0.40517324
0.40658274
0.4085251
0.41122124
0.4148947
0.41985494
0.42657518
0.43569824
0.44783568
