0.44254187
0.4320263
0.4241356
0.41819173
0.41375157
0.41047022
0.40806365
0.4062916
0.40499368
0.40405148
0.40336883
0.40287748
0.40252626
0.40227655
0.40209925
0.40197265
0.4018809
0.40181237
0.40175924
0.40171638
0.40168083
0.40165108
0.40162674
0.4016076
0.40159357
0.40158436
0.4015794
0.40157777
0.4015783
0.40157977
0.40158087
0.4015804
0.40157756
0.40157205
0.4015641
0.4015542
0.401543
0.40153137
0.4015203
0.40151072
0.40150374
0.40150037
0.40150157
0.40150815
0.40152055
0.4015389
0.40156257
0.40159073
0.40162194
0.40165436
0.4016861
0.40171528
0.4017404
0.40176025
0.4017739
0.401781
0.40178153
0.40177575
0.40176404
0.40174705
0.40172568
0.40170118
0.40167493
0.4016486
0.40162414
0.40160328
0.40158746
0.4015776
0.40157402
0.40157646
0.40158418
0.4015958
0.4016097
0.40162405
0.40163693
0.40164676
0.4016525
0.40165383
0.40165105
0.4016451
0.40163723
0.40162888
0.4016214
0.4016161
0.40161386
0.40161526
0.4016205
0.40162957
0.4016424
0.40165895
0.40167883
0.40170145
0.40172553
0.40174973
0.40177274
0.40179312
0.4018099
0.4018223
0.40182966
0.40183178
0.4018287
0.40182078
0.4018087
0.40179336
0.40177572
0.4017569
0.4017383
0.40172085
0.40170553
0.4016929
0.40168318
0.4016764
0.40167207
0.40166968
0.40166825
0.40166664
0.40166342
0.4016576
0.4016484
0.4016357
0.4016201
0.40160227
0.40158352
0.40156528
0.40154892
0.4015355
0.40152615
0.40152147
0.4015219
0.40152764
0.4015387
0.4015548
0.40157565
0.40160063
0.4016289
0.4016592
0.40168995
0.4017195
0.40174645
0.40176964
0.40178826
0.40180162
0.40180957
0.401812
0.4018092
0.40180165
0.40179008
0.40177545
0.401759
0.40174216
0.40172663
0.40171382
0.401705
0.4017008
0.40170115
0.40170524
0.40171143
0.40171802
0.40172315
0.40172532
0.40172383
0.40171853
0.4017099
0.40169898
0.40168703
0.4016752
0.4016642
0.40165478
0.4016474
0.40164247
0.40164018
0.40164027
0.40164238
0.40164563
0.4016492
0.40165222
0.40165365
0.40165278
0.4016493
0.4016433
0.4016351
0.40162557
0.40161568
0.40160638
0.4015985
0.40159252
0.401589
0.4015881
0.40159017
0.40159535
0.4016035
0.40161362
0.40162474
0.40163538
0.40164405
0.40164948
0.40165117
0.40164933
0.40164465
0.40163836
0.4016319
0.40162638
0.40162283
0.40162167
0.401623
0.40162665
0.40163225
0.40163937
0.4016471
0.40165445
0.40165997
0.40166268
0.4016617
0.40165672
0.40164772
0.40163505
0.40161902
0.40160042
0.4015799
0.4015585
0.4015372
0.4015168
0.40149802
0.4014814
0.40146738
0.40145642
0.4014489
0.40144515
0.40144518
0.40144902
0.40145645
0.40146732
0.40148145
0.40149835
0.40151742
0.40153784
0.4015589
0.40157983
0.40159988
0.40161827
0.40163428
0.40164676
0.40165505
0.40165836
0.40165675
0.40165034
0.4016399
0.40162644
0.40161097
0.40159446
0.40157792
0.40156204
0.4015477
0.40153545
0.40152568
0.4015188
0.40151474
0.40151343
0.4015147
0.4015186
0.40152508
0.40153426
0.401546
0.40156004
0.40157598
0.40159306
0.40161029
0.4016263
0.40163973
0.40164965
0.40165526
0.40165657
0.401654
0.40164846
0.4016409
0.40163216
0.4016232
0.4016146
0.401607
0.40160075
0.40159613
0.40159348
0.4015928
0.40159434
0.40159824
0.40160468
0.40161344
0.4016242
0.40163633
0.40164915
0.4016621
0.40167487
0.40168753
0.40170017
0.4017128
0.40172502
0.40173617
0.40174532
0.401752
0.4017559
0.40175715
0.40175623
0.40175378
0.4017509
0.4017481
0.40174615
0.40174523
0.40174532
0.4017464
0.40174863
0.40175217
0.40175715
0.40176338
0.40177044
0.4017777
0.40178424
0.40178883
0.40179077
0.40178922
0.40178406
0.40177536
0.40176377
0.40174997
0.40173498
0.40172002
0.4017061
0.40169394
0.40168387
0.4016758
0.40166906
0.40166315
0.401657
0.4016497
0.40164077
0.40163
0.40161797
0.40160573
0.40159467
0.40158653
0.40158376
0.40158907
0.40160614
0.40163958
0.40169528
0.40178135
0.40190867
0.40209353
0.40235832
0.40273213
0.40325662
0.40398946
0.40500885
0.406421
0.40836796
0.41107073
0.4147532
0.41972557
0.42646235
0.43560606
0.44776756
