0.44261056
0.4321163
0.42424396
0.41831586
0.41388837
0.41061646
0.40821466
0.40644246
0.4051385
0.4041839
0.40348235
0.40296617
0.4025854
0.40230346
0.40209365
0.40193656
0.40181834
0.4017288
0.40166083
0.40160933
0.40157062
0.4015422
0.4015221
0.40150887
0.40150136
0.40149853
0.40149897
0.40150145
0.4015044
0.40150648
0.40150663
0.40150428
0.40149954
0.40149307
0.4014857
0.4014784
0.40147206
0.4014674
0.40146494
0.4014651
0.40146822
0.40147442
0.40148398
0.40149698
0.40151373
0.4015341
0.40155804
0.40158522
0.40161484
0.401646
0.40167734
0.40170735
0.40173453
0.40175778
0.4017761
0.4017892
0.40179652
0.40179825
0.40179437
0.401785
0.40177047
0.40175128
0.40172806
0.40170175
0.40167338
0.4016445
0.40161642
0.4015909
0.40156916
0.40155232
0.40154108
0.40153578
0.40153643
0.4015429
0.40155476
0.40157127
0.4015915
0.40161413
0.40163758
0.40166
0.40167984
0.40169588
0.40170723
0.40171364
0.40171483
0.4017111
0.40170288
0.40169087
0.40167534
0.40165657
0.40163487
0.40161067
0.4015847
0.4015584
0.401533
0.40150988
0.40149018
0.40147465
0.4014635
0.40145668
0.40145376
0.40145418
0.40145752
0.40146342
0.40147185
0.40148285
0.4014964
0.40151244
0.4015308
0.4015512
0.40157333
0.40159672
0.40162122
0.4016465
0.40167245
0.4016988
0.40172526
0.40175122
0.40177584
0.40179795
0.4018165
0.40183043
0.40183917
0.40184233
0.40183985
0.4018323
0.4018205
0.40180537
0.40178838
0.4017705
0.40175256
0.40173465
0.40171665
0.40169796
0.40167823
0.4016575
0.40163597
0.40161443
0.40159345
0.4015738
0.40155596
0.40154022
0.40152672
0.4015156
0.40150705
0.40150145
0.4014989
0.40149972
0.40150407
0.40151212
0.40152362
0.40153813
0.4015549
0.40157282
0.40159023
0.40160564
0.4016173
0.40162396
0.4016249
0.40161994
0.40160975
0.40159532
0.40157795
0.401559
0.40154004
0.4015224
0.40150717
0.401495
0.40148628
0.401481
0.40147898
0.40147993
0.40148336
0.40148878
0.40149572
0.40150416
0.40151414
0.4015259
0.40153942
0.4015546
0.40157083
0.40158734
0.40160352
0.40161884
0.40163344
0.40164787
0.40166312
0.40168023
0.40169984
0.4017224
0.4017477
0.40177518
0.40180376
0.4018322
0.40185922
0.40188354
0.4019043
0.4019207
0.4019325
0.40193954
0.40194184
0.4019393
0.40193188
0.40191954
0.4019023
0.40188026
0.40185413
0.4018247
0.40179318
0.40176103
0.40172955
0.40170026
0.40167448
0.40165284
0.4016359
0.40162364
0.40161577
0.40161222
0.40161282
0.40161765
0.4016265
0.40163913
0.40165478
0.40167227
0.40169036
0.40170738
0.4017219
0.40173277
0.40173915
0.4017407
0.40173742
0.40172973
0.40171853
0.40170497
0.4016907
0.40167755
0.40166736
0.40166178
0.40166202
0.40166876
0.40168226
0.40170226
0.40172765
0.4017569
0.40178826
0.40181947
0.40184888
0.40187502
0.40189677
0.40191343
0.40192467
0.40193033
0.4019305
0.40192547
0.40191582
0.40190238
0.40188608
0.40186834
0.4018507
0.40183443
0.40182093
0.4018108
0.40180403
0.40179992
0.40179726
0.40179515
0.4017923
0.40178803
0.4017821
0.40177453
0.4017659
0.40175694
0.4017484
0.40174052
0.40173337
0.40172663
0.4017196
0.40171176
0.40170282
0.40169293
0.4016826
0.40167278
0.40166444
0.40165842
0.40165508
0.40165442
0.401656
0.40165955
0.40166482
0.40167186
0.4016808
0.40169147
0.40170363
0.40171638
0.40172875
0.40173975
0.4017486
0.40175462
0.40175766
0.40175763
0.4017548
0.40174967
0.4017431
0.40173608
0.40172943
0.40172407
0.40172058
0.40171954
0.40172145
0.40172648
0.40173453
0.4017449
0.40175655
0.4017679
0.40177745
0.4017836
0.40178514
0.40178135
0.40177187
0.40175718
0.40173808
0.40171582
0.40169188
0.40166783
0.4016448
0.4016238
0.40160513
0.4015891
0.40157565
0.4015643
0.40155482
0.40154704
0.40154088
0.40153652
0.4015341
0.40153372
0.40153593
0.40154102
0.40154925
0.40156066
0.4015752
0.40159234
0.4016111
0.40163043
0.40164924
0.40166682
0.4016826
0.40169674
0.40170947
0.40172085
0.4017305
0.401738
0.40174243
0.4017431
0.40173927
0.4017304
0.40171632
0.4016973
0.40167424
0.40164813
0.40162036
0.40159246
0.4015659
0.40154207
0.40152168
0.40150547
0.4014934
0.40148538
0.4014811
0.40148002
0.40148172
0.40148565
0.40149143
0.4014989
0.40150797
0.4015185
0.40153039
0.40154368
0.40155825
0.4015739
0.4015904
0.4016074
0.4016247
0.40164253
0.40166095
0.40168002
0.40169963
0.40171906
0.40173757
0.40175375
0.4017668
0.40177593
0.4017806
0.401781
0.40177745
0.40177056
0.4017613
0.40175077
0.40174007
0.40173033
0.40172237
0.4017165
0.40171257
0.40171033
0.4017096
0.40170974
0.4017104
0.4017112
0.4017118
0.4017123
0.40171275
0.40171304
0.40171307
0.4017129
0.40171257
0.401712
0.4017111
0.40170968
0.4017077
0.40170535
0.4017029
0.40170088
0.40169963
0.4016995
0.40170062
0.401703
0.40170676
0.4017118
0.4017182
0.40172553
0.40173346
0.4017412
0.40174782
0.40175223
0.40175378
0.40175185
0.40174645
0.401738
0.40172705
0.4017145
0.40170094
0.4016868
0.40167218
0.4016572
0.40164194
0.40162653
0.40161115
0.40159622
0.40158197
0.4015689
0.40155742
0.40154764
0.40153986
0.40153405
0.40153024
0.40152875
0.4015296
0.40153292
0.40153852
0.40154612
0.40155503
0.40156445
0.40157342
0.4015811
0.40158683
0.4015902
0.4015912
0.40158993
0.40158632
0.40158042
0.40157226
0.40156198
0.40154988
0.40153676
0.40152356
0.4015112
0.4015004
0.4014916
0.4014852
0.40148127
0.4014799
0.40148112
0.40148473
0.40149093
0.40149984
0.40151143
0.4015254
0.40154147
0.401559
0.40157717
0.40159532
0.40161258
0.401628
0.40164047
0.40164906
0.401653
0.40165222
0.40164682
0.4016377
0.40162596
0.40161312
0.4016006
0.40158978
0.40158197
0.4015782
0.40157887
0.40158427
0.40159422
0.40160832
0.4016259
0.401646
0.4016674
0.40168935
0.40171096
0.4017319
0.40175185
0.4017704
0.40178686
0.40180025
0.40180966
0.40181446
0.4018141
0.40180838
0.40179756
0.40178216
0.40176317
0.40174156
0.40171826
0.40169397
0.40166903
0.4016439
0.40161917
0.40159544
0.40157324
0.40155312
0.40153527
0.4015198
0.40150663
0.40149546
0.40148598
0.4014777
0.40147054
0.40146437
0.40145922
0.401455
0.40145153
0.40144864
0.401446
0.40144345
0.40144068
0.40143797
0.40143558
0.4014338
0.4014328
0.40143275
0.4014337
0.4014355
0.4014381
0.40144148
0.40144542
0.40144968
0.40145403
0.40145823
0.40146244
0.4014671
0.40147272
0.40147978
0.40148863
0.40149945
0.4015123
0.40152678
0.40154266
0.40155914
0.4015753
0.40159008
0.40160197
0.40160975
0.4016125
0.40160987
0.40160197
0.40158966
0.40157372
0.4015554
0.4015356
0.40151533
0.40149546
0.40147683
0.40146017
0.40144634
0.40143576
0.4014289
0.4014261
0.40142754
0.4014331
0.40144256
0.4014554
0.4014712
0.4014891
0.4015084
0.40152833
0.40154788
0.40156618
0.40158203
0.40159467
0.40160364
0.40160918
0.40161195
0.40161303
0.4016133
0.40161327
0.40161335
0.40161338
0.40161353
0.4016138
0.4016142
0.40161467
0.40161523
0.4016161
0.40161756
0.40161973
0.40162244
0.4016252
0.40162718
0.40162772
0.40162638
0.40162334
0.401619
0.40161413
0.40160918
0.40160498
0.40160173
0.4015998
0.40159902
0.40159938
0.40160096
0.40160367
0.40160757
0.40161246
0.4016179
0.40162337
0.40162787
0.4016304
0.4016303
0.4016274
0.401622
0.40161526
0.40160847
0.4016031
0.40160048
0.40160134
0.40160593
0.40161386
0.4016243
0.40163577
0.40164694
0.40165657
0.4016642
0.40166968
0.40167356
0.40167642
0.40167883
0.40168124
0.40168372
0.40168655
0.40168992
0.4016943
0.40169966
0.4017063
0.4017143
0.40172356
0.40173423
0.40174603
0.40175846
0.4017707
0.401782
0.4017919
0.4018002
0.401807
0.40181255
0.40181723
0.40182114
0.40182382
0.4018247
0.40182295
0.40181774
0.40180865
0.40179548
0.40177846
0.4017582
0.40173566
0.4017121
0.4016889
0.40166757
0.40164915
0.40163448
0.40162396
0.40161756
0.40161508
0.4016161
0.40162018
0.40162703
0.40163615
0.40164706
0.40165907
0.4016716
0.40168437
0.4016974
0.4017107
0.40172434
0.40173817
0.40175164
0.4017641
0.40177467
0.40178242
0.4017865
0.40178636
0.40178168
0.40177253
0.40175948
0.40174335
0.40172508
0.40170604
0.4016872
0.40166965
0.40165436
0.40164182
0.40163216
0.40162534
0.40162137
0.4016202
0.40162206
0.40162727
0.40163597
0.40164828
0.40166378
0.40168184
0.4017013
0.40172097
0.40173942
0.4017555
0.40176806
0.40177637
0.40177998
0.40177864
0.4017724
0.4017616
0.40174696
0.40172938
0.40171033
0.40169144
0.40167442
0.4016606
0.40165097
0.40164572
0.40164477
0.40164727
0.40165198
0.4016578
0.40166372
0.40166909
0.40167356
0.4016768
0.4016785
0.40167832
0.40167612
0.40167186
0.40166605
0.40165943
0.40165293
0.40164736
0.40164343
0.4016417
0.40164277
0.4016471
0.40165478
0.40166587
0.40167964
0.4016949
0.40171006
0.40172356
0.4017338
0.40173966
0.4017404
0.4017362
0.40172753
0.40171582
0.40170258
0.40168953
0.4016782
0.40166965
0.40166453
0.40166244
0.4016629
0.40166458
0.4016662
0.40166652
0.40166464
0.40165988
0.4016523
0.40164232
0.40163088
0.40161937
0.4016091
0.40160125
0.40159675
0.40159622
0.40159974
0.40160686
0.40161666
0.4016278
0.40163872
0.40164793
0.4016545
0.40165797
0.40165836
0.401656
0.40165162
0.4016458
0.40163928
0.40163288
0.40162727
0.40162316
0.4016212
0.40162212
0.40162653
0.40163445
0.4016456
0.4016589
0.40167296
0.40168637
0.40169787
0.40170676
0.40171266
0.4017159
0.40171692
0.40171638
0.40171492
0.4017126
0.40170926
0.40170425
0.40169734
0.4016884
0.4016779
0.40166637
0.40165475
0.40164375
0.40163437
0.401627
0.40162227
0.40162048
0.40162152
0.401625
0.4016302
0.4016361
0.4016416
0.40164593
0.40164858
0.40164915
0.4016475
0.40164354
0.40163755
0.40162984
0.40162095
0.40161148
0.40160194
0.40159288
0.40158477
0.4015783
0.40157416
0.40157327
0.40157655
0.40158468
0.40159827
0.40161744
0.40164182
0.40167058
0.40170217
0.4017348
0.40176624
0.40179467
0.40181834
0.40183595
0.40184677
0.40185028
0.4018466
0.40183625
0.40182018
0.40179986
0.40177688
0.4017531
0.40173024
0.40170965
0.4016921
0.40167773
0.4016662
0.40165654
0.40164766
0.40163854
0.40162832
0.40161645
0.40160272
0.40158743
0.401571
0.40155417
0.4015374
0.401521
0.40150523
0.40149015
0.401476
0.40146315
0.40145203
0.40144306
0.4014366
0.40143272
0.40143147
0.40143296
0.40143722
0.40144426
0.40145403
0.4014669
0.40148294
0.4015022
0.4015244
0.40154883
0.4015747
0.4016007
0.40162545
0.40164754
0.40166545
0.40167823
0.40168527
0.40168634
0.40168226
0.40167406
0.4016632
0.4016514
0.40164
0.40163028
0.4016228
0.4016179
0.4016151
0.40161368
0.40161237
0.40160984
0.40160528
0.40159827
0.40158913
0.4015783
0.40156677
0.40155515
0.401544
0.40153354
0.40152356
0.401514
0.40150452
0.40149525
0.40148658
0.4014791
0.40147305
0.40146863
0.4014658
0.40146428
0.40146396
0.40146488
0.40146697
0.40147033
0.401475
0.4014814
0.40148976
0.40150052
0.4015138
0.4015297
0.40154824
0.40156934
0.40159255
0.40161762
0.40164334
0.40166852
0.40169176
0.40171167
0.4017272
0.40173775
0.40174317
0.4017437
0.4017399
0.40173277
0.40172383
0.40171444
0.4017061
0.4016997
0.40169573
0.40169457
0.4016959
0.40169978
0.4017059
0.40171406
0.4017238
0.40173444
0.401745
0.40175462
0.40176272
0.40176928
0.4017745
0.40177888
0.40178302
0.40178716
0.40179098
0.40179387
0.40179473
0.40179268
0.40178674
0.40177643
0.40176153
0.40174255
0.40172014
0.40169534
0.40166947
0.4016435
0.40161854
0.4015953
0.40157425
0.40155563
0.40153953
0.4015259
0.4015146
0.40150508
0.401497
0.4014897
0.40148273
0.40147603
0.40146977
0.40146443
0.40146047
0.40145823
0.40145805
0.40145993
0.4014635
0.40146837
0.4014739
0.40147975
0.40148553
0.40149134
0.40149733
0.40150404
0.40151158
0.40152022
0.40152997
0.40154085
0.40155295
0.40156624
0.40158102
0.40159747
0.40161592
0.40163624
0.40165848
0.40168187
0.4017057
0.40172863
0.40174913
0.4017661
0.4017783
0.40178508
0.40178603
0.40178108
0.40177056
0.40175563
0.4017374
0.40171736
0.40169707
0.40167803
0.40166137
0.40164742
0.40163624
0.40162718
0.40161926
0.40161148
0.40160322
0.40159413
0.4015845
0.4015748
0.40156564
0.40155807
0.40155298
0.40155098
0.4015526
0.40155804
0.40156725
0.40158018
0.40159604
0.40161407
0.40163317
0.40165204
0.40166923
0.40168366
0.40169433
0.40170074
0.4017028
0.40170088
0.40169573
0.4016885
0.40168002
0.40167126
0.40166262
0.40165424
0.40164608
0.40163788
0.4016295
0.40162104
0.40161288
0.40160543
0.40159902
0.40159366
0.40158904
0.40158463
0.40158
0.4015746
0.4015683
0.40156114
0.4015538
0.40154713
0.4015421
0.4015393
0.40153956
0.4015431
0.40155002
0.40155992
0.40157193
0.40158498
0.40159765
0.40160844
0.4016158
0.4016188
0.40161678
0.40160975
0.401598
0.40158257
0.40156442
0.40154484
0.4015248
0.40150553
0.40148792
0.40147308
0.4014615
0.40145373
0.40144983
0.40144968
0.40145284
0.4014587
0.40146667
0.40147588
0.4014859
0.40149617
0.40150672
0.40151763
0.40152892
0.40154082
0.4015536
0.4015677
0.40158388
0.40160245
0.4016237
0.40164727
0.40167242
0.40169805
0.40172264
0.40174493
0.401764
0.40177915
0.4017903
0.40179735
0.40180042
0.40179935
0.40179405
0.4017847
0.4017717
0.40175584
0.40173808
0.4017198
0.4017025
0.4016872
0.40167487
0.40166572
0.40165952
0.40165567
0.40165338
0.40165192
0.401651
0.4016507
0.4016514
0.401654
0.4016589
0.40166622
0.40167576
0.4016868
0.40169832
0.40170944
0.40171954
0.40172842
0.4017366
0.40174466
0.40175343
0.40176332
0.4017745
0.40178636
0.401798
0.40180847
0.40181664
0.401822
0.40182373
0.40182158
0.40181562
0.40180597
0.40179306
0.4017776
0.40176034
0.40174243
0.401725
0.40170905
0.40169522
0.40168372
0.4016743
0.4016668
0.40166092
0.40165678
0.40165478
0.40165547
0.40165922
0.40166637
0.40167686
0.4016903
0.4017058
0.4017221
0.40173784
0.40175164
0.40176266
0.40177032
0.40177423
0.40177467
0.40177202
0.40176716
0.4017608
0.40175343
0.4017455
0.40173718
0.40172878
0.40172085
0.4017141
0.4017096
0.40170822
0.4017108
0.40171775
0.40172896
0.40174377
0.40176094
0.40177903
0.40179643
0.4018117
0.40182376
0.40183175
0.40183538
0.40183473
0.40183014
0.4018223
0.40181214
0.4018006
0.4017884
0.40177596
0.40176296
0.40174904
0.40173337
0.40171555
0.4016955
0.40167338
0.40165013
0.40162656
0.40160373
0.40158233
0.40156287
0.40154555
0.40153047
0.40151775
0.40150708
0.4014982
0.40149075
0.4014844
0.40147862
0.40147316
0.40146777
0.40146253
0.4014576
0.40145326
0.40144968
0.40144712
0.40144607
0.40144682
0.40144947
0.40145412
0.40146065
0.40146875
0.4014781
0.4014885
0.40150008
0.40151268
0.40152633
0.40154076
0.40155548
0.4015698
0.40158272
0.40159297
0.40159965
0.40160242
0.40160125
0.401597
0.40159068
0.40158385
0.40157798
0.40157428
0.4015738
0.40157712
0.40158415
0.4015946
0.4016076
0.4016223
0.40163758
0.4016522
0.40166464
0.40167367
0.4016784
0.4016785
0.40167427
0.4016664
0.40165588
0.4016436
0.4016307
0.40161803
0.40160647
0.40159678
0.40158936
0.40158454
0.4015818
0.40158084
0.40158075
0.40158087
0.40158048
0.40157932
0.40157744
0.40157524
0.40157315
0.40157163
0.40157077
0.40157068
0.40157127
0.40157235
0.4015735
0.4015748
0.40157655
0.40157947
0.4015845
0.4015927
0.40160447
0.40162003
0.40163893
0.40166003
0.40168178
0.40170226
0.40171954
0.40173215
0.40173885
0.4017391
0.40173286
0.40172058
0.40170324
0.40168208
0.40165862
0.40163448
0.40161115
0.40158966
0.40157086
0.40155506
0.4015426
0.40153372
0.40152848
0.4015269
0.4015289
0.40153432
0.40154284
0.4015542
0.4015677
0.40158245
0.4015975
0.4016116
0.4016236
0.40163293
0.401639
0.401642
0.40164232
0.4016406
0.40163752
0.40163416
0.40163136
0.4016299
0.4016302
0.40163264
0.40163743
0.40164468
0.40165386
0.40166417
0.40167457
0.4016838
0.40169063
0.40169406
0.40169352
0.40168884
0.4016803
0.40166852
0.4016543
0.40163848
0.40162203
0.40160587
0.40159082
0.40157762
0.40156657
0.40155792
0.4015517
0.40154773
0.40154612
0.4015472
0.40155128
0.40155876
0.40156975
0.40158424
0.40160218
0.401623
0.40164617
0.40167075
0.40169588
0.40172082
0.4017456
0.40177125
0.4018002
0.4018366
0.401887
0.40196064
0.40207037
0.4022338
0.4024765
0.40282956
0.40333554
0.40405315
0.40506095
0.40646523
0.40840766
0.41110882
0.41479108
0.41976303
0.42649806
0.4356373
0.4477915
