0.4424922
0.43196145
0.42405784
0.418103
0.41365388
0.4103654
0.40795377
0.40617785
0.40487635
0.4039305
0.40324342
0.40274683
0.40238956
0.40213358
0.40195078
0.40182057
0.40172842
0.40166402
0.40162012
0.40159163
0.40157527
0.40156862
0.40157002
0.40157804
0.4015915
0.40160927
0.4016302
0.40165335
0.4016778
0.401703
0.40172812
0.40175235
0.4017745
0.40179354
0.4018085
0.40181863
0.40182355
0.40182307
0.40181723
0.40180686
0.4017926
0.40177563
0.4017569
0.40173763
0.4017184
0.40169963
0.4016815
0.4016641
0.40164793
0.4016334
0.40162137
0.4016123
0.40160677
0.401605
0.40160704
0.40161255
0.40162104
0.4016313
0.40164214
0.40165195
0.40165922
0.40166244
0.40166074
0.40165362
0.40164122
0.4016241
0.40160355
0.4015806
0.4015565
0.4015322
0.4015087
0.40148672
0.401467
0.40145028
0.4014372
0.40142825
0.4014238
0.40142408
0.4014291
0.40143865
0.40145242
0.40147
0.4014907
0.40151367
0.4015378
0.401562
0.401585
0.40160564
0.40162253
0.4016345
0.40164077
0.40164095
0.40163535
0.40162486
0.4016107
0.40159434
0.40157732
0.40156126
0.40154734
0.4015363
0.40152857
0.40152422
0.40152293
0.40152422
0.4015275
0.40153223
0.4015381
0.4015447
0.4015514
0.40155777
0.40156317
0.40156698
0.4015689
0.40156877
0.40156686
0.4015636
0.40155953
0.401555
0.40155056
0.4015467
0.4015437
0.4015418
0.4015409
0.40154076
0.40154102
0.4015412
0.4015406
0.40153915
0.40153682
0.40153408
0.4015313
0.40152887
0.40152678
0.40152508
0.4015238
0.40152285
0.4015225
0.40152353
0.4015266
0.4015323
0.40154096
0.4015528
0.40156758
0.40158474
0.40160328
0.40162212
0.40164018
0.40165648
0.4016699
0.40167955
0.40168452
0.4016845
0.4016794
0.40166986
0.40165657
0.40164077
0.4016236
0.4016066
0.40159073
0.40157703
0.40156615
0.40155843
0.4015541
0.40155292
0.40155455
0.40155837
0.40156376
0.40157035
0.40157792
0.4015863
0.40159538
0.40160498
0.4016145
0.40162328
0.40163088
0.40163687
0.401641
0.40164322
0.40164334
0.4016411
0.4016366
0.40162995
0.40162176
0.40161276
0.4016038
0.40159583
0.4015897
0.4015864
0.40158647
0.40159038
0.40159804
0.4016091
0.4016229
0.4016382
0.40165362
0.4016677
0.40167937
0.40168798
0.40169352
0.40169668
0.40169847
0.4017003
0.40170312
0.40170822
0.40171623
0.4017275
0.40174183
0.40175867
0.4017771
0.401796
0.4018145
0.40183154
0.40184635
0.40185803
0.40186596
0.40186945
0.40186793
0.40186092
0.40184847
0.40183073
0.40180814
0.40178156
0.40175214
0.40172127
0.4016906
0.40166172
0.40163606
0.4016148
0.40159878
0.40158862
0.40158442
0.40158612
0.40159318
0.40160504
0.4016208
0.40163922
0.40165892
0.40167838
0.40169626
0.40171152
0.401724
0.40173364
0.40174115
0.40174726
0.40175268
0.40175804
0.4017636
0.4017694
0.40177536
0.4017811
0.40178603
0.40178934
0.40179044
0.40178913
0.40178552
0.4017804
0.40177476
0.40177
0.40176725
0.40176752
0.401771
0.4017775
0.4017859
0.40179482
0.4018028
0.40180847
0.40181094
0.40180963
0.4018042
0.40179488
0.401782
0.4017664
0.40174913
0.40173143
0.40171412
0.40169805
0.40168366
0.40167108
0.40166032
0.4016512
0.40164402
0.40163925
0.40163743
0.40163898
0.40164393
0.40165174
0.40166143
0.40167168
0.40168107
0.4016884
0.40169325
0.40169555
0.40169582
0.40169504
0.40169457
0.40169555
0.40169907
0.40170562
0.40171546
0.40172845
0.40174428
0.40176263
0.4017833
0.40180627
0.4018321
0.40186247
0.40190083
0.4019526
0.4020262
0.4021336
0.40229177
0.40252542
0.40286648
0.4033576
0.4040578
0.40504688
0.40643248
0.40835753
0.41104403
0.4147167
0.41968495
0.42642188
0.43557122
0.44774133
