0.44258407
0.43208534
0.42421356
0.41829154
0.41387543
0.41061988
0.4082376
0.40648744
0.4052074
0.40427727
0.40360025
0.40310785
0.40274948
0.40248722
0.40229335
0.40214774
0.4020362
0.4019487
0.4018786
0.4018218
0.40177545
0.40173778
0.40170717
0.40168214
0.40166095
0.40164208
0.4016241
0.40160623
0.40158826
0.4015701
0.40155235
0.40153557
0.40152028
0.40150708
0.40149668
0.4014896
0.40148613
0.40148646
0.4014906
0.40149826
0.4015091
0.4015227
0.4015389
0.40155742
0.40157795
0.40159965
0.40162152
0.40164214
0.40166
0.40167418
0.4016842
0.40169
0.40169233
0.40169227
0.40169108
0.40168974
0.40168902
0.40168872
0.40168858
0.40168753
0.4016846
0.40167877
0.40166944
0.40165624
0.40163952
0.40161997
0.4015987
0.40157712
0.4015566
0.40153855
0.4015239
0.4015131
0.40150657
0.401504
0.401505
0.40150914
0.40151563
0.4015239
0.40153322
0.4015427
0.40155143
0.4015583
0.4015624
0.40156308
0.40156022
0.4015543
0.4015463
0.40153736
0.40152854
0.40152073
0.40151456
0.40151033
0.40150824
0.40150818
0.4015101
0.40151373
0.40151852
0.401524
0.40152922
0.4015333
0.4015354
0.40153494
0.40153182
0.4015262
0.40151897
0.40151104
0.40150347
0.40149716
0.40149274
0.40149087
0.40149167
0.40149525
0.40150148
0.40151
0.40152025
0.40153143
0.4015425
0.4015525
0.40156022
0.40156496
0.4015665
0.40156502
0.40156123
0.40155613
0.4015506
0.40154555
0.40154177
0.4015399
0.4015407
0.40154463
0.40155202
0.40156314
0.40157768
0.4015952
0.40161476
0.40163505
0.40165487
0.40167284
0.40168822
0.40170044
0.4017096
0.40171582
0.40171966
0.40172163
0.40172267
0.4017234
0.4017242
0.40172505
0.4017254
0.4017245
0.40172115
0.40171444
0.40170386
0.40168932
0.4016714
0.40165105
0.40162975
0.4016093
0.4015913
0.40157717
0.4015679
0.401564
0.40156558
0.40157235
0.40158364
0.40159822
0.40161434
0.4016301
0.4016434
0.40165275
0.40165707
0.40165606
0.40164998
0.40163955
0.40162575
0.40160963
0.40159187
0.40157315
0.40155375
0.40153414
0.4015146
0.4014957
0.40147805
0.4014623
0.40144876
0.40143746
0.4014285
0.40142167
0.4014165
0.40141308
0.40141112
0.4014105
0.401411
0.40141255
0.4014149
0.401418
0.40142167
0.4014261
0.40143123
0.40143698
0.40144327
0.40144998
0.40145704
0.40146416
0.4014714
0.40147844
0.40148547
0.4014927
0.40150058
0.4015096
0.40152004
0.40153205
0.4015454
0.4015596
0.40157393
0.4015874
0.40159917
0.4016086
0.40161532
0.4016196
0.4016219
0.40162286
0.401623
0.40162295
0.40162292
0.4016231
0.40162337
0.40162337
0.40162265
0.4016207
0.40161714
0.401612
0.40160558
0.40159827
0.40159085
0.40158367
0.40157717
0.40157166
0.4015671
0.40156335
0.40156004
0.40155685
0.40155315
0.4015484
0.40154216
0.4015343
0.40152505
0.40151456
0.4015033
0.40149185
0.40148112
0.4014718
0.40146488
0.40146062
0.4014594
0.40146112
0.40146554
0.40147233
0.401481
0.40149102
0.4015018
0.40151313
0.40152448
0.40153578
0.40154645
0.40155613
0.4015643
0.40157062
0.4015752
0.40157858
0.40158135
0.40158418
0.40158805
0.4015939
0.4016025
0.40161476
0.40163097
0.40165126
0.4016753
0.4017022
0.40173075
0.40175936
0.40178663
0.40181106
0.40183154
0.4018471
0.40185702
0.40186065
0.40185758
0.4018477
0.40183115
0.4018085
0.40178052
0.40174824
0.401713
0.40167636
0.40163988
0.40160507
0.40157315
0.40154505
0.4015214
0.4015027
0.4014893
0.40148154
0.4014794
0.4014827
0.40149108
0.4015041
0.40152097
0.40154088
0.401563
0.4015864
0.40161005
0.40163276
0.40165323
0.40167046
0.40168375
0.401693
0.40169832
0.40169993
0.4016982
0.40169346
0.40168616
0.40167674
0.401666
0.40165442
0.40164247
0.40163043
0.4016184
0.40160638
0.40159404
0.401581
0.40156698
0.40155223
0.4015372
0.40152243
0.40150857
0.40149614
0.40148562
0.40147758
0.40147224
0.40146986
0.4014707
0.40147483
0.40148214
0.40149257
0.40150595
0.40152207
0.4015408
0.40156168
0.401584
0.4016068
0.40162867
0.40164828
0.40166456
0.4016768
0.40168482
0.401689
0.40168992
0.40168825
0.40168476
0.40167984
0.40167364
0.40166602
0.4016569
0.40164652
0.4016354
0.40162423
0.4016138
0.401605
0.40159833
0.40159425
0.40159333
0.40159565
0.40160117
0.40160945
0.40161985
0.40163174
0.40164474
0.40165886
0.4016744
0.4016916
0.40171057
0.4017308
0.40175155
0.40177146
0.40178913
0.40180317
0.40181264
0.40181682
0.40181556
0.40180895
0.4017977
0.4017827
0.401765
0.40174586
0.40172628
0.40170726
0.40168926
0.4016727
0.40165755
0.40164366
0.401631
0.40161982
0.40161058
0.4016039
0.4016002
0.40159962
0.401602
0.4016067
0.40161297
0.4016196
0.4016256
0.40162954
0.40163058
0.4016281
0.40162206
0.40161282
0.40160105
0.4015876
0.4015736
0.4015602
0.4015487
0.4015403
0.40153566
0.40153545
0.4015396
0.40154797
0.40155992
0.40157455
0.40159112
0.40160882
0.4016272
0.40164554
0.40166298
0.4016785
0.4016909
0.40169924
0.40170285
0.40170154
0.4016955
0.40168536
0.401672
0.40165663
0.40164036
0.40162396
0.40160817
0.40159327
0.40157962
0.40156743
0.40155658
0.40154696
0.4015384
0.40153104
0.401525
0.40152055
0.401518
0.40151742
0.40151894
0.4015221
0.40152636
0.4015308
0.40153456
0.40153652
0.40153578
0.4015318
0.40152472
0.4015152
0.40150407
0.40149227
0.40148032
0.40146872
0.4014576
0.40144715
0.4014373
0.40142807
0.40141952
0.40141204
0.40140614
0.40140235
0.4014013
0.40140358
0.40140954
0.40141943
0.40143326
0.4014507
0.40147114
0.40149367
0.40151712
0.40154016
0.40156132
0.401579
0.4015922
0.4016002
0.4016033
0.401602
0.40159735
0.40159038
0.40158197
0.40157276
0.40156317
0.40155327
0.40154296
0.40153217
0.401521
0.40150946
0.40149775
0.40148646
0.40147656
0.40146893
0.40146443
0.4014637
0.4014671
0.40147498
0.40148732
0.401504
0.4015244
0.40154782
0.40157306
0.40159875
0.4016232
0.40164453
0.40166125
0.40167227
0.40167713
0.40167582
0.40166909
0.4016583
0.40164512
0.4016312
0.4016179
0.40160587
0.40159535
0.40158606
0.4015774
0.40156862
0.40155917
0.40154848
0.40153638
0.401523
0.40150887
0.40149474
0.4014817
0.4014707
0.40146273
0.40145868
0.40145895
0.4014637
0.40147272
0.40148565
0.40150166
0.4015201
0.40154
0.40156084
0.4015821
0.4016033
0.40162387
0.40164307
0.40166008
0.40167424
0.40168524
0.40169308
0.4016982
0.40170103
0.40170208
0.40170166
0.40170002
0.40169695
0.4016926
0.40168712
0.4016808
0.40167415
0.40166774
0.401662
0.40165702
0.4016526
0.4016482
0.40164343
0.4016382
0.40163267
0.4016276
0.40162382
0.40162253
0.401625
0.4016328
0.40164778
0.40167227
0.4017092
0.4017622
0.40183637
0.40193877
0.4020796
0.40227416
0.40254477
0.40292057
0.40344372
0.40417242
0.40518537
0.40658957
0.40852717
0.41121936
0.41489026
0.41984913
0.42656893
0.43569267
0.44783145
