0.44262928
0.43214038
0.4242724
0.41834775
0.41392317
0.41065472
0.40825805
0.40649444
0.40520453
0.40426978
0.4035941
0.40310884
0.40276235
0.40251592
0.4023405
0.40221474
0.40212286
0.40205333
0.40199813
0.40195158
0.40191007
0.40187156
0.40183502
0.40180027
0.40176755
0.40173772
0.4017118
0.4016904
0.4016739
0.40166205
0.40165392
0.40164846
0.40164423
0.40164047
0.40163663
0.40163276
0.40162903
0.401626
0.4016238
0.40162253
0.40162227
0.40162304
0.4016247
0.4016274
0.40163094
0.4016356
0.40164137
0.40164796
0.40165487
0.4016612
0.40166587
0.401668
0.40166724
0.40166357
0.4016575
0.40164965
0.40164077
0.40163147
0.40162215
0.40161315
0.40160468
0.401597
0.4015905
0.40158534
0.40158176
0.4015795
0.4015783
0.4015777
0.40157735
0.40157682
0.40157583
0.4015747
0.40157354
0.4015727
0.40157238
0.4015729
0.40157428
0.40157682
0.4015806
0.40158588
0.40159267
0.40160063
0.40160948
0.4016188
0.4016283
0.4016378
0.4016475
0.4016576
0.40166837
0.40168002
0.4016924
0.40170506
0.401717
0.40172732
0.40173483
0.40173858
0.401738
0.4017329
0.40172365
0.4017111
0.4016965
0.40168115
0.40166622
0.40165275
0.40164113
0.40163156
0.40162396
0.40161818
0.4016143
0.40161252
0.40161294
0.4016158
0.40162104
0.40162817
0.40163663
0.4016457
0.40165448
0.40166217
0.40166807
0.4016714
0.4016716
0.4016681
0.40166077
0.40164953
0.40163508
0.40161812
0.40159968
0.40158057
0.40156144
0.4015426
0.40152407
0.40150598
0.40148842
0.40147194
0.40145686
0.40144372
0.40143248
0.40142334
0.401416
0.40141034
0.4014061
0.40140337
0.40140218
0.40140244
0.4014042
0.40140745
0.4014119
0.40141743
0.40142372
0.4014307
0.40143824
0.40144616
0.40145478
0.40146402
0.40147385
0.40148434
0.4014956
0.40150797
0.40152168
0.40153685
0.40155387
0.40157267
0.40159363
0.4016167
0.40164223
0.4016704
0.40170106
0.40173396
0.4017683
0.40180293
0.40183687
0.40186912
0.40189898
0.40192586
0.40194967
0.4019701
0.401987
0.40200028
0.40200993
0.40201625
0.4020195
0.40201998
0.402018
0.40201393
0.4020081
0.4020007
0.4019918
0.40198144
0.40196922
0.40195483
0.4019379
0.4019181
0.4018954
0.40186992
0.4018421
0.40181255
0.4017821
0.40175164
0.40172178
0.40169305
0.40166587
0.40164044
0.40161687
0.40159544
0.40157643
0.40156028
0.40154722
0.40153736
0.40153074
0.401527
0.4015258
0.40152672
0.4015296
0.40153435
0.40154076
0.4015492
0.4015596
0.4015721
0.40158653
0.4016026
0.40161988
0.4016379
0.40165657
0.40167528
0.40169337
0.40171006
0.4017248
0.40173736
0.4017476
0.40175572
0.4017617
0.40176556
0.4017669
0.4017653
0.40176052
0.40175226
0.40174085
0.40172678
0.40171084
0.40169397
0.40167704
0.40166074
0.4016458
0.40163243
0.40162107
0.40161225
0.40160635
0.40160406
0.40160543
0.40161073
0.4016196
0.40163156
0.40164542
0.4016599
0.40167323
0.4016839
0.40169036
0.40169162
0.40168703
0.40167618
0.40165973
0.40163866
0.4016145
0.40158865
0.4015628
0.4015381
0.40151542
0.40149537
0.40147826
0.4014643
0.40145367
0.40144658
0.40144318
0.40144366
0.4014479
0.401456
0.4014678
0.401483
0.4015012
0.4015216
0.40154302
0.40156424
0.40158376
0.40160018
0.40161228
0.40161943
0.40162122
0.4016179
0.40161043
0.4015998
0.40158755
0.4015752
0.40156424
0.40155557
0.40154988
0.40154752
0.4015483
0.4015519
0.4015578
0.4015657
0.4015748
0.4015846
0.40159428
0.40160298
0.4016097
0.40161362
0.4016142
0.40161133
0.40160528
0.4015967
0.4015864
0.4015754
0.4015642
0.40155354
0.40154353
0.4015343
0.40152568
0.40151757
0.4015097
0.40150172
0.40149352
0.40148506
0.4014765
0.40146846
0.40146172
0.40145677
0.401454
0.4014536
0.40145573
0.40145996
0.40146604
0.4014737
0.40148276
0.40149328
0.40150577
0.40152064
0.40153813
0.4015584
0.4015809
0.401605
0.40162936
0.40165257
0.40167278
0.4016884
0.40169817
0.4017015
0.40169808
0.40168825
0.4016726
0.40165225
0.40162873
0.40160364
0.40157884
0.40155584
0.40153578
0.40151945
0.40150717
0.40149876
0.4014942
0.40149295
0.401495
0.40150025
0.40150827
0.40151867
0.40153098
0.40154448
0.40155867
0.40157267
0.40158564
0.40159664
0.40160456
0.40160885
0.4016095
0.40160725
0.40160286
0.40159765
0.40159252
0.4015886
0.4015862
0.40158597
0.40158793
0.40159217
0.4015982
0.40160573
0.4016142
0.40162328
0.40163305
0.40164375
0.40165582
0.40166932
0.4016841
0.40169993
0.40171587
0.40173107
0.4017442
0.40175405
0.40175948
0.40175983
0.40175483
0.4017446
0.40172988
0.4017117
0.40169132
0.40167066
0.40165132
0.40163478
0.40162244
0.40161481
0.40161228
0.4016144
0.40162063
0.40163
0.40164113
0.40165234
0.40166184
0.40166786
0.40166935
0.40166572
0.4016571
0.4016442
0.40162808
0.40160996
0.40159118
0.40157306
0.40155682
0.40154362
0.40153444
0.40153012
0.40153104
0.40153748
0.40154916
0.4015654
0.40158513
0.4016069
0.40162924
0.40165025
0.40166843
0.4016824
0.4016912
0.4016944
0.40169206
0.401685
0.40167433
0.40166166
0.40164855
0.40163636
0.40162617
0.40161848
0.40161344
0.401611
0.4016105
0.4016115
0.40161377
0.40161723
0.40162206
0.40162832
0.4016355
0.4016428
0.40164924
0.40165374
0.40165547
0.40165415
0.4016504
0.40164495
0.40163863
0.4016326
0.4016277
0.40162447
0.40162352
0.4016253
0.40163055
0.4016397
0.40165326
0.401671
0.4016926
0.401717
0.40174288
0.40176854
0.40179265
0.40181357
0.40183026
0.4018419
0.40184793
0.401848
0.4018421
0.40183023
0.40181276
0.4017901
0.401763
0.40173224
0.40169898
0.40166473
0.40163094
0.40159914
0.40157092
0.40154725
0.40152884
0.40151596
0.4015086
0.40150633
0.40150875
0.40151528
0.40152508
0.40153742
0.4015513
0.40156603
0.4015809
0.4015951
0.4016078
0.40161803
0.40162504
0.40162858
0.40162846
0.40162516
0.40161902
0.40161055
0.40160012
0.40158793
0.40157437
0.40155992
0.4015454
0.4015319
0.4015204
0.40151182
0.401507
0.40150642
0.40151015
0.40151802
0.40152946
0.4015439
0.40156046
0.40157837
0.40159672
0.40161476
0.40163147
0.40164596
0.4016577
0.4016662
0.40167138
0.401673
0.40167066
0.40166387
0.40165237
0.40163624
0.40161604
0.4015927
0.40156752
0.40154225
0.40151817
0.40149665
0.40147844
0.40146416
0.40145415
0.4014487
0.40144798
0.40145224
0.40146124
0.40147486
0.4014927
0.40151387
0.4015374
0.4015619
0.401586
0.40160835
0.40162787
0.40164396
0.40165645
0.4016658
0.40167218
0.40167585
0.4016768
0.40167487
0.4016699
0.40166196
0.40165156
0.40163964
0.40162745
0.4016162
0.40160707
0.4016008
0.40159833
0.4015998
0.40160555
0.40161562
0.40163
0.40164834
0.40167004
0.40169418
0.4017197
0.40174532
0.40177006
0.40179285
0.40181297
0.40182972
0.40184242
0.4018507
0.4018541
0.4018525
0.40184587
0.40183443
0.4018186
0.4017992
0.40177748
0.4017549
0.40173316
0.40171412
0.40169924
0.40168944
0.40168512
0.40168592
0.40169087
0.40169847
0.40170702
0.4017147
0.40171984
0.40172127
0.4017182
0.40171054
0.4016988
0.40168405
0.40166757
0.40165073
0.40163472
0.40162033
0.40160793
0.4015975
0.4015886
0.40158078
0.40157348
0.4015666
0.40155977
0.40155262
0.40154475
0.40153578
0.40152538
0.4015139
0.40150177
0.40148956
0.4014776
0.4014662
0.40145555
0.4014459
0.40143755
0.40143052
0.40142488
0.4014204
0.4014171
0.4014152
0.40141484
0.40141636
0.4014203
0.4014269
0.40143654
0.4014492
0.4014651
0.40148443
0.40150726
0.40153337
0.4015624
0.40159357
0.40162575
0.40165737
0.40168694
0.4017129
0.40173402
0.40174937
0.40175846
0.40176108
0.40175724
0.40174758
0.40173277
0.40171418
0.4016933
0.40167195
0.4016519
0.40163454
0.40162134
0.4016131
0.40161037
0.4016132
0.40162122
0.40163368
0.40164942
0.40166697
0.4016851
0.40170264
0.40171888
0.40173337
0.40174603
0.40175703
0.40176678
0.40177554
0.40178314
0.40178925
0.4017933
0.40179458
0.4017925
0.40178657
0.4017767
0.40176305
0.40174642
0.40172762
0.40170795
0.40168872
0.40167153
0.40165716
0.40164632
0.40163916
0.4016355
0.40163463
0.40163592
0.4016384
0.40164086
0.40164247
0.4016423
0.40163994
0.4016353
0.40162846
0.4016197
0.40160903
0.4015965
0.40158212
0.40156618
0.40154892
0.40153146
0.40151477
0.4015
0.4014879
0.40147915
0.40147388
0.40147224
0.40147367
0.40147796
0.4014845
0.4014927
0.40150183
0.40151113
0.40151986
0.4015276
0.40153393
0.40153894
0.40154254
0.4015449
0.40154603
0.40154558
0.40154362
0.40154028
0.40153587
0.40153074
0.4015252
0.40151945
0.40151364
0.4015079
0.40150258
0.40149775
0.40149352
0.40148976
0.40148646
0.40148368
0.40148214
0.40148243
0.40148512
0.4014907
0.40149912
0.40151018
0.4015233
0.40153763
0.40155235
0.4015664
0.4015793
0.40159085
0.40160117
0.40161046
0.40161866
0.40162516
0.40162936
0.40163043
0.401628
0.40162206
0.40161294
0.4016014
0.40158844
0.40157506
0.40156206
0.40155008
0.40153927
0.40152964
0.4015212
0.40151364
0.40150705
0.40150207
0.4014992
0.40149942
0.4015034
0.40151176
0.4015248
0.40154284
0.40156585
0.4015934
0.40162498
0.4016594
0.40169504
0.40173003
0.40176216
0.4017896
0.40181077
0.4018244
0.40183014
0.40182745
0.40181682
0.4017988
0.40177467
0.4017459
0.40171435
0.40168217
0.40165138
0.4016238
0.40160075
0.401583
0.4015708
0.40156382
0.4015618
0.40156382
0.40156904
0.40157637
0.401585
0.40159398
0.40160277
0.40161106
0.40161893
0.4016267
0.40163472
0.4016433
0.40165278
0.40166342
0.4016753
0.40168855
0.40170315
0.40171936
0.40173706
0.4017555
0.40177384
0.4017907
0.4018049
0.40181518
0.4018208
0.40182117
0.40181634
0.40180686
0.40179366
0.4017782
0.40176186
0.40174636
0.4017326
0.401721
0.4017112
0.4017021
0.40169245
0.40168092
0.40166673
0.40164965
0.40163004
0.40160865
0.40158665
0.40156502
0.4015448
0.40152705
0.40151262
0.40150186
0.4014952
0.40149266
0.4014942
0.40149954
0.4015085
0.40152064
0.40153584
0.40155336
0.40157264
0.4015927
0.4016125
0.40163115
0.401648
0.40166315
0.4016768
0.40168926
0.40170103
0.40171203
0.40172186
0.4017297
0.40173504
0.40173733
0.40173665
0.4017332
0.40172732
0.40171945
0.4017095
0.40169775
0.4016839
0.40166798
0.40165037
0.40163144
0.40161195
0.40159285
0.40157506
0.40155905
0.40154558
0.401535
0.40152746
0.40152314
0.40152204
0.40152407
0.40152907
0.40153667
0.40154645
0.401558
0.4015706
0.4015834
0.40159544
0.40160593
0.40161404
0.40161926
0.40162116
0.4016199
0.401616
0.4016102
0.40160307
0.40159553
0.40158784
0.40158054
0.40157408
0.40156904
0.40156597
0.4015654
0.4015677
0.40157294
0.4015808
0.40159068
0.4016016
0.40161225
0.40162134
0.40162766
0.40163076
0.40163052
0.4016276
0.4016228
0.40161732
0.4016121
0.4016085
0.40160728
0.4016092
0.40161437
0.4016226
0.40163332
0.40164566
0.4016588
0.40167212
0.40168533
0.40169835
0.40171131
0.40172416
0.40173638
0.40174738
0.40175673
0.40176392
0.40176895
0.4017718
0.4017727
0.40177163
0.40176854
0.4017629
0.4017541
0.40174177
0.4017257
0.40170604
0.40168318
0.4016579
0.4016312
0.4016043
0.40157858
0.4015553
0.40153533
0.40151936
0.4015078
0.4015007
0.4014979
0.4014994
0.40150464
0.4015132
0.4015245
0.40153804
0.40155295
0.401568
0.40158203
0.40159398
0.40160328
0.40160975
0.40161392
0.4016168
0.40161976
0.40162376
0.40162945
0.40163696
0.4016459
0.40165547
0.40166426
0.40167096
0.4016746
0.40167472
0.40167132
0.401665
0.40165663
0.40164736
0.40163836
0.40163058
0.40162465
0.40162072
0.40161833
0.4016168
0.40161526
0.40161312
0.40161023
0.40160695
0.40160415
0.4016026
0.40160337
0.40160698
0.40161338
0.40162227
0.40163276
0.401644
0.40165496
0.40166497
0.40167382
0.40168172
0.40168926
0.40169716
0.4017061
0.40171683
0.40172943
0.40174383
0.40175888
0.40177324
0.40178543
0.40179405
0.40179816
0.40179706
0.40179074
0.4017798
0.40176514
0.40174806
0.40173003
0.40171275
0.40169734
0.40168476
0.40167555
0.40166968
0.4016667
0.40166548
0.40166482
0.40166348
0.40166035
0.40165487
0.40164664
0.40163618
0.40162423
0.40161192
0.4016008
0.40159214
0.40158698
0.40158594
0.40158918
0.4015962
0.40160617
0.40161777
0.4016297
0.4016405
0.4016495
0.40165597
0.40166023
0.4016629
0.401665
0.40166774
0.40167204
0.4016785
0.40168738
0.4016983
0.40171048
0.40172294
0.4017345
0.40174398
0.40175036
0.40175283
0.40175083
0.40174428
0.40173337
0.40171883
0.40170175
0.40168345
0.4016657
0.40164974
0.40163702
0.40162838
0.4016242
0.40162456
0.40162933
0.40163812
0.4016507
0.4016666
0.40168542
0.40170622
0.40172768
0.4017483
0.4017664
0.4017806
0.40179005
0.40179422
0.4017931
0.40178722
0.40177748
0.40176487
0.40175048
0.4017353
0.40171996
0.40170506
0.40169147
0.40168017
0.401672
0.40166765
0.4016674
0.40167105
0.40167776
0.40168625
0.40169504
0.40170273
0.40170813
0.40171036
0.40170932
0.40170494
0.4016981
0.4016895
0.40167987
0.40167004
0.4016607
0.4016523
0.40164518
0.40163913
0.4016339
0.40162867
0.40162274
0.40161583
0.40160757
0.4015979
0.40158704
0.40157562
0.40156427
0.4015537
0.4015445
0.4015371
0.40153158
0.4015282
0.4015269
0.40152737
0.40152937
0.40153226
0.40153566
0.40153912
0.40154272
0.4015464
0.40155014
0.40155405
0.4015583
0.4015631
0.4015687
0.40157542
0.4015834
0.40159306
0.40160424
0.40161654
0.40162915
0.40164077
0.40165004
0.40165564
0.4016567
0.40165278
0.40164408
0.40163133
0.40161556
0.40159792
0.40157926
0.40156052
0.40154228
0.40152526
0.40150982
0.40149644
0.40148535
0.40147674
0.4014704
0.40146625
0.40146396
0.40146342
0.40146434
0.40146652
0.40146968
0.40147343
0.40147787
0.40148297
0.40148884
0.40149537
0.40150234
0.40150928
0.40151563
0.40152055
0.4015233
0.40152302
0.40151933
0.40151235
0.4015027
0.40149108
0.40147838
0.40146533
0.40145257
0.40144107
0.4014314
0.4014245
0.40142098
0.40142143
0.4014262
0.40143558
0.4014494
0.40146753
0.4014894
0.40151414
0.40154085
0.40156826
0.40159497
0.40161934
0.40163982
0.40165505
0.40166426
0.4016672
0.4016643
0.40165636
0.4016444
0.4016297
0.4016133
0.40159613
0.40157896
0.40156224
0.40154615
0.4015309
0.40151653
0.40150344
0.40149167
0.40148154
0.4014732
0.40146685
0.4014629
0.40146172
0.40146366
0.40146893
0.4014777
0.40149015
0.40150604
0.40152496
0.40154612
0.40156844
0.40159056
0.4016114
0.40162933
0.40164307
0.4016517
0.40165457
0.4016517
0.40164343
0.40163073
0.4016149
0.40159732
0.40157908
0.40156102
0.4015439
0.40152797
0.4015136
0.40150067
0.401489
0.4014786
0.40146896
0.40145987
0.40145102
0.40144226
0.40143353
0.4014252
0.40141773
0.40141144
0.40140703
0.4014049
0.40140525
0.40140843
0.40141448
0.4014234
0.40143508
0.40144953
0.40146655
0.40148553
0.40150595
0.4015271
0.40154856
0.40156966
0.40158963
0.4016079
0.40162346
0.40163562
0.4016439
0.4016483
0.4016492
0.40164724
0.40164298
0.40163657
0.40162846
0.40161902
0.4016086
0.40159836
0.40158913
0.4015818
0.40157717
0.40157583
0.40157792
0.40158346
0.40159202
0.40160295
0.4016154
0.4016286
0.40164196
0.4016551
0.4016682
0.40168175
0.40169623
0.40171215
0.40172926
0.40174708
0.40176472
0.4017811
0.40179515
0.4018061
0.40181342
0.40181726
0.40181804
0.4018163
0.40181315
0.4018096
0.40180647
0.4018041
0.40180248
0.401801
0.40179867
0.40179428
0.4017868
0.40177545
0.40175998
0.4017405
0.4017176
0.40169275
0.40166736
0.40164325
0.40162185
0.40160438
0.40159136
0.4015829
0.4015785
0.40157726
0.40157828
0.40158042
0.40158278
0.40158498
0.40158668
0.40158805
0.40158904
0.40158963
0.40159002
0.40159038
0.40159118
0.4015929
0.4015957
0.40159962
0.4016043
0.40160936
0.4016144
0.4016194
0.4016245
0.40162987
0.40163583
0.4016423
0.40164924
0.40165606
0.4016622
0.4016672
0.40167084
0.4016728
0.4016731
0.40167156
0.40166822
0.40166366
0.40165856
0.4016541
0.40165144
0.40165174
0.40165603
0.40166482
0.40167797
0.4016949
0.40171444
0.40173534
0.40175587
0.40177462
0.4017902
0.4018019
0.40180925
0.40181252
0.4018124
0.40181017
0.40180728
0.4018054
0.40180594
0.40180963
0.40181673
0.40182662
0.40183806
0.40184972
0.40186015
0.40186808
0.4018727
0.4018732
0.40186927
0.401861
0.40184852
0.40183246
0.4018136
0.40179285
0.40177125
0.4017494
0.40172794
0.40170723
0.40168765
0.4016693
0.4016527
0.40163857
0.40162763
0.4016203
0.4016168
0.40161702
0.40162036
0.40162617
0.4016336
0.40164188
0.40165058
0.40165946
0.40166822
0.40167674
0.40168497
0.40169266
0.4016993
0.40170458
0.4017083
0.40171066
0.4017122
0.40171376
0.40171608
0.4017201
0.40172637
0.4017348
0.40174496
0.4017559
0.40176672
0.40177655
0.4017848
0.40179095
0.40179485
0.40179643
0.40179583
0.40179348
0.40178987
0.40178585
0.4017818
0.4017781
0.40177482
0.40177155
0.40176785
0.40176353
0.4017585
0.40175277
0.40174687
0.40174112
0.40173584
0.40173107
0.40172666
0.4017222
0.40171754
0.40171257
0.40170726
0.4017018
0.4016965
0.4016918
0.4016883
0.40168646
0.40168655
0.40168858
0.4016924
0.40169734
0.40170255
0.40170717
0.40171033
0.4017115
0.40171045
0.40170738
0.40170255
0.4016961
0.40168798
0.40167806
0.4016662
0.40165228
0.4016367
0.40162018
0.40160352
0.4015876
0.40157312
0.40156028
0.40154913
0.40153953
0.4015313
0.40152475
0.40151975
0.40151656
0.401515
0.40151542
0.40151805
0.40152314
0.40153077
0.40154096
0.40155354
0.4015682
0.40158436
0.40160108
0.4016171
0.401631
0.40164134
0.40164712
0.40164813
0.40164456
0.40163735
0.401628
0.40161777
0.4016081
0.40159994
0.40159392
0.40159026
0.40158877
0.40158913
0.4015906
0.40159225
0.4015933
0.40159297
0.4015909
0.40158725
0.40158212
0.40157577
0.40156838
0.40156007
0.40155098
0.4015412
0.40153077
0.40151966
0.40150803
0.40149623
0.4014847
0.40147397
0.4014647
0.40145725
0.4014522
0.40144995
0.40145034
0.4014535
0.40145922
0.4014672
0.4014771
0.40148848
0.40150118
0.4015152
0.4015309
0.4015484
0.40156758
0.40158814
0.4016093
0.40163013
0.40164983
0.40166762
0.40168267
0.4016943
0.40170193
0.40170524
0.40170434
0.40169975
0.401692
0.40168226
0.40167138
0.40166068
0.40165135
0.40164453
0.40164077
0.40164036
0.40164313
0.40164888
0.40165728
0.40166804
0.4016809
0.40169522
0.40171024
0.401725
0.40173823
0.4017489
0.401756
0.40175915
0.40175822
0.4017535
0.4017458
0.4017361
0.4017258
0.40171617
0.4017082
0.40170237
0.4016984
0.40169555
0.40169266
0.40168875
0.40168306
0.4016753
0.40166575
0.4016552
0.4016448
0.40163565
0.4016288
0.4016249
0.40162438
0.4016271
0.4016327
0.40164018
0.40164828
0.40165597
0.4016623
0.40166646
0.40166846
0.40166822
0.40166587
0.40166172
0.40165597
0.40164906
0.4016419
0.40163562
0.40163133
0.40163025
0.401633
0.4016399
0.4016504
0.40166357
0.40167776
0.40169123
0.40170234
0.40170974
0.40171233
0.40170974
0.40170208
0.40168977
0.40167397
0.4016557
0.40163615
0.40161628
0.40159705
0.40157902
0.401563
0.40154937
0.40153867
0.4015314
0.40152797
0.4015287
0.40153357
0.40154287
0.40155658
0.40157482
0.40159735
0.4016238
0.40165314
0.40168422
0.40171516
0.40174413
0.40176916
0.40178874
0.4018018
0.4018076
0.40180588
0.40179685
0.40178108
0.40175974
0.40173438
0.401707
0.40167958
0.401654
0.40163213
0.40161526
0.40160456
0.40160072
0.40160382
0.40161353
0.40162927
0.4016497
0.4016733
0.4016981
0.40172222
0.40174377
0.40176123
0.4017735
0.40177992
0.4017803
0.40177503
0.4017647
0.40175045
0.40173346
0.401715
0.4016961
0.40167713
0.40165842
0.40163967
0.40162063
0.40160125
0.40158153
0.401562
0.40154335
0.4015262
0.4015111
0.40149832
0.40148813
0.40148053
0.4014755
0.4014734
0.40147454
0.4014792
0.4014879
0.4015009
0.40151823
0.40153977
0.40156493
0.40159306
0.40162304
0.4016535
0.4016829
0.4017096
0.40173203
0.4017493
0.40176103
0.4017674
0.40176904
0.40176708
0.401763
0.40175825
0.40175423
0.401752
0.40175235
0.4017555
0.4017612
0.40176868
0.401777
0.40178493
0.4017915
0.40179577
0.40179694
0.4017944
0.40178752
0.40177622
0.4017606
0.40174106
0.40171838
0.4016935
0.40166765
0.40164214
0.40161803
0.40159622
0.40157717
0.40156126
0.40154886
0.40154004
0.40153506
0.40153405
0.40153685
0.40154368
0.40155435
0.4015688
0.40158695
0.4016086
0.4016337
0.4016616
0.40169182
0.4017233
0.40175498
0.4017857
0.40181452
0.40184063
0.40186334
0.40188217
0.40189683
0.40190718
0.40191314
0.40191498
0.40191296
0.40190732
0.40189826
0.4018858
0.40187028
0.4018516
0.40183017
0.40180644
0.40178105
0.40175483
0.4017288
0.40170392
0.40168107
0.40166086
0.4016435
0.40162873
0.40161607
0.40160486
0.40159476
0.40158552
0.40157717
0.4015696
0.4015626
0.40155602
0.40154934
0.40154225
0.40153462
0.40152633
0.4015173
0.40150762
0.40149733
0.40148667
0.40147606
0.40146598
0.40145713
0.40145004
0.4014453
0.4014432
0.40144396
0.4014475
0.4014536
0.4014619
0.4014718
0.40148246
0.40149316
0.40150318
0.4015121
0.40151966
0.40152553
0.40152928
0.40153086
0.40153056
0.40152907
0.40152732
0.4015263
0.40152648
0.40152836
0.40153167
0.40153593
0.4015405
0.40154472
0.40154803
0.40154994
0.40155038
0.40154946
0.40154788
0.40154624
0.4015451
0.40154514
0.40154684
0.40155053
0.40155616
0.40156367
0.4015725
0.40158182
0.40159094
0.40159887
0.40160477
0.40160823
0.40160936
0.40160877
0.4016074
0.40160656
0.40160748
0.40161088
0.40161702
0.4016257
0.40163592
0.40164632
0.4016555
0.40166205
0.40166494
0.40166384
0.40165895
0.40165085
0.4016406
0.401629
0.40161702
0.40160543
0.40159476
0.40158528
0.401577
0.40157
0.40156427
0.40156
0.4015579
0.4015581
0.4015611
0.40156677
0.40157506
0.4015853
0.40159693
0.40160888
0.4016201
0.40162948
0.40163633
0.4016405
0.40164217
0.40164158
0.40163898
0.4016347
0.40162873
0.40162122
0.40161207
0.40160134
0.4015892
0.40157658
0.40156424
0.40155336
0.40154487
0.40153936
0.40153712
0.40153807
0.4015418
0.4015477
0.4015549
0.4015629
0.40157107
0.40157908
0.4015865
0.40159306
0.4015981
0.40160084
0.40160093
0.4015981
0.40159267
0.40158546
0.40157732
0.40156925
0.40156215
0.40155688
0.40155455
0.4015561
0.40156215
0.40157297
0.40158838
0.40160757
0.40162933
0.40165222
0.40167454
0.40169457
0.40171093
0.40172297
0.40173042
0.40173322
0.4017321
0.40172747
0.40172014
0.40171084
0.40170014
0.40168858
0.40167654
0.4016644
0.40165228
0.40164
0.40162763
0.40161508
0.40160254
0.40159014
0.40157777
0.4015653
0.40155244
0.40153894
0.40152493
0.4015106
0.40149653
0.40148348
0.4014723
0.40146393
0.4014592
0.4014587
0.4014629
0.40147203
0.40148625
0.4015052
0.40152872
0.40155578
0.4015853
0.4016158
0.40164557
0.4016731
0.40169743
0.40171814
0.40173516
0.40174893
0.40176
0.40176895
0.40177575
0.4017803
0.40178195
0.40177995
0.4017737
0.4017628
0.40174723
0.4017275
0.40170452
0.40167972
0.40165478
0.40163144
0.40161106
0.40159476
0.40158316
0.4015767
0.4015754
0.40157896
0.40158707
0.40159884
0.40161353
0.40162998
0.40164652
0.4016617
0.4016737
0.40168136
0.40168378
0.4016809
0.40167314
0.4016614
0.40164673
0.40163037
0.40161347
0.4015971
0.40158203
0.40156907
0.40155864
0.40155113
0.4015463
0.40154383
0.40154308
0.4015433
0.4015437
0.4015437
0.40154284
0.40154105
0.40153894
0.4015375
0.40153772
0.40154064
0.40154678
0.4015566
0.40157026
0.40158743
0.4016078
0.4016308
0.40165552
0.4016809
0.4017057
0.40172878
0.4017487
0.40176427
0.40177467
0.40177923
0.40177792
0.40177092
0.401759
0.40174288
0.40172392
0.40170333
0.4016823
0.40166217
0.4016442
0.40162942
0.40161887
0.40161332
0.40161332
0.40161917
0.4016307
0.40164727
0.4016676
0.40169004
0.40171266
0.40173358
0.40175104
0.40176383
0.4017712
0.4017727
0.4017687
0.4017602
0.40174812
0.4017342
0.40171993
0.40170676
0.4016959
0.40168804
0.4016835
0.401682
0.40168285
0.40168482
0.40168652
0.40168673
0.40168422
0.4016785
0.40166962
0.4016581
0.40164477
0.4016309
0.40161765
0.40160576
0.4015958
0.4015877
0.4015811
0.40157554
0.4015706
0.40156573
0.40156105
0.40155646
0.40155205
0.4015477
0.40154356
0.40153942
0.40153515
0.40153018
0.40152407
0.40151688
0.4015087
0.40150023
0.40149245
0.40148625
0.4014822
0.40148097
0.40148246
0.40148658
0.4014927
0.40150008
0.40150777
0.40151486
0.40152028
0.40152362
0.40152496
0.40152454
0.4015231
0.40152118
0.40151918
0.40151757
0.40151653
0.40151626
0.40151697
0.4015187
0.4015215
0.40152523
0.40152958
0.40153426
0.40153927
0.40154448
0.4015501
0.4015561
0.4015624
0.40156895
0.40157548
0.40158203
0.40158868
0.40159565
0.40160316
0.40161115
0.40161952
0.401628
0.40163577
0.40164217
0.4016462
0.4016468
0.40164316
0.40163487
0.40162197
0.40160495
0.40158486
0.40156302
0.40154064
0.4015188
0.40149838
0.4014798
0.40146342
0.4014492
0.40143725
0.4014277
0.4014207
0.4014164
0.40141484
0.40141574
0.4014191
0.4014247
0.4014324
0.40144196
0.40145302
0.4014654
0.40147883
0.40149304
0.40150812
0.40152416
0.40154123
0.40155932
0.40157834
0.40159792
0.40161783
0.40163746
0.40165582
0.40167218
0.4016854
0.4016943
0.40169817
0.40169668
0.40168998
0.40167883
0.40166438
0.4016481
0.4016313
0.40161526
0.4016007
0.401588
0.40157732
0.4015687
0.4015616
0.40155548
0.40154988
0.4015443
0.4015389
0.4015339
0.40152988
0.40152723
0.40152636
0.40152767
0.40153155
0.40153793
0.401547
0.40155873
0.40157264
0.40158844
0.40160525
0.40162218
0.40163785
0.40165102
0.4016605
0.40166554
0.40166616
0.4016629
0.40165666
0.40164864
0.40163994
0.40163127
0.40162298
0.40161523
0.40160793
0.401601
0.40159464
0.4015893
0.4015853
0.40158308
0.40158263
0.40158415
0.4015877
0.40159318
0.40160048
0.4016092
0.40161926
0.4016306
0.401643
0.4016559
0.40166858
0.40167996
0.40168935
0.40169618
0.40170056
0.40170288
0.401704
0.4017047
0.40170556
0.40170708
0.40170914
0.40171146
0.4017138
0.4017159
0.40171772
0.40171924
0.40172052
0.401721
0.40172032
0.4017177
0.40171257
0.40170452
0.40169367
0.40168053
0.40166563
0.40164977
0.40163374
0.40161806
0.4016035
0.4015904
0.4015796
0.40157178
0.40156734
0.40156648
0.40156907
0.40157452
0.401582
0.4015906
0.40159944
0.40160817
0.4016163
0.4016238
0.4016302
0.40163523
0.40163827
0.40163898
0.40163702
0.40163213
0.40162456
0.40161505
0.4016044
0.40159374
0.40158382
0.40157518
0.4015681
0.40156302
0.40155968
0.4015584
0.4015589
0.40156108
0.4015644
0.40156803
0.4015714
0.40157366
0.4015742
0.40157235
0.40156806
0.40156162
0.4015535
0.4015444
0.4015351
0.40152648
0.40151912
0.40151322
0.4015092
0.4015069
0.40150613
0.40150708
0.4015095
0.40151346
0.4015188
0.4015255
0.4015333
0.4015421
0.40155146
0.40156114
0.40157044
0.40157855
0.40158483
0.40158877
0.40158984
0.40158826
0.40158442
0.40157953
0.40157476
0.40157127
0.4015699
0.40157068
0.4015734
0.40157717
0.40158108
0.40158418
0.40158555
0.40158454
0.40158102
0.40157515
0.40156722
0.40155745
0.40154612
0.40153363
0.40152076
0.40150836
0.40149742
0.40148854
0.40148234
0.4014792
0.40147963
0.40148395
0.40149227
0.4015045
0.4015201
0.40153816
0.40155762
0.40157717
0.40159544
0.401611
0.40162274
0.40162998
0.40163237
0.4016302
0.40162423
0.40161553
0.40160534
0.40159464
0.40158412
0.40157446
0.4015658
0.40155867
0.40155292
0.4015489
0.40154657
0.401546
0.40154728
0.40155026
0.40155473
0.4015603
0.40156642
0.40157232
0.40157747
0.4015816
0.40158424
0.40158534
0.4015845
0.4015818
0.4015772
0.4015714
0.40156513
0.40155932
0.40155455
0.4015513
0.40154967
0.4015496
0.401551
0.40155357
0.40155682
0.40155986
0.4015618
0.40156215
0.40156078
0.40155813
0.4015549
0.40155205
0.40155023
0.40154967
0.40155023
0.40155166
0.40155354
0.40155557
0.4015577
0.40155944
0.40156043
0.4015602
0.4015585
0.4015557
0.40155208
0.40154833
0.401545
0.40154257
0.40154165
0.40154243
0.40154508
0.40154934
0.4015546
0.40156022
0.40156522
0.4015694
0.40157264
0.40157545
0.4015783
0.40158165
0.4015856
0.4015904
0.4015957
0.4016015
0.40160716
0.40161237
0.40161687
0.40162
0.40162164
0.40162167
0.4016204
0.40161806
0.40161505
0.4016116
0.4016079
0.40160415
0.4016008
0.40159822
0.40159664
0.4015964
0.40159765
0.40160048
0.40160498
0.40161127
0.40161908
0.40162802
0.4016373
0.40164623
0.4016543
0.40166122
0.4016671
0.40167183
0.4016757
0.40167856
0.40168017
0.40167993
0.4016774
0.4016724
0.40166518
0.40165645
0.40164754
0.40163937
0.401633
0.4016289
0.40162736
0.401628
0.40163028
0.4016337
0.40163743
0.40164044
0.40164173
0.40164077
0.40163723
0.40163156
0.40162453
0.40161702
0.40160984
0.4016037
0.40159902
0.4015957
0.40159342
0.4015916
0.40159017
0.40158895
0.4015881
0.40158793
0.40158844
0.40158975
0.40159187
0.40159467
0.40159813
0.40160227
0.40160707
0.40161204
0.40161675
0.40162048
0.40162262
0.4016231
0.4016219
0.40161917
0.4016152
0.4016101
0.4016041
0.4015969
0.40158877
0.40157986
0.40157035
0.40156078
0.40155157
0.40154323
0.40153626
0.40153104
0.40152764
0.40152645
0.40152726
0.40152988
0.40153417
0.40153968
0.4015462
0.40155324
0.4015605
0.4015677
0.40157464
0.40158144
0.40158814
0.40159476
0.40160108
0.40160653
0.4016104
0.401612
0.4016113
0.4016085
0.40160456
0.4016004
0.401597
0.40159535
0.40159613
0.40159997
0.40160704
0.40161714
0.40162995
0.401645
0.4016623
0.4016826
0.40170768
0.40174085
0.40178698
0.40185273
0.40194717
0.4020825
0.4022756
0.4025499
0.40293455
0.40347072
0.4042151
0.40524435
0.40666303
0.40861174
0.4113104
0.4149821
0.41993642
0.42664677
0.4357565
0.4478786
