0.44259298
0.43209052
0.42420775
0.41826606
0.41382176
0.41052958
0.4081063
0.40631264
0.40498897
0.4040188
0.4033065
0.40278512
0.40240452
0.40212736
0.40192592
0.40177974
0.40167361
0.40159634
0.40154
0.4014993
0.4014704
0.40145087
0.4014392
0.40143418
0.4014351
0.40144125
0.40145206
0.40146694
0.40148535
0.4015068
0.4015304
0.40155557
0.4015817
0.40160817
0.40163413
0.40165865
0.4016806
0.40169907
0.4017135
0.4017237
0.40173
0.40173322
0.4017345
0.4017351
0.4017362
0.40173858
0.4017425
0.40174773
0.4017535
0.40175915
0.4017636
0.4017661
0.40176585
0.40176225
0.4017549
0.4017437
0.4017285
0.4017096
0.40168738
0.4016627
0.40163645
0.40160993
0.40158436
0.4015609
0.40154046
0.40152356
0.40151042
0.401501
0.40149498
0.4014918
0.40149075
0.40149125
0.40149274
0.40149468
0.40149668
0.40149826
0.40149906
0.40149894
0.4014976
0.4014954
0.40149263
0.40149
0.40148836
0.40148866
0.4014918
0.40149838
0.40150893
0.40152374
0.40154296
0.40156657
0.40159413
0.4016247
0.40165713
0.4016894
0.40171954
0.40174574
0.40176642
0.40178072
0.40178823
0.40178946
0.4017849
0.40177584
0.4017633
0.4017485
0.4017327
0.401717
0.4017027
0.40169078
0.4016817
0.40167567
0.40167236
0.40167108
0.40167108
0.4016718
0.40167302
0.40167487
0.40167776
0.40168217
0.40168816
0.4016955
0.40170327
0.4017102
0.40171486
0.40171605
0.401713
0.40170535
0.4016934
0.4016779
0.40165988
0.40164068
0.40162134
0.40160275
0.40158555
0.4015701
0.40155655
0.40154472
0.40153447
0.40152565
0.40151817
0.40151206
0.40150726
0.40150356
0.40150073
0.40149862
0.40149695
0.40149564
0.4014948
0.40149444
0.40149498
0.40149662
0.40149963
0.4015044
0.40151092
0.40151906
0.40152818
0.40153757
0.4015462
0.40155318
0.40155762
0.401559
0.40155718
0.40155268
0.40154603
0.4015381
0.4015296
0.40152115
0.40151322
0.40150604
0.4014997
0.40149385
0.4014882
0.40148252
0.4014766
0.40147054
0.40146467
0.40145934
0.40145513
0.4014523
0.40145096
0.40145117
0.4014529
0.40145606
0.40146065
0.40146667
0.40147427
0.4014832
0.40149343
0.40150467
0.4015168
0.4015297
0.401543
0.40155613
0.40156844
0.40157923
0.4015877
0.4015935
0.40159672
0.401598
0.40159836
0.4015985
0.40159908
0.40160024
0.40160173
0.40160307
0.40160382
0.40160346
0.4016021
0.40159953
0.40159592
0.4015912
0.40158555
0.40157923
0.40157288
0.40156728
0.40156317
0.40156093
0.40156057
0.40156147
0.4015628
0.40156344
0.40156224
0.40155855
0.40155217
0.4015434
0.40153325
0.40152296
0.401514
0.4015076
0.4015049
0.4015067
0.4015135
0.4015253
0.40154192
0.40156287
0.40158728
0.40161422
0.40164274
0.40167156
0.40169927
0.40172443
0.40174583
0.4017624
0.4017736
0.40177912
0.4017792
0.40177456
0.40176618
0.40175545
0.4017437
0.4017322
0.40172195
0.40171346
0.40170708
0.40170282
0.40170038
0.4016989
0.40169725
0.40169415
0.4016885
0.4016793
0.40166622
0.40164933
0.4016289
0.40160602
0.40158188
0.40155762
0.40153423
0.4015124
0.4014926
0.401475
0.40146005
0.40144786
0.4014386
0.40143228
0.40142888
0.40142822
0.4014299
0.40143353
0.40143856
0.40144482
0.40145215
0.401461
0.40147176
0.40148473
0.40150002
0.40151715
0.40153524
0.4015531
0.40156916
0.40158212
0.40159103
0.4015952
0.40159467
0.4015898
0.4015817
0.40157112
0.40155926
0.40154696
0.40153518
0.4015248
0.40151682
0.4015117
0.4015101
0.40151262
0.40151966
0.40153107
0.40154642
0.4015647
0.40158468
0.4016046
0.40162292
0.4016382
0.4016495
0.40165612
0.40165788
0.4016547
0.40164724
0.40163642
0.4016234
0.40160963
0.40159622
0.40158418
0.40157387
0.4015654
0.40155834
0.40155205
0.40154582
0.4015391
0.40153176
0.401524
0.40151638
0.40150928
0.4015033
0.40149862
0.4014954
0.40149352
0.4014928
0.40149295
0.4014937
0.401495
0.40149716
0.40150025
0.4015045
0.40151018
0.40151724
0.40152553
0.40153474
0.40154448
0.40155405
0.40156278
0.40157026
0.40157658
0.40158224
0.40158817
0.40159547
0.40160534
0.40161863
0.40163592
0.40165722
0.40168175
0.4017084
0.4017352
0.40176037
0.40178227
0.40179923
0.4018104
0.40181512
0.4018133
0.40180528
0.40179193
0.40177444
0.4017542
0.4017327
0.40171123
0.4016907
0.4016715
0.4016534
0.4016361
0.4016191
0.4016022
0.40158534
0.4015686
0.4015522
0.40153638
0.40152135
0.4015075
0.401495
0.4014843
0.40147573
0.40146974
0.4014666
0.4014664
0.40146896
0.40147403
0.401481
0.40148956
0.40149906
0.40150896
0.40151882
0.40152845
0.40153748
0.4015457
0.40155298
0.40155935
0.40156484
0.40156963
0.40157408
0.40157878
0.40158418
0.40159082
0.40159896
0.40160877
0.40161994
0.40163186
0.4016434
0.40165335
0.40166047
0.4016639
0.40166304
0.40165797
0.4016491
0.40163752
0.40162456
0.40161163
0.4016001
0.40159082
0.4015844
0.40158084
0.40157998
0.40158117
0.4015837
0.40158683
0.40158972
0.40159193
0.4015932
0.40159327
0.40159222
0.40159035
0.4015879
0.40158534
0.40158308
0.4015817
0.4015813
0.40158182
0.40158287
0.40158376
0.40158385
0.4015829
0.40158087
0.40157822
0.40157565
0.40157402
0.4015741
0.4015765
0.40158108
0.40158784
0.4015958
0.40160412
0.40161166
0.40161762
0.4016214
0.40162292
0.4016224
0.40162075
0.4016189
0.40161824
0.4016198
0.40162444
0.40163264
0.40164426
0.4016587
0.4016749
0.40169156
0.40170717
0.40172035
0.40172976
0.40173462
0.40173405
0.40172774
0.4017154
0.40169755
0.40167502
0.40164894
0.40162078
0.4015919
0.4015636
0.40153685
0.40151235
0.40149048
0.40147156
0.40145555
0.4014424
0.40143192
0.4014241
0.40141875
0.40141585
0.40141517
0.40141657
0.4014198
0.40142477
0.40143147
0.40144008
0.40145084
0.40146396
0.40147963
0.40149796
0.40151888
0.40154216
0.40156716
0.40159297
0.40161812
0.4016412
0.4016605
0.4016747
0.40168285
0.40168464
0.40168026
0.40167022
0.40165564
0.40163794
0.4016187
0.40159947
0.4015816
0.4015659
0.40155295
0.40154296
0.4015361
0.40153238
0.40153173
0.40153423
0.40153986
0.4015484
0.40155938
0.40157238
0.40158692
0.40160263
0.40161934
0.40163654
0.40165374
0.40166995
0.40168396
0.40169448
0.40170038
0.40170094
0.40169585
0.40168545
0.40167063
0.40165263
0.40163293
0.40161276
0.40159312
0.40157485
0.40155804
0.40154275
0.40152913
0.401517
0.4015064
0.40149724
0.4014897
0.40148377
0.40147984
0.40147814
0.40147898
0.40148234
0.4014882
0.4014962
0.40150613
0.40151712
0.40152866
0.40153968
0.40154916
0.40155613
0.40155962
0.4015593
0.40155515
0.4015478
0.40153804
0.40152723
0.40151647
0.40150672
0.4014985
0.40149203
0.4014872
0.40148398
0.4014822
0.40148178
0.40148282
0.40148562
0.40149063
0.40149808
0.4015081
0.40152064
0.4015354
0.4015519
0.40156955
0.40158752
0.401605
0.4016212
0.40163508
0.40164572
0.40165257
0.40165532
0.40165418
0.4016498
0.40164343
0.40163618
0.40162924
0.40162343
0.40161952
0.40161768
0.40161774
0.40161908
0.4016208
0.40162203
0.401622
0.40162024
0.40161663
0.40161142
0.401605
0.40159765
0.4015898
0.40158153
0.40157288
0.40156436
0.40155646
0.40154982
0.401545
0.4015425
0.40154254
0.40154484
0.40154904
0.40155458
0.40156102
0.40156782
0.4015746
0.4015812
0.40158758
0.40159363
0.40159908
0.4016035
0.4016062
0.40160698
0.40160578
0.40160343
0.40160093
0.4015996
0.40160066
0.4016051
0.40161362
0.4016261
0.40164214
0.40166065
0.4016802
0.40169907
0.40171564
0.4017287
0.40173736
0.40174142
0.4017409
0.4017362
0.40172786
0.40171656
0.4017031
0.4016884
0.40167338
0.40165865
0.40164477
0.4016323
0.40162188
0.40161404
0.40160882
0.40160617
0.4016055
0.4016062
0.40160757
0.40160915
0.40161076
0.40161234
0.40161398
0.40161568
0.40161732
0.40161854
0.40161923
0.40161917
0.40161833
0.40161663
0.40161416
0.4016111
0.4016081
0.40160593
0.4016056
0.40160784
0.40161303
0.4016208
0.40163025
0.40164036
0.40164945
0.40165648
0.4016605
0.4016611
0.4016582
0.4016523
0.40164402
0.4016343
0.40162387
0.40161377
0.4016045
0.40159652
0.40159008
0.4015854
0.40158263
0.40158224
0.40158445
0.40158948
0.4015972
0.401607
0.40161827
0.40163028
0.4016423
0.401654
0.401665
0.40167516
0.40168452
0.40169266
0.40169907
0.40170282
0.40170333
0.4016998
0.401692
0.4016798
0.40166366
0.40164438
0.40162307
0.4016014
0.40158102
0.40156323
0.40154916
0.40153942
0.40153414
0.40153325
0.4015361
0.40154192
0.40155002
0.40155938
0.4015689
0.40157738
0.40158376
0.40158734
0.40158787
0.4015857
0.40158144
0.401576
0.40157035
0.40156505
0.40156037
0.40155628
0.40155223
0.40154752
0.40154138
0.40153357
0.4015241
0.40151328
0.40150177
0.40149015
0.4014792
0.4014695
0.40146154
0.40145564
0.4014522
0.40145147
0.40145376
0.40145895
0.40146694
0.40147752
0.4014902
0.4015047
0.40152028
0.4015366
0.40155277
0.40156797
0.40158126
0.40159178
0.40159878
0.40160227
0.40160242
0.40159962
0.4015945
0.40158728
0.4015782
0.40156737
0.40155488
0.40154105
0.40152648
0.40151206
0.40149868
0.4014873
0.40147865
0.4014734
0.4014718
0.40147388
0.40147936
0.40148762
0.40149787
0.40150955
0.40152192
0.40153465
0.40154743
0.40156004
0.40157232
0.40158382
0.40159386
0.40160164
0.40160644
0.40160748
0.40160438
0.40159684
0.40158525
0.4015702
0.40155268
0.4015337
0.40151432
0.40149555
0.4014781
0.4014626
0.4014494
0.40143856
0.4014301
0.40142402
0.40142038
0.40141928
0.40142086
0.40142512
0.40143183
0.40144056
0.40145057
0.40146112
0.4014713
0.40148008
0.40148667
0.4014906
0.4014921
0.40149158
0.4014898
0.40148744
0.40148517
0.40148342
0.4014825
0.4014824
0.4014834
0.40148544
0.40148878
0.40149346
0.40149945
0.40150672
0.40151516
0.40152466
0.40153515
0.40154696
0.40156007
0.40157443
0.40158972
0.40160516
0.40161994
0.401633
0.40164334
0.40164992
0.4016521
0.4016494
0.4016417
0.40162954
0.4016136
0.40159476
0.40157425
0.4015531
0.4015323
0.40151244
0.40149435
0.4014783
0.4014647
0.40145376
0.40144542
0.4014397
0.4014364
0.40143532
0.4014364
0.40143925
0.4014437
0.4014493
0.40145582
0.40146306
0.4014711
0.40148038
0.40149128
0.40150407
0.40151876
0.40153524
0.40155312
0.40157226
0.4015926
0.40161464
0.40163913
0.40166765
0.40170297
0.4017495
0.40181363
0.40190408
0.40203258
0.40221554
0.40247682
0.40284586
0.40336478
0.4040917
0.40510508
0.40651137
0.40845227
0.41114876
0.41482437
0.4197888
0.42651594
0.43564898
0.44779894
