0.44250935
0.4319844
0.42408624
0.418137
0.41369334
0.4104105
0.40800425
0.40623376
0.4049376
0.40399697
0.4033154
0.4028249
0.40247503
0.4022282
0.40205646
0.40193862
0.4018588
0.401805
0.40176815
0.40174198
0.40172216
0.40170598
0.4016921
0.40168
0.40166956
0.40166065
0.40165308
0.4016465
0.4016404
0.40163416
0.4016274
0.4016196
0.4016109
0.40160152
0.40159202
0.40158316
0.40157548
0.40156943
0.4015654
0.40156347
0.4015637
0.40156573
0.40156883
0.40157178
0.40157315
0.4015714
0.40156546
0.401555
0.4015402
0.40152192
0.40150154
0.40148053
0.4014602
0.40144193
0.40142667
0.40141532
0.40140837
0.40140596
0.40140784
0.4014137
0.40142286
0.40143472
0.40144855
0.40146396
0.4014808
0.40149903
0.40151894
0.40154028
0.40156302
0.40158638
0.4016095
0.40163115
0.40164965
0.40166375
0.4016726
0.4016756
0.40167296
0.40166518
0.40165338
0.4016388
0.4016226
0.40160593
0.40158966
0.40157437
0.40156004
0.40154657
0.40153354
0.40152073
0.40150824
0.4014962
0.40148488
0.40147454
0.40146556
0.4014583
0.4014528
0.40144914
0.4014472
0.4014467
0.40144742
0.40144932
0.40145278
0.40145805
0.4014658
0.40147638
0.4014899
0.4015061
0.40152448
0.4015441
0.40156382
0.40158245
0.4015987
0.40161175
0.40162116
0.40162703
0.40162987
0.40163046
0.40162984
0.401629
0.40162873
0.40162966
0.40163216
0.40163597
0.40164092
0.40164617
0.40165097
0.40165427
0.40165547
0.40165392
0.4016492
0.40164164
0.4016318
0.40162048
0.40160877
0.40159783
0.40158868
0.40158197
0.40157795
0.40157622
0.40157598
0.4015761
0.40157536
0.40157256
0.40156704
0.4015589
0.40154883
0.40153807
0.40152812
0.4015204
0.4015161
0.40151593
0.40152022
0.4015285
0.40154013
0.40155384
0.40156835
0.40158224
0.40159395
0.40160254
0.40160754
0.40160903
0.40160772
0.40160477
0.40160137
0.40159878
0.40159798
0.40159974
0.4016045
0.4016123
0.4016228
0.40163538
0.40164906
0.40166262
0.40167496
0.40168533
0.40169337
0.40169907
0.40170282
0.40170494
0.40170562
0.4017049
0.40170223
0.40169728
0.40168974
0.40167964
0.4016674
0.401654
0.40164044
0.4016277
0.40161645
0.40160707
0.40159962
0.40159395
0.4015898
0.40158683
0.40158483
0.401584
0.40158468
0.4015871
0.401591
0.40159613
0.40160155
0.4016063
0.40160918
0.4016093
0.40160593
0.4015991
0.4015894
0.40157768
0.40156487
0.40155217
0.4015407
0.40153152
0.40152565
0.40152407
0.4015277
0.40153784
0.4015557
0.40158337
0.40162387
0.40168113
0.40176094
0.40187117
0.40202296
0.40223283
0.40252176
0.40291905
0.40346557
0.40421778
0.4052524
0.40667436
0.4086247
0.4113236
0.4149947
0.41994783
0.42665663
0.43576446
0.44788444
