0.44258392
0.43208417
0.4242105
0.41828522
0.41386443
0.41060275
0.40821332
0.40645522
0.40516734
0.40423042
0.4035487
0.40305474
0.4026986
0.40244326
0.40226114
0.40213165
0.40203923
0.40197212
0.40192157
0.40188128
0.40184686
0.40181544
0.40178543
0.4017561
0.4017275
0.4017
0.4016743
0.401651
0.40163028
0.40161246
0.4015979
0.40158695
0.40158
0.40157712
0.40157813
0.40158257
0.40158966
0.40159827
0.40160757
0.40161678
0.4016256
0.4016342
0.4016424
0.40165025
0.40165725
0.4016629
0.40166673
0.40166867
0.40166897
0.40166816
0.40166697
0.40166605
0.40166587
0.40166664
0.40166822
0.4016701
0.40167168
0.40167263
0.4016727
0.4016719
0.40167022
0.4016674
0.40166342
0.4016578
0.4016504
0.40164137
0.401631
0.4016199
0.4016091
0.40159935
0.40159157
0.4015864
0.4015846
0.40158653
0.4015925
0.40160194
0.4016142
0.401628
0.4016421
0.40165517
0.4016663
0.40167528
0.40168217
0.4016877
0.40169275
0.4016979
0.40170327
0.4017084
0.40171242
0.40171418
0.40171275
0.40170753
0.40169847
0.4016861
0.40167135
0.40165538
0.40163934
0.40162408
0.4016102
0.40159824
0.4015886
0.40158138
0.40157667
0.40157455
0.40157452
0.4015758
0.40157735
0.40157798
0.40157688
0.4015736
0.40156838
0.4015617
0.40155435
0.4015471
0.4015405
0.40153494
0.4015307
0.40152782
0.40152627
0.40152583
0.4015263
0.4015273
0.4015285
0.4015298
0.40153122
0.40153322
0.40153655
0.40154195
0.40154976
0.40156
0.4015723
0.40158573
0.40159932
0.401612
0.40162322
0.40163285
0.40164128
0.40164933
0.4016581
0.40166825
0.40168047
0.4016943
0.40170905
0.40172338
0.4017362
0.40174624
0.4017534
0.40175745
0.40175882
0.4017582
0.40175608
0.40175298
0.40174893
0.40174404
0.4017381
0.4017308
0.4017219
0.40171143
0.40169966
0.40168738
0.40167534
0.4016643
0.40165487
0.40164733
0.4016416
0.4016373
0.40163377
0.40163037
0.40162665
0.40162256
0.40161833
0.4016144
0.40161106
0.4016086
0.40160704
0.40160647
0.40160707
0.40160924
0.4016138
0.40162134
0.40163234
0.4016468
0.40166435
0.40168405
0.4017047
0.40172473
0.40174255
0.40175703
0.40176716
0.40177247
0.40177298
0.40176904
0.40176168
0.4017519
0.40174124
0.40173116
0.40172297
0.40171766
0.4017158
0.4017174
0.40172195
0.40172845
0.4017356
0.40174183
0.40174577
0.40174618
0.4017422
0.4017333
0.40171963
0.40170175
0.40168023
0.40165615
0.40163052
0.40160432
0.40157852
0.40155363
0.40153027
0.40150896
0.40149006
0.40147397
0.40146118
0.40145218
0.4014473
0.40144685
0.4014509
0.40145943
0.4014721
0.40148827
0.40150705
0.40152732
0.40154764
0.40156668
0.40158293
0.40159503
0.401602
0.40160367
0.40160045
0.4015934
0.4015841
0.40157425
0.4015654
0.40155873
0.4015548
0.40155372
0.4015553
0.40155914
0.40156478
0.40157133
0.40157795
0.40158346
0.40158695
0.4015878
0.40158588
0.40158135
0.4015747
0.40156624
0.4015561
0.40154454
0.40153167
0.40151802
0.40150434
0.4014918
0.40148163
0.40147468
0.40147176
0.4014732
0.4014793
0.4014901
0.4015054
0.4015248
0.4015478
0.40157327
0.40160024
0.40162724
0.40165254
0.4016743
0.40169108
0.4017016
0.4017054
0.40170255
0.40169367
0.40167996
0.40166283
0.40164402
0.40162525
0.401608
0.40159342
0.40158188
0.40157342
0.4015674
0.40156302
0.4015592
0.40155548
0.4015518
0.40154848
0.40154624
0.40154585
0.40154797
0.40155306
0.40156138
0.40157285
0.4015872
0.40160373
0.40162194
0.40164137
0.40166187
0.40168345
0.40170574
0.40172824
0.40175
0.4017701
0.40178737
0.4018008
0.40180966
0.40181366
0.40181288
0.40180796
0.40179968
0.40178874
0.40177616
0.40176293
0.4017497
0.40173697
0.401725
0.4017135
0.40170214
0.40169027
0.4016774
0.40166363
0.4016495
0.40163574
0.40162364
0.4016143
0.4016091
0.4016087
0.40161365
0.40162387
0.40163887
0.40165752
0.40167823
0.4016992
0.40171862
0.40173528
0.4017482
0.4017573
0.4017629
0.4017659
0.40176758
0.40176937
0.40177253
0.40177792
0.40178582
0.40179583
0.401807
0.40181792
0.40182713
0.4018334
0.40183562
0.40183336
0.40182662
0.4018159
0.40180215
0.40178663
0.40177065
0.40175527
0.4017413
0.40172902
0.4017181
0.40170795
0.40169796
0.40168783
0.40167764
0.4016679
0.40165943
0.40165305
0.40164915
0.40164778
0.4016485
0.40165025
0.4016519
0.4016523
0.401651
0.40164796
0.40164354
0.40163854
0.4016339
0.40163037
0.40162867
0.40162924
0.40163237
0.40163827
0.40164682
0.4016574
0.40166888
0.40167996
0.40168914
0.40169507
0.40169683
0.40169388
0.40168616
0.40167412
0.40165886
0.40164188
0.40162456
0.40160826
0.40159404
0.4015827
0.4015747
0.40157044
0.40156966
0.401572
0.40157685
0.40158364
0.4015917
0.40160003
0.4016079
0.4016143
0.40161857
0.40162048
0.40161994
0.40161765
0.40161434
0.401611
0.4016082
0.4016064
0.40160567
0.401606
0.4016073
0.40160918
0.40161115
0.40161246
0.40161225
0.40161023
0.40160638
0.40160152
0.4015969
0.40159422
0.40159506
0.4016006
0.40161148
0.401628
0.40164945
0.4016748
0.40170258
0.40173116
0.40175882
0.40178433
0.4018066
0.40182486
0.40183854
0.40184727
0.40185106
0.40184993
0.4018443
0.4018345
0.40182143
0.4018061
0.40178946
0.4017728
0.40175736
0.40174416
0.401734
0.40172684
0.4017221
0.4017186
0.40171486
0.40170965
0.40170217
0.40169206
0.40167952
0.4016649
0.40164906
0.4016328
0.40161666
0.40160093
0.4015856
0.40157086
0.4015567
0.40154356
0.4015319
0.40152216
0.40151474
0.4015098
0.4015075
0.4015075
0.4015096
0.40151316
0.40151742
0.40152135
0.4015243
0.40152544
0.40152442
0.40152168
0.40151763
0.40151316
0.40150905
0.40150645
0.40150645
0.40151012
0.4015182
0.40153107
0.4015488
0.40157104
0.4015969
0.40162542
0.40165514
0.4016846
0.40171236
0.40173736
0.40175897
0.4017772
0.40179208
0.40180376
0.40181214
0.40181687
0.40181774
0.40181485
0.4018084
0.40179902
0.4017876
0.40177518
0.40176284
0.4017513
0.40174097
0.40173155
0.40172252
0.40171313
0.40170273
0.40169096
0.4016779
0.40166375
0.4016488
0.40163314
0.40161678
0.40159974
0.40158263
0.40156603
0.4015507
0.4015373
0.40152636
0.40151823
0.40151325
0.4015114
0.40151274
0.401517
0.401524
0.40153337
0.40154457
0.40155706
0.40157008
0.40158296
0.4015951
0.40160647
0.40161723
0.4016279
0.40163898
0.4016508
0.40166342
0.40167654
0.40168962
0.4017017
0.40171188
0.4017192
0.40172306
0.40172306
0.4017192
0.40171173
0.40170118
0.4016884
0.40167454
0.4016608
0.40164846
0.40163848
0.4016316
0.4016281
0.40162787
0.40163052
0.40163562
0.40164262
0.4016511
0.40166068
0.40167084
0.40168154
0.40169278
0.4017045
0.40171683
0.4017294
0.4017418
0.40175316
0.40176257
0.4017693
0.40177295
0.40177312
0.40177014
0.40176427
0.40175623
0.4017467
0.40173635
0.40172577
0.4017155
0.40170622
0.4016986
0.40169296
0.40168962
0.40168816
0.40168804
0.40168858
0.40168917
0.40168956
0.4016898
0.40169027
0.40169123
0.40169287
0.40169492
0.40169677
0.40169752
0.40169626
0.40169227
0.40168542
0.40167585
0.40166432
0.40165174
0.40163913
0.40162748
0.4016173
0.40160915
0.40160322
0.4015996
0.40159807
0.401598
0.40159887
0.4015997
0.40159997
0.40159938
0.4015981
0.40159655
0.40159547
0.40159532
0.40159655
0.40159953
0.4016043
0.40161115
0.40162018
0.40163156
0.40164486
0.4016593
0.40167397
0.40168735
0.4016978
0.4017041
0.40170527
0.40170076
0.4016907
0.40167567
0.40165672
0.40163532
0.40161312
0.40159172
0.40157247
0.40155673
0.4015454
0.401539
0.40153757
0.40154096
0.40154874
0.40156022
0.40157464
0.40159112
0.4016085
0.4016256
0.40164128
0.40165415
0.40166327
0.40166816
0.40166885
0.40166605
0.40166062
0.40165383
0.40164706
0.40164134
0.40163767
0.40163675
0.4016388
0.40164372
0.40165114
0.40166068
0.40167174
0.4016835
0.40169504
0.40170524
0.40171298
0.40171802
0.40172032
0.40172023
0.40171856
0.40171605
0.40171322
0.40171033
0.40170717
0.40170377
0.40169993
0.40169594
0.40169206
0.4016884
0.401685
0.40168157
0.40167788
0.4016737
0.40166885
0.4016633
0.4016572
0.40165135
0.40164676
0.40164447
0.4016453
0.40164983
0.40165794
0.40166935
0.40168345
0.40169904
0.40171456
0.40172827
0.40173855
0.40174404
0.40174398
0.401738
0.40172645
0.40171006
0.40169019
0.40166825
0.40164575
0.40162393
0.40160367
0.40158564
0.40157026
0.40155756
0.40154755
0.40154013
0.40153506
0.40153244
0.40153235
0.40153474
0.40153953
0.40154654
0.40155548
0.401566
0.4015778
0.4015905
0.40160373
0.4016172
0.40163064
0.40164414
0.40165797
0.4016727
0.40168858
0.4017058
0.40172383
0.4017419
0.40175915
0.4017745
0.40178722
0.40179652
0.40180203
0.40180334
0.4018004
0.40179318
0.40178195
0.40176713
0.4017494
0.40172982
0.4017096
0.40169
0.40167263
0.40165854
0.40164846
0.40164256
0.4016407
0.4016423
0.4016465
0.40165222
0.40165836
0.40166432
0.40166968
0.40167454
0.40167883
0.4016826
0.40168542
0.4016868
0.40168583
0.40168202
0.401675
0.40166458
0.40165105
0.4016349
0.4016169
0.4015981
0.4015794
0.40156195
0.40154645
0.4015338
0.40152448
0.40151894
0.401517
0.40151837
0.40152237
0.4015282
0.40153518
0.4015425
0.40154982
0.40155667
0.40156278
0.40156794
0.401572
0.4015752
0.40157834
0.40158242
0.4015886
0.40159777
0.40161046
0.40162686
0.40164667
0.4016692
0.4016937
0.4017195
0.40174598
0.40177238
0.40179753
0.4018203
0.40183958
0.40185443
0.40186384
0.40186715
0.40186405
0.40185472
0.4018395
0.4018192
0.40179503
0.40176818
0.40174022
0.40171263
0.40168682
0.40166378
0.40164414
0.40162814
0.40161547
0.40160555
0.4015974
0.40159026
0.40158293
0.40157512
0.40156657
0.40155733
0.4015476
0.40153772
0.40152815
0.40151927
0.4015114
0.40150502
0.40149996
0.4014962
0.4014934
0.40149096
0.4014884
0.40148526
0.40148118
0.4014759
0.40146932
0.40146136
0.40145224
0.40144253
0.4014329
0.4014241
0.4014169
0.40141177
0.40140912
0.401409
0.4014116
0.40141687
0.40142474
0.4014352
0.40144804
0.40146294
0.40147948
0.4014968
0.40151402
0.4015302
0.4015443
0.4015561
0.4015654
0.4015727
0.4015786
0.40158367
0.40158817
0.40159252
0.40159732
0.40160286
0.40160963
0.4016175
0.40162626
0.40163508
0.40164304
0.40164903
0.40165204
0.4016513
0.40164635
0.4016376
0.40162584
0.40161234
0.40159857
0.4015858
0.4015748
0.40156603
0.40155968
0.40155533
0.40155235
0.4015501
0.40154785
0.40154508
0.40154132
0.40153635
0.40153018
0.40152305
0.40151536
0.40150762
0.40150034
0.40149415
0.4014896
0.401487
0.40148646
0.4014882
0.40149215
0.40149862
0.40150774
0.4015195
0.40153384
0.40155044
0.40156886
0.40158826
0.40160766
0.40162602
0.40164208
0.40165493
0.40166426
0.4016701
0.4016731
0.4016743
0.40167513
0.40167677
0.40168005
0.40168557
0.40169367
0.4017043
0.40171754
0.40173328
0.40175137
0.40177155
0.4017932
0.40181538
0.40183705
0.40185726
0.401875
0.4018895
0.40190014
0.40190646
0.40190816
0.40190512
0.40189707
0.40188408
0.40186632
0.4018442
0.40181834
0.40178972
0.40175915
0.40172786
0.40169683
0.40166724
0.40163976
0.40161532
0.40159476
0.4015788
0.4015679
0.40156215
0.40156138
0.40156496
0.40157214
0.40158203
0.40159357
0.4016055
0.40161645
0.4016249
0.40162966
0.40163028
0.40162653
0.40161923
0.4016094
0.40159836
0.40158713
0.40157664
0.40156743
0.40155992
0.4015542
0.40155023
0.40154782
0.40154642
0.40154582
0.40154582
0.4015465
0.40154815
0.4015509
0.40155506
0.4015609
0.4015683
0.40157667
0.40158522
0.4015927
0.40159792
0.40159994
0.4015985
0.4015938
0.4015865
0.40157756
0.4015678
0.40155804
0.40154868
0.40153995
0.40153185
0.40152422
0.40151697
0.40151018
0.4015043
0.40149966
0.40149644
0.40149492
0.40149495
0.40149632
0.4014986
0.4015012
0.4015037
0.40150553
0.40150657
0.40150693
0.401507
0.40150708
0.40150753
0.40150887
0.4015114
0.4015153
0.40152076
0.4015281
0.40153748
0.40154904
0.4015627
0.40157813
0.4015951
0.4016135
0.40163335
0.40165493
0.40167832
0.40170348
0.40172988
0.40175655
0.40178236
0.40180627
0.40182722
0.4018444
0.4018574
0.40186578
0.4018695
0.40186846
0.40186265
0.40185225
0.40183747
0.40181854
0.40179595
0.40177044
0.40174294
0.40171453
0.40168634
0.40165946
0.40163475
0.40161267
0.40159354
0.40157717
0.40156317
0.4015512
0.40154088
0.40153235
0.40152553
0.40152073
0.40151793
0.40151712
0.40151852
0.40152225
0.40152863
0.40153787
0.40155017
0.4015658
0.40158468
0.40160632
0.4016299
0.40165398
0.4016771
0.4016977
0.4017146
0.40172705
0.40173465
0.40173745
0.40173566
0.40172994
0.40172094
0.4017095
0.4016965
0.40168267
0.40166885
0.40165523
0.40164214
0.40162945
0.40161705
0.40160456
0.40159205
0.4015794
0.40156677
0.40155432
0.40154243
0.40153116
0.4015207
0.40151116
0.40150255
0.4014949
0.40148848
0.40148342
0.4014802
0.40147892
0.40147993
0.40148324
0.401489
0.4014971
0.40150735
0.40151983
0.40153447
0.40155125
0.40157026
0.40159178
0.40161636
0.40164572
0.4016827
0.40173185
0.40179977
0.40189546
0.40203136
0.40222493
0.40249947
0.40288475
0.40342236
0.40416917
0.40520194
0.40662512
0.40857893
0.4112832
0.41496035
0.41991985
0.42663518
0.43574855
0.44787338
