0.44253835
0.43202418
0.42413762
0.41820115
0.41377163
0.4105042
0.40811327
0.40635768
0.40507588
0.40414748
0.40347597
0.40299326
0.40264884
0.4024058
0.40223655
0.4021209
0.40204355
0.4019932
0.40196112
0.40194082
0.40192744
0.4019174
0.40190813
0.40189773
0.40188482
0.40186834
0.40184793
0.4018234
0.40179506
0.40176368
0.4017304
0.4016966
0.40166384
0.40163383
0.40160772
0.4015865
0.40157026
0.40155908
0.4015525
0.40154988
0.4015505
0.4015537
0.40155885
0.40156513
0.4015719
0.4015781
0.40158305
0.4015862
0.40158725
0.40158632
0.40158415
0.4015816
0.40157956
0.40157872
0.40157968
0.40158266
0.40158805
0.401596
0.4016067
0.4016199
0.4016355
0.40165308
0.40167224
0.40169236
0.40171292
0.40173364
0.40175438
0.40177467
0.40179414
0.4018119
0.401827
0.40183857
0.40184557
0.40184754
0.40184397
0.40183508
0.40182114
0.40180254
0.40177995
0.4017542
0.40172645
0.40169787
0.40166995
0.4016442
0.401622
0.4016044
0.40159187
0.4015844
0.4015815
0.4015823
0.40158588
0.40159097
0.40159672
0.40160248
0.4016081
0.4016136
0.40161917
0.40162486
0.40163052
0.40163606
0.40164125
0.40164617
0.40165076
0.40165505
0.40165913
0.40166348
0.40166864
0.4016754
0.4016843
0.40169546
0.40170842
0.40172243
0.40173653
0.40174943
0.40176025
0.4017682
0.40177324
0.4017757
0.40177625
0.4017758
0.4017752
0.401775
0.4017755
0.40177664
0.4017778
0.40177852
0.40177822
0.40177652
0.40177304
0.40176734
0.40175894
0.4017473
0.40173227
0.4017141
0.40169328
0.401671
0.401648
0.40162534
0.40160343
0.40158284
0.40156394
0.4015472
0.4015331
0.4015221
0.40151432
0.40150997
0.40150887
0.40151083
0.40151548
0.40152246
0.4015312
0.4015415
0.40155286
0.40156487
0.40157676
0.4015879
0.4015974
0.40160507
0.401611
0.40161583
0.40162078
0.40162694
0.40163538
0.4016465
0.40166017
0.4016754
0.40169114
0.4017057
0.40171775
0.4017262
0.40173066
0.40173104
0.40172797
0.4017224
0.4017152
0.4017071
0.40169865
0.40169024
0.401682
0.40167397
0.40166602
0.40165806
0.40165007
0.40164214
0.40163422
0.40162626
0.40161818
0.40160987
0.40160134
0.4015924
0.40158308
0.40157345
0.4015636
0.4015537
0.4015439
0.40153456
0.40152618
0.4015192
0.4015142
0.40151185
0.4015128
0.4015175
0.4015261
0.40153834
0.40155354
0.4015706
0.4015881
0.40160456
0.4016184
0.4016285
0.40163422
0.40163556
0.40163317
0.40162817
0.40162215
0.40161678
0.40161338
0.40161282
0.40161535
0.40162072
0.40162832
0.40163693
0.40164554
0.4016528
0.4016575
0.4016588
0.40165624
0.40165004
0.40164092
0.40163
0.40161854
0.40160763
0.401598
0.40158996
0.40158343
0.40157795
0.40157288
0.4015678
0.40156257
0.40155745
0.40155336
0.40155104
0.4015514
0.40155533
0.40156373
0.40157717
0.40159607
0.4016203
0.40164936
0.4016821
0.4017168
0.4017517
0.40178496
0.40181512
0.40184098
0.4018616
0.40187657
0.4018854
0.40188798
0.4018843
0.4018742
0.40185818
0.40183675
0.4018107
0.4017814
0.40175053
0.40171978
0.40169087
0.4016654
0.4016442
0.401628
0.40161663
0.40160984
0.40160653
0.40160555
0.40160543
0.40160507
0.40160412
0.4016031
0.40160385
0.40160918
0.40162328
0.40165135
0.40170038
0.40177953
0.40190098
0.40208176
0.40234518
0.40272045
0.4032489
0.4039876
0.40501392
0.40643337
0.40838742
0.41109666
0.41478398
0.41975904
0.42649606
0.4356361
0.44779077
