0.44249958
0.4319703
0.424067
0.4181109
0.41365898
0.41036585
0.40794823
0.4061659
0.40485832
0.40390775
0.40321803
0.4027217
0.40236807
0.40211946
0.40194777
0.40183184
0.401756
0.40170845
0.4016803
0.40166467
0.40165663
0.40165263
0.40165058
0.40164933
0.4016486
0.4016486
0.40164968
0.40165222
0.40165636
0.4016622
0.40166995
0.40167966
0.40169147
0.40170527
0.40172058
0.4017368
0.40175343
0.4017698
0.4017854
0.4017995
0.40181127
0.4018201
0.40182543
0.4018268
0.40182418
0.40181762
0.4018075
0.4017944
0.40177915
0.40176263
0.40174565
0.40172902
0.40171334
0.40169924
0.40168712
0.40167683
0.40166834
0.40166128
0.40165552
0.40165097
0.40164724
0.4016442
0.40164104
0.40163717
0.40163207
0.4016253
0.40161714
0.4016079
0.4015984
0.40158963
0.4015827
0.40157828
0.4015769
0.40157878
0.4015835
0.4015906
0.4015991
0.40160784
0.40161544
0.4016206
0.40162224
0.40161964
0.40161273
0.40160185
0.40158805
0.40157288
0.40155786
0.4015444
0.4015338
0.40152717
0.4015252
0.40152824
0.4015363
0.4015489
0.4015655
0.40158513
0.40160674
0.40162936
0.4016519
0.4016739
0.4016952
0.40171582
0.40173563
0.4017542
0.4017707
0.40178427
0.40179414
0.40179986
0.40180132
0.4017985
0.40179205
0.4017825
0.4017704
0.40175587
0.4017389
0.40171948
0.40169764
0.4016738
0.40164858
0.40162292
0.40159783
0.40157408
0.40155253
0.40153357
0.4015175
0.4015043
0.40149385
0.40148616
0.40148145
0.40148008
0.40148252
0.40148923
0.40150046
0.40151635
0.40153664
0.40156072
0.4015876
0.401616
0.4016447
0.40167242
0.4016985
0.4017224
0.40174377
0.40176213
0.40177688
0.40178743
0.40179345
0.40179503
0.40179253
0.40178663
0.4017782
0.40176818
0.40175766
0.40174773
0.4017394
0.40173388
0.40173176
0.40173346
0.4017385
0.4017456
0.40175316
0.4017593
0.40176213
0.40176016
0.4017525
0.4017386
0.40171888
0.40169403
0.40166545
0.40163463
0.4016033
0.4015729
0.40154487
0.4015204
0.40150052
0.40148595
0.40147716
0.40147436
0.40147734
0.4014858
0.4014992
0.40151685
0.4015379
0.40156123
0.4015857
0.40160984
0.40163222
0.4016519
0.401668
0.4016803
0.40168908
0.40169477
0.4016982
0.40170026
0.40170163
0.40170258
0.40170288
0.40170208
0.40169957
0.40169513
0.40168855
0.40167996
0.40167007
0.40165955
0.40164945
0.40164044
0.40163308
0.40162787
0.40162498
0.4016243
0.40162566
0.4016284
0.40163195
0.40163592
0.40164018
0.40164503
0.40165085
0.40165782
0.40166613
0.4016757
0.40168643
0.40169784
0.40170944
0.4017205
0.40173045
0.40173867
0.40174514
0.4017498
0.40175298
0.40175495
0.4017559
0.4017558
0.40175417
0.40175056
0.40174466
0.40173644
0.40172586
0.4017135
0.4017
0.4016861
0.40167254
0.40166017
0.40164948
0.4016413
0.40163577
0.40163276
0.4016318
0.40163192
0.40163207
0.40163115
0.40162846
0.4016238
0.40161708
0.4016085
0.40159822
0.40158612
0.40157208
0.4015561
0.40153807
0.40151834
0.40149778
0.40147728
0.40145797
0.40144074
0.40142632
0.40141502
0.40140697
0.4014021
0.40140015
0.40140083
0.4014038
0.40140834
0.40141407
0.40142038
0.40142694
0.40143335
0.40143943
0.40144542
0.40145165
0.40145838
0.40146607
0.4014749
0.4014852
0.40149724
0.40151116
0.40152678
0.40154395
0.40156218
0.401581
0.4015998
0.4016178
0.40163404
0.40164745
0.40165678
0.401661
0.40165946
0.4016521
0.40163928
0.401622
0.40160164
0.40157962
0.40155736
0.40153584
0.40151596
0.40149802
0.40148243
0.40146923
0.40145856
0.4014505
0.4014452
0.40144268
0.40144286
0.40144542
0.40145
0.401456
0.4014628
0.40146977
0.4014764
0.40148258
0.40148836
0.401494
0.40149963
0.40150553
0.40151158
0.40151784
0.40152448
0.40153158
0.40153927
0.40154782
0.40155703
0.4015671
0.4015782
0.4015905
0.4016042
0.4016191
0.40163493
0.401651
0.40166643
0.40167993
0.40169019
0.401696
0.40169677
0.4016926
0.40168378
0.4016715
0.40165684
0.40164137
0.40162683
0.40161481
0.4016068
0.40160367
0.40160593
0.40161338
0.40162534
0.40164044
0.40165716
0.40167356
0.40168798
0.40169907
0.40170583
0.4017077
0.40170455
0.40169668
0.40168476
0.4016699
0.4016534
0.40163645
0.40162018
0.4016055
0.40159285
0.40158245
0.4015741
0.4015675
0.40156224
0.4015579
0.4015541
0.40155068
0.4015478
0.40154564
0.40154466
0.401545
0.401547
0.40155098
0.40155688
0.40156484
0.40157455
0.401586
0.40159893
0.40161303
0.4016276
0.40164173
0.4016543
0.401664
0.40166965
0.40167058
0.40166646
0.4016574
0.4016442
0.4016279
0.40160978
0.401591
0.4015726
0.40155548
0.40154028
0.4015275
0.4015175
0.40151057
0.40150663
0.4015055
0.40150663
0.4015094
0.4015127
0.40151572
0.40151742
0.40151706
0.4015146
0.4015104
0.40150535
0.4015007
0.4014975
0.4014968
0.40149915
0.40150502
0.40151447
0.40152732
0.4015429
0.40156022
0.40157786
0.4015943
0.40160805
0.4016181
0.40162393
0.40162545
0.40162313
0.4016178
0.4016104
0.40160167
0.40159217
0.40158206
0.40157142
0.4015603
0.4015491
0.40153867
0.4015302
0.4015248
0.40152362
0.40152723
0.40153605
0.40155002
0.40156862
0.40159085
0.40161526
0.40164
0.4016633
0.401683
0.40169775
0.4017063
0.40170825
0.40170372
0.40169352
0.40167898
0.40166172
0.4016434
0.4016255
0.4016092
0.40159535
0.4015843
0.40157622
0.4015708
0.40156758
0.40156633
0.40156686
0.4015694
0.40157428
0.40158194
0.40159234
0.40160528
0.40162003
0.40163562
0.4016506
0.40166393
0.4016749
0.40168336
0.4016895
0.40169412
0.40169805
0.40170205
0.40170658
0.40171188
0.4017175
0.40172264
0.40172595
0.4017262
0.40172225
0.4017135
0.40169963
0.40168107
0.4016588
0.4016343
0.40160894
0.4015846
0.40156263
0.4015442
0.40153012
0.40152055
0.4015156
0.4015149
0.40151802
0.40152422
0.4015328
0.40154287
0.4015534
0.40156406
0.40157467
0.4015854
0.40159646
0.40160817
0.40162054
0.40163317
0.4016453
0.40165582
0.4016639
0.4016689
0.40167058
0.40166938
0.40166613
0.4016621
0.40165883
0.40165776
0.40165997
0.40166616
0.40167645
0.40169072
0.40170833
0.40172824
0.40174907
0.40176892
0.40178618
0.40179947
0.40180793
0.40181127
0.40180963
0.40180346
0.4017935
0.4017805
0.40176535
0.40174916
0.40173286
0.40171784
0.40170512
0.40169564
0.40169007
0.4016885
0.4016907
0.40169615
0.40170383
0.40171248
0.40172067
0.40172735
0.4017319
0.4017341
0.40173438
0.40173334
0.40173155
0.40172943
0.40172717
0.40172443
0.40172094
0.40171626
0.40171024
0.40170297
0.40169477
0.40168622
0.40167773
0.40166956
0.4016617
0.40165374
0.4016453
0.40163606
0.401626
0.4016156
0.40160567
0.40159732
0.40159157
0.4015892
0.4015907
0.40159622
0.40160564
0.40161854
0.40163434
0.4016522
0.40167084
0.401689
0.4017052
0.4017183
0.40172723
0.40173173
0.4017319
0.40172824
0.4017215
0.40171272
0.40170306
0.4016933
0.40168405
0.4016757
0.40166873
0.40166366
0.40166107
0.40166137
0.4016644
0.40166965
0.40167612
0.40168232
0.40168688
0.40168867
0.40168697
0.40168187
0.40167388
0.4016638
0.40165257
0.40164098
0.4016298
0.40161967
0.40161115
0.40160456
0.4016002
0.40159833
0.40159887
0.4016017
0.40160617
0.40161136
0.40161625
0.40161952
0.4016203
0.4016179
0.40161225
0.40160385
0.40159345
0.4015821
0.40157077
0.40156034
0.40155163
0.401545
0.40154073
0.40153882
0.4015394
0.40154245
0.40154818
0.40155685
0.4015689
0.4015846
0.40160415
0.40162736
0.40165383
0.4016829
0.40171364
0.4017446
0.4017742
0.40180096
0.40182367
0.4018413
0.40185356
0.40186012
0.40186095
0.4018562
0.40184635
0.40183148
0.40181252
0.4017902
0.40176573
0.40174064
0.40171668
0.4016959
0.40167987
0.40166965
0.401666
0.4016687
0.40167713
0.40169024
0.40170625
0.40172324
0.40173906
0.40175188
0.40176034
0.4017635
0.40176108
0.40175354
0.401742
0.40172806
0.4017134
0.40169987
0.40168902
0.4016821
0.40167987
0.40168315
0.40169227
0.40170702
0.40172672
0.4017499
0.40177485
0.40179977
0.40182295
0.40184325
0.40185964
0.40187165
0.40187874
0.40188074
0.40187758
0.4018694
0.40185657
0.4018397
0.4018198
0.401798
0.40177563
0.4017541
0.40173435
0.4017171
0.4017025
0.40169072
0.40168172
0.40167537
0.40167165
0.40167066
0.40167263
0.40167776
0.40168625
0.40169805
0.40171272
0.40172964
0.4017476
0.40176547
0.40178195
0.40179607
0.40180716
0.40181452
0.40181774
0.4018168
0.4018116
0.40180254
0.4017903
0.40177563
0.40175965
0.40174344
0.40172789
0.4017135
0.40170035
0.4016881
0.40167627
0.40166417
0.4016513
0.40163702
0.4016214
0.40160424
0.40158594
0.40156734
0.40154925
0.40153262
0.40151787
0.40150553
0.40149564
0.40148827
0.4014832
0.4014803
0.40147948
0.40148085
0.40148443
0.40149066
0.40149987
0.40151244
0.40152845
0.40154788
0.40157023
0.40159476
0.40162048
0.40164587
0.4016693
0.4016891
0.401704
0.40171334
0.40171698
0.4017157
0.40171084
0.4017042
0.4016975
0.4016926
0.40169078
0.40169275
0.40169868
0.4017079
0.4017192
0.40173107
0.40174186
0.40175
0.40175423
0.40175372
0.40174806
0.4017373
0.40172195
0.4017031
0.40168175
0.40165955
0.40163803
0.40161848
0.40160194
0.40158927
0.40158084
0.40157676
0.40157688
0.40158063
0.40158707
0.4015952
0.40160376
0.40161166
0.4016184
0.40162396
0.40162846
0.40163276
0.40163746
0.40164325
0.4016507
0.4016599
0.40167055
0.4016822
0.4016938
0.40170434
0.40171298
0.4017188
0.40172103
0.4017196
0.4017147
0.40170684
0.40169725
0.40168697
0.4016773
0.40166906
0.40166274
0.40165818
0.40165472
0.40165156
0.40164804
0.4016439
0.40163907
0.40163377
0.40162814
0.40162227
0.40161577
0.40160817
0.4015988
0.4015872
0.401573
0.4015566
0.4015385
0.40151945
0.4015005
0.4014827
0.401467
0.4014539
0.40144384
0.40143666
0.40143213
0.40142986
0.40142944
0.40143046
0.40143278
0.40143636
0.40144154
0.40144867
0.40145805
0.40147007
0.40148485
0.4015022
0.40152168
0.40154234
0.40156293
0.40158212
0.40159824
0.40161
0.4016166
0.4016179
0.40161443
0.40160716
0.40159777
0.4015876
0.40157798
0.4015698
0.40156382
0.40156052
0.4015603
0.4015635
0.4015704
0.40158096
0.40159494
0.4016117
0.40163025
0.40164942
0.40166798
0.40168482
0.40169865
0.40170848
0.40171355
0.40171364
0.40170896
0.4017002
0.4016884
0.4016746
0.40166
0.40164563
0.40163255
0.40162173
0.40161356
0.40160823
0.40160564
0.4016055
0.40160733
0.40161055
0.40161464
0.401619
0.40162274
0.40162516
0.4016253
0.4016226
0.40161675
0.401608
0.4015969
0.40158427
0.40157086
0.40155762
0.401545
0.4015335
0.4015236
0.4015156
0.40151012
0.40150753
0.40150833
0.40151295
0.40152165
0.4015347
0.40155163
0.40157205
0.4015951
0.40161952
0.4016437
0.401666
0.40168482
0.40169924
0.4017086
0.40171272
0.40171176
0.40170643
0.40169755
0.4016863
0.4016739
0.40166137
0.40164936
0.40163866
0.40162957
0.40162244
0.40161723
0.40161407
0.40161297
0.4016139
0.40161702
0.40162215
0.4016289
0.4016365
0.40164393
0.40165
0.40165383
0.4016549
0.40165317
0.40164906
0.40164334
0.4016369
0.40163076
0.40162578
0.4016226
0.40162167
0.401623
0.40162662
0.40163195
0.4016384
0.4016447
0.40164998
0.40165335
0.40165433
0.4016531
0.40165007
0.40164608
0.4016415
0.4016367
0.40163174
0.40162635
0.40162018
0.40161312
0.40160555
0.40159792
0.4015912
0.4015862
0.40158358
0.40158364
0.40158647
0.40159163
0.40159822
0.40160507
0.401611
0.4016149
0.40161625
0.40161493
0.4016115
0.40160677
0.4016014
0.4015964
0.40159237
0.40159026
0.4015906
0.40159392
0.40160102
0.4016124
0.4016285
0.40164936
0.40167454
0.40170324
0.40173417
0.40176603
0.40179715
0.40182593
0.40185112
0.40187144
0.40188628
0.4018952
0.40189803
0.40189487
0.4018859
0.40187162
0.40185243
0.4018292
0.4018031
0.4017756
0.40174818
0.40172237
0.40169954
0.4016804
0.40166518
0.40165362
0.40164495
0.40163812
0.40163207
0.40162602
0.40161952
0.40161264
0.40160593
0.4016002
0.40159634
0.40159523
0.40159753
0.4016034
0.4016124
0.4016236
0.4016357
0.40164727
0.40165684
0.40166357
0.40166694
0.4016671
0.40166464
0.40166032
0.40165508
0.40164965
0.40164453
0.40164018
0.40163684
0.40163445
0.4016329
0.40163186
0.401631
0.4016299
0.40162832
0.40162635
0.40162444
0.40162337
0.40162387
0.40162647
0.4016313
0.4016379
0.4016454
0.40165246
0.4016578
0.40166047
0.40166
0.4016564
0.40165034
0.40164256
0.40163404
0.4016255
0.4016179
0.40161175
0.40160733
0.40160456
0.40160313
0.40160286
0.40160385
0.4016061
0.40160984
0.40161514
0.4016221
0.40163055
0.40164006
0.40164992
0.40165898
0.40166605
0.40167013
0.4016705
0.40166697
0.40165982
0.40164953
0.40163702
0.40162295
0.40160835
0.4015943
0.4015818
0.40157172
0.40156457
0.40156057
0.4015594
0.40156054
0.40156344
0.40156755
0.40157253
0.40157837
0.40158513
0.40159252
0.40160033
0.40160766
0.40161368
0.40161738
0.40161794
0.401615
0.4016085
0.40159902
0.40158746
0.40157494
0.40156275
0.40155205
0.40154412
0.40153968
0.40153924
0.4015427
0.40154982
0.40155995
0.40157247
0.4015862
0.40160003
0.40161252
0.4016221
0.40162766
0.4016285
0.40162465
0.40161636
0.40160456
0.40159035
0.40157494
0.4015593
0.40154412
0.4015299
0.401517
0.40150586
0.4014968
0.40149033
0.4014869
0.40148705
0.40149152
0.40150055
0.40151432
0.4015326
0.4015547
0.40157974
0.40160668
0.40163398
0.40166
0.401683
0.40170175
0.40171495
0.4017223
0.40172386
0.40172023
0.4017124
0.4017018
0.40168977
0.40167782
0.40166697
0.40165812
0.4016516
0.4016473
0.40164518
0.40164486
0.40164572
0.40164727
0.40164888
0.40164992
0.40164992
0.40164888
0.4016471
0.40164524
0.40164375
0.40164334
0.4016442
0.4016465
0.40165016
0.40165508
0.40166098
0.4016671
0.40167236
0.40167543
0.40167534
0.40167114
0.40166265
0.40164992
0.4016336
0.40161473
0.40159437
0.4015738
0.401554
0.40153587
0.40152025
0.4015075
0.40149784
0.4014915
0.4014882
0.40148783
0.40148988
0.4014941
0.4014999
0.40150717
0.40151587
0.40152627
0.4015385
0.4015523
0.40156734
0.401583
0.4015985
0.40161356
0.40162775
0.4016411
0.4016534
0.40166435
0.40167338
0.40168005
0.4016839
0.40168464
0.40168267
0.40167853
0.401673
0.40166676
0.40166047
0.4016545
0.4016488
0.40164328
0.40163803
0.40163344
0.4016302
0.40162906
0.40163082
0.40163565
0.40164366
0.40165445
0.40166712
0.4016811
0.40169567
0.40171
0.40172338
0.40173483
0.40174296
0.4017466
0.40174457
0.40173623
0.4017215
0.40170074
0.4016749
0.40164572
0.40161487
0.4015843
0.40155584
0.4015309
0.40151066
0.40149608
0.4014876
0.4014855
0.40148947
0.40149903
0.40151337
0.40153152
0.40155235
0.40157443
0.40159664
0.4016178
0.40163702
0.4016538
0.40166798
0.40167952
0.40168816
0.40169367
0.40169567
0.4016938
0.40168792
0.40167812
0.40166476
0.4016487
0.40163076
0.40161225
0.40159434
0.4015781
0.40156454
0.40155444
0.40154833
0.4015466
0.4015493
0.4015563
0.40156743
0.40158218
0.40159982
0.40161955
0.40164033
0.4016612
0.40168083
0.4016982
0.40171245
0.40172312
0.40173018
0.40173408
0.40173563
0.40173617
0.40173668
0.40173814
0.40174097
0.40174502
0.40174967
0.40175432
0.4017584
0.40176162
0.40176427
0.4017667
0.40176946
0.40177265
0.40177613
0.40177932
0.4017814
0.40178156
0.40177912
0.40177375
0.40176588
0.40175608
0.40174538
0.40173504
0.40172625
0.40172026
0.40171766
0.40171885
0.40172353
0.4017309
0.4017396
0.40174806
0.4017547
0.40175813
0.4017574
0.4017518
0.40174106
0.4017253
0.40170532
0.4016823
0.40165773
0.40163317
0.40161005
0.40158954
0.40157256
0.40155977
0.40155157
0.40154782
0.401548
0.4015512
0.40155628
0.40156192
0.40156704
0.40157065
0.40157193
0.4015705
0.4015665
0.40156046
0.40155336
0.40154624
0.40153995
0.40153506
0.4015319
0.40153036
0.40153018
0.40153086
0.4015319
0.40153244
0.4015319
0.4015298
0.40152583
0.40151998
0.40151244
0.40150383
0.40149468
0.4014858
0.4014777
0.4014711
0.40146667
0.40146506
0.4014671
0.4014737
0.40148553
0.40150297
0.40152618
0.4015546
0.40158758
0.40162364
0.4016611
0.40169805
0.40173244
0.40176246
0.40178692
0.40180486
0.4018159
0.40182012
0.40181804
0.4018105
0.40179855
0.4017834
0.40176642
0.4017488
0.40173173
0.4017159
0.40170163
0.4016887
0.40167654
0.40166426
0.40165108
0.40163675
0.40162164
0.40160662
0.40159312
0.40158257
0.40157604
0.4015743
0.40157753
0.40158546
0.40159723
0.4016117
0.4016273
0.40164217
0.40165448
0.40166262
0.40166563
0.40166327
0.4016559
0.40164444
0.4016302
0.40161476
0.40159944
0.40158606
0.40157613
0.40157124
0.40157288
0.4015828
0.40160286
0.40163583
0.40168548
0.40175727
0.4018591
0.40200225
0.4022032
0.4024838
0.40287322
0.40341267
0.40415898
0.40518942
0.40660924
0.40855944
0.41126046
0.41493547
0.41989452
0.42661095
0.43572772
0.44785756
