0.44260317
0.4321114
0.42424688
0.41833207
0.41392267
0.41067302
0.40829486
0.40654692
0.40526748
0.4043363
0.40365717
0.403162
0.40280056
0.4025353
0.40233898
0.40219146
0.40207827
0.40198895
0.40191603
0.4018546
0.40180147
0.40175495
0.4017141
0.40167898
0.40164956
0.40162587
0.40160796
0.40159547
0.40158793
0.40158492
0.40158597
0.40159082
0.40159926
0.4016111
0.40162608
0.40164378
0.40166333
0.40168396
0.4017042
0.40172237
0.40173706
0.40174714
0.4017518
0.4017509
0.40174472
0.40173423
0.40172064
0.40170512
0.40168887
0.40167284
0.40165767
0.40164366
0.4016313
0.40162078
0.4016126
0.40160728
0.40160504
0.40160614
0.40161046
0.40161777
0.40162748
0.40163887
0.40165135
0.40166408
0.40167654
0.4016886
0.40170035
0.40171194
0.40172353
0.40173483
0.40174508
0.40175352
0.40175888
0.40176022
0.4017569
0.40174875
0.40173614
0.4017198
0.4017014
0.40168247
0.40166494
0.40165043
0.40164012
0.4016347
0.40163413
0.40163803
0.4016453
0.4016545
0.40166384
0.4016716
0.40167627
0.4016773
0.40167448
0.40166852
0.40166062
0.40165237
0.40164566
0.40164208
0.40164268
0.40164793
0.4016575
0.40167022
0.40168464
0.40169892
0.40171137
0.4017209
0.40172687
0.4017293
0.40172845
0.40172532
0.40172127
0.40171757
0.40171537
0.40171528
0.40171772
0.40172222
0.401728
0.40173376
0.4017379
0.40173894
0.4017359
0.4017281
0.40171552
0.40169865
0.4016786
0.4016568
0.40163508
0.40161523
0.40159887
0.4015868
0.40157983
0.40157804
0.40158123
0.4015891
0.4016012
0.40161633
0.40163344
0.40165094
0.4016674
0.4016815
0.40169236
0.40169942
0.40170285
0.40170324
0.40170154
0.4016989
0.4016964
0.4016952
0.4016961
0.40169936
0.40170473
0.40171123
0.40171742
0.40172163
0.4017223
0.40171838
0.40170944
0.40169564
0.40167773
0.40165696
0.4016345
0.40161192
0.40159032
0.40157053
0.40155292
0.4015378
0.40152484
0.401514
0.40150484
0.4014971
0.40149045
0.4014847
0.4014797
0.40147555
0.40147212
0.40146944
0.4014676
0.4014668
0.40146726
0.40146917
0.40147257
0.4014772
0.40148294
0.40148947
0.40149632
0.40150318
0.4015097
0.40151566
0.40152133
0.4015269
0.40153286
0.40153977
0.40154788
0.40155745
0.40156814
0.40157932
0.40159017
0.40159935
0.4016057
0.4016082
0.4016064
0.40160036
0.4015907
0.40157837
0.40156454
0.40155008
0.4015362
0.4015236
0.40151295
0.40150493
0.40150017
0.40149912
0.40150213
0.40150928
0.40152064
0.40153566
0.4015538
0.40157402
0.40159512
0.4016158
0.40163454
0.40165007
0.4016612
0.4016673
0.40166828
0.40166458
0.40165707
0.4016468
0.4016349
0.4016226
0.40161088
0.40160075
0.4015927
0.40158698
0.40158367
0.40158224
0.4015821
0.40158245
0.40158248
0.40158162
0.40157944
0.40157574
0.4015706
0.4015642
0.40155688
0.4015492
0.40154156
0.40153447
0.40152842
0.40152374
0.40152043
0.40151846
0.40151757
0.40151763
0.4015185
0.40152013
0.40152225
0.40152493
0.40152782
0.40153083
0.4015338
0.401537
0.40154096
0.40154615
0.4015532
0.40156236
0.40157393
0.40158772
0.40160328
0.4016196
0.4016355
0.40164948
0.40166032
0.40166718
0.40166968
0.4016681
0.40166304
0.40165564
0.4016471
0.40163875
0.40163156
0.40162623
0.40162286
0.40162122
0.4016208
0.40162092
0.40162113
0.40162137
0.40162173
0.40162262
0.40162456
0.401628
0.40163282
0.40163898
0.40164572
0.40165216
0.40165725
0.40166003
0.40165973
0.401656
0.40164885
0.40163875
0.40162647
0.40161318
0.40159997
0.40158808
0.40157837
0.4015717
0.4015685
0.40156916
0.4015736
0.4015813
0.4015916
0.4016036
0.40161645
0.4016297
0.40164334
0.40165776
0.40167356
0.40169096
0.40171006
0.4017303
0.40175083
0.40177017
0.4017869
0.40179968
0.40180752
0.40180957
0.4018056
0.4017955
0.40177968
0.4017587
0.40173388
0.40170643
0.4016783
0.40165144
0.40162772
0.4016085
0.40159482
0.40158716
0.40158543
0.40158924
0.401598
0.40161088
0.4016268
0.40164435
0.40166238
0.40167987
0.40169612
0.40171096
0.40172422
0.40173647
0.40174788
0.40175864
0.40176818
0.4017755
0.40177974
0.4017798
0.4017751
0.40176532
0.4017508
0.40173212
0.40171006
0.401686
0.40166116
0.40163702
0.40161496
0.40159634
0.40158203
0.4015725
0.40156785
0.40156785
0.40157196
0.40157914
0.4015881
0.40159732
0.40160507
0.40161023
0.40161192
0.4016102
0.40160543
0.40159875
0.40159106
0.4015833
0.40157628
0.4015704
0.4015664
0.40156484
0.40156624
0.40157086
0.40157863
0.40158936
0.40160245
0.40161702
0.40163225
0.40164736
0.40166134
0.40167287
0.40168107
0.40168482
0.4016836
0.40167725
0.4016662
0.4016513
0.4016337
0.4016149
0.4015965
0.4015799
0.40156627
0.40155625
0.4015502
0.40154797
0.40154925
0.40155354
0.40156004
0.40156797
0.40157607
0.4015834
0.4015891
0.40159306
0.4015952
0.40159598
0.4015956
0.40159425
0.4015919
0.40158817
0.40158287
0.4015758
0.40156737
0.40155774
0.40154734
0.4015366
0.40152588
0.4015156
0.40150613
0.40149784
0.40149087
0.40148538
0.40148127
0.40147862
0.40147752
0.4014782
0.40148056
0.4014848
0.4014908
0.4014988
0.40150887
0.40152127
0.40153638
0.40155447
0.4015757
0.40159982
0.40162617
0.40165386
0.4016813
0.40170714
0.40173012
0.4017493
0.40176442
0.40177566
0.40178365
0.401789
0.40179262
0.40179446
0.40179452
0.40179208
0.4017867
0.40177807
0.40176618
0.40175128
0.40173382
0.40171435
0.4016933
0.401671
0.40164778
0.40162435
0.40160143
0.4015801
0.4015613
0.40154573
0.40153414
0.4015267
0.40152365
0.40152517
0.401531
0.4015408
0.4015537
0.40156853
0.401584
0.40159854
0.4016108
0.40161958
0.40162453
0.40162534
0.4016226
0.40161687
0.4016087
0.40159878
0.4015876
0.40157574
0.40156376
0.40155232
0.4015417
0.40153244
0.40152484
0.40151924
0.40151587
0.40151486
0.4015162
0.40151992
0.4015259
0.40153414
0.40154466
0.40155745
0.40157294
0.40159127
0.4016125
0.40163615
0.40166157
0.40168753
0.40171257
0.40173507
0.40175372
0.4017675
0.40177584
0.4017787
0.4017764
0.40176958
0.4017592
0.40174642
0.40173227
0.40171793
0.40170422
0.40169173
0.40168032
0.4016698
0.40165958
0.40164948
0.40163964
0.40163055
0.4016228
0.4016171
0.40161398
0.4016139
0.40161702
0.40162352
0.40163267
0.40164354
0.4016547
0.40166473
0.40167218
0.40167585
0.40167505
0.4016696
0.40165982
0.4016465
0.4016306
0.4016132
0.40159532
0.40157774
0.40156123
0.401546
0.40153253
0.40152082
0.40151083
0.40150237
0.4014954
0.4014895
0.40148446
0.40148002
0.40147656
0.4014743
0.40147367
0.40147486
0.40147796
0.40148282
0.40148923
0.40149674
0.40150493
0.40151337
0.40152162
0.4015297
0.40153807
0.40154713
0.40155762
0.40157017
0.401585
0.4016022
0.40162095
0.40164018
0.40165827
0.40167364
0.40168476
0.40169054
0.40169042
0.40168446
0.40167314
0.4016576
0.40163895
0.40161854
0.40159777
0.40157765
0.40155917
0.4015429
0.40152925
0.40151832
0.40151024
0.40150496
0.4015028
0.4015037
0.40150788
0.40151533
0.40152606
0.4015398
0.40155587
0.40157348
0.4015916
0.401609
0.4016246
0.4016378
0.40164825
0.40165606
0.40166146
0.40166453
0.40166515
0.40166318
0.40165827
0.40165
0.40163827
0.40162334
0.40160587
0.40158707
0.40156856
0.40155178
0.4015381
0.40152824
0.40152285
0.40152195
0.40152544
0.40153244
0.40154195
0.40155283
0.4015639
0.40157455
0.40158454
0.40159398
0.40160325
0.4016124
0.4016214
0.4016299
0.4016372
0.40164274
0.4016464
0.4016482
0.40164864
0.40164825
0.40164736
0.40164626
0.401645
0.4016435
0.40164173
0.40164003
0.40163857
0.4016378
0.4016376
0.4016378
0.4016378
0.40163746
0.40163687
0.40163642
0.40163696
0.40163916
0.4016435
0.40164998
0.4016582
0.40166694
0.40167508
0.4016815
0.40168542
0.40168655
0.4016849
0.40168115
0.40167612
0.40167072
0.40166563
0.40166134
0.4016579
0.4016551
0.40165228
0.40164888
0.4016444
0.40163857
0.40163156
0.40162364
0.40161532
0.40160698
0.40159896
0.40159145
0.4015848
0.40157914
0.40157485
0.40157205
0.40157074
0.40157086
0.40157205
0.40157402
0.40157637
0.4015788
0.4015812
0.40158337
0.4015856
0.40158805
0.40159103
0.40159476
0.40159932
0.40160456
0.40161005
0.40161535
0.40162
0.4016234
0.40162516
0.40162498
0.40162268
0.4016184
0.40161276
0.40160662
0.40160125
0.40159768
0.4015969
0.4015994
0.40160534
0.40161416
0.40162495
0.40163678
0.40164843
0.40165854
0.4016662
0.40167058
0.40167168
0.4016698
0.40166572
0.40166047
0.40165538
0.40165144
0.40164965
0.40165067
0.40165472
0.40166137
0.40166983
0.40167913
0.40168798
0.4016953
0.4017005
0.40170345
0.40170428
0.40170383
0.40170267
0.40170127
0.40169993
0.40169865
0.4016972
0.40169516
0.40169233
0.40168887
0.4016851
0.4016816
0.40167925
0.40167892
0.40168154
0.40168774
0.40169784
0.401712
0.40173018
0.40175194
0.40177643
0.40180233
0.4018281
0.40185213
0.40187302
0.4018895
0.40190083
0.4019064
0.40190613
0.40190023
0.40188897
0.40187302
0.40185335
0.4018308
0.40180644
0.4017814
0.4017569
0.4017345
0.40171537
0.40170088
0.40169173
0.40168816
0.4016897
0.40169516
0.401703
0.40171146
0.40171862
0.40172288
0.40172306
0.40171853
0.401709
0.40169474
0.40167668
0.4016559
0.4016338
0.40161186
0.40159127
0.40157297
0.4015574
0.40154466
0.40153447
0.40152654
0.40152046
0.4015159
0.4015126
0.40151015
0.4015084
0.40150705
0.4015062
0.40150604
0.40150696
0.40150917
0.40151262
0.40151697
0.4015218
0.4015262
0.40152967
0.4015315
0.40153104
0.4015281
0.40152255
0.40151453
0.40150464
0.40149385
0.40148315
0.40147358
0.4014659
0.4014607
0.40145838
0.40145916
0.40146318
0.40147057
0.4014813
0.40149528
0.40151206
0.40153092
0.40155098
0.40157127
0.40159082
0.40160865
0.40162438
0.4016378
0.40164918
0.40165928
0.4016692
0.40167984
0.40169212
0.40170667
0.40172365
0.40174294
0.40176398
0.40178588
0.4018076
0.40182814
0.40184635
0.40186146
0.40187275
0.4018801
0.40188295
0.40188143
0.40187567
0.4018663
0.40185407
0.4018399
0.401825
0.40181038
0.40179694
0.40178522
0.40177485
0.40176514
0.4017548
0.40174285
0.40172842
0.40171134
0.40169218
0.401672
0.40165254
0.40163565
0.4016228
0.4016152
0.40161353
0.40161806
0.4016284
0.40164343
0.40166155
0.4016807
0.40169874
0.40171376
0.40172434
0.40172964
0.40172943
0.40172407
0.40171412
0.40170065
0.40168476
0.40166768
0.4016503
0.40163362
0.40161833
0.40160534
0.40159547
0.4015895
0.40158778
0.40159026
0.40159622
0.4016048
0.40161476
0.4016247
0.4016338
0.4016415
0.4016475
0.40165153
0.40165344
0.40165284
0.40164965
0.40164402
0.4016366
0.4016281
0.40161952
0.40161186
0.40160593
0.40160233
0.40160134
0.40160277
0.40160632
0.40161172
0.40161824
0.40162516
0.4016314
0.40163624
0.40163937
0.4016406
0.40164047
0.40163955
0.4016385
0.40163812
0.40163884
0.40164113
0.401645
0.40165007
0.4016557
0.40166107
0.4016651
0.4016672
0.40166667
0.40166345
0.40165767
0.4016498
0.4016405
0.40163046
0.40162036
0.40161076
0.4016023
0.4015958
0.40159193
0.4015915
0.40159494
0.40160245
0.40161362
0.4016279
0.40164435
0.40166178
0.40167925
0.40169594
0.4017106
0.40172237
0.4017303
0.4017337
0.40173227
0.40172622
0.40171638
0.40170398
0.40169054
0.40167776
0.40166706
0.40165946
0.40165564
0.40165582
0.40166003
0.4016681
0.40167987
0.4016949
0.40171242
0.40173125
0.40174985
0.40176696
0.4017815
0.40179303
0.40180147
0.40180716
0.40181068
0.4018127
0.40181372
0.40181392
0.40181312
0.40181077
0.40180638
0.4017995
0.40179023
0.40177906
0.40176675
0.40175462
0.40174398
0.4017357
0.40173054
0.4017286
0.40172955
0.40173244
0.4017362
0.40173972
0.40174243
0.40174404
0.4017446
0.40174457
0.40174413
0.40174368
0.4017433
0.40174252
0.40174064
0.40173694
0.40173063
0.401721
0.40170795
0.40169173
0.4016733
0.4016537
0.4016343
0.40161625
0.40160027
0.40158677
0.40157574
0.40156677
0.40155917
0.40155235
0.40154585
0.40153953
0.40153357
0.40152818
0.40152356
0.40151972
0.4015168
0.40151516
0.4015146
0.401515
0.40151593
0.401517
0.40151748
0.4015168
0.4015146
0.40151045
0.40150434
0.40149605
0.40148565
0.40147328
0.40145934
0.40144432
0.40142873
0.40141326
0.4013987
0.4013856
0.40137458
0.40136614
0.40136054
0.4013581
0.40135905
0.40136316
0.4013704
0.4013804
0.40139312
0.40140867
0.401427
0.40144828
0.40147233
0.4014988
0.4015272
0.4015563
0.40158495
0.40161142
0.40163404
0.40165144
0.40166262
0.4016671
0.40166488
0.4016564
0.40164253
0.40162444
0.40160355
0.4015811
0.40155837
0.40153658
0.4015167
0.40149966
0.4014864
0.4014781
0.40147588
0.40148112
0.40149522
0.40152013
0.40155843
0.40161365
0.40169087
0.40179756
0.4019441
0.4021469
0.40242633
0.4028121
0.40334508
0.40408257
0.4051027
0.40651226
0.408454
0.41115025
0.41482574
0.4197905
0.4265183
0.43565163
0.4478013
