0.442565
0.43205935
0.42418042
0.41825068
0.41382632
0.41056198
0.40817115
0.40641248
0.40512407
0.4041863
0.4035026
0.40300468
0.40264228
0.40237832
0.40218562
0.40204433
0.40194017
0.40186313
0.401806
0.40176365
0.40173233
0.4017093
0.40169233
0.40168002
0.4016714
0.4016663
0.4016647
0.40166682
0.40167245
0.4016814
0.4016932
0.40170735
0.40172347
0.40174147
0.40176117
0.40178227
0.40180403
0.40182558
0.40184578
0.40186357
0.4018779
0.40188813
0.4018937
0.40189454
0.4018905
0.40188172
0.40186867
0.40185222
0.40183327
0.40181282
0.40179205
0.40177175
0.40175253
0.40173423
0.40171638
0.40169835
0.40167975
0.4016606
0.40164128
0.4016227
0.40160602
0.40159237
0.40158257
0.4015775
0.40157768
0.4015834
0.4015947
0.40161115
0.40163213
0.40165684
0.4016845
0.4017142
0.4017449
0.40177524
0.40180385
0.40182966
0.40185156
0.40186867
0.4018808
0.4018874
0.40188825
0.40188318
0.40187216
0.40185538
0.40183324
0.4018064
0.40177596
0.4017431
0.4017094
0.40167636
0.40164518
0.40161693
0.40159217
0.40157112
0.40155405
0.40154105
0.40153196
0.40152636
0.4015237
0.4015231
0.4015238
0.4015248
0.40152574
0.40152636
0.4015269
0.40152737
0.40152824
0.4015296
0.40153152
0.401534
0.40153676
0.40153927
0.4015407
0.40154055
0.40153867
0.40153518
0.4015307
0.40152606
0.40152195
0.40151876
0.4015169
0.40151638
0.40151688
0.40151814
0.4015196
0.40152106
0.40152252
0.40152416
0.40152612
0.40152866
0.4015319
0.40153605
0.401541
0.40154687
0.4015536
0.40156117
0.40156937
0.40157822
0.4015877
0.401598
0.40160936
0.40162143
0.4016339
0.40164617
0.40165767
0.40166828
0.4016778
0.40168652
0.40169442
0.40170136
0.4017068
0.4017099
0.40170977
0.40170568
0.40169728
0.4016844
0.40166768
0.40164763
0.40162545
0.40160245
0.40157968
0.40155828
0.40153924
0.40152362
0.40151238
0.4015063
0.40150586
0.40151146
0.40152314
0.40154043
0.40156242
0.40158767
0.4016145
0.40164077
0.40166432
0.40168312
0.40169582
0.40170154
0.40170014
0.40169212
0.4016784
0.40166047
0.40164015
0.40161917
0.40159926
0.40158173
0.40156773
0.40155795
0.40155268
0.40155196
0.40155542
0.40156215
0.40157104
0.40158066
0.40158984
0.40159768
0.40160397
0.4016091
0.4016137
0.40161857
0.40162396
0.4016299
0.40163565
0.40164042
0.4016429
0.40164232
0.40163788
0.40162978
0.40161842
0.401605
0.40159085
0.40157717
0.40156505
0.40155488
0.40154693
0.40154105
0.40153688
0.401534
0.40153208
0.4015312
0.4015311
0.4015316
0.40153244
0.40153304
0.40153304
0.4015319
0.40152952
0.4015261
0.40152216
0.40151834
0.40151528
0.4015136
0.40151367
0.4015158
0.40152016
0.40152678
0.40153566
0.40154642
0.40155846
0.401571
0.4015833
0.4015943
0.40160325
0.4016096
0.40161332
0.40161464
0.40161404
0.40161204
0.4016089
0.40160483
0.40159974
0.40159342
0.40158558
0.40157613
0.40156522
0.40155318
0.4015407
0.40152824
0.40151653
0.40150607
0.40149724
0.4014905
0.40148622
0.4014846
0.40148595
0.40149018
0.40149692
0.40150595
0.40151677
0.4015291
0.40154296
0.40155822
0.40157485
0.40159267
0.40161133
0.4016302
0.40164855
0.40166572
0.40168095
0.40169364
0.40170276
0.40170777
0.40170863
0.40170556
0.40169936
0.4016913
0.401683
0.4016764
0.4016728
0.4016738
0.40168
0.40169162
0.40170822
0.40172848
0.40175086
0.40177345
0.40179446
0.4018122
0.40182534
0.40183303
0.40183482
0.40183058
0.40182072
0.4018057
0.4017863
0.4017635
0.4017383
0.4017118
0.40168518
0.4016593
0.40163505
0.4016128
0.4015928
0.4015751
0.40155956
0.40154627
0.40153518
0.40152615
0.4015191
0.40151402
0.40151078
0.4015092
0.4015092
0.4015105
0.4015127
0.4015156
0.4015185
0.40152097
0.4015222
0.40152168
0.40151927
0.40151533
0.40151066
0.40150613
0.40150258
0.40150067
0.40150073
0.40150297
0.4015072
0.40151277
0.4015191
0.40152538
0.40153047
0.40153348
0.40153387
0.40153167
0.40152732
0.4015215
0.40151513
0.401509
0.4015041
0.40150127
0.4015012
0.4015045
0.40151152
0.4015221
0.40153578
0.40155175
0.40156886
0.40158558
0.4016003
0.40161148
0.4016179
0.40161878
0.40161443
0.4016055
0.40159366
0.40158036
0.40156737
0.4015559
0.4015471
0.40154147
0.40153927
0.4015403
0.40154406
0.40155002
0.4015579
0.40156746
0.40157887
0.40159246
0.40160903
0.40162975
0.40165657
0.4016925
0.4017421
0.40181136
0.4019087
0.4020456
0.40223825
0.40250936
0.40288806
0.40341595
0.40415072
0.40517023
0.40658078
0.40852416
0.41122127
0.41489556
0.41985637
0.42657694
0.43569985
0.44783697
