0.44269294
0.43222526
0.42437744
0.4184721
0.41406533
0.41081253
0.4084268
0.40666866
0.40537798
0.4044358
0.40374634
0.40324205
0.4028726
0.4026005
0.40239814
0.4022452
0.4021269
0.40203258
0.4019545
0.40188745
0.40182808
0.4017745
0.40172595
0.40168226
0.40164375
0.4016108
0.4015833
0.4015612
0.4015441
0.4015315
0.40152296
0.40151802
0.40151578
0.40151536
0.40151575
0.40151587
0.40151516
0.40151316
0.40151006
0.40150595
0.40150127
0.40149614
0.40149075
0.40148535
0.40148026
0.40147632
0.4014742
0.4014746
0.40147808
0.40148506
0.40149555
0.4015093
0.40152583
0.40154392
0.40156242
0.40157974
0.40159476
0.40160638
0.4016142
0.4016185
0.40161994
0.4016194
0.40161765
0.4016152
0.40161243
0.40160936
0.40160617
0.4016032
0.40160125
0.40160125
0.40160397
0.40161017
0.40162006
0.40163377
0.40165097
0.40167108
0.40169355
0.40171766
0.40174255
0.40176758
0.4017923
0.40181637
0.40183973
0.40186197
0.40188253
0.4019007
0.4019159
0.40192783
0.4019362
0.40194103
0.4019425
0.4019409
0.40193656
0.40192983
0.40192083
0.4019098
0.40189683
0.40188232
0.4018667
0.40185034
0.40183392
0.40181768
0.4018017
0.40178597
0.40177035
0.4017548
0.40173918
0.40172347
0.40170765
0.40169182
0.40167642
0.40166193
0.40164906
0.40163812
0.4016295
0.40162334
0.40162003
0.40161973
0.40162274
0.40162954
0.40164024
0.40165478
0.40167263
0.40169287
0.4017145
0.40173647
0.4017578
0.40177763
0.4017954
0.4018106
0.40182272
0.4018314
0.40183628
0.4018371
0.40183356
0.40182534
0.40181255
0.40179548
0.4017749
0.40175208
0.40172833
0.40170553
0.40168527
0.40166885
0.4016574
0.4016513
0.40165043
0.40165427
0.40166202
0.40167263
0.40168488
0.40169805
0.40171143
0.40172467
0.40173718
0.40174824
0.4017569
0.40176246
0.40176442
0.40176272
0.40175766
0.4017497
0.40173933
0.40172732
0.40171427
0.40170056
0.40168676
0.40167347
0.4016616
0.40165237
0.40164694
0.40164614
0.40165082
0.40166125
0.4016773
0.40169823
0.4017229
0.4017498
0.40177718
0.40180373
0.40182817
0.40184963
0.4018673
0.40188065
0.40188923
0.401893
0.40189177
0.40188554
0.4018745
0.40185887
0.40183926
0.40181655
0.4017919
0.40176657
0.40174168
0.40171802
0.40169588
0.40167502
0.40165487
0.40163496
0.40161508
0.4015955
0.40157676
0.40155974
0.40154517
0.40153372
0.40152568
0.40152133
0.40152055
0.40152302
0.40152833
0.40153593
0.4015454
0.4015561
0.40156737
0.40157863
0.401589
0.40159747
0.4016035
0.40160647
0.40160656
0.40160424
0.40160012
0.40159485
0.40158916
0.40158355
0.40157843
0.40157372
0.40156916
0.40156403
0.40155753
0.40154877
0.40153736
0.4015232
0.40150687
0.40148908
0.40147078
0.40145284
0.401436
0.40142077
0.40140748
0.40139642
0.40138772
0.40138167
0.4013782
0.4013774
0.4013793
0.40138382
0.40139106
0.40140098
0.40141365
0.40142915
0.4014474
0.4014682
0.4014915
0.40151653
0.40154248
0.40156808
0.40159187
0.40161237
0.40162864
0.4016401
0.40164676
0.40164912
0.40164787
0.4016435
0.40163645
0.40162694
0.40161535
0.40160218
0.40158787
0.401573
0.40155843
0.40154508
0.401534
0.40152594
0.40152135
0.40152022
0.40152243
0.40152758
0.40153536
0.40154564
0.4015581
0.40157247
0.40158793
0.40160397
0.4016196
0.40163377
0.40164554
0.40165445
0.4016604
0.40166417
0.40166664
0.4016689
0.401672
0.40167668
0.40168294
0.40169054
0.40169862
0.40170598
0.40171143
0.401714
0.40171286
0.40170765
0.40169862
0.40168658
0.40167275
0.4016585
0.4016453
0.4016342
0.40162578
0.40162027
0.40161732
0.4016162
0.40161607
0.4016162
0.40161595
0.40161493
0.401613
0.40161014
0.4016068
0.40160364
0.40160125
0.40160015
0.40160075
0.40160343
0.40160844
0.40161568
0.40162462
0.4016346
0.40164462
0.401654
0.40166217
0.401669
0.40167442
0.4016785
0.40168107
0.40168166
0.40167943
0.40167385
0.40166438
0.401651
0.40163434
0.40161526
0.40159503
0.40157512
0.40155688
0.4015415
0.4015297
0.40152228
0.40151927
0.40152058
0.40152577
0.4015342
0.4015453
0.40155846
0.40157333
0.40158963
0.40160707
0.40162492
0.40164223
0.40165776
0.40167007
0.40167814
0.40168133
0.4016797
0.4016736
0.4016641
0.40165263
0.40164083
0.40163028
0.40162218
0.40161717
0.40161562
0.40161705
0.40162048
0.40162456
0.4016279
0.40162933
0.40162832
0.4016249
0.40161967
0.40161386
0.40160885
0.40160576
0.40160534
0.4016077
0.4016124
0.40161875
0.40162575
0.40163282
0.40163976
0.40164635
0.40165278
0.40165907
0.40166485
0.4016696
0.40167245
0.4016728
0.40167052
0.40166563
0.4016588
0.40165076
0.4016423
0.4016343
0.4016273
0.401622
0.4016191
0.4016195
0.4016237
0.40163207
0.40164453
0.40166074
0.40167993
0.40170088
0.40172195
0.40174153
0.4017581
0.40177056
0.401778
0.40177998
0.40177628
0.40176708
0.40175274
0.40173405
0.40171206
0.40168798
0.40166348
0.40164018
0.40161946
0.40160233
0.4015893
0.4015804
0.40157512
0.40157253
0.40157148
0.4015708
0.40156907
0.40156528
0.40155888
0.40154994
0.4015391
0.40152705
0.4015146
0.40150258
0.40149203
0.40148383
0.40147913
0.40147862
0.40148297
0.40149245
0.40150723
0.40152723
0.40155208
0.40158135
0.401614
0.40164906
0.40168488
0.40171963
0.40175164
0.40177923
0.40180147
0.40181768
0.40182748
0.401831
0.40182832
0.40181977
0.40180606
0.401788
0.40176645
0.40174255
0.40171745
0.4016922
0.40166792
0.4016453
0.40162474
0.40160665
0.40159085
0.40157732
0.40156633
0.40155756
0.40155098
0.40154612
0.40154275
0.40154037
0.40153864
0.4015373
0.4015361
0.40153447
0.40153217
0.40152848
0.4015231
0.40151578
0.40150678
0.4014967
0.40148625
0.40147588
0.4014666
0.40145898
0.40145367
0.40145123
0.40145198
0.40145606
0.40146345
0.40147403
0.40148747
0.4015035
0.4015218
0.40154222
0.4015648
0.40158963
0.40161687
0.40164617
0.40167704
0.4017084
0.40173858
0.40176585
0.4017884
0.40180492
0.40181434
0.40181628
0.40181065
0.40179795
0.40177906
0.40175518
0.4017279
0.40169916
0.40167058
0.4016441
0.40162095
0.40160227
0.4015887
0.40158072
0.40157828
0.40158087
0.40158787
0.40159836
0.40161133
0.40162608
0.40164217
0.40165928
0.4016773
0.40169582
0.40171427
0.40173185
0.4017477
0.40176144
0.40177262
0.40178135
0.40178797
0.40179336
0.40179807
0.4018029
0.4018083
0.40181437
0.4018207
0.40182677
0.40183163
0.40183425
0.40183392
0.40182996
0.40182203
0.4018101
0.40179455
0.40177616
0.4017558
0.4017345
0.4017131
0.40169236
0.4016728
0.40165484
0.4016388
0.40162525
0.4016143
0.40160617
0.40160057
0.40159723
0.40159553
0.40159488
0.40159494
0.40159586
0.401598
0.4016018
0.40160748
0.40161514
0.40162447
0.40163478
0.4016453
0.40165496
0.401663
0.40166873
0.40167147
0.4016708
0.40166673
0.40165937
0.40164948
0.40163824
0.401627
0.40161687
0.40160877
0.40160286
0.40159908
0.40159672
0.401595
0.4015928
0.40158963
0.40158543
0.40158045
0.40157562
0.4015719
0.40157038
0.40157202
0.40157747
0.40158716
0.40160108
0.4016187
0.40163907
0.40166074
0.401682
0.40170097
0.40171617
0.40172613
0.40173003
0.4017274
0.4017182
0.4017029
0.40168226
0.4016575
0.40163028
0.40160218
0.40157476
0.40154943
0.40152705
0.40150824
0.40149355
0.4014831
0.40147683
0.40147465
0.40147632
0.4014816
0.40149036
0.40150264
0.40151837
0.40153757
0.40155977
0.4015846
0.40161115
0.40163854
0.4016656
0.40169117
0.40171394
0.40173274
0.40174675
0.40175557
0.40175918
0.40175802
0.40175277
0.40174446
0.4017341
0.40172273
0.401711
0.4016994
0.401688
0.40167683
0.40166575
0.40165484
0.40164447
0.40163508
0.40162718
0.40162098
0.40161675
0.4016143
0.4016132
0.40161267
0.40161192
0.40161037
0.4016076
0.40160382
0.40159914
0.40159371
0.4015876
0.40158054
0.40157264
0.4015641
0.4015554
0.40154713
0.4015403
0.4015355
0.40153345
0.4015341
0.4015373
0.4015425
0.4015491
0.40155625
0.4015629
0.40156808
0.40157083
0.40157035
0.4015666
0.4015596
0.40154988
0.40153813
0.40152493
0.4015109
0.4014966
0.40148255
0.40146923
0.401457
0.40144628
0.40143725
0.40143028
0.40142575
0.40142408
0.4014255
0.4014302
0.40143827
0.40144956
0.40146378
0.40148032
0.40149844
0.40151727
0.40153596
0.40155366
0.40156937
0.40158212
0.4015915
0.40159723
0.4015998
0.4016
0.40159896
0.4015976
0.40159678
0.4015971
0.4015988
0.40160194
0.4016063
0.4016116
0.40161753
0.40162376
0.40162984
0.40163556
0.40164098
0.40164658
0.4016532
0.40166152
0.4016722
0.40168557
0.40170148
0.40171924
0.4017379
0.4017558
0.40177146
0.4017834
0.40179053
0.40179205
0.40178755
0.40177715
0.40176126
0.4017407
0.40171647
0.40169
0.40166268
0.4016361
0.40161145
0.40158972
0.40157124
0.40155637
0.401545
0.40153685
0.40153158
0.40152818
0.40152565
0.4015227
0.4015181
0.40151125
0.4015021
0.40149134
0.40148023
0.40147027
0.40146294
0.4014594
0.4014604
0.40146625
0.40147695
0.40149218
0.40151125
0.40153304
0.40155634
0.40157968
0.40160164
0.40162113
0.4016373
0.40164965
0.40165773
0.40166107
0.40165973
0.40165386
0.4016442
0.40163192
0.40161833
0.40160468
0.4015918
0.4015804
0.4015704
0.4015617
0.40155354
0.40154532
0.40153646
0.40152672
0.4015162
0.40150553
0.40149546
0.40148667
0.4014797
0.40147486
0.4014724
0.40147233
0.4014744
0.4014784
0.40148398
0.40149072
0.40149835
0.40150645
0.40151513
0.40152422
0.4015342
0.4015455
0.40155873
0.4015746
0.40159357
0.4016155
0.40163988
0.40166563
0.40169123
0.4017151
0.40173557
0.4017516
0.4017623
0.40176728
0.4017664
0.4017599
0.4017484
0.40173292
0.40171486
0.40169564
0.4016768
0.40165946
0.40164438
0.40163207
0.4016227
0.40161628
0.4016124
0.40161076
0.401611
0.40161285
0.40161625
0.40162092
0.4016268
0.40163353
0.40164044
0.40164647
0.40165034
0.4016509
0.4016471
0.4016384
0.40162453
0.4016061
0.40158412
0.40155986
0.40153444
0.40150914
0.40148485
0.4014623
0.40144184
0.40142396
0.40140867
0.40139607
0.40138632
0.40137935
0.40137535
0.4013745
0.40137672
0.40138212
0.4013905
0.4014018
0.40141577
0.4014322
0.40145066
0.40147114
0.4014934
0.4015174
0.40154317
0.40157044
0.40159854
0.40162686
0.40165406
0.40167874
0.40169957
0.40171564
0.4017264
0.40173173
0.40173212
0.40172815
0.40172094
0.4017117
0.4017016
0.40169162
0.40168244
0.40167403
0.4016662
0.40165836
0.40164965
0.4016399
0.40162915
0.40161803
0.40160742
0.40159824
0.40159127
0.40158707
0.4015859
0.40158772
0.40159202
0.40159792
0.40160447
0.40161043
0.4016151
0.4016185
0.40162107
0.4016238
0.40162784
0.40163434
0.40164417
0.40165794
0.4016757
0.40169725
0.40172178
0.40174815
0.40177503
0.401801
0.4018249
0.4018457
0.40186274
0.4018756
0.40188402
0.4018879
0.40188736
0.40188217
0.40187252
0.40185818
0.4018397
0.40181726
0.40179163
0.4017638
0.40173483
0.40170616
0.40167907
0.40165505
0.40163532
0.40162072
0.40161183
0.40160877
0.40161127
0.40161884
0.4016307
0.4016459
0.40166324
0.4016818
0.40170097
0.4017204
0.40174022
0.40176034
0.4017809
0.40180168
0.4018222
0.4018419
0.40186042
0.40187734
0.40189222
0.40190473
0.40191448
0.40192094
0.4019237
0.40192223
0.40191627
0.40190554
0.4018901
0.40187007
0.40184605
0.40181887
0.40178978
0.4017602
0.40173158
0.40170556
0.40168312
0.40166515
0.4016518
0.4016429
0.40163806
0.40163672
0.40163854
0.40164325
0.40165067
0.401661
0.401674
0.40168917
0.40170547
0.4017217
0.40173626
0.4017479
0.40175557
0.40175855
0.4017567
0.40175042
0.40174046
0.401728
0.40171435
0.40170062
0.40168756
0.40167585
0.4016656
0.4016569
0.40164983
0.4016443
0.40164036
0.40163782
0.40163648
0.4016357
0.40163478
0.40163285
0.401629
0.40162283
0.4016145
0.40160456
0.4015943
0.4015851
0.4015781
0.40157416
0.40157357
0.40157607
0.40158093
0.40158704
0.40159324
0.4015984
0.40160158
0.40160245
0.40160093
0.40159726
0.40159205
0.40158582
0.40157923
0.40157315
0.40156826
0.40156513
0.40156406
0.40156496
0.40156752
0.40157127
0.40157557
0.40157944
0.40158185
0.4015818
0.4015787
0.4015725
0.40156373
0.40155324
0.40154216
0.4015311
0.40152085
0.40151167
0.40150368
0.40149692
0.40149122
0.40148625
0.40148154
0.40147683
0.4014716
0.40146604
0.40146026
0.40145504
0.40145144
0.4014504
0.40145323
0.40146118
0.40147597
0.4014997
0.40153533
0.401587
0.40166038
0.40176335
0.4019068
0.40210757
0.40238667
0.40277398
0.40331116
0.40405604
0.40508652
0.40650848
0.40846318
0.41117138
0.41485536
0.41982475
0.4265534
0.43568262
0.44782495
