0.44262058
0.43212792
0.42425525
0.41832444
0.4138918
0.41061223
0.4082012
0.40641928
0.4051065
0.40414533
0.40343982
0.40292233
0.4025427
0.40226403
0.4020591
0.4019081
0.40179697
0.40171543
0.40165648
0.40161505
0.40158746
0.40157104
0.40156364
0.40156382
0.40157023
0.40158126
0.4015957
0.40161216
0.40162903
0.401645
0.40165907
0.4016707
0.40167993
0.4016872
0.40169325
0.4016988
0.40170452
0.40171054
0.40171662
0.4017219
0.40172532
0.40172586
0.40172297
0.40171647
0.40170693
0.4016954
0.40168306
0.4016716
0.40166235
0.40165663
0.40165535
0.4016591
0.40166813
0.40168226
0.40170076
0.4017227
0.40174678
0.4017716
0.4017955
0.4018169
0.4018345
0.4018475
0.40185532
0.40185785
0.4018552
0.4018477
0.401836
0.40182114
0.4018042
0.4017865
0.40176958
0.40175453
0.40174207
0.40173256
0.40172592
0.40172145
0.40171817
0.401715
0.40171108
0.4017055
0.40169787
0.40168837
0.4016773
0.4016653
0.40165326
0.40164196
0.40163198
0.40162367
0.4016171
0.40161222
0.4016087
0.4016062
0.4016045
0.40160346
0.40160304
0.40160304
0.4016032
0.40160328
0.4016026
0.40160093
0.40159765
0.4015927
0.40158588
0.4015774
0.40156752
0.40155658
0.40154472
0.40153235
0.40151954
0.40150654
0.4014933
0.40148044
0.4014684
0.40145805
0.40144998
0.40144455
0.40144187
0.40144202
0.4014447
0.4014495
0.401456
0.40146372
0.40147233
0.40148178
0.40149233
0.40150446
0.4015186
0.40153503
0.4015538
0.40157458
0.40159723
0.40162125
0.40164608
0.40167063
0.40169388
0.40171462
0.40173185
0.40174472
0.40175277
0.40175584
0.40175378
0.40174672
0.40173504
0.40171924
0.40170035
0.4016792
0.40165696
0.40163445
0.40161228
0.40159085
0.40157026
0.40155062
0.4015321
0.40151468
0.40149838
0.401483
0.40146855
0.40145507
0.40144268
0.40143174
0.4014225
0.40141523
0.40141004
0.40140697
0.40140602
0.40140724
0.40141067
0.40141633
0.40142423
0.40143463
0.40144742
0.40146244
0.40147963
0.4014986
0.4015191
0.40154096
0.40156358
0.40158623
0.40160805
0.40162772
0.40164405
0.4016558
0.4016623
0.40166324
0.40165892
0.40164995
0.40163738
0.40162233
0.4016061
0.40159008
0.40157554
0.40156344
0.40155464
0.40154994
0.40154967
0.40155435
0.40156427
0.40157947
0.40159997
0.4016256
0.4016559
0.40168986
0.40172625
0.4017635
0.4018002
0.40183482
0.4018664
0.40189418
0.4019179
0.40193745
0.40195295
0.40196455
0.4019725
0.40197682
0.40197742
0.40197435
0.40196735
0.4019562
0.40194046
0.40191987
0.40189415
0.40186355
0.40182838
0.40178946
0.40174788
0.4017052
0.4016629
0.40162286
0.40158647
0.4015547
0.40152833
0.4015076
0.40149245
0.40148264
0.4014777
0.40147707
0.40148026
0.4014867
0.4014956
0.40150622
0.40151745
0.40152827
0.40153775
0.40154508
0.40155008
0.40155306
0.40155435
0.4015545
0.40155405
0.40155354
0.40155324
0.40155387
0.40155584
0.40155986
0.40156636
0.40157577
0.40158817
0.40160364
0.4016217
0.40164188
0.4016633
0.401685
0.40170568
0.40172407
0.40173897
0.40174964
0.40175584
0.4017579
0.4017566
0.40175316
0.401749
0.40174532
0.40174294
0.40174216
0.4017427
0.4017437
0.40174398
0.4017425
0.40173873
0.4017324
0.40172344
0.40171263
0.40170082
0.401689
0.401678
0.40166843
0.40166053
0.40165433
0.40164986
0.40164727
0.4016468
0.4016486
0.40165257
0.40165836
0.40166527
0.40167245
0.40167907
0.40168422
0.40168703
0.4016866
0.40168223
0.4016735
0.4016605
0.40164354
0.40162352
0.40160134
0.40157792
0.4015542
0.40153086
0.40150887
0.40148878
0.40147135
0.401457
0.40144628
0.40143946
0.40143657
0.40143743
0.40144166
0.40144858
0.4014576
0.40146813
0.40147942
0.40149102
0.4015029
0.40151528
0.4015285
0.40154287
0.40155813
0.40157402
0.4015899
0.4016048
0.4016179
0.40162826
0.4016352
0.4016382
0.40163738
0.40163344
0.4016274
0.40162036
0.40161353
0.40160772
0.4016034
0.4016008
0.4015999
0.4016006
0.4016025
0.40160558
0.4016096
0.40161446
0.40161976
0.40162507
0.4016297
0.40163308
0.40163502
0.40163526
0.4016341
0.40163183
0.401629
0.40162605
0.40162334
0.40162122
0.40161964
0.40161848
0.40161774
0.40161753
0.40161827
0.4016204
0.40162423
0.40162995
0.40163746
0.4016464
0.4016562
0.40166605
0.40167493
0.40168184
0.40168595
0.40168682
0.4016843
0.40167865
0.40167034
0.40165988
0.40164813
0.4016357
0.40162364
0.40161252
0.4016029
0.4015945
0.40158707
0.40157974
0.40157163
0.40156198
0.40155026
0.40153652
0.40152103
0.40150437
0.40148732
0.40147063
0.4014549
0.4014408
0.40142876
0.40141922
0.40141234
0.40140826
0.40140715
0.40140918
0.40141425
0.4014219
0.40143183
0.40144333
0.4014558
0.40146852
0.40148097
0.4014929
0.401504
0.40151402
0.40152276
0.4015298
0.40153506
0.40153873
0.40154117
0.40154272
0.40154395
0.40154505
0.40154633
0.40154794
0.40155008
0.40155295
0.40155688
0.4015625
0.4015706
0.40158245
0.40159997
0.4016255
0.4016621
0.4017141
0.40178722
0.4018895
0.4020318
0.40223005
0.40250614
0.40288925
0.4034209
0.40415877
0.4051808
0.40659314
0.40853748
0.41123495
0.4149091
0.41986918
0.4265885
0.43570963
0.44784433
