0.44267714
0.4322031
0.424348
0.41843387
0.41401654
0.41075096
0.40835086
0.40657678
0.40526855
0.4043084
0.40360075
0.40307856
0.4026921
0.40240502
0.40219054
0.4020296
0.4019085
0.40181714
0.40174812
0.40169576
0.40165564
0.4016247
0.40160102
0.40158308
0.40157008
0.4015612
0.40155622
0.40155447
0.40155536
0.40155795
0.40156126
0.40156454
0.40156728
0.40156966
0.40157205
0.4015752
0.4015798
0.4015861
0.40159422
0.40160373
0.4016138
0.4016232
0.40163052
0.40163493
0.40163583
0.40163326
0.40162778
0.4016201
0.40161127
0.40160215
0.40159345
0.4015855
0.40157828
0.40157166
0.4015651
0.40155828
0.401551
0.4015435
0.40153593
0.40152878
0.40152255
0.40151742
0.40151343
0.40151048
0.40150812
0.4015058
0.40150294
0.4014992
0.40149468
0.40148953
0.401484
0.40147883
0.40147436
0.40147117
0.4014696
0.40147004
0.40147293
0.40147856
0.401487
0.40149814
0.40151173
0.4015272
0.4015438
0.40156046
0.40157613
0.40158948
0.4015994
0.4016053
0.40160707
0.40160534
0.4016011
0.40159565
0.4015901
0.4015855
0.40158257
0.4015818
0.40158328
0.40158683
0.4015918
0.40159765
0.4016036
0.40160924
0.40161467
0.40162006
0.40162596
0.40163305
0.40164185
0.40165278
0.40166613
0.401682
0.40170008
0.40171978
0.40173993
0.40175924
0.4017765
0.4017909
0.40180188
0.40180966
0.40181446
0.40181696
0.40181825
0.40181917
0.40182084
0.40182397
0.4018288
0.40183482
0.4018412
0.40184695
0.40185097
0.40185222
0.40185022
0.40184453
0.40183517
0.40182212
0.40180558
0.40178603
0.4017641
0.40174085
0.40171725
0.40169463
0.40167415
0.40165678
0.40164322
0.4016337
0.40162832
0.40162706
0.40162948
0.4016353
0.40164402
0.40165532
0.40166843
0.40168235
0.40169564
0.40170667
0.4017139
0.40171635
0.4017137
0.40170625
0.40169498
0.40168124
0.40166652
0.40165272
0.40164113
0.40163305
0.40162927
0.40163
0.40163493
0.40164313
0.40165332
0.4016639
0.40167356
0.40168113
0.40168577
0.4016872
0.4016854
0.40168065
0.4016737
0.40166536
0.40165624
0.4016467
0.40163684
0.4016266
0.40161535
0.40160275
0.40158835
0.40157223
0.40155485
0.40153706
0.4015201
0.40150526
0.40149376
0.40148655
0.4014842
0.4014867
0.40149376
0.40150452
0.4015179
0.40153283
0.40154815
0.40156287
0.40157658
0.40158904
0.4016002
0.4016101
0.40161842
0.401625
0.4016295
0.40163162
0.40163127
0.40162864
0.4016241
0.4016179
0.40161023
0.4016008
0.4015894
0.40157545
0.4015591
0.4015409
0.40152168
0.40150294
0.40148598
0.40147188
0.40146136
0.40145463
0.40145192
0.40145293
0.40145746
0.40146506
0.4014755
0.40148866
0.4015046
0.4015232
0.4015444
0.40156755
0.4015922
0.40161714
0.4016415
0.4016638
0.40168273
0.4016972
0.4017063
0.4017098
0.40170768
0.40170053
0.4016892
0.40167513
0.40165982
0.40164497
0.40163204
0.40162235
0.40161672
0.4016155
0.40161884
0.40162605
0.40163633
0.40164828
0.4016606
0.40167168
0.40168056
0.40168652
0.40168944
0.40168965
0.40168795
0.40168542
0.4016834
0.40168285
0.40168437
0.4016884
0.40169463
0.40170276
0.40171233
0.40172297
0.40173417
0.40174538
0.40175587
0.40176457
0.40177074
0.40177363
0.40177298
0.40176848
0.40176034
0.4017488
0.40173453
0.40171838
0.40170133
0.40168434
0.4016684
0.4016543
0.40164277
0.40163428
0.40162876
0.40162605
0.40162566
0.40162712
0.40163037
0.40163556
0.401643
0.40165293
0.40166527
0.40167958
0.401695
0.40171054
0.40172505
0.40173748
0.40174714
0.4017532
0.40175575
0.40175498
0.40175155
0.40174645
0.40174082
0.40173554
0.40173134
0.4017287
0.4017275
0.40172714
0.40172672
0.40172496
0.4017207
0.40171316
0.4017018
0.40168682
0.40166867
0.40164855
0.4016279
0.401608
0.40158987
0.40157443
0.40156248
0.40155455
0.40155116
0.40155256
0.40155882
0.40156963
0.40158436
0.401602
0.40162113
0.4016399
0.40165678
0.40167022
0.4016796
0.40168446
0.40168524
0.4016829
0.40167883
0.40167448
0.4016716
0.4016714
0.40167502
0.40168267
0.40169412
0.4017083
0.40172392
0.40173936
0.4017529
0.4017635
0.40177032
0.40177307
0.40177208
0.40176797
0.40176153
0.4017539
0.40174565
0.4017374
0.40172943
0.4017221
0.40171584
0.401711
0.40170774
0.4017056
0.4017039
0.40170145
0.40169698
0.40168986
0.4016797
0.40166673
0.40165153
0.401635
0.4016179
0.40160105
0.4015851
0.4015706
0.40155822
0.40154848
0.40154165
0.40153772
0.40153652
0.40153742
0.40153986
0.40154323
0.40154696
0.40155053
0.40155357
0.40155557
0.4015561
0.40155515
0.4015531
0.40155053
0.40154797
0.4015457
0.40154406
0.40154308
0.4015432
0.40154442
0.40154707
0.40155113
0.4015566
0.40156353
0.40157175
0.40158087
0.40159047
0.4016002
0.40161014
0.40162003
0.4016299
0.40163925
0.40164778
0.40165538
0.4016621
0.4016681
0.40167364
0.401679
0.40168455
0.40169036
0.40169612
0.4017012
0.40170446
0.4017048
0.40170127
0.4016934
0.4016811
0.40166482
0.40164554
0.40162402
0.40160137
0.40157837
0.40155548
0.4015331
0.40151122
0.40148988
0.4014695
0.40145046
0.40143344
0.40141892
0.4014076
0.40139967
0.40139526
0.4013943
0.4013968
0.40140244
0.4014111
0.40142247
0.40143663
0.40145344
0.4014729
0.40149498
0.40151954
0.40154627
0.4015746
0.40160388
0.40163288
0.40166032
0.4016849
0.40170527
0.4017204
0.4017297
0.40173292
0.40173042
0.40172273
0.40171114
0.401697
0.4016818
0.40166676
0.40165237
0.4016388
0.40162578
0.40161312
0.40160075
0.40158907
0.4015786
0.4015698
0.40156314
0.40155882
0.401557
0.4015578
0.40156114
0.40156707
0.40157536
0.4015856
0.40159738
0.40160984
0.401622
0.40163276
0.40164122
0.40164652
0.4016486
0.40164766
0.4016444
0.4016399
0.40163538
0.401632
0.4016303
0.40163058
0.40163264
0.40163606
0.40164042
0.4016453
0.40165073
0.4016568
0.4016639
0.40167204
0.40168083
0.4016896
0.40169722
0.4017024
0.40170398
0.40170106
0.4016934
0.40168107
0.40166497
0.40164626
0.40162638
0.4016068
0.40158877
0.4015732
0.40156063
0.4015514
0.40154546
0.4015428
0.40154287
0.401545
0.4015482
0.40155146
0.40155387
0.40155452
0.40155295
0.40154928
0.40154415
0.4015383
0.40153268
0.40152776
0.4015241
0.40152204
0.4015219
0.4015239
0.4015285
0.4015361
0.40154675
0.40156016
0.40157568
0.40159214
0.40160805
0.4016218
0.40163162
0.4016364
0.40163526
0.40162832
0.40161622
0.40160018
0.4015817
0.40156245
0.40154403
0.4015281
0.40151596
0.40150902
0.40150815
0.40151381
0.401526
0.40154415
0.401567
0.40159297
0.40162018
0.40164635
0.40166935
0.40168762
0.40170005
0.40170643
0.4017071
0.4017031
0.40169573
0.40168643
0.4016764
0.40166673
0.4016581
0.40165105
0.4016459
0.4016426
0.4016408
0.4016401
0.4016398
0.40163967
0.4016398
0.4016405
0.40164247
0.40164623
0.4016522
0.40166032
0.40167022
0.4016811
0.40169156
0.40170035
0.40170628
0.40170863
0.40170732
0.40170264
0.40169555
0.4016873
0.40167925
0.40167242
0.40166768
0.40166503
0.40166438
0.40166482
0.4016655
0.40166527
0.40166345
0.40166005
0.40165564
0.4016511
0.4016476
0.4016459
0.4016467
0.40164986
0.4016548
0.40166038
0.4016651
0.4016675
0.40166673
0.40166217
0.401654
0.40164295
0.40163
0.4016165
0.40160388
0.40159312
0.40158516
0.40158015
0.40157813
0.40157866
0.4015811
0.40158454
0.40158802
0.40159094
0.40159306
0.40159464
0.40159613
0.40159795
0.40160036
0.40160313
0.4016059
0.40160787
0.4016083
0.40160647
0.40160212
0.40159535
0.40158683
0.40157723
0.40156743
0.40155804
0.4015495
0.4015421
0.40153578
0.4015307
0.40152693
0.40152457
0.40152377
0.40152466
0.40152735
0.40153217
0.40153942
0.40154928
0.4015618
0.401577
0.4015945
0.40161353
0.40163317
0.40165225
0.40166974
0.4016847
0.4016962
0.40170315
0.40170503
0.40170172
0.40169376
0.4016822
0.40166843
0.40165427
0.4016414
0.4016312
0.40162447
0.40162152
0.4016219
0.4016247
0.40162882
0.40163302
0.40163642
0.4016385
0.40163958
0.4016401
0.40164077
0.4016423
0.40164533
0.40165022
0.40165707
0.40166578
0.40167567
0.40168574
0.4016947
0.40170103
0.40170375
0.40170237
0.40169686
0.40168777
0.4016763
0.4016638
0.4016517
0.40164137
0.40163413
0.40163088
0.4016321
0.40163806
0.4016484
0.40166244
0.40167928
0.4016977
0.4017165
0.40173438
0.4017501
0.4017623
0.40177006
0.40177265
0.40176973
0.40176138
0.40174812
0.40173075
0.40171045
0.40168875
0.4016672
0.4016475
0.40163115
0.40161902
0.40161166
0.4016093
0.40161163
0.40161812
0.40162814
0.40164065
0.40165502
0.40167052
0.40168646
0.40170178
0.4017154
0.40172595
0.40173227
0.4017333
0.40172854
0.40171802
0.40170214
0.40168187
0.40165836
0.40163302
0.40160722
0.40158197
0.40155813
0.4015362
0.4015167
0.40150002
0.40148658
0.401477
0.40147164
0.4014707
0.4014743
0.40148237
0.4014946
0.4015104
0.4015292
0.4015501
0.40157235
0.40159503
0.4016172
0.40163794
0.40165612
0.401671
0.40168193
0.4016889
0.40169233
0.40169287
0.4016912
0.40168798
0.40168357
0.40167788
0.40167105
0.40166327
0.40165493
0.40164658
0.40163898
0.40163243
0.4016272
0.40162328
0.40162045
0.4016186
0.40161797
0.4016186
0.40162054
0.40162396
0.4016286
0.40163437
0.4016412
0.40164906
0.40165827
0.40166876
0.4016802
0.4016918
0.4017024
0.40171102
0.40171665
0.40171888
0.40171772
0.4017134
0.40170658
0.4016982
0.40168914
0.4016802
0.40167204
0.40166482
0.40165886
0.401654
0.40165034
0.4016479
0.40164673
0.4016467
0.4016477
0.4016497
0.40165278
0.401657
0.40166244
0.401669
0.40167624
0.40168363
0.4016906
0.40169662
0.40170118
0.40170437
0.40170598
0.40170598
0.40170428
0.40170085
0.4016961
0.40169036
0.40168452
0.40167946
0.401676
0.40167484
0.4016762
0.40167975
0.4016847
0.40168986
0.40169364
0.40169457
0.40169156
0.40168405
0.401672
0.40165606
0.40163732
0.40161723
0.40159747
0.4015796
0.4015648
0.40155387
0.4015473
0.40154505
0.40154654
0.4015509
0.40155703
0.40156394
0.4015709
0.40157762
0.4015838
0.40158963
0.40159532
0.40160114
0.40160772
0.40161556
0.40162522
0.40163735
0.4016527
0.40167204
0.40169588
0.40172476
0.401759
0.40179864
0.40184414
0.4018964
0.40195712
0.4020294
0.40211815
0.40223083
0.4023782
0.40257594
0.40284777
0.40322334
0.40374434
0.40446854
0.40547416
0.40686727
0.40878984
0.41146183
0.41510928
0.420041
0.42672855
0.43581876
0.44792295
