0.4425603
0.43205023
0.4241641
0.41822407
0.4137875
0.41050994
0.40810725
0.40633905
0.4050444
0.4041042
0.40342173
0.40292886
0.4025748
0.4023223
0.40214336
0.40201735
0.4019286
0.4018657
0.40182033
0.40178707
0.4017624
0.4017442
0.40173146
0.4017235
0.4017197
0.40171918
0.40172085
0.4017233
0.40172553
0.40172657
0.40172613
0.40172398
0.4017204
0.401716
0.40171126
0.4017069
0.4017031
0.4016996
0.40169603
0.40169173
0.40168625
0.40167943
0.40167114
0.40166155
0.40165058
0.40163827
0.40162495
0.40161097
0.40159705
0.4015838
0.4015716
0.40156052
0.40155038
0.40154073
0.4015313
0.40152207
0.401513
0.40150446
0.40149668
0.40149
0.4014846
0.40148067
0.4014783
0.40147784
0.40147963
0.40148383
0.40149084
0.40150073
0.40151376
0.4015296
0.40154797
0.40156803
0.40158886
0.40160912
0.40162754
0.40164274
0.40165392
0.40166074
0.40166375
0.40166363
0.40166187
0.4016596
0.40165836
0.40165907
0.4016627
0.4016699
0.40168062
0.40169442
0.40171018
0.4017263
0.40174088
0.40175235
0.40175915
0.40176046
0.40175566
0.40174496
0.40172902
0.4017087
0.40168542
0.40166026
0.4016343
0.4016088
0.40158513
0.4015645
0.40154785
0.40153587
0.401529
0.40152764
0.40153158
0.40154055
0.4015541
0.40157145
0.40159172
0.40161398
0.4016371
0.40166005
0.40168175
0.40170163
0.4017193
0.4017345
0.40174717
0.4017574
0.40176502
0.4017697
0.40177095
0.40176836
0.4017617
0.40175113
0.40173694
0.4017195
0.40169942
0.40167764
0.40165523
0.40163377
0.4016145
0.4015985
0.40158665
0.40157917
0.40157625
0.4015776
0.4015828
0.4015911
0.4016017
0.40161362
0.40162578
0.40163705
0.40164632
0.40165272
0.40165552
0.40165442
0.40164906
0.40163958
0.40162653
0.4016108
0.40159371
0.40157694
0.4015617
0.40154904
0.40153953
0.4015333
0.40153012
0.40152937
0.40153056
0.40153292
0.40153605
0.40153968
0.4015437
0.401548
0.4015522
0.40155575
0.40155804
0.40155834
0.40155634
0.40155223
0.40154645
0.40153986
0.40153334
0.4015274
0.40152255
0.40151867
0.40151584
0.40151414
0.401514
0.4015161
0.40152118
0.40152973
0.40154183
0.4015573
0.40157565
0.40159577
0.40161648
0.40163633
0.40165368
0.40166736
0.40167645
0.4016803
0.40167895
0.40167272
0.40166265
0.40164992
0.40163618
0.4016229
0.4016114
0.40160277
0.4015978
0.4015968
0.40159988
0.40160662
0.40161636
0.401628
0.40164018
0.4016517
0.40166166
0.40166953
0.40167516
0.40167874
0.40168026
0.4016798
0.40167767
0.40167424
0.40166995
0.40166527
0.40166038
0.4016557
0.40165162
0.40164855
0.40164703
0.40164715
0.40164888
0.40165195
0.4016557
0.40165928
0.40166196
0.4016629
0.40166178
0.40165842
0.40165296
0.40164587
0.4016376
0.40162894
0.40162027
0.40161175
0.40160328
0.4015945
0.40158513
0.40157488
0.4015641
0.40155354
0.40154415
0.40153727
0.40153372
0.4015342
0.401539
0.4015477
0.40155956
0.4015732
0.40158707
0.40159935
0.40160823
0.4016124
0.40161118
0.4016044
0.40159252
0.40157676
0.40155825
0.40153846
0.4015185
0.40149903
0.40148067
0.4014637
0.40144846
0.4014358
0.4014263
0.40142056
0.4014191
0.40142208
0.40142956
0.4014411
0.401456
0.40147343
0.40149245
0.4015123
0.40153196
0.40155104
0.40156907
0.4015855
0.4015994
0.40160993
0.40161586
0.40161645
0.40161148
0.40160125
0.40158668
0.40156934
0.40155068
0.40153235
0.4015157
0.40150172
0.40149134
0.40148503
0.40148324
0.40148595
0.40149263
0.40150282
0.40151542
0.40152925
0.40154287
0.4015548
0.40156373
0.4015688
0.40156966
0.40156683
0.4015613
0.40155447
0.40154797
0.40154335
0.40154183
0.40154436
0.4015512
0.4015622
0.40157667
0.40159348
0.40161118
0.40162855
0.40164435
0.4016579
0.4016686
0.40167615
0.4016803
0.40168083
0.4016775
0.4016702
0.4016593
0.40164554
0.40162975
0.4016132
0.40159723
0.401583
0.40157127
0.4015627
0.40155718
0.4015546
0.40155447
0.40155596
0.4015585
0.40156174
0.40156573
0.4015708
0.4015776
0.40158683
0.4015987
0.40161356
0.40163103
0.40165067
0.40167183
0.40169325
0.4017137
0.40173185
0.4017465
0.4017569
0.40176243
0.40176293
0.40175873
0.40175053
0.4017394
0.4017265
0.40171298
0.40169975
0.4016872
0.40167558
0.40166467
0.40165415
0.40164387
0.4016338
0.40162402
0.4016145
0.401605
0.4015952
0.40158483
0.40157333
0.40156046
0.40154618
0.40153104
0.40151566
0.40150094
0.40148747
0.401476
0.40146688
0.4014605
0.40145692
0.40145615
0.40145802
0.40146244
0.40146947
0.40147907
0.40149108
0.40150553
0.4015221
0.40154052
0.40156043
0.40158144
0.4016032
0.40162557
0.40164804
0.40166995
0.40169054
0.40170845
0.4017227
0.4017321
0.40173602
0.40173432
0.40172747
0.4017161
0.40170136
0.4016842
0.4016654
0.40164545
0.4016249
0.4016038
0.4015824
0.4015612
0.40154114
0.40152302
0.40150765
0.40149578
0.40148783
0.40148395
0.401484
0.40148786
0.40149504
0.40150538
0.40151817
0.40153277
0.40154842
0.401564
0.40157828
0.40159014
0.4015984
0.4016022
0.40160134
0.40159607
0.40158707
0.40157542
0.40156215
0.4015482
0.40153438
0.4015211
0.4015086
0.40149698
0.40148646
0.40147734
0.40146983
0.40146437
0.4014614
0.40146127
0.40146428
0.40147048
0.40147993
0.40149224
0.40150723
0.40152454
0.401544
0.40156546
0.40158886
0.4016143
0.40164194
0.4016715
0.4017024
0.40173382
0.40176454
0.40179357
0.4018199
0.40184268
0.40186122
0.40187493
0.40188313
0.40188542
0.4018814
0.40187088
0.40185425
0.401832
0.40180522
0.40177497
0.40174282
0.40171024
0.40167868
0.40164918
0.40162227
0.40159795
0.401576
0.4015562
0.40153834
0.40152237
0.40150836
0.4014966
0.40148732
0.40148082
0.40147725
0.40147677
0.40147918
0.4014847
0.40149334
0.40150538
0.40152124
0.4015411
0.40156516
0.40159342
0.40162525
0.40166023
0.4016973
0.40173542
0.40177336
0.40180996
0.40184423
0.40187535
0.40190256
0.40192547
0.40194383
0.40195742
0.4019661
0.40196994
0.40196887
0.40196303
0.4019526
0.40193757
0.40191796
0.40189394
0.40186584
0.40183416
0.40179932
0.40176222
0.40172356
0.4016845
0.4016462
0.40161002
0.40157703
0.40154797
0.4015232
0.40150273
0.4014864
0.40147403
0.40146548
0.4014608
0.40145975
0.40146205
0.4014673
0.40147507
0.4014847
0.40149602
0.40150878
0.40152302
0.401539
0.40155682
0.40157658
0.4015982
0.40162113
0.4016447
0.40166792
0.4016895
0.40170842
0.40172365
0.40173453
0.40174082
0.40174267
0.4017407
0.40173572
0.40172866
0.40172005
0.40171042
0.40169993
0.40168872
0.401677
0.40166497
0.40165308
0.40164188
0.40163207
0.40162423
0.401619
0.40161678
0.40161765
0.40162167
0.40162864
0.40163812
0.4016494
0.40166137
0.4016726
0.40168163
0.4016872
0.4016884
0.40168482
0.4016768
0.40166512
0.40165102
0.40163583
0.40162084
0.40160707
0.4015951
0.40158546
0.40157837
0.40157413
0.40157315
0.4015757
0.4015817
0.40159082
0.40160227
0.40161496
0.40162754
0.40163845
0.40164667
0.40165162
0.40165344
0.4016528
0.40165094
0.40164906
0.4016482
0.40164897
0.40165135
0.40165508
0.4016592
0.40166262
0.4016644
0.4016639
0.4016611
0.4016562
0.40165028
0.40164435
0.4016395
0.40163624
0.40163496
0.40163526
0.40163642
0.40163732
0.40163693
0.40163442
0.4016295
0.40162224
0.40161315
0.4016031
0.4015928
0.401583
0.4015738
0.4015654
0.4015577
0.40155074
0.4015448
0.40154028
0.40153757
0.401537
0.40153882
0.40154317
0.40155002
0.40155917
0.4015702
0.40158224
0.40159413
0.40160477
0.4016132
0.40161893
0.40162197
0.40162274
0.4016221
0.4016206
0.4016185
0.40161583
0.40161234
0.40160784
0.40160248
0.40159678
0.40159166
0.40158796
0.4015862
0.4015868
0.40158954
0.40159374
0.40159863
0.4016034
0.4016077
0.40161133
0.4016145
0.40161738
0.40162045
0.4016242
0.40162867
0.40163416
0.4016405
0.40164766
0.40165547
0.40166393
0.40167305
0.4016824
0.40169153
0.40169913
0.401704
0.40170512
0.4017015
0.4016931
0.40168002
0.40166333
0.4016442
0.40162405
0.40160432
0.4015862
0.4015705
0.40155753
0.40154737
0.40153986
0.40153474
0.40153217
0.40153223
0.40153548
0.40154243
0.4015538
0.4015698
0.40159076
0.40161654
0.4016466
0.40168017
0.40171567
0.40175137
0.40178543
0.40181604
0.40184173
0.4018613
0.40187407
0.4018797
0.40187824
0.40187004
0.40185574
0.40183634
0.40181318
0.40178782
0.4017621
0.40173763
0.40171564
0.40169692
0.401682
0.4016708
0.40166304
0.401658
0.4016546
0.40165177
0.40164855
0.4016441
0.40163812
0.4016306
0.40162212
0.40161335
0.4016049
0.4015974
0.40159145
0.40158734
0.40158546
0.40158594
0.401589
0.401595
0.4016045
0.40161818
0.40163627
0.40165868
0.40168497
0.401714
0.4017441
0.4017734
0.40180013
0.40182248
0.4018391
0.40184915
0.401852
0.40184763
0.40183637
0.40181887
0.40179607
0.40176937
0.40174028
0.40171048
0.40168142
0.40165442
0.40163007
0.4016087
0.40159008
0.4015737
0.4015589
0.4015453
0.4015327
0.40152127
0.40151116
0.40150252
0.40149546
0.40148988
0.40148607
0.40148404
0.4014841
0.40148646
0.40149128
0.40149868
0.40150893
0.40152228
0.40153867
0.4015579
0.40157956
0.4016029
0.40162697
0.4016505
0.4016721
0.40169057
0.4017052
0.40171546
0.4017216
0.4017241
0.40172356
0.4017207
0.40171564
0.40170822
0.40169805
0.40168473
0.40166804
0.40164843
0.4016264
0.4016031
0.40157992
0.40155804
0.40153864
0.4015225
0.40151006
0.4015015
0.40149656
0.40149468
0.40149528
0.40149742
0.40150043
0.40150407
0.40150827
0.40151343
0.40152013
0.40152887
0.40154028
0.40155488
0.4015731
0.40159485
0.40162003
0.40164787
0.4016773
0.4017068
0.4017345
0.4017586
0.40177748
0.4017901
0.40179572
0.40179414
0.40178576
0.40177134
0.40175208
0.40172943
0.40170512
0.40168053
0.40165693
0.40163505
0.40161538
0.40159783
0.40158224
0.4015685
0.4015564
0.40154603
0.401537
0.40152934
0.40152302
0.40151793
0.40151432
0.40151262
0.40151322
0.40151653
0.40152287
0.40153226
0.40154472
0.40155974
0.40157658
0.4015941
0.40161097
0.40162554
0.40163654
0.40164316
0.40164524
0.40164325
0.4016384
0.40163207
0.40162596
0.40162146
0.40161988
0.401622
0.40162832
0.40163866
0.4016522
0.4016676
0.40168342
0.40169808
0.40171033
0.40171894
0.40172324
0.4017229
0.4017182
0.4017097
0.40169832
0.4016849
0.40167004
0.40165415
0.40163788
0.4016215
0.40160564
0.40159082
0.40157726
0.40156513
0.4015542
0.4015441
0.40153456
0.40152562
0.40151715
0.40150914
0.40150136
0.401494
0.40148693
0.40148026
0.40147388
0.4014678
0.4014619
0.40145615
0.40145075
0.401446
0.4014424
0.40144026
0.40143985
0.4014415
0.4014453
0.40145126
0.40145922
0.40146878
0.40147918
0.40148976
0.40149966
0.40150818
0.40151522
0.401521
0.4015259
0.40153047
0.40153494
0.4015396
0.40154472
0.40155056
0.40155745
0.40156555
0.40157437
0.4015833
0.40159136
0.4015975
0.4016009
0.40160152
0.4015996
0.40159598
0.40159193
0.40158847
0.40158677
0.4015877
0.40159178
0.40159956
0.40161088
0.40162545
0.4016424
0.4016605
0.4016784
0.40169522
0.4017103
0.4017237
0.4017363
0.40174985
0.40176705
0.40179202
0.4018299
0.40188786
0.4019752
0.40210417
0.40229157
0.40256143
0.40294242
0.40347555
0.4042174
0.40524462
0.40666187
0.40860963
0.41130784
0.4149796
0.41993442
0.4266453
0.4357556
0.4478781
