0.44254327
0.43203047
0.42414463
0.41820753
0.41377512
0.41050142
0.40810055
0.4063309
0.4050307
0.40408117
0.40338618
0.4028784
0.40250823
0.40223894
0.40204358
0.40190262
0.40180162
0.40173048
0.40168154
0.40164965
0.40163088
0.40162244
0.40162197
0.40162772
0.40163794
0.40165105
0.40166533
0.4016791
0.40169072
0.40169913
0.40170377
0.40170464
0.40170243
0.40169847
0.40169397
0.40169004
0.40168753
0.4016866
0.40168712
0.4016888
0.40169093
0.40169248
0.4016925
0.40169027
0.40168542
0.40167817
0.40166909
0.40165892
0.40164846
0.4016385
0.40163
0.40162396
0.4016214
0.40162322
0.40163013
0.4016424
0.40165982
0.40168154
0.4017063
0.40173244
0.40175802
0.40178135
0.4018012
0.40181676
0.40182775
0.40183395
0.40183562
0.40183294
0.40182653
0.40181717
0.40180594
0.40179396
0.40178272
0.40177336
0.40176666
0.40176308
0.4017624
0.40176395
0.40176657
0.40176922
0.40177083
0.4017708
0.40176898
0.40176558
0.40176135
0.40175706
0.4017536
0.4017516
0.40175128
0.40175256
0.40175495
0.40175804
0.4017617
0.4017658
0.4017703
0.40177524
0.40177995
0.40178365
0.40178508
0.40178332
0.40177715
0.40176624
0.40175053
0.40173057
0.40170744
0.40168262
0.40165803
0.40163568
0.4016172
0.40160406
0.40159705
0.40159625
0.40160152
0.40161216
0.40162706
0.40164462
0.4016632
0.4016808
0.40169552
0.4017059
0.40171054
0.4017088
0.4017004
0.40168557
0.40166518
0.4016405
0.40161327
0.40158495
0.40155688
0.4015301
0.40150502
0.401482
0.40146095
0.4014418
0.40142465
0.40140957
0.40139705
0.40138763
0.4013819
0.4013803
0.40138316
0.40139064
0.40140268
0.40141907
0.40143958
0.4014637
0.4014904
0.40151888
0.401548
0.4015769
0.4016048
0.401631
0.40165454
0.40167466
0.40169063
0.4017022
0.40170932
0.40171236
0.40171206
0.40170926
0.40170482
0.40169963
0.40169418
0.401689
0.4016843
0.40168062
0.4016784
0.40167794
0.4016793
0.40168235
0.4016868
0.4016921
0.4016981
0.40170488
0.40171292
0.40172273
0.40173483
0.4017494
0.40176642
0.40178522
0.4018049
0.40182424
0.40184182
0.4018565
0.40186718
0.4018733
0.4018742
0.40187016
0.40186104
0.40184748
0.40182987
0.40180913
0.4017862
0.40176216
0.4017379
0.4017144
0.4016925
0.40167278
0.4016554
0.40164068
0.40162846
0.4016187
0.40161073
0.40160394
0.40159747
0.4015907
0.40158287
0.4015737
0.40156344
0.40155283
0.40154302
0.40153518
0.40153036
0.40152937
0.40153277
0.40154037
0.4015518
0.40156618
0.4015826
0.40160015
0.40161812
0.40163586
0.4016526
0.40166762
0.4016803
0.40169036
0.40169787
0.4017034
0.40170747
0.4017106
0.4017129
0.4017141
0.40171382
0.4017117
0.40170717
0.4017
0.40169
0.40167704
0.40166134
0.40164366
0.40162465
0.4016051
0.40158576
0.4015671
0.40154973
0.4015341
0.4015208
0.40151048
0.40150374
0.40150094
0.40150237
0.40150806
0.40151778
0.4015313
0.40154803
0.40156743
0.40158886
0.4016114
0.4016342
0.40165642
0.4016767
0.4016938
0.4017064
0.4017135
0.4017144
0.4017093
0.4016984
0.40168267
0.4016632
0.40164155
0.401619
0.40159705
0.40157658
0.40155864
0.4015441
0.4015334
0.40152696
0.4015247
0.40152648
0.4015319
0.40154046
0.40155146
0.40156436
0.4015788
0.4015945
0.40161127
0.40162894
0.40164727
0.40166554
0.40168303
0.401699
0.4017129
0.40172407
0.40173185
0.40173575
0.40173587
0.40173218
0.40172535
0.40171602
0.40170494
0.40169284
0.4016802
0.40166768
0.4016555
0.401644
0.40163308
0.40162268
0.40161276
0.40160355
0.4015956
0.40158957
0.40158623
0.40158617
0.40159005
0.40159783
0.4016089
0.40162247
0.4016372
0.40165132
0.40166336
0.40167195
0.40167588
0.4016746
0.40166792
0.4016565
0.40164113
0.4016232
0.40160418
0.4015857
0.4015692
0.40155578
0.40154645
0.4015417
0.40154195
0.40154737
0.4015579
0.40157324
0.4015928
0.4016155
0.40164027
0.40166607
0.4016926
0.4017204
0.40175182
0.40179086
0.4018441
0.40192106
0.4020348
0.4022031
0.40245196
0.4028118
0.40332517
0.40405032
0.40506542
0.40647614
0.40842363
0.41112834
0.41481224
0.4197843
0.42651787
0.43565378
0.44780377
