0.4426378
0.43215376
0.42429247
0.41837677
0.413963
0.41070646
0.40832034
0.4065643
0.4052773
0.40434
0.4036559
0.40315703
0.4027928
0.40252557
0.40232778
0.40217963
0.40206698
0.40197998
0.40191177
0.40185753
0.40181392
0.4017787
0.40175056
0.4017285
0.4017117
0.40169907
0.4016895
0.40168154
0.40167397
0.4016657
0.40165597
0.40164477
0.4016325
0.40161988
0.40160757
0.4015963
0.40158644
0.4015782
0.4015716
0.40156677
0.40156367
0.4015623
0.40156254
0.40156394
0.40156606
0.40156856
0.40157142
0.40157494
0.40157992
0.40158695
0.40159675
0.40160966
0.40162575
0.4016447
0.4016662
0.40168956
0.40171397
0.40173858
0.40176222
0.40178365
0.40180162
0.40181544
0.40182456
0.40182877
0.40182823
0.40182316
0.40181392
0.40180102
0.4017852
0.40176678
0.40174618
0.40172374
0.4016999
0.40167522
0.40165025
0.40162584
0.40160275
0.40158176
0.40156367
0.40154892
0.40153816
0.4015315
0.401529
0.40153065
0.4015355
0.4015424
0.4015497
0.40155566
0.40155873
0.40155768
0.40155214
0.4015425
0.40152988
0.40151566
0.4015015
0.40148836
0.401477
0.4014678
0.40146077
0.40145588
0.40145284
0.4014514
0.40145153
0.40145323
0.40145642
0.4014612
0.40146747
0.40147513
0.40148407
0.40149435
0.40150598
0.4015186
0.40153214
0.4015461
0.4015602
0.40157428
0.4015881
0.4016014
0.4016136
0.40162405
0.4016324
0.40163848
0.40164238
0.40164453
0.40164506
0.401644
0.40164104
0.40163574
0.40162772
0.40161705
0.40160382
0.4015887
0.40157276
0.40155736
0.4015441
0.4015346
0.40152988
0.40153086
0.40153804
0.4015513
0.4015702
0.401594
0.4016215
0.4016511
0.40168107
0.40170923
0.40173364
0.4017524
0.40176424
0.40176833
0.4017646
0.40175354
0.4017362
0.40171385
0.40168813
0.40166056
0.40163246
0.401605
0.40157902
0.40155524
0.40153378
0.40151516
0.4014994
0.40148655
0.4014765
0.40146914
0.40146428
0.40146166
0.40146095
0.40146178
0.4014636
0.40146595
0.4014683
0.40147018
0.40147147
0.40147194
0.4014718
0.40147135
0.40147087
0.40147063
0.40147117
0.4014727
0.4014755
0.40147975
0.40148553
0.40149298
0.40150207
0.40151295
0.40152547
0.40153912
0.4015531
0.40156606
0.40157673
0.40158397
0.40158686
0.40158513
0.40157908
0.40156966
0.40155822
0.4015462
0.40153503
0.40152577
0.40151918
0.4015157
0.4015152
0.40151742
0.40152135
0.40152618
0.40153068
0.40153384
0.40153477
0.40153304
0.4015285
0.40152204
0.40151465
0.4015076
0.4015021
0.4014992
0.40149984
0.40150467
0.40151408
0.40152818
0.40154666
0.4015688
0.4015934
0.40161893
0.40164343
0.40166503
0.401682
0.40169302
0.40169746
0.40169522
0.40168703
0.40167382
0.40165702
0.40163818
0.4016186
0.40159944
0.4015816
0.40156537
0.40155107
0.40153867
0.4015279
0.4015188
0.40151122
0.40150502
0.40150008
0.40149614
0.40149316
0.40149096
0.40148988
0.40149042
0.401493
0.40149817
0.4015064
0.40151772
0.40153208
0.40154913
0.4015682
0.40158835
0.40160832
0.4016267
0.4016421
0.401653
0.4016584
0.4016576
0.4016507
0.40163836
0.40162197
0.40160313
0.40158364
0.4015649
0.4015481
0.40153372
0.40152237
0.40151408
0.40150905
0.40150705
0.40150782
0.40151104
0.40151623
0.4015229
0.40153047
0.40153837
0.4015459
0.40155262
0.401558
0.40156183
0.40156394
0.40156445
0.4015635
0.40156144
0.40155825
0.40155387
0.40154782
0.4015396
0.40152895
0.4015158
0.40150067
0.40148443
0.40146816
0.40145293
0.4014398
0.4014295
0.4014228
0.40142
0.40142128
0.40142655
0.4014354
0.4014472
0.40146127
0.40147677
0.40149298
0.40150934
0.40152526
0.40153986
0.40155247
0.40156198
0.40156764
0.4015687
0.40156522
0.40155753
0.40154654
0.4015335
0.40151966
0.4015064
0.40149486
0.4014858
0.40147993
0.40147737
0.4014781
0.40148187
0.40148824
0.40149665
0.4015063
0.40151685
0.40152797
0.4015398
0.4015519
0.401564
0.40157542
0.40158552
0.40159366
0.4015996
0.40160364
0.4016064
0.40160877
0.40161148
0.40161505
0.4016196
0.40162492
0.40163055
0.4016361
0.40164113
0.40164542
0.40164846
0.40164965
0.4016485
0.4016446
0.4016378
0.4016282
0.4016165
0.40160343
0.4015898
0.40157643
0.401564
0.40155295
0.4015434
0.40153554
0.40152928
0.40152445
0.40152082
0.40151834
0.40151706
0.40151757
0.4015203
0.40152565
0.40153387
0.4015448
0.4015583
0.40157378
0.40159085
0.4016091
0.4016281
0.4016475
0.40166715
0.40168694
0.40170726
0.4017285
0.40175104
0.40177488
0.40179968
0.40182447
0.40184852
0.40187097
0.40189123
0.4019087
0.40192312
0.4019342
0.40194175
0.4019455
0.40194538
0.40194112
0.40193263
0.40191966
0.40190235
0.40188086
0.4018558
0.40182793
0.40179816
0.40176743
0.40173662
0.40170655
0.40167785
0.40165105
0.4016266
0.401605
0.4015868
0.4015728
0.40156308
0.40155795
0.40155736
0.40156123
0.4015695
0.40158203
0.4015985
0.40161797
0.40163925
0.40166077
0.4016805
0.40169668
0.40170768
0.40171248
0.40171048
0.40170205
0.40168783
0.40166944
0.40164846
0.4016269
0.40160665
0.40158904
0.40157548
0.4015665
0.40156248
0.40156305
0.40156785
0.40157637
0.40158802
0.40160227
0.40161893
0.40163806
0.40165988
0.4016846
0.40171218
0.40174216
0.40177357
0.40180516
0.4018354
0.40186298
0.4018868
0.401906
0.40192023
0.40192923
0.4019331
0.4019318
0.40192574
0.40191534
0.40190113
0.40188378
0.40186423
0.40184355
0.40182307
0.4018041
0.40178782
0.401775
0.4017659
0.40176025
0.4017575
0.40175736
0.40175924
0.40176323
0.4017693
0.40177742
0.40178722
0.40179774
0.40180793
0.4018165
0.4018223
0.40182462
0.40182307
0.40181747
0.4018082
0.40179592
0.40178168
0.40176696
0.40175337
0.40174243
0.4017352
0.4017321
0.40173274
0.40173647
0.40174198
0.40174797
0.40175328
0.40175685
0.40175796
0.401756
0.4017506
0.40174192
0.40172997
0.40171528
0.40169862
0.40168062
0.4016623
0.40164426
0.4016272
0.40161166
0.40159813
0.40158683
0.40157786
0.4015714
0.40156746
0.40156606
0.4015672
0.40157068
0.4015764
0.40158418
0.40159404
0.40160602
0.40162003
0.40163568
0.40165195
0.40166786
0.40168193
0.401693
0.4017003
0.40170333
0.4017024
0.40169805
0.40169114
0.40168297
0.40167478
0.40166783
0.40166295
0.40166083
0.40166196
0.4016663
0.40167361
0.40168312
0.40169373
0.4017045
0.4017144
0.40172303
0.40172994
0.4017351
0.40173858
0.4017405
0.40174058
0.40173885
0.40173522
0.40172988
0.4017233
0.40171623
0.40170938
0.40170377
0.40169984
0.40169787
0.4016976
0.40169844
0.40169963
0.40170065
0.4017013
0.40170154
0.40170148
0.40170085
0.40169975
0.40169728
0.40169284
0.40168557
0.40167508
0.4016611
0.40164393
0.40162444
0.40160355
0.40158197
0.40156046
0.4015396
0.40151998
0.40150192
0.40148595
0.40147227
0.40146112
0.40145272
0.40144718
0.40144455
0.4014447
0.4014475
0.40145248
0.40145943
0.40146783
0.40147734
0.40148768
0.40149844
0.40150923
0.40151986
0.40152994
0.40153906
0.4015466
0.40155214
0.40155557
0.4015573
0.40155822
0.40155944
0.4015623
0.4015677
0.40157607
0.40158755
0.4016015
0.40161705
0.40163308
0.40164888
0.40166375
0.40167776
0.40169114
0.40170482
0.40171972
0.40173653
0.40175545
0.40177622
0.40179804
0.4018198
0.4018404
0.40185878
0.40187415
0.4018859
0.40189382
0.4018976
0.40189743
0.4018937
0.4018872
0.4018788
0.40186942
0.40185985
0.40185097
0.401843
0.40183625
0.40183002
0.4018236
0.4018159
0.40180576
0.40179256
0.4017757
0.40175495
0.40173027
0.4017021
0.40167126
0.40163904
0.40160704
0.40157706
0.401551
0.4015302
0.40151563
0.40150782
0.40150663
0.40151152
0.40152168
0.4015361
0.4015535
0.40157264
0.4015927
0.40161303
0.4016331
0.4016523
0.40166995
0.40168512
0.40169695
0.4017048
0.4017084
0.40170798
0.4017042
0.40169802
0.40169027
0.40168193
0.4016734
0.40166512
0.40165693
0.4016488
0.40164068
0.40163276
0.40162557
0.40162006
0.40161714
0.40161762
0.40162224
0.4016314
0.4016453
0.40166357
0.40168577
0.40171093
0.40173775
0.4017647
0.40179032
0.4018133
0.4018327
0.40184778
0.40185818
0.40186363
0.401864
0.4018594
0.40185052
0.40183797
0.40182295
0.40180674
0.40179056
0.40177563
0.4017624
0.4017509
0.40174046
0.40173003
0.40171826
0.40170386
0.40168598
0.40166414
0.40163854
0.4016099
0.40157902
0.40154707
0.40151516
0.40148434
0.40145576
0.40143022
0.40140817
0.40139005
0.40137574
0.4013653
0.4013586
0.40135545
0.40135568
0.40135905
0.4013653
0.40137422
0.40138543
0.40139857
0.40141344
0.40142944
0.4014463
0.4014635
0.40148067
0.40149742
0.40151343
0.40152863
0.40154302
0.40155667
0.40156955
0.4015818
0.40159336
0.40160394
0.40161327
0.40162122
0.40162754
0.40163252
0.40163636
0.40163967
0.40164274
0.40164557
0.40164796
0.40164953
0.4016501
0.4016494
0.40164766
0.40164503
0.4016417
0.4016378
0.401633
0.4016272
0.40162012
0.40161163
0.4016019
0.4015915
0.40158084
0.40157023
0.4015595
0.40154853
0.4015368
0.40152422
0.40151086
0.40149736
0.4014842
0.40147224
0.40146205
0.40145412
0.40144876
0.40144616
0.40144625
0.40144864
0.40145275
0.40145782
0.401463
0.40146747
0.40147045
0.4014716
0.40147075
0.40146837
0.40146497
0.40146115
0.4014577
0.4014552
0.40145403
0.40145478
0.4014578
0.4014635
0.40147206
0.40148345
0.4014973
0.40151304
0.40152994
0.40154713
0.4015637
0.40157872
0.40159127
0.40160048
0.4016056
0.40160653
0.4016038
0.40159807
0.40159068
0.40158308
0.40157673
0.40157282
0.40157238
0.40157583
0.40158334
0.4015947
0.40160936
0.4016269
0.40164658
0.4016674
0.40168825
0.40170786
0.4017251
0.4017391
0.40174916
0.40175512
0.40175736
0.4017565
0.40175328
0.40174848
0.40174285
0.40173653
0.40172976
0.40172252
0.40171465
0.40170568
0.40169543
0.40168393
0.4016716
0.40165928
0.40164816
0.4016393
0.40163383
0.40163222
0.4016349
0.4016417
0.40165225
0.401666
0.40168208
0.4016996
0.4017171
0.40173304
0.40174577
0.40175417
0.40175727
0.4017547
0.4017467
0.40173388
0.4017172
0.40169796
0.4016778
0.4016584
0.40164122
0.40162736
0.40161762
0.40161225
0.40161112
0.40161365
0.40161914
0.40162674
0.40163547
0.40164474
0.40165424
0.40166405
0.4016743
0.40168527
0.40169635
0.40170726
0.401717
0.40172476
0.40172988
0.40173194
0.40173107
0.40172762
0.40172222
0.4017158
0.40170926
0.40170327
0.4016983
0.4016943
0.40169108
0.40168816
0.40168497
0.40168148
0.40167776
0.40167415
0.4016715
0.40167093
0.4016735
0.40168014
0.40169147
0.40170744
0.4017275
0.4017505
0.40177512
0.40179992
0.4018235
0.4018448
0.40186298
0.40187737
0.40188754
0.40189326
0.40189472
0.40189207
0.40188575
0.40187603
0.40186313
0.4018471
0.40182808
0.40180624
0.40178195
0.401756
0.4017293
0.4017031
0.4016786
0.40165696
0.40163907
0.40162557
0.40161693
0.4016132
0.4016143
0.40161994
0.40162975
0.40164322
0.40165967
0.40167835
0.40169796
0.40171728
0.40173477
0.40174893
0.4017586
0.40176293
0.4017615
0.4017542
0.40174127
0.40172338
0.40170154
0.40167698
0.40165126
0.4016258
0.40160218
0.40158135
0.40156394
0.40155038
0.40154088
0.40153566
0.4015349
0.40153867
0.40154725
0.40156046
0.40157792
0.40159887
0.4016223
0.40164682
0.401671
0.4016934
0.40171283
0.40172842
0.40173942
0.40174553
0.40174678
0.40174338
0.40173596
0.40172556
0.40171382
0.4017031
0.40169635
0.40169725
0.40171003
0.40173966
0.40179244
0.40187645
0.40200284
0.40218705
0.40245193
0.4028259
0.4033503
0.40408257
0.4051011
0.4065124
0.40845835
0.41116008
0.41484046
0.41980857
0.42653784
0.4356697
0.44781545
