0.4426167
0.43212634
0.42426
0.4183404
0.41392383
0.410665
0.40827686
0.40651804
0.40522695
0.4042837
0.40359163
0.40308267
0.40270662
0.40242654
0.40221578
0.4020553
0.40193188
0.40183634
0.40176243
0.4017057
0.40166298
0.40163165
0.40160996
0.40159613
0.40158847
0.4015855
0.40158555
0.40158725
0.40158945
0.40159166
0.4015939
0.40159658
0.40159997
0.4016044
0.40160963
0.40161502
0.40161964
0.4016226
0.401623
0.40162072
0.40161577
0.40160844
0.40159923
0.40158886
0.40157795
0.40156695
0.40155643
0.4015466
0.40153798
0.40153095
0.40152556
0.40152186
0.40151963
0.40151867
0.40151894
0.40152013
0.40152198
0.40152407
0.40152562
0.40152603
0.40152475
0.40152177
0.40151754
0.4015131
0.40150952
0.40150785
0.40150896
0.40151352
0.4015219
0.40153396
0.40154946
0.40156752
0.4015874
0.401608
0.40162826
0.4016468
0.4016622
0.40167332
0.40167928
0.4016796
0.4016744
0.40166435
0.4016506
0.4016347
0.40161806
0.40160212
0.40158784
0.4015761
0.40156743
0.40156204
0.40156028
0.401562
0.40156707
0.40157485
0.40158454
0.40159488
0.40160438
0.40161148
0.4016151
0.4016146
0.40160987
0.40160152
0.4015905
0.40157828
0.40156594
0.40155452
0.40154478
0.4015373
0.40153238
0.40153039
0.40153128
0.401535
0.4015413
0.4015496
0.40155908
0.40156883
0.40157792
0.40158582
0.4015921
0.40159696
0.40160084
0.4016046
0.40160936
0.4016162
0.40162563
0.4016382
0.40165362
0.40167108
0.40168968
0.4017081
0.40172556
0.4017412
0.4017548
0.4017659
0.40177462
0.4017808
0.40178508
0.40178785
0.4017901
0.40179276
0.4017967
0.40180224
0.40180948
0.4018178
0.40182638
0.40183443
0.40184093
0.40184528
0.40184692
0.4018454
0.40184087
0.40183356
0.40182397
0.40181273
0.40180042
0.40178725
0.4017732
0.40175813
0.40174228
0.4017258
0.40170914
0.40169266
0.40167707
0.40166292
0.40165085
0.40164125
0.40163442
0.4016304
0.4016289
0.4016295
0.40163174
0.40163517
0.4016395
0.4016442
0.4016486
0.4016521
0.40165406
0.4016542
0.40165254
0.40164906
0.4016436
0.40163636
0.40162724
0.4016165
0.40160468
0.40159234
0.4015802
0.4015689
0.40155843
0.40154883
0.40153986
0.40153137
0.4015231
0.401515
0.4015073
0.40150046
0.40149516
0.4014918
0.40149054
0.40149143
0.40149423
0.4014985
0.4015038
0.40150964
0.40151593
0.40152285
0.40153065
0.40153933
0.40154883
0.40155873
0.4015685
0.40157768
0.40158585
0.4015928
0.401599
0.401605
0.40161163
0.4016196
0.40162915
0.40164015
0.4016519
0.40166342
0.40167364
0.40168154
0.40168634
0.4016874
0.40168455
0.40167797
0.40166813
0.4016557
0.40164158
0.40162662
0.4016116
0.401597
0.4015829
0.40156916
0.40155533
0.4015412
0.40152696
0.40151277
0.40149912
0.40148646
0.40147513
0.40146554
0.4014579
0.40145266
0.40145054
0.4014522
0.40145823
0.401469
0.40148446
0.40150422
0.40152752
0.40155318
0.40157983
0.40160567
0.40162903
0.40164843
0.4016627
0.4016712
0.40167364
0.4016702
0.40166128
0.4016478
0.40163088
0.40161207
0.40159306
0.40157506
0.40155908
0.4015459
0.40153587
0.40152884
0.40152457
0.40152243
0.40152183
0.40152228
0.40152347
0.40152556
0.40152875
0.40153334
0.40153942
0.40154687
0.40155524
0.40156394
0.401572
0.40157837
0.40158248
0.4015839
0.40158272
0.40157923
0.40157408
0.4015681
0.40156242
0.40155774
0.40155494
0.40155488
0.40155825
0.40156615
0.4015799
0.40160134
0.40163237
0.40167552
0.40173396
0.40181255
0.40191826
0.40206113
0.4022568
0.40252694
0.4029006
0.40341944
0.40414143
0.40514553
0.40653926
0.40846613
0.41114873
0.41481352
0.4197706
0.42649361
0.43562752
0.447782
