0.4425033
0.43197522
0.42407298
0.4181179
0.41366667
0.4103739
0.40795615
0.40617263
0.40486217
0.4039067
0.40320957
0.40270284
0.40233573
0.4020706
0.40187967
0.40174258
0.40164447
0.40157458
0.40152535
0.4014914
0.40146914
0.40145615
0.40145096
0.4014523
0.4014593
0.40147114
0.40148672
0.4015051
0.4015249
0.4015448
0.40156344
0.40157983
0.4015933
0.40160367
0.40161142
0.4016173
0.4016225
0.4016285
0.40163657
0.40164757
0.40166163
0.40167823
0.4016964
0.40171453
0.40173075
0.40174326
0.40175065
0.401752
0.4017469
0.40173566
0.40171903
0.40169823
0.40167466
0.40164992
0.4016254
0.4016021
0.40158075
0.40156215
0.40154687
0.40153584
0.40152952
0.40152833
0.4015323
0.40154096
0.4015538
0.40156955
0.4015871
0.40160474
0.40162107
0.40163445
0.40164343
0.4016471
0.40164512
0.40163776
0.4016259
0.40161103
0.40159443
0.40157768
0.4015618
0.40154764
0.40153542
0.4015251
0.40151653
0.40150952
0.4015039
0.40149966
0.4014971
0.4014967
0.40149933
0.40150568
0.40151626
0.40153167
0.4015519
0.4015764
0.40160432
0.40163428
0.40166447
0.40169293
0.40171796
0.401738
0.401752
0.40175948
0.40176034
0.40175515
0.40174472
0.40173018
0.401713
0.4016946
0.40167642
0.40165943
0.40164426
0.40163118
0.40162018
0.40161112
0.40160406
0.40159902
0.40159607
0.40159503
0.40159535
0.40159637
0.40159717
0.40159696
0.40159544
0.40159255
0.40158895
0.4015854
0.40158293
0.4015826
0.4015853
0.4015917
0.40160194
0.40161595
0.40163308
0.40165257
0.40167338
0.4016947
0.4017152
0.40173358
0.4017483
0.40175796
0.4017618
0.4017593
0.40175065
0.40173665
0.40171847
0.40169773
0.4016759
0.40165448
0.4016346
0.40161714
0.40160277
0.40159178
0.4015844
0.40158054
0.4015802
0.4015835
0.40159032
0.40160066
0.4016138
0.401629
0.4016449
0.4016601
0.40167314
0.401683
0.40168908
0.40169156
0.40169096
0.40168825
0.40168464
0.4016812
0.40167892
0.4016782
0.4016791
0.40168118
0.4016837
0.4016855
0.40168554
0.4016831
0.40167794
0.40167043
0.40166137
0.40165162
0.40164238
0.40163437
0.40162814
0.40162376
0.40162113
0.40161988
0.40161934
0.4016189
0.40161774
0.40161532
0.40161133
0.40160587
0.40159878
0.40159073
0.4015824
0.40157485
0.40156934
0.40156662
0.40156728
0.40157112
0.40157768
0.40158582
0.40159416
0.40160125
0.401606
0.40160817
0.4016079
0.4016061
0.4016038
0.4016018
0.4016009
0.40160137
0.40160337
0.40160644
0.40161
0.40161335
0.40161583
0.40161687
0.401616
0.401613
0.401608
0.40160152
0.40159383
0.40158558
0.4015772
0.40156913
0.40156147
0.40155455
0.40154848
0.4015437
0.40154085
0.4015405
0.40154302
0.40154848
0.4015566
0.4015671
0.40157956
0.40159398
0.40161029
0.40162832
0.4016478
0.40166783
0.4016874
0.4017049
0.40171862
0.40172726
0.40172988
0.40172637
0.40171686
0.40170234
0.40168396
0.4016633
0.401642
0.40162152
0.40160286
0.40158665
0.40157297
0.40156183
0.40155277
0.40154564
0.40154
0.40153566
0.40153226
0.40152982
0.40152842
0.40152863
0.4015313
0.4015373
0.40154722
0.40156123
0.40157902
0.40160015
0.40162364
0.4016482
0.40167302
0.40169704
0.4017192
0.40173826
0.4017531
0.40176284
0.40176705
0.40176556
0.4017586
0.4017466
0.40173042
0.40171108
0.40168962
0.4016669
0.4016439
0.40162158
0.40160093
0.40158257
0.40156713
0.40155515
0.40154687
0.40154243
0.40154195
0.4015451
0.40155143
0.40156007
0.40157
0.40158007
0.40158927
0.40159705
0.4016034
0.4016089
0.40161446
0.4016208
0.40162846
0.4016378
0.40164796
0.40165803
0.40166667
0.4016725
0.40167448
0.40167204
0.4016651
0.401654
0.40163997
0.40162423
0.40160832
0.40159357
0.40158135
0.40157256
0.40156808
0.40156844
0.401574
0.40158436
0.40159896
0.40161657
0.40163547
0.4016536
0.401669
0.40168023
0.40168634
0.40168703
0.4016824
0.40167323
0.4016605
0.40164503
0.4016278
0.40160963
0.40159133
0.40157366
0.40155768
0.40154448
0.40153503
0.4015302
0.40153065
0.4015367
0.4015484
0.4015651
0.40158603
0.40161
0.4016357
0.40166196
0.40168735
0.40171063
0.40173087
0.40174744
0.4017604
0.40177
0.4017768
0.4017814
0.40178427
0.4017853
0.4017844
0.40178096
0.4017745
0.40176442
0.40175077
0.40173373
0.40171418
0.40169325
0.40167266
0.4016541
0.40163943
0.40163025
0.40162873
0.40163693
0.40165737
0.40169376
0.4017512
0.40183756
0.40196404
0.40214723
0.40241045
0.40278348
0.4033083
0.4040429
0.40506524
0.40648097
0.40843135
0.41113696
0.4148202
0.41979074
0.42652243
0.43565673
0.4478056
