0.44251055
0.43198574
0.42408723
0.41813642
0.4136896
0.41040105
0.40798694
0.40620652
0.40489855
0.40394494
0.40324923
0.40274358
0.40237752
0.40211356
0.40192422
0.4017892
0.40169367
0.40162688
0.40158072
0.40154916
0.40152776
0.40151322
0.40150347
0.40149742
0.40149453
0.40149453
0.40149722
0.40150237
0.40150988
0.40151936
0.40153039
0.40154225
0.40155435
0.40156603
0.40157664
0.4015858
0.40159297
0.4015974
0.4015985
0.4015959
0.40158963
0.40158045
0.40156966
0.4015588
0.4015493
0.4015425
0.40153944
0.4015409
0.40154696
0.40155748
0.401572
0.4015894
0.40160826
0.40162724
0.40164497
0.4016603
0.40167278
0.40168235
0.40168944
0.40169457
0.4016979
0.40169942
0.40169853
0.40169483
0.40168795
0.4016781
0.40166572
0.40165204
0.4016384
0.40162593
0.40161535
0.40160707
0.40160078
0.4015958
0.40159106
0.4015856
0.4015789
0.40157068
0.40156123
0.40155107
0.40154076
0.40153116
0.4015228
0.40151638
0.40151218
0.40151015
0.40151
0.4015111
0.4015129
0.40151507
0.4015173
0.4015197
0.40152273
0.40152696
0.40153307
0.4015418
0.4015531
0.40156686
0.40158245
0.40159872
0.40161443
0.40162796
0.40163794
0.4016435
0.40164444
0.40164122
0.40163478
0.40162677
0.40161863
0.40161157
0.40160656
0.40160415
0.40160415
0.40160647
0.40161055
0.4016155
0.4016203
0.4016238
0.40162525
0.40162402
0.40162003
0.4016137
0.40160564
0.40159646
0.40158695
0.40157768
0.40156907
0.4015612
0.40155444
0.4015486
0.40154377
0.4015395
0.40153578
0.4015321
0.40152824
0.4015238
0.40151864
0.4015131
0.4015075
0.4015022
0.40149772
0.40149453
0.4014932
0.401494
0.40149716
0.40150255
0.40151003
0.40151936
0.40153033
0.40154293
0.40155703
0.4015725
0.40158898
0.40160617
0.40162367
0.40164125
0.40165868
0.40167627
0.4016946
0.40171424
0.40173563
0.40175873
0.40178284
0.40180686
0.40182963
0.40185001
0.401867
0.40187985
0.40188798
0.40189102
0.4018888
0.40188134
0.4018686
0.40185094
0.40182889
0.4018031
0.40177476
0.4017449
0.40171462
0.40168512
0.40165734
0.40163177
0.40160894
0.4015887
0.40157127
0.4015565
0.4015444
0.40153515
0.40152887
0.40152553
0.4015251
0.4015273
0.40153188
0.4015385
0.40154666
0.40155584
0.4015654
0.40157485
0.40158394
0.40159237
0.4016004
0.40160796
0.4016152
0.40162253
0.40163025
0.40163878
0.40164816
0.40165842
0.4016692
0.40168002
0.40169004
0.40169838
0.401704
0.40170634
0.40170512
0.4017003
0.40169212
0.40168107
0.40166733
0.40165117
0.40163302
0.40161368
0.40159422
0.4015758
0.40155953
0.40154612
0.4015365
0.40153098
0.40152982
0.40153274
0.40153933
0.40154892
0.40156096
0.40157437
0.40158832
0.40160194
0.40161458
0.40162575
0.40163514
0.4016424
0.40164715
0.4016489
0.40164754
0.40164307
0.40163624
0.40162814
0.40161976
0.40161195
0.40160552
0.40160078
0.40159765
0.40159595
0.4015951
0.4015946
0.40159404
0.40159324
0.40159193
0.40158996
0.40158698
0.40158272
0.4015772
0.4015705
0.4015625
0.40155354
0.40154377
0.40153366
0.4015235
0.40151367
0.40150422
0.40149546
0.4014875
0.4014804
0.40147445
0.40146977
0.40146655
0.40146503
0.40146554
0.40146807
0.40147266
0.40147892
0.40148634
0.401494
0.40150106
0.4015069
0.40151125
0.40151453
0.40151748
0.4015215
0.40152764
0.40153697
0.4015502
0.4015678
0.4015894
0.40161452
0.40164196
0.40166995
0.40169668
0.4017201
0.40173876
0.40175158
0.40175822
0.40175903
0.40175498
0.4017476
0.4017389
0.40173087
0.40172508
0.4017227
0.4017239
0.40172818
0.40173474
0.4017419
0.40174797
0.40175125
0.40175036
0.4017444
0.4017331
0.40171677
0.401696
0.401672
0.40164605
0.40161976
0.40159443
0.40157163
0.40155277
0.4015389
0.40153068
0.40152842
0.4015319
0.40154088
0.40155485
0.4015735
0.40159658
0.4016234
0.4016536
0.40168598
0.40171942
0.40175235
0.40178332
0.40181112
0.4018348
0.4018535
0.40186688
0.40187445
0.40187585
0.40187106
0.40185997
0.40184304
0.40182072
0.40179396
0.40176395
0.4017322
0.40170053
0.40167058
0.40164393
0.40162182
0.40160525
0.4015947
0.40159065
0.4015932
0.40160248
0.4016182
0.40163982
0.40166613
0.40169576
0.40172675
0.40175736
0.4017859
0.40181094
0.40183136
0.40184647
0.40185598
0.40186012
0.4018594
0.4018546
0.40184674
0.40183687
0.4018262
0.40181565
0.40180603
0.40179804
0.40179193
0.40178752
0.40178433
0.40178144
0.401778
0.40177312
0.40176612
0.40175647
0.40174398
0.4017287
0.4017111
0.401692
0.40167236
0.4016537
0.40163693
0.40162298
0.4016124
0.40160576
0.40160304
0.40160388
0.4016077
0.40161362
0.4016206
0.401628
0.40163547
0.40164298
0.40165025
0.401657
0.40166268
0.40166682
0.4016693
0.40167025
0.4016698
0.40166792
0.40166458
0.4016599
0.40165403
0.40164733
0.40164
0.40163252
0.4016252
0.40161854
0.40161276
0.40160775
0.40160343
0.4015994
0.4015954
0.4015913
0.401587
0.40158263
0.4015782
0.4015737
0.40156907
0.4015642
0.40155938
0.40155506
0.4015519
0.4015504
0.40155104
0.40155396
0.40155914
0.40156624
0.40157452
0.40158305
0.40159082
0.40159652
0.40159938
0.40159893
0.40159526
0.40158913
0.4015817
0.40157428
0.40156838
0.40156496
0.401565
0.40156877
0.4015763
0.4015873
0.4016011
0.4016169
0.40163368
0.40165025
0.40166557
0.40167895
0.40168977
0.40169814
0.40170428
0.4017087
0.40171182
0.4017139
0.40171486
0.40171424
0.40171137
0.4017059
0.40169752
0.40168658
0.40167382
0.40166026
0.40164727
0.40163592
0.4016275
0.4016229
0.40162298
0.40162832
0.40163916
0.40165538
0.40167615
0.4017004
0.40172663
0.40175307
0.40177822
0.40180066
0.40181944
0.4018337
0.40184304
0.401847
0.40184543
0.40183842
0.40182647
0.40181035
0.40179104
0.40176988
0.40174845
0.4017284
0.40171114
0.40169787
0.4016892
0.4016851
0.4016847
0.40168697
0.4016902
0.4016926
0.40169314
0.40169096
0.40168583
0.40167806
0.4016685
0.40165797
0.40164754
0.40163797
0.40162995
0.40162343
0.4016183
0.40161407
0.40161026
0.4016067
0.40160364
0.40160152
0.40160108
0.40160286
0.40160707
0.40161365
0.4016219
0.40163076
0.40163878
0.4016444
0.40164632
0.40164393
0.40163705
0.40162635
0.40161276
0.40159777
0.40158263
0.40156877
0.4015572
0.40154883
0.40154442
0.4015447
0.40155002
0.40156078
0.40157694
0.40159836
0.4016247
0.4016551
0.40168813
0.4017221
0.40175495
0.40178478
0.40180996
0.40182933
0.40184224
0.40184823
0.40184754
0.40184045
0.4018274
0.4018091
0.4017865
0.4017609
0.4017337
0.40170655
0.40168077
0.40165737
0.40163687
0.40161955
0.40160546
0.4015946
0.40158674
0.40158197
0.4015797
0.40157953
0.40158066
0.40158203
0.40158254
0.401581
0.4015765
0.4015682
0.40155613
0.40154076
0.40152293
0.4015039
0.4014847
0.40146625
0.40144923
0.40143406
0.40142098
0.4014102
0.401402
0.40139645
0.40139368
0.40139368
0.4013963
0.40140125
0.40140837
0.40141737
0.4014284
0.40144157
0.40145722
0.40147567
0.40149713
0.40152168
0.4015493
0.40157956
0.4016119
0.40164512
0.40167814
0.40170994
0.4017397
0.40176666
0.40179038
0.40181032
0.40182626
0.40183783
0.4018447
0.40184662
0.4018432
0.40183452
0.4018207
0.40180212
0.4017794
0.40175372
0.40172613
0.4016982
0.4016714
0.40164736
0.40162718
0.40161163
0.40160125
0.40159598
0.40159547
0.40159938
0.40160698
0.40161723
0.40162897
0.40164098
0.40165222
0.4016616
0.40166837
0.40167215
0.40167314
0.4016721
0.40167007
0.40166846
0.40166843
0.4016709
0.40167624
0.4016843
0.40169457
0.40170592
0.40171725
0.40172705
0.40173432
0.40173814
0.40173832
0.40173483
0.4017281
0.4017187
0.4017076
0.40169558
0.4016836
0.40167242
0.4016626
0.40165448
0.40164846
0.40164444
0.40164194
0.40164018
0.40163806
0.4016342
0.40162736
0.40161687
0.40160248
0.4015847
0.40156457
0.40154335
0.40152234
0.40150264
0.4014851
0.4014704
0.40145922
0.40145192
0.40144846
0.40144873
0.4014521
0.4014578
0.40146488
0.40147227
0.4014789
0.4014841
0.40148732
0.40148884
0.40148878
0.4014874
0.40148512
0.40148205
0.40147862
0.40147528
0.4014725
0.4014708
0.40147045
0.40147176
0.40147462
0.40147913
0.40148488
0.40149167
0.40149894
0.4015063
0.4015131
0.4015194
0.40152526
0.40153104
0.40153688
0.40154275
0.40154853
0.4015539
0.40155843
0.4015615
0.40156257
0.4015612
0.4015573
0.40155098
0.4015425
0.4015325
0.40152144
0.40150982
0.40149808
0.40148655
0.4014756
0.40146577
0.40145734
0.40145054
0.4014457
0.4014426
0.40144095
0.4014402
0.40143955
0.40143847
0.40143657
0.40143353
0.40142944
0.40142435
0.40141883
0.4014133
0.40140843
0.40140474
0.40140265
0.40140238
0.40140384
0.40140668
0.4014104
0.40141454
0.40141886
0.40142313
0.40142748
0.4014323
0.401438
0.40144488
0.40145326
0.40146324
0.40147495
0.40148857
0.4015039
0.40152094
0.40153942
0.4015589
0.4015789
0.40159848
0.40161642
0.40163204
0.4016441
0.40165204
0.40165532
0.4016539
0.40164787
0.40163767
0.4016238
0.4016068
0.40158722
0.40156573
0.4015431
0.40152004
0.40149757
0.40147674
0.4014587
0.40144432
0.40143418
0.40142873
0.4014279
0.4014314
0.40143865
0.40144902
0.40146154
0.4014758
0.40149108
0.40150696
0.40152296
0.40153837
0.4015525
0.40156496
0.40157562
0.40158427
0.40159082
0.40159494
0.4015961
0.40159366
0.40158752
0.40157786
0.40156558
0.40155146
0.40153676
0.40152225
0.40150863
0.40149614
0.40148476
0.4014743
0.40146443
0.4014553
0.40144703
0.4014401
0.401435
0.40143207
0.40143174
0.40143412
0.40143907
0.40144634
0.40145543
0.40146577
0.40147683
0.40148816
0.4014993
0.40151033
0.40152144
0.40153328
0.40154627
0.40156087
0.4015771
0.40159452
0.40161252
0.40163
0.4016456
0.40165794
0.40166587
0.40166876
0.40166637
0.4016593
0.40164876
0.40163618
0.4016234
0.40161183
0.4016025
0.40159613
0.40159264
0.40159202
0.40159383
0.40159783
0.4016038
0.40161175
0.40162122
0.40163174
0.40164232
0.40165207
0.40165982
0.40166488
0.40166706
0.4016669
0.40166554
0.40166417
0.40166453
0.4016678
0.40167484
0.401686
0.40170088
0.4017183
0.4017369
0.40175503
0.4017712
0.40178388
0.4017923
0.40179566
0.40179396
0.40178746
0.401777
0.40176365
0.4017489
0.4017343
0.4017209
0.40170932
0.40169936
0.40169036
0.40168124
0.40167058
0.40165725
0.40164077
0.40162104
0.4015985
0.40157422
0.40154916
0.40152457
0.40150163
0.40148112
0.40146387
0.40145025
0.40144053
0.40143505
0.40143418
0.40143833
0.4014477
0.40146247
0.40148273
0.4015081
0.4015379
0.40157095
0.4016057
0.40164044
0.40167305
0.40170175
0.40172485
0.40174142
0.40175107
0.40175387
0.40175048
0.40174225
0.40173075
0.40171772
0.40170485
0.4016936
0.40168494
0.40167943
0.4016773
0.4016784
0.40168253
0.40168926
0.40169832
0.40170917
0.40172166
0.40173537
0.40174958
0.40176308
0.40177456
0.40178266
0.40178636
0.40178522
0.40177915
0.4017689
0.40175542
0.40174007
0.4017242
0.40170896
0.40169546
0.40168396
0.40167484
0.40166798
0.40166345
0.40166065
0.4016589
0.40165716
0.40165418
0.4016487
0.4016399
0.40162742
0.40161163
0.40159342
0.4015741
0.40155557
0.40153936
0.40152672
0.4015185
0.401515
0.40151593
0.40152055
0.40152782
0.4015368
0.4015465
0.4015564
0.40156624
0.40157607
0.40158623
0.40159717
0.4016092
0.40162265
0.40163764
0.4016538
0.40167034
0.40168616
0.4017003
0.40171126
0.4017184
0.40172094
0.40171885
0.40171257
0.40170288
0.40169114
0.40167826
0.40166527
0.40165263
0.40164044
0.4016285
0.40161678
0.4016051
0.4015934
0.40158153
0.40156937
0.40155703
0.40154484
0.40153313
0.40152228
0.40151235
0.40150368
0.4014963
0.40149015
0.4014853
0.40148145
0.40147844
0.40147588
0.40147343
0.40147078
0.40146777
0.40146473
0.40146235
0.40146145
0.40146282
0.40146726
0.40147528
0.40148708
0.40150264
0.40152165
0.40154386
0.40156862
0.4015955
0.40162367
0.40165222
0.4016798
0.4017048
0.40172583
0.40174174
0.40175205
0.4017566
0.401756
0.40175098
0.40174285
0.40173292
0.40172264
0.40171322
0.40170598
0.401702
0.40170208
0.40170658
0.40171525
0.40172714
0.40174082
0.40175462
0.40176678
0.40177575
0.4017805
0.40178037
0.40177563
0.401767
0.40175572
0.40174323
0.40173125
0.40172118
0.40171424
0.4017111
0.40171227
0.40171742
0.40172604
0.40173706
0.40174967
0.40176237
0.40177366
0.40178218
0.40178657
0.4017859
0.40177962
0.4017676
0.40175053
0.40172938
0.4017056
0.4016809
0.40165684
0.40163472
0.4016155
0.40159962
0.4015872
0.40157786
0.4015712
0.40156677
0.401564
0.4015626
0.40156212
0.40156174
0.40156087
0.40155864
0.4015547
0.40154913
0.40154243
0.40153533
0.4015287
0.40152296
0.4015185
0.4015153
0.40151304
0.40151143
0.40151024
0.40150955
0.40150955
0.4015105
0.40151274
0.4015164
0.40152162
0.40152833
0.4015364
0.40154585
0.40155652
0.40156838
0.40158138
0.4015953
0.40161037
0.40162644
0.40164334
0.40166047
0.40167722
0.40169227
0.40170437
0.4017123
0.40171498
0.40171194
0.401703
0.40168855
0.40166944
0.40164703
0.40162286
0.4015987
0.4015758
0.40155506
0.40153685
0.4015213
0.4015081
0.4014968
0.40148702
0.40147886
0.40147233
0.40146786
0.4014658
0.40146628
0.40146932
0.40147492
0.40148273
0.4014923
0.40150294
0.40151405
0.40152526
0.40153655
0.40154824
0.40156108
0.40157583
0.40159312
0.4016132
0.40163592
0.40166065
0.4016866
0.4017129
0.40173858
0.40176246
0.40178356
0.40180072
0.40181318
0.40182048
0.40182263
0.40182006
0.4018135
0.4018041
0.40179303
0.40178165
0.4017712
0.4017629
0.40175754
0.4017553
0.40175635
0.40176076
0.4017685
0.4017798
0.40179446
0.40181196
0.40183133
0.40185127
0.40187082
0.40188876
0.40190437
0.40191716
0.4019268
0.40193307
0.40193614
0.40193608
0.4019331
0.40192723
0.40191877
0.40190765
0.40189403
0.40187812
0.40186042
0.4018416
0.40182263
0.40180463
0.40178886
0.40177637
0.40176794
0.40176362
0.4017626
0.40176365
0.40176517
0.40176523
0.40176257
0.4017563
0.40174598
0.40173197
0.401715
0.40169635
0.40167713
0.4016586
0.40164164
0.40162683
0.4016144
0.40160447
0.40159684
0.40159127
0.4015875
0.4015853
0.40158463
0.40158516
0.4015864
0.40158775
0.4015884
0.4015874
0.40158427
0.40157855
0.4015706
0.40156105
0.40155098
0.4015412
0.40153274
0.40152588
0.4015209
0.40151775
0.4015162
0.4015162
0.40151748
0.40151992
0.40152332
0.40152735
0.40153158
0.40153557
0.40153903
0.40154198
0.4015444
0.40154663
0.40154874
0.40155128
0.40155435
0.40155804
0.40156242
0.40156755
0.40157402
0.40158227
0.40159288
0.40160602
0.4016214
0.40163818
0.40165514
0.40167078
0.4016835
0.40169224
0.40169615
0.40169516
0.40168965
0.4016803
0.40166798
0.40165368
0.4016381
0.40162215
0.4016068
0.4015931
0.4015818
0.4015737
0.40156898
0.40156803
0.4015706
0.4015761
0.40158376
0.40159273
0.40160212
0.40161106
0.40161896
0.40162545
0.40163052
0.40163442
0.4016373
0.40163952
0.40164128
0.40164253
0.40164337
0.40164402
0.4016447
0.40164557
0.40164703
0.40164933
0.40165246
0.4016562
0.40166017
0.40166363
0.40166658
0.40166867
0.4016703
0.40167177
0.4016733
0.40167493
0.40167683
0.40167916
0.4016819
0.40168464
0.4016872
0.401689
0.40168962
0.40168825
0.40168458
0.4016786
0.40167058
0.40166068
0.4016495
0.40163714
0.40162376
0.40160963
0.40159506
0.40158054
0.4015668
0.4015546
0.4015448
0.40153787
0.4015342
0.40153396
0.40153685
0.40154248
0.4015501
0.4015591
0.40156874
0.40157825
0.40158695
0.40159386
0.40159824
0.40159965
0.40159792
0.40159312
0.40158615
0.40157777
0.40156916
0.4015614
0.40155548
0.40155214
0.4015517
0.40155414
0.4015594
0.40156716
0.40157688
0.40158775
0.40159884
0.4016095
0.40161917
0.4016276
0.40163487
0.40164143
0.40164787
0.4016546
0.40166202
0.4016701
0.4016787
0.40168777
0.40169698
0.40170604
0.40171435
0.40172112
0.40172562
0.40172732
0.401726
0.4017219
0.40171546
0.40170735
0.40169847
0.40168935
0.40168026
0.40167108
0.40166107
0.40164974
0.4016366
0.40162158
0.4016052
0.4015882
0.40157136
0.4015555
0.40154108
0.4015291
0.40152028
0.4015152
0.40151438
0.40151802
0.40152586
0.40153748
0.40155208
0.40156844
0.4015854
0.40160158
0.40161583
0.40162745
0.40163624
0.40164274
0.40164772
0.4016522
0.40165672
0.40166163
0.40166634
0.40167013
0.40167177
0.4016703
0.4016651
0.4016562
0.40164402
0.40162957
0.40161407
0.4015987
0.40158418
0.40157112
0.4015599
0.40155062
0.40154356
0.40153885
0.4015365
0.40153646
0.4015389
0.4015439
0.40155146
0.4015618
0.4015746
0.40158996
0.4016077
0.40162745
0.40164873
0.4016708
0.40169263
0.4017128
0.4017296
0.40174183
0.4017486
0.40174958
0.401745
0.40173575
0.40172288
0.40170768
0.40169153
0.40167555
0.4016606
0.4016471
0.40163523
0.40162498
0.4016161
0.40160844
0.40160185
0.40159646
0.40159237
0.40158963
0.40158817
0.40158772
0.40158826
0.40158972
0.40159243
0.4015965
0.4016019
0.4016086
0.40161613
0.40162423
0.40163222
0.40163958
0.40164542
0.4016492
0.40165073
0.4016499
0.4016471
0.40164253
0.40163642
0.4016286
0.4016188
0.40160677
0.40159237
0.40157607
0.4015585
0.40154046
0.401523
0.4015067
0.40149218
0.40148002
0.40147033
0.4014634
0.40145916
0.4014575
0.40145823
0.40146112
0.40146598
0.40147257
0.401481
0.40149134
0.4015034
0.40151697
0.40153164
0.40154678
0.40156168
0.4015754
0.4015869
0.40159503
0.40159863
0.40159726
0.40159068
0.40157965
0.40156496
0.40154788
0.40152946
0.40151066
0.40149242
0.4014755
0.40146044
0.4014477
0.4014375
0.4014296
0.40142414
0.4014209
0.40142
0.4014215
0.40142533
0.40143156
0.40143985
0.40144986
0.40146086
0.40147203
0.40148237
0.40149122
0.4014981
0.40150288
0.40150556
0.40150666
0.40150645
0.4015056
0.40150437
0.40150324
0.4015026
0.40150315
0.40150544
0.40151036
0.40151832
0.40152937
0.40154362
0.40156078
0.4015806
0.40160263
0.40162602
0.40164992
0.40167296
0.401694
0.4017117
0.4017253
0.4017337
0.40173644
0.4017332
0.40172434
0.4017107
0.40169343
0.40167397
0.40165403
0.40163532
0.40161937
0.4016075
0.40160066
0.4015993
0.40160367
0.40161362
0.40162864
0.4016481
0.40167078
0.40169555
0.401721
0.40174574
0.40176862
0.40178877
0.40180543
0.40181798
0.40182593
0.40182924
0.40182757
0.40182117
0.40180993
0.40179428
0.40177476
0.40175205
0.40172714
0.40170163
0.40167704
0.40165508
0.40163708
0.40162382
0.40161544
0.40161163
0.40161142
0.40161347
0.4016161
0.40161774
0.40161708
0.40161356
0.40160707
0.4015984
0.4015888
0.40158
0.4015738
0.401572
0.40157658
0.4015898
0.40161467
0.40165547
0.40171802
0.4018108
0.40194523
0.40213802
0.40241128
0.40279424
0.40332827
0.40407065
0.4050989
0.4065187
0.40847138
0.41117787
0.41486046
0.41982868
0.4265564
0.43568495
0.44782665
