0.44270253
0.43223754
0.42439133
0.41848662
0.41407904
0.41082367
0.40843347
0.40666893
0.4053697
0.40441763
0.40371704
0.40320086
0.40281945
0.40253597
0.4023237
0.40216333
0.4020412
0.4019475
0.40187562
0.4018211
0.4017808
0.40175256
0.40173417
0.40172356
0.40171847
0.40171647
0.4017157
0.40171418
0.4017107
0.4017043
0.4016949
0.40168276
0.40166855
0.4016529
0.40163645
0.40161952
0.40160215
0.40158424
0.401566
0.40154755
0.4015296
0.4015129
0.4014981
0.4014859
0.40147695
0.40147176
0.4014704
0.40147287
0.4014787
0.40148732
0.40149796
0.40150976
0.40152222
0.40153483
0.40154725
0.40155932
0.40157086
0.4015817
0.4015915
0.40160006
0.40160713
0.4016126
0.40161672
0.40161994
0.40162316
0.401627
0.40163183
0.40163764
0.4016442
0.4016513
0.40165854
0.401666
0.40167356
0.40168107
0.40168798
0.40169352
0.40169695
0.40169755
0.40169507
0.40168974
0.40168202
0.40167278
0.40166262
0.4016521
0.40164134
0.40163028
0.4016187
0.40160635
0.4015932
0.40157938
0.4015652
0.4015512
0.40153807
0.40152645
0.40151694
0.40151
0.4015059
0.40150476
0.40150648
0.40151063
0.40151644
0.40152296
0.40152916
0.40153414
0.40153712
0.40153787
0.40153623
0.40153226
0.40152615
0.40151808
0.4015087
0.4014988
0.40148947
0.40148154
0.40147606
0.40147376
0.40147537
0.40148145
0.4014923
0.40150765
0.4015271
0.4015496
0.40157375
0.40159792
0.40162024
0.40163884
0.4016525
0.4016604
0.40166274
0.40166014
0.40165377
0.40164497
0.40163523
0.40162605
0.4016184
0.4016129
0.4016097
0.4016086
0.40160936
0.40161186
0.40161613
0.40162253
0.40163174
0.40164438
0.4016608
0.40168115
0.40170515
0.4017319
0.4017603
0.40178886
0.4018159
0.40183994
0.40185967
0.4018739
0.40188196
0.40188342
0.40187824
0.40186647
0.40184847
0.401825
0.40179712
0.40176606
0.40173343
0.4017008
0.40166968
0.40164134
0.4016164
0.40159544
0.4015788
0.40156677
0.40155962
0.4015572
0.40155926
0.40156496
0.40157372
0.40158454
0.4015965
0.40160877
0.40162063
0.40163144
0.40164095
0.40164933
0.40165663
0.4016629
0.40166765
0.40167016
0.40166947
0.40166473
0.40165544
0.4016416
0.40162376
0.40160286
0.40158024
0.40155715
0.401535
0.40151486
0.4014973
0.4014828
0.40147147
0.401463
0.4014572
0.4014537
0.401452
0.40145147
0.40145147
0.40145177
0.40145206
0.4014524
0.40145287
0.40145376
0.4014551
0.401457
0.40145957
0.40146273
0.4014664
0.4014703
0.40147436
0.40147844
0.4014826
0.4014867
0.40149066
0.4014946
0.40149844
0.40150237
0.4015066
0.40151152
0.40151772
0.40152568
0.40153578
0.40154788
0.4015615
0.40157598
0.40159023
0.4016032
0.401614
0.40162212
0.4016276
0.40163088
0.40163276
0.40163404
0.4016356
0.40163818
0.4016423
0.40164822
0.4016557
0.4016642
0.40167278
0.4016803
0.40168568
0.40168807
0.40168703
0.4016825
0.40167487
0.4016649
0.40165332
0.40164077
0.4016279
0.40161526
0.40160313
0.40159187
0.40158135
0.40157175
0.40156314
0.40155557
0.40154907
0.40154362
0.401539
0.4015352
0.40153223
0.4015302
0.4015293
0.40152952
0.40153104
0.40153402
0.4015385
0.40154424
0.40155113
0.40155876
0.40156677
0.40157467
0.40158203
0.40158856
0.40159395
0.4015981
0.40160075
0.4016017
0.40160078
0.40159777
0.4015926
0.40158534
0.40157598
0.40156457
0.40155146
0.40153712
0.40152246
0.40150854
0.40149635
0.40148675
0.40148044
0.40147746
0.40147787
0.40148148
0.40148807
0.40149736
0.40150905
0.40152285
0.4015385
0.40155548
0.40157312
0.40159038
0.4016061
0.40161908
0.40162838
0.4016335
0.40163463
0.40163222
0.40162745
0.40162134
0.40161505
0.4016095
0.4016057
0.4016041
0.40160483
0.4016082
0.4016139
0.40162158
0.40163115
0.40164214
0.40165403
0.40166637
0.40167862
0.40169036
0.40170097
0.40171006
0.40171754
0.4017235
0.40172833
0.40173274
0.4017372
0.40174228
0.4017481
0.40175453
0.40176085
0.40176612
0.40176916
0.40176877
0.40176418
0.40175495
0.40174112
0.40172297
0.40170154
0.4016781
0.401654
0.40163094
0.4016101
0.40159252
0.4015788
0.40156886
0.4015625
0.40155905
0.4015576
0.40155694
0.40155613
0.40155426
0.40155098
0.40154636
0.40154096
0.40153563
0.40153107
0.401528
0.40152696
0.401528
0.4015308
0.4015349
0.40153927
0.4015429
0.401545
0.401545
0.4015432
0.40154028
0.40153763
0.40153646
0.4015378
0.40154243
0.40155062
0.40156245
0.4015774
0.40159476
0.40161362
0.4016328
0.4016512
0.40166754
0.4016808
0.40169024
0.40169555
0.4016967
0.40169415
0.40168872
0.40168175
0.4016746
0.40166885
0.4016658
0.4016664
0.40167126
0.40168044
0.40169352
0.40170974
0.40172789
0.40174636
0.4017635
0.40177763
0.4017873
0.4017916
0.40178993
0.4017821
0.4017686
0.40175
0.40172765
0.40170282
0.40167698
0.40165162
0.401628
0.4016068
0.4015886
0.40157357
0.4015622
0.40155473
0.40155157
0.40155312
0.40155968
0.4015712
0.40158758
0.4016082
0.4016323
0.40165865
0.40168577
0.401712
0.40173563
0.40175542
0.40177017
0.40177912
0.40178156
0.4017772
0.40176618
0.40174907
0.40172678
0.40170074
0.4016724
0.40164325
0.4016145
0.40158734
0.40156257
0.40154096
0.4015228
0.40150842
0.40149802
0.4014915
0.4014889
0.40149024
0.40149546
0.40150452
0.40151724
0.40153345
0.40155262
0.40157402
0.40159672
0.4016196
0.4016415
0.4016612
0.4016775
0.40168962
0.40169695
0.40169975
0.40169874
0.4016953
0.4016913
0.4016889
0.4016906
0.40169913
0.40171772
0.40175045
0.4018031
0.40188354
0.40200338
0.40217888
0.40243468
0.40280038
0.40331843
0.40404698
0.4050643
0.40647653
0.40842506
0.4111303
0.4148145
0.41978654
0.42651993
0.43565553
0.44780514
