0.4426778
0.4322032
0.42434663
0.41842994
0.41400877
0.4107379
0.40833148
0.40655023
0.4052343
0.4042667
0.40355262
0.40302604
0.40263835
0.402354
0.40214643
0.40199602
0.40188807
0.40181154
0.401758
0.40172112
0.40169623
0.4016801
0.40166992
0.40166354
0.4016591
0.4016551
0.4016507
0.40164524
0.40163854
0.40163046
0.40162095
0.40160993
0.40159747
0.40158427
0.40157068
0.40155745
0.40154514
0.401534
0.40152416
0.4015158
0.4015094
0.4015054
0.40150452
0.40150708
0.40151337
0.40152347
0.40153694
0.40155306
0.4015707
0.40158856
0.40160507
0.40161884
0.40162873
0.40163413
0.4016348
0.40163124
0.40162405
0.4016145
0.40160364
0.40159267
0.40158245
0.40157405
0.40156823
0.40156546
0.40156582
0.40156916
0.4015747
0.40158167
0.40158904
0.4015961
0.4016026
0.40160862
0.4016145
0.40162066
0.40162766
0.40163577
0.40164503
0.40165514
0.40166524
0.40167415
0.40168062
0.40168363
0.40168244
0.40167686
0.40166745
0.4016549
0.4016406
0.40162578
0.40161192
0.40160012
0.4015911
0.40158528
0.40158245
0.40158215
0.40158352
0.40158576
0.40158814
0.40159032
0.4015923
0.4015947
0.40159836
0.4016045
0.40161425
0.40162832
0.40164688
0.4016696
0.40169546
0.40172306
0.40175083
0.40177715
0.40180066
0.40182
0.4018342
0.4018424
0.4018441
0.40183917
0.40182775
0.40181017
0.40178722
0.40176004
0.40172997
0.4016988
0.40166846
0.40164104
0.40161848
0.4016022
0.40159324
0.40159193
0.40159833
0.40161172
0.40163133
0.40165588
0.40168366
0.40171278
0.4017412
0.40176708
0.40178907
0.4018059
0.40181684
0.40182126
0.40181896
0.40181026
0.4017955
0.40177563
0.4017515
0.4017244
0.40169585
0.40166733
0.4016399
0.4016145
0.4015912
0.40157032
0.4015519
0.40153626
0.40152404
0.4015156
0.40151146
0.40151185
0.40151653
0.4015251
0.40153664
0.40155023
0.4015648
0.4015794
0.40159306
0.40160483
0.4016137
0.40161896
0.40162048
0.40161842
0.40161362
0.40160695
0.4015998
0.4015933
0.40158862
0.40158683
0.40158835
0.40159348
0.4016019
0.40161312
0.40162644
0.40164065
0.40165454
0.40166667
0.4016756
0.40168026
0.40167987
0.40167442
0.40166444
0.40165105
0.40163583
0.4016204
0.40160644
0.40159526
0.40158787
0.40158486
0.40158615
0.40159133
0.40159956
0.40160993
0.40162116
0.40163204
0.40164113
0.40164736
0.40164995
0.40164888
0.40164456
0.40163782
0.4016297
0.40162095
0.4016123
0.40160418
0.40159684
0.4015909
0.40158686
0.40158528
0.4015862
0.40158972
0.4015951
0.4016018
0.40160882
0.40161556
0.4016218
0.4016276
0.40163362
0.4016404
0.4016483
0.4016576
0.40166804
0.40167934
0.40169057
0.40170088
0.40170926
0.40171525
0.40171877
0.40172014
0.40171996
0.40171888
0.40171796
0.40171805
0.40172
0.40172434
0.4017315
0.4017418
0.40175495
0.4017704
0.40178695
0.40180343
0.40181857
0.40183133
0.40184096
0.40184695
0.40184885
0.40184665
0.4018404
0.40183023
0.40181655
0.40179977
0.40178064
0.4017602
0.40173945
0.4017198
0.40170234
0.40168777
0.4016767
0.40166903
0.40166423
0.40166146
0.40165976
0.40165854
0.4016573
0.40165642
0.40165606
0.4016568
0.40165895
0.40166274
0.40166786
0.4016739
0.40168047
0.40168697
0.4016932
0.4016986
0.40170246
0.40170425
0.40170354
0.40170026
0.40169492
0.40168825
0.4016809
0.40167356
0.40166646
0.40166014
0.40165484
0.40165094
0.40164864
0.40164813
0.40164888
0.40165034
0.40165162
0.40165204
0.4016512
0.4016493
0.40164694
0.40164497
0.40164453
0.40164658
0.4016517
0.4016601
0.4016715
0.40168512
0.40169993
0.40171495
0.40172935
0.4017426
0.40175453
0.40176544
0.4017757
0.401786
0.40179643
0.401807
0.40181717
0.40182638
0.40183374
0.40183857
0.40184
0.40183714
0.40182948
0.40181658
0.4017984
0.40177524
0.4017478
0.40171742
0.4016856
0.40165415
0.40162504
0.40160003
0.40158048
0.40156722
0.4015606
0.40156063
0.40156716
0.40157968
0.40159732
0.40161896
0.40164322
0.40166846
0.40169343
0.40171683
0.40173766
0.40175518
0.40176904
0.40177903
0.4017854
0.40178856
0.40178943
0.40178856
0.40178677
0.40178487
0.40178308
0.40178123
0.4017787
0.4017744
0.4017674
0.4017571
0.40174308
0.40172562
0.40170556
0.40168408
0.40166244
0.4016418
0.40162307
0.40160728
0.4015951
0.40158728
0.40158454
0.40158707
0.40159547
0.40160945
0.40162846
0.40165144
0.40167657
0.40170208
0.40172556
0.40174532
0.40175974
0.40176782
0.40176904
0.4017634
0.4017512
0.4017331
0.4017099
0.401683
0.40165377
0.4016238
0.40159437
0.40156645
0.4015405
0.40151718
0.40149692
0.40147993
0.40146616
0.40145585
0.40144873
0.40144455
0.40144292
0.40144333
0.4014453
0.40144843
0.40145242
0.40145734
0.4014637
0.40147164
0.40148154
0.40149367
0.4015078
0.40152365
0.4015407
0.40155825
0.40157554
0.40159157
0.40160507
0.40161526
0.4016214
0.40162352
0.401622
0.40161768
0.40161148
0.40160424
0.4015967
0.4015895
0.40158316
0.40157777
0.4015732
0.40156916
0.40156513
0.40156072
0.40155566
0.4015501
0.4015442
0.40153852
0.4015334
0.40152943
0.40152687
0.40152603
0.40152693
0.40152952
0.40153378
0.40153968
0.40154693
0.4015553
0.4015641
0.40157282
0.40158078
0.40158743
0.40159276
0.4015968
0.40160006
0.40160286
0.40160573
0.40160894
0.4016125
0.40161654
0.40162122
0.40162662
0.4016325
0.40163872
0.40164453
0.40164942
0.40165278
0.40165433
0.4016541
0.40165228
0.40164924
0.4016454
0.40164083
0.40163538
0.40162873
0.40162048
0.4016101
0.40159777
0.40158376
0.4015689
0.4015538
0.40153927
0.40152586
0.40151423
0.40150493
0.40149817
0.40149435
0.40149334
0.40149495
0.40149894
0.4015049
0.4015123
0.40152058
0.4015292
0.40153778
0.40154627
0.40155488
0.40156412
0.40157452
0.4015862
0.4015993
0.4016133
0.40162724
0.40164015
0.40165076
0.4016581
0.4016617
0.40166163
0.40165824
0.40165263
0.40164623
0.40164042
0.40163633
0.40163463
0.40163535
0.4016381
0.40164182
0.40164542
0.4016479
0.4016486
0.40164742
0.40164462
0.40164074
0.4016361
0.40163088
0.40162495
0.40161812
0.4016104
0.4016019
0.40159345
0.40158606
0.40158117
0.40158013
0.401584
0.4015934
0.4016083
0.40162805
0.40165162
0.4016775
0.401704
0.40172938
0.401752
0.40177056
0.40178454
0.4017937
0.40179864
0.40180013
0.4017994
0.40179744
0.4017949
0.40179226
0.40178946
0.40178636
0.4017832
0.40178025
0.40177792
0.40177655
0.40177655
0.401778
0.40178075
0.40178397
0.40178663
0.40178734
0.40178484
0.4017782
0.40176684
0.4017508
0.40173063
0.40170735
0.4016822
0.4016566
0.4016319
0.40160933
0.4015899
0.4015746
0.40156403
0.40155855
0.40155804
0.401562
0.4015698
0.40158033
0.40159225
0.40160415
0.4016144
0.40162188
0.40162608
0.4016268
0.40162444
0.4016201
0.4016148
0.40160957
0.40160528
0.40160245
0.40160108
0.40160108
0.4016019
0.40160298
0.40160385
0.4016041
0.40160304
0.40160057
0.4015964
0.40159082
0.4015843
0.40157792
0.40157232
0.4015682
0.4015657
0.40156445
0.4015637
0.40156242
0.40155944
0.40155387
0.40154523
0.4015334
0.40151912
0.40150347
0.401488
0.4014743
0.4014637
0.4014569
0.4014545
0.40145668
0.40146324
0.40147385
0.4014882
0.40150595
0.40152657
0.40154964
0.40157443
0.40159994
0.40162516
0.40164882
0.40167007
0.40168825
0.401703
0.4017142
0.4017218
0.40172562
0.4017257
0.40172228
0.40171587
0.40170735
0.40169752
0.4016871
0.4016768
0.40166765
0.4016603
0.40165508
0.40165198
0.40165058
0.4016502
0.40165016
0.40164998
0.40164974
0.40164965
0.40165004
0.40165132
0.40165392
0.4016581
0.40166408
0.40167212
0.40168193
0.40169325
0.40170574
0.40171903
0.40173337
0.40174952
0.4017694
0.4017963
0.40183485
0.40189183
0.4019764
0.40210077
0.4022815
0.40254328
0.40291482
0.4034376
0.40416887
0.4051859
0.40659416
0.40853515
0.4112296
0.41490135
0.41985998
0.42657873
0.43570083
0.4478375
