0.44253328
0.43201822
0.42413157
0.41819555
0.41376662
0.4104998
0.4081095
0.40635473
0.40507445
0.4041488
0.40348098
0.4030022
0.4026606
0.4024175
0.4022441
0.402119
0.40202704
0.40195712
0.4019015
0.40185493
0.401814
0.40177664
0.40174156
0.40170795
0.40167567
0.40164497
0.40161628
0.4015906
0.40156835
0.4015501
0.401536
0.40152594
0.40151983
0.40151724
0.40151784
0.4015211
0.4015266
0.40153387
0.40154248
0.40155178
0.40156105
0.4015691
0.40157506
0.40157828
0.40157855
0.40157607
0.40157154
0.40156573
0.4015593
0.401553
0.40154767
0.40154424
0.40154386
0.40154794
0.40155828
0.40157712
0.40160733
0.40165284
0.4017193
0.4018146
0.40194988
0.40214175
0.40241247
0.4027919
0.40332198
0.40406057
0.40508577
0.4065036
0.40845567
0.41116264
0.41484666
0.41981682
0.4265468
0.4356776
0.44782132
