0.44267732
0.43220344
0.42434838
0.41843426
0.41401672
0.4107503
0.40834862
0.40657178
0.40525928
0.40429363
0.4035796
0.40305078
0.40265834
0.40236667
0.4021497
0.40198854
0.40186924
0.4017814
0.40171695
0.4016699
0.4016355
0.4016102
0.40159094
0.40157527
0.4015612
0.40154737
0.40153304
0.40151817
0.40150318
0.40148887
0.40147606
0.40146554
0.4014579
0.40145358
0.40145317
0.4014568
0.40146467
0.4014765
0.4014917
0.40150928
0.40152788
0.4015457
0.40156108
0.4015725
0.40157896
0.40158042
0.40157738
0.40157115
0.4015633
0.40155515
0.40154797
0.40154257
0.40153915
0.4015376
0.40153724
0.40153724
0.4015367
0.40153506
0.40153217
0.40152833
0.40152422
0.40152064
0.40151834
0.40151805
0.40152055
0.4015263
0.4015356
0.4015486
0.4015648
0.40158343
0.40160325
0.40162292
0.4016411
0.40165696
0.40167007
0.40168062
0.4016894
0.40169752
0.40170622
0.40171656
0.40172923
0.40174472
0.401763
0.40178362
0.40180573
0.40182796
0.401849
0.40186748
0.40188226
0.4018924
0.40189734
0.40189677
0.40189087
0.40188006
0.4018652
0.40184727
0.40182748
0.40180704
0.4017874
0.40176967
0.40175527
0.40174475
0.40173808
0.40173444
0.40173244
0.40173042
0.40172672
0.40172014
0.40171
0.40169603
0.4016785
0.4016582
0.40163597
0.40161315
0.40159073
0.4015697
0.4015509
0.40153491
0.40152213
0.4015128
0.40150726
0.40150553
0.40150777
0.40151381
0.4015236
0.40153652
0.401552
0.4015689
0.40158606
0.40160233
0.40161633
0.40162662
0.40163216
0.40163222
0.40162677
0.40161633
0.4016019
0.401585
0.40156737
0.40155068
0.40153626
0.40152544
0.40151873
0.40151644
0.40151843
0.4015241
0.4015327
0.40154323
0.40155452
0.4015653
0.4015741
0.40157974
0.4015813
0.4015786
0.4015721
0.4015629
0.40155253
0.4015427
0.40153533
0.40153193
0.401534
0.40154207
0.4015564
0.401577
0.40160295
0.4016331
0.40166575
0.40169892
0.40173045
0.40175834
0.40178084
0.4017967
0.4018049
0.4018053
0.40179825
0.40178457
0.40176556
0.401743
0.40171874
0.40169463
0.401672
0.40165186
0.40163437
0.40161952
0.4016069
0.40159622
0.40158746
0.40158093
0.40157706
0.40157625
0.40157846
0.40158355
0.40159085
0.4015992
0.4016074
0.401614
0.401618
0.40161875
0.40161595
0.4016101
0.40160188
0.40159246
0.4015829
0.40157434
0.4015677
0.40156367
0.40156278
0.40156516
0.40157086
0.40157956
0.40159118
0.40160516
0.40162086
0.4016373
0.40165338
0.40166813
0.4016808
0.40169087
0.40169838
0.40170345
0.40170625
0.40170702
0.40170556
0.40170154
0.40169472
0.40168506
0.40167263
0.40165773
0.40164065
0.40162173
0.4016014
0.40158033
0.40155914
0.40153855
0.4015191
0.40150118
0.40148488
0.40147027
0.40145716
0.4014455
0.40143523
0.40142617
0.40141848
0.40141252
0.4014086
0.40140697
0.40140784
0.40141132
0.40141746
0.4014262
0.40143764
0.40145162
0.40146837
0.40148777
0.4015096
0.40153363
0.4015594
0.4015862
0.40161332
0.4016395
0.40166333
0.40168333
0.401698
0.4017062
0.40170753
0.40170184
0.4016896
0.40167168
0.4016495
0.40162456
0.40159875
0.4015736
0.40155053
0.4015302
0.40151337
0.40150023
0.40149066
0.40148443
0.40148115
0.40148002
0.4014803
0.40148112
0.40148184
0.40148208
0.40148187
0.4014813
0.40148053
0.40147957
0.4014787
0.4014783
0.40147856
0.40147993
0.40148264
0.401487
0.4014933
0.40150192
0.40151313
0.4015271
0.4015443
0.40156457
0.4015876
0.40161285
0.40163967
0.40166706
0.40169376
0.40171853
0.40174013
0.40175778
0.40177092
0.40177923
0.4017828
0.40178186
0.40177703
0.40176904
0.40175888
0.40174758
0.40173614
0.401725
0.4017144
0.40170446
0.40169498
0.4016858
0.40167636
0.40166593
0.40165415
0.401641
0.40162668
0.4016116
0.40159625
0.40158093
0.4015659
0.40155146
0.40153787
0.40152526
0.40151384
0.40150377
0.40149528
0.40148878
0.4014844
0.40148255
0.40148345
0.40148735
0.40149415
0.40150392
0.4015164
0.40153125
0.40154785
0.40156573
0.40158436
0.4016033
0.40162203
0.4016398
0.4016556
0.40166846
0.40167767
0.40168262
0.4016833
0.4016797
0.40167245
0.4016623
0.40165016
0.40163687
0.40162298
0.40160877
0.40159425
0.4015793
0.4015639
0.40154824
0.40153274
0.40151784
0.40150407
0.40149197
0.4014817
0.4014735
0.40146738
0.40146318
0.4014605
0.40145898
0.40145808
0.40145737
0.40145645
0.40145528
0.40145385
0.40145227
0.40145075
0.4014495
0.4014487
0.40144858
0.40144947
0.40145162
0.4014555
0.40146112
0.40146863
0.40147817
0.40148953
0.40150234
0.40151605
0.4015302
0.401544
0.4015567
0.40156725
0.40157476
0.40157822
0.40157714
0.4015716
0.40156227
0.4015501
0.40153667
0.4015233
0.40151134
0.40150198
0.40149593
0.40149382
0.40149578
0.40150186
0.40151197
0.40152556
0.40154183
0.40155977
0.40157813
0.40159553
0.4016109
0.40162364
0.4016334
0.40164047
0.40164512
0.4016477
0.4016482
0.40164658
0.40164262
0.40163627
0.4016276
0.40161675
0.40160415
0.40159017
0.40157542
0.4015606
0.40154663
0.40153405
0.40152362
0.40151578
0.4015106
0.40150806
0.40150782
0.40150943
0.4015123
0.4015162
0.401521
0.4015266
0.40153304
0.4015404
0.40154883
0.40155882
0.4015709
0.40158594
0.40160474
0.40162766
0.40165478
0.4016855
0.40171894
0.40175366
0.40178815
0.4018208
0.40185028
0.4018756
0.40189597
0.40191093
0.4019202
0.40192342
0.40192047
0.40191114
0.40189555
0.4018737
0.401846
0.4018129
0.40177512
0.40173364
0.40168995
0.40164554
0.40160227
0.4015618
0.40152553
0.4014946
0.40146974
0.40145132
0.4014395
0.40143386
0.401434
0.40143925
0.40144905
0.40146282
0.4014798
0.40149945
0.4015208
0.40154284
0.40156454
0.40158468
0.40160197
0.40161544
0.40162447
0.4016292
0.4016301
0.401628
0.40162396
0.40161884
0.40161332
0.40160787
0.40160283
0.40159887
0.4015966
0.4015968
0.40159997
0.4016062
0.40161514
0.4016261
0.40163812
0.40165022
0.40166122
0.40167037
0.40167713
0.40168133
0.4016833
0.40168363
0.40168318
0.40168312
0.40168422
0.4016868
0.4016903
0.4016938
0.40169588
0.40169504
0.40169036
0.40168118
0.40166765
0.40165052
0.40163112
0.401611
0.40159175
0.40157485
0.40156138
0.40155166
0.40154573
0.40154296
0.40154237
0.4015426
0.4015426
0.4015412
0.40153772
0.40153196
0.401524
0.4015143
0.40150353
0.40149233
0.40148115
0.40147033
0.4014599
0.4014501
0.40144113
0.40143338
0.4014273
0.4014236
0.40142286
0.4014254
0.40143123
0.40144026
0.4014519
0.4014655
0.40148035
0.4014956
0.40151075
0.40152532
0.40153897
0.4015512
0.40156153
0.4015694
0.40157443
0.4015769
0.40157726
0.40157652
0.40157586
0.40157655
0.40157923
0.40158424
0.40159163
0.40160066
0.4016104
0.40161973
0.401628
0.40163463
0.40164
0.40164462
0.40164924
0.40165418
0.40165946
0.4016644
0.40166783
0.40166825
0.40166467
0.40165636
0.40164346
0.40162677
0.40160775
0.40158808
0.4015695
0.4015536
0.40154165
0.40153474
0.40153337
0.4015379
0.40154818
0.40156376
0.40158388
0.40160742
0.40163305
0.40165913
0.4016838
0.40170538
0.40172237
0.40173388
0.40173942
0.40173915
0.40173352
0.4017237
0.40171096
0.40169683
0.401683
0.4016709
0.40166166
0.4016561
0.40165448
0.40165645
0.40166113
0.40166733
0.40167364
0.40167856
0.4016809
0.4016797
0.40167442
0.40166485
0.4016511
0.4016336
0.40161285
0.40158972
0.40156513
0.40154013
0.40151578
0.40149307
0.40147296
0.40145627
0.40144348
0.40143505
0.40143123
0.40143213
0.4014377
0.40144777
0.40146205
0.40148
0.40150118
0.40152475
0.40154994
0.4015757
0.40160063
0.4016236
0.40164334
0.40165937
0.40167174
0.40168098
0.40168792
0.40169367
0.40169933
0.40170544
0.40171215
0.40171888
0.40172476
0.40172884
0.4017302
0.40172812
0.40172225
0.4017129
0.40170044
0.40168616
0.40167135
0.40165767
0.40164652
0.40163893
0.40163523
0.40163523
0.40163827
0.4016435
0.40164965
0.40165567
0.401661
0.40166548
0.4016692
0.40167254
0.4016756
0.40167806
0.4016794
0.40167877
0.4016755
0.40166947
0.40166074
0.40164983
0.4016371
0.40162328
0.4016086
0.40159324
0.40157777
0.40156284
0.40154925
0.40153798
0.40152988
0.4015257
0.40152586
0.40153074
0.40154046
0.40155488
0.40157402
0.4015975
0.40162465
0.4016545
0.40168548
0.40171576
0.4017434
0.40176675
0.40178454
0.40179607
0.40180135
0.4018006
0.40179467
0.40178466
0.40177193
0.40175778
0.40174362
0.4017303
0.4017184
0.40170798
0.40169862
0.40168935
0.401679
0.40166664
0.40165144
0.4016334
0.40161276
0.4015904
0.40156737
0.40154478
0.40152365
0.40150493
0.40148914
0.40147686
0.40146837
0.40146413
0.40146452
0.40146947
0.4014787
0.4014917
0.4015076
0.4015251
0.40154302
0.40155962
0.4015736
0.4015838
0.4015898
0.40159175
0.40159014
0.40158597
0.4015802
0.40157416
0.40156862
0.40156418
0.4015609
0.40155867
0.40155694
0.4015555
0.4015536
0.40155098
0.40154737
0.40154284
0.4015378
0.4015328
0.40152863
0.40152603
0.40152577
0.40152824
0.40153363
0.40154168
0.4015518
0.4015632
0.40157503
0.40158638
0.4015964
0.40160435
0.4016095
0.40161175
0.40161088
0.40160742
0.401602
0.4015954
0.40158847
0.40158185
0.401576
0.40157104
0.40156662
0.40156257
0.4015585
0.4015542
0.40154982
0.40154582
0.40154275
0.40154117
0.40154102
0.40154216
0.40154403
0.40154585
0.4015467
0.40154618
0.4015444
0.40154174
0.40153885
0.40153643
0.40153518
0.4015356
0.40153807
0.4015425
0.40154874
0.40155625
0.40156448
0.4015731
0.40158185
0.40159068
0.4015993
0.40160742
0.40161484
0.40162125
0.40162668
0.4016315
0.4016364
0.40164182
0.40164796
0.40165445
0.40166065
0.40166572
0.40166885
0.40166962
0.40166792
0.4016642
0.40165928
0.4016541
0.40164977
0.401647
0.40164614
0.40164703
0.40164912
0.4016515
0.40165305
0.4016527
0.40164983
0.40164396
0.40163532
0.40162402
0.40161055
0.40159535
0.40157926
0.40156308
0.40154797
0.40153497
0.40152505
0.40151888
0.40151703
0.4015198
0.40152735
0.40153942
0.40155575
0.40157565
0.40159795
0.4016215
0.40164468
0.40166578
0.40168327
0.401696
0.401703
0.40170416
0.40169954
0.40168968
0.40167534
0.40165767
0.4016377
0.40161678
0.4015961
0.401577
0.4015607
0.40154788
0.4015391
0.40153453
0.40153435
0.4015384
0.40154636
0.40155777
0.40157238
0.40158936
0.4016079
0.40162665
0.4016445
0.40166017
0.40167263
0.4016809
0.40168467
0.40168414
0.4016796
0.40167177
0.40166125
0.40164906
0.40163592
0.40162265
0.40161
0.4015987
0.40158936
0.40158263
0.40157863
0.4015772
0.40157792
0.40157998
0.40158236
0.4015841
0.40158436
0.40158245
0.40157786
0.40157017
0.40155947
0.40154636
0.40153143
0.4015155
0.40149966
0.4014845
0.40147108
0.40145984
0.40145138
0.4014459
0.4014436
0.40144435
0.40144786
0.40145388
0.401462
0.4014717
0.40148252
0.4014943
0.4015069
0.40152037
0.40153435
0.4015483
0.4015614
0.40157264
0.40158093
0.40158546
0.40158612
0.40158343
0.40157828
0.40157187
0.4015653
0.40155974
0.40155593
0.4015543
0.40155482
0.4015573
0.40156093
0.40156513
0.4015688
0.40157127
0.40157232
0.4015718
0.40157
0.4015672
0.4015636
0.40155986
0.40155658
0.4015545
0.4015542
0.4015561
0.40156057
0.40156776
0.40157768
0.4015899
0.4016038
0.4016184
0.4016326
0.40164524
0.40165538
0.40166265
0.40166742
0.40167037
0.40167236
0.40167454
0.40167767
0.4016824
0.401689
0.40169773
0.40170842
0.401721
0.40173477
0.4017488
0.4017616
0.40177187
0.40177825
0.40177998
0.40177664
0.40176845
0.40175617
0.40174097
0.4017246
0.40170857
0.40169463
0.4016839
0.4016773
0.40167508
0.40167695
0.4016819
0.40168858
0.40169522
0.40170047
0.40170303
0.40170228
0.40169796
0.40169036
0.40168032
0.40166906
0.40165824
0.4016496
0.40164468
0.4016447
0.4016505
0.4016623
0.40167987
0.40170223
0.4017281
0.4017556
0.40178287
0.40180793
0.40182924
0.4018454
0.40185565
0.4018594
0.40185633
0.40184665
0.40183067
0.40180933
0.40178397
0.40175632
0.40172818
0.4017014
0.40167725
0.4016567
0.40164018
0.401628
0.4016196
0.40161452
0.401612
0.40161133
0.4016119
0.4016132
0.4016152
0.40161777
0.40162072
0.40162393
0.40162703
0.4016299
0.40163222
0.401634
0.40163502
0.4016353
0.40163505
0.40163475
0.40163466
0.40163505
0.40163583
0.40163693
0.40163815
0.4016391
0.40163934
0.4016384
0.40163612
0.40163276
0.40162864
0.40162438
0.40162063
0.4016179
0.40161678
0.40161753
0.4016202
0.40162423
0.40162888
0.40163288
0.4016349
0.40163386
0.40162924
0.40162107
0.40160993
0.40159675
0.40158272
0.4015687
0.40155566
0.40154412
0.40153474
0.401528
0.40152436
0.401524
0.40152705
0.40153328
0.401542
0.40155244
0.4015634
0.4015738
0.40158263
0.40158936
0.4015942
0.40159747
0.4016001
0.40160272
0.401606
0.40161026
0.4016155
0.40162152
0.40162778
0.4016339
0.40163988
0.4016462
0.40165418
0.40166572
0.40168345
0.4017105
0.40175036
0.4018076
0.40188822
0.4019998
0.40215293
0.40236294
0.40265095
0.403045
0.40358567
0.40432948
0.40535358
0.40676346
0.40870082
0.4113862
0.41504505
0.4199872
0.4266854
0.43578526
0.44789875
