0.44263482
0.43215084
0.42429093
0.41837773
0.4139672
0.41071397
0.40833044
0.40657598
0.40528932
0.40435132
0.40366587
0.40316537
0.40279976
0.40253168
0.4023336
0.40218496
0.40207106
0.4019808
0.40190673
0.40184352
0.40178785
0.40173796
0.40169272
0.4016522
0.40161663
0.4015867
0.40156287
0.40154567
0.40153542
0.4015322
0.40153566
0.401545
0.4015589
0.40157562
0.4015933
0.40160993
0.40162402
0.40163437
0.40164044
0.40164214
0.40163958
0.40163314
0.40162325
0.4016105
0.40159586
0.40158036
0.40156555
0.40155235
0.40154183
0.40153444
0.4015302
0.4015292
0.40153083
0.40153483
0.4015404
0.40154657
0.40155223
0.4015564
0.40155804
0.4015566
0.40155226
0.4015454
0.40153688
0.40152737
0.40151766
0.4015084
0.40150005
0.40149328
0.40148887
0.40148732
0.40148938
0.40149528
0.40150532
0.40151945
0.4015373
0.4015582
0.40158102
0.4016044
0.4016266
0.40164575
0.40166032
0.4016692
0.40167204
0.40166903
0.40166098
0.40164912
0.40163466
0.40161866
0.40160197
0.4015854
0.4015695
0.40155488
0.40154195
0.4015311
0.4015227
0.40151697
0.40151402
0.40151381
0.40151596
0.40151986
0.40152484
0.40153015
0.40153483
0.40153834
0.40153995
0.40153998
0.40153873
0.40153712
0.40153605
0.40153626
0.40153867
0.4015434
0.4015509
0.40156087
0.40157318
0.4015874
0.40160295
0.4016194
0.4016362
0.401653
0.40166953
0.40168533
0.40169975
0.40171203
0.40172148
0.4017276
0.40173027
0.40172988
0.40172687
0.40172225
0.40171665
0.40171057
0.40170452
0.40169877
0.40169367
0.40168974
0.4016872
0.40168625
0.40168652
0.4016874
0.40168798
0.40168738
0.40168488
0.40168044
0.40167424
0.40166682
0.4016588
0.40165058
0.4016423
0.40163386
0.4016248
0.40161505
0.40160453
0.40159392
0.40158385
0.4015752
0.40156874
0.40156466
0.401563
0.4015634
0.40156528
0.40156847
0.4015731
0.40157956
0.40158868
0.40160063
0.4016154
0.40163282
0.40165222
0.40167278
0.40169412
0.4017159
0.401738
0.40176025
0.40178227
0.40180343
0.40182287
0.40183988
0.40185395
0.4018646
0.4018717
0.40187514
0.40187478
0.4018703
0.40186146
0.40184796
0.40182987
0.40180725
0.4017808
0.40175137
0.40171996
0.40168786
0.40165624
0.40162638
0.40159938
0.40157622
0.4015573
0.40154278
0.40153277
0.40152693
0.40152535
0.401528
0.40153474
0.40154555
0.40155977
0.40157667
0.40159512
0.4016139
0.4016313
0.40164608
0.40165707
0.40166375
0.401666
0.40166426
0.4016593
0.40165225
0.40164438
0.40163663
0.40162998
0.401625
0.40162212
0.40162146
0.40162328
0.40162778
0.40163514
0.40164515
0.40165728
0.40167058
0.40168363
0.40169495
0.40170318
0.4017074
0.4017069
0.40170172
0.401692
0.40167838
0.40166178
0.40164348
0.4016251
0.40160802
0.40159371
0.40158308
0.40157673
0.4015747
0.40157628
0.4015806
0.4015863
0.40159208
0.4015968
0.40159994
0.40160125
0.40160114
0.40160033
0.40159944
0.40159935
0.40160045
0.40160304
0.40160745
0.40161362
0.40162134
0.40163025
0.40163958
0.4016488
0.4016577
0.40166634
0.40167508
0.40168446
0.40169474
0.40170604
0.40171775
0.40172902
0.40173873
0.40174642
0.40175155
0.40175444
0.401756
0.40175718
0.40175974
0.40176457
0.40177277
0.4017844
0.40179908
0.4018157
0.40183288
0.40184927
0.40186357
0.40187466
0.4018817
0.40188396
0.4018813
0.4018738
0.40186206
0.4018471
0.4018302
0.40181282
0.4017964
0.401782
0.40177026
0.40176094
0.40175334
0.4017463
0.40173867
0.4017296
0.40171888
0.4017066
0.40169355
0.40168053
0.40166843
0.40165803
0.40164986
0.4016441
0.40164077
0.40163958
0.40163982
0.4016406
0.4016407
0.40163898
0.40163463
0.4016271
0.40161628
0.40160277
0.40158704
0.40157017
0.40155303
0.4015363
0.40152058
0.4015063
0.40149388
0.4014842
0.40147766
0.4014747
0.4014755
0.4014799
0.40148732
0.40149733
0.401509
0.4015215
0.40153447
0.40154758
0.40156084
0.40157387
0.40158615
0.4015972
0.40160647
0.40161368
0.401619
0.40162224
0.40162343
0.4016225
0.4016198
0.4016158
0.40161136
0.40160722
0.40160364
0.40160057
0.4015976
0.40159392
0.40158895
0.40158245
0.40157452
0.40156537
0.40155545
0.40154514
0.40153515
0.4015258
0.4015179
0.4015121
0.40150887
0.40150854
0.40151075
0.4015155
0.4015222
0.4015301
0.4015385
0.40154687
0.4015547
0.4015617
0.40156752
0.4015722
0.4015757
0.40157822
0.40157956
0.4015797
0.40157855
0.40157613
0.40157256
0.40156808
0.40156284
0.40155703
0.4015505
0.40154332
0.40153557
0.4015275
0.40151936
0.40151182
0.40150532
0.4015004
0.40149754
0.40149698
0.4014988
0.4015028
0.40150878
0.40151685
0.4015267
0.4015383
0.40155157
0.40156665
0.4015833
0.40160185
0.40162244
0.40164542
0.4016709
0.4016987
0.40172827
0.40175876
0.40178913
0.40181825
0.40184507
0.4018688
0.4018889
0.40190494
0.4019168
0.40192443
0.40192783
0.40192717
0.40192243
0.4019134
0.40190002
0.40188226
0.40185997
0.40183353
0.40180355
0.40177092
0.4017369
0.40170318
0.40167132
0.40164307
0.40161952
0.4016015
0.40158936
0.40158352
0.40158376
0.4015895
0.40159974
0.40161285
0.40162712
0.4016405
0.40165135
0.4016586
0.40166178
0.4016612
0.40165755
0.40165198
0.40164587
0.40164074
0.40163794
0.40163854
0.40164334
0.40165266
0.40166688
0.40168554
0.4017077
0.40173194
0.40175644
0.40177923
0.40179864
0.40181333
0.4018223
0.401825
0.40182132
0.40181154
0.401796
0.40177572
0.40175185
0.40172577
0.4016992
0.40167361
0.40165058
0.4016313
0.40161645
0.4016063
0.4016005
0.40159833
0.40159845
0.4015994
0.4015998
0.40159842
0.40159494
0.40158948
0.40158266
0.40157554
0.4015693
0.40156463
0.40156215
0.4015618
0.40156394
0.40156826
0.4015747
0.40158316
0.4015936
0.40160578
0.40161923
0.4016336
0.40164813
0.40166184
0.40167373
0.4016829
0.40168875
0.40169063
0.4016886
0.40168276
0.40167356
0.4016617
0.401648
0.4016334
0.4016189
0.40160528
0.40159303
0.40158245
0.4015736
0.40156618
0.40155992
0.4015545
0.4015496
0.401545
0.40154043
0.40153557
0.40153033
0.40152466
0.40151894
0.4015135
0.4015086
0.40150478
0.40150204
0.40150073
0.40150088
0.40150264
0.4015063
0.4015123
0.4015215
0.40153456
0.40155214
0.40157455
0.40160164
0.40163276
0.40166724
0.40170366
0.40174064
0.40177652
0.4018099
0.40183938
0.4018636
0.40188184
0.40189344
0.40189847
0.40189695
0.40188938
0.40187654
0.4018595
0.40183926
0.40181735
0.4017951
0.40177375
0.40175447
0.401738
0.40172496
0.40171555
0.4017096
0.4017063
0.401705
0.40170455
0.4017039
0.40170234
0.40169924
0.40169472
0.4016891
0.4016833
0.40167817
0.40167487
0.40167415
0.4016764
0.40168148
0.40168923
0.40169898
0.4017101
0.40172163
0.40173241
0.40174103
0.4017465
0.40174788
0.40174463
0.4017368
0.40172473
0.40170923
0.40169144
0.40167242
0.40165344
0.40163556
0.40161943
0.4016056
0.40159416
0.40158483
0.40157732
0.4015712
0.40156576
0.40156046
0.40155458
0.40154788
0.40154016
0.40153167
0.40152302
0.4015149
0.40150794
0.40150267
0.4014997
0.40149924
0.40150145
0.4015064
0.4015143
0.40152535
0.40153977
0.4015575
0.40157855
0.40160227
0.40162805
0.40165454
0.4016802
0.40170306
0.40172157
0.40173438
0.40174082
0.40174052
0.4017336
0.40172046
0.40170208
0.4016798
0.4016551
0.4016295
0.40160453
0.40158117
0.4015603
0.40154243
0.40152788
0.40151688
0.40150952
0.40150562
0.40150473
0.4015059
0.401508
0.40150973
0.40150988
0.401508
0.40150374
0.4014977
0.40149048
0.4014829
0.40147564
0.40146908
0.40146342
0.40145874
0.40145493
0.40145162
0.40144908
0.40144724
0.4014467
0.4014479
0.4014514
0.4014575
0.4014665
0.40147856
0.40149364
0.4015116
0.40153164
0.40155283
0.40157402
0.4015938
0.40161106
0.40162474
0.4016344
0.40163985
0.4016417
0.40164122
0.40163934
0.40163717
0.40163535
0.40163392
0.40163276
0.40163147
0.40162995
0.40162814
0.40162614
0.40162382
0.40162107
0.40161756
0.40161306
0.40160757
0.40160134
0.40159506
0.40158963
0.40158588
0.4015846
0.4015862
0.401591
0.40159857
0.40160835
0.40161934
0.4016301
0.40163913
0.40164536
0.40164793
0.40164655
0.4016416
0.40163386
0.40162444
0.4016148
0.40160638
0.40160048
0.40159824
0.40160057
0.4016082
0.40162137
0.40163997
0.40166336
0.40169057
0.40172008
0.40175027
0.40177938
0.4018058
0.40182814
0.40184543
0.40185696
0.40186253
0.40186238
0.40185684
0.40184662
0.4018324
0.40181538
0.4017967
0.40177774
0.40176028
0.40174592
0.4017362
0.40173227
0.40173474
0.40174368
0.40175828
0.40177774
0.40180048
0.40182477
0.401849
0.4018715
0.40189096
0.4019061
0.40191606
0.40192008
0.4019177
0.40190887
0.40189376
0.4018727
0.40184653
0.40181622
0.40178293
0.40174806
0.40171307
0.40167916
0.40164742
0.40161848
0.40159246
0.40156925
0.40154862
0.40153053
0.40151504
0.4015022
0.4014923
0.40148544
0.401482
0.40148205
0.4014857
0.40149274
0.40150288
0.40151522
0.40152898
0.4015428
0.40155542
0.40156573
0.40157297
0.4015773
0.40157908
0.4015794
0.40157938
0.40157983
0.40158147
0.4015843
0.40158805
0.4015919
0.40159485
0.40159643
0.40159622
0.4015947
0.40159252
0.401591
0.40159118
0.40159395
0.40160006
0.40160975
0.40162304
0.40163943
0.40165818
0.40167832
0.40169892
0.40171924
0.40173885
0.40175703
0.40177298
0.40178618
0.40179634
0.40180334
0.4018072
0.40180826
0.40180668
0.40180278
0.40179676
0.4017893
0.4017808
0.4017716
0.4017619
0.4017524
0.40174398
0.40173736
0.40173364
0.40173307
0.40173575
0.40174082
0.4017472
0.40175387
0.4017602
0.40176582
0.401771
0.40177628
0.40178207
0.40178832
0.40179473
0.4018006
0.40180522
0.4018079
0.40180823
0.4018059
0.40180093
0.4017932
0.40178278
0.40176952
0.4017534
0.4017343
0.40171236
0.4016879
0.40166143
0.40163374
0.40160593
0.4015788
0.4015532
0.4015298
0.40150917
0.4014917
0.4014774
0.40146628
0.40145814
0.40145266
0.40144968
0.40144908
0.40145087
0.40145504
0.40146163
0.40147027
0.40148085
0.40149274
0.4015055
0.40151814
0.40152985
0.40153986
0.40154758
0.40155277
0.4015553
0.40155545
0.4015538
0.4015513
0.40154955
0.40154964
0.40155256
0.40155908
0.4015696
0.4015841
0.40160236
0.4016239
0.40164778
0.40167323
0.40169898
0.4017236
0.40174568
0.40176377
0.40177706
0.40178484
0.40178686
0.4017833
0.40177467
0.40176168
0.4017455
0.40172723
0.40170813
0.40168902
0.4016709
0.4016545
0.4016406
0.40162933
0.4016208
0.40161476
0.4016105
0.4016074
0.40160468
0.40160152
0.40159765
0.40159285
0.4015877
0.4015824
0.40157777
0.40157434
0.40157238
0.40157208
0.40157342
0.40157613
0.40158013
0.4015851
0.40159056
0.40159586
0.40160024
0.40160275
0.4016026
0.40159962
0.40159383
0.40158594
0.40157703
0.40156794
0.40155956
0.40155232
0.4015464
0.40154177
0.4015381
0.40153533
0.40153354
0.40153304
0.401534
0.4015366
0.40154058
0.40154538
0.40155008
0.4015538
0.40155545
0.4015546
0.40155146
0.40154678
0.40154153
0.4015368
0.40153366
0.40153295
0.4015353
0.40154153
0.401552
0.40156674
0.4015853
0.4016068
0.40162998
0.40165323
0.40167484
0.40169328
0.40170732
0.40171605
0.4017192
0.40171707
0.40171024
0.40170008
0.4016881
0.40167585
0.40166467
0.4016557
0.40164992
0.4016479
0.40165004
0.40165657
0.40166745
0.40168244
0.40170094
0.40172234
0.40174538
0.40176895
0.4017915
0.40181187
0.4018288
0.40184167
0.40184975
0.4018529
0.401851
0.40184388
0.40183163
0.40181452
0.40179297
0.40176776
0.40173987
0.40171078
0.40168205
0.40165526
0.4016319
0.4016128
0.40159878
0.40159008
0.40158665
0.40158856
0.40159583
0.40160847
0.4016261
0.40164828
0.40167415
0.40170246
0.4017319
0.40176135
0.40178978
0.40181658
0.40184155
0.40186456
0.40188548
0.40190417
0.4019204
0.40193382
0.40194392
0.4019503
0.40195286
0.40195122
0.40194535
0.40193546
0.40192172
0.40190476
0.40188515
0.40186352
0.4018409
0.40181834
0.4017969
0.40177765
0.40176168
0.40174937
0.40174082
0.40173542
0.40173244
0.40173134
0.40173167
0.40173316
0.4017357
0.401739
0.40174246
0.40174523
0.4017465
0.40174583
0.4017429
0.40173796
0.40173164
0.40172508
0.40171972
0.40171698
0.4017181
0.40172386
0.40173447
0.40174943
0.40176815
0.40178934
0.40181154
0.40183303
0.40185207
0.40186715
0.40187705
0.40188086
0.40187833
0.40186927
0.40185437
0.4018343
0.40181002
0.4017829
0.4017545
0.4017263
0.40169975
0.40167588
0.40165532
0.4016382
0.40162456
0.40161407
0.40160674
0.40160227
0.40160048
0.40160093
0.40160277
0.40160495
0.4016062
0.4016052
0.4016014
0.4015947
0.40158564
0.40157548
0.40156564
0.40155753
0.40155268
0.40155208
0.4015568
0.4015671
0.40158302
0.40160385
0.40162846
0.40165517
0.40168205
0.40170735
0.40172952
0.40174744
0.40176046
0.40176842
0.40177158
0.4017706
0.4017663
0.40175974
0.40175176
0.40174308
0.4017345
0.40172645
0.40171933
0.40171334
0.4017084
0.4017043
0.40170082
0.40169784
0.4016956
0.40169483
0.40169623
0.4017007
0.4017087
0.40172008
0.4017342
0.40174985
0.40176553
0.4017796
0.40179065
0.40179765
0.40179986
0.40179712
0.4017895
0.40177727
0.40176114
0.40174225
0.40172175
0.40170103
0.40168136
0.40166333
0.40164736
0.40163332
0.40162122
0.40161103
0.40160248
0.40159526
0.40158895
0.40158322
0.40157798
0.40157315
0.40156922
0.40156662
0.40156585
0.40156695
0.4015701
0.40157518
0.40158203
0.40159062
0.4016008
0.401612
0.40162322
0.40163344
0.40164164
0.40164706
0.40164962
0.40164936
0.40164685
0.40164265
0.401637
0.40163
0.40162182
0.40161258
0.4016026
0.4015924
0.40158236
0.4015727
0.40156353
0.40155497
0.40154678
0.40153915
0.40153226
0.4015265
0.4015221
0.40151912
0.40151775
0.4015175
0.40151802
0.40151843
0.40151834
0.40151718
0.4015151
0.4015125
0.40151012
0.40150893
0.4015099
0.40151438
0.40152335
0.4015377
0.40155777
0.40158352
0.40161407
0.4016482
0.40168425
0.40172055
0.40175524
0.4017869
0.40181437
0.4018366
0.40185305
0.40186325
0.40186697
0.40186435
0.4018558
0.40184167
0.4018228
0.40179992
0.4017741
0.40174624
0.40171742
0.40168822
0.40165928
0.4016314
0.40160516
0.40158153
0.40156093
0.40154397
0.40153074
0.401521
0.4015144
0.4015104
0.40150863
0.4015091
0.4015118
0.40151694
0.40152466
0.40153497
0.4015475
0.40156156
0.40157625
0.40159056
0.40160334
0.40161365
0.4016211
0.40162557
0.4016276
0.40162787
0.40162706
0.40162572
0.40162402
0.40162176
0.40161824
0.40161303
0.4016057
0.40159667
0.40158647
0.4015761
0.40156665
0.40155923
0.40155485
0.40155426
0.40155807
0.40156662
0.40157974
0.40159717
0.40161806
0.4016414
0.4016659
0.40169027
0.40171322
0.40173376
0.40175107
0.40176445
0.4017736
0.40177846
0.4017792
0.4017762
0.40176988
0.4017608
0.40174943
0.4017365
0.40172282
0.401709
0.40169576
0.40168357
0.40167236
0.40166193
0.40165144
0.40164012
0.4016274
0.4016128
0.40159655
0.40157902
0.4015608
0.40154243
0.40152442
0.40150726
0.4014912
0.40147662
0.4014637
0.40145275
0.40144402
0.4014378
0.40143394
0.40143245
0.40143323
0.40143597
0.40144047
0.40144652
0.40145412
0.4014632
0.40147367
0.4014854
0.40149832
0.4015125
0.40152815
0.40154526
0.40156376
0.4015833
0.401603
0.4016217
0.40163827
0.40165192
0.4016622
0.40166935
0.40167394
0.40167654
0.4016778
0.40167803
0.4016773
0.40167552
0.40167245
0.40166798
0.40166256
0.40165657
0.40165102
0.4016469
0.40164545
0.40164742
0.401653
0.40166217
0.40167424
0.40168798
0.4017019
0.40171453
0.40172452
0.40173084
0.40173304
0.40173107
0.40172556
0.40171757
0.4017084
0.4016994
0.40169188
0.4016866
0.40168363
0.40168282
0.40168336
0.40168434
0.40168455
0.40168285
0.4016785
0.40167102
0.40166056
0.40164778
0.40163386
0.40161976
0.40160668
0.4015952
0.40158558
0.40157765
0.4015707
0.4015643
0.4015579
0.4015514
0.40154487
0.40153825
0.40153152
0.40152425
0.40151638
0.40150765
0.40149832
0.40148884
0.40148
0.40147257
0.4014675
0.40146562
0.40146762
0.40147403
0.40148476
0.40149984
0.40151873
0.4015409
0.40156534
0.4015909
0.40161607
0.40163907
0.40165862
0.40167364
0.4016836
0.4016887
0.40168986
0.4016884
0.40168622
0.40168527
0.40168712
0.40169302
0.40170333
0.40171784
0.40173572
0.401756
0.40177736
0.40179893
0.40181965
0.40183863
0.40185514
0.40186852
0.401878
0.40188313
0.40188336
0.40187797
0.40186673
0.4018495
0.40182653
0.4017984
0.4017662
0.40173152
0.40169576
0.40166107
0.40162903
0.40160134
0.40157914
0.40156305
0.4015534
0.40154988
0.4015519
0.4015585
0.40156862
0.40158108
0.40159494
0.4016091
0.40162286
0.4016351
0.40164497
0.401651
0.40165246
0.401649
0.40164083
0.40162897
0.40161464
0.4015996
0.40158528
0.40157288
0.40156317
0.40155616
0.40155166
0.40154916
0.4015482
0.4015484
0.40154964
0.40155184
0.4015546
0.40155762
0.40156004
0.40156126
0.40156052
0.40155745
0.40155217
0.40154502
0.4015367
0.40152788
0.40151936
0.40151218
0.40150717
0.40150473
0.4015051
0.40150806
0.40151346
0.4015209
0.40153006
0.4015403
0.4015511
0.40156138
0.40157002
0.40157598
0.4015785
0.40157723
0.40157256
0.40156522
0.4015562
0.40154645
0.40153685
0.40152827
0.40152094
0.40151516
0.40151075
0.4015073
0.40150434
0.40150148
0.40149862
0.40149564
0.40149316
0.40149143
0.4014914
0.40149394
0.40149963
0.4015092
0.40152273
0.4015403
0.40156123
0.40158486
0.40161005
0.40163556
0.40166005
0.40168235
0.40170175
0.40171787
0.40173107
0.40174183
0.40175083
0.40175834
0.40176457
0.40176922
0.40177175
0.40177178
0.40176904
0.40176386
0.40175676
0.4017487
0.40174064
0.40173382
0.4017288
0.401726
0.40172526
0.40172595
0.4017275
0.4017293
0.401731
0.40173277
0.40173465
0.40173683
0.40173933
0.40174183
0.40174353
0.40174353
0.40174112
0.40173575
0.40172747
0.40171692
0.40170506
0.4016932
0.40168294
0.40167552
0.4016716
0.4016716
0.40167508
0.40168145
0.40168944
0.401698
0.40170598
0.40171248
0.40171632
0.40171683
0.40171367
0.40170714
0.40169808
0.40168786
0.40167817
0.40167043
0.4016662
0.40166643
0.40167174
0.40168244
0.40169778
0.40171683
0.4017377
0.4017585
0.4017772
0.4017923
0.4018024
0.40180686
0.4018054
0.4017985
0.40178704
0.40177238
0.4017559
0.4017394
0.4017244
0.4017123
0.40170392
0.4016997
0.40169904
0.40170115
0.40170455
0.401708
0.4017102
0.40171033
0.40170765
0.40170208
0.4016933
0.40168166
0.40166736
0.4016511
0.4016337
0.40161633
0.40160015
0.4015863
0.40157554
0.40156874
0.40156633
0.40156865
0.40157586
0.40158802
0.4016049
0.4016263
0.4016516
0.40167978
0.4017097
0.40173966
0.40176812
0.40179363
0.40181482
0.4018305
0.40183973
0.40184167
0.40183586
0.40182215
0.40180105
0.40177336
0.4017404
0.40170383
0.4016655
0.40162727
0.40159076
0.4015574
0.40152797
0.4015032
0.4014831
0.40146747
0.40145653
0.40144995
0.40144745
0.40144897
0.40145436
0.4014637
0.40147692
0.40149394
0.40151456
0.40153852
0.4015653
0.40159416
0.40162444
0.40165493
0.4016844
0.40171126
0.40173423
0.4017521
0.40176436
0.40177098
0.4017724
0.40176964
0.40176377
0.40175617
0.40174806
0.40174034
0.4017337
0.4017287
0.40172562
0.40172473
0.40172577
0.40172815
0.40173107
0.40173343
0.4017338
0.40173087
0.40172374
0.4017117
0.40169457
0.40167245
0.40164623
0.40161717
0.40158674
0.40155667
0.40152857
0.4015039
0.40148357
0.4014683
0.40145838
0.40145382
0.40145454
0.40146035
0.4014709
0.40148562
0.40150392
0.40152484
0.4015471
0.40156963
0.40159136
0.40161157
0.40163004
0.40164724
0.40166387
0.40168092
0.40169907
0.40171844
0.4017387
0.40175894
0.40177792
0.4017948
0.40180838
0.401818
0.40182298
0.4018232
0.40181872
0.40181005
0.40179795
0.40178347
0.40176752
0.40175098
0.40173423
0.40171722
0.4016995
0.40168083
0.40166107
0.40164036
0.40161914
0.4015982
0.40157804
0.40155944
0.40154305
0.4015293
0.40151843
0.40151036
0.40150476
0.4015012
0.4014993
0.4014988
0.4014998
0.40150246
0.40150663
0.4015123
0.4015191
0.4015267
0.40153447
0.40154186
0.40154856
0.4015543
0.40155882
0.40156227
0.40156487
0.40156728
0.40157026
0.40157428
0.40157968
0.4015865
0.40159416
0.40160233
0.40161026
0.4016172
0.401623
0.401628
0.40163246
0.401637
0.40164188
0.40164724
0.40165284
0.40165806
0.40166205
0.40166402
0.4016633
0.40165982
0.40165368
0.40164518
0.40163478
0.40162274
0.4016093
0.40159446
0.40157855
0.40156195
0.40154517
0.40152895
0.40151381
0.40150025
0.40148872
0.40147963
0.40147328
0.40146983
0.4014696
0.40147284
0.4014797
0.40149012
0.40150368
0.4015198
0.40153772
0.4015563
0.40157437
0.4015904
0.40160295
0.40161088
0.40161344
0.40161037
0.40160212
0.40158933
0.40157318
0.40155488
0.40153545
0.40151575
0.40149665
0.40147874
0.40146232
0.4014477
0.40143505
0.40142444
0.4014155
0.40140826
0.40140268
0.40139887
0.40139708
0.40139753
0.4014002
0.40140533
0.40141287
0.40142283
0.401435
0.4014491
0.40146443
0.40148008
0.40149477
0.4015075
0.40151706
0.4015229
0.40152496
0.40152374
0.40152016
0.40151533
0.4015102
0.40150553
0.40150166
0.40149885
0.40149713
0.40149647
0.40149707
0.40149876
0.40150133
0.40150452
0.40150794
0.40151128
0.40151468
0.40151814
0.40152177
0.40152586
0.40153062
0.40153635
0.4015431
0.40155113
0.4015602
0.40157017
0.40158075
0.40159214
0.40160435
0.40161738
0.40163103
0.40164453
0.40165696
0.40166733
0.40167508
0.40167987
0.40168202
0.40168175
0.40167966
0.40167624
0.4016719
0.40166658
0.40166014
0.4016523
0.4016426
0.4016307
0.4016164
0.4015998
0.40158135
0.40156183
0.4015419
0.40152243
0.40150428
0.401488
0.4014741
0.40146282
0.40145436
0.40144882
0.40144596
0.40144584
0.40144813
0.4014525
0.4014583
0.40146488
0.4014718
0.40147856
0.40148476
0.40149006
0.40149376
0.40149546
0.40149477
0.40149218
0.40148836
0.401484
0.40148026
0.40147746
0.4014763
0.40147668
0.40147874
0.4014822
0.40148684
0.40149197
0.40149707
0.4015016
0.40150493
0.40150693
0.4015081
0.40150887
0.40150964
0.40151128
0.40151423
0.40151897
0.40152583
0.4015348
0.40154582
0.4015585
0.4015723
0.40158662
0.4016008
0.40161416
0.4016257
0.40163472
0.4016407
0.40164348
0.40164354
0.4016411
0.4016367
0.40163046
0.40162244
0.4016128
0.4016019
0.40159032
0.40157866
0.40156737
0.4015567
0.40154675
0.40153793
0.40153095
0.4015263
0.4015244
0.4015256
0.40152976
0.4015367
0.4015459
0.40155655
0.40156755
0.40157756
0.40158546
0.4015905
0.40159237
0.4015916
0.40158916
0.4015865
0.40158492
0.4015857
0.40158963
0.40159723
0.4016083
0.40162244
0.40163904
0.4016569
0.4016747
0.40169084
0.4017038
0.40171227
0.40171528
0.40171263
0.40170437
0.40169123
0.40167427
0.40165478
0.40163404
0.40161332
0.40159357
0.4015754
0.40155905
0.40154463
0.40153167
0.40151998
0.40150884
0.40149805
0.40148753
0.40147725
0.40146744
0.40145832
0.40145025
0.40144327
0.40143773
0.40143326
0.40142983
0.40142703
0.40142497
0.4014236
0.40142304
0.40142345
0.40142524
0.40142876
0.4014344
0.40144214
0.40145215
0.40146413
0.40147784
0.40149263
0.40150753
0.40152186
0.40153465
0.40154514
0.4015526
0.40155667
0.40155762
0.40155604
0.40155295
0.40154934
0.40154633
0.40154457
0.40154445
0.40154618
0.40154967
0.4015548
0.40156132
0.40156892
0.40157753
0.40158677
0.40159622
0.4016051
0.40161276
0.40161806
0.4016201
0.4016183
0.40161252
0.40160337
0.4015915
0.4015782
0.40156457
0.40155157
0.40153986
0.4015296
0.40152106
0.4015142
0.40150917
0.40150586
0.40150434
0.40150434
0.40150544
0.4015075
0.40151
0.4015128
0.40151575
0.40151858
0.40152133
0.401524
0.40152678
0.40152994
0.4015338
0.4015387
0.401545
0.40155277
0.40156224
0.40157324
0.40158552
0.40159884
0.40161312
0.40162814
0.40164372
0.40165973
0.401676
0.401692
0.40170717
0.40172127
0.40173405
0.40174583
0.4017569
0.40176803
0.40177944
0.40179113
0.40180275
0.40181354
0.40182242
0.40182844
0.40183055
0.40182817
0.40182066
0.40180787
0.40178975
0.4017666
0.40173903
0.40170786
0.40167427
0.40163967
0.4016057
0.40157375
0.40154523
0.40152082
0.40150124
0.4014866
0.4014767
0.4014712
0.40146992
0.40147245
0.40147844
0.40148756
0.40149912
0.4015126
0.40152735
0.40154296
0.4015589
0.40157434
0.40158856
0.40160048
0.4016093
0.4016145
0.4016161
0.40161434
0.40161
0.40160364
0.40159583
0.40158674
0.40157658
0.40156555
0.40155396
0.40154275
0.40153295
0.40152547
0.40152103
0.40152004
0.4015227
0.40152884
0.4015383
0.40155074
0.40156558
0.40158203
0.40159938
0.40161645
0.40163183
0.40164396
0.40165162
0.4016538
0.4016504
0.40164205
0.4016295
0.4016143
0.4015979
0.40158167
0.401567
0.4015551
0.40154693
0.40154293
0.40154332
0.40154797
0.40155625
0.4015672
0.40157968
0.40159237
0.40160418
0.40161452
0.40162307
0.4016299
0.401635
0.40163842
0.4016399
0.40163913
0.4016357
0.4016296
0.40162113
0.4016112
0.4016013
0.4015928
0.4015872
0.40158576
0.40158954
0.4015991
0.40161458
0.40163547
0.40166092
0.40168956
0.4017198
0.4017498
0.40177774
0.40180227
0.40182203
0.40183595
0.40184343
0.40184373
0.40183666
0.40182236
0.40180132
0.40177444
0.4017431
0.40170902
0.40167397
0.40164003
0.4016085
0.40158063
0.40155694
0.40153748
0.40152183
0.40150955
0.40150023
0.4014933
0.40148836
0.40148482
0.4014821
0.40147972
0.40147743
0.40147495
0.40147254
0.40147007
0.40146774
0.4014659
0.401465
0.40146556
0.401468
0.40147245
0.40147915
0.4014882
0.4015
0.40151486
0.40153307
0.4015551
0.40158096
0.40161055
0.40164334
0.4016784
0.4017146
0.40175036
0.40178424
0.40181497
0.40184134
0.4018624
0.4018775
0.40188596
0.40188766
0.40188244
0.40187058
0.40185252
0.40182933
0.401802
0.4017722
0.40174174
0.40171236
0.40168592
0.40166366
0.40164676
0.4016357
0.4016307
0.4016312
0.40163624
0.4016445
0.40165418
0.4016636
0.40167114
0.40167555
0.40167552
0.40167052
0.40166047
0.4016462
0.40162873
0.4016097
0.40159068
0.40157327
0.40155882
0.40154815
0.40154183
0.40153995
0.40154254
0.40154913
0.40155917
0.40157214
0.40158728
0.40160388
0.40162104
0.40163794
0.40165403
0.40166876
0.40168178
0.4016932
0.40170288
0.40171078
0.4017164
0.40171924
0.40171868
0.40171435
0.40170613
0.401694
0.40167847
0.4016603
0.40164053
0.40162048
0.40160125
0.40158406
0.40156966
0.40155858
0.40155098
0.4015466
0.40154526
0.4015464
0.4015498
0.401555
0.40156192
0.40157023
0.4015796
0.4015898
0.4016004
0.401611
0.40162095
0.40162987
0.4016373
0.40164265
0.40164518
0.40164444
0.40164006
0.40163222
0.40162158
0.4016092
0.4015965
0.40158477
0.4015754
0.40156913
0.40156645
0.4015674
0.40157172
0.40157866
0.40158734
0.4015967
0.4016056
0.40161335
0.40161952
0.40162438
0.40162846
0.40163267
0.4016376
0.4016437
0.40165102
0.40165913
0.4016675
0.401675
0.40168035
0.40168253
0.40168062
0.40167457
0.4016645
0.4016512
0.40163568
0.40161914
0.40160254
0.40158674
0.4015725
0.40156025
0.40155038
0.40154317
0.401539
0.4015381
0.40154046
0.40154594
0.40155426
0.40156496
0.40157744
0.4015911
0.40160534
0.40161976
0.40163413
0.4016485
0.40166262
0.40167612
0.40168825
0.40169805
0.40170467
0.40170753
0.4017065
0.4017017
0.40169364
0.40168285
0.40167007
0.4016557
0.40164044
0.40162495
0.40161
0.40159664
0.4015859
0.4015788
0.40157607
0.40157822
0.4015851
0.40159637
0.40161115
0.40162826
0.4016459
0.40166247
0.4016764
0.40168643
0.4016921
0.40169343
0.4016909
0.40168548
0.4016785
0.4016713
0.40166527
0.4016614
0.40166
0.4016608
0.40166315
0.40166613
0.4016692
0.4016721
0.401675
0.40167835
0.4016824
0.4016874
0.40169293
0.40169847
0.40170345
0.40170756
0.4017107
0.40171307
0.40171516
0.4017175
0.40172037
0.40172356
0.40172654
0.40172854
0.40172878
0.40172654
0.4017216
0.40171406
0.40170437
0.40169337
0.40168193
0.4016708
0.4016606
0.40165144
0.40164348
0.40163702
0.4016319
0.4016282
0.40162575
0.4016243
0.401624
0.40162528
0.40162846
0.40163404
0.40164217
0.4016527
0.40166527
0.4016794
0.40169457
0.40170985
0.40172428
0.40173644
0.40174523
0.40174988
0.40174994
0.40174532
0.40173647
0.40172383
0.4017084
0.4016908
0.40167192
0.4016525
0.4016334
0.4016157
0.40160048
0.4015889
0.401582
0.40158054
0.40158486
0.40159494
0.4016104
0.40163055
0.4016547
0.40168244
0.40171316
0.4017463
0.40178093
0.40181574
0.40184948
0.40188083
0.401909
0.40193325
0.4019533
0.4019691
0.40198073
0.40198848
0.4019924
0.40199298
0.4019904
0.40198487
0.40197667
0.40196592
0.40195298
0.401938
0.40192103
0.40190226
0.4018817
0.40185955
0.4018361
0.40181187
0.4017875
0.40176383
0.40174168
0.40172186
0.4017049
0.40169084
0.4016797
0.4016714
0.40166602
0.40166327
0.40166304
0.40166512
0.4016692
0.40167522
0.40168273
0.4016913
0.40170017
0.40170845
0.4017155
0.40172058
0.40172333
0.40172318
0.40171963
0.40171245
0.40170148
0.40168726
0.4016704
0.40165162
0.40163174
0.40161142
0.40159124
0.40157154
0.4015529
0.40153578
0.40152085
0.4015086
0.40149954
0.40149397
0.40149188
0.40149316
0.40149722
0.40150344
0.40151098
0.40151912
0.40152737
0.40153524
0.40154234
0.40154833
0.40155324
0.40155742
0.40156117
0.40156502
0.4015696
0.40157565
0.4015841
0.4015964
0.40161476
0.40164196
0.40168166
0.40173858
0.40181887
0.40193054
0.4020844
0.4022965
0.40258774
0.40298668
0.40353373
0.40428516
0.4053177
0.4067363
0.40868226
0.41137567
0.41504106
0.41998804
0.42668983
0.43579054
0.44790342
