0.44263166
0.43214598
0.42428347
0.41836664
0.41395104
0.41069135
0.40830094
0.40654007
0.4052485
0.40430775
0.40362227
0.40312463
0.40276453
0.40250453
0.40231678
0.40218082
0.40208152
0.40200803
0.401952
0.40190732
0.4018694
0.40183467
0.4018009
0.40176666
0.40173122
0.40169504
0.40165883
0.40162376
0.401591
0.40156144
0.40153584
0.40151465
0.40149838
0.40148732
0.40148196
0.4014825
0.40148878
0.40150058
0.4015173
0.4015381
0.40156174
0.4015868
0.401612
0.4016361
0.4016582
0.4016774
0.40169314
0.4017044
0.40171048
0.40171087
0.40170562
0.40169522
0.40168074
0.40166357
0.4016454
0.4016281
0.40161312
0.40160164
0.40159416
0.40159088
0.4015916
0.40159586
0.4016028
0.40161166
0.40162167
0.4016319
0.4016412
0.40164843
0.40165272
0.4016535
0.40165082
0.40164518
0.4016377
0.40162995
0.40162328
0.4016193
0.4016188
0.40162256
0.4016306
0.4016424
0.40165702
0.401673
0.401689
0.40170345
0.40171486
0.40172237
0.4017251
0.40172288
0.40171555
0.4017037
0.40168798
0.40166953
0.40164965
0.40162987
0.40161175
0.40159672
0.40158606
0.40158042
0.40158004
0.40158468
0.40159363
0.40160614
0.4016214
0.40163875
0.40165767
0.40167746
0.4016974
0.40171614
0.40173277
0.40174612
0.40175566
0.4017611
0.40176266
0.4017609
0.4017567
0.40175122
0.40174562
0.4017408
0.40173706
0.40173426
0.40173176
0.4017287
0.40172416
0.40171802
0.40171
0.4017006
0.4016901
0.40167847
0.40166542
0.4016506
0.40163377
0.4016149
0.40159446
0.40157342
0.40155318
0.40153527
0.40152088
0.4015111
0.40150657
0.4015077
0.40151444
0.40152648
0.40154323
0.40156373
0.40158686
0.40161133
0.4016357
0.40165883
0.4016797
0.40169787
0.40171334
0.40172654
0.40173817
0.40174848
0.40175775
0.40176553
0.401771
0.40177307
0.401771
0.40176424
0.4017526
0.4017366
0.40171686
0.40169448
0.40167052
0.4016462
0.40162238
0.40159974
0.40157855
0.40155923
0.4015424
0.40152848
0.40151823
0.4015123
0.40151057
0.4015129
0.4015186
0.4015267
0.4015359
0.40154502
0.4015531
0.4015596
0.4015647
0.40156922
0.40157434
0.4015811
0.4015903
0.40160218
0.40161654
0.40163282
0.40164998
0.40166706
0.40168312
0.40169707
0.40170804
0.40171528
0.40171862
0.4017183
0.40171477
0.40170887
0.4017015
0.4016937
0.40168628
0.40168044
0.40167665
0.40167522
0.40167576
0.4016775
0.40167895
0.40167874
0.40167558
0.40166846
0.401657
0.40164137
0.40162256
0.40160173
0.40158054
0.40156034
0.40154216
0.4015267
0.40151402
0.40150404
0.40149626
0.4014903
0.40148556
0.4014816
0.4014783
0.40147558
0.4014737
0.40147242
0.4014716
0.40147093
0.40146968
0.4014676
0.40146437
0.40145993
0.40145427
0.4014479
0.40144175
0.4014367
0.4014335
0.4014328
0.40143505
0.40144056
0.40144917
0.4014606
0.40147418
0.4014892
0.40150443
0.40151894
0.40153182
0.40154248
0.40155098
0.40155753
0.40156257
0.40156633
0.4015689
0.40157008
0.40156975
0.40156803
0.40156522
0.40156198
0.4015589
0.40155688
0.40155682
0.40155932
0.40156466
0.40157264
0.40158257
0.40159342
0.4016037
0.4016125
0.40161896
0.40162298
0.40162498
0.40162584
0.40162635
0.4016273
0.4016289
0.40163103
0.4016333
0.401635
0.40163556
0.40163442
0.40163147
0.40162686
0.40162113
0.40161496
0.40160936
0.40160537
0.4016042
0.40160695
0.4016142
0.4016263
0.40164307
0.40166408
0.40168813
0.4017141
0.40174022
0.40176487
0.40178648
0.40180385
0.40181604
0.40182254
0.40182313
0.4018181
0.40180787
0.4017929
0.40177393
0.4017515
0.4017264
0.40169957
0.4016722
0.40164545
0.40162033
0.40159762
0.40157786
0.40156135
0.40154815
0.40153837
0.40153176
0.40152797
0.40152666
0.4015271
0.40152898
0.40153158
0.40153435
0.4015366
0.40153757
0.4015364
0.40153235
0.401525
0.4015144
0.40150124
0.40148667
0.40147197
0.40145856
0.40144753
0.40144
0.40143654
0.4014376
0.4014436
0.40145463
0.40147054
0.4014912
0.4015163
0.40154526
0.40157726
0.40161145
0.40164658
0.4016814
0.4017146
0.40174484
0.40177092
0.4017919
0.4018071
0.40181604
0.40181836
0.40181416
0.40180355
0.40178704
0.40176553
0.40174004
0.40171206
0.40168327
0.4016557
0.40163103
0.401611
0.40159672
0.40158904
0.40158814
0.401594
0.4016061
0.4016238
0.4016465
0.4016737
0.40170476
0.40173844
0.40177342
0.4018082
0.40184137
0.401872
0.40189922
0.40192255
0.40194178
0.4019569
0.40196797
0.40197507
0.40197852
0.40197852
0.40197536
0.4019692
0.40196025
0.40194878
0.40193495
0.40191895
0.40190104
0.40188155
0.4018612
0.40184072
0.40182108
0.401803
0.40178704
0.4017734
0.40176156
0.40175104
0.40174115
0.4017316
0.40172237
0.40171367
0.40170616
0.40170026
0.40169632
0.40169418
0.40169352
0.4016943
0.4016964
0.40170053
0.40170717
0.40171707
0.40173045
0.40174714
0.40176645
0.40178722
0.40180838
0.4018288
0.4018477
0.40186444
0.4018786
0.40188962
0.4018973
0.4019012
0.40190092
0.40189627
0.4018871
0.4018733
0.4018552
0.40183344
0.40180895
0.40178287
0.40175676
0.4017322
0.4017107
0.40169328
0.40168092
0.40167397
0.40167215
0.4016749
0.4016812
0.4016897
0.4016989
0.4017075
0.40171486
0.4017204
0.40172398
0.40172556
0.40172473
0.40172094
0.40171376
0.40170267
0.40168738
0.4016679
0.4016447
0.40161872
0.40159142
0.40156394
0.4015375
0.40151304
0.4014911
0.40147182
0.4014553
0.4014414
0.40142986
0.40142083
0.4014144
0.4014111
0.4014111
0.40141466
0.40142193
0.4014328
0.40144727
0.40146503
0.4014857
0.40150884
0.40153378
0.40156004
0.40158713
0.40161428
0.40164062
0.40166497
0.401686
0.4017028
0.40171438
0.40172058
0.4017213
0.40171713
0.40170863
0.40169668
0.40168184
0.40166476
0.40164635
0.40162694
0.40160722
0.40158775
0.40156916
0.401552
0.40153673
0.401524
0.40151396
0.40150693
0.40150294
0.40150192
0.40150416
0.40150973
0.40151864
0.40153098
0.40154645
0.40156454
0.4015843
0.40160447
0.40162364
0.4016406
0.40165427
0.40166438
0.40167102
0.40167502
0.4016774
0.40167952
0.40168217
0.40168628
0.4016925
0.4017011
0.40171227
0.40172583
0.40174156
0.40175915
0.4017777
0.40179634
0.40181383
0.40182886
0.4018403
0.40184727
0.40184924
0.40184584
0.4018372
0.4018236
0.40180573
0.4017844
0.4017609
0.4017366
0.40171298
0.40169165
0.40167344
0.4016591
0.4016484
0.40164068
0.401635
0.40163
0.4016245
0.4016175
0.40160877
0.4015985
0.40158767
0.40157768
0.4015698
0.40156546
0.4015653
0.40156966
0.40157843
0.40159097
0.4016062
0.40162286
0.4016393
0.40165398
0.40166524
0.40167195
0.40167356
0.40166995
0.40166202
0.401651
0.40163872
0.40162686
0.4016169
0.40161002
0.40160683
0.40160763
0.40161228
0.40162063
0.40163222
0.40164644
0.40166205
0.40167782
0.40169206
0.40170345
0.4017106
0.40171292
0.40171015
0.4017025
0.40169078
0.40167588
0.40165916
0.40164188
0.40162495
0.4016092
0.4015951
0.40158355
0.4015752
0.4015708
0.40157035
0.40157375
0.40158018
0.40158862
0.40159765
0.4016059
0.4016121
0.40161553
0.40161574
0.40161297
0.40160763
0.40160072
0.40159324
0.4015862
0.40158057
0.40157714
0.40157634
0.4015785
0.40158358
0.40159163
0.4016026
0.40161628
0.40163216
0.40164933
0.4016668
0.4016837
0.40169936
0.4017136
0.4017267
0.40173897
0.40175086
0.40176263
0.40177402
0.40178457
0.4017932
0.40179893
0.40180087
0.4017983
0.40179098
0.4017792
0.40176353
0.401745
0.40172482
0.4017045
0.40168515
0.40166783
0.40165323
0.40164232
0.40163586
0.40163463
0.4016388
0.4016482
0.40166178
0.40167814
0.4016955
0.40171176
0.40172508
0.4017339
0.40173724
0.40173462
0.40172613
0.4017124
0.40169457
0.4016739
0.4016521
0.4016306
0.40161073
0.40159315
0.40157822
0.4015656
0.40155488
0.4015453
0.40153593
0.40152633
0.40151602
0.4015047
0.4014924
0.40147933
0.4014659
0.40145278
0.40144062
0.40143004
0.4014215
0.40141532
0.40141165
0.40141064
0.4014121
0.40141603
0.40142208
0.40142998
0.40143946
0.4014504
0.40146294
0.40147752
0.4014945
0.4015145
0.40153778
0.40156424
0.40159348
0.4016246
0.40165633
0.40168712
0.40171546
0.40174037
0.40176126
0.4017782
0.40179163
0.40180275
0.40181285
0.40182307
0.40183404
0.4018461
0.40185887
0.4018715
0.40188313
0.40189275
0.40189946
0.40190256
0.40190166
0.40189633
0.40188658
0.40187255
0.40185472
0.40183347
0.40180984
0.40178484
0.4017598
0.4017362
0.4017154
0.40169838
0.40168583
0.40167773
0.40167364
0.4016725
0.4016731
0.40167406
0.40167403
0.40167245
0.40166897
0.40166384
0.40165752
0.40165067
0.40164378
0.40163678
0.4016296
0.4016215
0.40161178
0.4015999
0.40158582
0.40156996
0.40155312
0.4015363
0.4015205
0.4015066
0.40149543
0.40148756
0.4014836
0.401484
0.40148905
0.40149906
0.4015139
0.4015331
0.401556
0.4015815
0.4016082
0.4016347
0.40165964
0.40168208
0.40170166
0.4017182
0.40173194
0.401743
0.40175146
0.40175736
0.4017604
0.40176046
0.40175754
0.401752
0.40174463
0.40173668
0.40172943
0.40172443
0.40172297
0.4017258
0.401733
0.4017442
0.4017584
0.401774
0.40178934
0.40180263
0.40181214
0.4018165
0.40181458
0.40180582
0.4017902
0.4017683
0.4017412
0.4017106
0.40167838
0.40164652
0.40161678
0.4015905
0.40156847
0.40155113
0.40153867
0.40153062
0.40152654
0.40152574
0.4015271
0.4015298
0.40153244
0.40153396
0.40153348
0.40153053
0.4015254
0.40151894
0.4015121
0.40150613
0.40150207
0.40150073
0.40150273
0.4015084
0.40151763
0.40152988
0.40154424
0.40155968
0.40157485
0.40158877
0.40160075
0.40160987
0.4016155
0.40161738
0.4016155
0.4016103
0.40160263
0.40159336
0.40158367
0.40157467
0.40156752
0.401563
0.40156183
0.40156412
0.40157008
0.40157908
0.40159026
0.40160227
0.4016137
0.401623
0.40162873
0.40162992
0.40162614
0.40161744
0.40160468
0.40158916
0.4015725
0.40155625
0.4015419
0.4015304
0.4015227
0.4015191
0.40152004
0.40152538
0.4015349
0.4015481
0.40156376
0.40158093
0.40159822
0.4016143
0.401628
0.40163827
0.40164495
0.40164796
0.40164796
0.4016458
0.40164223
0.40163782
0.4016329
0.40162766
0.4016219
0.40161532
0.40160748
0.40159833
0.40158805
0.4015774
0.40156743
0.40155897
0.40155315
0.40155023
0.40155038
0.40155327
0.4015583
0.40156487
0.40157238
0.40158042
0.40158856
0.4015964
0.40160355
0.40160978
0.40161523
0.4016201
0.40162447
0.40162846
0.4016319
0.4016343
0.40163523
0.401634
0.4016301
0.4016234
0.4016143
0.40160364
0.40159267
0.40158272
0.40157494
0.40157026
0.40156913
0.40157187
0.40157846
0.4015886
0.40160167
0.40161702
0.40163383
0.40165126
0.40166834
0.40168408
0.40169728
0.40170676
0.4017114
0.4017105
0.40170377
0.4016915
0.4016747
0.40165472
0.40163317
0.40161183
0.40159205
0.4015749
0.40156093
0.40155035
0.4015431
0.4015387
0.4015367
0.40153638
0.4015373
0.40153882
0.4015403
0.40154126
0.40154117
0.40153965
0.40153706
0.40153393
0.40153092
0.4015289
0.4015285
0.40153039
0.40153453
0.4015409
0.401549
0.40155822
0.40156758
0.40157658
0.4015848
0.40159234
0.4016001
0.40160936
0.40162215
0.40164134
0.4016704
0.40171427
0.40177944
0.40187466
0.4020117
0.4022074
0.4024844
0.40287182
0.4034108
0.40415817
0.4051908
0.4066134
0.40856653
0.41127017
0.41494706
0.4199068
0.42662296
0.43573818
0.44786546
