0.44266775
0.43219095
0.42433333
0.41841704
0.41399762
0.41073
0.4083278
0.40655124
0.40523994
0.4042762
0.40356436
0.4030376
0.40264672
0.40235552
0.40213785
0.40197492
0.40185314
0.40176252
0.40169546
0.40164608
0.4016097
0.40158245
0.40156165
0.40154526
0.40153217
0.40152192
0.40151432
0.40150934
0.401507
0.40150723
0.40151006
0.40151533
0.40152314
0.4015332
0.40154532
0.40155926
0.4015747
0.40159124
0.40160844
0.4016257
0.40164244
0.4016578
0.4016708
0.4016806
0.40168625
0.40168753
0.40168455
0.40167785
0.40166837
0.4016574
0.40164623
0.401636
0.40162757
0.40162113
0.4016166
0.40161362
0.40161172
0.4016107
0.4016104
0.40161046
0.4016106
0.40161023
0.4016087
0.40160567
0.4016012
0.40159583
0.4015905
0.40158638
0.40158457
0.4015861
0.40159166
0.4016015
0.40161517
0.4016319
0.40165034
0.4016687
0.40168527
0.40169838
0.4017071
0.40171093
0.40170965
0.40170377
0.40169394
0.401681
0.40166545
0.40164798
0.40162903
0.40160903
0.40158856
0.40156826
0.401549
0.40153158
0.40151638
0.401504
0.40149456
0.4014882
0.401485
0.40148476
0.40148732
0.40149286
0.4015011
0.40151182
0.40152466
0.40153894
0.40155354
0.40156725
0.4015789
0.40158704
0.40159062
0.4015892
0.40158272
0.40157172
0.40155703
0.40153974
0.40152106
0.4015019
0.4014834
0.40146652
0.4014519
0.4014402
0.40143156
0.40142608
0.4014236
0.40142378
0.4014262
0.40143055
0.4014365
0.40144366
0.40145203
0.40146127
0.4014711
0.4014811
0.4014908
0.40150008
0.4015092
0.40151846
0.40152842
0.4015396
0.40155232
0.4015666
0.40158203
0.40159777
0.40161267
0.40162575
0.40163606
0.4016431
0.401647
0.40164846
0.4016485
0.40164846
0.4016492
0.40165156
0.40165538
0.40166053
0.40166643
0.40167242
0.4016779
0.4016825
0.40168574
0.4016874
0.40168774
0.4016866
0.40168405
0.4016797
0.40167323
0.40166456
0.40165398
0.40164232
0.4016309
0.40162122
0.40161473
0.40161252
0.40161535
0.40162334
0.40163597
0.4016524
0.40167114
0.40169078
0.4017095
0.40172613
0.40173954
0.40174904
0.40175408
0.40175453
0.40175027
0.40174162
0.40172935
0.4017146
0.4016988
0.40168378
0.40167132
0.40166295
0.40165973
0.40166253
0.40167135
0.40168574
0.4017048
0.40172723
0.40175146
0.40177628
0.40180033
0.40182272
0.40184283
0.40186
0.40187374
0.4018837
0.4018897
0.40189156
0.40188938
0.4018832
0.401873
0.40185875
0.40184072
0.40181947
0.40179574
0.4017705
0.40174508
0.40172103
0.40169975
0.40168247
0.40166995
0.40166238
0.40165913
0.4016592
0.40166074
0.4016621
0.40166143
0.40165752
0.4016495
0.40163735
0.40162155
0.40160295
0.40158278
0.40156245
0.40154305
0.40152583
0.40151152
0.40150094
0.4014946
0.4014928
0.40149543
0.4015022
0.4015126
0.40152583
0.401541
0.40155736
0.40157425
0.4015916
0.40160936
0.40162757
0.4016457
0.40166298
0.4016783
0.40169078
0.40169957
0.4017046
0.40170622
0.4017047
0.4017007
0.40169472
0.40168703
0.4016775
0.40166587
0.4016519
0.40163535
0.40161678
0.40159667
0.4015758
0.4015551
0.40153545
0.40151775
0.4015028
0.40149134
0.40148374
0.4014802
0.4014806
0.40148488
0.4014929
0.40150446
0.40151954
0.4015379
0.4015596
0.40158403
0.4016108
0.40163898
0.40166748
0.40169483
0.4017198
0.40174124
0.4017581
0.4017698
0.40177563
0.40177536
0.4017689
0.40175644
0.40173844
0.401716
0.40169019
0.4016627
0.40163526
0.40160936
0.40158632
0.40156737
0.40155342
0.40154487
0.4015419
0.40154403
0.40155053
0.40156007
0.40157124
0.4015824
0.40159193
0.40159914
0.40160364
0.40160558
0.40160593
0.40160578
0.4016063
0.40160823
0.4016121
0.4016179
0.40162528
0.40163332
0.40164092
0.40164664
0.4016495
0.4016483
0.40164286
0.40163314
0.40161988
0.40160415
0.4015873
0.40157077
0.40155584
0.40154356
0.4015349
0.40153036
0.4015302
0.40153435
0.40154216
0.40155262
0.40156457
0.40157685
0.4015882
0.40159836
0.40160698
0.4016145
0.40162125
0.40162772
0.4016339
0.40163967
0.4016442
0.4016466
0.40164587
0.40164122
0.40163216
0.40161884
0.40160173
0.40158176
0.40155998
0.4015374
0.4015149
0.40149316
0.4014726
0.4014536
0.4014367
0.401422
0.40140978
0.40139994
0.40139258
0.40138745
0.4013845
0.40138367
0.4013851
0.4013889
0.40139526
0.40140438
0.40141618
0.40143052
0.40144694
0.40146488
0.40148365
0.40150264
0.40152144
0.40153965
0.40155667
0.4015725
0.40158683
0.4015996
0.40161085
0.40162045
0.40162772
0.40163207
0.40163308
0.4016307
0.40162516
0.4016171
0.40160722
0.40159595
0.4015838
0.40157095
0.40155795
0.40154555
0.4015343
0.40152502
0.40151802
0.4015135
0.40151116
0.40151072
0.4015114
0.40151286
0.40151426
0.40151522
0.40151587
0.40151638
0.40151697
0.40151817
0.40152013
0.4015231
0.40152645
0.40152985
0.40153253
0.40153423
0.40153477
0.4015343
0.40153277
0.4015302
0.40152642
0.4015214
0.40151528
0.40150854
0.40150195
0.4014965
0.40149313
0.4014927
0.40149578
0.4015026
0.4015132
0.40152732
0.4015444
0.4015635
0.4015836
0.40160307
0.40162048
0.4016342
0.40164334
0.4016475
0.40164682
0.40164188
0.40163344
0.40162244
0.4016099
0.40159655
0.4015835
0.40157145
0.40156096
0.4015525
0.40154597
0.401541
0.40153703
0.40153354
0.40152997
0.40152627
0.40152267
0.40151963
0.40151784
0.4015179
0.40152055
0.40152618
0.40153524
0.40154785
0.4015641
0.40158376
0.40160632
0.40163094
0.40165672
0.40168267
0.40170732
0.40172932
0.4017474
0.40176055
0.40176827
0.4017704
0.40176708
0.40175888
0.40174645
0.40173075
0.40171263
0.40169293
0.40167272
0.40165293
0.40163475
0.40161934
0.4016077
0.4016009
0.40159988
0.401605
0.40161628
0.40163326
0.40165505
0.4016802
0.40170717
0.40173423
0.4017597
0.40178218
0.4018006
0.4018144
0.40182325
0.40182734
0.4018267
0.4018218
0.40181315
0.4018016
0.40178782
0.40177298
0.4017574
0.40174124
0.4017246
0.40170735
0.40168965
0.40167186
0.40165445
0.4016378
0.40162268
0.40160963
0.40159902
0.4015907
0.4015845
0.40157974
0.40157598
0.40157306
0.4015712
0.40157104
0.40157282
0.4015769
0.40158308
0.40159118
0.40160075
0.40161115
0.4016217
0.4016313
0.4016391
0.40164435
0.40164655
0.4016459
0.40164262
0.40163738
0.4016307
0.40162334
0.40161577
0.40160868
0.40160277
0.4015987
0.40159672
0.40159693
0.40159926
0.4016035
0.40160954
0.40161744
0.40162712
0.40163824
0.4016501
0.40166166
0.401672
0.4016802
0.4016859
0.40168917
0.40169072
0.40169144
0.40169245
0.40169486
0.40169933
0.40170586
0.40171382
0.40172195
0.4017286
0.40173253
0.40173274
0.40172872
0.40172058
0.40170905
0.40169522
0.40168026
0.40166545
0.40165186
0.40164003
0.40163
0.40162158
0.40161416
0.40160722
0.40160048
0.40159407
0.4015886
0.40158463
0.40158287
0.40158397
0.4015886
0.40159684
0.40160888
0.4016243
0.4016422
0.40166125
0.40167987
0.4016965
0.40170994
0.4017193
0.40172416
0.40172473
0.4017216
0.40171573
0.40170798
0.4016993
0.40169042
0.40168193
0.4016741
0.40166712
0.40166107
0.40165552
0.4016505
0.40164545
0.40164068
0.40163624
0.4016329
0.40163103
0.40163097
0.40163276
0.40163624
0.40164092
0.40164632
0.40165222
0.4016583
0.40166456
0.4016707
0.4016761
0.40167996
0.40168148
0.40167996
0.40167487
0.40166643
0.40165526
0.4016423
0.40162882
0.40161595
0.40160495
0.40159664
0.40159148
0.4015895
0.40159038
0.4015933
0.40159726
0.40160152
0.40160537
0.40160903
0.4016127
0.40161678
0.40162158
0.40162712
0.40163308
0.4016391
0.40164495
0.4016504
0.40165588
0.40166152
0.40166742
0.40167323
0.40167823
0.40168157
0.4016823
0.4016802
0.40167534
0.4016682
0.40165955
0.40165025
0.40164074
0.40163144
0.40162253
0.40161434
0.4016073
0.4016018
0.40159798
0.40159613
0.40159622
0.40159824
0.40160224
0.40160832
0.40161648
0.40162686
0.4016395
0.40165448
0.401672
0.40169215
0.40171465
0.40173885
0.40176374
0.40178782
0.40180966
0.40182802
0.4018417
0.40185004
0.4018528
0.40184978
0.4018415
0.4018285
0.4018118
0.40179238
0.40177146
0.4017497
0.40172762
0.4017058
0.40168464
0.401665
0.40164775
0.40163344
0.40162233
0.40161425
0.40160877
0.40160516
0.4016029
0.4016011
0.40159953
0.4015979
0.40159592
0.4015935
0.40159056
0.40158677
0.40158206
0.40157613
0.4015689
0.4015606
0.4015516
0.40154228
0.40153337
0.40152526
0.4015185
0.40151322
0.40150973
0.40150815
0.40150887
0.4015123
0.4015185
0.40152773
0.40153942
0.401553
0.4015672
0.4015806
0.40159172
0.4015993
0.40160245
0.40160105
0.4015953
0.40158615
0.4015748
0.40156227
0.40154985
0.40153837
0.4015286
0.4015211
0.40151602
0.4015133
0.40151277
0.401514
0.40151656
0.40151983
0.4015232
0.40152583
0.40152678
0.40152565
0.40152237
0.4015173
0.4015112
0.40150484
0.40149888
0.40149412
0.401491
0.40148973
0.4014904
0.40149257
0.4014959
0.40150008
0.40150496
0.40151092
0.4015183
0.4015273
0.40153807
0.40155065
0.40156454
0.4015794
0.4015945
0.4016095
0.40162423
0.40163833
0.4016514
0.40166304
0.40167296
0.4016808
0.40168634
0.40168968
0.40169063
0.40168926
0.40168545
0.40167955
0.40167165
0.40166274
0.40165365
0.40164527
0.40163818
0.40163267
0.4016285
0.4016251
0.40162134
0.4016162
0.40160882
0.40159887
0.40158647
0.40157226
0.40155712
0.40154216
0.40152848
0.401517
0.40150842
0.40150324
0.4015016
0.40150353
0.4015087
0.4015167
0.40152717
0.40153986
0.40155488
0.40157202
0.40159085
0.40161037
0.40162948
0.40164676
0.40166068
0.40167022
0.4016746
0.40167373
0.40166792
0.40165842
0.40164658
0.40163428
0.40162325
0.40161458
0.40160927
0.40160784
0.4016102
0.40161636
0.40162596
0.40163854
0.4016536
0.40167013
0.40168712
0.4017031
0.40171647
0.40172625
0.4017316
0.40173244
0.40172902
0.4017221
0.4017129
0.40170237
0.40169153
0.40168095
0.4016711
0.40166217
0.40165433
0.40164784
0.40164316
0.40164074
0.40164077
0.401643
0.40164706
0.4016517
0.40165582
0.40165845
0.40165892
0.40165722
0.4016539
0.40164983
0.40164632
0.40164453
0.4016451
0.40164852
0.40165478
0.40166333
0.40167356
0.40168455
0.4016955
0.40170547
0.40171367
0.40171945
0.40172264
0.40172347
0.4017223
0.40171966
0.40171576
0.40171096
0.40170527
0.4016994
0.40169397
0.40168935
0.4016861
0.4016845
0.40168422
0.40168482
0.4016856
0.4016855
0.4016839
0.40168002
0.4016739
0.4016657
0.40165582
0.40164512
0.4016343
0.40162396
0.40161437
0.4016055
0.40159696
0.40158808
0.4015785
0.4015678
0.40155602
0.40154353
0.40153083
0.40151903
0.40150896
0.4015016
0.40149757
0.40149724
0.40150085
0.401508
0.4015182
0.40153074
0.40154466
0.40155867
0.40157175
0.40158248
0.40158966
0.4015921
0.40158945
0.40158188
0.4015703
0.4015561
0.40154105
0.401527
0.40151545
0.4015076
0.40150404
0.40150478
0.40150973
0.40151832
0.4015298
0.40154326
0.40155795
0.40157315
0.40158832
0.40160334
0.4016179
0.40163147
0.40164325
0.40165237
0.40165818
0.40166038
0.40165907
0.40165487
0.40164873
0.4016417
0.40163478
0.40162858
0.40162316
0.40161857
0.40161476
0.40161127
0.40160772
0.4016039
0.40159935
0.4015939
0.40158698
0.40157828
0.40156755
0.40155447
0.4015392
0.40152195
0.40150326
0.4014842
0.40146556
0.40144834
0.40143314
0.40142056
0.40141082
0.40140417
0.4014008
0.40140072
0.40140378
0.4014097
0.40141788
0.40142795
0.4014393
0.4014517
0.40146464
0.40147758
0.40148973
0.40150028
0.40150833
0.40151307
0.40151402
0.40151137
0.40150568
0.40149787
0.40148896
0.4014797
0.40147093
0.4014631
0.4014565
0.4014513
0.40144747
0.40144488
0.40144327
0.40144226
0.40144148
0.40144062
0.40143955
0.40143815
0.4014363
0.40143397
0.40143088
0.4014272
0.40142295
0.40141848
0.40141433
0.40141094
0.4014091
0.40140948
0.40141252
0.40141866
0.40142807
0.40144068
0.40145633
0.40147462
0.4014951
0.40151715
0.40153986
0.4015623
0.40158346
0.40160218
0.40161765
0.40162918
0.4016366
0.40164003
0.4016398
0.4016366
0.40163088
0.40162337
0.40161458
0.40160504
0.40159526
0.40158546
0.40157598
0.40156683
0.4015583
0.4015505
0.40154326
0.4015366
0.40153039
0.40152448
0.40151876
0.4015133
0.40150842
0.40150434
0.40150133
0.40149972
0.40149918
0.4014997
0.40150085
0.4015022
0.40150347
0.40150443
0.40150505
0.40150553
0.4015064
0.40150803
0.40151092
0.4015156
0.40152252
0.40153214
0.40154448
0.40155962
0.40157726
0.40159705
0.40161824
0.40164018
0.4016621
0.40168333
0.40170303
0.40172076
0.40173605
0.4017485
0.40175754
0.40176263
0.40176374
0.40176088
0.40175432
0.40174472
0.40173292
0.4017198
0.40170643
0.40169358
0.40168178
0.4016715
0.40166274
0.40165585
0.40165094
0.4016478
0.4016462
0.4016459
0.40164655
0.40164804
0.4016501
0.40165174
0.40165234
0.40165076
0.40164614
0.40163788
0.40162617
0.4016115
0.4015951
0.40157798
0.4015614
0.40154627
0.4015333
0.4015231
0.40151593
0.40151238
0.4015123
0.4015155
0.40152168
0.40152985
0.40153915
0.4015485
0.4015569
0.40156376
0.40156877
0.40157223
0.40157503
0.40157837
0.4015834
0.40159085
0.4016008
0.40161285
0.40162575
0.40163785
0.4016471
0.40165168
0.40165028
0.40164223
0.40162784
0.40160787
0.40158376
0.40155745
0.4015308
0.4015057
0.40148357
0.40146554
0.4014524
0.40144432
0.40144107
0.4014418
0.4014457
0.4014515
0.4014581
0.40146446
0.40147004
0.40147448
0.4014777
0.40148
0.40148196
0.4014842
0.4014874
0.40149248
0.40150023
0.40151086
0.40152466
0.4015414
0.40156028
0.4015801
0.40159932
0.4016162
0.40162897
0.4016366
0.4016384
0.40163463
0.4016261
0.40161425
0.4016006
0.40158665
0.40157375
0.4015629
0.4015546
0.40154907
0.40154582
0.4015442
0.40154362
0.40154326
0.40154257
0.4015412
0.40153894
0.40153587
0.40153226
0.4015286
0.401525
0.40152204
0.40152022
0.40152034
0.4015232
0.40152946
0.40153942
0.40155336
0.401571
0.40159196
0.4016152
0.4016393
0.40166247
0.4016831
0.40169957
0.4017111
0.40171736
0.40171868
0.40171587
0.40171033
0.4017033
0.4016959
0.4016892
0.40168357
0.4016792
0.40167606
0.4016739
0.4016725
0.4016718
0.4016716
0.40167177
0.40167204
0.40167192
0.401671
0.40166903
0.4016659
0.40166196
0.40165734
0.40165222
0.40164652
0.40164033
0.40163353
0.40162644
0.40161943
0.40161312
0.401608
0.401605
0.40160438
0.4016063
0.40161052
0.4016165
0.4016234
0.4016301
0.4016354
0.40163836
0.40163782
0.40163362
0.4016259
0.40161577
0.40160438
0.40159318
0.4015835
0.4015764
0.4015725
0.40157202
0.40157515
0.40158153
0.40159062
0.40160185
0.40161455
0.40162832
0.40164283
0.40165797
0.4016737
0.40169007
0.40170658
0.40172255
0.4017368
0.40174833
0.4017565
0.40176097
0.4017619
0.40175956
0.4017546
0.40174747
0.40173858
0.40172863
0.40171805
0.4017077
0.40169865
0.4016918
0.40168798
0.40168753
0.40169066
0.401697
0.401706
0.401717
0.40172875
0.40173987
0.40174907
0.40175518
0.4017577
0.4017561
0.40175042
0.40174097
0.4017281
0.40171263
0.4016953
0.40167698
0.40165818
0.40163934
0.40162122
0.40160465
0.40159035
0.40157914
0.4015717
0.4015682
0.4015689
0.40157345
0.40158147
0.40159217
0.4016046
0.40161783
0.40163097
0.40164348
0.40165552
0.40166736
0.40167978
0.40169364
0.40170947
0.4017276
0.40174773
0.40176916
0.40179083
0.40181154
0.40182984
0.4018448
0.4018554
0.40186128
0.4018619
0.40185723
0.40184718
0.40183192
0.40181196
0.40178826
0.4017617
0.40173382
0.40170598
0.4016799
0.401657
0.40163827
0.40162456
0.40161607
0.4016124
0.4016126
0.40161517
0.40161812
0.4016196
0.40161797
0.40161225
0.401602
0.40158784
0.4015706
0.40155172
0.40153235
0.40151373
0.40149674
0.4014823
0.4014711
0.4014637
0.4014604
0.40146127
0.40146604
0.4014741
0.4014844
0.4014959
0.40150735
0.40151766
0.40152577
0.4015304
0.401531
0.4015272
0.40151936
0.40150812
0.40149438
0.40147907
0.40146342
0.40144864
0.40143564
0.40142533
0.40141848
0.40141577
0.4014177
0.4014245
0.4014361
0.40145227
0.40147245
0.40149564
0.40152055
0.40154597
0.40157026
0.40159178
0.40160933
0.4016219
0.40162915
0.40163106
0.40162805
0.40162036
0.40160865
0.40159377
0.40157676
0.40155905
0.40154195
0.401527
0.40151522
0.4015076
0.40150464
0.40150666
0.40151343
0.40152445
0.40153876
0.40155524
0.4015725
0.40158936
0.40160447
0.4016167
0.4016257
0.4016314
0.40163463
0.40163618
0.40163696
0.40163767
0.4016388
0.40164047
0.4016424
0.40164405
0.40164503
0.40164518
0.4016447
0.40164396
0.40164366
0.40164444
0.40164676
0.40165085
0.40165636
0.40166283
0.40166947
0.40167552
0.40168026
0.40168336
0.40168437
0.40168318
0.40168
0.40167516
0.40166947
0.40166366
0.4016585
0.40165457
0.40165234
0.40165174
0.40165222
0.401653
0.40165293
0.40165135
0.4016476
0.40164134
0.40163296
0.40162322
0.40161288
0.4016029
0.401594
0.40158668
0.40158135
0.40157792
0.40157634
0.40157583
0.40157562
0.40157443
0.40157172
0.4015671
0.4015606
0.4015528
0.40154466
0.40153697
0.40153047
0.40152553
0.4015222
0.40152028
0.40151945
0.40151936
0.40151972
0.40152028
0.4015211
0.40152225
0.40152404
0.4015263
0.40152895
0.40153173
0.4015347
0.4015378
0.4015414
0.40154627
0.4015531
0.40156218
0.40157357
0.4015868
0.40160102
0.40161487
0.40162694
0.40163577
0.40164024
0.40163988
0.40163475
0.40162554
0.40161332
0.40159953
0.40158534
0.4015719
0.40155983
0.4015494
0.40154076
0.4015337
0.40152782
0.40152267
0.40151802
0.40151376
0.40150988
0.4015064
0.4015032
0.4015003
0.4014977
0.40149552
0.40149385
0.4014929
0.40149245
0.40149277
0.40149394
0.40149587
0.4014992
0.40150434
0.40151158
0.40152082
0.40153176
0.40154368
0.40155575
0.4015671
0.40157703
0.4015853
0.40159172
0.40159643
0.40159968
0.40160158
0.40160227
0.40160173
0.4016001
0.40159744
0.40159392
0.40159005
0.40158606
0.4015823
0.40157872
0.40157554
0.40157264
0.40156993
0.4015671
0.4015641
0.4015607
0.40155652
0.4015514
0.40154526
0.40153825
0.40153098
0.40152422
0.40151864
0.40151507
0.40151373
0.40151492
0.40151885
0.40152547
0.40153453
0.4015455
0.40155756
0.40157014
0.4015828
0.40159476
0.40160576
0.40161553
0.4016243
0.40163237
0.40164006
0.40164736
0.40165406
0.40165955
0.40166315
0.4016646
0.4016639
0.40166125
0.40165696
0.40165108
0.40164378
0.40163496
0.40162483
0.40161386
0.40160295
0.4015927
0.40158385
0.40157673
0.40157154
0.40156803
0.40156573
0.4015642
0.40156317
0.401562
0.40156046
0.40155822
0.4015553
0.4015519
0.40154824
0.40154475
0.4015417
0.4015396
0.40153876
0.40153953
0.40154195
0.40154588
0.40155098
0.40155673
0.40156317
0.40156996
0.40157694
0.40158382
0.40159026
0.4015958
0.4016005
0.40160456
0.4016085
0.4016128
0.40161818
0.40162483
0.40163282
0.40164232
0.40165323
0.40166563
0.40167937
0.40169373
0.401708
0.40172124
0.4017325
0.40174103
0.40174645
0.4017488
0.40174866
0.40174666
0.40174347
0.40173972
0.40173557
0.40173104
0.40172577
0.40171954
0.40171242
0.4017042
0.40169492
0.4016845
0.4016726
0.40165913
0.4016443
0.4016284
0.4016122
0.40159652
0.4015823
0.40157026
0.40156075
0.40155426
0.40155098
0.4015507
0.40155327
0.40155795
0.4015641
0.40157112
0.40157828
0.40158546
0.40159285
0.40160108
0.40161029
0.40162063
0.40163162
0.4016424
0.4016519
0.40165892
0.40166286
0.40166333
0.40166062
0.40165532
0.40164804
0.40163982
0.4016313
0.401623
0.40161523
0.4016082
0.4016019
0.401597
0.4015938
0.4015928
0.40159428
0.40159822
0.40160432
0.4016121
0.4016208
0.4016296
0.40163788
0.40164512
0.40165064
0.40165368
0.40165374
0.4016505
0.4016441
0.40163496
0.401624
0.401612
0.4015998
0.40158802
0.4015774
0.40156853
0.40156198
0.40155804
0.40155718
0.40155992
0.40156636
0.40157664
0.40159047
0.40160742
0.40162662
0.40164688
0.40166676
0.40168482
0.40169984
0.40171096
0.40171757
0.4017198
0.40171793
0.40171248
0.40170437
0.40169466
0.4016844
0.40167448
0.40166545
0.40165743
0.40165025
0.4016434
0.40163618
0.40162814
0.401619
0.40160927
0.40159953
0.40159082
0.40158415
0.4015801
0.40157908
0.40158087
0.40158513
0.4015912
0.4015982
0.40160468
0.4016092
0.40161046
0.4016074
0.4015999
0.40158844
0.40157408
0.4015584
0.40154284
0.40152878
0.40151724
0.4015087
0.40150356
0.40150174
0.4015031
0.40150735
0.40151426
0.4015231
0.40153322
0.40154377
0.40155366
0.4015619
0.40156752
0.40157008
0.40156966
0.4015666
0.40156153
0.4015555
0.4015492
0.40154332
0.4015385
0.40153524
0.40153402
0.4015353
0.40153882
0.4015444
0.4015512
0.40155846
0.40156505
0.4015701
0.4015734
0.40157482
0.40157497
0.4015746
0.40157452
0.4015754
0.40157768
0.4015817
0.4015872
0.40159395
0.40160167
0.40160993
0.40161783
0.40162462
0.4016292
0.40163067
0.40162832
0.40162194
0.40161192
0.4015991
0.40158466
0.40156978
0.40155578
0.40154377
0.40153465
0.40152895
0.40152702
0.40152898
0.40153474
0.4015441
0.40155685
0.4015724
0.40159023
0.40160936
0.4016285
0.40164635
0.40166125
0.40167218
0.40167817
0.40167883
0.40167415
0.40166453
0.40165076
0.40163398
0.40161526
0.40159547
0.40157557
0.40155625
0.40153804
0.40152133
0.4015063
0.40149328
0.4014826
0.4014746
0.40146974
0.4014685
0.40147153
0.40148
0.4014952
0.40151954
0.40155625
0.4016099
0.40168643
0.40179428
0.40194476
0.40215483
0.4024452
0.4028449
0.40339485
0.40415135
0.4051908
0.40661806
0.40857387
0.41127855
0.41495535
0.4199144
0.42662936
0.43574318
0.447869
