0.44256547
0.43206036
0.42418253
0.4182544
0.41383252
0.41057232
0.40818742
0.40643695
0.4051593
0.40423366
0.40356284
0.40307778
0.4027271
0.4024726
0.40228626
0.40214768
0.40204233
0.40196005
0.401894
0.40184003
0.4017955
0.40175915
0.40172982
0.40170684
0.40168935
0.40167624
0.40166646
0.40165862
0.40165204
0.40164632
0.4016418
0.40163898
0.40163872
0.40164143
0.40164736
0.40165603
0.4016664
0.40167695
0.40168595
0.40169188
0.4016938
0.40169144
0.40168527
0.40167627
0.40166587
0.40165552
0.40164652
0.40163994
0.40163645
0.40163636
0.40163958
0.4016459
0.40165517
0.40166757
0.40168312
0.40170205
0.401724
0.40174845
0.40177432
0.40180048
0.40182543
0.40184793
0.40186697
0.401882
0.4018925
0.40189868
0.40190077
0.40189907
0.40189433
0.4018872
0.40187836
0.40186846
0.401858
0.40184727
0.4018362
0.40182412
0.4018105
0.40179473
0.4017766
0.40175644
0.40173465
0.4017123
0.40169054
0.40167055
0.40165323
0.40163916
0.40162802
0.40161934
0.40161192
0.40160468
0.40159664
0.40158725
0.40157652
0.4015647
0.40155268
0.40154105
0.40153047
0.4015213
0.40151367
0.4015073
0.40150207
0.4014975
0.40149352
0.40149015
0.40148756
0.40148598
0.40148586
0.40148726
0.4014903
0.40149468
0.40150005
0.40150577
0.4015114
0.40151662
0.40152156
0.4015264
0.40153137
0.40153682
0.4015433
0.4015513
0.40156135
0.40157342
0.40158746
0.40160277
0.40161824
0.40163243
0.40164384
0.4016512
0.4016539
0.40165162
0.40164497
0.40163463
0.4016218
0.40160748
0.4015928
0.40157855
0.40156534
0.4015536
0.4015436
0.40153557
0.40152982
0.40152672
0.4015266
0.40152943
0.40153491
0.40154243
0.40155104
0.40155965
0.40156716
0.40157282
0.40157634
0.4015778
0.40157777
0.40157685
0.40157557
0.4015745
0.40157387
0.40157408
0.4015754
0.40157828
0.40158308
0.40159026
0.40159944
0.40161055
0.40162286
0.40163553
0.40164766
0.40165836
0.4016667
0.4016721
0.40167424
0.40167338
0.40167013
0.40166542
0.40166023
0.40165547
0.40165168
0.40164933
0.40164843
0.40164876
0.40165016
0.40165237
0.4016554
0.4016596
0.40166545
0.40167323
0.40168294
0.40169412
0.40170565
0.40171605
0.40172386
0.40172777
0.40172663
0.4017198
0.40170693
0.40168822
0.40166417
0.40163597
0.40160516
0.40157342
0.40154216
0.40151277
0.40148634
0.40146336
0.4014441
0.4014287
0.4014169
0.40140837
0.4014028
0.40139994
0.40139964
0.40140185
0.4014066
0.4014141
0.4014246
0.40143806
0.40145436
0.4014733
0.4014944
0.4015168
0.40153968
0.4015619
0.40158224
0.4015997
0.4016136
0.40162328
0.4016289
0.40163103
0.40163055
0.4016286
0.40162665
0.40162575
0.40162656
0.40162927
0.40163335
0.40163797
0.40164217
0.40164515
0.40164667
0.40164673
0.4016459
0.4016447
0.40164363
0.40164268
0.40164158
0.40163967
0.40163624
0.40163067
0.4016224
0.4016116
0.40159863
0.40158457
0.4015704
0.4015576
0.40154698
0.4015397
0.40153652
0.40153775
0.40154344
0.40155336
0.40156668
0.40158245
0.4015993
0.4016157
0.40163025
0.40164158
0.4016488
0.4016514
0.40164948
0.4016436
0.4016345
0.40162292
0.4016091
0.40159324
0.40157565
0.40155676
0.40153757
0.40151894
0.40150183
0.40148717
0.40147573
0.401468
0.40146428
0.4014646
0.4014689
0.4014768
0.40148792
0.4015019
0.4015179
0.40153494
0.4015519
0.4015675
0.4015806
0.40159035
0.40159646
0.40159908
0.4015985
0.4015955
0.40159044
0.4015839
0.40157667
0.40156934
0.40156248
0.4015567
0.40155205
0.4015487
0.40154645
0.40154526
0.40154532
0.40154704
0.40155104
0.4015578
0.40156767
0.40158066
0.40159664
0.40161493
0.40163487
0.40165523
0.4016747
0.40169173
0.4017052
0.401714
0.40171784
0.40171692
0.40171188
0.40170366
0.40169325
0.4016816
0.40166935
0.4016571
0.40164554
0.40163523
0.40162674
0.40162033
0.40161625
0.40161446
0.4016146
0.40161628
0.40161866
0.4016209
0.40162215
0.40162173
0.40161926
0.40161496
0.4016096
0.4016043
0.4016007
0.40160033
0.4016045
0.4016142
0.40162966
0.40165102
0.4016774
0.40170768
0.40174004
0.40177247
0.401803
0.4018296
0.4018508
0.40186536
0.40187263
0.4018721
0.40186384
0.401848
0.4018253
0.40179685
0.4017641
0.40172896
0.40169343
0.40165973
0.40162984
0.40160528
0.40158704
0.40157542
0.40157026
0.40157086
0.40157598
0.40158418
0.40159392
0.40160355
0.4016114
0.40161633
0.40161774
0.4016155
0.4016104
0.40160328
0.40159538
0.40158784
0.40158144
0.40157703
0.40157485
0.4015753
0.4015781
0.40158287
0.4015888
0.40159518
0.40160105
0.4016057
0.40160877
0.4016103
0.4016108
0.40161127
0.40161288
0.4016167
0.40162346
0.40163344
0.40164635
0.4016616
0.40167806
0.4016943
0.40170884
0.40172026
0.40172747
0.40172994
0.40172756
0.40172064
0.4017099
0.40169644
0.40168166
0.40166706
0.401654
0.40164384
0.4016376
0.40163627
0.40164018
0.40164956
0.40166414
0.4016831
0.4017051
0.40172845
0.4017512
0.40177166
0.40178826
0.40179974
0.40180555
0.40180537
0.40179965
0.401789
0.40177467
0.40175804
0.4017409
0.4017249
0.40171137
0.40170148
0.40169546
0.4016931
0.40169343
0.40169516
0.4016965
0.40169615
0.4016931
0.40168703
0.40167832
0.40166792
0.40165696
0.40164676
0.40163845
0.40163276
0.40163046
0.40163174
0.4016365
0.4016442
0.40165377
0.40166393
0.40167323
0.40168062
0.40168557
0.4016878
0.40168756
0.40168568
0.40168312
0.4016809
0.40168017
0.40168184
0.4016865
0.4016943
0.40170488
0.40171725
0.40172997
0.40174142
0.40174994
0.40175417
0.401753
0.40174592
0.401733
0.40171468
0.40169224
0.4016669
0.40164024
0.40161362
0.40158844
0.4015661
0.4015475
0.40153322
0.40152374
0.40151918
0.40151954
0.40152448
0.4015333
0.4015454
0.40155998
0.40157625
0.40159357
0.40161127
0.40162814
0.401643
0.40165445
0.40166152
0.40166372
0.4016612
0.4016546
0.401645
0.40163335
0.40162057
0.40160742
0.4015946
0.40158275
0.40157288
0.4015658
0.40156227
0.40156305
0.4015686
0.40157923
0.4015948
0.40161476
0.40163806
0.4016632
0.40168858
0.40171218
0.40173218
0.40174732
0.40175676
0.4017602
0.40175804
0.4017515
0.40174207
0.40173244
0.4017257
0.4017257
0.40173686
0.40176427
0.40181425
0.40189487
0.4020171
0.4021959
0.40245453
0.4028209
0.4033363
0.4040584
0.40506604
0.40646622
0.4084017
0.4110946
0.41476968
0.41973674
0.4264696
0.43561113
0.44777116
