0.4425316
0.43201303
0.42412016
0.418175
0.4137347
0.41045445
0.40805003
0.40628046
0.4049843
0.4040423
0.40335706
0.40286
0.40249956
0.40223756
0.40204552
0.40190288
0.40179515
0.40171224
0.40164724
0.40159562
0.40155414
0.40152058
0.4014935
0.40147203
0.40145564
0.40144402
0.40143716
0.4014349
0.4014371
0.40144345
0.40145338
0.40146634
0.4014817
0.4014988
0.40151706
0.40153593
0.4015548
0.40157288
0.40158987
0.4016057
0.40162045
0.4016347
0.40164888
0.40166366
0.40167955
0.40169695
0.40171614
0.40173694
0.4017589
0.4017812
0.401803
0.40182367
0.40184233
0.40185818
0.4018707
0.40187916
0.40188318
0.40188247
0.4018768
0.4018663
0.40185112
0.40183166
0.4018087
0.40178314
0.401756
0.4017285
0.40170187
0.40167704
0.4016549
0.40163618
0.40162143
0.40161133
0.40160647
0.40160713
0.40161338
0.40162474
0.4016404
0.40165886
0.4016785
0.40169743
0.40171394
0.4017269
0.4017356
0.4017402
0.40174112
0.4017394
0.40173593
0.40173137
0.40172583
0.40171883
0.4017096
0.40169728
0.40168133
0.40166152
0.4016382
0.4016124
0.40158528
0.40155825
0.40153274
0.40151006
0.40149108
0.40147644
0.40146664
0.40146172
0.4014619
0.40146685
0.4014763
0.40148947
0.40150553
0.40152347
0.4015425
0.401562
0.40158185
0.40160218
0.4016232
0.40164486
0.40166682
0.4016883
0.4017088
0.40172777
0.4017443
0.40175796
0.40176815
0.40177488
0.40177843
0.40177915
0.40177786
0.40177515
0.40177155
0.40176755
0.4017637
0.4017605
0.40175804
0.40175623
0.40175468
0.40175283
0.40175012
0.40174624
0.40174133
0.40173516
0.40172794
0.4017196
0.4017099
0.40169874
0.40168592
0.40167156
0.40165588
0.4016393
0.40162265
0.40160677
0.4015924
0.40158007
0.40156975
0.40156123
0.40155372
0.40154693
0.4015405
0.40153447
0.4015288
0.40152362
0.4015191
0.40151566
0.4015135
0.40151268
0.40151307
0.4015145
0.40151653
0.40151894
0.40152133
0.40152362
0.40152606
0.40152892
0.4015323
0.40153605
0.40154013
0.40154448
0.40154934
0.4015549
0.40156144
0.4015687
0.40157625
0.4015834
0.4015893
0.40159306
0.40159425
0.4015928
0.4015889
0.40158322
0.40157667
0.40157014
0.40156457
0.4015606
0.40155888
0.40155968
0.40156305
0.40156874
0.401576
0.401584
0.4015915
0.40159732
0.4016006
0.40160078
0.4015981
0.40159297
0.40158632
0.40157914
0.40157238
0.40156677
0.4015628
0.40156075
0.4015605
0.4015617
0.40156373
0.40156555
0.40156618
0.40156454
0.40155992
0.40155223
0.4015416
0.4015286
0.40151393
0.40149844
0.40148297
0.40146813
0.40145448
0.40144223
0.40143162
0.40142286
0.40141603
0.4014115
0.4014097
0.40141106
0.4014158
0.40142387
0.4014349
0.40144843
0.4014637
0.4014799
0.4014961
0.40151188
0.40152654
0.40153986
0.40155178
0.40156284
0.40157345
0.40158454
0.4015966
0.4016102
0.4016253
0.40164155
0.40165794
0.40167323
0.40168616
0.4016955
0.40170044
0.40170062
0.40169612
0.40168765
0.40167597
0.4016623
0.40164763
0.40163293
0.40161884
0.4016059
0.40159428
0.40158403
0.40157503
0.40156725
0.40156078
0.40155584
0.401553
0.40155268
0.40155533
0.40156144
0.4015711
0.40158427
0.40160057
0.40161934
0.40163952
0.40165982
0.40167886
0.40169552
0.4017088
0.401718
0.40172252
0.40172222
0.4017171
0.40170744
0.4016938
0.40167713
0.40165865
0.40163976
0.40162173
0.401606
0.40159357
0.40158513
0.40158108
0.40158144
0.40158606
0.40159422
0.4016053
0.4016181
0.40163133
0.4016435
0.40165335
0.4016601
0.40166342
0.4016635
0.40166137
0.40165803
0.40165487
0.4016528
0.40165237
0.40165362
0.40165606
0.40165907
0.40166172
0.4016634
0.40166324
0.40166092
0.40165612
0.40164888
0.4016393
0.40162763
0.4016145
0.40160063
0.40158707
0.40157482
0.40156463
0.40155712
0.40155235
0.40155038
0.4015508
0.4015532
0.40155703
0.4015617
0.4015665
0.401571
0.40157533
0.4015796
0.40158474
0.40159163
0.40160117
0.40161398
0.4016301
0.40164906
0.40166962
0.40169036
0.40170932
0.40172476
0.40173528
0.40173978
0.40173784
0.40172964
0.4017159
0.4016977
0.4016765
0.40165392
0.40163133
0.40160996
0.40159068
0.40157408
0.4015606
0.40155062
0.4015445
0.40154272
0.40154558
0.4015535
0.40156627
0.40158364
0.401605
0.40162927
0.40165532
0.4016816
0.40170646
0.4017281
0.40174502
0.4017562
0.4017611
0.4017599
0.40175295
0.4017412
0.4017257
0.40170768
0.40168798
0.40166727
0.4016459
0.40162396
0.40160194
0.4015804
0.4015602
0.4015421
0.40152672
0.40151468
0.40150633
0.40150192
0.4015015
0.40150484
0.40151167
0.40152165
0.40153435
0.40154892
0.40156454
0.40158004
0.40159422
0.40160593
0.40161398
0.4016178
0.40161714
0.40161252
0.40160495
0.40159565
0.40158615
0.40157795
0.4015723
0.40157014
0.40157205
0.40157792
0.40158767
0.40160036
0.40161505
0.4016301
0.40164393
0.40165502
0.4016622
0.40166512
0.40166366
0.4016583
0.40164983
0.40163904
0.40162694
0.4016143
0.40160194
0.40159068
0.40158153
0.4015757
0.40157437
0.40157855
0.4015887
0.4016051
0.4016275
0.40165502
0.4016862
0.4017193
0.40175247
0.4017839
0.40181223
0.4018367
0.4018568
0.4018723
0.40188316
0.40188932
0.40189096
0.40188816
0.40188122
0.40187037
0.4018557
0.40183753
0.40181628
0.40179244
0.40176672
0.40174007
0.4017136
0.4016884
0.40166563
0.4016462
0.4016309
0.40162033
0.40161476
0.40161425
0.4016184
0.4016266
0.40163788
0.40165138
0.4016662
0.40168133
0.40169585
0.40170884
0.4017194
0.4017269
0.40173092
0.40173122
0.40172774
0.4017207
0.40171033
0.401697
0.4016814
0.40166405
0.4016454
0.40162614
0.4016068
0.40158826
0.40157142
0.40155712
0.40154612
0.401539
0.40153626
0.40153816
0.4015447
0.4015556
0.40157035
0.40158817
0.401608
0.40162873
0.40164948
0.40166953
0.40168858
0.40170676
0.40172443
0.40174216
0.40176052
0.40177962
0.40179917
0.40181848
0.40183675
0.40185314
0.40186688
0.4018774
0.40188423
0.40188712
0.40188608
0.4018813
0.401873
0.4018616
0.40184754
0.40183142
0.40181375
0.40179524
0.4017761
0.40175673
0.4017368
0.40171596
0.40169367
0.40166968
0.40164375
0.40161633
0.40158826
0.4015606
0.401535
0.401513
0.40149605
0.40148523
0.40148127
0.40148437
0.40149423
0.4015102
0.4015315
0.40155682
0.40158468
0.40161315
0.40164018
0.40166366
0.40168157
0.40169266
0.4016962
0.4016921
0.4016809
0.40166378
0.40164217
0.40161783
0.40159246
0.40156743
0.4015439
0.40152243
0.40150324
0.40148643
0.40147185
0.4014596
0.4014495
0.40144175
0.4014364
0.40143347
0.40143308
0.40143567
0.4014414
0.40145057
0.40146333
0.4014794
0.40149838
0.40151936
0.4015412
0.4015624
0.40158126
0.4015962
0.4016062
0.40161076
0.40161014
0.40160504
0.40159687
0.40158734
0.401578
0.40157056
0.40156633
0.40156633
0.40157118
0.40158117
0.40159616
0.40161583
0.40163976
0.4016669
0.40169638
0.401727
0.4017576
0.40178728
0.4018153
0.40184122
0.4018648
0.4018862
0.40190604
0.4019257
0.4019476
0.4019751
0.40201324
0.4020688
0.40215114
0.40227252
0.40244922
0.40270454
0.40306836
0.403581
0.40429956
0.4053018
0.40669397
0.40861848
0.4112964
0.4149538
0.41990012
0.42660758
0.43572134
0.4478516
