0.4425083
0.43198475
0.42408997
0.41814578
0.41370896
0.41043404
0.40803573
0.40627238
0.40498203
0.40404457
0.40336284
0.4028683
0.4025105
0.40225276
0.40206856
0.40193874
0.40184936
0.4017902
0.40175328
0.40173233
0.40172207
0.4017182
0.40171745
0.40171695
0.4017147
0.40170962
0.40170106
0.40168944
0.4016757
0.40166137
0.40164828
0.40163833
0.401633
0.40163335
0.4016401
0.40165326
0.4016724
0.40169668
0.40172476
0.40175503
0.40178576
0.40181538
0.40184242
0.40186593
0.4018848
0.40189832
0.40190604
0.40190765
0.40190315
0.40189275
0.40187705
0.4018571
0.40183392
0.40180922
0.4017845
0.40176138
0.40174124
0.4017252
0.401714
0.40170804
0.40170717
0.40171084
0.40171796
0.401727
0.4017361
0.40174353
0.4017478
0.4017478
0.40174308
0.40173352
0.40171963
0.4017021
0.40168175
0.40165976
0.40163717
0.40161484
0.40159366
0.40157408
0.40155652
0.40154117
0.4015279
0.401517
0.40150872
0.4015035
0.40150177
0.40150386
0.40150994
0.4015201
0.40153396
0.40155113
0.40157044
0.40159082
0.40161073
0.4016284
0.40164217
0.40165076
0.40165326
0.4016495
0.4016398
0.40162516
0.4016071
0.40158728
0.40156752
0.4015494
0.40153405
0.40152216
0.40151381
0.4015089
0.40150675
0.40150672
0.40150815
0.40151048
0.4015135
0.40151697
0.4015209
0.4015254
0.40153098
0.40153793
0.40154678
0.40155745
0.4015698
0.40158322
0.40159684
0.4016094
0.40161943
0.40162554
0.4016266
0.40162215
0.40161252
0.4015985
0.4015817
0.40156338
0.40154517
0.40152815
0.4015129
0.4014998
0.40148896
0.40148053
0.40147448
0.40147075
0.4014696
0.4014708
0.40147454
0.40148082
0.40148973
0.401501
0.40151426
0.40152845
0.40154278
0.4015563
0.40156832
0.40157896
0.4015891
0.40160093
0.40161732
0.40164232
0.40168124
0.40174037
0.40182832
0.40195605
0.40213954
0.40240124
0.40276983
0.40328714
0.4040108
0.40501976
0.4064212
0.40835828
0.41105294
0.4147304
0.4197006
0.42643774
0.43558472
0.4477515
