0.44252142
0.43200162
0.4241095
0.41816694
0.4137301
0.4104534
0.40805185
0.40628392
0.40498826
0.40404573
0.40335965
0.4028618
0.40250185
0.4022428
0.40205786
0.40192753
0.4018379
0.40177843
0.40174127
0.40172014
0.40170985
0.401706
0.40170512
0.40170446
0.40170264
0.40169904
0.40169406
0.40168858
0.40168372
0.4016803
0.40167856
0.40167847
0.40167913
0.40167952
0.40167847
0.40167525
0.40166947
0.40166137
0.4016513
0.4016401
0.4016287
0.40161788
0.4016084
0.401601
0.40159598
0.40159348
0.40159306
0.40159422
0.4015962
0.40159792
0.40159854
0.4015978
0.4015958
0.4015935
0.40159264
0.4015954
0.4016049
0.40162462
0.4016594
0.40171555
0.40180168
0.40192953
0.4021158
0.40238345
0.40276197
0.40329295
0.4040339
0.40506253
0.40648422
0.40844
0.41115025
0.41483694
0.41980928
0.42654124
0.43567342
0.44781846
