0.4426099
0.43211493
0.42424136
0.41831174
0.41388258
0.4106097
0.4082084
0.40643916
0.40514144
0.4041963
0.40350702
0.40300524
0.40264016
0.4023745
0.40218097
0.40203997
0.4019377
0.4018643
0.40181255
0.4017768
0.4017528
0.4017372
0.40172777
0.4017227
0.401721
0.40172133
0.40172264
0.40172327
0.40172195
0.40171728
0.4017085
0.40169528
0.40167794
0.4016575
0.40163532
0.4016131
0.40159243
0.4015746
0.4015606
0.40155098
0.40154558
0.4015444
0.4015467
0.40155157
0.40155804
0.40156478
0.40157068
0.4015749
0.40157712
0.4015774
0.40157625
0.40157416
0.40157202
0.4015704
0.40157017
0.4015718
0.4015758
0.40158224
0.40159085
0.401601
0.40161183
0.40162253
0.40163243
0.40164107
0.40164846
0.40165493
0.40166083
0.4016662
0.40167093
0.401674
0.40167454
0.40167165
0.40166482
0.40165406
0.40163988
0.4016231
0.4016049
0.4015865
0.40156892
0.401553
0.40153953
0.40152895
0.40152168
0.40151766
0.40151688
0.40151888
0.4015233
0.4015296
0.40153745
0.40154678
0.4015573
0.40156856
0.40158007
0.40159097
0.40160045
0.40160793
0.4016132
0.40161645
0.40161806
0.40161863
0.40161884
0.40161902
0.4016196
0.40162018
0.40162072
0.40162063
0.40161926
0.40161625
0.40161118
0.40160435
0.40159607
0.40158707
0.40157822
0.40157008
0.40156332
0.4015583
0.40155524
0.40155387
0.40155423
0.4015563
0.40156052
0.4015672
0.40157658
0.40158856
0.4016025
0.40161765
0.40163267
0.4016462
0.401657
0.40166417
0.4016675
0.40166733
0.40166458
0.40166053
0.40165654
0.40165368
0.4016528
0.40165442
0.40165854
0.4016648
0.40167218
0.40167955
0.40168533
0.40168825
0.40168726
0.4016818
0.40167186
0.4016578
0.40164074
0.4016221
0.4016035
0.40158623
0.4015718
0.40156084
0.4015538
0.4015504
0.40155008
0.40155202
0.401555
0.4015582
0.40156093
0.40156347
0.40156624
0.4015701
0.40157598
0.40158442
0.4015956
0.4016094
0.40162528
0.40164214
0.40165854
0.4016729
0.40168378
0.40169027
0.4016918
0.4016885
0.40168062
0.40166914
0.40165478
0.40163848
0.40162098
0.40160304
0.4015855
0.40156898
0.40155417
0.40154165
0.40153208
0.401526
0.4015239
0.40152612
0.4015327
0.40154338
0.40155745
0.4015739
0.4015915
0.40160877
0.40162423
0.40163702
0.4016466
0.40165332
0.4016578
0.40166122
0.40166456
0.40166852
0.40167347
0.4016791
0.401685
0.4016904
0.40169457
0.40169677
0.40169695
0.40169504
0.40169123
0.4016858
0.40167925
0.40167168
0.40166306
0.40165314
0.40164137
0.40162763
0.4016121
0.40159506
0.40157732
0.40155974
0.40154314
0.4015284
0.40151596
0.40150645
0.4015
0.4014966
0.40149647
0.40149993
0.4015072
0.4015186
0.4015342
0.40155384
0.40157673
0.40160197
0.40162814
0.40165368
0.40167686
0.4016961
0.4017098
0.4017171
0.40171754
0.40171134
0.40169936
0.40168285
0.40166327
0.4016419
0.40161985
0.40159798
0.40157664
0.4015561
0.4015367
0.4015188
0.40150303
0.40148982
0.40147948
0.40147224
0.40146768
0.40146545
0.40146488
0.40146536
0.40146613
0.4014667
0.40146658
0.40146556
0.40146384
0.40146172
0.40145957
0.401458
0.40145755
0.40145898
0.40146315
0.40147057
0.4014816
0.40149656
0.40151522
0.4015372
0.4015617
0.40158767
0.4016137
0.4016382
0.4016596
0.40167695
0.4016896
0.4016977
0.40170214
0.40170437
0.4017068
0.40171227
0.401724
0.40174598
0.4017832
0.40184182
0.40192994
0.4020588
0.4022441
0.40250918
0.40288252
0.40340522
0.40413457
0.40514845
0.40655315
0.40849105
0.41118357
0.41485524
0.41981593
0.426539
0.43566775
0.4478129
