0.44260535
0.4321126
0.42424524
0.41832557
0.4139093
0.41065058
0.4082619
0.40650228
0.40521026
0.4042668
0.40357605
0.4030707
0.40270123
0.40243134
0.40223423
0.40209046
0.40198547
0.40190843
0.40185136
0.40180847
0.40177587
0.401751
0.4017325
0.40171957
0.4017118
0.40170848
0.4017087
0.40171114
0.40171406
0.4017159
0.40171528
0.4017117
0.40170476
0.40169457
0.40168166
0.40166655
0.40164956
0.40163103
0.40161148
0.40159166
0.4015725
0.40155503
0.40154028
0.40152898
0.40152133
0.40151748
0.40151718
0.40152004
0.40152553
0.40153307
0.40154192
0.40155146
0.40156138
0.40157136
0.40158153
0.40159193
0.4016025
0.4016132
0.4016236
0.4016336
0.40164307
0.4016519
0.40165967
0.4016664
0.40167218
0.4016774
0.40168288
0.4016894
0.40169746
0.40170693
0.40171754
0.4017282
0.40173784
0.40174538
0.40175012
0.40175155
0.4017495
0.40174428
0.40173638
0.40172654
0.40171546
0.40170345
0.4016906
0.40167713
0.4016629
0.40164822
0.40163386
0.40162095
0.40161076
0.40160465
0.40160346
0.40160787
0.40161765
0.40163234
0.40165094
0.40167204
0.40169367
0.40171394
0.40173084
0.40174282
0.4017486
0.4017477
0.40174
0.40172645
0.4017084
0.40168723
0.40166527
0.40164408
0.40162528
0.40160993
0.40159842
0.40159065
0.40158588
0.40158308
0.40158144
0.4015802
0.40157923
0.4015787
0.40157902
0.40158084
0.4015845
0.40159032
0.40159795
0.40160707
0.40161714
0.40162763
0.40163812
0.40164798
0.40165648
0.40166262
0.4016656
0.40166488
0.40166032
0.40165216
0.40164104
0.401628
0.4016139
0.40159944
0.40158558
0.40157256
0.40156084
0.40155044
0.40154132
0.40153307
0.40152532
0.40151766
0.40150976
0.4015015
0.40149307
0.40148482
0.4014775
0.40147156
0.40146768
0.40146634
0.40146783
0.40147233
0.40147972
0.40148962
0.4015013
0.40151373
0.40152556
0.40153578
0.4015434
0.40154812
0.4015501
0.40154994
0.40154827
0.40154576
0.40154272
0.40153968
0.4015371
0.40153542
0.4015353
0.40153685
0.4015403
0.40154526
0.4015514
0.4015584
0.40156573
0.40157318
0.40158033
0.401587
0.40159366
0.40160102
0.40161005
0.4016215
0.40163532
0.40165114
0.40166783
0.40168387
0.4016976
0.40170795
0.4017141
0.40171605
0.40171427
0.40170962
0.40170348
0.40169746
0.40169278
0.40169045
0.4016914
0.40169543
0.4017021
0.40171033
0.4017185
0.401725
0.40172818
0.40172672
0.40171978
0.40170717
0.4016893
0.40166715
0.40164214
0.401616
0.40159032
0.4015665
0.40154576
0.40152857
0.4015156
0.401507
0.4015028
0.40150297
0.40150762
0.40151653
0.4015296
0.4015466
0.40156725
0.40159106
0.40161702
0.40164375
0.40166995
0.4016938
0.40171367
0.4017281
0.4017362
0.4017373
0.40173143
0.4017194
0.4017019
0.40168056
0.40165672
0.4016319
0.4016074
0.40158418
0.401563
0.40154466
0.40152943
0.40151778
0.40151006
0.40150622
0.4015064
0.40151003
0.40151626
0.40152434
0.40153295
0.40154108
0.40154785
0.40155268
0.4015556
0.40155715
0.4015584
0.40156046
0.40156436
0.40157118
0.40158135
0.40159526
0.40161255
0.40163305
0.40165597
0.40168053
0.40170553
0.40172976
0.401752
0.40177107
0.40178627
0.40179697
0.401803
0.40180445
0.40180147
0.40179455
0.4017841
0.40177095
0.40175584
0.4017397
0.40172356
0.40170816
0.40169394
0.40168062
0.4016678
0.40165433
0.4016396
0.40162328
0.40160543
0.40158683
0.40156838
0.4015512
0.40153626
0.40152445
0.4015163
0.40151203
0.4015116
0.40151486
0.401521
0.40152946
0.40153942
0.40154997
0.40155995
0.4015683
0.4015743
0.40157762
0.40157837
0.4015775
0.40157625
0.40157574
0.40157706
0.40158093
0.40158767
0.4015975
0.4016099
0.40162435
0.40163967
0.4016546
0.4016675
0.4016769
0.4016818
0.40168193
0.40167737
0.40166903
0.4016582
0.40164608
0.4016339
0.40162262
0.40161264
0.40160412
0.40159717
0.4015916
0.40158775
0.40158564
0.4015854
0.40158686
0.40158957
0.40159294
0.40159622
0.401599
0.40160117
0.40160304
0.40160525
0.40160832
0.40161282
0.4016191
0.4016272
0.40163732
0.40164918
0.40166304
0.40167922
0.40169758
0.4017181
0.40174028
0.40176308
0.40178517
0.401805
0.40182126
0.40183294
0.4018391
0.40183944
0.40183404
0.40182328
0.40180776
0.40178832
0.40176588
0.40174183
0.40171725
0.40169308
0.4016703
0.40164936
0.40163085
0.40161493
0.40160185
0.40159133
0.4015833
0.4015773
0.40157264
0.40156907
0.40156645
0.4015649
0.40156475
0.40156633
0.40156996
0.40157577
0.40158376
0.40159357
0.40160438
0.40161526
0.4016248
0.40163165
0.40163478
0.4016337
0.40162826
0.4016194
0.4016085
0.401597
0.40158638
0.40157768
0.40157154
0.40156817
0.4015674
0.4015689
0.4015723
0.401577
0.40158272
0.40158948
0.4015975
0.40160704
0.4016184
0.4016319
0.40164736
0.40166435
0.40168226
0.40170014
0.40171698
0.40173167
0.40174314
0.40175062
0.40175343
0.40175137
0.40174457
0.40173352
0.40171915
0.4017024
0.40168408
0.40166512
0.401646
0.4016275
0.4016103
0.40159526
0.401583
0.40157366
0.40156716
0.40156284
0.40155986
0.40155727
0.40155435
0.40155068
0.4015464
0.401542
0.40153834
0.40153623
0.40153652
0.40153986
0.4015465
0.40155676
0.40157053
0.40158752
0.40160728
0.4016292
0.40165257
0.40167668
0.40170044
0.4017226
0.40174174
0.4017568
0.40176675
0.40177113
0.4017699
0.4017635
0.4017525
0.40173823
0.401722
0.40170524
0.401689
0.40167397
0.40166014
0.40164745
0.40163526
0.40162352
0.4016122
0.40160152
0.40159193
0.40158415
0.4015788
0.40157652
0.40157804
0.40158394
0.40159446
0.4016097
0.4016291
0.4016519
0.40167645
0.40170097
0.40172353
0.40174192
0.40175474
0.4017607
0.40175924
0.40175024
0.40173432
0.40171263
0.40168673
0.4016585
0.40162995
0.4016028
0.4015784
0.40155762
0.40154082
0.4015281
0.4015188
0.40151244
0.401508
0.40150467
0.40150192
0.40149954
0.40149736
0.4014959
0.401496
0.40149838
0.4015038
0.40151268
0.40152508
0.40154096
0.4015597
0.40158057
0.40160263
0.4016248
0.40164572
0.40166405
0.4016785
0.40168825
0.40169302
0.40169305
0.40168908
0.40168214
0.40167347
0.40166435
0.40165603
0.40164945
0.40164545
0.40164503
0.40164876
0.40165696
0.4016696
0.40168616
0.40170583
0.4017271
0.40174848
0.40176797
0.40178388
0.40179497
0.4018
0.4017984
0.40179002
0.4017751
0.40175468
0.40173018
0.4017035
0.4016768
0.40165225
0.40163162
0.40161628
0.4016068
0.40160325
0.40160516
0.40161166
0.40162107
0.40163153
0.40164128
0.40164876
0.40165305
0.40165383
0.40165135
0.40164632
0.40163967
0.40163255
0.40162563
0.4016195
0.40161398
0.4016089
0.40160385
0.40159833
0.40159208
0.401585
0.40157703
0.4015682
0.40155885
0.401549
0.4015387
0.4015279
0.40151682
0.40150556
0.40149468
0.4014845
0.40147555
0.40146816
0.40146264
0.4014593
0.4014584
0.40146023
0.401465
0.40147313
0.4014846
0.4014993
0.40151697
0.40153667
0.40155727
0.40157744
0.40159595
0.4016119
0.40162444
0.4016338
0.40164033
0.40164503
0.4016492
0.40165433
0.40166152
0.40167183
0.40168563
0.4017028
0.40172255
0.4017435
0.40176415
0.40178296
0.40179855
0.4018097
0.4018158
0.40181658
0.4018123
0.4018037
0.40179175
0.40177792
0.40176407
0.40175173
0.40174264
0.4017378
0.40173784
0.4017425
0.40175086
0.40176126
0.40177163
0.40177986
0.401784
0.40178272
0.40177533
0.40176174
0.40174276
0.40171954
0.40169397
0.401668
0.40164378
0.40162286
0.40160635
0.4015949
0.40158835
0.40158623
0.40158793
0.40159237
0.40159872
0.4016062
0.40161413
0.40162215
0.40162992
0.4016372
0.40164396
0.40165043
0.4016566
0.40166268
0.40166867
0.40167487
0.4016815
0.40168858
0.40169543
0.4017013
0.40170535
0.40170664
0.40170497
0.40170035
0.40169352
0.40168557
0.40167746
0.40166995
0.4016635
0.40165827
0.4016539
0.40164995
0.40164605
0.4016416
0.40163615
0.4016296
0.4016218
0.40161276
0.40160277
0.40159214
0.40158144
0.40157136
0.40156248
0.40155524
0.40154994
0.4015463
0.40154392
0.40154225
0.4015407
0.4015391
0.4015376
0.40153664
0.40153655
0.4015379
0.40154073
0.4015451
0.40155098
0.40155813
0.40156665
0.40157685
0.40158877
0.40160227
0.40161693
0.4016321
0.40164703
0.401661
0.40167382
0.4016857
0.40169716
0.40170905
0.40172222
0.4017373
0.40175453
0.40177372
0.40179405
0.4018145
0.4018337
0.40185055
0.40186417
0.40187365
0.4018785
0.40187806
0.40187192
0.40185982
0.40184185
0.40181828
0.40178967
0.40175712
0.40172192
0.40168574
0.40165034
0.4016174
0.4015883
0.40156412
0.4015454
0.40153244
0.4015253
0.40152356
0.40152663
0.40153396
0.40154508
0.40155935
0.40157646
0.40159613
0.40161765
0.40164033
0.4016629
0.40168414
0.40170234
0.4017162
0.4017246
0.40172684
0.40172297
0.40171337
0.40169898
0.40168133
0.40166208
0.40164283
0.40162525
0.4016104
0.4015991
0.40159205
0.40158918
0.40159017
0.40159443
0.40160093
0.40160856
0.4016161
0.40162265
0.40162745
0.4016303
0.40163162
0.4016319
0.401632
0.40163237
0.401633
0.4016337
0.40163398
0.4016336
0.40163276
0.40163207
0.40163234
0.40163463
0.40163985
0.4016484
0.4016604
0.40167558
0.40169322
0.40171254
0.40173233
0.4017514
0.40176877
0.4017839
0.4017966
0.40180683
0.4018148
0.40182042
0.40182352
0.40182373
0.40182093
0.4018152
0.40180674
0.40179563
0.401782
0.4017658
0.40174714
0.40172637
0.40170407
0.40168113
0.4016585
0.40163708
0.4016178
0.4016011
0.40158752
0.4015771
0.4015695
0.40156436
0.4015608
0.401558
0.40155533
0.4015524
0.4015494
0.4015465
0.40154392
0.401542
0.40154102
0.40154126
0.40154293
0.401546
0.40155068
0.40155694
0.40156502
0.40157485
0.4015865
0.40160015
0.40161598
0.40163416
0.4016546
0.40167674
0.40169966
0.40172225
0.4017433
0.40176153
0.40177613
0.40178642
0.40179214
0.40179336
0.40179047
0.40178403
0.40177482
0.40176368
0.40175098
0.40173706
0.40172204
0.40170583
0.40168893
0.40167212
0.4016563
0.40164286
0.40163282
0.40162724
0.40162694
0.40163252
0.401644
0.40166125
0.40168354
0.4017098
0.4017387
0.40176874
0.40179843
0.4018261
0.40185073
0.40187144
0.40188757
0.40189883
0.40190494
0.40190586
0.40190136
0.4018912
0.4018757
0.40185496
0.4018298
0.40180087
0.40176934
0.4017363
0.40170315
0.40167117
0.4016414
0.40161476
0.40159172
0.40157267
0.40155813
0.40154812
0.40154275
0.40154168
0.4015444
0.4015501
0.401558
0.40156716
0.40157685
0.40158617
0.40159434
0.40160093
0.4016056
0.40160835
0.401609
0.40160742
0.4016041
0.40159956
0.40159494
0.40159133
0.4015894
0.40158978
0.4015923
0.40159664
0.401602
0.4016074
0.4016117
0.40161425
0.4016149
0.4016139
0.40161148
0.40160832
0.40160468
0.40160057
0.40159595
0.40159038
0.40158325
0.4015741
0.40156287
0.4015499
0.40153614
0.40152264
0.4015106
0.40150094
0.4014945
0.40149164
0.40149257
0.40149716
0.4015049
0.40151513
0.40152705
0.40154004
0.40155345
0.40156677
0.40157974
0.40159205
0.40160313
0.4016123
0.40161866
0.40162155
0.40162048
0.40161562
0.40160772
0.40159783
0.40158692
0.40157607
0.40156618
0.40155762
0.40155077
0.4015455
0.40154126
0.40153757
0.40153354
0.4015287
0.40152264
0.40151533
0.4015069
0.40149784
0.40148845
0.40147954
0.4014716
0.4014649
0.40145975
0.40145588
0.401453
0.4014504
0.40144753
0.40144414
0.4014402
0.40143582
0.4014313
0.4014268
0.401423
0.40142038
0.40141943
0.4014206
0.40142405
0.40142992
0.40143833
0.40144917
0.4014624
0.40147784
0.40149486
0.4015129
0.4015309
0.4015477
0.40156212
0.4015731
0.40157977
0.40158156
0.40157837
0.4015707
0.40155932
0.40154555
0.40153074
0.4015162
0.40150297
0.40149167
0.40148267
0.401476
0.40147135
0.4014685
0.40146694
0.4014668
0.4014678
0.40147012
0.4014737
0.40147832
0.40148368
0.4014894
0.40149483
0.40149933
0.4015023
0.4015034
0.40150282
0.4015012
0.40149957
0.40149915
0.40150094
0.4015057
0.4015139
0.401526
0.40154213
0.40156233
0.40158644
0.40161374
0.40164328
0.40167364
0.40170318
0.40172976
0.40175182
0.40176785
0.40177685
0.4017787
0.40177333
0.40176153
0.40174446
0.4017233
0.4016996
0.40167484
0.4016503
0.4016271
0.40160587
0.40158707
0.401571
0.40155804
0.4015486
0.40154287
0.40154076
0.40154207
0.40154573
0.4015509
0.40155625
0.4015606
0.40156317
0.40156347
0.40156174
0.4015582
0.40155357
0.40154856
0.40154433
0.40154123
0.40153968
0.40153944
0.40153992
0.40154022
0.4015395
0.40153727
0.40153363
0.401529
0.40152407
0.4015195
0.40151584
0.40151352
0.40151295
0.40151474
0.40151933
0.40152705
0.40153798
0.40155146
0.40156677
0.4015827
0.4015982
0.4016122
0.40162364
0.401632
0.40163732
0.40164018
0.40164167
0.4016429
0.40164477
0.40164787
0.40165216
0.40165734
0.40166256
0.4016668
0.40166947
0.4016699
0.40166837
0.40166527
0.40166137
0.4016574
0.4016541
0.40165165
0.40165
0.40164852
0.40164623
0.40164202
0.40163508
0.4016249
0.4016113
0.40159476
0.4015763
0.40155694
0.4015379
0.40152013
0.40150443
0.4014914
0.4014814
0.40147454
0.40147072
0.40147
0.40147206
0.40147674
0.40148368
0.40149263
0.4015033
0.4015158
0.40153012
0.40154603
0.40156317
0.4015811
0.40159902
0.4016162
0.40163153
0.4016438
0.40165168
0.40165427
0.4016513
0.40164283
0.40163
0.40161404
0.40159672
0.40157962
0.4015641
0.40155107
0.40154096
0.401534
0.40152976
0.40152764
0.40152702
0.40152693
0.40152705
0.40152723
0.4015275
0.40152818
0.40152952
0.40153205
0.4015361
0.4015419
0.40154973
0.40155944
0.40157107
0.40158403
0.40159777
0.4016112
0.4016234
0.40163332
0.40164018
0.4016434
0.40164304
0.40163955
0.40163386
0.40162706
0.40162036
0.40161476
0.401611
0.40160936
0.40160978
0.4016118
0.40161476
0.40161774
0.40161994
0.40162063
0.40161914
0.40161556
0.4016102
0.4016034
0.4015957
0.4015874
0.40157914
0.40157127
0.40156454
0.40155944
0.40155655
0.4015561
0.4015579
0.4015616
0.40156645
0.40157148
0.40157592
0.4015789
0.40158013
0.4015795
0.40157744
0.40157437
0.40157095
0.40156794
0.401566
0.40156573
0.40156734
0.4015707
0.40157554
0.40158135
0.4015877
0.40159374
0.40159875
0.40160218
0.4016035
0.40160257
0.40159974
0.40159565
0.40159112
0.40158686
0.40158376
0.40158224
0.4015826
0.4015846
0.4015877
0.40159097
0.4015934
0.40159416
0.4015928
0.4015893
0.40158418
0.40157807
0.4015718
0.40156633
0.4015626
0.40156147
0.40156353
0.40156916
0.40157804
0.4015898
0.4016033
0.4016174
0.40163088
0.40164268
0.40165237
0.40165997
0.40166545
0.4016687
0.40166944
0.4016672
0.4016618
0.40165332
0.40164217
0.40162948
0.40161633
0.40160415
0.40159422
0.40158767
0.4015848
0.40158576
0.40159014
0.40159705
0.40160573
0.40161526
0.40162483
0.40163383
0.4016411
0.40164572
0.40164667
0.40164307
0.40163487
0.40162262
0.40160728
0.40159023
0.40157312
0.40155733
0.4015442
0.40153465
0.4015292
0.4015281
0.40153125
0.40153798
0.40154752
0.40155873
0.4015704
0.40158156
0.401591
0.4015981
0.40160227
0.40160382
0.40160313
0.40160108
0.40159836
0.40159535
0.40159222
0.401589
0.40158504
0.40157992
0.4015732
0.4015647
0.4015546
0.4015432
0.4015307
0.4015175
0.40150377
0.40149
0.4014765
0.40146387
0.40145263
0.40144318
0.40143567
0.40143034
0.4014272
0.40142635
0.40142784
0.4014316
0.40143752
0.40144548
0.40145528
0.4014668
0.40147963
0.40149382
0.40150902
0.40152484
0.40154082
0.40155625
0.4015704
0.40158287
0.40159306
0.4016007
0.40160587
0.40160915
0.40161157
0.40161428
0.4016184
0.40162465
0.40163296
0.40164292
0.40165332
0.4016629
0.40166998
0.40167332
0.40167186
0.40166527
0.4016535
0.40163717
0.40161753
0.40159577
0.40157342
0.40155178
0.4015319
0.4015142
0.40149868
0.40148512
0.4014732
0.40146253
0.40145275
0.4014438
0.40143582
0.40142918
0.40142423
0.40142146
0.40142143
0.4014246
0.40143123
0.40144134
0.4014545
0.40147018
0.4014874
0.40150538
0.40152314
0.4015402
0.4015561
0.40157053
0.4015836
0.40159512
0.4016048
0.401612
0.40161613
0.40161687
0.40161413
0.40160844
0.4016004
0.40159103
0.40158135
0.40157187
0.40156358
0.40155688
0.40155247
0.40155065
0.40155146
0.40155488
0.40156013
0.40156615
0.40157187
0.40157625
0.40157852
0.40157855
0.40157673
0.40157422
0.401572
0.40157095
0.4015717
0.40157425
0.40157828
0.4015829
0.4015874
0.40159118
0.40159383
0.40159535
0.40159592
0.40159595
0.40159586
0.40159577
0.40159568
0.4015953
0.40159398
0.40159145
0.40158725
0.4015811
0.4015727
0.40156204
0.4015493
0.40153503
0.4015204
0.40150645
0.40149453
0.40148544
0.4014804
0.40148017
0.40148547
0.4014968
0.40151438
0.40153813
0.40156764
0.40160218
0.40164062
0.40168118
0.40172207
0.40176123
0.40179712
0.40182817
0.40185347
0.4018721
0.40188384
0.40188843
0.4018859
0.40187675
0.4018616
0.4018415
0.40181765
0.4017914
0.40176418
0.4017372
0.40171134
0.4016869
0.4016642
0.40164328
0.40162438
0.4016081
0.40159476
0.40158477
0.40157855
0.40157616
0.40157804
0.40158382
0.4015932
0.40160534
0.40161943
0.4016343
0.4016488
0.40166223
0.40167388
0.4016834
0.40169036
0.4016942
0.40169442
0.40169063
0.40168288
0.40167168
0.40165773
0.40164196
0.4016256
0.40160993
0.40159655
0.40158692
0.4015823
0.40158346
0.40159082
0.40160438
0.4016237
0.40164796
0.40167624
0.40170726
0.4017397
0.4017719
0.40180236
0.40182963
0.40185282
0.40187111
0.40188402
0.40189153
0.4018936
0.40189055
0.40188277
0.40187103
0.40185606
0.40183893
0.40182084
0.40180278
0.40178543
0.4017691
0.40175343
0.4017374
0.40172026
0.40170118
0.4016802
0.4016577
0.40163442
0.40161133
0.40158927
0.40156907
0.40155128
0.40153646
0.40152505
0.40151712
0.40151295
0.4015123
0.4015147
0.40151998
0.40152735
0.4015361
0.40154532
0.4015542
0.40156206
0.40156874
0.40157378
0.40157723
0.40157872
0.40157795
0.4015749
0.4015699
0.40156317
0.401555
0.40154558
0.40153518
0.4015239
0.40151244
0.40150154
0.40149188
0.40148428
0.4014794
0.40147784
0.40148026
0.40148702
0.40149826
0.40151364
0.40153277
0.40155488
0.4015791
0.40160424
0.40162915
0.40165246
0.40167326
0.40169114
0.4017063
0.4017193
0.40173134
0.40174353
0.40175664
0.40177113
0.40178657
0.40180188
0.4018158
0.40182698
0.4018339
0.40183577
0.40183175
0.40182176
0.40180582
0.4017845
0.4017584
0.4017287
0.4016966
0.40166366
0.40163115
0.40160027
0.40157187
0.4015464
0.40152407
0.40150493
0.40148896
0.40147582
0.40146527
0.40145704
0.4014507
0.401446
0.40144268
0.40144053
0.40143943
0.40143952
0.40144104
0.4014442
0.40144876
0.4014548
0.40146184
0.40146965
0.40147743
0.40148476
0.40149117
0.40149635
0.4015004
0.4015034
0.40150553
0.40150696
0.40150803
0.40150928
0.4015117
0.40151587
0.4015226
0.40153208
0.40154427
0.40155876
0.40157458
0.40159073
0.4016061
0.4016195
0.40163043
0.4016388
0.4016451
0.40165025
0.4016552
0.40166092
0.4016679
0.40167642
0.40168628
0.40169674
0.40170676
0.40171486
0.4017199
0.40172118
0.4017182
0.40171143
0.40170154
0.4016898
0.4016774
0.40166545
0.40165484
0.40164605
0.40163955
0.40163523
0.40163288
0.40163216
0.4016325
0.40163362
0.40163487
0.40163562
0.40163517
0.40163276
0.40162805
0.40162107
0.40161222
0.40160254
0.401593
0.40158457
0.40157786
0.40157345
0.40157154
0.40157208
0.40157518
0.4015804
0.4015874
0.4015957
0.40160477
0.4016142
0.40162352
0.40163252
0.40164062
0.40164727
0.4016517
0.4016536
0.40165237
0.40164855
0.40164265
0.40163565
0.4016287
0.4016226
0.4016179
0.40161481
0.40161306
0.40161192
0.40161052
0.40160802
0.40160376
0.40159738
0.4015894
0.40158042
0.40157142
0.40156335
0.40155667
0.40155193
0.40154886
0.40154725
0.40154684
0.40154758
0.4015496
0.40155283
0.40155712
0.40156224
0.40156782
0.4015737
0.40157965
0.4015858
0.4015922
0.40159866
0.40160477
0.40160996
0.4016137
0.401616
0.40161702
0.40161738
0.40161788
0.40161893
0.40162113
0.40162456
0.40162894
0.40163392
0.40163878
0.40164292
0.40164596
0.40164796
0.4016486
0.4016477
0.40164497
0.40164018
0.40163386
0.40162668
0.4016196
0.40161362
0.40160945
0.40160736
0.40160733
0.40160903
0.40161195
0.40161565
0.40161988
0.4016242
0.40162802
0.40163085
0.40163213
0.40163183
0.4016303
0.4016284
0.4016273
0.40162787
0.40163088
0.40163675
0.40164545
0.40165687
0.4016704
0.40168527
0.4017
0.40171307
0.40172282
0.4017282
0.4017287
0.40172416
0.4017153
0.401703
0.40168837
0.40167278
0.40165743
0.40164313
0.40163034
0.40161917
0.40160933
0.4016004
0.40159193
0.40158358
0.40157512
0.40156662
0.4015582
0.40154985
0.40154156
0.40153325
0.4015251
0.4015174
0.4015104
0.4015044
0.40149954
0.4014961
0.40149438
0.40149465
0.40149724
0.40150255
0.4015106
0.40152133
0.4015343
0.40154892
0.40156427
0.40157914
0.40159234
0.40160257
0.40160903
0.40161133
0.4016095
0.40160447
0.40159684
0.40158758
0.40157738
0.40156677
0.40155643
0.40154666
0.40153784
0.4015302
0.40152407
0.4015196
0.40151688
0.40151596
0.4015169
0.40152016
0.4015259
0.40153453
0.4015462
0.40156105
0.40157887
0.40159896
0.4016203
0.40164164
0.4016616
0.401679
0.40169314
0.40170372
0.40171078
0.40171495
0.40171665
0.4017161
0.40171355
0.40170914
0.4017031
0.40169597
0.4016883
0.40168062
0.40167323
0.4016662
0.40165967
0.40165344
0.40164757
0.4016418
0.40163627
0.40163127
0.40162694
0.4016238
0.40162203
0.40162173
0.4016228
0.4016252
0.4016288
0.40163377
0.4016401
0.4016477
0.40165642
0.40166563
0.40167516
0.4016851
0.40169558
0.4017073
0.4017209
0.40173712
0.40175694
0.4017818
0.40181315
0.40185323
0.4019048
0.40197134
0.4020581
0.40217203
0.40232348
0.40252733
0.40280658
0.40318945
0.40371722
0.40444732
0.40545753
0.406854
0.40877897
0.41145232
0.41510075
0.42003316
0.4267215
0.43581277
0.44791842
