0.44255295
0.43203798
0.42414436
0.41819388
0.4137437
0.41044945
0.40802848
0.40624127
0.40492776
0.40397048
0.40327322
0.4027685
0.40240577
0.4021474
0.4019656
0.40183946
0.4017537
0.401697
0.40166095
0.40163916
0.40162644
0.40161872
0.4016128
0.4016062
0.40159732
0.40158555
0.4015709
0.40155402
0.40153566
0.40151688
0.4014985
0.40148142
0.4014661
0.40145296
0.40144202
0.4014331
0.40142596
0.40142012
0.40141544
0.40141138
0.40140808
0.40140533
0.4014034
0.40140277
0.4014039
0.40140733
0.40141353
0.40142244
0.40143403
0.401448
0.4014641
0.40148216
0.40150172
0.4015222
0.40154278
0.40156233
0.40157968
0.40159366
0.40160364
0.40160933
0.40161076
0.4016085
0.40160328
0.40159613
0.40158838
0.40158138
0.40157613
0.40157366
0.40157437
0.40157846
0.40158555
0.4015949
0.40160537
0.40161568
0.40162435
0.40162995
0.40163147
0.40162846
0.4016211
0.40161002
0.40159655
0.4015823
0.40156874
0.4015571
0.40154824
0.40154245
0.40153965
0.4015393
0.40154082
0.40154362
0.40154728
0.40155163
0.40155703
0.4015641
0.40157342
0.40158546
0.4016002
0.4016173
0.40163603
0.4016552
0.40167356
0.40168968
0.40170252
0.40171143
0.4017162
0.40171736
0.40171567
0.40171248
0.40170905
0.40170652
0.4017055
0.40170604
0.40170795
0.40171093
0.4017147
0.4017192
0.40172416
0.40172902
0.40173313
0.40173563
0.4017357
0.40173277
0.4017267
0.40171787
0.40170735
0.40169635
0.40168643
0.401679
0.40167513
0.4016757
0.40168098
0.40169063
0.40170377
0.40171885
0.40173396
0.40174735
0.40175718
0.40176237
0.40176216
0.40175644
0.40174574
0.40173107
0.4017137
0.4016953
0.4016775
0.40166175
0.40164897
0.40163958
0.40163362
0.40163046
0.40162936
0.40162984
0.40163147
0.40163445
0.40163922
0.40164617
0.40165538
0.40166658
0.40167892
0.4016913
0.40170217
0.40171015
0.40171427
0.40171382
0.4017088
0.4016998
0.40168798
0.40167508
0.4016629
0.40165332
0.40164772
0.40164715
0.40165195
0.4016621
0.40167713
0.401696
0.40171736
0.40173966
0.40176147
0.40178162
0.40179935
0.40181413
0.4018258
0.40183422
0.4018394
0.4018413
0.40183994
0.4018351
0.40182674
0.40181476
0.4017992
0.40178025
0.4017581
0.4017332
0.40170583
0.4016767
0.40164655
0.40161636
0.40158707
0.40155956
0.40153453
0.40151218
0.40149277
0.40147656
0.4014634
0.40145332
0.40144637
0.40144253
0.40144172
0.40144402
0.40144947
0.40145802
0.4014695
0.40148354
0.4014998
0.40151802
0.4015374
0.40155745
0.4015773
0.4015963
0.40161398
0.4016303
0.40164575
0.4016609
0.40167618
0.40169185
0.40170768
0.40172288
0.40173635
0.40174696
0.40175387
0.40175658
0.40175518
0.40175024
0.4017427
0.4017339
0.401725
0.40171698
0.40171048
0.40170553
0.40170178
0.4016986
0.40169486
0.40168977
0.40168288
0.40167403
0.40166375
0.40165296
0.40164334
0.40163654
0.4016344
0.40163878
0.40165162
0.40167508
0.40171173
0.40176538
0.40184122
0.401947
0.40209338
0.4022959
0.40257615
0.40296292
0.40349734
0.40423694
0.4052596
0.40667167
0.4086146
0.41130865
0.41497764
0.41993073
0.4266408
0.43575138
0.44787472
