0.44263896
0.43215135
0.4242823
0.41835332
0.41392022
0.4106376
0.408221
0.4064313
0.4051089
0.4041377
0.40342298
0.40289885
0.40251622
0.40223846
0.40203837
0.40189537
0.40179417
0.40172356
0.4016756
0.40164483
0.40162754
0.40162084
0.40162265
0.40163103
0.40164423
0.40166047
0.4016779
0.40169445
0.4017083
0.40171793
0.40172222
0.40172067
0.4017133
0.40170062
0.4016837
0.40166393
0.40164268
0.4016214
0.40160125
0.40158293
0.40156716
0.40155414
0.40154377
0.40153614
0.40153107
0.4015289
0.40153006
0.40153497
0.40154406
0.4015571
0.40157357
0.40159255
0.40161276
0.4016324
0.40164974
0.40166304
0.4016711
0.40167314
0.401669
0.40165892
0.4016439
0.4016252
0.40160438
0.40158308
0.40156284
0.40154523
0.4015313
0.40152177
0.40151662
0.40151548
0.40151766
0.4015223
0.40152872
0.40153614
0.40154412
0.40155232
0.40156087
0.40157008
0.40158048
0.40159246
0.40160593
0.4016207
0.40163592
0.40165058
0.4016632
0.4016726
0.4016777
0.40167806
0.40167382
0.40166563
0.40165478
0.40164274
0.40163127
0.4016217
0.4016152
0.40161237
0.40161338
0.4016179
0.40162516
0.4016343
0.4016444
0.40165493
0.40166554
0.40167624
0.40168697
0.40169734
0.4017068
0.40171444
0.40171915
0.4017201
0.4017168
0.40170902
0.40169713
0.40168175
0.4016641
0.40164572
0.40162805
0.40161255
0.40160015
0.4015913
0.4015862
0.40158486
0.4015872
0.40159273
0.40160078
0.40161026
0.40161994
0.40162832
0.40163413
0.40163624
0.40163445
0.4016291
0.40162092
0.40161118
0.40160105
0.40159133
0.40158287
0.40157616
0.40157193
0.40157068
0.4015731
0.40157962
0.4015906
0.40160576
0.4016248
0.40164676
0.4016704
0.4016943
0.40171725
0.4017378
0.40175495
0.40176752
0.40177467
0.40177587
0.40177098
0.40176022
0.4017443
0.40172416
0.40170085
0.4016758
0.40165025
0.40162572
0.40160304
0.401583
0.40156576
0.40155146
0.4015398
0.40153047
0.40152305
0.4015174
0.4015133
0.4015112
0.4015114
0.40151432
0.40152037
0.4015297
0.40154225
0.40155765
0.40157548
0.4015952
0.40161636
0.40163872
0.4016621
0.40168655
0.4017117
0.40173703
0.4017614
0.4017838
0.40180278
0.4018169
0.40182525
0.40182698
0.40182173
0.40180957
0.40179116
0.40176734
0.40173966
0.40170977
0.4016794
0.40165034
0.4016241
0.40160224
0.40158564
0.40157506
0.4015705
0.4015716
0.40157762
0.40158734
0.4015994
0.40161234
0.40162462
0.40163505
0.4016428
0.40164778
0.4016504
0.40165162
0.40165228
0.40165323
0.40165478
0.40165663
0.40165797
0.40165764
0.40165448
0.40164787
0.40163758
0.4016241
0.40160847
0.40159193
0.40157595
0.40156138
0.401549
0.40153927
0.4015319
0.4015267
0.40152287
0.40151966
0.40151653
0.40151328
0.4015101
0.40150732
0.4015052
0.40150374
0.40150264
0.40150142
0.4014994
0.40149587
0.4014906
0.40148348
0.40147462
0.40146443
0.40145358
0.40144274
0.4014327
0.40142414
0.40141773
0.40141404
0.40141323
0.40141556
0.401421
0.40142953
0.40144095
0.4014551
0.4014718
0.40149072
0.4015114
0.40153357
0.4015568
0.4015804
0.4016037
0.40162584
0.40164593
0.40166304
0.4016761
0.4016842
0.4016868
0.40168354
0.40167466
0.40166044
0.40164182
0.40161976
0.40159562
0.40157062
0.40154612
0.40152335
0.4015034
0.401487
0.40147442
0.4014658
0.40146098
0.4014596
0.40146115
0.401465
0.40147066
0.40147775
0.40148616
0.40149602
0.4015075
0.401521
0.4015367
0.40155476
0.40157482
0.40159616
0.40161765
0.4016378
0.4016551
0.4016683
0.40167654
0.40167946
0.4016774
0.40167114
0.40166184
0.40165052
0.4016382
0.4016256
0.40161312
0.40160117
0.40159014
0.40158036
0.4015725
0.40156704
0.40156484
0.40156662
0.40157297
0.4015843
0.40160048
0.4016211
0.40164557
0.40167296
0.40170234
0.40173283
0.40176323
0.40179232
0.4018192
0.40184283
0.40186262
0.40187812
0.4018892
0.4018957
0.4018976
0.4018949
0.4018876
0.40187618
0.40186104
0.40184292
0.40182245
0.4018005
0.40177792
0.40175536
0.40173355
0.40171263
0.40169248
0.40167287
0.40165365
0.4016349
0.4016171
0.40160093
0.40158698
0.401576
0.40156862
0.40156534
0.40156633
0.40157124
0.40157944
0.40158975
0.40160075
0.40161082
0.4016185
0.40162265
0.4016224
0.4016176
0.40160823
0.40159535
0.40158004
0.40156373
0.40154755
0.40153235
0.4015188
0.40150735
0.40149802
0.40149054
0.40148443
0.40147915
0.40147427
0.40146956
0.40146533
0.4014618
0.4014596
0.4014587
0.40145957
0.40146214
0.40146655
0.40147308
0.4014819
0.40149325
0.40150705
0.4015236
0.40154296
0.4015654
0.40159088
0.40161914
0.40164936
0.4016804
0.40171087
0.40173924
0.40176418
0.4017847
0.40179995
0.4018095
0.40181318
0.40181094
0.401803
0.40178987
0.40177226
0.40175122
0.40172794
0.4017041
0.4016812
0.40166095
0.40164438
0.40163207
0.4016243
0.4016206
0.40162048
0.401623
0.40162772
0.401634
0.40164128
0.4016488
0.4016556
0.40166053
0.4016629
0.40166223
0.40165868
0.40165305
0.4016464
0.40163994
0.40163496
0.40163216
0.4016319
0.40163404
0.40163803
0.40164307
0.40164846
0.40165344
0.40165743
0.40165946
0.4016588
0.40165478
0.40164724
0.40163642
0.40162286
0.4016076
0.40159166
0.40157613
0.40156195
0.40154985
0.40154043
0.40153414
0.40153137
0.40153217
0.40153655
0.40154412
0.40155426
0.40156582
0.40157777
0.4015889
0.4015981
0.4016044
0.4016076
0.401608
0.40160638
0.4016041
0.40160254
0.4016032
0.40160725
0.4016151
0.40162706
0.4016423
0.40166
0.40167844
0.40169588
0.4017105
0.40172088
0.4017257
0.40172464
0.40171745
0.40170473
0.40168753
0.40166742
0.40164617
0.4016255
0.40160695
0.40159166
0.40158
0.40157202
0.40156716
0.40156472
0.40156373
0.4015636
0.4015641
0.40156546
0.40156785
0.4015718
0.40157762
0.40158513
0.40159386
0.4016028
0.40161073
0.40161645
0.40161896
0.4016179
0.40161312
0.40160516
0.4015948
0.40158293
0.4015706
0.40155855
0.40154746
0.40153757
0.4015289
0.40152118
0.40151417
0.40150777
0.40150192
0.40149716
0.40149367
0.4014921
0.40149269
0.40149543
0.4015
0.4015055
0.40151098
0.40151536
0.40151787
0.40151823
0.40151697
0.40151516
0.40151402
0.40151513
0.40151945
0.40152785
0.40154055
0.40155742
0.40157786
0.40160108
0.40162614
0.4016518
0.40167677
0.4016994
0.40171844
0.40173277
0.4017416
0.40174446
0.40174124
0.40173203
0.40171736
0.40169787
0.4016746
0.40164876
0.40162167
0.40159476
0.40156916
0.4015457
0.4015251
0.4015077
0.40149385
0.4014838
0.40147784
0.40147611
0.4014786
0.40148517
0.4014957
0.40151006
0.40152827
0.40155008
0.40157503
0.4016022
0.40163046
0.40165836
0.40168422
0.40170658
0.40172443
0.40173694
0.40174374
0.4017449
0.40174088
0.4017326
0.40172142
0.4017087
0.40169588
0.40168422
0.40167478
0.40166828
0.40166512
0.4016656
0.40166956
0.4016768
0.40168664
0.40169817
0.40170997
0.40172046
0.40172824
0.40173218
0.4017315
0.40172604
0.40171602
0.40170237
0.40168634
0.4016695
0.40165323
0.40163872
0.40162656
0.40161678
0.40160882
0.40160185
0.40159473
0.40158665
0.40157697
0.40156567
0.40155315
0.40154013
0.40152735
0.40151528
0.40150434
0.40149462
0.40148643
0.40147984
0.40147495
0.40147167
0.40147
0.40147
0.4014717
0.40147516
0.4014806
0.40148804
0.40149742
0.40150842
0.40152067
0.40153357
0.40154642
0.4015584
0.40156838
0.40157542
0.40157855
0.40157717
0.40157142
0.40156174
0.4015493
0.40153527
0.40152085
0.40150702
0.40149483
0.40148485
0.40147758
0.4014733
0.40147212
0.40147403
0.4014788
0.40148598
0.40149516
0.40150568
0.401517
0.40152887
0.40154067
0.40155217
0.40156323
0.40157396
0.40158436
0.4015942
0.40160304
0.40161037
0.40161568
0.40161884
0.4016198
0.40161863
0.40161562
0.40161127
0.4016063
0.40160167
0.4015981
0.40159598
0.40159544
0.40159658
0.40159917
0.40160355
0.40160993
0.401619
0.4016313
0.40164706
0.40166605
0.4016877
0.4017107
0.40173343
0.40175435
0.4017722
0.40178576
0.4017944
0.40179786
0.4017963
0.4017902
0.40178022
0.40176708
0.40175182
0.4017352
0.40171817
0.4017016
0.4016861
0.4016722
0.40166017
0.40164998
0.40164128
0.4016336
0.40162647
0.4016196
0.40161294
0.40160647
0.40160015
0.4015939
0.40158743
0.40158036
0.4015725
0.4015637
0.40155435
0.40154535
0.40153763
0.40153238
0.40153039
0.40153235
0.4015385
0.40154877
0.4015626
0.40157908
0.4015969
0.40161476
0.40163085
0.4016436
0.40165168
0.40165418
0.40165058
0.40164104
0.40162614
0.401607
0.40158513
0.4015623
0.4015404
0.40152106
0.4015055
0.4014944
0.4014882
0.40148667
0.40148973
0.40149713
0.4015085
0.40152335
0.4015414
0.4015622
0.40158543
0.40161058
0.40163717
0.40166447
0.4016913
0.40171638
0.4017385
0.40175635
0.4017693
0.401777
0.40177938
0.40177703
0.40177074
0.40176153
0.4017505
0.40173844
0.40172586
0.4017134
0.40170133
0.40168995
0.4016793
0.40166968
0.40166143
0.40165466
0.40164974
0.40164676
0.4016456
0.40164605
0.4016478
0.4016505
0.40165392
0.4016579
0.40166223
0.40166613
0.40166897
0.4016698
0.40166774
0.40166235
0.4016535
0.4016416
0.40162736
0.40161142
0.4015949
0.4015788
0.40156403
0.4015513
0.40154123
0.40153402
0.40153012
0.40152964
0.4015329
0.40153968
0.4015502
0.40156394
0.40158033
0.4015985
0.40161747
0.40163606
0.401653
0.4016672
0.40167814
0.40168563
0.40169
0.40169197
0.4016926
0.4016929
0.40169355
0.401695
0.40169716
0.40169948
0.40170148
0.4017024
0.4017018
0.4016994
0.40169537
0.40168992
0.40168345
0.40167624
0.4016681
0.4016588
0.4016479
0.4016354
0.4016214
0.4016065
0.4015916
0.4015776
0.4015654
0.40155572
0.401549
0.40154558
0.40154555
0.40154868
0.40155452
0.40156227
0.40157098
0.4015797
0.4015876
0.40159422
0.40159956
0.40160415
0.40160885
0.40161508
0.40162387
0.40163583
0.40165085
0.40166822
0.40168652
0.4017042
0.40171954
0.40173143
0.4017388
0.40174115
0.40173832
0.40173075
0.40171912
0.40170437
0.40168747
0.40166935
0.40165052
0.40163115
0.4016111
0.4015905
0.40156966
0.40154916
0.40152988
0.40151268
0.4014983
0.40148717
0.40147945
0.4014751
0.40147382
0.40147522
0.40147907
0.40148503
0.4014932
0.40150338
0.40151533
0.40152898
0.4015439
0.4015599
0.40157697
0.40159526
0.4016149
0.40163606
0.40165845
0.40168148
0.40170428
0.40172553
0.40174434
0.40175974
0.40177122
0.40177882
0.401783
0.4017845
0.40178424
0.4017833
0.40178278
0.40178338
0.40178555
0.40178934
0.40179428
0.40179977
0.4018053
0.40181047
0.40181515
0.4018196
0.40182364
0.40182745
0.40183046
0.40183198
0.40183112
0.40182698
0.40181884
0.40180627
0.4017892
0.40176785
0.401743
0.4017159
0.40168798
0.40166077
0.40163562
0.40161377
0.40159595
0.4015827
0.40157405
0.40157002
0.40157062
0.40157577
0.4015854
0.401599
0.40161586
0.40163463
0.40165395
0.40167204
0.40168738
0.40169907
0.40170664
0.40171048
0.40171143
0.40171096
0.4017109
0.40171304
0.401719
0.40172997
0.40174678
0.40176982
0.4017992
0.40183538
0.40187916
0.40193233
0.40199792
0.40208092
0.40218878
0.4023324
0.40252724
0.402797
0.4031714
0.40369213
0.40441707
0.40542436
0.40682018
0.40874636
0.4114226
0.41507465
0.42001122
0.4267042
0.43579975
0.44790927
