0.44257936
0.4320757
0.42419553
0.41826048
0.41382647
0.41054764
0.40813896
0.40636015
0.4050508
0.4040933
0.40339196
0.4028797
0.4025066
0.4022359
0.40204027
0.40189946
0.4017985
0.40172622
0.4016747
0.40163812
0.40161222
0.40159371
0.4015799
0.4015687
0.40155837
0.4015479
0.40153643
0.4015237
0.40151006
0.40149623
0.4014832
0.40147203
0.4014636
0.40145874
0.4014579
0.40146106
0.40146804
0.40147844
0.40149173
0.40150717
0.4015239
0.40154102
0.40155727
0.40157127
0.40158203
0.4015887
0.401591
0.40158907
0.4015835
0.40157503
0.40156478
0.4015535
0.40154198
0.40153104
0.40152124
0.40151277
0.40150562
0.4014998
0.40149513
0.4014916
0.40148968
0.40148982
0.40149277
0.401499
0.4015085
0.40152103
0.4015358
0.40155187
0.40156817
0.4015836
0.40159705
0.40160757
0.40161458
0.40161824
0.4016189
0.40161747
0.4016149
0.40161192
0.4016093
0.40160757
0.40160695
0.40160763
0.401609
0.4016104
0.40161088
0.40160963
0.40160584
0.40159917
0.4015898
0.40157813
0.40156466
0.40154985
0.40153387
0.40151688
0.4014988
0.40147963
0.40146002
0.4014404
0.40142167
0.40140447
0.40138963
0.40137768
0.40136907
0.40136406
0.40136272
0.4013649
0.40137064
0.40137985
0.40139225
0.40140763
0.4014257
0.4014462
0.4014689
0.40149373
0.40152028
0.4015481
0.40157637
0.40160406
0.4016301
0.4016531
0.40167204
0.4016858
0.40169397
0.40169635
0.40169343
0.40168598
0.4016747
0.4016605
0.40164426
0.40162694
0.40160915
0.4015915
0.4015745
0.40155846
0.40154365
0.4015303
0.40151867
0.4015092
0.4015022
0.40149802
0.4014967
0.40149856
0.4015035
0.40151158
0.4015226
0.4015364
0.40155262
0.4015707
0.40159
0.40160936
0.40162763
0.40164354
0.40165597
0.4016642
0.40166816
0.40166816
0.4016649
0.40165913
0.4016517
0.4016433
0.40163445
0.40162587
0.40161824
0.4016121
0.4016081
0.40160626
0.40160677
0.40160945
0.40161422
0.4016208
0.40162897
0.4016382
0.40164787
0.4016571
0.40166518
0.40167165
0.4016766
0.40168047
0.40168393
0.40168726
0.40169054
0.40169314
0.40169418
0.40169287
0.4016885
0.4016806
0.40166947
0.4016557
0.40164027
0.40162432
0.4016089
0.4015951
0.4015836
0.4015748
0.40156877
0.40156534
0.40156394
0.40156394
0.40156436
0.40156433
0.40156302
0.40155995
0.4015553
0.40154943
0.40154302
0.40153688
0.40153173
0.4015286
0.40152782
0.4015298
0.40153435
0.40154105
0.4015494
0.40155852
0.40156746
0.40157524
0.40158075
0.4015829
0.40158096
0.40157497
0.4015655
0.40155357
0.4015405
0.40152755
0.40151584
0.4015064
0.40149984
0.40149662
0.40149674
0.40150023
0.4015069
0.40151635
0.40152842
0.40154287
0.4015596
0.40157872
0.40160066
0.40162626
0.40165734
0.40169647
0.40174773
0.401817
0.40191254
0.40204614
0.40223482
0.40250242
0.4028786
0.40340546
0.40414053
0.40516156
0.40657434
0.40852025
0.4112198
0.41489616
0.41985863
0.42658028
0.43570343
0.44783986
