0.4425605
0.4320537
0.4241742
0.41824433
0.41382056
0.41055736
0.40816814
0.40641108
0.4051238
0.40418613
0.40350133
0.40300134
0.40263647
0.40237013
0.40217602
0.40203488
0.40193275
0.40185905
0.40180585
0.40176693
0.4017372
0.40171292
0.40169147
0.401671
0.4016507
0.40163043
0.40161103
0.4015932
0.401578
0.40156624
0.40155834
0.4015543
0.4015535
0.40155524
0.4015583
0.40156144
0.40156373
0.40156457
0.40156382
0.40156192
0.4015592
0.4015564
0.4015541
0.4015529
0.40155327
0.40155566
0.40156034
0.40156776
0.4015778
0.40159026
0.40160415
0.40161818
0.40163064
0.4016399
0.40164486
0.40164453
0.4016389
0.4016284
0.40161407
0.40159723
0.40157944
0.4015623
0.40154675
0.40153348
0.40152285
0.40151474
0.40150917
0.4015058
0.4015044
0.40150502
0.40150765
0.40151262
0.40151998
0.4015296
0.40154147
0.40155524
0.4015701
0.40158516
0.4015991
0.40161055
0.4016182
0.40162116
0.4016191
0.40161252
0.40160227
0.4015898
0.4015764
0.40156344
0.4015518
0.40154198
0.40153414
0.40152797
0.40152305
0.40151858
0.40151364
0.4015074
0.4014992
0.40148887
0.40147677
0.4014635
0.40144995
0.4014368
0.40142462
0.4014138
0.40140465
0.40139735
0.4013921
0.4013889
0.40138772
0.40138847
0.40139097
0.401395
0.40140024
0.40140635
0.40141273
0.40141892
0.40142456
0.40142936
0.40143338
0.4014362
0.40143785
0.40143824
0.401437
0.4014343
0.40142992
0.40142435
0.40141806
0.4014117
0.4014061
0.4014018
0.401399
0.40139765
0.40139753
0.40139812
0.401399
0.40139985
0.40140072
0.4014019
0.40140373
0.4014067
0.4014112
0.40141723
0.40142494
0.40143424
0.4014452
0.4014579
0.40147224
0.40148848
0.40150663
0.40152675
0.40154842
0.4015712
0.40159437
0.40161705
0.40163827
0.40165773
0.4016753
0.40169123
0.40170604
0.4017199
0.40173277
0.40174437
0.40175432
0.40176257
0.40176922
0.40177462
0.40177915
0.4017832
0.4017869
0.4017901
0.40179232
0.40179336
0.40179294
0.40179124
0.40178856
0.4017855
0.40178216
0.40177864
0.40177453
0.40176952
0.40176317
0.4017554
0.40174618
0.40173563
0.40172386
0.4017108
0.40169626
0.40167987
0.40166166
0.40164155
0.40162003
0.40159774
0.4015755
0.40155414
0.40153432
0.4015166
0.4015015
0.40148896
0.4014789
0.4014708
0.4014644
0.40145922
0.401455
0.40145153
0.40144873
0.4014469
0.40144613
0.4014467
0.40144864
0.40145195
0.4014564
0.40146175
0.4014677
0.40147403
0.40148064
0.4014874
0.4014943
0.4015012
0.401508
0.40151438
0.40152013
0.4015253
0.40152964
0.40153366
0.40153757
0.40154192
0.40154704
0.40155324
0.4015606
0.401569
0.40157798
0.40158734
0.40159628
0.40160418
0.40161023
0.40161383
0.4016143
0.40161163
0.4016059
0.4015978
0.4015881
0.40157768
0.4015672
0.40155718
0.40154767
0.40153882
0.40153044
0.40152246
0.40151513
0.4015086
0.40150353
0.40150037
0.4014993
0.4015005
0.40150374
0.4015084
0.4015142
0.4015208
0.4015281
0.4015361
0.4015449
0.40155447
0.40156433
0.40157393
0.40158233
0.40158877
0.40159237
0.4015922
0.40158746
0.401578
0.40156412
0.40154684
0.40152732
0.4015069
0.401487
0.4014684
0.40145168
0.4014371
0.40142483
0.40141472
0.40140685
0.40140134
0.40139806
0.4013973
0.40139887
0.40140262
0.40140817
0.401415
0.4014226
0.40143028
0.4014378
0.40144497
0.4014523
0.40146017
0.40146923
0.4014799
0.40149245
0.4015073
0.40152425
0.4015431
0.401563
0.40158275
0.4016008
0.40161568
0.40162635
0.40163234
0.4016339
0.40163186
0.40162754
0.40162233
0.40161765
0.40161458
0.401614
0.4016162
0.40162107
0.40162814
0.40163654
0.40164533
0.40165317
0.4016589
0.4016617
0.4016611
0.40165716
0.40165052
0.4016422
0.40163326
0.40162456
0.40161672
0.40160993
0.40160412
0.40159884
0.40159377
0.40158856
0.40158275
0.40157607
0.4015681
0.40155864
0.4015479
0.4015365
0.4015253
0.40151522
0.40150696
0.40150088
0.40149674
0.40149423
0.40149292
0.40149212
0.40149125
0.40149012
0.40148887
0.4014881
0.40148827
0.40149018
0.40149423
0.40150088
0.4015101
0.40152204
0.40153664
0.4015535
0.40157202
0.40159178
0.40161183
0.40163147
0.40164965
0.40166533
0.4016774
0.4016852
0.40168837
0.40168703
0.40168196
0.40167403
0.40166444
0.4016539
0.4016428
0.4016315
0.40161997
0.4016082
0.40159655
0.40158546
0.40157548
0.401567
0.40156037
0.40155584
0.40155354
0.4015535
0.4015558
0.4015603
0.40156665
0.40157425
0.40158254
0.40159106
0.40159938
0.40160695
0.40161344
0.40161854
0.40162227
0.40162492
0.4016269
0.4016287
0.40163046
0.4016321
0.40163326
0.4016334
0.40163267
0.40163085
0.4016285
0.40162626
0.40162444
0.4016234
0.40162322
0.40162355
0.40162396
0.40162364
0.401622
0.40161866
0.40161383
0.40160784
0.40160134
0.40159503
0.401589
0.40158367
0.4015789
0.40157467
0.40157068
0.40156683
0.40156308
0.4015599
0.40155804
0.40155834
0.4015614
0.40156755
0.40157685
0.4015889
0.40160295
0.40161768
0.40163174
0.4016436
0.4016522
0.40165707
0.40165827
0.40165657
0.4016529
0.4016488
0.40164557
0.4016443
0.40164572
0.40165025
0.4016578
0.40166757
0.40167847
0.40168914
0.4016982
0.4017047
0.40170828
0.40170914
0.40170828
0.40170658
0.4017055
0.401706
0.40170872
0.4017137
0.4017206
0.40172863
0.40173632
0.4017422
0.4017447
0.4017427
0.40173548
0.40172315
0.40170592
0.4016849
0.40166143
0.40163702
0.40161318
0.40159142
0.40157288
0.4015585
0.40154874
0.4015439
0.4015439
0.40154848
0.40155745
0.40157035
0.40158668
0.40160564
0.40162626
0.4016475
0.401668
0.40168646
0.40170118
0.40171117
0.40171567
0.40171456
0.40170822
0.40169728
0.40168282
0.40166584
0.40164745
0.40162873
0.4016104
0.40159303
0.401577
0.40156245
0.40154925
0.40153748
0.40152702
0.40151802
0.40151075
0.4015052
0.40150136
0.40149912
0.40149826
0.40149862
0.40150037
0.4015035
0.40150797
0.4015135
0.4015197
0.40152642
0.40153304
0.4015395
0.40154585
0.40155205
0.40155807
0.4015635
0.40156785
0.40157068
0.40157205
0.40157256
0.4015731
0.40157488
0.40157917
0.40158665
0.40159735
0.40161085
0.40162608
0.40164152
0.4016554
0.4016664
0.40167338
0.40167585
0.4016739
0.40166843
0.4016606
0.40165204
0.40164414
0.40163797
0.4016341
0.40163237
0.4016323
0.401633
0.40163326
0.40163216
0.4016292
0.40162438
0.40161803
0.40161076
0.40160304
0.40159553
0.40158856
0.40158224
0.40157658
0.40157145
0.40156677
0.4015622
0.4015576
0.4015529
0.40154794
0.40154257
0.4015367
0.40153006
0.4015226
0.40151483
0.4015072
0.4015003
0.40149468
0.40149072
0.4014884
0.40148777
0.40148857
0.40149084
0.40149444
0.4014992
0.40150502
0.4015113
0.40151775
0.4015242
0.40153047
0.40153643
0.40154174
0.40154612
0.401549
0.40154994
0.40154874
0.40154573
0.40154165
0.40153727
0.40153328
0.40153006
0.40152764
0.40152553
0.40152302
0.40151927
0.4015135
0.40150538
0.4014949
0.40148282
0.40147
0.40145746
0.4014462
0.4014369
0.40143022
0.4014263
0.40142524
0.4014269
0.40143114
0.40143758
0.401446
0.40145612
0.40146753
0.40148008
0.40149346
0.40150714
0.40152073
0.40153348
0.4015448
0.40155393
0.40156037
0.40156403
0.40156534
0.40156513
0.40156424
0.40156335
0.40156302
0.4015633
0.4015641
0.40156528
0.40156683
0.40156892
0.40157193
0.40157622
0.40158218
0.40159008
0.40159944
0.40160972
0.4016197
0.40162832
0.40163475
0.40163848
0.40163955
0.40163806
0.4016343
0.40162906
0.40162364
0.40161934
0.40161762
0.4016194
0.40162542
0.40163583
0.40165025
0.40166774
0.40168715
0.4017068
0.40172535
0.40174124
0.40175316
0.40176052
0.40176255
0.40175918
0.40175042
0.4017366
0.40171868
0.40169802
0.40167624
0.40165505
0.40163577
0.4016194
0.4016062
0.40159607
0.40158844
0.40158257
0.40157768
0.40157264
0.40156683
0.40155956
0.401551
0.40154132
0.40153104
0.40152073
0.40151098
0.4015023
0.40149498
0.401489
0.40148404
0.4014798
0.40147585
0.40147197
0.40146804
0.4014643
0.40146086
0.4014578
0.40145516
0.4014531
0.4014516
0.40145102
0.4014518
0.40145463
0.4014602
0.401469
0.40148127
0.40149698
0.40151536
0.40153542
0.40155584
0.40157482
0.40159076
0.40160227
0.4016085
0.4016091
0.4016044
0.4015952
0.4015826
0.4015681
0.40155318
0.40153882
0.40152594
0.40151507
0.4015064
0.4014998
0.40149498
0.40149137
0.40148824
0.40148512
0.40148172
0.40147796
0.40147403
0.40147036
0.4014675
0.40146622
0.4014671
0.4014709
0.4014783
0.40148997
0.40150616
0.40152696
0.40155163
0.4015792
0.401608
0.40163597
0.40166113
0.4016815
0.40169564
0.4017031
0.40170366
0.40169805
0.40168753
0.4016734
0.40165737
0.40164074
0.40162444
0.40160933
0.40159568
0.40158394
0.40157422
0.40156725
0.4015635
0.40156317
0.40156642
0.40157324
0.4015833
0.4015962
0.40161076
0.40162575
0.40163964
0.40165102
0.40165877
0.40166256
0.4016626
0.4016597
0.40165493
0.40164945
0.40164417
0.40163982
0.40163666
0.40163472
0.40163386
0.40163404
0.4016351
0.40163705
0.40163958
0.40164247
0.4016454
0.40164846
0.40165162
0.40165475
0.4016573
0.4016589
0.4016585
0.4016552
0.4016484
0.40163758
0.401623
0.40160543
0.40158585
0.40156555
0.40154585
0.401528
0.40151295
0.40150127
0.4014934
0.4014896
0.4014897
0.40149328
0.40149996
0.40150878
0.40151918
0.40153047
0.40154213
0.40155366
0.4015647
0.40157527
0.40158546
0.40159535
0.40160468
0.40161294
0.40161952
0.40162367
0.4016249
0.40162328
0.4016193
0.40161362
0.40160707
0.4016001
0.40159342
0.40158716
0.40158153
0.40157685
0.4015736
0.40157232
0.40157372
0.40157837
0.40158665
0.4015988
0.40161484
0.4016342
0.40165597
0.40167877
0.40170103
0.40172157
0.40173918
0.4017534
0.40176392
0.401771
0.4017751
0.40177688
0.40177736
0.40177727
0.40177697
0.40177646
0.40177545
0.4017733
0.4017694
0.40176356
0.40175566
0.40174595
0.4017348
0.40172288
0.40171057
0.40169832
0.40168643
0.4016752
0.4016648
0.40165544
0.40164763
0.40164196
0.40163898
0.40163925
0.40164286
0.40164965
0.40165895
0.40166977
0.40168056
0.40168986
0.40169632
0.40169862
0.40169576
0.40168738
0.4016736
0.40165502
0.40163276
0.40160835
0.40158382
0.4015608
0.40154085
0.40152493
0.40151364
0.40150735
0.40150568
0.40150836
0.40151507
0.40152535
0.40153882
0.40155482
0.4015726
0.40159142
0.40161037
0.40162873
0.40164608
0.40166238
0.40167806
0.4016941
0.40171137
0.40173054
0.40175182
0.40177476
0.40179864
0.40182212
0.40184382
0.40186244
0.4018768
0.40188617
0.4018899
0.40188777
0.40187964
0.40186554
0.4018457
0.40182066
0.40179124
0.40175864
0.40172416
0.40168926
0.40165552
0.401624
0.40159556
0.4015707
0.40154967
0.4015327
0.40151972
0.40151083
0.40150583
0.4015046
0.40150672
0.40151173
0.40151882
0.4015275
0.4015367
0.40154576
0.40155387
0.40156034
0.401565
0.40156767
0.4015685
0.4015677
0.4015654
0.40156165
0.40155673
0.40155095
0.40154493
0.4015393
0.40153477
0.40153173
0.4015305
0.40153113
0.4015339
0.4015387
0.40154555
0.40155447
0.40156528
0.40157822
0.40159306
0.40160978
0.4016281
0.4016476
0.40166762
0.4016874
0.40170604
0.4017224
0.40173542
0.40174425
0.40174803
0.40174648
0.4017397
0.4017281
0.40171233
0.4016934
0.40167242
0.40165076
0.4016295
0.40160957
0.40159178
0.4015766
0.40156454
0.40155566
0.40154997
0.4015475
0.40154815
0.4015519
0.40155837
0.4015671
0.40157712
0.40158775
0.40159792
0.4016069
0.4016137
0.40161794
0.40161943
0.4016184
0.40161577
0.4016123
0.4016089
0.4016062
0.40160435
0.40160304
0.4016018
0.40159985
0.40159672
0.40159217
0.4015865
0.40158057
0.40157515
0.401571
0.4015686
0.4015681
0.40156963
0.40157297
0.40157777
0.40158364
0.40159008
0.40159607
0.4016005
0.40160233
0.40160066
0.40159506
0.40158597
0.40157405
0.4015606
0.40154654
0.40153274
0.40151986
0.4015084
0.40149873
0.4014912
0.401486
0.40148342
0.40148368
0.40148684
0.40149277
0.40150127
0.40151176
0.4015232
0.40153465
0.40154475
0.40155256
0.4015575
0.40155968
0.40155968
0.40155867
0.4015576
0.4015579
0.40156043
0.4015656
0.40157375
0.4015846
0.40159783
0.4016133
0.4016309
0.40165055
0.401672
0.40169495
0.4017187
0.40174267
0.40176603
0.40178764
0.4018066
0.4018218
0.40183252
0.40183824
0.40183842
0.4018328
0.40182117
0.40180352
0.4017802
0.40175185
0.40171966
0.4016849
0.4016494
0.40161502
0.4015835
0.40155625
0.4015344
0.4015185
0.40150884
0.40150544
0.40150797
0.40151614
0.40152958
0.40154788
0.4015708
0.40159765
0.4016276
0.4016595
0.40169173
0.40172255
0.40175045
0.40177393
0.40179217
0.40180463
0.4018111
0.40181196
0.4018079
0.40179986
0.40178946
0.40177807
0.40176755
0.4017593
0.4017546
0.40175372
0.40175655
0.40176216
0.40176904
0.4017755
0.40177974
0.40178028
0.401776
0.4017664
0.40175137
0.40173137
0.40170717
0.40168014
0.40165168
0.40162364
0.40159717
0.40157345
0.40155318
0.4015365
0.40152335
0.4015135
0.4015063
0.401501
0.40149713
0.4014941
0.40149194
0.40149084
0.40149108
0.401493
0.40149674
0.40150225
0.40150917
0.40151715
0.40152574
0.40153447
0.40154275
0.40155008
0.40155643
0.40156198
0.4015672
0.40157282
0.4015794
0.40158746
0.401597
0.40160787
0.40161964
0.40163162
0.40164322
0.40165362
0.40166232
0.40166888
0.40167263
0.4016731
0.40166995
0.4016633
0.40165362
0.40164164
0.4016282
0.40161422
0.40160063
0.40158814
0.4015776
0.4015698
0.4015653
0.40156427
0.40156645
0.401571
0.40157685
0.4015823
0.4015859
0.4015866
0.4015837
0.4015775
0.4015685
0.4015575
0.40154526
0.4015321
0.40151832
0.40150386
0.40148878
0.40147305
0.4014572
0.40144175
0.40142742
0.40141496
0.40140495
0.40139773
0.40139347
0.40139237
0.40139446
0.40139946
0.40140685
0.40141603
0.40142646
0.40143755
0.40144902
0.40146068
0.4014724
0.40148443
0.40149692
0.40150976
0.4015228
0.40153527
0.40154642
0.4015555
0.40156198
0.401566
0.40156826
0.40156966
0.40157112
0.4015735
0.40157735
0.40158272
0.40159
0.40159908
0.40161023
0.40162334
0.40163842
0.4016551
0.40167305
0.40169144
0.4017096
0.40172672
0.40174234
0.4017562
0.40176836
0.40177912
0.401789
0.40179837
0.40180734
0.40181598
0.40182397
0.40183133
0.40183756
0.40184256
0.4018457
0.401846
0.40184247
0.40183422
0.40182066
0.40180147
0.4017767
0.40174675
0.4017126
0.40167552
0.40163693
0.40159842
0.4015612
0.4015265
0.40149528
0.40146825
0.40144563
0.40142766
0.4014139
0.401404
0.40139726
0.40139315
0.40139115
0.40139097
0.40139237
0.40139544
0.4014001
0.40140668
0.40141508
0.40142548
0.40143764
0.40145147
0.40146658
0.40148264
0.4014993
0.40151635
0.40153328
0.4015495
0.40156436
0.40157717
0.40158707
0.40159371
0.40159714
0.4015981
0.4015975
0.4015964
0.40159583
0.4015965
0.40159878
0.40160295
0.40160885
0.40161622
0.40162465
0.4016337
0.40164262
0.40165102
0.40165785
0.4016628
0.4016654
0.40166563
0.4016641
0.4016615
0.4016582
0.40165472
0.40165105
0.4016471
0.40164226
0.40163583
0.40162712
0.40161574
0.4016018
0.40158564
0.4015683
0.40155053
0.40153337
0.40151772
0.4015039
0.40149245
0.40148324
0.4014764
0.40147176
0.40146926
0.40146905
0.4014712
0.401476
0.40148357
0.40149388
0.40150678
0.40152237
0.40154043
0.40156078
0.40158308
0.40160683
0.40163103
0.40165436
0.40167534
0.4016926
0.40170497
0.4017117
0.40171245
0.40170747
0.4016972
0.4016826
0.401665
0.40164563
0.40162548
0.40160543
0.40158615
0.4015681
0.40155166
0.40153682
0.4015238
0.40151277
0.40150407
0.4014978
0.40149423
0.4014934
0.40149552
0.4015006
0.40150887
0.40152028
0.40153491
0.40155283
0.40157402
0.40159842
0.4016257
0.4016552
0.40168557
0.4017155
0.40174302
0.40176666
0.40178496
0.40179712
0.40180248
0.40180114
0.40179345
0.40178052
0.4017636
0.40174457
0.40172508
0.4017072
0.4016926
0.4016824
0.40167746
0.40167823
0.4016843
0.40169504
0.4017095
0.40172622
0.4017437
0.40176034
0.40177485
0.40178597
0.4017927
0.40179446
0.40179098
0.4017823
0.40176895
0.40175176
0.4017321
0.40171155
0.40169173
0.40167418
0.40165988
0.4016494
0.40164256
0.40163884
0.4016371
0.40163606
0.40163445
0.4016314
0.40162656
0.4016202
0.40161294
0.40160564
0.40159893
0.40159324
0.40158865
0.40158513
0.40158266
0.40158156
0.4015823
0.4015854
0.40159115
0.40159953
0.4016101
0.401622
0.40163404
0.40164512
0.40165445
0.40166146
0.40166616
0.40166852
0.4016686
0.40166605
0.40166044
0.40165138
0.40163878
0.40162292
0.40160453
0.4015846
0.40156418
0.40154424
0.40152577
0.4015093
0.40149546
0.40148434
0.40147617
0.40147075
0.40146828
0.4014686
0.40147185
0.40147805
0.40148744
0.40149996
0.40151575
0.40153414
0.4015543
0.40157494
0.40159446
0.40161127
0.4016237
0.40163073
0.4016318
0.4016268
0.4016161
0.40160078
0.40158218
0.4015618
0.40154114
0.40152133
0.4015033
0.40148786
0.4014753
0.40146625
0.4014608
0.40145916
0.40146112
0.40146652
0.40147492
0.40148583
0.4014987
0.4015129
0.4015274
0.40154132
0.40155354
0.40156284
0.40156862
0.40157077
0.40156978
0.40156683
0.4015631
0.40155995
0.4015583
0.4015589
0.4015622
0.40156823
0.40157703
0.40158856
0.401603
0.4016202
0.40164018
0.40166232
0.40168583
0.40170938
0.40173134
0.40175027
0.401765
0.4017747
0.40177906
0.40177804
0.4017722
0.4017624
0.4017497
0.40173513
0.40171996
0.4017051
0.40169087
0.4016773
0.4016641
0.40165085
0.40163726
0.4016231
0.4016086
0.40159416
0.40158027
0.4015675
0.40155643
0.40154764
0.40154156
0.4015385
0.4015385
0.40154117
0.401546
0.40155232
0.40155953
0.4015669
0.40157452
0.40158257
0.40159178
0.40160275
0.40161592
0.40163103
0.4016475
0.40166405
0.401679
0.4016908
0.4016981
0.4017
0.40169615
0.40168655
0.40167192
0.40165332
0.40163207
0.4016095
0.40158704
0.4015656
0.40154603
0.40152887
0.4015146
0.40150356
0.40149605
0.40149197
0.40149102
0.4014927
0.40149632
0.40150085
0.40150538
0.40150923
0.40151212
0.40151423
0.40151596
0.40151757
0.40151998
0.40152353
0.401529
0.40153673
0.4015467
0.40155855
0.40157142
0.40158445
0.40159646
0.4016064
0.4016136
0.40161788
0.40161946
0.4016193
0.40161797
0.4016162
0.4016144
0.4016128
0.40161136
0.4016099
0.401608
0.4016054
0.401602
0.40159786
0.401593
0.40158778
0.40158248
0.40157756
0.4015734
0.40157056
0.40156955
0.40157077
0.40157428
0.40157992
0.40158725
0.40159565
0.40160453
0.40161318
0.40162113
0.40162826
0.40163463
0.4016405
0.40164596
0.40165097
0.40165493
0.40165728
0.40165707
0.4016536
0.40164644
0.40163565
0.40162182
0.40160578
0.40158892
0.4015725
0.4015579
0.4015464
0.40153894
0.40153608
0.40153793
0.4015444
0.40155485
0.40156844
0.4015841
0.40160018
0.4016154
0.40162864
0.4016393
0.40164724
0.401653
0.40165734
0.4016612
0.4016657
0.40167144
0.4016785
0.4016866
0.40169477
0.40170193
0.4017069
0.40170878
0.40170655
0.4016995
0.4016874
0.40167034
0.4016488
0.40162343
0.40159538
0.40156606
0.40153697
0.40150973
0.4014858
0.4014663
0.40145218
0.4014437
0.40144095
0.4014436
0.40145114
0.40146285
0.40147793
0.4014953
0.4015142
0.40153354
0.4015525
0.40157083
0.40158862
0.40160626
0.4016242
0.40164226
0.40166023
0.40167728
0.40169227
0.40170425
0.40171257
0.40171707
0.40171808
0.4017166
0.40171376
0.40171084
0.40170878
0.401708
0.40170848
0.40170965
0.4017107
0.40171066
0.40170944
0.40170673
0.40170294
0.40169874
0.40169507
0.40169278
0.4016923
0.4016937
0.40169653
0.40170038
0.40170476
0.40170935
0.40171444
0.40172035
0.4017278
0.40173754
0.4017503
0.40176594
0.4017845
0.401805
0.40182653
0.40184796
0.40186837
0.40188697
0.40190315
0.40191638
0.4019262
0.40193206
0.4019337
0.4019307
0.4019231
0.40191075
0.40189368
0.4018721
0.40184632
0.40181687
0.40178415
0.40174925
0.4017133
0.40167797
0.40164503
0.40161595
0.40159187
0.40157345
0.40156108
0.4015546
0.40155387
0.4015583
0.40156728
0.40158007
0.40159583
0.4016137
0.4016329
0.40165225
0.4016707
0.40168735
0.40170184
0.40171427
0.401725
0.40173474
0.40174413
0.40175346
0.40176263
0.40177098
0.40177765
0.40178207
0.40178365
0.4017821
0.40177742
0.40176988
0.40175998
0.40174833
0.40173557
0.40172225
0.40170884
0.40169528
0.4016814
0.4016668
0.40165144
0.40163538
0.401619
0.40160277
0.40158686
0.40157142
0.40155625
0.40154135
0.40152666
0.40151232
0.40149868
0.40148598
0.4014748
0.40146556
0.40145898
0.40145564
0.40145597
0.40146038
0.40146923
0.40148264
0.4015007
0.40152314
0.40154952
0.40157923
0.40161195
0.401647
0.40168345
0.4017203
0.40175605
0.4017896
0.40181956
0.40184513
0.4018655
0.4018803
0.4018891
0.40189192
0.40188873
0.4018797
0.40186515
0.40184548
0.40182146
0.40179393
0.4017641
0.40173358
0.40170375
0.40167654
0.401653
0.40163428
0.4016208
0.40161252
0.40160888
0.40160885
0.40161088
0.40161362
0.40161556
0.40161598
0.40161476
0.40161234
0.40160987
0.401608
0.40160754
0.4016086
0.40161112
0.4016145
0.4016182
0.40162164
0.40162438
0.40162617
0.4016274
0.4016282
0.40162927
0.4016307
0.40163267
0.40163502
0.40163717
0.4016384
0.40163806
0.40163562
0.40163115
0.4016247
0.4016171
0.40160882
0.40160042
0.4015923
0.4015848
0.40157777
0.40157136
0.4015653
0.40155932
0.401553
0.4015461
0.4015384
0.40153024
0.40152213
0.4015146
0.40150803
0.4015028
0.40149865
0.40149572
0.40149367
0.40149245
0.40149212
0.40149304
0.40149555
0.4014998
0.40150595
0.40151381
0.4015233
0.40153396
0.40154558
0.4015578
0.40157068
0.4015841
0.40159798
0.4016121
0.40162584
0.40163904
0.40165162
0.40166345
0.40167478
0.40168557
0.4016956
0.4017043
0.40171102
0.4017147
0.40171456
0.4017101
0.40170103
0.4016874
0.40166995
0.40164965
0.40162808
0.40160683
0.4015875
0.40157115
0.40155882
0.401551
0.4015481
0.40155017
0.4015573
0.40156907
0.40158466
0.40160295
0.40162233
0.401641
0.40165707
0.40166885
0.4016756
0.4016767
0.4016727
0.4016645
0.40165374
0.401642
0.40163097
0.401622
0.40161613
0.40161362
0.40161452
0.4016184
0.40162438
0.40163144
0.4016384
0.40164426
0.4016484
0.40165055
0.40165067
0.40164903
0.40164578
0.40164128
0.40163556
0.40162885
0.4016218
0.40161505
0.4016097
0.40160695
0.40160772
0.40161273
0.40162182
0.40163437
0.40164906
0.40166435
0.40167832
0.4016895
0.4016965
0.40169883
0.40169635
0.4016897
0.40167978
0.40166792
0.40165538
0.40164316
0.40163225
0.40162277
0.40161476
0.40160766
0.40160114
0.40159458
0.40158752
0.40157986
0.4015719
0.40156385
0.40155625
0.4015495
0.40154403
0.40154
0.40153748
0.40153608
0.40153566
0.4015361
0.40153733
0.40153953
0.4015426
0.4015466
0.40155146
0.4015574
0.4015645
0.4015729
0.4015827
0.4015939
0.40160653
0.40162084
0.4016367
0.40165374
0.40167132
0.40168816
0.40170282
0.40171403
0.40172088
0.40172297
0.40172052
0.40171444
0.4017059
0.4016966
0.40168795
0.40168133
0.40167746
0.4016768
0.40167934
0.40168446
0.40169156
0.4017
0.40170878
0.40171686
0.40172324
0.40172723
0.40172848
0.4017271
0.40172347
0.4017184
0.4017126
0.40170702
0.40170267
0.40170062
0.40170124
0.40170488
0.40171114
0.40171924
0.4017281
0.40173653
0.40174362
0.40174872
0.40175146
0.40175223
0.40175158
0.40175065
0.40175077
0.401753
0.40175796
0.40176585
0.40177628
0.40178847
0.4018014
0.4018139
0.40182468
0.40183273
0.4018371
0.40183714
0.4018324
0.40182263
0.40180787
0.40178865
0.40176576
0.40174022
0.4017133
0.40168643
0.40166083
0.4016377
0.4016181
0.40160257
0.40159178
0.401586
0.4015856
0.40159065
0.40160114
0.40161684
0.40163735
0.40166217
0.40169054
0.40172136
0.40175346
0.4017854
0.40181562
0.40184286
0.40186584
0.40188393
0.40189648
0.4019033
0.40190443
0.40190014
0.40189102
0.4018776
0.40186024
0.40183938
0.40181533
0.40178856
0.40175992
0.40173018
0.4017006
0.40167245
0.40164676
0.4016243
0.40160525
0.40158966
0.40157712
0.40156725
0.40155944
0.4015529
0.40154675
0.4015404
0.4015334
0.40152586
0.40151787
0.4015103
0.40150386
0.4014995
0.4014979
0.40149966
0.40150464
0.40151277
0.40152347
0.40153605
0.40154955
0.40156308
0.40157548
0.40158564
0.40159288
0.40159672
0.40159723
0.40159476
0.40159014
0.40158403
0.40157747
0.40157124
0.4015661
0.4015625
0.40156072
0.40156093
0.40156317
0.40156707
0.40157247
0.40157884
0.4015857
0.4015921
0.4015973
0.4016006
0.40160167
0.40160045
0.40159723
0.40159246
0.4015866
0.40157998
0.40157276
0.40156502
0.40155697
0.40154874
0.40154108
0.40153462
0.40152976
0.40152693
0.4015264
0.4015285
0.40153337
0.401541
0.401551
0.401563
0.4015765
0.40159127
0.4016073
0.40162468
0.40164337
0.40166304
0.40168303
0.40170228
0.4017194
0.40173304
0.40174207
0.40174577
0.40174377
0.4017362
0.40172356
0.40170673
0.40168685
0.40166515
0.40164268
0.4016202
0.40159822
0.4015769
0.40155658
0.40153763
0.4015208
0.40150675
0.40149626
0.4014899
0.401488
0.4014907
0.40149784
0.4015087
0.40152237
0.40153775
0.40155318
0.40156743
0.401579
0.40158713
0.40159136
0.40159187
0.4015892
0.40158445
0.40157884
0.4015736
0.4015698
0.40156803
0.4015685
0.40157112
0.40157557
0.40158176
0.40158957
0.40159908
0.40161029
0.4016232
0.4016376
0.40165326
0.40166986
0.40168738
0.40170556
0.40172407
0.40174246
0.40176034
0.40177736
0.401793
0.4018067
0.40181774
0.40182525
0.40182847
0.40182668
0.4018196
0.40180713
0.40178978
0.4017686
0.40174472
0.40171993
0.40169585
0.40167415
0.4016563
0.40164325
0.4016354
0.401633
0.40163547
0.40164188
0.4016508
0.4016604
0.40166894
0.40167478
0.4016768
0.4016743
0.40166736
0.40165627
0.40164196
0.40162557
0.4016086
0.40159214
0.4015772
0.40156454
0.40155447
0.40154728
0.40154335
0.40154296
0.40154633
0.40155372
0.40156496
0.40157947
0.40159622
0.4016138
0.4016306
0.40164503
0.40165597
0.40166253
0.40166432
0.4016615
0.40165448
0.40164393
0.40163082
0.40161604
0.4016005
0.40158513
0.40157068
0.40155795
0.4015477
0.4015404
0.40153652
0.40153643
0.40153998
0.4015471
0.4015573
0.4015698
0.40158334
0.40159646
0.4016076
0.4016155
0.40161934
0.40161896
0.4016148
0.4016077
0.40159902
0.40158996
0.40158176
0.40157512
0.4015704
0.40156782
0.40156692
0.40156713
0.40156785
0.40156874
0.40156922
0.40156913
0.40156847
0.40156755
0.40156665
0.4015665
0.40156743
0.40156952
0.40157253
0.40157577
0.4015786
0.40158024
0.40158018
0.40157828
0.40157494
0.40157083
0.4015665
0.40156242
0.40155864
0.4015552
0.401552
0.40154913
0.40154678
0.4015454
0.40154552
0.40154755
0.40155205
0.40155938
0.4015694
0.4015817
0.4015953
0.4016089
0.40162137
0.40163115
0.40163746
0.4016398
0.40163827
0.40163362
0.40162674
0.40161908
0.40161192
0.4016063
0.40160295
0.40160248
0.40160516
0.40161133
0.4016209
0.40163335
0.40164787
0.40166306
0.4016775
0.40168977
0.40169874
0.4017036
0.40170383
0.4016993
0.40169036
0.4016778
0.4016627
0.4016464
0.40163013
0.40161505
0.40160212
0.4015919
0.40158486
0.40158123
0.40158084
0.40158337
0.4015885
0.40159565
0.40160397
0.40161264
0.4016208
0.40162754
0.4016322
0.40163445
0.4016342
0.40163127
0.40162602
0.401619
0.4016108
0.4016019
0.4015929
0.4015844
0.4015771
0.40157127
0.40156743
0.40156573
0.4015663
0.40156937
0.40157512
0.40158412
0.4015967
0.40161312
0.40163377
0.4016592
0.4016907
0.4017304
0.4017815
0.40184948
0.40194228
0.4020714
0.40225336
0.40251252
0.4028785
0.4033938
0.4041167
0.40512574
0.40652764
0.4084647
0.41115835
0.41483244
0.41979644
0.4265235
0.43565613
0.44780475
