0.44259962
0.43210068
0.4242231
0.41828886
0.41385493
0.41057712
0.40817165
0.40639898
0.40509865
0.4041519
0.40346175
0.40295953
0.40259394
0.40232724
0.40213144
0.40198648
0.40187824
0.4017967
0.40173504
0.4016884
0.40165335
0.40162712
0.4016078
0.40159371
0.40158427
0.4015788
0.4015772
0.4015794
0.4015849
0.4015933
0.401604
0.4016161
0.40162858
0.40164012
0.40164933
0.40165505
0.4016567
0.40165424
0.40164804
0.40163907
0.4016286
0.40161803
0.40160844
0.40160066
0.40159512
0.40159208
0.40159133
0.40159255
0.40159485
0.4015974
0.40159914
0.40159935
0.40159783
0.40159494
0.40159145
0.40158802
0.4015854
0.4015841
0.4015844
0.40158638
0.40159026
0.40159568
0.40160248
0.40160963
0.40161613
0.40162054
0.4016221
0.40162036
0.4016157
0.40160912
0.401602
0.40159595
0.4015925
0.4015925
0.4015964
0.40160424
0.4016154
0.4016292
0.40164444
0.4016599
0.4016743
0.40168646
0.40169528
0.4017003
0.40170103
0.40169775
0.40169087
0.4016813
0.40167022
0.40165928
0.4016505
0.40164542
0.40164545
0.40165144
0.40166318
0.40168002
0.40170076
0.40172374
0.40174717
0.4017695
0.40178928
0.40180558
0.4018176
0.40182477
0.40182695
0.40182388
0.4018157
0.40180266
0.40178543
0.40176496
0.40174276
0.4017204
0.4016994
0.4016809
0.4016655
0.40165335
0.40164426
0.4016379
0.40163434
0.40163386
0.40163708
0.4016447
0.4016569
0.40167364
0.4016943
0.40171793
0.40174317
0.4017686
0.40179268
0.40181386
0.40183112
0.40184352
0.40185043
0.40185168
0.40184712
0.40183705
0.40182182
0.40180224
0.40177944
0.40175453
0.4017288
0.4017037
0.40168014
0.401659
0.4016408
0.40162545
0.4016125
0.4016011
0.40159038
0.40157953
0.4015683
0.40155676
0.40154535
0.40153453
0.401525
0.40151724
0.40151176
0.40150887
0.40150878
0.40151143
0.40151647
0.40152347
0.4015319
0.40154153
0.4015518
0.40156224
0.4015721
0.40158072
0.40158767
0.401593
0.4015968
0.4015993
0.40160048
0.40160033
0.40159896
0.4015969
0.40159503
0.40159428
0.40159535
0.40159896
0.40160516
0.4016142
0.40162554
0.40163857
0.40165237
0.40166554
0.40167657
0.40168455
0.40168872
0.401689
0.4016855
0.40167916
0.4016711
0.4016627
0.4016552
0.40164965
0.40164694
0.40164727
0.4016506
0.4016565
0.40166402
0.401672
0.40167934
0.4016854
0.40168986
0.40169293
0.4016949
0.40169594
0.4016961
0.40169573
0.40169507
0.40169463
0.40169436
0.40169418
0.40169367
0.40169248
0.40169024
0.40168682
0.4016823
0.40167665
0.4016698
0.4016617
0.4016522
0.40164104
0.40162846
0.40161481
0.40160075
0.40158704
0.40157476
0.4015648
0.4015579
0.40155482
0.4015561
0.40156195
0.40157223
0.40158677
0.40160486
0.4016256
0.40164757
0.40166906
0.40168858
0.40170446
0.40171576
0.40172184
0.40172273
0.40171903
0.4017118
0.40170234
0.40169203
0.4016823
0.40167418
0.40166837
0.40166527
0.40166527
0.4016685
0.40167508
0.40168512
0.40169817
0.40171352
0.40173003
0.40174615
0.4017602
0.40177074
0.40177673
0.40177727
0.40177205
0.4017611
0.401745
0.40172446
0.40170062
0.40167475
0.40164846
0.40162313
0.40159994
0.40157968
0.4015626
0.40154892
0.40153843
0.4015307
0.40152556
0.40152296
0.401523
0.40152594
0.40153185
0.40154073
0.40155223
0.40156573
0.4015804
0.4015951
0.4016089
0.40162107
0.4016312
0.4016394
0.40164623
0.4016524
0.40165842
0.40166458
0.4016705
0.40167543
0.4016785
0.40167868
0.40167534
0.4016683
0.40165785
0.40164477
0.40163007
0.4016149
0.40160048
0.4015878
0.40157792
0.4015715
0.40156916
0.40157074
0.40157598
0.40158403
0.4015938
0.40160397
0.40161327
0.4016202
0.4016239
0.40162405
0.40162107
0.40161565
0.40160888
0.40160185
0.40159535
0.4015904
0.40158734
0.40158635
0.40158728
0.40159
0.40159416
0.4015996
0.40160587
0.40161246
0.40161857
0.4016231
0.40162525
0.40162438
0.40162045
0.4016139
0.40160558
0.4015966
0.40158793
0.4015807
0.40157592
0.4015745
0.4015775
0.401586
0.4016004
0.4016209
0.40164706
0.40167788
0.4017119
0.40174773
0.4017835
0.40181807
0.4018503
0.40187952
0.40190533
0.4019274
0.40194577
0.40196046
0.40197173
0.40197954
0.4019843
0.40198588
0.4019844
0.40197968
0.40197152
0.40195966
0.40194404
0.4019244
0.4019009
0.4018739
0.40184432
0.4018131
0.40178165
0.4017513
0.40172344
0.40169895
0.40167844
0.40166223
0.4016501
0.4016417
0.40163675
0.40163463
0.40163508
0.40163794
0.40164298
0.40164983
0.40165782
0.4016663
0.4016743
0.40168115
0.4016866
0.40169072
0.40169388
0.40169647
0.40169868
0.4017005
0.4017015
0.40170124
0.40169927
0.4016956
0.40169072
0.40168548
0.4016811
0.40167883
0.4016797
0.4016845
0.40169325
0.40170544
0.40171996
0.40173507
0.40174896
0.4017597
0.4017658
0.40176606
0.40176007
0.401748
0.40173045
0.40170854
0.4016839
0.40165785
0.40163213
0.4016083
0.40158772
0.40157136
0.40156
0.40155423
0.40155417
0.40155974
0.4015708
0.40158668
0.40160668
0.40162975
0.40165454
0.40167958
0.4017031
0.40172356
0.40173966
0.4017503
0.4017547
0.40175274
0.40174457
0.4017309
0.40171298
0.40169242
0.40167108
0.40165076
0.40163305
0.40161908
0.40160936
0.40160367
0.40160134
0.40160093
0.4016009
0.4015998
0.40159628
0.40158984
0.4015802
0.4015679
0.4015534
0.4015378
0.40152243
0.4015086
0.4014973
0.40148947
0.40148562
0.40148625
0.4014916
0.40150166
0.4015163
0.40153474
0.4015561
0.40157917
0.40160263
0.4016253
0.40164617
0.4016644
0.4016797
0.40169188
0.40170112
0.40170768
0.4017122
0.40171537
0.40171808
0.40172133
0.40172628
0.40173396
0.4017449
0.40175933
0.40177685
0.40179697
0.40181848
0.4018402
0.40186092
0.40187934
0.4018943
0.40190503
0.40191105
0.40191206
0.40190825
0.4018999
0.40188742
0.4018714
0.40185228
0.40183046
0.40180635
0.40178016
0.40175214
0.40172288
0.40169293
0.40166312
0.40163448
0.40160823
0.40158534
0.40156665
0.40155283
0.40154406
0.40154013
0.4015409
0.40154573
0.40155402
0.40156487
0.4015773
0.4015905
0.4016038
0.4016167
0.401629
0.4016401
0.4016493
0.40165564
0.40165836
0.40165684
0.40165117
0.4016419
0.40162995
0.4016166
0.4016032
0.40159112
0.40158144
0.40157524
0.40157342
0.4015765
0.40158483
0.40159854
0.4016174
0.40164077
0.40166783
0.40169728
0.40172753
0.4017569
0.40178373
0.40180647
0.40182385
0.4018349
0.4018391
0.4018362
0.40182632
0.40181017
0.40178874
0.40176338
0.4017356
0.4017069
0.4016791
0.4016532
0.40163
0.40160963
0.40159193
0.40157676
0.40156388
0.4015537
0.4015468
0.4015438
0.40154508
0.40155086
0.40156087
0.40157452
0.4015905
0.40160757
0.40162396
0.40163827
0.40164962
0.4016576
0.4016623
0.4016644
0.40166453
0.40166318
0.40166107
0.40165877
0.40165642
0.40165427
0.4016522
0.40164965
0.40164617
0.4016412
0.40163445
0.4016263
0.40161705
0.40160757
0.4015985
0.40159068
0.40158412
0.40157914
0.4015758
0.4015743
0.4015752
0.40157917
0.4015867
0.4015982
0.40161332
0.4016316
0.4016519
0.40167263
0.40169248
0.4017101
0.4017244
0.40173432
0.40173945
0.4017395
0.40173465
0.40172535
0.40171218
0.40169618
0.40167832
0.40165997
0.40164196
0.4016253
0.4016105
0.40159777
0.40158722
0.40157896
0.40157282
0.40156856
0.40156537
0.40156257
0.40155935
0.4015554
0.40155056
0.40154514
0.40153942
0.40153354
0.4015274
0.401521
0.40151405
0.4015067
0.40149906
0.40149114
0.40148306
0.40147465
0.40146625
0.40145832
0.40145138
0.401446
0.40144268
0.40144184
0.4014437
0.40144828
0.40145555
0.40146533
0.40147707
0.4014902
0.4015039
0.40151712
0.40152866
0.40153766
0.40154368
0.4015468
0.40154782
0.4015476
0.4015472
0.40154752
0.4015492
0.40155277
0.40155825
0.40156564
0.40157452
0.40158418
0.40159371
0.4016023
0.40160877
0.40161246
0.40161312
0.40161127
0.40160754
0.40160322
0.40159947
0.40159747
0.4015982
0.40160197
0.40160888
0.40161836
0.4016296
0.40164155
0.40165338
0.4016645
0.40167472
0.4016837
0.40169123
0.40169707
0.40170053
0.40170124
0.40169877
0.4016929
0.40168378
0.4016719
0.40165794
0.40164274
0.4016274
0.40161267
0.40159926
0.40158707
0.40157598
0.40156567
0.4015558
0.4015467
0.4015384
0.40153143
0.40152603
0.4015225
0.40152076
0.4015206
0.4015216
0.40152323
0.40152526
0.40152737
0.40152973
0.401532
0.40153435
0.4015368
0.40153942
0.40154216
0.40154472
0.4015467
0.40154755
0.40154678
0.40154466
0.40154138
0.4015379
0.40153524
0.40153414
0.40153503
0.4015384
0.40154406
0.401552
0.4015619
0.40157324
0.40158534
0.40159744
0.40160874
0.40161848
0.40162578
0.40162998
0.4016307
0.40162808
0.40162274
0.4016157
0.4016079
0.4016002
0.40159324
0.4015874
0.40158272
0.40157932
0.4015772
0.40157616
0.40157583
0.4015757
0.40157524
0.40157387
0.4015715
0.40156832
0.40156496
0.40156198
0.40155974
0.4015586
0.4015585
0.40155932
0.4015609
0.40156314
0.4015658
0.4015687
0.40157148
0.40157402
0.40157625
0.40157804
0.40157956
0.4015807
0.40158126
0.4015812
0.40158048
0.40157947
0.40157852
0.40157786
0.40157762
0.4015774
0.40157694
0.40157595
0.4015743
0.40157214
0.4015693
0.40156573
0.4015616
0.40155718
0.40155265
0.4015481
0.40154302
0.4015373
0.40153098
0.40152448
0.4015185
0.40151417
0.40151203
0.40151274
0.40151674
0.40152422
0.40153506
0.40154862
0.40156412
0.40158045
0.40159625
0.4016101
0.40162072
0.4016274
0.40162978
0.40162814
0.4016229
0.40161487
0.4016049
0.40159416
0.40158358
0.4015741
0.40156645
0.40156096
0.40155804
0.40155748
0.40155932
0.40156335
0.40156946
0.40157723
0.4015862
0.4015957
0.40160486
0.40161312
0.4016202
0.40162605
0.4016307
0.4016342
0.40163636
0.40163714
0.40163615
0.40163323
0.40162832
0.40162185
0.4016146
0.40160733
0.40160063
0.40159476
0.40158963
0.40158546
0.40158212
0.40157965
0.401578
0.40157726
0.4015774
0.40157863
0.40158096
0.4015845
0.40158948
0.40159568
0.40160307
0.40161106
0.40161854
0.40162444
0.40162784
0.401628
0.40162465
0.40161827
0.4016097
0.4016002
0.40159118
0.4015839
0.40157968
0.4015793
0.40158334
0.40159178
0.40160415
0.4016197
0.40163726
0.40165555
0.4016731
0.4016884
0.40170047
0.40170872
0.40171307
0.40171397
0.40171215
0.40170857
0.4017048
0.4017021
0.4017017
0.4017043
0.40171024
0.4017192
0.4017304
0.4017425
0.40175432
0.40176457
0.40177217
0.4017765
0.4017772
0.4017743
0.40176812
0.4017592
0.40174866
0.40173766
0.40172762
0.40172002
0.4017159
0.40171558
0.40171912
0.40172553
0.40173364
0.40174174
0.4017486
0.40175298
0.4017544
0.40175286
0.40174896
0.4017437
0.40173826
0.40173388
0.40173128
0.40173075
0.40173176
0.40173337
0.40173417
0.40173304
0.401729
0.40172175
0.40171131
0.40169832
0.40168342
0.40166748
0.40165162
0.40163654
0.4016232
0.40161192
0.40160316
0.40159664
0.40159228
0.4015898
0.40158913
0.40159026
0.40159294
0.40159708
0.40160233
0.4016081
0.40161356
0.4016177
0.40161988
0.40161952
0.40161642
0.40161106
0.4016039
0.4015964
0.40158975
0.4015854
0.4015843
0.40158707
0.40159377
0.40160394
0.4016166
0.4016307
0.401645
0.40165856
0.40167084
0.40168166
0.40169096
0.4016986
0.4017042
0.40170744
0.4017078
0.40170506
0.40169933
0.4016909
0.40168026
0.40166777
0.40165374
0.4016384
0.40162203
0.40160528
0.4015886
0.40157264
0.40155795
0.40154478
0.40153313
0.40152276
0.40151304
0.40150353
0.40149376
0.40148365
0.4014735
0.40146378
0.40145507
0.4014477
0.40144208
0.4014384
0.40143687
0.4014378
0.40144143
0.40144768
0.40145624
0.40146688
0.40147904
0.40149212
0.40150547
0.4015185
0.4015308
0.40154195
0.40155157
0.40155956
0.40156618
0.4015719
0.4015776
0.40158424
0.4015925
0.40160272
0.4016149
0.40162867
0.40164334
0.40165782
0.40167084
0.4016811
0.4016877
0.40169019
0.40168858
0.40168336
0.40167552
0.40166593
0.40165547
0.40164462
0.40163383
0.40162328
0.4016131
0.4016032
0.40159357
0.40158397
0.40157402
0.40156317
0.40155116
0.40153813
0.40152448
0.40151092
0.40149835
0.40148735
0.40147886
0.40147328
0.40147114
0.4014726
0.40147796
0.40148726
0.40150058
0.4015178
0.40153867
0.40156257
0.40158862
0.4016156
0.4016419
0.4016663
0.4016873
0.40170386
0.40171528
0.40172136
0.40172255
0.40171957
0.40171382
0.40170667
0.40169954
0.40169352
0.4016894
0.4016872
0.40168646
0.40168628
0.40168566
0.40168363
0.4016797
0.40167373
0.4016662
0.40165827
0.40165105
0.40164566
0.4016428
0.40164274
0.4016453
0.40164977
0.4016558
0.40166295
0.40167132
0.40168095
0.4016924
0.40170583
0.40172142
0.40173876
0.4017569
0.40177476
0.40179044
0.4018024
0.40180913
0.40180966
0.40180326
0.40178987
0.40177
0.40174428
0.4017141
0.40168083
0.4016463
0.4016123
0.4015807
0.40155295
0.40153012
0.4015127
0.40150082
0.40149423
0.40149242
0.40149465
0.4015
0.4015072
0.40151513
0.4015225
0.4015282
0.40153173
0.4015327
0.40153173
0.4015293
0.4015265
0.40152442
0.40152383
0.4015251
0.40152836
0.40153322
0.4015391
0.40154535
0.40155116
0.40155625
0.40156072
0.40156528
0.40157077
0.40157813
0.40158838
0.4016022
0.40161976
0.40164083
0.40166476
0.4016902
0.40171558
0.40173933
0.4017601
0.40177688
0.40178874
0.40179515
0.40179566
0.40179023
0.4017793
0.40176332
0.40174344
0.4017209
0.4016974
0.40167454
0.40165403
0.40163714
0.40162468
0.40161714
0.40161428
0.40161526
0.40161866
0.401623
0.40162653
0.4016278
0.4016261
0.40162134
0.40161404
0.4016051
0.40159562
0.4015865
0.40157858
0.40157226
0.4015677
0.40156484
0.40156373
0.40156427
0.40156618
0.40156934
0.40157327
0.40157753
0.40158135
0.40158376
0.4015836
0.40158018
0.4015732
0.40156275
0.4015495
0.4015345
0.401519
0.40150416
0.40149066
0.401479
0.40146947
0.40146187
0.40145653
0.40145338
0.40145284
0.4014553
0.40146142
0.40147153
0.40148607
0.40150502
0.401528
0.4015542
0.4015826
0.4016117
0.40163964
0.40166453
0.4016845
0.4016981
0.40170464
0.40170372
0.4016958
0.4016819
0.40166357
0.40164262
0.4016208
0.4015993
0.40157923
0.4015611
0.40154514
0.4015315
0.4015202
0.4015113
0.40150493
0.40150097
0.40149936
0.40150005
0.40150264
0.40150678
0.4015123
0.4015186
0.4015255
0.40153283
0.40154064
0.40154874
0.40155703
0.4015655
0.40157402
0.40158257
0.40159118
0.40159988
0.4016084
0.40161645
0.40162328
0.40162805
0.40162992
0.40162843
0.40162334
0.4016149
0.4016039
0.40159118
0.40157774
0.40156442
0.40155205
0.4015411
0.40153173
0.4015242
0.40151823
0.40151393
0.4015111
0.40150946
0.40150842
0.40150765
0.40150675
0.4015058
0.40150508
0.4015053
0.40150693
0.40151057
0.4015163
0.401524
0.4015334
0.40154412
0.4015553
0.40156624
0.4015763
0.40158516
0.4015927
0.4015993
0.40160513
0.40161076
0.4016166
0.40162286
0.40162984
0.40163743
0.40164563
0.40165487
0.40166545
0.4016779
0.40169242
0.40170878
0.40172613
0.4017433
0.40175873
0.40177098
0.40177882
0.4017815
0.40177876
0.40177047
0.4017571
0.40173936
0.4017184
0.40169576
0.4016731
0.40165234
0.4016349
0.40162182
0.40161344
0.40160963
0.40160936
0.40161142
0.40161404
0.40161553
0.40161458
0.4016104
0.4016028
0.40159237
0.40158004
0.40156692
0.4015543
0.40154317
0.40153491
0.40153027
0.40153012
0.40153465
0.40154395
0.4015579
0.40157598
0.40159747
0.4016214
0.4016468
0.40167224
0.40169635
0.40171742
0.40173396
0.40174484
0.40174916
0.4017467
0.40173766
0.4017228
0.4017033
0.4016803
0.40165502
0.40162873
0.40160245
0.40157723
0.40155393
0.40153337
0.40151638
0.40150324
0.40149435
0.40148956
0.40148878
0.40149137
0.40149668
0.40150392
0.40151244
0.4015215
0.40153107
0.40154132
0.4015526
0.40156528
0.40157986
0.4015963
0.40161437
0.40163344
0.40165222
0.40166953
0.40168414
0.4016949
0.40170127
0.40170273
0.40169907
0.40169027
0.4016767
0.40165895
0.4016378
0.40161425
0.40158948
0.40156466
0.40154082
0.40151876
0.401499
0.40148175
0.401467
0.40145463
0.40144438
0.4014361
0.40142962
0.40142497
0.40142265
0.4014227
0.40142536
0.40143037
0.4014376
0.40144676
0.40145728
0.40146866
0.4014804
0.40149206
0.4015034
0.4015144
0.401525
0.40153515
0.4015447
0.4015538
0.40156254
0.40157136
0.40158048
0.40159026
0.40160072
0.40161225
0.40162483
0.40163812
0.40165162
0.40166458
0.4016764
0.40168685
0.4016962
0.40170497
0.40171367
0.4017228
0.40173247
0.40174246
0.40175235
0.40176144
0.4017689
0.4017736
0.40177476
0.4017717
0.4017643
0.40175283
0.40173796
0.40172085
0.401703
0.40168595
0.40167084
0.4016586
0.4016494
0.40164292
0.4016382
0.4016342
0.40162948
0.4016229
0.40161386
0.4016021
0.401588
0.4015722
0.4015554
0.4015385
0.4015223
0.40150735
0.40149426
0.40148327
0.4014747
0.40146855
0.40146482
0.40146354
0.4014651
0.40146974
0.40147778
0.40148962
0.40150535
0.401525
0.40154815
0.4015744
0.40160286
0.4016325
0.40166193
0.40168968
0.40171453
0.40173545
0.40175182
0.40176317
0.40176955
0.40177134
0.4017695
0.40176502
0.40175956
0.40175426
0.40175045
0.40174896
0.40174997
0.40175316
0.4017578
0.40176255
0.40176633
0.40176803
0.40176702
0.40176308
0.40175647
0.40174785
0.4017381
0.40172833
0.40171954
0.40171215
0.40170598
0.40170047
0.4016946
0.40168712
0.40167707
0.40166393
0.40164787
0.40162933
0.40160918
0.40158856
0.40156853
0.40155014
0.40153426
0.40152138
0.401512
0.40150598
0.40150297
0.40150282
0.40150478
0.40150842
0.4015131
0.40151817
0.40152296
0.40152702
0.4015298
0.40153098
0.40153065
0.4015292
0.40152702
0.40152463
0.40152234
0.4015203
0.4015187
0.4015175
0.40151653
0.4015156
0.4015143
0.40151262
0.40151086
0.40150946
0.40150902
0.40150988
0.40151232
0.40151623
0.40152133
0.40152705
0.40153295
0.40153834
0.4015431
0.40154704
0.4015502
0.40155277
0.40155524
0.40155768
0.4015602
0.40156245
0.4015639
0.40156427
0.40156326
0.40156078
0.40155682
0.4015513
0.40154463
0.40153724
0.40152997
0.40152356
0.40151876
0.40151596
0.40151545
0.4015168
0.40151966
0.4015234
0.40152764
0.40153217
0.4015372
0.40154302
0.4015499
0.40155807
0.4015677
0.40157828
0.4015892
0.40159935
0.40160757
0.40161255
0.40161362
0.40161052
0.40160337
0.40159288
0.40158
0.4015659
0.40155175
0.4015388
0.40152794
0.40152
0.40151536
0.40151426
0.40151638
0.4015216
0.40152955
0.40153986
0.40155247
0.40156737
0.4015849
0.40160573
0.40163088
0.4016618
0.40170076
0.40175137
0.4018192
0.40191272
0.40204325
0.40222743
0.402489
0.40285718
0.403374
0.40409744
0.40510583
0.40650612
0.40844098
0.41113213
0.41480455
0.41976804
0.4264961
0.43563235
0.44778663
