0.4425839
0.4320792
0.4241953
0.4182541
0.41381288
0.41052747
0.4081151
0.40633693
0.40503362
0.40408733
0.40340215
0.4029099
0.40255913
0.40231106
0.4021364
0.40201306
0.40192506
0.40186062
0.40181163
0.40177253
0.40173966
0.40171078
0.4016847
0.40166125
0.40163997
0.4016209
0.40160367
0.40158808
0.4015741
0.40156215
0.4015527
0.40154648
0.4015438
0.4015448
0.40154934
0.40155688
0.40156677
0.4015781
0.40158996
0.40160134
0.4016114
0.40161982
0.40162674
0.40163264
0.4016384
0.4016446
0.40165174
0.4016596
0.40166792
0.40167594
0.40168318
0.40168935
0.40169418
0.40169773
0.4016996
0.40169948
0.40169668
0.40169054
0.40168035
0.4016662
0.4016482
0.4016276
0.40160593
0.40158486
0.40156618
0.40155104
0.40154046
0.40153524
0.4015354
0.4015409
0.4015514
0.40156633
0.40158495
0.4016061
0.40162885
0.4016519
0.40167442
0.40169603
0.40171662
0.40173653
0.4017559
0.4017746
0.40179217
0.40180755
0.40181974
0.40182757
0.40183017
0.4018268
0.40181726
0.4018018
0.40178105
0.40175608
0.40172845
0.40169984
0.40167204
0.4016465
0.40162423
0.401606
0.40159208
0.40158254
0.4015774
0.4015766
0.4015797
0.40158588
0.40159395
0.40160257
0.40161005
0.401615
0.40161613
0.40161303
0.40160596
0.40159577
0.40158382
0.40157178
0.4015613
0.40155357
0.4015496
0.40154994
0.40155444
0.40156257
0.40157342
0.4015855
0.401597
0.4016061
0.4016113
0.40161163
0.4016068
0.40159735
0.40158394
0.40156743
0.40154892
0.40152937
0.4015096
0.40149054
0.4014729
0.40145728
0.40144432
0.40143454
0.4014283
0.40142602
0.40142798
0.4014343
0.40144515
0.40146026
0.40147966
0.4015029
0.40152967
0.4015594
0.40159136
0.40162456
0.4016576
0.40168884
0.40171683
0.40173998
0.40175733
0.4017678
0.40177086
0.4017662
0.40175438
0.40173593
0.40171215
0.40168452
0.40165505
0.40162575
0.4015984
0.40157428
0.40155435
0.40153882
0.4015275
0.40151966
0.4015146
0.40151146
0.4015099
0.40150988
0.40151137
0.40151432
0.40151867
0.40152434
0.40153125
0.4015392
0.40154815
0.40155795
0.40156865
0.40158
0.40159145
0.40160242
0.40161192
0.40161908
0.40162322
0.40162423
0.4016224
0.40161854
0.4016132
0.40160713
0.40160093
0.40159488
0.4015893
0.40158442
0.4015803
0.40157712
0.40157488
0.4015737
0.40157342
0.40157422
0.40157628
0.4015796
0.40158412
0.40159
0.40159747
0.4016071
0.401619
0.40163356
0.4016507
0.40167013
0.40169162
0.40171453
0.40173796
0.4017608
0.401782
0.4018008
0.40181637
0.40182817
0.40183568
0.40183848
0.40183628
0.4018292
0.4018174
0.4018013
0.40178144
0.4017585
0.40173334
0.40170702
0.40168074
0.40165532
0.4016314
0.40160963
0.40159023
0.40157336
0.40155882
0.40154645
0.401536
0.40152723
0.40152013
0.4015147
0.401511
0.40150923
0.40150964
0.40151247
0.40151772
0.4015251
0.401534
0.4015437
0.40155324
0.4015617
0.40156823
0.40157208
0.4015731
0.40157107
0.40156624
0.40155846
0.40154764
0.40153378
0.40151706
0.4014981
0.40147796
0.4014576
0.40143803
0.40142012
0.40140462
0.40139204
0.40138268
0.40137672
0.40137416
0.4013749
0.40137884
0.40138587
0.40139586
0.40140867
0.40142393
0.4014415
0.40146092
0.40148145
0.40150264
0.4015238
0.40154412
0.40156275
0.4015788
0.40159133
0.40159988
0.40160438
0.40160528
0.4016032
0.40159902
0.4015933
0.40158653
0.4015794
0.40157226
0.40156573
0.4015602
0.40155625
0.40155426
0.40155444
0.40155688
0.40156156
0.40156803
0.40157574
0.40158424
0.40159267
0.40160033
0.40160626
0.4016101
0.4016118
0.40161192
0.40161133
0.40161103
0.40161195
0.40161476
0.4016194
0.40162557
0.40163288
0.40164033
0.40164706
0.40165237
0.4016558
0.4016566
0.40165433
0.4016484
0.40163833
0.40162432
0.40160686
0.40158668
0.40156466
0.40154183
0.40151918
0.40149772
0.4014783
0.4014615
0.4014477
0.401437
0.4014293
0.40142447
0.40142256
0.4014234
0.40142676
0.40143248
0.40144035
0.40144977
0.4014605
0.40147236
0.40148535
0.40149957
0.40151536
0.40153286
0.40155232
0.4015735
0.40159616
0.4016196
0.40164274
0.40166458
0.40168422
0.40170094
0.4017146
0.40172526
0.40173346
0.40173995
0.40174565
0.40175146
0.40175754
0.40176392
0.40177065
0.40177745
0.4017845
0.40179205
0.4018002
0.40180898
0.401818
0.40182668
0.40183407
0.40183944
0.4018421
0.40184173
0.4018386
0.40183333
0.40182674
0.40181997
0.40181372
0.4018087
0.40180525
0.40180326
0.40180203
0.4018003
0.40179703
0.40179113
0.40178216
0.4017699
0.4017548
0.40173742
0.40171862
0.4016988
0.4016786
0.40165856
0.40163955
0.40162224
0.40160757
0.4015962
0.40158844
0.4015846
0.4015845
0.40158793
0.401594
0.4016017
0.40161005
0.4016178
0.40162414
0.40162846
0.40163025
0.40162936
0.4016258
0.40162018
0.4016135
0.40160736
0.40160325
0.40160242
0.40160543
0.40161246
0.40162277
0.4016351
0.4016482
0.4016604
0.4016705
0.40167734
0.40168053
0.40167987
0.4016757
0.40166864
0.40165955
0.40164936
0.4016393
0.4016304
0.40162337
0.40161866
0.40161628
0.4016157
0.4016161
0.40161672
0.40161645
0.40161502
0.4016122
0.40160796
0.40160272
0.4015969
0.40159142
0.40158692
0.4015841
0.40158337
0.40158483
0.40158793
0.40159208
0.40159595
0.4015982
0.40159732
0.40159246
0.40158314
0.40156966
0.40155295
0.40153417
0.401515
0.4014968
0.40148082
0.40146786
0.4014584
0.40145275
0.40145084
0.40145227
0.4014568
0.40146393
0.40147308
0.40148368
0.40149528
0.40150756
0.40152037
0.40153337
0.40154636
0.40155867
0.40156978
0.40157914
0.4015862
0.401591
0.40159333
0.40159324
0.401591
0.40158692
0.40158117
0.40157396
0.40156513
0.4015546
0.4015427
0.4015298
0.40151685
0.40150476
0.40149432
0.4014863
0.40148127
0.4014795
0.4014814
0.40148664
0.40149498
0.401506
0.4015191
0.4015336
0.40154874
0.40156367
0.40157783
0.40159088
0.40160283
0.40161386
0.401624
0.40163305
0.40164062
0.40164623
0.40164965
0.40165117
0.40165156
0.40165177
0.40165344
0.40165797
0.4016665
0.40167987
0.40169805
0.40172058
0.4017462
0.40177342
0.40180054
0.40182608
0.401849
0.40186858
0.40188456
0.4018966
0.40190476
0.40190896
0.4019091
0.4019051
0.40189683
0.40188423
0.40186718
0.4018457
0.40181997
0.40179053
0.4017581
0.4017239
0.4016891
0.40165502
0.40162274
0.40159348
0.4015679
0.4015466
0.4015298
0.4015175
0.4015098
0.40150672
0.40150845
0.40151486
0.4015256
0.40154013
0.40155756
0.40157658
0.40159577
0.40161386
0.40163007
0.40164393
0.40165594
0.40166703
0.4016785
0.40169173
0.40170762
0.4017269
0.40174916
0.40177372
0.40179926
0.40182433
0.40184748
0.40186745
0.4018832
0.40189418
0.4018999
0.40190026
0.40189537
0.40188542
0.40187034
0.40185058
0.40182653
0.40179908
0.40176922
0.4017384
0.40170822
0.40168023
0.40165573
0.40163568
0.40162045
0.40161026
0.40160465
0.4016026
0.40160307
0.40160483
0.40160695
0.40160882
0.40161067
0.40161267
0.40161538
0.4016195
0.4016257
0.40163445
0.40164596
0.4016597
0.4016745
0.40168908
0.40170172
0.40171126
0.40171683
0.40171802
0.4017152
0.40170935
0.4017018
0.401694
0.4016871
0.40168178
0.40167868
0.40167767
0.40167865
0.40168133
0.40168518
0.4016897
0.40169445
0.4016989
0.4017024
0.40170452
0.4017048
0.40170312
0.40169993
0.4016959
0.4016922
0.40169004
0.40169036
0.40169397
0.4017012
0.4017123
0.40172714
0.40174535
0.40176597
0.4017878
0.40180948
0.40182963
0.401847
0.4018606
0.4018697
0.4018739
0.40187302
0.40186718
0.40185684
0.40184286
0.4018261
0.40180793
0.40178978
0.40177283
0.40175793
0.40174517
0.40173435
0.40172467
0.40171495
0.40170446
0.40169257
0.40167928
0.40166494
0.4016503
0.4016361
0.40162277
0.40161067
0.4015999
0.40159082
0.40158373
0.40157908
0.40157706
0.40157768
0.40158033
0.401584
0.40158758
0.40158966
0.40158936
0.40158594
0.40157926
0.4015695
0.40155736
0.40154377
0.4015298
0.40151632
0.40150434
0.4014946
0.40148795
0.40148488
0.40148598
0.40149137
0.401501
0.4015146
0.40153152
0.4015508
0.40157145
0.4015923
0.4016126
0.40163207
0.40165076
0.40166903
0.40168744
0.4017062
0.40172535
0.40174448
0.4017628
0.40177953
0.40179387
0.40180513
0.40181306
0.40181753
0.40181878
0.40181765
0.40181497
0.4018119
0.40180957
0.40180904
0.40181082
0.40181515
0.40182176
0.4018298
0.40183833
0.40184644
0.40185305
0.40185758
0.40185934
0.40185806
0.40185344
0.40184513
0.40183303
0.40181696
0.4017973
0.4017743
0.40174875
0.4017215
0.40169352
0.40166572
0.40163854
0.4016125
0.4015875
0.4015636
0.40154085
0.40151972
0.4015006
0.40148428
0.40147135
0.40146214
0.40145716
0.40145648
0.40146026
0.40146804
0.4014794
0.40149376
0.4015104
0.4015286
0.40154728
0.40156555
0.4015823
0.40159672
0.40160823
0.40161678
0.4016228
0.401627
0.4016302
0.40163288
0.40163535
0.40163743
0.40163866
0.40163854
0.40163666
0.40163252
0.40162602
0.40161744
0.40160725
0.40159595
0.40158418
0.40157232
0.4015608
0.40154985
0.40153977
0.40153074
0.40152317
0.40151715
0.4015127
0.40150985
0.4015086
0.40150917
0.40151185
0.40151703
0.40152493
0.40153566
0.40154916
0.40156513
0.4015829
0.40160152
0.40161985
0.4016367
0.40165094
0.40166196
0.40166917
0.40167236
0.40167144
0.40166637
0.40165776
0.40164617
0.40163258
0.4016179
0.40160307
0.40158877
0.40157542
0.40156293
0.4015513
0.4015402
0.4015293
0.4015185
0.4015081
0.40149853
0.40149027
0.40148383
0.40147948
0.40147728
0.4014771
0.40147838
0.401481
0.4014847
0.4014892
0.4014941
0.40149873
0.4015026
0.40150478
0.40150496
0.40150315
0.40149966
0.4014952
0.40149063
0.4014869
0.40148482
0.40148503
0.40148783
0.40149298
0.4015004
0.40150946
0.40151998
0.40153158
0.4015444
0.40155804
0.40157253
0.40158746
0.4016025
0.4016169
0.4016296
0.40163967
0.40164608
0.40164828
0.40164644
0.4016408
0.40163222
0.4016218
0.40161046
0.40159932
0.40158907
0.40158024
0.4015731
0.40156803
0.4015654
0.40156546
0.40156847
0.40157428
0.4015828
0.40159357
0.40160593
0.4016192
0.40163216
0.40164354
0.40165234
0.40165776
0.4016595
0.40165767
0.40165293
0.40164632
0.40163895
0.40163162
0.4016247
0.4016183
0.40161186
0.40160468
0.40159607
0.40158585
0.40157425
0.4015618
0.40154955
0.40153816
0.40152833
0.4015203
0.40151426
0.4015103
0.40150887
0.40151015
0.40151423
0.401521
0.40153015
0.40154114
0.40155354
0.40156636
0.40157917
0.40159118
0.40160143
0.40160912
0.40161362
0.40161476
0.4016128
0.40160832
0.4016022
0.4015952
0.4015881
0.40158173
0.40157667
0.40157336
0.40157187
0.40157217
0.4015737
0.40157598
0.40157846
0.40158096
0.4015835
0.40158603
0.4015886
0.4015909
0.40159264
0.40159345
0.4015932
0.40159205
0.40159014
0.40158758
0.40158442
0.40158048
0.40157542
0.40156874
0.40155998
0.40154925
0.40153685
0.40152347
0.40150982
0.40149692
0.40148553
0.4014763
0.40146956
0.40146568
0.4014646
0.40146628
0.40147045
0.40147677
0.40148482
0.40149426
0.40150443
0.4015146
0.4015238
0.40153122
0.40153596
0.4015377
0.40153638
0.40153262
0.4015271
0.401521
0.40151513
0.4015106
0.4015083
0.40150896
0.40151277
0.40151975
0.40152934
0.4015408
0.4015532
0.40156555
0.40157685
0.4015862
0.40159264
0.4015952
0.40159357
0.40158775
0.40157855
0.4015668
0.40155396
0.40154105
0.40152922
0.40151906
0.40151098
0.40150523
0.40150183
0.40150073
0.40150172
0.4015045
0.40150902
0.40151522
0.40152314
0.40153253
0.4015432
0.40155435
0.40156537
0.40157524
0.4015833
0.4015891
0.40159267
0.40159416
0.4015942
0.40159348
0.40159282
0.40159264
0.40159354
0.40159535
0.40159792
0.40160078
0.4016035
0.40160576
0.4016077
0.4016092
0.40161029
0.40161076
0.4016104
0.40160903
0.40160668
0.40160334
0.40159917
0.40159422
0.4015884
0.40158153
0.40157324
0.40156335
0.4015519
0.4015395
0.4015268
0.40151492
0.40150434
0.4014955
0.40148836
0.40148282
0.40147853
0.40147522
0.40147293
0.40147164
0.40147126
0.40147185
0.40147322
0.40147513
0.40147737
0.40147975
0.40148252
0.40148613
0.40149114
0.40149784
0.40150654
0.40151715
0.4015298
0.40154436
0.40156057
0.40157798
0.40159622
0.40161455
0.40163198
0.40164736
0.4016598
0.4016686
0.40167364
0.40167493
0.40167278
0.4016677
0.40166023
0.40165085
0.40163985
0.40162772
0.4016148
0.40160164
0.4015885
0.4015758
0.4015642
0.40155423
0.40154654
0.40154165
0.40154004
0.40154153
0.401546
0.40155295
0.40156126
0.40157014
0.40157846
0.40158516
0.40158948
0.4015911
0.40159035
0.40158784
0.40158442
0.401581
0.40157828
0.40157685
0.4015769
0.40157837
0.40158093
0.4015843
0.4015884
0.40159342
0.4015998
0.40160793
0.4016179
0.4016295
0.4016424
0.40165624
0.40167084
0.40168604
0.40170172
0.4017177
0.40173316
0.40174747
0.40175977
0.40176958
0.40177637
0.40177977
0.40177992
0.401777
0.4017714
0.40176407
0.4017559
0.40174797
0.40174133
0.40173647
0.4017335
0.40173218
0.40173155
0.4017305
0.40172794
0.40172297
0.4017151
0.40170437
0.4016912
0.40167654
0.40166134
0.40164647
0.40163282
0.40162086
0.4016104
0.40160108
0.40159246
0.4015841
0.40157592
0.40156808
0.40156102
0.40155482
0.40154976
0.40154606
0.40154412
0.4015442
0.40154645
0.40155074
0.40155685
0.40156403
0.40157136
0.40157774
0.40158203
0.40158334
0.40158153
0.40157685
0.40156993
0.40156183
0.40155324
0.40154514
0.40153784
0.40153155
0.40152618
0.4015215
0.40151715
0.40151286
0.4015087
0.40150476
0.40150127
0.4014983
0.40149584
0.4014939
0.40149245
0.40149137
0.40149075
0.40149125
0.40149358
0.4014983
0.40150577
0.4015163
0.40152943
0.4015447
0.40156138
0.40157866
0.40159583
0.4016122
0.40162686
0.401639
0.401648
0.40165374
0.40165624
0.40165633
0.40165478
0.4016526
0.4016506
0.40164948
0.40164986
0.40165192
0.40165564
0.40166056
0.40166622
0.40167236
0.40167877
0.40168557
0.401693
0.4017011
0.40171018
0.4017204
0.40173227
0.40174577
0.4017608
0.40177682
0.4017931
0.40180835
0.4018215
0.40183163
0.40183803
0.40184057
0.4018394
0.40183526
0.4018291
0.40182218
0.4018157
0.4018106
0.4018072
0.40180552
0.40180492
0.4018043
0.40180248
0.40179822
0.40179068
0.40177938
0.40176424
0.40174565
0.40172458
0.401702
0.40167928
0.4016578
0.40163854
0.40162244
0.40160963
0.40160054
0.40159526
0.40159354
0.4015948
0.40159836
0.40160304
0.4016078
0.40161115
0.40161225
0.40161073
0.40160635
0.40159956
0.40159062
0.40158024
0.40156895
0.40155748
0.40154636
0.40153548
0.40152493
0.40151435
0.40150347
0.40149218
0.4014806
0.40146863
0.40145683
0.40144572
0.40143594
0.4014281
0.40142292
0.4014207
0.4014215
0.4014251
0.40143093
0.4014384
0.4014469
0.40145603
0.4014655
0.40147513
0.40148455
0.40149358
0.40150177
0.4015087
0.40151405
0.40151775
0.40152007
0.40152156
0.40152276
0.40152422
0.40152633
0.4015291
0.40153247
0.40153596
0.4015391
0.4015411
0.40154114
0.4015385
0.4015326
0.4015237
0.40151215
0.40149912
0.40148577
0.40147343
0.40146345
0.40145698
0.4014549
0.4014579
0.40146607
0.4014794
0.40149727
0.4015189
0.4015429
0.40156797
0.40159246
0.4016149
0.40163428
0.40164995
0.4016617
0.40166983
0.40167516
0.4016786
0.40168107
0.4016832
0.40168527
0.40168706
0.4016878
0.4016868
0.40168312
0.40167636
0.4016663
0.4016536
0.4016389
0.40162337
0.4016082
0.40159443
0.40158308
0.4015749
0.4015704
0.40157008
0.4015738
0.4015812
0.40159145
0.4016035
0.40161568
0.4016266
0.40163478
0.40163955
0.4016404
0.4016376
0.40163174
0.4016236
0.40161413
0.40160397
0.40159383
0.40158427
0.40157598
0.4015696
0.40156585
0.40156513
0.40156752
0.40157288
0.4015806
0.40158996
0.40160015
0.40161005
0.40161857
0.4016251
0.4016295
0.40163216
0.40163386
0.40163532
0.40163708
0.40163937
0.40164205
0.40164468
0.4016468
0.40164816
0.40164876
0.40164906
0.4016497
0.40165117
0.40165374
0.40165716
0.40166092
0.40166408
0.40166563
0.40166464
0.40166035
0.4016527
0.40164185
0.40162846
0.40161365
0.40159845
0.40158385
0.40157068
0.40155965
0.4015512
0.40154597
0.4015443
0.40154642
0.40155232
0.4015616
0.4015735
0.401587
0.4016009
0.40161392
0.401625
0.40163326
0.4016384
0.40164036
0.4016395
0.40163645
0.4016319
0.40162665
0.40162146
0.40161723
0.40161476
0.40161467
0.40161765
0.40162402
0.40163386
0.4016473
0.4016643
0.40168452
0.40170735
0.401732
0.40175736
0.40178254
0.4018065
0.40182844
0.40184763
0.40186366
0.40187627
0.40188524
0.40189058
0.40189222
0.4018901
0.40188414
0.40187407
0.40185982
0.40184143
0.40181914
0.40179345
0.40176505
0.40173465
0.40170312
0.40167114
0.4016395
0.40160853
0.4015788
0.40155098
0.4015255
0.40150297
0.4014841
0.40146914
0.40145853
0.40145236
0.4014505
0.40145248
0.40145728
0.40146425
0.4014723
0.40148053
0.40148833
0.4014953
0.40150172
0.40150756
0.40151322
0.40151894
0.4015247
0.40153044
0.40153623
0.4015424
0.4015493
0.40155745
0.4015674
0.4015794
0.40159336
0.40160903
0.40162557
0.40164196
0.40165684
0.40166894
0.40167725
0.4016814
0.40168154
0.40167817
0.40167186
0.40166333
0.4016534
0.4016423
0.40163046
0.40161818
0.40160593
0.40159416
0.4015833
0.4015737
0.40156513
0.40155765
0.40155116
0.40154573
0.40154165
0.40153942
0.40153944
0.40154225
0.40154815
0.40155742
0.40157008
0.40158606
0.40160468
0.40162507
0.4016459
0.40166572
0.4016827
0.4016955
0.40170288
0.40170437
0.40169963
0.40168902
0.40167323
0.40165308
0.40162978
0.40160453
0.40157863
0.40155327
0.40152952
0.4015084
0.40149054
0.4014765
0.40146652
0.40146068
0.4014593
0.40146232
0.4014695
0.40148064
0.4014954
0.40151307
0.40153292
0.40155378
0.4015746
0.40159395
0.40161046
0.40162292
0.40163037
0.40163246
0.4016291
0.4016209
0.40160865
0.4015935
0.40157652
0.40155873
0.40154105
0.4015243
0.40150902
0.40149572
0.40148476
0.40147632
0.40147033
0.4014664
0.40146413
0.40146324
0.40146336
0.40146416
0.40146536
0.40146634
0.40146655
0.40146562
0.40146333
0.40146002
0.4014557
0.40145084
0.40144578
0.40144077
0.40143606
0.4014318
0.4014283
0.401426
0.4014251
0.40142593
0.401429
0.40143454
0.40144286
0.40145418
0.40146878
0.40148658
0.40150762
0.40153137
0.4015571
0.4015836
0.40160948
0.40163296
0.4016523
0.4016662
0.40167373
0.40167457
0.40166903
0.4016578
0.40164182
0.40162244
0.40160125
0.40157974
0.40155914
0.40154073
0.4015253
0.4015133
0.40150493
0.40150008
0.40149844
0.4014997
0.40150326
0.40150842
0.40151426
0.40151963
0.4015238
0.40152588
0.40152577
0.40152356
0.4015197
0.40151492
0.40150955
0.4015041
0.40149888
0.40149415
0.40149018
0.40148687
0.40148443
0.40148285
0.40148205
0.4014817
0.40148163
0.40148202
0.4014829
0.4014848
0.4014881
0.40149334
0.40150067
0.40151012
0.40152144
0.40153405
0.40154755
0.40156153
0.40157625
0.4015919
0.4016086
0.40162626
0.4016445
0.40166253
0.40167925
0.4016936
0.401705
0.40171322
0.40171865
0.40172204
0.40172443
0.40172696
0.40173075
0.40173694
0.40174702
0.40176275
0.40178677
0.40182328
0.40187812
0.40195963
0.40207946
0.40225372
0.4025067
0.40286773
0.4033788
0.40409794
0.40510404
0.40650374
0.40843952
0.41113272
0.41480738
0.41977286
0.42650244
0.43563867
0.4477917
