0.4426951
0.4322285
0.424382
0.41847852
0.41407418
0.41082457
0.40844265
0.40668908
0.40540358
0.404467
0.40378353
0.40328538
0.40292224
0.4026564
0.40246013
0.4023129
0.40219983
0.40211007
0.40203598
0.40197214
0.4019152
0.40186304
0.40181476
0.4017702
0.40172976
0.40169427
0.4016641
0.40163976
0.40162092
0.40160728
0.4015981
0.40159297
0.4015915
0.40159357
0.4015986
0.40160602
0.4016152
0.4016254
0.40163606
0.40164667
0.40165702
0.4016667
0.40167567
0.40168327
0.40168884
0.40169114
0.4016891
0.4016818
0.40166903
0.4016507
0.40162754
0.40160075
0.40157178
0.40154228
0.40151367
0.40148717
0.40146348
0.40144318
0.40142652
0.40141353
0.40140405
0.40139773
0.40139404
0.4013928
0.40139347
0.40139586
0.4013996
0.40140447
0.40141004
0.40141585
0.40142164
0.40142697
0.40143123
0.40143418
0.4014359
0.40143684
0.40143746
0.40143836
0.4014402
0.40144354
0.40144855
0.40145522
0.40146333
0.40147242
0.40148228
0.40149274
0.40150383
0.40151536
0.40152732
0.40153968
0.40155277
0.40156683
0.40158185
0.4015975
0.4016131
0.4016276
0.40163988
0.40164903
0.4016546
0.40165702
0.40165678
0.4016552
0.40165353
0.4016528
0.4016536
0.40165573
0.4016587
0.40166166
0.40166363
0.40166393
0.40166166
0.40165672
0.4016494
0.4016401
0.4016296
0.40161878
0.40160877
0.40160048
0.40159497
0.40159282
0.40159437
0.40159938
0.40160733
0.4016172
0.40162772
0.40163743
0.4016453
0.40165076
0.40165392
0.40165538
0.40165612
0.4016574
0.40166
0.40166438
0.4016704
0.4016775
0.4016848
0.40169162
0.40169755
0.40170243
0.40170643
0.40170977
0.40171272
0.4017152
0.40171668
0.40171668
0.4017145
0.4017096
0.40170172
0.4016913
0.4016788
0.401665
0.40165067
0.40163642
0.40162277
0.40161
0.40159872
0.40158966
0.40158343
0.40158084
0.40158185
0.40158638
0.40159377
0.40160316
0.40161338
0.40162304
0.40163076
0.40163583
0.40163758
0.4016361
0.40163165
0.40162468
0.4016155
0.4016045
0.40159243
0.4015803
0.40156916
0.40156016
0.40155402
0.40155146
0.40155315
0.40155956
0.40157095
0.4015874
0.40160856
0.40163398
0.4016627
0.40169376
0.40172568
0.4017571
0.4017865
0.401813
0.4018357
0.40185416
0.40186805
0.40187722
0.40188166
0.40188184
0.40187788
0.4018704
0.4018599
0.401847
0.40183252
0.40181753
0.40180293
0.40178987
0.40177938
0.40177187
0.40176725
0.4017648
0.40176353
0.4017624
0.40176064
0.40175778
0.40175375
0.40174884
0.40174344
0.40173766
0.4017316
0.401725
0.40171722
0.40170747
0.40169522
0.4016803
0.40166298
0.40164405
0.40162444
0.40160534
0.40158758
0.4015719
0.40155867
0.40154773
0.401539
0.40153208
0.40152675
0.40152264
0.40151963
0.40151742
0.40151575
0.40151456
0.40151376
0.40151346
0.40151376
0.40151492
0.40151724
0.4015209
0.4015258
0.40153182
0.4015385
0.40154555
0.4015525
0.40155908
0.40156516
0.40157044
0.4015747
0.40157744
0.40157837
0.4015773
0.40157384
0.40156806
0.4015603
0.40155107
0.40154096
0.40153074
0.4015211
0.40151277
0.40150657
0.4015028
0.40150186
0.40150374
0.4015079
0.401514
0.40152118
0.40152875
0.40153605
0.40154213
0.40154627
0.40154788
0.40154684
0.40154356
0.4015391
0.4015348
0.40153214
0.4015323
0.40153626
0.40154472
0.4015577
0.40157488
0.40159535
0.40161774
0.40164033
0.40166122
0.40167883
0.40169206
0.4017003
0.40170357
0.40170264
0.4016987
0.40169325
0.40168798
0.40168422
0.40168276
0.40168402
0.40168753
0.40169242
0.40169755
0.4017019
0.401705
0.40170708
0.40170896
0.40171188
0.40171716
0.40172568
0.4017378
0.4017531
0.40177044
0.4017884
0.40180534
0.40181977
0.4018304
0.40183637
0.40183723
0.40183312
0.40182456
0.40181246
0.4017982
0.4017833
0.4017695
0.4017584
0.4017515
0.4017495
0.4017524
0.4017596
0.4017694
0.40178046
0.40179095
0.40179926
0.40180445
0.40180582
0.4018032
0.40179685
0.40178728
0.40177518
0.40176147
0.40174678
0.40173182
0.401717
0.40170223
0.40168694
0.40167055
0.40165266
0.40163317
0.4016124
0.4015912
0.4015707
0.4015518
0.40153566
0.40152302
0.4015145
0.4015105
0.40151113
0.40151647
0.40152633
0.40154013
0.40155703
0.4015758
0.40159503
0.4016132
0.40162864
0.40164015
0.40164706
0.40164933
0.40164727
0.4016416
0.40163326
0.4016231
0.4016124
0.40160254
0.40159464
0.40158963
0.40158802
0.40159
0.40159526
0.4016035
0.4016139
0.40162548
0.40163717
0.4016476
0.4016554
0.40165964
0.40165964
0.40165538
0.40164745
0.4016367
0.40162423
0.40161106
0.4015985
0.40158743
0.40157852
0.40157205
0.4015682
0.4015666
0.4015666
0.40156755
0.4015683
0.40156817
0.40156645
0.40156272
0.4015573
0.40155044
0.40154305
0.40153605
0.40153036
0.4015269
0.40152648
0.40152952
0.4015361
0.401546
0.40155864
0.40157333
0.40158895
0.40160453
0.401619
0.4016314
0.40164095
0.40164736
0.4016507
0.40165138
0.40165043
0.40164882
0.40164772
0.40164784
0.40164924
0.40165186
0.4016552
0.40165886
0.40166256
0.4016662
0.40166968
0.40167278
0.4016752
0.4016764
0.4016761
0.4016739
0.4016699
0.40166438
0.40165794
0.40165108
0.40164447
0.4016384
0.4016331
0.40162846
0.40162456
0.40162107
0.40161747
0.40161344
0.4016086
0.40160277
0.4015961
0.40158898
0.40158203
0.40157583
0.40157053
0.401566
0.40156186
0.4015578
0.4015539
0.40155038
0.40154797
0.40154737
0.4015492
0.40155387
0.40156138
0.40157145
0.4015837
0.40159726
0.40161106
0.40162396
0.4016349
0.4016428
0.4016471
0.40164772
0.40164533
0.40164092
0.40163547
0.40163007
0.4016253
0.40162155
0.40161854
0.40161598
0.4016136
0.40161133
0.40160945
0.40160877
0.40161017
0.40161473
0.40162334
0.40163675
0.40165526
0.40167868
0.4017063
0.40173736
0.40177035
0.40180406
0.4018373
0.40186915
0.40189874
0.40192547
0.40194902
0.40196893
0.40198505
0.4019971
0.402005
0.40200883
0.40200838
0.40200377
0.40199506
0.40198228
0.4019656
0.40194517
0.4019215
0.4018952
0.40186712
0.40183824
0.4018099
0.4017832
0.40175924
0.40173876
0.40172192
0.40170863
0.40169814
0.40168947
0.40168175
0.40167466
0.40166828
0.4016634
0.40166155
0.40166467
0.40167534
0.40169692
0.40173402
0.40179268
0.40188113
0.40201083
0.40219817
0.4024664
0.4028446
0.40337428
0.404113
0.40513816
0.40655527
0.40850538
0.41120887
0.4148881
0.41985273
0.42657617
0.43570045
0.4478378
