0.4425439
0.43202996
0.42414194
0.4182021
0.41376716
0.410492
0.4080914
0.40632412
0.40502867
0.40408602
0.40339994
0.402903
0.40254527
0.40228978
0.4021087
0.40198126
0.4018916
0.40182784
0.40178114
0.4017453
0.40171602
0.4016907
0.40166816
0.4016482
0.4016313
0.4016178
0.4016081
0.40160212
0.40159938
0.40159905
0.40160006
0.4016011
0.40160114
0.40159944
0.4015961
0.40159157
0.40158692
0.4015833
0.4015818
0.401583
0.4015873
0.40159458
0.4016044
0.40161577
0.4016274
0.4016376
0.40164497
0.401648
0.40164605
0.4016389
0.40162686
0.4016111
0.40159324
0.40157494
0.4015577
0.40154266
0.40153027
0.4015209
0.4015144
0.40151045
0.4015087
0.40150884
0.40151066
0.40151435
0.40152028
0.40152898
0.4015409
0.40155604
0.40157402
0.4015939
0.40161428
0.40163356
0.40165025
0.40166312
0.40167144
0.4016748
0.40167356
0.40166825
0.40166
0.4016499
0.40163928
0.40162945
0.4016214
0.4016161
0.40161443
0.40161696
0.4016244
0.40163693
0.40165406
0.40167484
0.4016977
0.40172082
0.40174207
0.4017598
0.4017728
0.4017804
0.40178242
0.40177938
0.40177202
0.40176177
0.40174985
0.40173754
0.4017258
0.401715
0.4017055
0.40169674
0.40168816
0.4016791
0.40166903
0.40165797
0.4016464
0.40163493
0.40162444
0.40161568
0.40160894
0.4016043
0.40160125
0.4015991
0.40159714
0.4015951
0.40159294
0.40159097
0.40158954
0.40158877
0.40158844
0.40158805
0.40158674
0.4015835
0.4015774
0.4015679
0.4015551
0.40153956
0.4015223
0.40150443
0.401487
0.4014707
0.40145624
0.40144408
0.40143457
0.4014277
0.40142342
0.40142155
0.401422
0.4014245
0.401429
0.40143517
0.40144318
0.40145323
0.40146524
0.4014792
0.40149483
0.40151137
0.4015278
0.40154287
0.40155533
0.4015639
0.40156782
0.4015671
0.4015625
0.40155533
0.401547
0.40153903
0.40153244
0.40152788
0.40152568
0.401526
0.40152863
0.40153348
0.40154037
0.4015492
0.40155974
0.40157154
0.40158376
0.40159538
0.40160534
0.40161285
0.40161765
0.40162006
0.4016208
0.40162066
0.40162054
0.40162116
0.40162292
0.40162608
0.40163055
0.40163594
0.40164167
0.4016468
0.40165028
0.40165138
0.40164968
0.4016453
0.40163872
0.40163085
0.40162277
0.40161532
0.40160903
0.4016041
0.40160018
0.401597
0.40159386
0.40159014
0.40158546
0.40157992
0.40157387
0.40156776
0.40156215
0.4015573
0.4015533
0.4015502
0.40154764
0.40154526
0.40154266
0.40153995
0.4015373
0.401535
0.40153337
0.40153268
0.40153292
0.4015339
0.40153533
0.4015367
0.40153736
0.40153697
0.40153545
0.40153277
0.4015293
0.4015251
0.4015201
0.40151432
0.4015079
0.40150127
0.4014951
0.40149
0.40148655
0.401485
0.40148523
0.401487
0.40148947
0.40149185
0.40149325
0.4014929
0.40149045
0.4014863
0.40148112
0.40147576
0.40147114
0.4014678
0.40146613
0.40146607
0.40146726
0.4014691
0.4014709
0.40147203
0.40147215
0.4014713
0.4014695
0.40146708
0.40146434
0.40146166
0.40145943
0.40145802
0.40145773
0.4014587
0.40146127
0.40146562
0.401472
0.4014804
0.40149096
0.40150347
0.40151772
0.40153307
0.4015489
0.40156454
0.4015794
0.4015932
0.40160564
0.40161625
0.40162453
0.40162998
0.4016324
0.4016319
0.4016292
0.40162534
0.40162134
0.40161824
0.40161675
0.4016168
0.40161818
0.40162012
0.40162155
0.4016214
0.40161872
0.40161327
0.401605
0.40159488
0.4015838
0.401573
0.4015635
0.4015559
0.40155038
0.4015465
0.4015438
0.4015412
0.4015381
0.40153378
0.40152812
0.40152133
0.4015139
0.40150622
0.4014988
0.4014918
0.40148547
0.40147993
0.40147513
0.4014712
0.40146813
0.4014659
0.40146437
0.40146384
0.4014647
0.40146747
0.40147236
0.4014793
0.40148798
0.4014976
0.40150717
0.40151536
0.40152135
0.40152472
0.40152553
0.4015244
0.40152213
0.40151972
0.40151817
0.40151843
0.40152133
0.40152735
0.40153673
0.40154952
0.40156513
0.40158296
0.40160212
0.40162155
0.40164065
0.4016589
0.40167615
0.4016925
0.40170807
0.40172246
0.40173516
0.40174523
0.40175197
0.4017548
0.40175357
0.40174845
0.40173998
0.401729
0.401716
0.40170118
0.40168464
0.40166587
0.40164453
0.40162048
0.4015941
0.40156633
0.40153825
0.40151113
0.40148598
0.4014638
0.40144515
0.40143052
0.40141997
0.40141344
0.4014109
0.40141213
0.40141687
0.4014245
0.40143472
0.40144706
0.40146092
0.4014759
0.4014918
0.401508
0.4015239
0.40153876
0.40155172
0.40156183
0.40156797
0.40156963
0.40156668
0.40155974
0.40154964
0.4015375
0.4015244
0.40151125
0.40149888
0.40148792
0.40147913
0.401473
0.40147033
0.40147203
0.40147933
0.4014935
0.40151638
0.4015503
0.4015984
0.40166467
0.4017547
0.40187585
0.40203846
0.4022585
0.4025555
0.4029583
0.40350738
0.40425953
0.40529197
0.40671027
0.4086561
0.41135
0.4150165
0.41996542
0.42666999
0.4357744
0.4478914
