0.4425614
0.43205187
0.42416668
0.41822824
0.41379395
0.41051936
0.40812
0.4063555
0.40506467
0.40412766
0.40344718
0.40295386
0.40259597
0.40233526
0.4021435
0.4020007
0.4018927
0.40181
0.40174636
0.40169778
0.4016617
0.40163627
0.4016201
0.40161204
0.40161088
0.40161535
0.40162396
0.40163514
0.40164688
0.40165752
0.40166572
0.40167066
0.4016723
0.40167078
0.40166688
0.4016614
0.40165514
0.40164888
0.40164328
0.4016389
0.40163603
0.40163505
0.40163592
0.40163857
0.4016426
0.40164742
0.4016528
0.40165877
0.40166542
0.40167356
0.40168396
0.4016972
0.40171355
0.40173262
0.40175357
0.40177518
0.40179634
0.40181622
0.40183392
0.40184897
0.40186095
0.40186962
0.40187475
0.40187636
0.40187448
0.40186957
0.4018621
0.40185282
0.40184242
0.4018317
0.4018211
0.4018106
0.40179938
0.40178642
0.40177056
0.40175104
0.4017276
0.40170044
0.4016704
0.4016387
0.4016068
0.40157613
0.40154788
0.4015229
0.4015016
0.4014842
0.40147048
0.40146056
0.40145427
0.40145144
0.40145177
0.40145496
0.40146035
0.40146747
0.4014758
0.40148515
0.40149555
0.40150714
0.40152022
0.40153503
0.4015514
0.4015688
0.40158632
0.4016028
0.40161693
0.40162757
0.40163416
0.40163663
0.40163556
0.4016319
0.40162712
0.4016226
0.40161976
0.40161934
0.40162173
0.40162677
0.4016339
0.4016418
0.40164894
0.40165386
0.4016549
0.4016513
0.40164253
0.401629
0.4016117
0.4015922
0.4015725
0.40155432
0.40153927
0.40152842
0.40152237
0.40152115
0.4015244
0.4015313
0.4015408
0.40155143
0.4015617
0.40157002
0.40157533
0.40157688
0.40157476
0.40156963
0.40156206
0.401553
0.40154302
0.40153253
0.40152198
0.40151182
0.40150237
0.40149426
0.40148795
0.4014839
0.4014827
0.40148452
0.4014893
0.4014971
0.4015074
0.4015196
0.40153277
0.40154576
0.40155706
0.40156555
0.4015702
0.40157074
0.40156752
0.40156138
0.4015535
0.40154526
0.4015379
0.4015323
0.40152887
0.40152776
0.40152884
0.4015319
0.40153638
0.4015421
0.40154883
0.40155634
0.40156454
0.401573
0.40158156
0.4015899
0.40159795
0.40160593
0.4016139
0.4016219
0.40162995
0.40163776
0.40164503
0.40165117
0.40165552
0.40165725
0.40165582
0.40165126
0.4016439
0.40163472
0.4016247
0.40161487
0.4016056
0.40159696
0.4015888
0.40158084
0.40157256
0.40156394
0.40155515
0.40154678
0.40153953
0.40153387
0.40152997
0.40152755
0.40152586
0.40152407
0.40152094
0.40151578
0.401508
0.40149757
0.40148512
0.40147123
0.4014568
0.40144244
0.401429
0.40141696
0.4014068
0.401399
0.40139356
0.40139055
0.40138987
0.40139118
0.40139398
0.4013979
0.40140235
0.4014067
0.40141052
0.40141356
0.40141577
0.4014172
0.40141827
0.40141925
0.40142056
0.40142286
0.40142673
0.401433
0.40144217
0.4014548
0.4014707
0.4014896
0.40151072
0.40153304
0.40155524
0.401576
0.40159407
0.40160835
0.40161818
0.40162307
0.40162328
0.4016195
0.4016129
0.401605
0.40159747
0.40159196
0.40158975
0.4015916
0.40159783
0.40160826
0.40162218
0.40163884
0.40165696
0.40167508
0.40169173
0.4017054
0.40171486
0.40171912
0.40171784
0.40171134
0.40170035
0.4016862
0.40167055
0.40165532
0.40164194
0.40163162
0.40162522
0.40162274
0.401624
0.401628
0.4016336
0.40163958
0.40164515
0.40164998
0.4016542
0.40165845
0.40166315
0.4016687
0.40167502
0.4016818
0.40168884
0.4016956
0.40170193
0.40170753
0.4017118
0.40171412
0.40171364
0.40170944
0.40170103
0.4016884
0.40167195
0.40165263
0.40163162
0.40161055
0.40159073
0.40157342
0.40155974
0.40155035
0.40154573
0.40154585
0.40155038
0.4015585
0.40156907
0.4015807
0.40159193
0.40160167
0.40160915
0.40161404
0.40161666
0.40161747
0.4016171
0.40161592
0.40161398
0.40161127
0.40160745
0.40160254
0.40159658
0.40158987
0.4015829
0.40157628
0.40157053
0.40156618
0.40156373
0.40156353
0.40156564
0.40156972
0.4015751
0.4015809
0.40158635
0.40159088
0.40159416
0.40159634
0.4015975
0.40159774
0.40159723
0.40159568
0.40159312
0.40158957
0.4015852
0.40158018
0.4015748
0.4015689
0.40156275
0.40155616
0.40154934
0.40154257
0.40153646
0.40153167
0.401529
0.4015293
0.4015331
0.4015407
0.40155187
0.40156624
0.40158305
0.40160152
0.4016208
0.4016399
0.40165856
0.4016768
0.40169564
0.40171686
0.40174335
0.40177894
0.40182903
0.40190032
0.40200153
0.40214443
0.40234506
0.40262607
0.40301576
0.40355477
0.4042996
0.40532687
0.4067416
0.4086847
0.41137624
0.41504046
0.41998684
0.4266883
0.43578926
0.44790235
