0.4425179
0.4319945
0.42409638
0.4181452
0.41369766
0.4104088
0.4079949
0.40621558
0.4049097
0.4039591
0.40326712
0.40276593
0.4024051
0.4021472
0.40196508
0.4018384
0.40175217
0.4016953
0.40165952
0.40163833
0.40162688
0.40162137
0.4016186
0.40161613
0.40161237
0.4016063
0.40159783
0.40158725
0.40157527
0.40156257
0.40154985
0.40153757
0.40152615
0.40151575
0.40150633
0.4014977
0.40148956
0.40148172
0.40147427
0.40146732
0.4014611
0.40145558
0.40145087
0.40144703
0.401444
0.40144163
0.4014401
0.40143955
0.40144002
0.40144148
0.40144378
0.40144676
0.40145028
0.40145436
0.401459
0.40146443
0.4014706
0.40147734
0.40148434
0.40149102
0.40149683
0.40150118
0.4015039
0.40150505
0.4015051
0.4015046
0.40150434
0.40150493
0.4015074
0.40151203
0.40151927
0.40152898
0.4015409
0.40155435
0.40156886
0.4015834
0.40159705
0.4016088
0.40161756
0.4016225
0.40162328
0.4016199
0.4016132
0.4016044
0.401595
0.40158647
0.40158004
0.40157637
0.40157598
0.40157908
0.4015852
0.40159348
0.40160277
0.40161166
0.40161866
0.40162277
0.40162343
0.40162063
0.40161481
0.40160695
0.40159765
0.40158784
0.40157795
0.40156838
0.40155983
0.40155286
0.40154815
0.40154618
0.4015473
0.40155157
0.4015588
0.4015683
0.4015794
0.40159097
0.40160215
0.4016122
0.40162092
0.4016287
0.40163592
0.40164334
0.40165162
0.4016611
0.40167186
0.4016837
0.40169626
0.40170863
0.40172014
0.40172967
0.40173665
0.40174067
0.40174177
0.40174055
0.40173778
0.40173477
0.4017327
0.40173244
0.40173465
0.40173933
0.40174583
0.4017532
0.40176034
0.40176612
0.4017696
0.40177009
0.40176708
0.40176034
0.40174997
0.4017362
0.40171963
0.40170118
0.40168163
0.40166178
0.40164232
0.40162352
0.40160564
0.4015889
0.40157354
0.40156
0.40154877
0.40154037
0.4015352
0.40153357
0.40153557
0.4015408
0.40154842
0.40155745
0.40156665
0.40157536
0.4015829
0.40158948
0.40159568
0.40160242
0.4016102
0.40161982
0.40163195
0.401647
0.40166453
0.4016837
0.40170312
0.401721
0.4017355
0.40174538
0.40174967
0.40174812
0.40174106
0.40172932
0.40171435
0.40169778
0.40168133
0.4016664
0.40165418
0.40164495
0.40163854
0.40163437
0.40163133
0.40162855
0.40162534
0.40162113
0.4016156
0.40160817
0.4015985
0.4015868
0.40157345
0.4015594
0.40154582
0.40153387
0.40152442
0.40151814
0.40151533
0.40151623
0.40152073
0.40152854
0.4015395
0.40155327
0.40156963
0.40158847
0.4016095
0.40163216
0.40165538
0.40167806
0.401699
0.40171707
0.40173104
0.40174022
0.40174413
0.4017428
0.4017365
0.40172607
0.40171236
0.40169635
0.40167913
0.40166157
0.4016444
0.401628
0.4016125
0.40159798
0.40158463
0.40157276
0.40156272
0.4015551
0.4015501
0.4015479
0.40154848
0.4015514
0.4015561
0.4015617
0.40156746
0.40157264
0.40157673
0.40157974
0.40158185
0.4015834
0.4015846
0.40158564
0.40158692
0.40158847
0.40159023
0.40159205
0.4015934
0.40159386
0.4015932
0.40159136
0.40158844
0.40158468
0.40158013
0.4015748
0.40156856
0.40156147
0.4015536
0.40154502
0.40153584
0.40152627
0.40151638
0.4015064
0.40149632
0.40148634
0.40147674
0.40146813
0.40146112
0.40145656
0.40145507
0.40145734
0.401464
0.40147495
0.40149018
0.40150914
0.40153083
0.40155435
0.4015785
0.40160167
0.4016227
0.40164053
0.40165475
0.40166524
0.40167248
0.401677
0.4016794
0.4016799
0.40167874
0.40167576
0.40167078
0.40166348
0.40165392
0.40164217
0.4016289
0.4016146
0.40159994
0.4015854
0.40157127
0.401558
0.40154558
0.4015341
0.40152356
0.40151426
0.40150642
0.40150058
0.4014969
0.4014956
0.40149692
0.40150058
0.4015063
0.40151367
0.40152222
0.40153137
0.40154043
0.40154856
0.40155518
0.40156007
0.4015636
0.4015665
0.40157
0.4015753
0.4015834
0.40159467
0.4016091
0.40162617
0.40164497
0.40166414
0.40168232
0.401698
0.40170965
0.4017165
0.401718
0.40171435
0.4017063
0.40169504
0.40168226
0.40166956
0.4016586
0.40165067
0.40164706
0.40164846
0.40165532
0.4016674
0.4016842
0.40170428
0.4017261
0.4017476
0.401767
0.4017826
0.40179327
0.40179825
0.4017973
0.40179053
0.40177885
0.40176335
0.40174535
0.40172663
0.40170854
0.40169242
0.401679
0.4016685
0.4016607
0.4016551
0.40165097
0.40164736
0.4016436
0.40163898
0.40163323
0.40162617
0.40161833
0.40161029
0.4016027
0.40159613
0.40159085
0.4015868
0.40158385
0.40158153
0.40157956
0.40157792
0.4015766
0.40157548
0.40157437
0.40157318
0.4015719
0.40157068
0.4015699
0.40156975
0.4015704
0.4015721
0.40157467
0.40157828
0.40158305
0.4015892
0.4015969
0.40160614
0.40161693
0.401629
0.4016416
0.40165398
0.4016651
0.40167382
0.40167952
0.40168172
0.4016806
0.4016765
0.40166995
0.40166157
0.4016519
0.40164122
0.4016301
0.40161893
0.4016082
0.40159833
0.4015894
0.40158156
0.40157452
0.40156785
0.40156153
0.40155545
0.40154946
0.40154368
0.40153813
0.40153277
0.40152737
0.40152183
0.40151587
0.40150952
0.401503
0.40149656
0.40149033
0.40148455
0.40147936
0.4014748
0.4014712
0.40146863
0.4014674
0.40146774
0.40147004
0.4014749
0.40148282
0.4014943
0.40150964
0.40152887
0.40155146
0.40157676
0.40160367
0.4016309
0.4016572
0.4016815
0.40170315
0.40172163
0.40173635
0.4017467
0.40175223
0.40175274
0.40174845
0.40174004
0.4017287
0.4017156
0.40170243
0.40169019
0.40167996
0.4016722
0.4016671
0.4016639
0.4016618
0.40165955
0.40165606
0.40165076
0.40164334
0.4016343
0.40162426
0.4016143
0.40160528
0.40159783
0.4015924
0.40158927
0.40158862
0.40159044
0.4015949
0.40160185
0.40161133
0.4016232
0.401637
0.40165204
0.40166742
0.40168175
0.40169397
0.40170288
0.40170822
0.4017096
0.40170756
0.40170288
0.40169665
0.40168974
0.40168306
0.40167698
0.40167135
0.40166563
0.40165913
0.40165126
0.4016417
0.40163088
0.40161934
0.40160817
0.4015982
0.4015902
0.40158457
0.40158138
0.40157998
0.4015796
0.40157914
0.4015776
0.4015748
0.40157068
0.40156594
0.4015615
0.40155834
0.40155733
0.4015589
0.40156338
0.4015706
0.40158015
0.40159142
0.40160304
0.4016137
0.40162194
0.40162662
0.40162724
0.4016238
0.40161696
0.40160784
0.40159765
0.4015877
0.40157855
0.4015705
0.40156323
0.4015563
0.4015494
0.4015425
0.40153593
0.4015302
0.40152612
0.40152422
0.40152526
0.40152967
0.4015379
0.40154997
0.40156588
0.4015853
0.4016079
0.40163308
0.40166017
0.40168828
0.40171596
0.4017419
0.40176466
0.40178305
0.4017962
0.40180358
0.401805
0.4018006
0.40179107
0.40177733
0.40176067
0.4017425
0.40172443
0.40170765
0.401693
0.40168086
0.40167108
0.40166298
0.4016555
0.4016477
0.4016387
0.40162826
0.40161663
0.40160456
0.40159282
0.40158245
0.40157416
0.40156865
0.40156627
0.40156692
0.4015704
0.40157598
0.40158245
0.40158844
0.40159237
0.4015931
0.40158984
0.40158257
0.4015719
0.40155876
0.40154454
0.40153056
0.40151802
0.40150768
0.4015003
0.40149662
0.4014969
0.40150145
0.40151042
0.40152362
0.40154043
0.40155986
0.4015806
0.40160102
0.40161934
0.4016338
0.40164307
0.40164658
0.40164438
0.40163702
0.40162578
0.401612
0.40159702
0.40158188
0.40156752
0.40155476
0.4015443
0.4015366
0.40153176
0.40152982
0.40153083
0.4015344
0.40154025
0.4015475
0.40155506
0.40156177
0.4015664
0.401568
0.40156627
0.40156147
0.40155452
0.40154678
0.4015398
0.40153497
0.4015335
0.40153614
0.40154335
0.40155515
0.40157127
0.40159124
0.4016143
0.40163958
0.40166578
0.4016918
0.40171653
0.40173867
0.40175715
0.40177095
0.40177926
0.40178183
0.40177855
0.40176988
0.40175655
0.4017396
0.40172
0.4016991
0.40167814
0.4016584
0.40164095
0.4016268
0.40161654
0.40161082
0.4016097
0.40161303
0.40162048
0.40163133
0.4016447
0.40165937
0.4016737
0.40168628
0.40169585
0.40170163
0.40170354
0.4017019
0.40169758
0.40169162
0.40168512
0.4016788
0.4016732
0.40166846
0.40166467
0.40166178
0.40166
0.40165973
0.40166146
0.40166542
0.40167147
0.40167892
0.4016868
0.40169346
0.4016975
0.4016977
0.40169314
0.40168375
0.40166992
0.40165272
0.40163362
0.4016143
0.4015965
0.40158144
0.40157008
0.40156302
0.4015603
0.40156212
0.40156838
0.40157896
0.40159348
0.4016113
0.40163162
0.40165398
0.40167764
0.40170178
0.40172517
0.40174648
0.4017643
0.40177748
0.4017851
0.40178633
0.40178084
0.4017685
0.4017496
0.4017248
0.4016952
0.40166223
0.40162745
0.40159267
0.40155944
0.40152928
0.40150312
0.40148145
0.40146452
0.4014522
0.40144452
0.40144107
0.40144163
0.4014459
0.40145358
0.4014643
0.4014776
0.40149316
0.40151057
0.40152922
0.40154856
0.40156803
0.40158707
0.40160584
0.4016246
0.40164405
0.40166447
0.40168604
0.4017084
0.40173075
0.40175217
0.40177202
0.40178987
0.4018063
0.40182254
0.40184104
0.4018657
0.4019018
0.40195665
0.4020396
0.4021629
0.4023427
0.40260297
0.40297255
0.40349266
0.40422064
0.4052344
0.40663987
0.40857854
0.4112707
0.41494003
0.41989532
0.42660946
0.43572572
0.44785577
