0.44269216
0.43222356
0.4243738
0.41846547
0.41405436
0.41079536
0.4084017
0.4066339
0.40533152
0.40437627
0.4036725
0.40315264
0.40276703
0.4024789
0.40226138
0.40209523
0.40196693
0.401867
0.40178883
0.4017278
0.40168062
0.40164486
0.40161854
0.40160006
0.4015881
0.40158153
0.401579
0.40157956
0.40158224
0.40158632
0.40159145
0.40159705
0.4016026
0.40160754
0.40161097
0.40161234
0.4016115
0.40160865
0.4016044
0.4015997
0.4015955
0.40159246
0.40159127
0.40159217
0.4015949
0.40159887
0.40160307
0.40160656
0.40160832
0.40160793
0.40160546
0.40160143
0.4015966
0.4015917
0.40158752
0.4015846
0.4015834
0.40158427
0.40158752
0.4015934
0.4016019
0.40161285
0.4016259
0.40164065
0.40165666
0.4016736
0.40169102
0.40170842
0.40172508
0.40174022
0.40175274
0.4017619
0.40176722
0.40176842
0.40176576
0.40175983
0.40175155
0.40174183
0.40173185
0.4017227
0.40171543
0.40171057
0.40170813
0.40170744
0.4017076
0.40170768
0.40170717
0.40170598
0.4017041
0.4017018
0.4016993
0.40169662
0.40169382
0.40169114
0.40168902
0.40168804
0.40168875
0.40169165
0.4016965
0.4017031
0.40171048
0.40171775
0.4017242
0.4017293
0.40173286
0.40173504
0.4017363
0.40173733
0.40173888
0.40174147
0.40174517
0.4017497
0.40175447
0.4017584
0.40176046
0.40175968
0.4017554
0.40174714
0.4017348
0.40171894
0.4017004
0.4016802
0.40165964
0.40163973
0.4016214
0.40160525
0.40159145
0.4015801
0.40157118
0.40156493
0.40156138
0.40156054
0.40156236
0.4015666
0.40157312
0.40158185
0.40159282
0.4016059
0.4016208
0.40163708
0.40165403
0.40167078
0.40168616
0.40169924
0.40170938
0.40171632
0.4017204
0.40172237
0.40172365
0.40172568
0.4017298
0.40173665
0.4017467
0.40175962
0.4017748
0.4017914
0.40180838
0.4018246
0.4018393
0.40185168
0.4018611
0.40186715
0.40186942
0.40186775
0.40186226
0.40185323
0.40184116
0.40182647
0.40180975
0.40179116
0.40177074
0.4017486
0.40172493
0.40170035
0.40167594
0.40165263
0.40163147
0.4016132
0.4015981
0.40158606
0.40157685
0.40157002
0.40156513
0.40156198
0.4015602
0.40155938
0.40155903
0.40155855
0.40155753
0.40155575
0.40155354
0.40155137
0.40155023
0.40155086
0.401554
0.4015599
0.40156853
0.40157956
0.40159217
0.40160534
0.40161774
0.4016282
0.4016358
0.40164003
0.4016408
0.4016387
0.40163404
0.40162754
0.40161943
0.40161005
0.40159962
0.4015884
0.40157658
0.40156445
0.4015525
0.40154162
0.4015325
0.4015259
0.40152255
0.4015227
0.4015267
0.40153432
0.4015454
0.40155974
0.40157694
0.4015964
0.40161717
0.40163842
0.40165895
0.40167767
0.4016933
0.40170506
0.40171242
0.40171516
0.4017136
0.40170813
0.40169963
0.40168914
0.40167788
0.40166673
0.40165633
0.40164685
0.40163827
0.40163
0.40162137
0.40161157
0.40160015
0.40158692
0.4015723
0.40155685
0.40154138
0.40152687
0.40151417
0.40150443
0.40149862
0.40149742
0.40150142
0.40151063
0.4015248
0.40154353
0.40156573
0.40159056
0.40161717
0.40164444
0.4016712
0.4016961
0.4017176
0.40173456
0.40174592
0.40175137
0.40175077
0.40174472
0.40173396
0.40171966
0.40170294
0.4016851
0.40166703
0.40164962
0.40163347
0.40161943
0.4016081
0.40159988
0.4015951
0.40159377
0.40159568
0.40160027
0.40160656
0.40161344
0.40161973
0.40162423
0.40162575
0.40162352
0.40161714
0.4016068
0.40159303
0.40157682
0.40155917
0.40154123
0.40152374
0.40150735
0.4014926
0.40147963
0.40146866
0.40145957
0.40145236
0.40144688
0.40144295
0.40144056
0.4014398
0.40144086
0.40144405
0.40144968
0.40145788
0.40146855
0.40148124
0.40149546
0.4015107
0.4015265
0.40154248
0.40155807
0.4015728
0.40158594
0.4015973
0.40160662
0.4016143
0.40162092
0.40162697
0.40163276
0.40163836
0.40164334
0.4016471
0.40164894
0.40164846
0.40164536
0.40164
0.40163308
0.40162572
0.40161884
0.40161338
0.40161
0.40160903
0.40161058
0.40161464
0.40162116
0.4016302
0.40164167
0.40165538
0.4016709
0.40168738
0.40170377
0.40171883
0.40173143
0.40174055
0.40174517
0.40174472
0.40173903
0.40172827
0.4017133
0.40169516
0.40167525
0.40165505
0.40163597
0.40161934
0.40160593
0.4015964
0.40159068
0.40158847
0.40158898
0.40159118
0.40159392
0.40159592
0.40159595
0.4015933
0.40158752
0.4015788
0.40156764
0.4015548
0.40154105
0.40152723
0.40151393
0.4015017
0.40149093
0.40148216
0.40147588
0.40147242
0.40147182
0.4014739
0.4014783
0.4014842
0.40149093
0.40149766
0.4015036
0.40150854
0.40151253
0.40151614
0.4015201
0.4015248
0.40153056
0.4015373
0.40154466
0.4015519
0.4015586
0.40156394
0.40156737
0.4015683
0.4015666
0.40156242
0.40155602
0.40154782
0.40153837
0.40152842
0.40151867
0.40150946
0.40150118
0.40149376
0.40148732
0.40148205
0.40147763
0.40147385
0.4014706
0.40146777
0.4014653
0.40146318
0.40146127
0.40145975
0.40145883
0.40145895
0.40146068
0.40146455
0.4014712
0.40148115
0.40149453
0.40151116
0.40153047
0.40155146
0.40157297
0.40159354
0.40161172
0.40162653
0.40163738
0.4016443
0.40164757
0.4016477
0.40164515
0.40164033
0.40163332
0.4016247
0.40161532
0.40160587
0.40159702
0.4015892
0.40158245
0.401577
0.40157276
0.40156966
0.40156773
0.401567
0.40156755
0.4015695
0.40157297
0.40157804
0.40158442
0.4015921
0.4016008
0.40161017
0.40161943
0.40162772
0.4016343
0.40163833
0.40163955
0.40163812
0.40163475
0.40163037
0.40162587
0.4016219
0.40161872
0.40161645
0.40161476
0.40161344
0.40161234
0.40161133
0.4016104
0.40160936
0.40160832
0.40160745
0.40160725
0.40160817
0.40161085
0.401616
0.40162405
0.40163505
0.4016489
0.40166494
0.40168223
0.40169972
0.40171647
0.40173164
0.40174472
0.40175566
0.40176502
0.40177357
0.40178216
0.40179178
0.4018029
0.40181562
0.40182948
0.40184343
0.40185624
0.4018669
0.40187448
0.40187818
0.4018775
0.40187213
0.40186235
0.4018483
0.40183055
0.40180996
0.40178743
0.4017641
0.4017411
0.40171945
0.40170026
0.40168422
0.40167156
0.4016621
0.40165538
0.4016505
0.40164676
0.40164366
0.40164113
0.40163904
0.40163732
0.40163577
0.4016343
0.40163264
0.4016307
0.4016284
0.40162614
0.40162438
0.40162367
0.40162444
0.40162712
0.40163162
0.4016376
0.4016442
0.40165037
0.40165505
0.40165764
0.40165785
0.40165597
0.40165254
0.40164825
0.4016436
0.4016388
0.40163386
0.40162846
0.4016224
0.40161508
0.4016062
0.40159586
0.40158457
0.40157294
0.4015618
0.4015519
0.4015438
0.40153763
0.40153348
0.40153107
0.40153027
0.40153113
0.4015337
0.40153813
0.4015442
0.40155166
0.40156013
0.40156916
0.4015784
0.40158725
0.40159535
0.40160242
0.40160847
0.4016135
0.4016175
0.4016202
0.40162122
0.40162045
0.4016179
0.40161395
0.4016093
0.40160477
0.40160134
0.40159985
0.4016009
0.40160468
0.40161118
0.4016199
0.40162995
0.40164003
0.4016488
0.40165508
0.40165776
0.40165615
0.40164983
0.40163898
0.40162438
0.40160716
0.40158847
0.40156955
0.40155134
0.40153447
0.40151903
0.4015051
0.4014923
0.4014804
0.40146923
0.40145886
0.40144938
0.4014409
0.40143347
0.40142718
0.40142214
0.4014185
0.4014167
0.40141705
0.40141997
0.40142548
0.40143374
0.4014446
0.40145782
0.40147313
0.40149015
0.40150887
0.40152898
0.40155038
0.4015731
0.40159693
0.40162173
0.4016469
0.40167195
0.40169623
0.40171924
0.40174052
0.40175915
0.40177417
0.40178448
0.4017893
0.4017881
0.40178072
0.40176758
0.4017492
0.40172648
0.40170065
0.40167275
0.40164366
0.40161452
0.40158615
0.4015594
0.40153515
0.40151387
0.40149617
0.40148237
0.40147245
0.40146625
0.40146336
0.40146342
0.40146616
0.40147144
0.40147918
0.40148956
0.40150255
0.40151808
0.40153605
0.4015562
0.40157825
0.4016016
0.40162563
0.40164948
0.40167192
0.40169173
0.40170786
0.40171933
0.40172568
0.40172678
0.40172297
0.40171522
0.40170458
0.40169233
0.4016797
0.40166774
0.40165725
0.4016489
0.40164334
0.40164077
0.40164134
0.40164453
0.40164965
0.4016557
0.40166166
0.4016668
0.40167108
0.40167484
0.4016791
0.401685
0.40169367
0.40170583
0.4017217
0.40174055
0.40176123
0.40178236
0.4018025
0.40182024
0.4018345
0.40184456
0.40184984
0.40185028
0.40184608
0.4018374
0.4018246
0.40180802
0.40178832
0.40176633
0.40174296
0.40171972
0.40169832
0.40168098
0.40167013
0.4016685
0.4016789
0.4017047
0.40175012
0.40182066
0.40192395
0.40207052
0.40227586
0.40256107
0.40295422
0.40349558
0.40424162
0.40526918
0.4066838
0.40862706
0.41131967
0.41498628
0.41993678
0.42664433
0.43575317
0.44787568
