0.4426878
0.43221724
0.4243651
0.41845378
0.4140389
0.41077554
0.40837738
0.4066053
0.40529943
0.40434211
0.40363845
0.40312195
0.40274367
0.40246767
0.40226766
0.4021245
0.40202397
0.4019552
0.40190956
0.40188038
0.40186203
0.40185025
0.40184143
0.40183306
0.40182322
0.40181088
0.4017956
0.4017774
0.40175676
0.4017345
0.40171182
0.4016903
0.4016715
0.40165666
0.40164667
0.40164164
0.4016414
0.40164515
0.40165162
0.40165913
0.4016658
0.40166995
0.4016705
0.40166646
0.40165797
0.40164518
0.401629
0.40161064
0.40159142
0.40157247
0.40155485
0.40153953
0.40152726
0.40151867
0.4015142
0.4015142
0.40151894
0.40152842
0.4015424
0.40156016
0.4015807
0.4016026
0.4016243
0.40164384
0.40165964
0.4016704
0.4016754
0.40167472
0.40166885
0.40165913
0.40164685
0.4016336
0.40162057
0.40160868
0.40159827
0.40158936
0.40158153
0.40157408
0.4015666
0.40155888
0.4015512
0.40154418
0.4015385
0.40153477
0.40153357
0.40153506
0.4015394
0.40154618
0.40155485
0.40156454
0.40157422
0.40158302
0.4015903
0.40159586
0.4016001
0.40160388
0.40160817
0.40161404
0.40162218
0.40163314
0.401647
0.40166366
0.4016829
0.40170452
0.4017279
0.40175235
0.4017768
0.4018002
0.40182137
0.4018393
0.40185338
0.40186334
0.40186912
0.4018708
0.4018686
0.40186298
0.40185443
0.40184417
0.40183324
0.40182295
0.4018146
0.40180928
0.40180734
0.4018089
0.40181297
0.4018184
0.40182382
0.40182793
0.40182966
0.40182823
0.40182313
0.40181398
0.4018007
0.4017834
0.40176257
0.401739
0.40171376
0.4016877
0.40166163
0.40163597
0.4016114
0.40158817
0.40156677
0.40154737
0.40152988
0.40151381
0.40149876
0.40148434
0.4014705
0.4014578
0.4014469
0.4014385
0.40143314
0.40143123
0.40143284
0.40143788
0.40144613
0.4014572
0.40147093
0.4014873
0.40150654
0.4015289
0.4015545
0.40158305
0.40161386
0.40164548
0.40167654
0.40170538
0.40173048
0.4017509
0.40176564
0.4017746
0.40177792
0.40177596
0.40176952
0.4017593
0.4017462
0.40173137
0.4017161
0.40170184
0.40168995
0.4016813
0.4016766
0.40167603
0.40167964
0.40168685
0.40169683
0.4017084
0.40171984
0.40173003
0.40173784
0.40174252
0.40174347
0.40174058
0.4017339
0.40172356
0.4017102
0.40169448
0.4016774
0.40165988
0.4016427
0.40162617
0.40161037
0.40159512
0.40158
0.40156457
0.40154856
0.40153217
0.40151596
0.40150073
0.4014877
0.40147766
0.4014712
0.4014688
0.40147048
0.40147617
0.40148517
0.40149683
0.40151018
0.4015243
0.40153846
0.40155214
0.40156513
0.40157774
0.4015906
0.40160456
0.40162048
0.40163895
0.40166
0.4016831
0.40170714
0.40173075
0.4017525
0.40177116
0.40178597
0.40179607
0.40180117
0.40180102
0.40179577
0.40178558
0.4017709
0.4017523
0.4017307
0.40170708
0.40168253
0.40165806
0.4016346
0.4016126
0.4015926
0.40157512
0.40156063
0.40154967
0.4015421
0.40153763
0.40153578
0.40153578
0.4015368
0.40153843
0.40154046
0.4015431
0.40154672
0.4015517
0.40155804
0.4015656
0.4015736
0.40158123
0.4015872
0.40159044
0.40159032
0.40158674
0.40158027
0.401572
0.40156308
0.40155506
0.4015491
0.40154648
0.4015483
0.4015555
0.4015688
0.40158817
0.4016131
0.40164247
0.40167472
0.40170768
0.40173927
0.4017675
0.40179068
0.40180784
0.40181857
0.40182295
0.4018216
0.40181538
0.40180543
0.4017929
0.40177915
0.40176514
0.40175185
0.40173966
0.40172842
0.40171745
0.4017058
0.4016925
0.40167698
0.4016589
0.40163836
0.40161595
0.40159252
0.40156934
0.40154737
0.40152758
0.40151083
0.4014975
0.40148783
0.40148154
0.4014782
0.40147695
0.40147698
0.40147737
0.40147713
0.40147597
0.40147358
0.40147033
0.40146658
0.40146285
0.40145975
0.4014577
0.40145707
0.40145797
0.40146026
0.40146354
0.40146756
0.40147203
0.40147653
0.40148085
0.4014846
0.40148732
0.4014887
0.40148827
0.40148625
0.40148306
0.4014794
0.4014763
0.40147442
0.40147448
0.40147668
0.40148133
0.40148845
0.40149784
0.40150887
0.40152067
0.4015325
0.40154344
0.40155303
0.40156108
0.4015675
0.4015722
0.40157482
0.40157488
0.40157178
0.4015653
0.40155566
0.40154362
0.4015302
0.40151656
0.40150344
0.4014918
0.40148205
0.40147454
0.40146923
0.40146616
0.4014653
0.40146652
0.40146977
0.40147516
0.4014829
0.40149304
0.40150562
0.40152064
0.40153804
0.40155753
0.4015788
0.40160125
0.4016245
0.40164798
0.40167138
0.40169412
0.40171537
0.40173408
0.40174925
0.40176025
0.4017667
0.4017689
0.40176722
0.40176278
0.4017568
0.40175048
0.40174505
0.4017412
0.40173927
0.40173918
0.4017407
0.40174368
0.40174797
0.40175346
0.40176007
0.40176746
0.40177503
0.40178204
0.40178788
0.40179208
0.40179428
0.4017945
0.40179285
0.4017896
0.40178508
0.40177944
0.4017728
0.401765
0.40175575
0.4017447
0.4017316
0.40171665
0.40170026
0.40168327
0.40166676
0.4016519
0.40163973
0.40163124
0.40162656
0.40162554
0.40162745
0.40163147
0.4016366
0.4016424
0.4016488
0.4016561
0.40166467
0.4016746
0.4016859
0.4016981
0.4017107
0.40172252
0.4017327
0.40173995
0.40174353
0.40174294
0.40173814
0.40172943
0.40171742
0.40170297
0.40168715
0.4016709
0.40165505
0.40163967
0.40162504
0.40161103
0.4015972
0.40158328
0.40156916
0.40155506
0.40154132
0.4015285
0.40151712
0.40150735
0.40149954
0.40149376
0.40148988
0.4014881
0.4014882
0.40149033
0.4014944
0.4015003
0.40150765
0.40151596
0.4015247
0.40153322
0.401541
0.40154737
0.4015518
0.40155387
0.4015538
0.401552
0.40154943
0.4015471
0.40154594
0.40154696
0.40155074
0.401558
0.40156886
0.40158305
0.4016002
0.4016193
0.40163884
0.4016575
0.4016738
0.4016866
0.4016953
0.40170005
0.4017013
0.4017001
0.4016976
0.401695
0.40169314
0.40169224
0.40169206
0.40169218
0.40169188
0.401691
0.4016894
0.40168712
0.40168405
0.40167996
0.40167448
0.40166688
0.4016568
0.4016442
0.40162933
0.4016129
0.40159577
0.4015788
0.40156284
0.4015482
0.4015351
0.4015233
0.40151235
0.40150177
0.4014914
0.40148115
0.4014712
0.40146175
0.40145344
0.4014469
0.40144274
0.40144154
0.4014437
0.4014491
0.4014576
0.40146875
0.40148148
0.40149492
0.40150794
0.40151936
0.40152848
0.40153491
0.40153882
0.40154094
0.40154213
0.40154335
0.40154532
0.40154848
0.401553
0.40155897
0.4015663
0.40157452
0.40158305
0.40159136
0.40159878
0.40160498
0.40160975
0.4016132
0.40161556
0.40161705
0.40161765
0.4016174
0.40161625
0.40161386
0.40161043
0.40160578
0.40160018
0.40159416
0.40158814
0.40158284
0.40157908
0.40157768
0.40157956
0.40158552
0.40159598
0.4016111
0.4016307
0.4016539
0.4016794
0.4017056
0.40173057
0.40175256
0.40177014
0.4017823
0.4017886
0.40178898
0.40178382
0.40177384
0.40175992
0.40174314
0.4017247
0.40170565
0.40168706
0.40166947
0.40165323
0.4016382
0.4016241
0.40161085
0.40159822
0.40158606
0.40157443
0.40156317
0.40155244
0.4015423
0.4015328
0.4015238
0.40151492
0.4015059
0.40149644
0.40148646
0.4014763
0.40146625
0.40145692
0.40144876
0.401442
0.4014372
0.40143475
0.401435
0.40143788
0.4014436
0.4014521
0.40146333
0.40147722
0.40149343
0.4015114
0.4015308
0.40155098
0.40157142
0.40159178
0.40161157
0.4016301
0.40164664
0.40166065
0.40167168
0.40167978
0.40168554
0.40168977
0.40169328
0.40169677
0.40170035
0.4017037
0.40170604
0.40170658
0.40170476
0.40170026
0.40169325
0.4016841
0.40167326
0.401661
0.40164745
0.40163264
0.40161642
0.4015993
0.40158165
0.40156454
0.40154925
0.40153703
0.4015292
0.40152663
0.40152988
0.401539
0.40155354
0.4015725
0.40159464
0.4016184
0.40164188
0.40166304
0.40168026
0.40169227
0.40169844
0.40169874
0.4016937
0.40168422
0.40167177
0.4016577
0.40164328
0.40162933
0.40161645
0.40160456
0.4015934
0.40158257
0.40157148
0.40155974
0.40154707
0.4015335
0.4015191
0.40150416
0.40148872
0.40147293
0.40145704
0.4014413
0.4014263
0.4014123
0.4013996
0.4013883
0.40137836
0.4013695
0.4013617
0.40135467
0.40134835
0.40134278
0.40133828
0.40133494
0.4013331
0.40133315
0.40133536
0.4013402
0.40134794
0.40135872
0.4013726
0.40138963
0.40140942
0.4014316
0.4014554
0.40147984
0.40150374
0.40152583
0.401545
0.40156052
0.401572
0.4015794
0.40158284
0.40158254
0.40157884
0.40157247
0.4015641
0.4015547
0.4015448
0.4015351
0.40152588
0.40151733
0.4015093
0.40150177
0.4014946
0.4014876
0.40148088
0.4014743
0.40146774
0.40146115
0.4014545
0.40144795
0.40144175
0.4014363
0.401432
0.4014291
0.40142772
0.40142795
0.40142986
0.40143326
0.40143797
0.40144345
0.40144914
0.40145442
0.40145856
0.40146112
0.40146166
0.4014602
0.4014571
0.40145326
0.40144962
0.40144706
0.40144634
0.4014483
0.40145326
0.40146148
0.4014729
0.40148705
0.40150315
0.4015197
0.40153536
0.4015484
0.4015571
0.40156034
0.40155745
0.40154856
0.40153432
0.40151605
0.40149564
0.401475
0.40145573
0.40143907
0.40142602
0.4014169
0.40141183
0.40141055
0.40141276
0.40141815
0.4014263
0.40143695
0.40144983
0.40146443
0.4014805
0.40149742
0.40151516
0.40153334
0.4015518
0.40157
0.40158734
0.4016029
0.40161562
0.40162465
0.40162957
0.40163052
0.401628
0.40162292
0.40161633
0.401609
0.40160164
0.40159458
0.40158802
0.40158188
0.40157607
0.40157077
0.40156618
0.40156254
0.4015602
0.40155932
0.4015602
0.4015629
0.40156752
0.4015738
0.4015815
0.40159023
0.40159988
0.40160987
0.40161985
0.4016296
0.40163842
0.40164587
0.4016513
0.4016541
0.40165406
0.4016513
0.4016463
0.4016399
0.40163308
0.40162665
0.40162107
0.40161648
0.40161303
0.4016104
0.40160832
0.4016071
0.40160698
0.40160835
0.40161178
0.40161738
0.40162498
0.40163413
0.4016439
0.40165335
0.40166152
0.40166783
0.40167233
0.4016755
0.4016784
0.40168226
0.40168807
0.40169668
0.4017083
0.4017228
0.40173933
0.40175655
0.40177307
0.40178737
0.40179822
0.40180448
0.4018053
0.40180048
0.40179005
0.4017745
0.40175474
0.4017319
0.40170738
0.40168253
0.40165848
0.40163597
0.40161577
0.4015979
0.401582
0.4015677
0.40155435
0.40154174
0.4015301
0.4015198
0.40151167
0.40150636
0.40150434
0.4015058
0.40151075
0.40151876
0.40152925
0.40154156
0.40155488
0.4015683
0.40158093
0.40159193
0.401601
0.40160802
0.40161338
0.4016174
0.40162045
0.40162277
0.4016242
0.40162453
0.40162364
0.40162152
0.4016186
0.40161553
0.4016132
0.40161228
0.4016135
0.40161732
0.4016238
0.40163326
0.40164584
0.4016616
0.4016806
0.40170252
0.40172672
0.40175223
0.40177765
0.40180182
0.40182367
0.40184242
0.40185782
0.40186957
0.40187764
0.40188193
0.40188217
0.40187824
0.40187007
0.40185767
0.40184113
0.40182072
0.40179697
0.4017704
0.40174198
0.40171275
0.40168378
0.40165642
0.40163162
0.40161029
0.40159303
0.40157998
0.401571
0.40156576
0.4015635
0.40156332
0.40156427
0.40156573
0.40156737
0.4015689
0.40157026
0.40157163
0.4015729
0.40157428
0.4015757
0.40157697
0.40157804
0.4015788
0.401579
0.40157852
0.40157717
0.40157533
0.40157297
0.40157062
0.4015683
0.40156633
0.40156475
0.4015639
0.40156403
0.40156546
0.4015682
0.40157196
0.40157613
0.40157992
0.40158245
0.40158308
0.40158165
0.40157858
0.4015748
0.40157118
0.4015689
0.40156898
0.4015723
0.4015794
0.40159056
0.40160543
0.40162352
0.40164384
0.40166545
0.40168715
0.40170786
0.4017268
0.40174398
0.40175974
0.40177575
0.4017947
0.4018205
0.40185836
0.40191522
0.4020002
0.4021254
0.40230724
0.40257013
0.40294287
0.4034669
0.4041996
0.40521836
0.40662882
0.40857187
0.41126785
0.4149398
0.41989693
0.42661226
0.43572864
0.4478582
