0.44266078
0.4321821
0.42432323
0.4184064
0.4139874
0.4107209
0.40832055
0.4065462
0.40523693
0.40427467
0.40356365
0.40303686
0.40264472
0.4023512
0.40213
0.40196234
0.40183458
0.40173706
0.40166265
0.40160617
0.40156385
0.40153307
0.40151218
0.40149993
0.40149546
0.40149784
0.40150642
0.40152013
0.40153778
0.40155807
0.40157992
0.401602
0.40162373
0.40164468
0.40166485
0.40168452
0.4017038
0.40172255
0.4017401
0.40175566
0.40176836
0.4017774
0.40178236
0.40178332
0.40178072
0.4017755
0.40176877
0.40176138
0.40175375
0.40174592
0.40173706
0.40172628
0.40171292
0.4016966
0.40167746
0.40165645
0.40163463
0.4016132
0.4015935
0.40157658
0.40156317
0.4015539
0.40154925
0.4015493
0.40155432
0.40156427
0.4015789
0.40159804
0.40162107
0.40164733
0.40167555
0.40170446
0.40173277
0.40175918
0.40178287
0.4018031
0.40181947
0.40183157
0.40183914
0.401842
0.40183985
0.4018326
0.40182024
0.4018027
0.40178013
0.40175313
0.40172237
0.4016888
0.40165374
0.40161863
0.40158483
0.40155357
0.4015259
0.40150264
0.40148446
0.40147167
0.4014647
0.4014635
0.40146807
0.40147802
0.4014929
0.40151203
0.40153474
0.4015601
0.40158695
0.40161386
0.4016393
0.4016623
0.40168175
0.40169737
0.40170878
0.40171582
0.40171847
0.4017165
0.40170935
0.40169668
0.40167832
0.40165466
0.40162644
0.40159482
0.40156138
0.40152764
0.40149525
0.40146548
0.40143937
0.4014174
0.40139973
0.4013862
0.4013766
0.4013704
0.401367
0.40136588
0.4013665
0.40136853
0.40137157
0.40137535
0.40137976
0.4013845
0.40138927
0.40139356
0.40139717
0.40139982
0.40140173
0.40140337
0.40140507
0.40140727
0.4014102
0.40141407
0.4014191
0.40142533
0.4014331
0.40144244
0.40145352
0.40146634
0.40148053
0.40149558
0.40151075
0.4015249
0.40153688
0.4015457
0.40155044
0.40155077
0.4015467
0.4015389
0.4015282
0.40151584
0.40150297
0.4014906
0.40147966
0.40147072
0.40146422
0.40146014
0.4014583
0.40145844
0.4014604
0.40146396
0.40146878
0.4014746
0.40148094
0.40148735
0.40149343
0.40149868
0.40150306
0.40150672
0.40151018
0.401514
0.40151858
0.40152445
0.40153182
0.40154073
0.40155113
0.4015628
0.40157554
0.4015893
0.4016041
0.4016196
0.40163538
0.40165085
0.40166488
0.40167683
0.40168625
0.4016932
0.4016982
0.4017018
0.4017046
0.40170705
0.40170914
0.40171078
0.40171176
0.40171197
0.40171143
0.4017106
0.40171006
0.40171063
0.401713
0.40171725
0.40172327
0.40173003
0.4017366
0.40174162
0.40174443
0.40174446
0.40174168
0.40173662
0.40173003
0.40172297
0.4017165
0.4017112
0.40170744
0.4017051
0.40170366
0.4017028
0.40170226
0.40170208
0.40170223
0.40170297
0.40170422
0.4017058
0.40170693
0.4017073
0.40170616
0.40170318
0.40169832
0.40169173
0.40168405
0.40167594
0.40166825
0.4016617
0.40165672
0.40165368
0.40165263
0.4016539
0.40165767
0.40166432
0.40167397
0.4016863
0.40170076
0.40171626
0.40173158
0.40174532
0.40175626
0.40176317
0.40176517
0.4017618
0.401753
0.40173918
0.401721
0.4016997
0.40167657
0.40165326
0.4016312
0.40161148
0.40159512
0.40158275
0.4015746
0.40157086
0.40157095
0.40157443
0.4015806
0.40158874
0.4015984
0.4016089
0.40161976
0.4016301
0.40163943
0.4016476
0.40165475
0.4016612
0.40166736
0.40167347
0.4016794
0.401685
0.40168977
0.40169325
0.40169498
0.4016943
0.4016907
0.4016839
0.4016738
0.40166092
0.401646
0.4016299
0.40161332
0.4015968
0.4015805
0.4015643
0.4015483
0.40153277
0.40151802
0.40150443
0.40149257
0.40148282
0.40147552
0.40147072
0.40146825
0.4014677
0.4014687
0.40147093
0.4014742
0.40147808
0.40148252
0.40148747
0.40149304
0.4014998
0.40150815
0.40151852
0.40153113
0.4015457
0.40156147
0.40157732
0.40159193
0.4016039
0.4016118
0.401615
0.40161312
0.4016066
0.40159622
0.40158305
0.40156826
0.4015529
0.40153787
0.40152377
0.40151092
0.4014995
0.4014894
0.4014804
0.40147245
0.40146542
0.40145904
0.40145344
0.40144858
0.4014445
0.40144107
0.40143818
0.40143582
0.4014337
0.40143156
0.40142912
0.40142635
0.4014234
0.40142083
0.4014193
0.40141952
0.40142202
0.4014272
0.40143505
0.40144557
0.40145853
0.40147358
0.40149045
0.4015086
0.40152737
0.401546
0.40156373
0.4015799
0.40159422
0.40160662
0.40161687
0.40162483
0.40163037
0.40163377
0.40163526
0.4016352
0.4016341
0.40163276
0.40163222
0.4016333
0.40163633
0.40164134
0.40164793
0.40165547
0.4016633
0.40167102
0.40167856
0.40168616
0.4016943
0.40170315
0.4017128
0.40172297
0.40173304
0.40174234
0.40175018
0.4017559
0.40175933
0.40176034
0.40175915
0.4017558
0.4017503
0.40174246
0.4017322
0.4017192
0.401703
0.4016835
0.40166092
0.4016358
0.4016089
0.40158135
0.40155378
0.40152723
0.40150213
0.40147918
0.40145883
0.40144134
0.40142694
0.40141582
0.40140814
0.4014038
0.4014028
0.40140522
0.4014109
0.40141982
0.40143192
0.40144736
0.40146592
0.4014876
0.40151247
0.40154016
0.40157008
0.4016013
0.4016325
0.40166238
0.4016896
0.40171334
0.4017327
0.40174744
0.40175763
0.40176335
0.4017653
0.40176454
0.40176225
0.40175956
0.40175745
0.40175617
0.40175566
0.40175545
0.4017548
0.4017529
0.40174907
0.4017428
0.40173364
0.40172166
0.4017073
0.40169117
0.40167424
0.4016575
0.40164202
0.40162873
0.4016179
0.40160948
0.40160313
0.4015985
0.40159532
0.40159345
0.40159294
0.40159371
0.40159547
0.40159762
0.40159914
0.40159902
0.401596
0.40158966
0.40157947
0.40156597
0.4015497
0.4015318
0.40151337
0.40149564
0.40147966
0.40146634
0.40145653
0.40145084
0.4014495
0.4014525
0.40145975
0.40147087
0.40148562
0.4015033
0.40152335
0.4015448
0.4015666
0.40158734
0.40160578
0.40162048
0.40163025
0.4016349
0.4016343
0.40162933
0.40162122
0.40161127
0.40160075
0.40159073
0.40158203
0.40157506
0.40156975
0.40156597
0.40156314
0.4015609
0.4015594
0.40155905
0.40156028
0.40156367
0.4015695
0.40157795
0.40158847
0.4016002
0.40161192
0.40162188
0.40162885
0.40163162
0.40162954
0.4016226
0.4016113
0.40159678
0.40158057
0.40156427
0.4015492
0.40153617
0.40152583
0.40151805
0.40151253
0.40150854
0.4015052
0.40150177
0.4014978
0.40149298
0.40148768
0.4014822
0.40147707
0.4014724
0.4014684
0.4014652
0.40146273
0.40146127
0.40146095
0.40146232
0.40146574
0.4014715
0.40147975
0.40149042
0.40150324
0.40151775
0.4015333
0.40154904
0.40156418
0.4015781
0.4015904
0.4016008
0.401609
0.4016145
0.40161687
0.40161577
0.40161145
0.4016045
0.4015957
0.40158597
0.40157622
0.40156752
0.40156078
0.40155658
0.40155515
0.40155646
0.40156004
0.40156522
0.40157086
0.40157565
0.40157852
0.4015784
0.40157497
0.40156826
0.40155873
0.40154725
0.40153491
0.40152264
0.4015115
0.4015024
0.4014961
0.40149307
0.40149346
0.40149736
0.4015046
0.40151495
0.401528
0.40154353
0.4015613
0.40158096
0.40160218
0.40162414
0.40164587
0.401666
0.4016832
0.4016965
0.40170494
0.4017083
0.40170667
0.40170068
0.40169147
0.40168053
0.40166947
0.4016597
0.40165204
0.40164694
0.40164393
0.40164232
0.40164095
0.40163848
0.4016338
0.40162632
0.40161595
0.40160322
0.40158907
0.40157467
0.40156093
0.40154877
0.40153867
0.4015308
0.40152544
0.40152225
0.40152135
0.40152252
0.40152565
0.40153044
0.40153664
0.4015437
0.40155098
0.40155762
0.40156287
0.40156633
0.40156797
0.40156808
0.40156743
0.40156686
0.4015672
0.4015689
0.40157205
0.40157664
0.4015823
0.4015887
0.4015957
0.4016038
0.40161327
0.4016247
0.40163794
0.40165263
0.40166774
0.40168196
0.4016938
0.4017021
0.4017062
0.401706
0.40170217
0.4016958
0.4016884
0.40168175
0.40167716
0.40167552
0.40167698
0.40168095
0.40168625
0.40169114
0.40169403
0.4016935
0.4016886
0.40167904
0.40166482
0.40164667
0.4016257
0.40160328
0.4015809
0.40155977
0.4015409
0.40152484
0.40151203
0.40150255
0.40149644
0.40149367
0.40149415
0.40149796
0.40150493
0.40151474
0.40152693
0.40154073
0.40155518
0.4015692
0.4015817
0.40159178
0.40159878
0.40160263
0.4016038
0.40160272
0.40160033
0.4015971
0.40159357
0.40158963
0.4015854
0.4015807
0.40157577
0.40157098
0.40156674
0.40156344
0.40156138
0.40156052
0.40156075
0.40156192
0.40156406
0.40156755
0.40157261
0.40157968
0.40158877
0.40159947
0.40161118
0.40162268
0.40163276
0.40164
0.4016435
0.40164262
0.4016373
0.4016278
0.4016149
0.40159962
0.40158305
0.40156636
0.40155053
0.40153635
0.40152442
0.40151525
0.40150896
0.40150544
0.40150416
0.4015045
0.4015057
0.401507
0.4015079
0.40150827
0.4015079
0.40150723
0.40150645
0.40150616
0.4015069
0.4015094
0.4015146
0.40152362
0.40153822
0.4015602
0.4015919
0.40163636
0.4016976
0.40178108
0.40189403
0.40204662
0.40225452
0.40253803
0.40292594
0.40345934
0.40419546
0.40521222
0.40661615
0.40854993
0.4112354
0.41489875
0.41985062
0.42656466
0.43568605
0.44782543
