0.4425402
0.4320257
0.42413777
0.41819805
0.4137628
0.4104867
0.4080846
0.4063155
0.40501755
0.40407154
0.40338022
0.40287542
0.40250674
0.40223745
0.40204105
0.40189862
0.4017968
0.4017257
0.40167832
0.401649
0.40163326
0.40162736
0.40162817
0.40163317
0.40164036
0.40164846
0.40165693
0.4016655
0.4016741
0.40168276
0.40169123
0.40169922
0.401706
0.4017111
0.4017142
0.40171537
0.40171495
0.40171322
0.4017106
0.4017072
0.40170327
0.4016988
0.40169385
0.40168867
0.4016838
0.40167993
0.40167794
0.4016787
0.40168285
0.40169072
0.40170208
0.4017162
0.40173173
0.40174708
0.40176052
0.40177074
0.40177667
0.40177774
0.40177396
0.40176564
0.4017533
0.40173784
0.4017198
0.4016998
0.40167826
0.40165582
0.40163323
0.40161133
0.40159103
0.40157282
0.4015571
0.40154412
0.401534
0.40152645
0.40152153
0.40151936
0.40151992
0.4015232
0.40152916
0.40153763
0.4015481
0.40155986
0.40157247
0.40158513
0.4015971
0.40160742
0.4016152
0.40161976
0.40162086
0.40161863
0.40161362
0.40160665
0.40159836
0.40158948
0.40158087
0.40157288
0.40156573
0.40155935
0.40155324
0.4015471
0.4015403
0.40153235
0.4015231
0.4015123
0.40149996
0.40148625
0.40147164
0.40145645
0.4014415
0.40142742
0.40141484
0.40140414
0.40139568
0.40138954
0.40138572
0.40138423
0.40138486
0.40138757
0.4013922
0.40139893
0.4014079
0.4014192
0.401433
0.40144938
0.40146807
0.40148863
0.4015102
0.40153182
0.4015524
0.4015709
0.4015863
0.40159783
0.40160495
0.40160763
0.40160647
0.40160248
0.40159693
0.40159103
0.40158594
0.40158254
0.40158117
0.40158197
0.40158454
0.40158832
0.40159255
0.4015963
0.40159863
0.40159875
0.40159622
0.40159097
0.40158364
0.40157548
0.40156776
0.40156195
0.401559
0.40155932
0.4015629
0.40156925
0.40157744
0.40158665
0.40159628
0.4016064
0.40161738
0.40162992
0.40164477
0.40166217
0.401682
0.4017036
0.40172604
0.40174788
0.40176803
0.40178525
0.40179878
0.40180805
0.4018127
0.40181267
0.40180793
0.40179858
0.40178484
0.40176708
0.40174618
0.40172297
0.40169874
0.40167475
0.40165225
0.40163225
0.40161538
0.401602
0.40159243
0.40158653
0.40158442
0.40158585
0.40159044
0.40159747
0.40160596
0.4016146
0.40162206
0.40162727
0.4016295
0.4016286
0.40162504
0.40161973
0.40161368
0.401608
0.4016034
0.4016003
0.40159884
0.4015987
0.40159938
0.40160024
0.4016008
0.40160066
0.4015993
0.40159622
0.40159127
0.40158442
0.40157616
0.40156743
0.40155926
0.40155268
0.40154848
0.40154725
0.40154916
0.40155405
0.40156147
0.40157112
0.40158245
0.40159476
0.40160722
0.4016192
0.40163025
0.40163982
0.40164727
0.40165165
0.40165225
0.40164855
0.4016406
0.4016289
0.40161473
0.4015993
0.40158424
0.40157095
0.40156046
0.4015533
0.40154985
0.4015499
0.40155295
0.40155795
0.40156388
0.40156955
0.40157405
0.4015771
0.4015787
0.40157962
0.4015808
0.401583
0.40158692
0.4015932
0.4016019
0.40161285
0.40162557
0.4016394
0.4016534
0.40166646
0.40167764
0.40168595
0.40169108
0.40169275
0.40169132
0.40168723
0.40168086
0.4016724
0.40166193
0.4016495
0.40163505
0.40161884
0.40160134
0.4015832
0.40156534
0.40154868
0.40153387
0.4015215
0.4015117
0.4015045
0.4015
0.40149808
0.40149876
0.4015023
0.40150887
0.4015186
0.40153158
0.4015475
0.4015654
0.40158445
0.4016032
0.4016203
0.40163442
0.40164465
0.40165058
0.4016525
0.40165076
0.4016464
0.40164036
0.40163353
0.40162686
0.40162113
0.40161702
0.40161458
0.40161356
0.40161303
0.40161192
0.40160936
0.4016044
0.40159678
0.40158668
0.4015748
0.40156204
0.4015498
0.40153897
0.40153068
0.40152568
0.40152457
0.40152735
0.4015338
0.40154338
0.40155536
0.40156898
0.4015838
0.40159932
0.40161508
0.40163046
0.4016446
0.40165657
0.40166545
0.4016704
0.401671
0.4016675
0.40166032
0.40165046
0.40163893
0.40162694
0.4016155
0.4016055
0.4015976
0.4015922
0.40158945
0.40158966
0.4015927
0.4015985
0.4016068
0.401617
0.40162835
0.4016399
0.4016505
0.4016588
0.40166357
0.40166408
0.40165988
0.40165126
0.40163898
0.40162423
0.40160877
0.40159416
0.40158197
0.40157315
0.40156853
0.40156856
0.40157342
0.40158305
0.40159705
0.40161458
0.40163463
0.40165588
0.4016773
0.40169832
0.40171844
0.40173748
0.4017551
0.40177083
0.40178427
0.40179476
0.4018018
0.40180498
0.4018039
0.40179852
0.40178877
0.40177503
0.40175796
0.40173844
0.40171775
0.40169713
0.40167764
0.40166005
0.4016448
0.40163183
0.40162075
0.40161073
0.40160102
0.4015906
0.4015788
0.4015654
0.40155053
0.40153477
0.40151918
0.40150473
0.4014923
0.4014824
0.40147516
0.40147042
0.4014677
0.40146643
0.40146607
0.40146637
0.40146747
0.4014695
0.40147266
0.4014769
0.40148222
0.40148845
0.40149528
0.40150216
0.40150854
0.401514
0.4015185
0.4015224
0.40152642
0.40153122
0.40153748
0.40154558
0.40155584
0.40156797
0.4015818
0.401597
0.40161306
0.40162945
0.40164527
0.40165937
0.40167072
0.40167847
0.40168226
0.40168208
0.4016786
0.4016724
0.4016644
0.40165535
0.4016456
0.40163556
0.4016251
0.4016143
0.40160322
0.40159178
0.40158018
0.40156865
0.40155733
0.40154642
0.4015362
0.40152705
0.4015192
0.40151304
0.4015087
0.40150613
0.40150532
0.40150613
0.4015085
0.40151244
0.40151775
0.40152445
0.40153262
0.40154222
0.40155306
0.4015647
0.4015766
0.40158802
0.40159842
0.4016073
0.40161437
0.40161967
0.40162352
0.40162653
0.40162936
0.4016326
0.40163696
0.40164256
0.40164933
0.40165657
0.4016635
0.4016696
0.4016745
0.40167847
0.401682
0.40168563
0.40168977
0.4016944
0.4016991
0.40170312
0.40170556
0.40170568
0.40170285
0.40169698
0.4016885
0.40167794
0.40166667
0.40165594
0.40164706
0.40164098
0.4016382
0.4016388
0.40164247
0.40164852
0.4016562
0.40166458
0.40167263
0.40167925
0.40168387
0.40168568
0.40168452
0.4016803
0.40167332
0.401664
0.40165296
0.40164095
0.40162846
0.40161628
0.40160477
0.40159422
0.4015847
0.40157625
0.4015687
0.40156215
0.40155703
0.40155393
0.40155354
0.40155628
0.40156242
0.4015719
0.40158436
0.4015993
0.401616
0.40163356
0.40165094
0.4016671
0.4016808
0.40169072
0.401696
0.40169594
0.4016906
0.40168044
0.40166613
0.4016486
0.40162873
0.4016074
0.4015854
0.40156367
0.4015429
0.4015239
0.401507
0.40149257
0.40148067
0.4014712
0.40146378
0.401458
0.40145338
0.40144935
0.40144566
0.40144205
0.40143856
0.40143523
0.4014322
0.40142962
0.40142778
0.40142706
0.40142787
0.40143046
0.40143517
0.40144163
0.4014497
0.40145865
0.4014677
0.40147632
0.40148413
0.40149134
0.40149847
0.40150633
0.40151542
0.401526
0.4015383
0.40155202
0.4015665
0.40158108
0.4015946
0.40160602
0.40161407
0.40161753
0.40161574
0.40160862
0.40159678
0.40158126
0.40156364
0.40154558
0.40152875
0.4015146
0.40150416
0.40149835
0.40149733
0.40150115
0.40150917
0.40152058
0.40153417
0.40154868
0.40156242
0.4015738
0.40158162
0.40158528
0.40158495
0.40158126
0.4015752
0.40156788
0.4015602
0.40155306
0.40154737
0.40154362
0.40154222
0.40154296
0.40154555
0.4015492
0.40155318
0.40155667
0.40155908
0.40156
0.40155968
0.40155846
0.4015566
0.40155447
0.40155217
0.40154994
0.40154782
0.40154576
0.40154377
0.40154183
0.40153956
0.401537
0.4015342
0.40153137
0.40152913
0.4015279
0.40152842
0.40153098
0.4015357
0.40154234
0.40155038
0.4015591
0.4015681
0.401577
0.40158534
0.40159282
0.40159878
0.40160304
0.40160528
0.4016056
0.4016044
0.40160227
0.40159985
0.40159732
0.4015947
0.40159166
0.40158787
0.40158305
0.40157732
0.40157112
0.40156493
0.40155932
0.4015546
0.40155137
0.4015495
0.40154904
0.4015495
0.40155023
0.40155035
0.40154874
0.4015448
0.4015384
0.40152982
0.40152004
0.40151024
0.40150172
0.4014954
0.401492
0.40149185
0.40149504
0.40150136
0.40151042
0.40152165
0.40153462
0.40154842
0.4015623
0.40157554
0.4015876
0.40159824
0.40160763
0.40161595
0.40162346
0.40163016
0.40163592
0.40164027
0.40164286
0.40164348
0.40164247
0.40164
0.40163678
0.4016333
0.4016298
0.4016264
0.401623
0.4016193
0.401615
0.4016098
0.40160373
0.40159693
0.40158936
0.4015811
0.40157223
0.40156278
0.4015531
0.4015435
0.40153465
0.40152723
0.40152177
0.4015189
0.40151894
0.40152222
0.40152895
0.401539
0.40155205
0.40156776
0.40158528
0.40160373
0.40162244
0.40164095
0.40165907
0.4016768
0.40169412
0.40171063
0.40172556
0.40173814
0.40174755
0.40175286
0.4017537
0.40175003
0.40174216
0.40173107
0.40171784
0.40170342
0.40168872
0.40167433
0.40166065
0.40164787
0.40163627
0.40162635
0.4016185
0.40161347
0.40161163
0.40161303
0.4016173
0.40162367
0.40163115
0.40163845
0.4016442
0.4016473
0.40164703
0.40164313
0.40163592
0.401626
0.4016144
0.40160236
0.40159082
0.40158063
0.4015725
0.40156677
0.4015635
0.4015626
0.4015635
0.40156555
0.40156758
0.40156862
0.40156773
0.40156442
0.40155882
0.4015513
0.40154275
0.401534
0.40152568
0.40151834
0.40151227
0.40150747
0.40150416
0.40150237
0.40150228
0.40150407
0.40150782
0.40151364
0.40152168
0.4015319
0.4015444
0.40155882
0.4015745
0.40159035
0.40160516
0.40161753
0.4016265
0.40163186
0.40163368
0.40163293
0.40163076
0.4016287
0.401628
0.40162966
0.4016344
0.40164194
0.40165177
0.4016629
0.40167427
0.4016849
0.40169394
0.4017007
0.40170497
0.40170646
0.40170488
0.40169993
0.40169114
0.40167832
0.40166172
0.40164196
0.40162012
0.40159732
0.40157485
0.40155387
0.40153524
0.40151972
0.40150774
0.40149948
0.40149492
0.40149382
0.40149578
0.40150023
0.40150657
0.4015142
0.40152264
0.40153134
0.4015399
0.4015481
0.40155563
0.40156248
0.40156838
0.40157318
0.40157667
0.40157878
0.40157956
0.40157944
0.40157872
0.4015777
0.4015764
0.4015745
0.40157163
0.40156767
0.40156272
0.4015574
0.4015524
0.40154868
0.40154704
0.401548
0.4015519
0.40155855
0.4015675
0.40157804
0.40158918
0.40159974
0.40160912
0.40161705
0.40162396
0.40163082
0.40163854
0.40164828
0.40166047
0.40167493
0.4016908
0.40170673
0.40172112
0.4017322
0.40173867
0.4017395
0.40173432
0.40172324
0.4017069
0.40168676
0.40166414
0.40164092
0.40161833
0.40159744
0.40157878
0.40156275
0.40154973
0.40154028
0.40153506
0.4015344
0.4015385
0.40154704
0.40155932
0.40157428
0.4015906
0.40160662
0.40162107
0.40163267
0.40164095
0.4016459
0.40164804
0.40164796
0.40164623
0.401643
0.4016382
0.40163162
0.40162325
0.40161318
0.40160185
0.4015899
0.40157792
0.40156633
0.4015554
0.401545
0.40153474
0.4015244
0.40151367
0.40150255
0.40149084
0.40147862
0.40146604
0.40145338
0.4014412
0.40142992
0.40142024
0.40141225
0.4014062
0.40140215
0.4013998
0.40139908
0.40139994
0.40140262
0.40140736
0.4014146
0.4014245
0.4014372
0.40145272
0.40147096
0.4014917
0.40151456
0.40153882
0.4015638
0.40158862
0.40161234
0.40163407
0.4016528
0.40166798
0.40167934
0.40168712
0.401692
0.40169474
0.40169618
0.40169677
0.40169677
0.40169635
0.40169564
0.40169472
0.40169376
0.40169328
0.40169385
0.40169603
0.40170008
0.4017061
0.40171367
0.4017222
0.40173075
0.40173814
0.40174338
0.40174553
0.401744
0.4017386
0.4017296
0.4017178
0.40170425
0.40169036
0.4016775
0.40166697
0.40165988
0.40165725
0.40165946
0.4016665
0.4016779
0.4016926
0.40170905
0.40172562
0.40174055
0.4017525
0.4017603
0.40176335
0.40176138
0.40175465
0.40174347
0.40172878
0.40171158
0.40169293
0.40167418
0.40165627
0.40163997
0.40162566
0.40161344
0.40160334
0.40159532
0.40158954
0.4015862
0.4015856
0.40158772
0.40159252
0.40159985
0.40160933
0.40162078
0.40163413
0.40164933
0.40166637
0.40168533
0.40170583
0.40172732
0.4017488
0.4017689
0.4017861
0.40179932
0.40180743
0.40180972
0.401806
0.40179637
0.40178126
0.4017618
0.40173912
0.40171465
0.40168977
0.4016658
0.40164363
0.40162387
0.40160695
0.40159306
0.40158176
0.4015726
0.40156487
0.40155837
0.4015532
0.40154964
0.40154824
0.40154925
0.40155265
0.4015581
0.40156487
0.40157187
0.40157777
0.40158153
0.40158236
0.40158018
0.40157524
0.40156862
0.40156147
0.40155506
0.40155026
0.40154746
0.40154672
0.40154737
0.4015485
0.401549
0.4015478
0.40154406
0.40153736
0.4015279
0.4015163
0.40150368
0.40149125
0.40148
0.4014706
0.40146363
0.40145904
0.4014571
0.40145752
0.40146008
0.40146452
0.40147042
0.40147743
0.40148512
0.40149283
0.40150017
0.4015069
0.4015129
0.40151817
0.40152287
0.40152696
0.40153039
0.40153304
0.40153497
0.40153623
0.40153712
0.4015378
0.40153834
0.40153882
0.40153936
0.40153986
0.40154013
0.40154013
0.40153986
0.40153968
0.40153986
0.40154067
0.40154266
0.40154633
0.40155205
0.4015602
0.40157056
0.40158284
0.4015965
0.40161085
0.40162516
0.4016388
0.40165144
0.40166262
0.40167168
0.40167797
0.40168074
0.40167937
0.4016735
0.4016632
0.40164906
0.40163198
0.40161294
0.40159312
0.40157354
0.40155524
0.40153894
0.40152526
0.4015145
0.40150675
0.40150195
0.4014998
0.40150008
0.4015024
0.40150663
0.40151244
0.4015195
0.40152735
0.40153557
0.4015438
0.4015518
0.4015596
0.40156737
0.4015754
0.4015839
0.40159333
0.40160355
0.4016145
0.40162575
0.40163693
0.40164736
0.4016564
0.40166333
0.4016674
0.40166813
0.40166512
0.40165833
0.4016482
0.40163535
0.40162072
0.40160516
0.40158957
0.4015748
0.40156153
0.40155074
0.40154287
0.40153816
0.40153652
0.4015376
0.4015407
0.4015448
0.40154883
0.40155166
0.4015527
0.40155175
0.4015492
0.40154538
0.40154117
0.40153712
0.40153405
0.40153226
0.401532
0.40153322
0.40153557
0.4015388
0.4015427
0.40154722
0.40155232
0.4015578
0.40156335
0.40156803
0.4015711
0.4015716
0.4015687
0.40156198
0.4015511
0.4015365
0.40151897
0.40149972
0.40147978
0.40146038
0.4014426
0.4014272
0.40141517
0.4014068
0.4014026
0.4014025
0.4014065
0.4014143
0.40142542
0.4014392
0.40145472
0.40147093
0.40148675
0.40150118
0.40151295
0.40152156
0.4015269
0.40152913
0.401529
0.40152732
0.4015246
0.40152133
0.40151757
0.40151337
0.40150875
0.4015037
0.40149856
0.4014936
0.40148938
0.40148625
0.4014846
0.40148503
0.40148783
0.4014933
0.40150186
0.40151364
0.40152866
0.40154663
0.40156683
0.40158844
0.40161023
0.40163088
0.40164897
0.4016633
0.40167338
0.40167892
0.40168053
0.4016791
0.40167606
0.40167287
0.40167114
0.40167204
0.40167615
0.40168414
0.40169612
0.40171257
0.40173417
0.40176272
0.40180147
0.40185577
0.40193385
0.40204766
0.40221426
0.40245906
0.40281287
0.4033186
0.40403488
0.40504035
0.4064416
0.40838057
0.41107824
0.41475815
0.4197296
0.4264663
0.43561
0.44777095
