0.4426026
0.43210688
0.42423442
0.41830742
0.4138817
0.4106116
0.4082105
0.4064375
0.4051313
0.40417352
0.40346843
0.40294904
0.40256622
0.40228382
0.40207565
0.40192282
0.4018114
0.40173122
0.40167445
0.40163502
0.4016079
0.4015893
0.40157598
0.4015657
0.40155697
0.40154904
0.4015418
0.40153527
0.4015298
0.40152577
0.40152362
0.4015238
0.4015269
0.4015335
0.4015439
0.40155804
0.40157536
0.40159476
0.40161464
0.40163326
0.4016488
0.40166
0.4016661
0.40166703
0.40166336
0.40165642
0.4016476
0.40163827
0.4016296
0.4016224
0.4016171
0.4016137
0.40161207
0.40161163
0.40161136
0.4016104
0.40160784
0.40160343
0.40159723
0.40158972
0.40158126
0.40157226
0.40156287
0.4015531
0.40154302
0.40153268
0.4015224
0.40151262
0.40150386
0.40149626
0.4014899
0.40148452
0.4014798
0.40147567
0.40147197
0.4014689
0.40146682
0.4014659
0.40146637
0.40146825
0.40147147
0.40147585
0.40148145
0.40148833
0.4014965
0.40150577
0.40151605
0.4015269
0.4015378
0.40154818
0.4015574
0.40156507
0.40157115
0.40157586
0.4015793
0.40158165
0.40158272
0.40158263
0.4015815
0.4015794
0.4015763
0.4015725
0.40156826
0.40156412
0.40156078
0.40155873
0.40155837
0.4015602
0.4015641
0.40157
0.40157714
0.40158466
0.40159118
0.40159565
0.40159717
0.40159544
0.401591
0.40158477
0.40157822
0.4015724
0.40156853
0.4015671
0.40156844
0.40157238
0.4015784
0.4015856
0.40159306
0.4015999
0.4016059
0.40161088
0.40161505
0.40161848
0.40162122
0.40162352
0.4016256
0.40162796
0.40163082
0.40163437
0.40163872
0.40164348
0.40164816
0.40165162
0.40165317
0.40165222
0.40164858
0.40164262
0.401635
0.40162617
0.40161687
0.40160742
0.40159836
0.40158984
0.40158224
0.4015758
0.4015707
0.40156683
0.4015641
0.40156248
0.4015619
0.40156224
0.40156335
0.4015651
0.40156728
0.40156984
0.40157297
0.40157673
0.40158126
0.40158656
0.4015927
0.40159968
0.40160772
0.40161672
0.40162653
0.4016366
0.40164623
0.40165436
0.40165973
0.40166137
0.4016585
0.40165094
0.40163898
0.40162328
0.40160507
0.4015861
0.40156785
0.4015519
0.40153924
0.40153047
0.40152594
0.4015254
0.40152875
0.4015355
0.40154558
0.40155873
0.40157446
0.40159205
0.40161073
0.40162918
0.40164617
0.40166008
0.40166962
0.40167397
0.40167266
0.4016659
0.4016543
0.40163893
0.40162113
0.40160242
0.40158403
0.40156698
0.40155205
0.4015397
0.40153039
0.4015244
0.40152213
0.40152422
0.40153104
0.40154287
0.40155974
0.40158147
0.40160716
0.4016357
0.40166572
0.40169546
0.40172353
0.4017488
0.40177074
0.4017892
0.4018043
0.40181646
0.40182593
0.40183294
0.40183723
0.4018391
0.40183857
0.40183595
0.40183142
0.40182498
0.40181655
0.4018058
0.40179208
0.4017749
0.40175432
0.40173048
0.4017041
0.40167654
0.4016491
0.40162325
0.40160018
0.40158096
0.40156654
0.40155762
0.40155488
0.4015589
0.40157002
0.40158826
0.40161294
0.40164304
0.40167674
0.40171188
0.40174606
0.40177715
0.40180343
0.40182355
0.40183672
0.40184253
0.40184107
0.40183258
0.40181783
0.40179783
0.4017737
0.40174693
0.40171894
0.4016908
0.40166333
0.40163702
0.40161195
0.40158802
0.4015652
0.4015438
0.40152392
0.4015063
0.4014911
0.40147847
0.4014683
0.4014605
0.40145516
0.4014522
0.40145233
0.40145588
0.4014635
0.40147543
0.4014917
0.40151206
0.4015359
0.4015624
0.40159082
0.40162012
0.40164992
0.40167987
0.40170947
0.40173817
0.40176502
0.40178922
0.40180987
0.40182638
0.40183836
0.40184587
0.40184918
0.4018489
0.40184593
0.40184104
0.40183508
0.40182823
0.4018206
0.4018117
0.40180078
0.4017875
0.40177163
0.40175346
0.4017336
0.4017129
0.4016924
0.4016733
0.40165666
0.4016436
0.40163517
0.4016319
0.40163383
0.40164068
0.40165144
0.401665
0.40167966
0.40169406
0.40170693
0.4017175
0.40172526
0.40173012
0.4017323
0.40173197
0.4017291
0.40172356
0.40171546
0.40170482
0.40169233
0.40167877
0.40166503
0.40165198
0.40164018
0.40162984
0.40162107
0.40161368
0.40160733
0.4016017
0.40159646
0.40159133
0.4015865
0.40158188
0.40157774
0.4015739
0.4015705
0.40156752
0.40156546
0.40156457
0.40156522
0.40156764
0.40157154
0.40157643
0.4015817
0.40158656
0.40159026
0.4015921
0.40159193
0.40159005
0.4015867
0.40158236
0.40157712
0.40157095
0.40156367
0.4015552
0.401546
0.40153626
0.40152666
0.40151727
0.40150842
0.40150034
0.40149295
0.40148616
0.40147984
0.40147424
0.40146974
0.4014668
0.40146565
0.4014665
0.40146893
0.40147245
0.4014761
0.40147898
0.40148014
0.40147913
0.40147588
0.40147102
0.40146512
0.40145895
0.4014531
0.40144795
0.4014436
0.40144005
0.40143716
0.40143472
0.40143275
0.4014314
0.40143082
0.4014313
0.40143353
0.40143806
0.40144575
0.4014572
0.40147284
0.4014927
0.40151653
0.40154353
0.40157256
0.4016022
0.4016307
0.4016562
0.40167698
0.40169173
0.40169984
0.40170154
0.4016976
0.4016894
0.4016787
0.4016674
0.40165728
0.40164983
0.40164605
0.4016467
0.40165192
0.40166113
0.40167344
0.4016874
0.40170124
0.4017131
0.40172136
0.40172496
0.40172324
0.40171632
0.4017052
0.40169093
0.40167537
0.40166038
0.4016475
0.4016382
0.4016332
0.40163267
0.40163606
0.40164253
0.40165076
0.40165928
0.4016666
0.40167105
0.40167138
0.40166682
0.40165716
0.40164286
0.40162465
0.4016037
0.40158126
0.4015585
0.40153646
0.40151602
0.40149784
0.4014823
0.4014699
0.40146086
0.40145525
0.40145293
0.40145338
0.4014561
0.40146035
0.40146548
0.40147093
0.40147623
0.40148145
0.40148717
0.40149382
0.40150192
0.40151152
0.40152234
0.40153363
0.40154448
0.40155378
0.40156057
0.4015641
0.40156442
0.40156195
0.40155727
0.40155113
0.40154406
0.4015364
0.4015281
0.401519
0.40150872
0.40149707
0.40148428
0.40147072
0.40145728
0.40144488
0.40143412
0.40142566
0.40141988
0.4014171
0.40141726
0.4014203
0.40142602
0.40143389
0.4014432
0.40145332
0.40146354
0.40147346
0.40148288
0.4014917
0.40149993
0.40150765
0.40151516
0.40152243
0.4015296
0.40153638
0.40154216
0.4015465
0.40154934
0.4015508
0.4015514
0.40155172
0.40155208
0.40155235
0.4015525
0.4015518
0.4015497
0.40154576
0.40154013
0.40153313
0.40152562
0.4015183
0.40151203
0.40150753
0.40150535
0.4015058
0.40150902
0.40151483
0.40152326
0.40153396
0.4015468
0.40156123
0.40157637
0.40159127
0.4016047
0.40161532
0.40162182
0.40162352
0.40162018
0.4016121
0.40160054
0.4015867
0.4015719
0.4015574
0.40154412
0.40153295
0.4015242
0.40151802
0.40151417
0.40151244
0.4015124
0.40151373
0.40151623
0.40151933
0.40152285
0.40152645
0.40152997
0.4015335
0.4015373
0.40154183
0.40154737
0.40155396
0.40156168
0.4015706
0.4015806
0.40159178
0.4016039
0.40161645
0.40162876
0.40164042
0.40165052
0.40165848
0.40166348
0.4016655
0.40166444
0.40166068
0.40165493
0.40164787
0.40164
0.40163198
0.40162396
0.40161613
0.40160817
0.4016002
0.4015922
0.40158454
0.40157732
0.40157086
0.40156496
0.40155974
0.40155494
0.40155053
0.40154633
0.40154257
0.40153927
0.40153646
0.40153426
0.40153277
0.40153193
0.4015319
0.40153265
0.40153402
0.4015361
0.40153882
0.40154228
0.4015464
0.40155098
0.40155587
0.40156078
0.40156558
0.40156993
0.40157402
0.40157798
0.40158206
0.4015867
0.40159214
0.4015984
0.40160516
0.4016119
0.40161765
0.40162176
0.4016237
0.40162334
0.40162137
0.40161866
0.4016166
0.40161636
0.40161866
0.40162396
0.4016318
0.40164137
0.40165147
0.40166077
0.4016679
0.40167215
0.4016731
0.40167072
0.4016654
0.40165734
0.401647
0.40163437
0.40161943
0.40160245
0.40158406
0.40156537
0.40154755
0.40153202
0.40151966
0.4015114
0.40150762
0.40150827
0.40151298
0.40152147
0.40153325
0.40154812
0.4015659
0.4015864
0.40160903
0.40163305
0.4016575
0.40168142
0.4017042
0.40172532
0.40174457
0.40176153
0.40177572
0.40178677
0.4017944
0.4017985
0.40179908
0.40179652
0.40179092
0.40178257
0.4017716
0.4017583
0.40174302
0.4017263
0.4017088
0.40169123
0.40167397
0.40165716
0.40164104
0.40162584
0.40161216
0.40160075
0.40159234
0.4015873
0.40158585
0.4015878
0.40159282
0.40160036
0.4016099
0.4016204
0.401631
0.40164065
0.40164873
0.40165505
0.40166
0.4016643
0.4016688
0.40167424
0.40168074
0.40168813
0.40169585
0.40170318
0.4017095
0.40171465
0.40171853
0.40172127
0.40172315
0.40172386
0.40172327
0.40172088
0.40171626
0.40170914
0.4016995
0.40168762
0.40167415
0.40165973
0.40164518
0.40163118
0.40161833
0.40160722
0.40159836
0.40159228
0.40158913
0.40158877
0.40159085
0.40159443
0.40159872
0.40160275
0.40160564
0.4016065
0.40160495
0.401601
0.4015952
0.40158856
0.40158197
0.40157622
0.40157187
0.40156907
0.4015679
0.40156847
0.40157065
0.40157455
0.40158015
0.4015874
0.40159622
0.40160647
0.40161788
0.40162978
0.40164155
0.4016521
0.40166065
0.4016662
0.40166858
0.40166783
0.40166438
0.40165862
0.4016511
0.40164214
0.40163216
0.40162134
0.40160984
0.40159744
0.40158406
0.40156966
0.4015546
0.40153968
0.40152553
0.40151295
0.4015026
0.40149516
0.40149108
0.4014906
0.40149364
0.40150034
0.40151033
0.40152314
0.40153816
0.4015546
0.40157145
0.40158767
0.40160233
0.40161464
0.40162405
0.4016306
0.40163437
0.4016355
0.40163392
0.40162933
0.40162146
0.40161014
0.40159553
0.40157846
0.40155998
0.4015414
0.40152416
0.40150955
0.40149865
0.4014924
0.40149117
0.40149498
0.40150356
0.40151644
0.40153286
0.40155223
0.40157366
0.4015962
0.401619
0.4016412
0.40166143
0.40167847
0.40169138
0.4016996
0.4017031
0.40170223
0.40169773
0.4016906
0.40168208
0.4016731
0.4016639
0.40165472
0.40164483
0.4016338
0.40162122
0.40160704
0.4015916
0.4015755
0.40155968
0.40154502
0.40153244
0.40152258
0.4015157
0.40151167
0.40151033
0.40151104
0.40151304
0.4015156
0.40151823
0.40152058
0.4015221
0.40152287
0.40152302
0.40152302
0.40152335
0.4015245
0.40152705
0.40153107
0.401537
0.40154514
0.40155548
0.4015683
0.4015834
0.4016004
0.40161866
0.401637
0.401654
0.40166843
0.40167907
0.40168533
0.40168715
0.40168518
0.4016805
0.4016743
0.4016679
0.40166196
0.40165696
0.4016531
0.4016504
0.40164885
0.40164828
0.40164882
0.40165052
0.4016535
0.4016576
0.40166244
0.40166765
0.40167287
0.40167785
0.40168262
0.4016874
0.40169248
0.4016981
0.40170464
0.4017117
0.40171912
0.40172607
0.40173173
0.4017355
0.40173706
0.40173647
0.40173408
0.4017306
0.40172672
0.40172297
0.40171966
0.40171653
0.40171316
0.40170887
0.40170327
0.40169635
0.40168858
0.4016803
0.40167218
0.40166476
0.40165862
0.40165418
0.40165153
0.4016507
0.401651
0.4016519
0.4016521
0.40165076
0.40164673
0.40163943
0.40162855
0.4016145
0.40159777
0.4015793
0.40156007
0.40154096
0.40152252
0.4015057
0.40149093
0.40147868
0.40146914
0.4014624
0.4014585
0.40145764
0.40145975
0.40146488
0.40147296
0.40148368
0.40149656
0.40151086
0.40152586
0.40154076
0.40155488
0.4015674
0.40157768
0.40158543
0.40159068
0.40159371
0.40159532
0.40159598
0.4015966
0.40159774
0.40160006
0.40160355
0.40160817
0.40161356
0.40161902
0.40162367
0.40162694
0.40162838
0.40162787
0.40162584
0.40162274
0.40161943
0.4016162
0.4016133
0.40161076
0.40160826
0.40160546
0.40160194
0.40159702
0.4015902
0.4015811
0.4015697
0.40155646
0.40154222
0.4015281
0.4015152
0.4015046
0.40149707
0.40149298
0.40149274
0.4014965
0.40150407
0.4015156
0.40153083
0.4015496
0.40157118
0.4015946
0.40161827
0.40164065
0.40165976
0.40167424
0.40168315
0.40168637
0.40168446
0.40167853
0.40167004
0.40166032
0.40165052
0.40164122
0.4016326
0.4016243
0.40161568
0.40160617
0.40159547
0.40158382
0.401572
0.4015611
0.40155244
0.4015473
0.40154663
0.4015507
0.40155974
0.40157318
0.40159035
0.40161023
0.40163147
0.4016528
0.40167305
0.40169144
0.40170762
0.40172166
0.40173382
0.4017438
0.4017515
0.40175617
0.40175754
0.4017552
0.40174964
0.401741
0.40173012
0.40171757
0.40170386
0.40168938
0.40167433
0.40165922
0.40164423
0.40162966
0.40161547
0.4016016
0.40158826
0.40157565
0.40156424
0.40155447
0.4015467
0.4015412
0.40153834
0.4015379
0.4015402
0.4015453
0.40155336
0.40156448
0.40157852
0.40159488
0.4016129
0.40163183
0.40165108
0.40167034
0.4016895
0.40170822
0.4017258
0.4017414
0.4017539
0.40176255
0.40176672
0.40176624
0.4017611
0.4017518
0.40173867
0.40172237
0.40170318
0.4016815
0.40165794
0.4016335
0.40160936
0.40158692
0.40156725
0.40155154
0.40154025
0.40153372
0.4015323
0.40153563
0.40154353
0.40155533
0.4015701
0.40158683
0.4016042
0.40162072
0.40163532
0.40164727
0.40165648
0.40166333
0.40166876
0.40167364
0.40167883
0.40168464
0.40169096
0.401697
0.40170187
0.40170446
0.4017039
0.40169972
0.40169197
0.40168095
0.4016676
0.40165263
0.40163678
0.40162063
0.4016044
0.40158808
0.4015716
0.40155476
0.40153772
0.40152103
0.40150526
0.40149108
0.40147936
0.40147042
0.40146488
0.40146267
0.40146357
0.4014673
0.4014732
0.40148064
0.40148878
0.401497
0.40150458
0.4015109
0.40151542
0.40151766
0.4015176
0.4015152
0.4015107
0.40150467
0.4014976
0.40148988
0.40148202
0.40147388
0.40146562
0.40145725
0.40144858
0.40143976
0.4014308
0.401422
0.4014135
0.40140575
0.4013991
0.40139422
0.40139142
0.40139103
0.40139326
0.40139824
0.40140617
0.40141705
0.40143088
0.40144742
0.40146643
0.40148717
0.4015087
0.40153006
0.40155035
0.40156862
0.40158412
0.40159664
0.40160632
0.4016142
0.4016214
0.40162918
0.40163848
0.40164992
0.40166342
0.40167826
0.4016932
0.4017065
0.40171656
0.40172228
0.40172297
0.40171862
0.4017095
0.4016964
0.40168026
0.4016621
0.40164316
0.40162423
0.40160593
0.401589
0.40157387
0.40156078
0.40155017
0.4015422
0.40153715
0.40153548
0.40153784
0.40154484
0.4015571
0.40157488
0.4015981
0.40162635
0.40165886
0.40169448
0.40173152
0.40176812
0.4018025
0.40183336
0.40185964
0.4018806
0.4018959
0.40190545
0.40190956
0.40190876
0.4019038
0.40189573
0.40188557
0.40187448
0.40186343
0.40185302
0.4018433
0.40183404
0.40182436
0.4018135
0.40180066
0.40178552
0.40176812
0.40174899
0.4017288
0.40170857
0.4016892
0.40167144
0.4016555
0.40164164
0.40162978
0.40161994
0.40161246
0.40160775
0.4016065
0.40160894
0.40161538
0.40162545
0.40163866
0.40165374
0.4016693
0.40168366
0.40169513
0.40170234
0.4017045
0.40170103
0.40169218
0.40167823
0.40166047
0.40164024
0.40161884
0.4015975
0.401577
0.40155795
0.4015405
0.401525
0.40151155
0.40150046
0.40149185
0.40148595
0.40148264
0.40148205
0.40148395
0.4014882
0.40149444
0.40150258
0.40151244
0.4015239
0.40153685
0.4015514
0.40156764
0.40158588
0.40160602
0.40162796
0.40165067
0.40167332
0.4016942
0.40171197
0.40172538
0.4017335
0.4017359
0.40173277
0.4017249
0.40171343
0.40169984
0.40168545
0.40167138
0.40165827
0.4016464
0.40163577
0.40162614
0.40161747
0.4016097
0.4016029
0.40159717
0.4015927
0.4015898
0.40158874
0.40158987
0.4015933
0.40159896
0.4016061
0.4016137
0.40162054
0.40162498
0.40162584
0.4016224
0.4016145
0.40160272
0.401588
0.40157178
0.40155557
0.40154073
0.40152863
0.40152028
0.40151638
0.40151742
0.40152335
0.4015339
0.4015484
0.40156576
0.4015847
0.40160373
0.4016212
0.40163538
0.40164518
0.40164992
0.40164965
0.40164503
0.40163738
0.40162846
0.40161985
0.40161294
0.4016086
0.40160707
0.40160832
0.4016117
0.40161663
0.40162244
0.4016284
0.4016342
0.40163982
0.40164572
0.40165251
0.40166062
0.40166983
0.40167946
0.40168816
0.40169457
0.40169728
0.40169546
0.40168884
0.4016777
0.4016628
0.4016453
0.40162706
0.40160918
0.40159306
0.4015793
0.4015685
0.40156078
0.4015562
0.40155447
0.40155506
0.40155756
0.40156153
0.4015664
0.40157124
0.40157515
0.40157717
0.40157658
0.4015735
0.40156823
0.40156138
0.40155396
0.40154666
0.40154013
0.4015349
0.40153098
0.4015286
0.40152764
0.40152818
0.4015302
0.40153328
0.40153712
0.40154153
0.40154612
0.4015509
0.4015557
0.40156028
0.40156427
0.40156734
0.4015694
0.4015703
0.40157035
0.40156972
0.4015689
0.40156835
0.40156856
0.40156955
0.40157145
0.40157375
0.40157625
0.4015787
0.40158117
0.40158406
0.40158755
0.4015918
0.40159664
0.40160167
0.40160647
0.40161073
0.40161422
0.40161714
0.40161994
0.4016232
0.4016273
0.4016325
0.40163866
0.40164503
0.40165085
0.40165538
0.4016579
0.4016581
0.40165597
0.4016517
0.40164557
0.40163776
0.4016284
0.40161753
0.4016051
0.4015916
0.40157744
0.40156367
0.40155113
0.4015408
0.40153337
0.40152964
0.4015302
0.40153533
0.40154484
0.4015581
0.4015742
0.40159154
0.401609
0.40162542
0.40164027
0.4016534
0.40166476
0.40167433
0.4016818
0.40168688
0.40168884
0.40168712
0.40168124
0.40167126
0.40165767
0.4016413
0.4016231
0.40160424
0.40158588
0.401569
0.40155435
0.40154275
0.40153456
0.4015302
0.4015299
0.401534
0.4015426
0.40155566
0.4015727
0.40159324
0.40161625
0.40164062
0.40166476
0.40168753
0.4017077
0.40172428
0.4017363
0.40174344
0.40174565
0.40174338
0.40173697
0.40172747
0.40171555
0.40170223
0.40168837
0.40167475
0.4016617
0.40164915
0.40163645
0.40162307
0.4016085
0.40159252
0.4015757
0.40155867
0.40154243
0.40152842
0.40151772
0.40151116
0.40150946
0.40151262
0.40152055
0.40153268
0.40154815
0.4015661
0.40158564
0.40160578
0.40162516
0.4016424
0.40165606
0.40166518
0.40166938
0.40166903
0.401665
0.40165877
0.40165195
0.40164608
0.40164214
0.40164053
0.40164125
0.40164378
0.4016477
0.4016524
0.40165764
0.40166262
0.40166676
0.40166947
0.40167022
0.40166917
0.40166646
0.4016627
0.40165854
0.40165475
0.4016517
0.40164986
0.4016494
0.4016506
0.40165383
0.40165925
0.40166676
0.40167606
0.40168646
0.40169725
0.40170777
0.40171754
0.4017264
0.40173423
0.40174106
0.4017465
0.4017503
0.4017517
0.40175018
0.4017456
0.40173805
0.40172806
0.4017164
0.40170428
0.40169275
0.40168262
0.4016743
0.40166777
0.40166256
0.40165818
0.40165436
0.40165105
0.4016486
0.40164736
0.40164742
0.4016486
0.4016506
0.40165293
0.40165514
0.40165678
0.40165764
0.40165803
0.40165854
0.40165988
0.40166265
0.40166673
0.40167168
0.4016767
0.4016809
0.4016836
0.4016846
0.40168396
0.4016822
0.4016797
0.4016767
0.4016735
0.4016698
0.40166557
0.40166056
0.40165514
0.40164956
0.4016442
0.4016395
0.4016353
0.40163153
0.40162787
0.4016238
0.40161923
0.4016143
0.40160942
0.40160507
0.40160164
0.4015992
0.40159765
0.40159675
0.4015964
0.4015965
0.40159738
0.4015991
0.40160182
0.40160528
0.4016093
0.40161353
0.4016177
0.40162155
0.40162525
0.4016291
0.40163353
0.40163913
0.4016463
0.4016552
0.40166605
0.40167913
0.40169463
0.4017123
0.4017316
0.40175185
0.40177247
0.4017933
0.40181506
0.4018393
0.4018691
0.40190887
0.40196532
0.40204743
0.40216735
0.4023415
0.40259412
0.40295503
0.40346563
0.4041838
0.40518805
0.40658498
0.40851673
0.41120446
0.41487253
0.4198302
0.42655033
0.43567666
0.44781926
