0.4426714
0.43219718
0.4243438
0.41843405
0.41402426
0.41077
0.40838492
0.40662962
0.40534383
0.40440834
0.4037273
0.40323275
0.4028742
0.40261367
0.4024235
0.40228325
0.40217808
0.40209746
0.40203366
0.40198144
0.40193716
0.40189853
0.401864
0.40183297
0.40180495
0.40178013
0.40175858
0.40174052
0.40172556
0.4017131
0.4017024
0.4016926
0.40168327
0.40167433
0.4016662
0.40165955
0.40165555
0.4016552
0.40165916
0.40166765
0.40168026
0.40169588
0.40171307
0.40173006
0.40174532
0.40175733
0.40176496
0.40176752
0.40176472
0.4017569
0.40174475
0.40172946
0.4017125
0.40169537
0.40167943
0.40166554
0.40165415
0.40164572
0.40164012
0.40163705
0.40163627
0.40163717
0.4016393
0.40164214
0.40164533
0.40164885
0.40165278
0.40165734
0.40166265
0.40166894
0.40167642
0.40168524
0.4016955
0.40170693
0.40171894
0.4017306
0.40174055
0.40174744
0.40175003
0.4017475
0.40173963
0.4017264
0.40170845
0.40168685
0.40166292
0.4016382
0.40161386
0.40159103
0.40157005
0.40155143
0.40153536
0.40152207
0.40151152
0.40150374
0.4014988
0.40149653
0.40149647
0.40149805
0.4015004
0.40150258
0.40150374
0.40150332
0.40150106
0.40149724
0.40149254
0.4014875
0.40148282
0.40147886
0.40147582
0.40147376
0.40147257
0.4014716
0.40147033
0.40146807
0.40146437
0.40145892
0.40145206
0.40144464
0.40143752
0.40143147
0.40142715
0.40142512
0.40142566
0.40142927
0.40143603
0.40144622
0.40145984
0.4014769
0.40149707
0.40151995
0.40154535
0.40157261
0.40160125
0.40163064
0.40166
0.40168807
0.4017135
0.40173483
0.40175068
0.40176007
0.40176237
0.40175742
0.4017456
0.40172765
0.4017047
0.40167817
0.40164983
0.40162107
0.40159333
0.40156758
0.40154487
0.40152577
0.4015106
0.4014993
0.4014917
0.40148732
0.4014858
0.40148672
0.40149015
0.40149614
0.4015051
0.40151724
0.40153304
0.40155256
0.40157598
0.4016031
0.40163356
0.40166697
0.40170258
0.40173954
0.4017765
0.4018123
0.40184584
0.4018762
0.4019027
0.40192473
0.40194196
0.4019542
0.4019614
0.4019637
0.40196142
0.40195456
0.40194342
0.40192807
0.4019087
0.40188566
0.4018594
0.401831
0.40180156
0.40177268
0.40174592
0.4017228
0.4017043
0.40169102
0.40168288
0.4016791
0.40167832
0.40167874
0.40167835
0.4016755
0.40166923
0.40165925
0.4016459
0.40162995
0.40161273
0.4015957
0.40158042
0.4015681
0.40155977
0.40155604
0.40155703
0.4015623
0.40157115
0.40158257
0.40159535
0.4016086
0.4016215
0.40163398
0.40164644
0.40165955
0.40167415
0.4016906
0.40170914
0.40172958
0.40175137
0.40177366
0.4017955
0.4018159
0.40183398
0.4018491
0.4018605
0.40186775
0.40187067
0.40186918
0.40186343
0.40185386
0.40184107
0.4018257
0.40180847
0.4017902
0.40177172
0.40175337
0.4017354
0.40171802
0.40170148
0.40168604
0.40167245
0.40166125
0.40165305
0.4016483
0.40164736
0.40164995
0.4016557
0.40166378
0.40167305
0.40168226
0.40169019
0.40169594
0.4016988
0.4016988
0.4016964
0.40169287
0.4016897
0.40168867
0.40169114
0.40169796
0.4017095
0.40172526
0.40174413
0.40176442
0.4017844
0.40180224
0.40181664
0.40182647
0.40183106
0.40183008
0.40182358
0.401812
0.40179613
0.401777
0.40175572
0.40173376
0.4017124
0.40169278
0.4016755
0.40166098
0.40164924
0.4016399
0.40163267
0.40162745
0.40162426
0.40162334
0.40162498
0.40162903
0.4016352
0.40164274
0.40165105
0.40165925
0.40166637
0.40167165
0.4016748
0.4016759
0.40167543
0.40167418
0.40167272
0.40167153
0.40167075
0.40167016
0.4016692
0.40166697
0.40166247
0.4016551
0.4016444
0.40163073
0.40161505
0.40159878
0.4015836
0.40157098
0.40156204
0.4015575
0.40155777
0.40156257
0.40157124
0.40158263
0.40159523
0.4016074
0.4016175
0.4016245
0.40162772
0.4016272
0.40162352
0.40161756
0.40161014
0.40160182
0.40159306
0.40158415
0.4015752
0.4015665
0.40155846
0.40155175
0.40154707
0.401545
0.40154585
0.40154994
0.40155727
0.4015677
0.40158093
0.40159637
0.40161332
0.40163085
0.40164796
0.40166363
0.40167695
0.40168664
0.40169188
0.401692
0.4016869
0.401677
0.401663
0.40164572
0.40162602
0.40160498
0.40158376
0.4015637
0.40154603
0.40153173
0.40152177
0.40151647
0.40151578
0.40151927
0.4015262
0.4015356
0.40154636
0.40155756
0.40156877
0.4015797
0.4015905
0.40160152
0.4016128
0.4016243
0.40163574
0.40164688
0.40165758
0.40166783
0.4016774
0.40168583
0.4016926
0.4016969
0.40169805
0.40169546
0.40168914
0.40167928
0.40166646
0.4016517
0.40163586
0.4016197
0.40160406
0.4015897
0.40157738
0.40156755
0.40156093
0.4015581
0.4015594
0.40156493
0.4015744
0.4015874
0.40160337
0.40162122
0.4016399
0.40165812
0.4016747
0.40168858
0.401699
0.4017057
0.4017087
0.40170828
0.40170512
0.40169993
0.40169328
0.4016855
0.4016766
0.40166664
0.40165588
0.40164465
0.40163353
0.40162337
0.40161484
0.4016086
0.4016047
0.401603
0.40160322
0.40160483
0.4016074
0.4016103
0.40161327
0.401616
0.40161857
0.40162098
0.40162334
0.4016257
0.4016286
0.401633
0.4016398
0.40164992
0.40166378
0.4016814
0.4017019
0.40172416
0.40174636
0.40176672
0.40178356
0.4017955
0.40180174
0.40180162
0.40179518
0.4017828
0.40176526
0.4017437
0.4017196
0.40169457
0.40167013
0.4016476
0.40162787
0.40161163
0.40159896
0.4015897
0.40158337
0.40157926
0.4015764
0.4015742
0.40157202
0.4015695
0.40156624
0.40156162
0.40155536
0.40154722
0.40153694
0.40152475
0.401511
0.40149644
0.4014819
0.4014683
0.4014565
0.40144727
0.40144122
0.40143865
0.4014397
0.4014442
0.40145198
0.40146273
0.40147614
0.4014917
0.40150902
0.40152767
0.40154746
0.4015681
0.40158948
0.40161163
0.40163463
0.40165862
0.40168327
0.4017079
0.40173143
0.4017528
0.4017709
0.40178484
0.40179408
0.40179816
0.40179694
0.40179074
0.40177995
0.40176556
0.40174884
0.40173122
0.4017138
0.40169755
0.40168327
0.40167108
0.401661
0.40165278
0.40164566
0.40163898
0.40163186
0.4016238
0.4016145
0.40160438
0.40159407
0.4015843
0.40157574
0.40156874
0.4015631
0.4015585
0.40155432
0.40155002
0.40154517
0.40153983
0.40153417
0.40152875
0.4015242
0.4015211
0.4015201
0.4015222
0.4015285
0.4015407
0.40156123
0.4015934
0.40164226
0.4017142
0.40181774
0.4019644
0.402171
0.40245867
0.4028564
0.40340483
0.4041601
0.4051987
0.40662515
0.40858033
0.41128457
0.41496098
0.41991955
0.42663413
0.4357472
0.44787213
