0.4426053
0.43211251
0.42424512
0.418325
0.41390747
0.41064644
0.40825436
0.40649015
0.405192
0.40424073
0.40354025
0.4030231
0.40263963
0.40235355
0.40213868
0.40197632
0.40185338
0.4017605
0.40169072
0.40163884
0.40160057
0.40157247
0.40155157
0.40153587
0.4015239
0.401515
0.4015088
0.401505
0.40150347
0.4015039
0.401506
0.40150928
0.4015135
0.40151858
0.4015247
0.4015319
0.40154022
0.40154934
0.40155885
0.40156806
0.4015764
0.40158305
0.4015874
0.40158862
0.4015865
0.40158102
0.40157294
0.40156326
0.40155315
0.4015437
0.40153587
0.40153039
0.40152764
0.40152755
0.40153003
0.40153456
0.40154105
0.40154943
0.40155968
0.4015717
0.40158513
0.40159944
0.401614
0.40162787
0.40163982
0.40164864
0.40165362
0.40165424
0.40165076
0.40164396
0.40163505
0.40162504
0.40161514
0.40160587
0.40159735
0.40158948
0.40158182
0.40157402
0.40156606
0.40155825
0.40155128
0.40154567
0.40154192
0.40154025
0.40154055
0.4015427
0.40154618
0.40155056
0.40155533
0.40156016
0.40156496
0.4015698
0.4015746
0.4015794
0.40158418
0.4015892
0.40159503
0.40160185
0.40160966
0.40161806
0.40162623
0.40163305
0.40163743
0.40163848
0.40163592
0.40162995
0.40162125
0.40161115
0.4016009
0.40159166
0.4015841
0.40157852
0.4015747
0.40157232
0.4015709
0.40156996
0.4015689
0.4015672
0.4015647
0.40156138
0.40155768
0.40155435
0.4015524
0.40155256
0.40155542
0.4015612
0.40157
0.40158135
0.40159476
0.40160996
0.40162653
0.40164453
0.40166426
0.40168583
0.40170923
0.401734
0.40175915
0.40178347
0.40180594
0.40182534
0.401841
0.40185246
0.4018595
0.40186208
0.4018602
0.40185383
0.401843
0.40182802
0.40180907
0.4017867
0.4017618
0.40173534
0.40170863
0.40168318
0.40166035
0.40164122
0.4016263
0.4016155
0.40160817
0.4016032
0.40159914
0.40159434
0.40158767
0.4015785
0.40156692
0.40155366
0.40153942
0.40152523
0.40151185
0.40150034
0.4014916
0.40148643
0.40148526
0.40148824
0.4014954
0.40150633
0.4015206
0.4015373
0.40155548
0.4015741
0.40159205
0.4016081
0.40162107
0.4016301
0.4016348
0.40163523
0.40163162
0.40162468
0.40161508
0.40160355
0.40159062
0.40157703
0.40156335
0.4015505
0.40153927
0.40153012
0.40152356
0.4015198
0.40151912
0.40152135
0.40152663
0.40153456
0.40154487
0.40155703
0.40157032
0.40158376
0.4015962
0.4016065
0.40161386
0.40161788
0.40161812
0.401615
0.40160894
0.40160054
0.40159062
0.40157965
0.40156806
0.40155628
0.4015447
0.4015336
0.4015233
0.40151381
0.4015052
0.40149727
0.40148988
0.4014828
0.40147588
0.40146914
0.40146267
0.4014567
0.40145132
0.4014466
0.4014427
0.40143993
0.4014383
0.40143788
0.4014388
0.40144086
0.4014441
0.40144834
0.40145326
0.4014585
0.40146333
0.40146726
0.40146965
0.40147027
0.4014695
0.40146807
0.40146667
0.40146598
0.40146625
0.40146762
0.40146986
0.40147313
0.40147725
0.4014823
0.40148818
0.4014949
0.40150234
0.4015106
0.40152013
0.4015314
0.40154472
0.40156013
0.40157747
0.40159667
0.40161744
0.40163958
0.40166247
0.40168542
0.40170693
0.4017257
0.40174028
0.4017494
0.4017525
0.40174925
0.4017401
0.401726
0.4017083
0.40168852
0.40166807
0.4016482
0.4016298
0.4016134
0.40159935
0.40158755
0.40157777
0.4015696
0.40156248
0.40155602
0.4015501
0.40154496
0.401541
0.40153867
0.4015382
0.40153965
0.40154287
0.40154755
0.4015531
0.4015589
0.4015644
0.40156925
0.40157387
0.40157887
0.40158498
0.40159288
0.40160298
0.4016155
0.40163055
0.40164787
0.4016669
0.40168676
0.40170622
0.4017239
0.40173852
0.40174907
0.4017548
0.40175533
0.40175062
0.40174097
0.40172714
0.4017104
0.40169215
0.40167367
0.4016562
0.40164044
0.40162686
0.40161562
0.40160674
0.4016004
0.4015966
0.40159535
0.40159655
0.40159974
0.40160465
0.40161073
0.40161738
0.40162396
0.40162975
0.40163413
0.4016369
0.40163824
0.40163866
0.40163854
0.4016384
0.4016381
0.40163743
0.40163592
0.40163296
0.40162838
0.40162224
0.40161496
0.40160725
0.4015996
0.40159255
0.4015864
0.40158144
0.40157753
0.4015745
0.4015717
0.40156847
0.40156406
0.40155825
0.40155104
0.40154293
0.4015345
0.40152645
0.40151927
0.4015134
0.4015088
0.40150538
0.40150294
0.40150154
0.4015016
0.4015034
0.40150735
0.4015135
0.40152183
0.4015321
0.40154362
0.40155548
0.4015666
0.40157574
0.4015823
0.40158606
0.40158734
0.40158704
0.40158612
0.4015856
0.4015865
0.40158948
0.40159494
0.40160328
0.40161476
0.40162963
0.40164813
0.4016704
0.40169653
0.40172687
0.4017624
0.40180412
0.40185383
0.4019145
0.4019907
0.4020897
0.4022222
0.40240383
0.4026586
0.40301678
0.40352118
0.40423065
0.40522516
0.4066125
0.4085357
0.4112163
0.41487935
0.4198337
0.42655158
0.43567696
0.4478194
