0.4426879
0.43221882
0.42437
0.41846427
0.4140577
0.41080624
0.40842277
0.4066684
0.4053834
0.40444884
0.4037693
0.40327746
0.40292323
0.4026694
0.4024884
0.40236
0.402269
0.4022044
0.40215802
0.40212372
0.402097
0.40207452
0.40205374
0.4020329
0.40201068
0.40198627
0.4019592
0.40192923
0.4018965
0.40186152
0.40182498
0.40178788
0.40175146
0.40171683
0.40168515
0.40165716
0.40163293
0.40161228
0.40159467
0.40157956
0.40156662
0.40155593
0.40154746
0.40154153
0.4015384
0.4015383
0.4015412
0.40154698
0.40155536
0.4015659
0.40157825
0.40159193
0.4016068
0.4016231
0.40164095
0.40166035
0.40168136
0.4017036
0.40172645
0.40174896
0.4017701
0.40178892
0.4018043
0.40181527
0.4018211
0.40182146
0.40181643
0.40180644
0.40179232
0.4017753
0.4017567
0.401738
0.4017207
0.4017058
0.40169376
0.40168476
0.40167826
0.4016736
0.4016698
0.40166622
0.40166268
0.40165913
0.40165606
0.40165383
0.40165263
0.4016525
0.4016532
0.4016546
0.40165675
0.40165952
0.40166304
0.4016672
0.4016714
0.4016752
0.40167764
0.40167835
0.40167713
0.40167466
0.4016714
0.40166825
0.40166575
0.401664
0.4016629
0.4016621
0.40166125
0.4016601
0.40165862
0.40165672
0.40165418
0.40165037
0.40164486
0.40163717
0.401627
0.4016146
0.40160054
0.40158546
0.40157008
0.40155485
0.40154004
0.40152565
0.40151176
0.40149838
0.4014858
0.40147436
0.40146428
0.40145582
0.40144917
0.40144464
0.40144262
0.4014435
0.40144777
0.40145564
0.40146714
0.40148225
0.40150064
0.40152183
0.40154517
0.40157014
0.40159598
0.4016215
0.40164575
0.40166783
0.40168703
0.40170333
0.40171683
0.40172815
0.4017381
0.40174755
0.4017571
0.40176705
0.40177748
0.401788
0.40179792
0.4018064
0.40181255
0.4018157
0.40181556
0.40181163
0.40180394
0.4017926
0.4017781
0.40176103
0.40174234
0.40172315
0.40170434
0.4016869
0.40167126
0.4016576
0.40164596
0.40163627
0.4016282
0.40162122
0.4016149
0.40160918
0.40160382
0.40159848
0.4015927
0.4015858
0.40157697
0.40156573
0.40155232
0.4015371
0.40152094
0.4015049
0.40148962
0.4014759
0.40146396
0.40145406
0.40144652
0.40144125
0.40143836
0.40143764
0.4014387
0.40144125
0.4014448
0.40144876
0.4014528
0.40145695
0.40146127
0.401466
0.4014712
0.40147686
0.40148267
0.40148824
0.40149304
0.4014968
0.40149954
0.40150172
0.40150416
0.40150774
0.40151316
0.401521
0.40153155
0.4015447
0.40156022
0.40157768
0.40159678
0.40161717
0.40163872
0.401661
0.40168342
0.40170524
0.40172553
0.4017437
0.4017593
0.40177253
0.4017837
0.4017934
0.40180218
0.40181023
0.40181765
0.40182394
0.40182844
0.40183052
0.4018297
0.4018255
0.40181777
0.40180686
0.40179324
0.40177774
0.40176138
0.40174535
0.40173075
0.40171862
0.40170968
0.40170407
0.4017015
0.4017013
0.4017027
0.4017052
0.4017087
0.40171292
0.4017181
0.4017239
0.4017296
0.40173432
0.40173694
0.40173662
0.40173286
0.4017258
0.40171623
0.40170524
0.40169427
0.40168464
0.40167767
0.401674
0.40167388
0.40167683
0.401682
0.40168795
0.40169305
0.40169576
0.40169463
0.40168872
0.40167782
0.4016623
0.40164325
0.40162215
0.40160072
0.4015801
0.4015613
0.40154463
0.40153044
0.40151843
0.4015085
0.4015004
0.4014941
0.4014893
0.4014857
0.4014829
0.40148026
0.40147725
0.4014737
0.40146977
0.40146604
0.40146306
0.4014616
0.40146214
0.40146497
0.4014701
0.4014771
0.40148526
0.40149382
0.4015018
0.4015086
0.4015138
0.40151757
0.40152055
0.4015233
0.40152654
0.40153083
0.4015363
0.4015431
0.40155125
0.4015605
0.40157026
0.4015801
0.4015891
0.40159672
0.40160218
0.401605
0.40160486
0.40160152
0.40159497
0.40158546
0.4015735
0.4015602
0.40154678
0.4015346
0.40152466
0.401518
0.4015152
0.4015168
0.40152314
0.40153417
0.40154967
0.4015689
0.40159082
0.40161398
0.40163675
0.4016571
0.40167338
0.4016841
0.40168884
0.40168738
0.40168062
0.40166974
0.40165624
0.40164158
0.40162697
0.40161327
0.40160093
0.40159023
0.40158135
0.40157422
0.40156886
0.40156528
0.40156344
0.40156308
0.40156397
0.40156573
0.40156773
0.40156943
0.40157
0.401569
0.40156594
0.40156078
0.40155354
0.40154472
0.40153506
0.40152556
0.40151706
0.40151042
0.40150627
0.40150493
0.40150645
0.40151066
0.40151742
0.40152648
0.4015383
0.40155306
0.401571
0.40159237
0.40161687
0.40164384
0.40167242
0.40170145
0.4017296
0.4017558
0.4017793
0.4017991
0.4018148
0.40182588
0.4018322
0.40183365
0.4018305
0.40182304
0.40181187
0.40179756
0.4017809
0.40176287
0.4017443
0.40172613
0.401709
0.4016935
0.4016803
0.40166995
0.40166304
0.4016598
0.40166008
0.40166348
0.40166903
0.40167525
0.40168047
0.40168312
0.40168196
0.40167642
0.40166646
0.40165275
0.40163627
0.40161854
0.4016009
0.40158483
0.40157133
0.4015613
0.40155518
0.40155342
0.4015561
0.40156308
0.40157384
0.40158784
0.40160435
0.40162274
0.4016429
0.40166456
0.4016874
0.40171108
0.4017345
0.40175658
0.40177596
0.4017915
0.40180224
0.4018075
0.401807
0.4018008
0.40178934
0.4017734
0.40175405
0.40173286
0.4017116
0.4016921
0.40167594
0.40166435
0.40165776
0.40165612
0.40165865
0.4016639
0.40167028
0.40167594
0.40167943
0.40167966
0.40167597
0.4016686
0.40165812
0.4016458
0.40163293
0.40162104
0.40161115
0.40160438
0.401601
0.40160066
0.40160263
0.40160578
0.40160874
0.40161046
0.4016103
0.40160832
0.40160498
0.40160078
0.40159646
0.4015925
0.4015892
0.40158692
0.40158606
0.40158686
0.4015894
0.40159348
0.40159854
0.40160412
0.40160936
0.40161362
0.40161604
0.40161622
0.40161416
0.40161026
0.40160543
0.40160066
0.40159675
0.4015946
0.40159452
0.40159678
0.40160108
0.40160698
0.40161356
0.40161994
0.40162534
0.40162918
0.40163106
0.40163127
0.40163028
0.40162894
0.4016281
0.40162817
0.4016295
0.40163192
0.40163553
0.4016402
0.40164623
0.4016536
0.40166196
0.40167084
0.4016794
0.40168706
0.40169325
0.4016979
0.401701
0.4017025
0.4017024
0.40170094
0.40169853
0.40169588
0.40169364
0.40169233
0.4016923
0.4016934
0.40169498
0.4016963
0.40169653
0.40169507
0.40169162
0.40168616
0.40167907
0.40167075
0.40166202
0.4016535
0.40164602
0.40164044
0.4016376
0.40163806
0.401642
0.4016495
0.40166038
0.40167448
0.40169123
0.40170977
0.40172902
0.40174773
0.4017648
0.4017793
0.40179053
0.401798
0.40180144
0.4018007
0.40179583
0.40178707
0.40177494
0.4017603
0.40174428
0.401728
0.4017129
0.40169984
0.40168944
0.4016816
0.4016755
0.4016704
0.401665
0.40165883
0.40165153
0.4016434
0.4016348
0.4016264
0.40161842
0.40161127
0.40160474
0.4015985
0.4015922
0.4015852
0.40157726
0.40156865
0.40155992
0.40155172
0.40154478
0.4015397
0.401537
0.4015368
0.401539
0.40154326
0.4015493
0.40155667
0.40156496
0.40157402
0.4015837
0.4015941
0.4016054
0.40161756
0.40163028
0.40164274
0.40165386
0.40166235
0.40166733
0.40166825
0.40166524
0.4016587
0.40164983
0.40163958
0.40162903
0.401619
0.40160993
0.40160185
0.4015951
0.40158993
0.40158665
0.40158543
0.4015866
0.4015904
0.40159723
0.4016073
0.40162063
0.40163702
0.40165576
0.40167594
0.40169623
0.4017153
0.40173158
0.40174404
0.4017519
0.40175462
0.4017523
0.40174538
0.40173498
0.40172243
0.4017093
0.401697
0.4016868
0.40167925
0.40167448
0.40167207
0.40167117
0.40167046
0.40166873
0.401665
0.4016587
0.40164983
0.40163875
0.40162647
0.4016143
0.4016038
0.40159604
0.40159205
0.4015922
0.4015967
0.401605
0.40161642
0.40162992
0.40164393
0.40165678
0.40166682
0.40167272
0.40167382
0.40166986
0.40166113
0.40164876
0.40163437
0.40161967
0.40160647
0.4015962
0.40158963
0.40158734
0.40158892
0.4015936
0.4016002
0.40160722
0.40161312
0.40161628
0.40161592
0.40161163
0.4016039
0.40159383
0.40158278
0.40157223
0.4015633
0.40155676
0.40155318
0.40155268
0.40155512
0.4015602
0.40156698
0.4015744
0.401581
0.40158546
0.40158686
0.40158474
0.40157914
0.4015704
0.40155947
0.40154725
0.40153447
0.40152192
0.40151006
0.40149906
0.4014893
0.40148073
0.40147346
0.40146735
0.40146232
0.40145805
0.40145436
0.40145114
0.4014482
0.40144563
0.40144354
0.401442
0.40144098
0.40144074
0.40144125
0.40144256
0.4014446
0.4014477
0.40145186
0.40145713
0.40146342
0.40147033
0.40147752
0.4014846
0.40149134
0.40149766
0.40150407
0.4015112
0.40151972
0.4015301
0.40154245
0.40155667
0.40157232
0.40158838
0.40160364
0.4016167
0.40162635
0.40163162
0.40163216
0.40162808
0.40162
0.40160885
0.40159583
0.40158206
0.4015687
0.40155688
0.4015475
0.4015412
0.40153882
0.40154105
0.4015483
0.4015607
0.40157792
0.4015996
0.4016247
0.4016524
0.4016814
0.40171018
0.4017374
0.40176186
0.4017826
0.40179884
0.4018103
0.40181676
0.40181848
0.4018158
0.4018093
0.40179953
0.40178737
0.40177384
0.40176007
0.40174738
0.4017368
0.40172893
0.4017237
0.40172085
0.40171963
0.4017194
0.40171897
0.4017176
0.40171444
0.401709
0.40170085
0.4016905
0.40167838
0.40166536
0.4016525
0.40164044
0.40162992
0.40162155
0.40161562
0.40161243
0.40161225
0.40161517
0.4016209
0.40162858
0.40163702
0.40164453
0.40164965
0.40165126
0.4016485
0.40164155
0.40163094
0.40161774
0.4016035
0.40158993
0.40157896
0.40157223
0.4015709
0.40157568
0.4015868
0.4016044
0.40162808
0.40165734
0.40169096
0.4017276
0.4017653
0.40180188
0.40183553
0.40186447
0.4018874
0.40190324
0.40191162
0.40191227
0.40190527
0.401891
0.4018701
0.40184352
0.40181246
0.40177852
0.40174338
0.4017087
0.40167594
0.40164635
0.40162048
0.40159836
0.4015799
0.40156487
0.4015529
0.40154377
0.4015373
0.40153313
0.40153095
0.4015301
0.4015302
0.40153107
0.4015326
0.40153462
0.40153715
0.40154013
0.40154347
0.40154722
0.4015514
0.40155604
0.40156093
0.401566
0.40157086
0.40157512
0.40157846
0.40158093
0.40158266
0.40158385
0.40158445
0.4015841
0.40158227
0.40157855
0.40157264
0.40156484
0.40155575
0.4015462
0.40153706
0.40152892
0.4015221
0.4015169
0.40151337
0.40151152
0.40151152
0.40151381
0.4015185
0.40152583
0.40153533
0.40154678
0.40155947
0.40157256
0.401585
0.40159592
0.40160447
0.4016103
0.40161362
0.40161473
0.40161437
0.4016135
0.40161267
0.40161237
0.40161294
0.40161476
0.40161797
0.4016226
0.40162826
0.40163472
0.4016417
0.40164918
0.40165716
0.40166557
0.40167394
0.40168157
0.4016877
0.40169182
0.40169352
0.40169275
0.40168977
0.40168476
0.40167788
0.4016692
0.40165886
0.40164736
0.4016354
0.40162396
0.4016139
0.40160593
0.4016009
0.40159908
0.40160075
0.40160578
0.4016136
0.40162334
0.401634
0.4016441
0.40165263
0.40165907
0.4016632
0.40166548
0.4016665
0.40166697
0.40166733
0.40166792
0.4016687
0.4016692
0.40166888
0.40166724
0.40166426
0.40166
0.40165514
0.40165034
0.40164632
0.40164375
0.40164334
0.40164554
0.40165085
0.40165922
0.40167022
0.40168312
0.40169653
0.40170905
0.40171924
0.40172598
0.4017287
0.40172705
0.4017216
0.4017131
0.40170273
0.40169173
0.40168104
0.40167114
0.40166232
0.40165427
0.40164655
0.40163887
0.40163118
0.40162373
0.40161732
0.40161288
0.40161183
0.4016155
0.40162575
0.4016445
0.4016743
0.40171897
0.4017838
0.40187663
0.40200832
0.4021949
0.4024591
0.40282983
0.4033486
0.40407306
0.40508187
0.40648204
0.4084166
0.4111077
0.4147805
0.41974527
0.4264758
0.43561545
0.4477741
