0.44255006
0.4320373
0.4241493
0.41820788
0.41376963
0.4104889
0.40808073
0.4063039
0.40499634
0.40403926
0.40333605
0.40281937
0.4024397
0.4021611
0.4019574
0.40180942
0.40170315
0.40162817
0.40157646
0.40154183
0.40151918
0.40150476
0.4014955
0.40148914
0.40148446
0.40148073
0.40147814
0.40147686
0.40147713
0.40147918
0.40148315
0.40148923
0.40149742
0.4015075
0.401519
0.4015313
0.40154368
0.40155557
0.40156662
0.40157676
0.40158588
0.40159407
0.40160125
0.40160713
0.40161142
0.40161404
0.40161493
0.4016143
0.40161264
0.4016105
0.40160877
0.40160832
0.40160963
0.4016128
0.4016175
0.4016232
0.40162915
0.4016349
0.40164027
0.40164554
0.4016511
0.4016575
0.4016651
0.4016742
0.4016846
0.40169588
0.40170717
0.4017178
0.40172687
0.40173373
0.40173772
0.40173832
0.40173537
0.40172908
0.4017201
0.4017096
0.4016988
0.40168926
0.40168232
0.40167895
0.40167955
0.40168422
0.40169233
0.40170297
0.40171474
0.40172642
0.4017365
0.40174368
0.40174708
0.40174565
0.4017391
0.40172732
0.4017106
0.40168965
0.40166545
0.40163928
0.40161234
0.40158594
0.40156135
0.40153956
0.40152168
0.40150818
0.40149933
0.40149468
0.4014934
0.40149456
0.4014971
0.40150008
0.40150303
0.4015055
0.40150717
0.40150797
0.40150812
0.40150827
0.4015087
0.40150997
0.40151212
0.4015152
0.40151876
0.40152243
0.40152556
0.40152737
0.40152737
0.4015252
0.40152055
0.40151343
0.40150437
0.4014941
0.40148357
0.4014738
0.4014657
0.40145975
0.4014563
0.40145528
0.40145662
0.4014601
0.40146542
0.40147215
0.40148
0.4014884
0.4014972
0.4015064
0.4015163
0.40152705
0.401539
0.4015522
0.4015664
0.40158117
0.40159586
0.40160978
0.40162268
0.40163475
0.4016465
0.40165868
0.40167174
0.40168583
0.4017004
0.40171444
0.40172672
0.40173572
0.40174022
0.40173927
0.4017323
0.40171924
0.40170053
0.40167686
0.40164965
0.40162003
0.40158966
0.40155956
0.40153107
0.4015053
0.401483
0.40146467
0.4014505
0.40144038
0.40143403
0.40143088
0.40143037
0.40143192
0.40143478
0.4014385
0.40144226
0.40144548
0.4014476
0.40144813
0.40144655
0.40144274
0.4014368
0.401429
0.40141967
0.40140936
0.40139854
0.40138772
0.40137777
0.40136942
0.40136337
0.40136024
0.40136048
0.40136424
0.40137154
0.40138212
0.40139568
0.40141177
0.40142977
0.40144908
0.40146884
0.40148836
0.40150687
0.401524
0.40153974
0.40155423
0.40156764
0.4015803
0.40159297
0.40160647
0.4016215
0.40163818
0.40165624
0.40167496
0.40169337
0.40171024
0.4017245
0.40173513
0.40174142
0.401743
0.40173998
0.40173304
0.40172297
0.40171084
0.40169764
0.40168422
0.40167144
0.40165964
0.40164906
0.40163958
0.40163088
0.40162286
0.40161523
0.40160802
0.40160117
0.40159476
0.40158874
0.40158316
0.40157828
0.40157476
0.40157327
0.4015743
0.4015781
0.4015847
0.4015939
0.40160495
0.40161696
0.40162894
0.40163973
0.4016488
0.4016557
0.4016607
0.4016642
0.40166664
0.4016686
0.40167016
0.40167156
0.4016728
0.40167412
0.4016756
0.40167728
0.40167898
0.40168047
0.40168145
0.40168175
0.40168107
0.4016791
0.40167606
0.40167195
0.40166718
0.40166193
0.40165597
0.4016489
0.40164
0.40162867
0.40161464
0.40159822
0.40158018
0.4015616
0.40154356
0.40152717
0.4015133
0.4015028
0.4014961
0.4014935
0.40149498
0.40150025
0.4015088
0.40152
0.4015333
0.40154812
0.40156397
0.40158033
0.40159646
0.40161127
0.4016236
0.4016325
0.401637
0.40163675
0.4016319
0.401623
0.40161115
0.4015972
0.40158224
0.40156704
0.40155217
0.40153813
0.40152553
0.40151477
0.40150613
0.40149993
0.40149587
0.40149382
0.40149316
0.40149325
0.4014934
0.40149295
0.40149152
0.40148908
0.40148562
0.40148172
0.40147743
0.40147316
0.40146914
0.40146568
0.40146312
0.40146163
0.4014613
0.4014623
0.40146428
0.401467
0.40146992
0.40147215
0.40147313
0.40147203
0.4014689
0.40146396
0.40145814
0.4014525
0.40144798
0.40144542
0.40144557
0.4014489
0.40145558
0.40146556
0.40147856
0.40149403
0.4015112
0.40152928
0.4015473
0.40156457
0.4015803
0.40159428
0.40160647
0.4016173
0.4016268
0.4016349
0.40164122
0.40164506
0.401646
0.40164378
0.40163848
0.4016306
0.40162063
0.4016092
0.40159678
0.4015839
0.40157095
0.4015583
0.40154663
0.4015361
0.40152737
0.40152055
0.40151584
0.40151316
0.40151244
0.40151381
0.40151724
0.4015227
0.4015297
0.4015379
0.40154636
0.40155426
0.40156066
0.40156505
0.40156692
0.40156677
0.40156513
0.40156302
0.40156102
0.40155983
0.40155953
0.40156
0.40156123
0.40156302
0.4015658
0.40157014
0.40157712
0.4015874
0.40160158
0.40161976
0.40164143
0.40166542
0.4016901
0.40171394
0.40173498
0.4017518
0.401763
0.4017679
0.4017662
0.4017581
0.40174446
0.4017263
0.40170515
0.40168256
0.40166003
0.40163895
0.4016202
0.40160438
0.40159172
0.401582
0.4015748
0.40156925
0.40156466
0.40156034
0.4015558
0.4015507
0.40154448
0.4015367
0.4015275
0.40151703
0.40150607
0.40149525
0.40148497
0.40147564
0.4014674
0.40146032
0.4014544
0.4014496
0.4014458
0.40144306
0.40144148
0.40144086
0.40144122
0.40144226
0.40144378
0.40144542
0.40144694
0.4014483
0.40144968
0.40145132
0.40145338
0.40145597
0.40145916
0.4014629
0.40146717
0.40147185
0.40147695
0.40148228
0.4014876
0.40149266
0.40149724
0.40150145
0.40150535
0.4015092
0.40151295
0.40151653
0.40151998
0.40152317
0.4015266
0.4015308
0.40153626
0.40154302
0.40155098
0.40155935
0.40156746
0.40157446
0.4015796
0.4015829
0.40158463
0.40158555
0.40158665
0.40158856
0.40159187
0.4015967
0.40160277
0.40160978
0.40161738
0.40162534
0.40163335
0.4016413
0.40164876
0.40165514
0.40165976
0.40166196
0.40166107
0.40165725
0.4016507
0.40164196
0.401632
0.40162152
0.401611
0.40160054
0.4015902
0.40157953
0.40156808
0.40155557
0.40154174
0.40152687
0.40151128
0.4014956
0.4014806
0.4014668
0.40145478
0.401445
0.4014379
0.40143377
0.40143263
0.40143457
0.40143925
0.40144625
0.40145487
0.40146437
0.40147394
0.40148282
0.40149042
0.40149644
0.40150067
0.40150297
0.4015036
0.40150282
0.40150097
0.4014988
0.40149736
0.40149757
0.40150067
0.4015075
0.40151876
0.40153477
0.40155533
0.40157956
0.4016064
0.4016342
0.4016612
0.4016859
0.40170702
0.40172356
0.40173507
0.4017413
0.4017426
0.40173948
0.4017327
0.40172294
0.40171096
0.40169737
0.4016829
0.40166807
0.4016532
0.40163848
0.40162396
0.40160993
0.4015964
0.40158367
0.40157187
0.40156126
0.4015518
0.40154323
0.40153533
0.4015279
0.40152103
0.401515
0.4015105
0.40150827
0.40150887
0.4015128
0.40152025
0.401531
0.401545
0.4015617
0.40158027
0.40159956
0.4016181
0.40163445
0.40164754
0.4016567
0.40166202
0.40166423
0.4016645
0.4016642
0.40166467
0.40166706
0.401672
0.40167987
0.40169027
0.4017027
0.4017164
0.40173045
0.40174353
0.4017544
0.40176165
0.40176404
0.4017608
0.4017517
0.40173712
0.401718
0.40169576
0.4016722
0.4016494
0.40162888
0.40161183
0.40159878
0.40158987
0.4015848
0.401583
0.40158403
0.40158725
0.40159202
0.40159762
0.40160322
0.40160784
0.40161073
0.40161142
0.40160987
0.4016064
0.4016016
0.40159598
0.40158996
0.40158382
0.40157753
0.4015712
0.40156496
0.40155905
0.4015538
0.40154934
0.40154582
0.40154305
0.40154114
0.4015402
0.40154046
0.4015421
0.4015448
0.40154848
0.4015526
0.40155685
0.4015612
0.40156573
0.40157035
0.4015748
0.40157846
0.40158093
0.4015817
0.40158072
0.4015781
0.40157402
0.40156883
0.40156257
0.40155575
0.40154877
0.40154254
0.40153787
0.4015355
0.40153605
0.40153974
0.40154696
0.4015574
0.40157062
0.40158594
0.40160248
0.40161896
0.40163383
0.40164533
0.4016521
0.401653
0.40164778
0.4016368
0.40162116
0.40160248
0.40158257
0.40156314
0.4015456
0.40153116
0.40152025
0.401513
0.4015092
0.40150818
0.4015092
0.4015114
0.4015142
0.40151706
0.40151998
0.4015228
0.40152574
0.40152887
0.40153217
0.4015362
0.40154096
0.4015464
0.40155223
0.4015584
0.40156463
0.40157086
0.40157703
0.4015834
0.40158996
0.4015969
0.4016041
0.40161142
0.4016194
0.4016282
0.40163806
0.40164888
0.40166065
0.40167338
0.4016866
0.40169966
0.40171155
0.401721
0.40172723
0.40172976
0.40172875
0.40172473
0.4017185
0.40171143
0.40170446
0.40169844
0.4016938
0.40169054
0.40168825
0.4016866
0.40168512
0.40168312
0.40167987
0.4016749
0.40166798
0.40165928
0.40164906
0.4016377
0.40162578
0.40161392
0.4016028
0.40159306
0.40158525
0.40157992
0.40157753
0.40157855
0.40158293
0.40159068
0.40160143
0.40161458
0.40162906
0.4016438
0.40165734
0.40166846
0.4016762
0.4016801
0.4016802
0.40167716
0.40167218
0.40166637
0.40166125
0.40165827
0.40165913
0.40166613
0.401682
0.4017102
0.40175518
0.40182263
0.40192023
0.40205854
0.40225267
0.4025244
0.40290186
0.40342596
0.4041538
0.4051637
0.4065623
0.40849268
0.4111769
0.4148414
0.4197968
0.4265168
0.4356466
0.44779608
