0.44267687
0.43220377
0.4243506
0.41843972
0.41402704
0.41076726
0.40837365
0.40660644
0.405305
0.4043508
0.4036483
0.40313038
0.4027476
0.40246385
0.40225297
0.40209612
0.40197995
0.40189445
0.40183216
0.40178716
0.40175495
0.40173173
0.40171498
0.401703
0.40169498
0.4016906
0.40169004
0.40169322
0.40170002
0.4017096
0.40172085
0.40173227
0.40174237
0.40174997
0.40175402
0.40175402
0.40174958
0.40174085
0.40172824
0.40171272
0.4016953
0.40167743
0.40166032
0.40164486
0.40163162
0.40162104
0.40161303
0.4016079
0.40160584
0.40160683
0.40161067
0.4016166
0.40162396
0.40163174
0.4016393
0.4016463
0.40165263
0.40165842
0.4016636
0.40166792
0.40167096
0.40167204
0.40167063
0.40166658
0.40166008
0.40165177
0.40164262
0.40163386
0.40162644
0.40162107
0.40161797
0.4016172
0.40161875
0.40162247
0.4016289
0.40163842
0.4016516
0.40166873
0.40168986
0.4017145
0.40174174
0.40177047
0.40179938
0.4018274
0.40185374
0.40187776
0.40189904
0.40191713
0.40193173
0.4019426
0.4019496
0.4019527
0.40195182
0.40194693
0.40193805
0.401925
0.40190777
0.40188652
0.4018616
0.40183368
0.40180346
0.40177175
0.40173963
0.40170783
0.4016772
0.40164822
0.40162098
0.40159556
0.40157193
0.40155008
0.40153053
0.40151373
0.4015
0.4014898
0.4014834
0.40148082
0.4014819
0.4014867
0.40149498
0.40150672
0.40152165
0.40153953
0.40155974
0.40158162
0.40160435
0.40162683
0.40164793
0.40166655
0.40168178
0.40169322
0.40170085
0.4017052
0.4017071
0.40170732
0.40170655
0.40170524
0.40170348
0.4017013
0.4016982
0.40169367
0.4016872
0.40167835
0.40166664
0.40165222
0.40163532
0.40161672
0.40159738
0.40157884
0.4015623
0.4015487
0.40153876
0.4015326
0.4015299
0.40153044
0.40153366
0.4015395
0.40154755
0.40155753
0.4015687
0.40158042
0.4015915
0.40160075
0.40160674
0.4016084
0.40160528
0.4015975
0.40158573
0.40157115
0.401555
0.4015385
0.4015227
0.40150824
0.40149584
0.40148565
0.40147784
0.40147272
0.40147018
0.40147018
0.40147266
0.40147775
0.40148556
0.4014961
0.4015093
0.40152478
0.40154183
0.40155974
0.4015774
0.40159398
0.4016089
0.4016215
0.40163088
0.40163633
0.40163746
0.40163413
0.40162668
0.40161583
0.40160272
0.40158835
0.4015737
0.40155926
0.4015454
0.40153244
0.40152073
0.40151048
0.40150195
0.40149522
0.40149045
0.40148804
0.4014885
0.40149257
0.40150052
0.40151244
0.40152833
0.40154755
0.4015694
0.40159306
0.40161774
0.40164256
0.40166703
0.4016904
0.40171227
0.4017324
0.4017509
0.40176815
0.4017847
0.40180096
0.40181708
0.40183267
0.40184745
0.4018609
0.40187255
0.40188187
0.40188858
0.40189233
0.4018928
0.4018901
0.40188405
0.40187475
0.40186244
0.40184718
0.4018295
0.40180957
0.4017879
0.40176466
0.40173995
0.401714
0.4016872
0.4016603
0.40163386
0.40160877
0.40158576
0.40156564
0.40154907
0.40153646
0.40152794
0.40152347
0.4015228
0.40152568
0.40153173
0.40154073
0.40155244
0.40156665
0.40158308
0.4016014
0.40162098
0.40164122
0.40166137
0.40168053
0.40169775
0.40171182
0.40172166
0.40172657
0.40172586
0.4017198
0.40170863
0.4016934
0.4016753
0.4016557
0.401636
0.4016172
0.40160015
0.40158513
0.4015722
0.40156105
0.4015513
0.40154243
0.40153423
0.40152666
0.40151998
0.40151438
0.40150997
0.4015067
0.40150434
0.40150267
0.40150136
0.4014999
0.4014983
0.4014961
0.40149328
0.40148968
0.40148547
0.40148118
0.40147728
0.40147412
0.40147182
0.40147033
0.4014695
0.4014691
0.40146908
0.4014695
0.4014712
0.4014748
0.40148112
0.401491
0.40150476
0.4015228
0.401545
0.40157118
0.40160063
0.40163216
0.40166453
0.4016961
0.4017252
0.4017505
0.4017709
0.40178552
0.40179387
0.40179566
0.40179083
0.4017797
0.40176308
0.40174186
0.4017175
0.40169165
0.4016658
0.40164164
0.40162048
0.40160334
0.40159085
0.40158322
0.40158007
0.4015806
0.40158382
0.4015886
0.40159398
0.4015992
0.40160325
0.40160552
0.4016054
0.40160304
0.40159875
0.40159357
0.40158877
0.4015858
0.40158564
0.4015892
0.40159664
0.4016077
0.40162167
0.40163758
0.40165403
0.40167007
0.40168482
0.40169773
0.4017087
0.40171793
0.40172595
0.4017334
0.4017407
0.40174785
0.40175453
0.40176028
0.4017647
0.4017676
0.40176895
0.4017689
0.4017675
0.4017649
0.40176123
0.4017568
0.40175208
0.40174782
0.40174502
0.40174457
0.40174696
0.401752
0.4017589
0.40176645
0.4017732
0.40177795
0.40177974
0.4017781
0.40177277
0.40176404
0.40175238
0.4017385
0.4017228
0.40170574
0.4016874
0.40166792
0.40164736
0.4016261
0.40160477
0.40158415
0.40156522
0.40154868
0.401535
0.4015243
0.40151653
0.40151152
0.40150917
0.40150928
0.40151185
0.4015167
0.40152362
0.40153235
0.40154216
0.40155226
0.40156153
0.40156892
0.40157357
0.40157518
0.40157384
0.40157035
0.40156546
0.40156
0.40155435
0.40154886
0.40154353
0.40153837
0.40153354
0.40152943
0.40152627
0.40152466
0.4015251
0.4015281
0.40153363
0.4015418
0.40155223
0.40156457
0.40157804
0.40159193
0.40160552
0.40161824
0.40163016
0.4016415
0.40165237
0.40166304
0.40167314
0.40168217
0.40168896
0.4016926
0.40169236
0.40168786
0.40167925
0.40166706
0.4016523
0.4016361
0.4016196
0.40160397
0.4015899
0.40157795
0.4015683
0.40156108
0.40155604
0.4015529
0.4015512
0.40155053
0.40155035
0.40155023
0.40155017
0.4015502
0.40155044
0.40155104
0.40155223
0.40155414
0.4015566
0.4015595
0.40156263
0.401566
0.40156996
0.40157485
0.40158093
0.4015883
0.40159672
0.40160602
0.40161595
0.40162602
0.40163597
0.40164578
0.40165555
0.40166554
0.40167552
0.40168512
0.4016935
0.40169942
0.40170208
0.40170047
0.40169463
0.40168485
0.40167195
0.401657
0.4016413
0.40162608
0.40161222
0.4016002
0.40159017
0.40158197
0.40157506
0.40156862
0.40156186
0.40155405
0.40154496
0.40153468
0.40152362
0.40151262
0.4015022
0.40149307
0.40148574
0.40148026
0.40147677
0.40147513
0.4014753
0.40147734
0.40148124
0.40148684
0.401494
0.40150207
0.40151036
0.40151823
0.4015253
0.40153152
0.4015372
0.4015426
0.40154842
0.4015553
0.401564
0.40157494
0.40158826
0.40160358
0.40162048
0.40163803
0.40165505
0.4016703
0.40168226
0.40168992
0.40169284
0.40169093
0.40168497
0.4016763
0.40166628
0.40165642
0.40164766
0.40164095
0.40163654
0.40163445
0.40163437
0.40163562
0.40163758
0.4016397
0.4016417
0.40164343
0.40164486
0.40164617
0.40164754
0.40164906
0.40165055
0.40165153
0.40165108
0.40164822
0.40164223
0.40163282
0.4016204
0.40160567
0.40158993
0.4015747
0.40156138
0.40155128
0.40154535
0.4015442
0.40154815
0.40155685
0.40156972
0.4015856
0.4016033
0.4016214
0.40163872
0.40165442
0.4016678
0.40167812
0.401685
0.40168804
0.40168738
0.40168318
0.40167588
0.40166593
0.401654
0.4016405
0.40162626
0.40161175
0.40159744
0.40158367
0.4015706
0.40155834
0.40154698
0.40153688
0.40152842
0.4015222
0.4015184
0.40151712
0.4015182
0.40152106
0.40152502
0.40152934
0.4015333
0.4015361
0.4015374
0.40153712
0.40153578
0.401534
0.40153274
0.40153277
0.40153477
0.40153906
0.40154573
0.40155488
0.40156618
0.4015788
0.40159178
0.40160364
0.40161294
0.40161833
0.4016191
0.40161532
0.40160763
0.40159744
0.4015861
0.40157518
0.401566
0.40155965
0.40155706
0.40155894
0.4015657
0.40157717
0.40159282
0.40161133
0.4016313
0.40165082
0.40166837
0.40168285
0.4016935
0.40170038
0.40170413
0.40170583
0.40170676
0.40170813
0.40171045
0.40171397
0.40171838
0.40172344
0.40172902
0.40173498
0.40174156
0.40174833
0.40175483
0.40176055
0.4017647
0.4017667
0.40176618
0.40176323
0.4017579
0.40175053
0.40174145
0.40173104
0.40171966
0.40170747
0.401695
0.401683
0.40167227
0.40166375
0.4016581
0.40165585
0.4016574
0.40166277
0.40167177
0.4016836
0.40169725
0.40171155
0.40172517
0.40173736
0.4017477
0.40175617
0.40176314
0.4017692
0.40177476
0.40178037
0.40178618
0.40179184
0.4017968
0.4018002
0.40180126
0.4017995
0.40179473
0.40178722
0.40177763
0.401767
0.40175655
0.4017477
0.4017417
0.40173933
0.40174106
0.40174687
0.40175626
0.40176833
0.40178177
0.4017953
0.4018076
0.4018175
0.40182418
0.40182698
0.4018258
0.40182066
0.4018124
0.40180165
0.40178952
0.40177715
0.40176556
0.40175557
0.40174744
0.40174088
0.40173516
0.4017292
0.4017217
0.4017116
0.4016984
0.4016819
0.40166244
0.40164104
0.40161893
0.40159735
0.40157768
0.40156096
0.40154797
0.40153927
0.4015351
0.40153542
0.40154004
0.40154824
0.40155926
0.40157175
0.4015845
0.40159586
0.40160477
0.4016105
0.40161288
0.40161234
0.40160978
0.40160644
0.4016036
0.40160233
0.40160337
0.4016068
0.40161222
0.40161872
0.4016253
0.40163088
0.40163466
0.4016366
0.40163702
0.40163672
0.4016364
0.40163675
0.40163833
0.40164137
0.40164623
0.401653
0.4016616
0.40167177
0.40168294
0.4016947
0.40170613
0.4017165
0.4017252
0.40173194
0.4017368
0.40174022
0.40174276
0.40174544
0.40174907
0.4017542
0.40176088
0.4017687
0.40177673
0.40178376
0.40178847
0.40178978
0.40178692
0.4017797
0.40176836
0.4017537
0.40173694
0.4017198
0.40170413
0.4016917
0.40168387
0.40168136
0.40168425
0.40169203
0.40170348
0.40171713
0.40173107
0.40174365
0.40175325
0.40175885
0.40175965
0.4017555
0.40174624
0.40173256
0.4017151
0.4016949
0.40167338
0.4016519
0.4016315
0.40161338
0.4015981
0.40158582
0.40157658
0.40157005
0.40156555
0.40156278
0.40156135
0.40156138
0.40156308
0.40156677
0.40157256
0.40158054
0.4015906
0.40160227
0.4016154
0.4016295
0.40164375
0.40165734
0.40166903
0.40167797
0.40168348
0.40168533
0.40168336
0.40167806
0.40166995
0.40165976
0.4016481
0.40163538
0.40162218
0.40160903
0.40159658
0.40158528
0.40157592
0.4015688
0.40156403
0.40156153
0.40156105
0.4015619
0.40156353
0.40156564
0.4015677
0.4015694
0.40157086
0.40157247
0.4015748
0.40157887
0.4015857
0.40159598
0.40160993
0.40162727
0.40164724
0.40166846
0.40168938
0.4017084
0.40172404
0.40173534
0.40174145
0.40174192
0.4017368
0.40172628
0.40171126
0.40169293
0.40167263
0.40165177
0.4016319
0.4016142
0.40159974
0.40158954
0.40158412
0.4015839
0.40158913
0.40159962
0.40161508
0.4016347
0.40165713
0.4016807
0.40170342
0.40172356
0.4017397
0.4017507
0.40175608
0.40175584
0.40175012
0.40173966
0.4017254
0.40170866
0.4016904
0.401672
0.4016545
0.40163866
0.40162528
0.40161484
0.40160775
0.4016042
0.40160406
0.4016069
0.40161204
0.4016185
0.40162534
0.4016312
0.40163532
0.40163717
0.40163642
0.401633
0.4016269
0.40161797
0.40160638
0.40159255
0.40157717
0.40156105
0.40154493
0.40152925
0.40151456
0.401501
0.4014891
0.40147895
0.40147066
0.4014641
0.40145907
0.40145507
0.4014518
0.40144902
0.40144628
0.40144303
0.40143865
0.40143275
0.40142527
0.40141648
0.4014073
0.40139875
0.40139225
0.40138897
0.4013898
0.4013953
0.40140596
0.40142176
0.40144265
0.40146813
0.40149742
0.40152937
0.40156272
0.40159568
0.4016265
0.40165344
0.40167487
0.40168977
0.40169775
0.40169907
0.40169474
0.4016865
0.40167618
0.40166575
0.40165678
0.40165043
0.40164727
0.40164736
0.4016505
0.4016559
0.40166306
0.40167114
0.4016797
0.40168825
0.40169695
0.40170616
0.40171665
0.4017291
0.4017441
0.40176156
0.4017811
0.40180176
0.4018223
0.4018416
0.40185863
0.40187237
0.4018821
0.40188727
0.40188766
0.40188324
0.4018745
0.4018618
0.40184617
0.40182874
0.4018108
0.40179378
0.40177876
0.4017667
0.4017581
0.4017531
0.4017512
0.40175188
0.40175444
0.40175804
0.40176165
0.4017641
0.40176424
0.4017611
0.4017541
0.40174294
0.40172794
0.4017097
0.40168902
0.40166706
0.40164477
0.40162313
0.40160286
0.4015845
0.4015682
0.4015543
0.4015432
0.40153524
0.401531
0.40153092
0.40153518
0.4015437
0.4015565
0.40157285
0.40159193
0.40161258
0.4016332
0.4016521
0.4016678
0.40167913
0.40168557
0.40168726
0.40168476
0.40167895
0.4016708
0.40166146
0.40165156
0.40164155
0.4016319
0.40162265
0.40161398
0.40160578
0.40159792
0.40159017
0.40158236
0.40157434
0.40156618
0.40155822
0.4015507
0.4015442
0.4015391
0.4015355
0.40153366
0.40153366
0.40153557
0.4015394
0.401545
0.40155208
0.40156007
0.40156856
0.40157682
0.40158424
0.40159044
0.40159488
0.40159726
0.40159783
0.4015969
0.40159476
0.40159193
0.40158856
0.40158492
0.40158114
0.40157765
0.40157512
0.40157428
0.40157574
0.40158007
0.40158752
0.4015981
0.40161163
0.40162745
0.40164477
0.4016623
0.40167898
0.40169373
0.40170595
0.40171495
0.4017204
0.40172246
0.40172148
0.40171826
0.401714
0.4017099
0.40170708
0.40170616
0.40170744
0.40171084
0.4017156
0.401721
0.40172565
0.40172842
0.40172827
0.40172467
0.40171745
0.40170702
0.40169415
0.4016798
0.40166485
0.40165013
0.40163615
0.40162325
0.4016117
0.40160164
0.40159324
0.4015868
0.40158272
0.40158075
0.40158057
0.40158153
0.40158266
0.40158314
0.40158248
0.4015808
0.40157863
0.40157712
0.40157726
0.40158004
0.40158597
0.401595
0.40160662
0.40161985
0.40163317
0.40164497
0.40165362
0.40165818
0.40165776
0.4016524
0.40164247
0.401629
0.40161347
0.40159732
0.40158185
0.4015683
0.40155745
0.40154994
0.40154588
0.40154544
0.40154862
0.40155575
0.40156683
0.4015821
0.40160117
0.40162343
0.40164772
0.4016725
0.40169603
0.40171638
0.40173212
0.40174177
0.40174493
0.40174147
0.401732
0.40171745
0.40169922
0.40167868
0.40165743
0.40163687
0.4016179
0.40160125
0.40158668
0.40157408
0.40156263
0.40155157
0.40154013
0.4015279
0.40151483
0.40150094
0.40148664
0.40147233
0.40145853
0.40144566
0.401434
0.40142396
0.4014155
0.4014087
0.40140358
0.40140012
0.40139842
0.4013986
0.4014008
0.4014053
0.40141204
0.4014209
0.40143156
0.40144354
0.40145615
0.40146863
0.4014798
0.40148878
0.40149483
0.40149784
0.40149826
0.4014968
0.4014944
0.40149194
0.40148988
0.4014888
0.4014885
0.40148863
0.40148854
0.4014874
0.4014846
0.40147996
0.4014737
0.40146667
0.40145984
0.40145436
0.4014511
0.4014508
0.4014538
0.4014601
0.40146938
0.401481
0.40149423
0.40150815
0.40152183
0.40153438
0.4015451
0.4015537
0.40156007
0.4015642
0.40156603
0.40156564
0.40156326
0.4015596
0.4015552
0.4015512
0.40154824
0.40154696
0.40154764
0.40155026
0.4015546
0.40156034
0.4015668
0.4015735
0.40158033
0.40158692
0.40159297
0.4015981
0.40160167
0.40160325
0.4016026
0.4015998
0.40159506
0.40158862
0.4015808
0.40157187
0.40156242
0.40155318
0.40154502
0.40153864
0.40153444
0.40153274
0.40153357
0.40153685
0.40154213
0.40154892
0.40155685
0.40156522
0.40157402
0.40158316
0.4015929
0.4016036
0.40161535
0.40162814
0.4016415
0.40165448
0.40166605
0.40167475
0.40167946
0.40167937
0.40167412
0.40166393
0.4016494
0.4016318
0.40161252
0.40159297
0.40157446
0.4015579
0.40154392
0.40153295
0.401525
0.40152013
0.40151834
0.4015193
0.40152273
0.40152812
0.4015348
0.4015421
0.4015492
0.40155575
0.40156147
0.40156618
0.40156972
0.4015723
0.40157402
0.4015752
0.40157598
0.40157655
0.40157664
0.40157616
0.40157503
0.4015731
0.40157086
0.4015687
0.40156725
0.4015672
0.40156916
0.4015739
0.40158245
0.4015958
0.4016149
0.40164095
0.40167534
0.40172023
0.40177852
0.40185523
0.40195757
0.40209636
0.40228757
0.4025545
0.40292665
0.40344584
0.40416986
0.40517703
0.40657404
0.40850362
0.4111877
0.41485217
0.4198073
0.42652667
0.43565512
0.4478026
