0.4426876
0.43221703
0.42436495
0.41845363
0.41403848
0.41077426
0.4083743
0.40659887
0.40528774
0.4043231
0.40360954
0.4030801
0.40268537
0.4023891
0.4021648
0.40199336
0.40186146
0.40175948
0.4016808
0.40162054
0.40157515
0.40154183
0.40151843
0.40150315
0.40149453
0.4014912
0.40149188
0.40149528
0.4014999
0.40150464
0.40150824
0.40151024
0.40151036
0.40150896
0.40150666
0.40150425
0.40150246
0.4015022
0.40150407
0.40150836
0.40151528
0.40152478
0.40153688
0.40155128
0.40156764
0.4015853
0.40160343
0.40162107
0.40163705
0.40165043
0.40166005
0.40166533
0.40166602
0.40166238
0.40165508
0.4016451
0.40163344
0.40162107
0.40160903
0.4015981
0.40158877
0.4015812
0.40157524
0.4015707
0.40156725
0.40156457
0.40156224
0.4015599
0.40155703
0.40155327
0.4015484
0.4015424
0.4015355
0.40152833
0.40152165
0.40151632
0.40151298
0.40151218
0.4015145
0.40152022
0.4015293
0.4015414
0.40155593
0.40157187
0.4015879
0.4016027
0.4016149
0.40162367
0.40162885
0.40163088
0.4016307
0.40162942
0.40162805
0.4016273
0.4016275
0.40162873
0.40163082
0.40163332
0.40163612
0.40163866
0.40164024
0.40164
0.40163702
0.4016307
0.4016208
0.40160775
0.40159234
0.4015757
0.40155894
0.40154314
0.401529
0.40151706
0.4015074
0.4015001
0.40149522
0.40149257
0.40149197
0.40149304
0.4014957
0.4014994
0.4015039
0.4015092
0.4015155
0.40152314
0.4015325
0.4015437
0.40155673
0.40157118
0.4015866
0.40160242
0.40161833
0.40163437
0.40165058
0.4016671
0.40168345
0.40169924
0.4017136
0.40172595
0.40173596
0.40174368
0.40174925
0.40175316
0.40175587
0.4017577
0.40175864
0.40175858
0.40175748
0.4017553
0.40175217
0.40174818
0.40174314
0.40173674
0.40172815
0.40171665
0.40170172
0.4016833
0.40166134
0.40163672
0.40161023
0.401583
0.40155593
0.4015301
0.40150633
0.40148535
0.40146795
0.4014544
0.40144503
0.40144002
0.40143916
0.40144205
0.40144825
0.40145698
0.40146744
0.40147886
0.4014902
0.40150082
0.40150997
0.4015175
0.40152374
0.40152892
0.40153357
0.40153825
0.40154362
0.40155038
0.40155867
0.4015687
0.4015801
0.4015921
0.40160364
0.40161362
0.4016209
0.40162498
0.40162584
0.4016242
0.40162104
0.40161744
0.40161443
0.4016126
0.40161246
0.4016138
0.40161645
0.4016196
0.40162256
0.4016242
0.40162364
0.40162006
0.40161327
0.40160298
0.40158966
0.4015741
0.40155736
0.40154043
0.40152422
0.4015097
0.40149716
0.40148693
0.40147918
0.40147388
0.40147102
0.4014706
0.40147233
0.40147606
0.40148154
0.40148878
0.40149766
0.40150812
0.4015201
0.40153322
0.40154704
0.40156114
0.40157485
0.40158758
0.4015985
0.40160695
0.40161237
0.4016145
0.40161362
0.40161023
0.40160498
0.4015985
0.40159148
0.40158468
0.4015789
0.40157494
0.40157324
0.40157425
0.40157792
0.40158418
0.4015925
0.40160227
0.4016127
0.40162274
0.40163183
0.40163916
0.40164474
0.40164858
0.4016511
0.40165254
0.40165287
0.4016517
0.40164843
0.4016423
0.40163305
0.40162063
0.40160555
0.4015887
0.4015712
0.40155426
0.40153894
0.40152618
0.40151674
0.40151107
0.40150946
0.4015119
0.40151823
0.4015284
0.40154213
0.40155926
0.40157938
0.40160185
0.40162584
0.4016501
0.4016731
0.40169343
0.4017098
0.4017213
0.4017275
0.40172845
0.40172476
0.40171742
0.4017076
0.40169644
0.40168512
0.40167433
0.40166494
0.40165737
0.40165222
0.40164965
0.4016492
0.40165025
0.4016514
0.40165105
0.40164766
0.40163997
0.4016273
0.4016097
0.40158784
0.40156308
0.40153724
0.40151215
0.40148965
0.40147102
0.40145725
0.40144882
0.40144575
0.40144804
0.40145522
0.40146685
0.40148225
0.401501
0.4015224
0.40154567
0.40157
0.4015941
0.40161672
0.40163624
0.40165162
0.40166184
0.4016668
0.4016669
0.40166304
0.40165678
0.4016499
0.401644
0.40164033
0.4016396
0.40164182
0.40164635
0.40165192
0.4016572
0.40166074
0.40166137
0.4016582
0.40165076
0.40163928
0.40162423
0.40160662
0.40158758
0.4015681
0.40154967
0.40153325
0.4015198
0.40150988
0.40150362
0.401501
0.4015017
0.40150538
0.40151167
0.40152055
0.40153193
0.4015459
0.4015622
0.40158036
0.4015996
0.40161866
0.4016365
0.40165216
0.401665
0.40167505
0.40168253
0.40168798
0.40169173
0.40169406
0.40169474
0.40169367
0.40169093
0.4016865
0.40168077
0.40167424
0.40166736
0.40166044
0.40165392
0.40164813
0.40164343
0.40163982
0.401637
0.40163437
0.40163124
0.40162674
0.40162048
0.40161234
0.40160286
0.40159306
0.40158424
0.40157753
0.40157416
0.40157488
0.40158
0.4015892
0.40160173
0.4016164
0.4016316
0.4016456
0.40165657
0.40166306
0.40166414
0.40165976
0.4016505
0.40163755
0.40162265
0.4016076
0.4015939
0.40158263
0.40157434
0.40156922
0.40156674
0.401566
0.40156588
0.4015649
0.40156204
0.40155655
0.40154812
0.40153685
0.4015233
0.4015081
0.40149206
0.40147585
0.40146014
0.40144557
0.40143293
0.40142304
0.4014166
0.40141428
0.4014165
0.40142372
0.40143594
0.40145287
0.40147436
0.40149984
0.40152887
0.40156057
0.4015942
0.40162873
0.4016632
0.40169686
0.40172908
0.40175974
0.40178865
0.40181538
0.40183967
0.40186137
0.40188032
0.40189648
0.40190944
0.4019191
0.40192515
0.40192744
0.40192592
0.40192056
0.40191156
0.40189895
0.4018831
0.401864
0.40184203
0.4018174
0.40179077
0.40176266
0.40173364
0.4017041
0.40167454
0.4016456
0.4016179
0.40159214
0.40156886
0.40154856
0.40153188
0.4015192
0.40151098
0.40150738
0.4015085
0.40151432
0.4015245
0.401539
0.4015573
0.40157914
0.401604
0.4016314
0.4016604
0.40168977
0.40171802
0.40174353
0.40176472
0.4017803
0.4017892
0.40179065
0.4017846
0.40177143
0.40175205
0.40172753
0.40169954
0.4016698
0.40164003
0.40161163
0.40158588
0.40156358
0.40154514
0.40153053
0.40151963
0.4015119
0.40150717
0.40150514
0.40150568
0.40150863
0.40151408
0.40152192
0.40153202
0.40154383
0.40155688
0.40157053
0.4015839
0.40159637
0.4016073
0.4016162
0.40162268
0.40162617
0.40162635
0.40162328
0.4016176
0.4016103
0.40160313
0.40159747
0.4015945
0.40159506
0.40159938
0.40160722
0.40161788
0.40163
0.40164223
0.40165323
0.4016617
0.40166652
0.40166757
0.4016649
0.40165943
0.4016523
0.4016449
0.40163848
0.40163428
0.401633
0.40163514
0.4016406
0.40164903
0.4016593
0.40167034
0.40168047
0.40168825
0.40169263
0.40169293
0.40168902
0.40168095
0.40166956
0.4016555
0.4016397
0.4016231
0.40160665
0.40159112
0.4015776
0.40156713
0.40156037
0.4015577
0.401559
0.4015638
0.40157145
0.401581
0.40159136
0.40160134
0.4016101
0.40161702
0.40162206
0.40162513
0.40162656
0.40162674
0.40162587
0.40162396
0.4016207
0.40161577
0.40160885
0.4016
0.40158948
0.40157786
0.40156573
0.40155345
0.40154132
0.40152943
0.40151808
0.40150705
0.40149644
0.40148625
0.40147656
0.4014676
0.40145952
0.40145224
0.4014455
0.40143943
0.40143412
0.4014301
0.401428
0.40142858
0.40143234
0.40143955
0.40145043
0.40146476
0.40148243
0.40150294
0.40152586
0.40155068
0.40157664
0.4016029
0.40162814
0.4016509
0.40166962
0.40168285
0.40168965
0.4016897
0.4016834
0.4016716
0.40165573
0.4016373
0.40161777
0.4015985
0.4015806
0.4015647
0.40155128
0.4015403
0.4015314
0.40152422
0.40151823
0.4015129
0.40150803
0.40150374
0.4015001
0.40149742
0.40149564
0.4014948
0.40149462
0.40149504
0.40149605
0.4014975
0.4014998
0.40150297
0.4015075
0.40151373
0.4015221
0.40153286
0.40154606
0.4015617
0.4015793
0.40159836
0.4016181
0.40163812
0.401658
0.4016773
0.40169555
0.40171197
0.40172553
0.40173507
0.4017396
0.40173844
0.4017317
0.4017198
0.4017035
0.40168408
0.40166283
0.40164098
0.40161976
0.4016002
0.4015833
0.4015696
0.4015594
0.40155277
0.40154982
0.40155038
0.40155414
0.40156087
0.40157032
0.40158227
0.40159658
0.40161303
0.40163147
0.40165165
0.4016737
0.40169868
0.40172884
0.4017683
0.40182313
0.4019023
0.40201798
0.40218693
0.4024343
0.4027899
0.40329614
0.40401143
0.40501475
0.40641323
0.40834934
0.4110448
0.41472372
0.41969576
0.42643473
0.43558306
0.44775057
