0.4426219
0.4321283
0.42425317
0.4183183
0.4138799
0.4105931
0.40817404
0.40638354
0.40506202
0.4040928
0.40338045
0.40285796
0.40247524
0.40219498
0.40198976
0.4018393
0.40172884
0.40164772
0.40158805
0.40154403
0.40151167
0.40148786
0.4014706
0.40145862
0.40145093
0.40144697
0.4014462
0.40144783
0.40145147
0.40145656
0.40146247
0.40146872
0.4014747
0.40148002
0.40148458
0.4014885
0.40149206
0.40149552
0.40149906
0.40150285
0.40150684
0.40151104
0.40151542
0.40151966
0.4015236
0.40152696
0.40152994
0.40153304
0.40153664
0.40154117
0.4015467
0.40155327
0.40156072
0.40156877
0.401577
0.4015852
0.40159312
0.4016009
0.40160823
0.4016149
0.40162036
0.40162376
0.40162426
0.4016214
0.40161508
0.4016056
0.40159366
0.4015802
0.40156618
0.40155223
0.40153894
0.40152645
0.40151522
0.40150568
0.4014984
0.40149376
0.40149206
0.40149343
0.40149796
0.40150568
0.40151665
0.4015313
0.40154988
0.40157235
0.40159842
0.4016274
0.40165806
0.40168902
0.40171832
0.40174428
0.40176517
0.40177992
0.4017879
0.40178922
0.4017843
0.40177408
0.40175962
0.40174237
0.4017238
0.40170538
0.40168828
0.40167338
0.40166107
0.40165138
0.4016436
0.40163675
0.4016297
0.40162113
0.40161043
0.40159717
0.4015814
0.4015635
0.4015442
0.40152448
0.4015051
0.401487
0.4014709
0.40145752
0.4014477
0.40144226
0.4014418
0.40144694
0.40145797
0.40147507
0.40149805
0.40152648
0.4015596
0.40159616
0.401635
0.40167448
0.40171316
0.40174976
0.40178332
0.40181306
0.40183866
0.40185985
0.40187645
0.4018883
0.40189573
0.40189895
0.40189847
0.40189454
0.4018877
0.40187818
0.4018661
0.4018517
0.40183482
0.40181553
0.40179396
0.40177044
0.40174568
0.40172035
0.4016955
0.40167242
0.40165216
0.40163565
0.40162364
0.40161633
0.40161362
0.4016148
0.40161884
0.40162438
0.40162998
0.4016345
0.40163732
0.40163836
0.4016384
0.40163863
0.40164077
0.40164632
0.40165657
0.4016719
0.401692
0.4017159
0.40174186
0.40176794
0.4017924
0.40181357
0.4018303
0.40184182
0.40184763
0.40184763
0.401842
0.40183112
0.4018157
0.4017968
0.4017755
0.40175316
0.40173134
0.4017111
0.40169337
0.40167868
0.40166718
0.40165898
0.401654
0.40165204
0.40165246
0.40165448
0.401657
0.40165895
0.40165964
0.4016588
0.40165684
0.4016547
0.40165332
0.4016535
0.40165582
0.40166053
0.4016674
0.401676
0.4016859
0.4016964
0.4017069
0.40171665
0.40172476
0.40173078
0.4017343
0.401735
0.40173277
0.40172762
0.40171963
0.40170926
0.40169677
0.40168303
0.40166888
0.40165535
0.40164304
0.40163234
0.40162307
0.40161476
0.40160644
0.40159726
0.40158638
0.4015735
0.40155888
0.401543
0.40152666
0.4015109
0.40149674
0.40148515
0.40147704
0.4014729
0.40147284
0.4014766
0.40148342
0.4014924
0.40150264
0.4015133
0.401524
0.4015347
0.40154567
0.40155733
0.40156993
0.4015833
0.40159723
0.4016111
0.40162426
0.40163592
0.40164515
0.40165138
0.4016542
0.40165368
0.40165007
0.40164423
0.40163723
0.4016302
0.40162414
0.40161976
0.40161738
0.4016167
0.40161738
0.40161866
0.4016203
0.40162224
0.401625
0.40162954
0.4016367
0.40164703
0.40166086
0.401678
0.4016978
0.40171933
0.40174133
0.40176216
0.4017805
0.40179506
0.40180483
0.40180907
0.40180734
0.4017996
0.40178576
0.4017664
0.40174204
0.40171382
0.401683
0.40165138
0.4016207
0.4015925
0.40156803
0.401548
0.40153277
0.40152222
0.40151602
0.4015138
0.40151492
0.4015191
0.401526
0.40153533
0.40154722
0.40156147
0.40157783
0.4015955
0.4016133
0.40162978
0.40164384
0.40165445
0.40166092
0.40166298
0.40166086
0.4016551
0.4016465
0.4016358
0.4016237
0.40161076
0.40159735
0.40158394
0.40157074
0.40155852
0.40154764
0.40153855
0.4015316
0.40152702
0.4015247
0.40152454
0.40152636
0.4015296
0.40153378
0.4015387
0.40154448
0.40155125
0.4015589
0.40156746
0.4015765
0.4015856
0.40159473
0.40160382
0.40161303
0.40162235
0.40163198
0.4016418
0.40165165
0.40166166
0.40167168
0.40168166
0.4016909
0.4016988
0.40170464
0.40170804
0.4017089
0.40170735
0.4017036
0.40169775
0.40168998
0.40168047
0.40166956
0.40165782
0.40164575
0.40163368
0.4016219
0.40161046
0.40159962
0.40158954
0.4015806
0.40157288
0.4015665
0.40156138
0.4015572
0.40155405
0.40155196
0.401551
0.40155113
0.40155187
0.40155265
0.40155298
0.40155223
0.40155023
0.40154707
0.40154284
0.40153778
0.4015319
0.40152553
0.40151897
0.40151262
0.40150672
0.4015015
0.40149692
0.40149298
0.4014896
0.40148693
0.40148547
0.40148595
0.40148887
0.40149462
0.40150324
0.40151444
0.40152764
0.4015421
0.40155652
0.40157
0.40158144
0.4015899
0.40159494
0.4015964
0.40159464
0.4015905
0.4015851
0.4015793
0.4015738
0.40156874
0.40156376
0.40155846
0.4015519
0.40154377
0.40153414
0.4015232
0.40151176
0.40150067
0.40149072
0.40148267
0.40147716
0.40147462
0.4014753
0.40147915
0.40148568
0.4014941
0.4015032
0.4015118
0.40151858
0.4015227
0.40152374
0.4015218
0.4015174
0.4015113
0.4015043
0.4014972
0.40149075
0.4014858
0.4014829
0.40148225
0.40148404
0.40148816
0.40149435
0.40150255
0.4015124
0.40152374
0.40153608
0.40154886
0.4015612
0.40157196
0.40157983
0.40158376
0.40158325
0.4015782
0.40156922
0.4015574
0.40154397
0.40153024
0.4015173
0.40150598
0.40149686
0.40149042
0.40148684
0.40148625
0.40148854
0.40149358
0.40150127
0.40151122
0.401523
0.40153605
0.40154976
0.40156367
0.4015773
0.40159023
0.4016019
0.40161166
0.401619
0.4016238
0.40162605
0.40162635
0.4016256
0.40162504
0.4016259
0.40162933
0.40163627
0.40164706
0.40166172
0.4016797
0.40169984
0.40172058
0.40174022
0.4017572
0.40177044
0.40177906
0.4017826
0.40178102
0.40177417
0.4017626
0.40174657
0.4017268
0.40170422
0.40167987
0.40165487
0.40163028
0.401607
0.40158564
0.4015666
0.4015502
0.4015366
0.4015259
0.40151817
0.40151337
0.40151158
0.4015126
0.40151614
0.40152177
0.40152884
0.4015367
0.40154478
0.4015527
0.40156052
0.40156814
0.40157542
0.40158224
0.40158817
0.40159297
0.40159672
0.4015998
0.40160283
0.4016064
0.40161073
0.4016155
0.40162006
0.40162352
0.401625
0.40162405
0.4016208
0.40161562
0.40160924
0.40160272
0.40159672
0.40159205
0.40158924
0.40158874
0.40159085
0.4015957
0.40160358
0.40161413
0.40162703
0.40164134
0.40165567
0.40166843
0.401678
0.40168327
0.40168345
0.40167856
0.40166903
0.40165576
0.4016399
0.40162265
0.40160516
0.40158844
0.40157342
0.40156114
0.40155217
0.40154693
0.4015454
0.40154746
0.40155262
0.40156
0.40156865
0.4015774
0.4015851
0.4015905
0.40159324
0.40159324
0.40159112
0.4015877
0.401584
0.40158087
0.4015788
0.40157813
0.40157887
0.40158075
0.40158325
0.40158555
0.40158674
0.40158594
0.40158263
0.4015767
0.4015685
0.40155885
0.4015487
0.40153903
0.40153065
0.401524
0.40151945
0.40151697
0.40151653
0.4015179
0.40152067
0.40152457
0.40152922
0.4015343
0.40153944
0.4015444
0.40154904
0.4015537
0.40155855
0.4015642
0.40157118
0.40157998
0.4015907
0.40160325
0.4016172
0.4016319
0.40164688
0.4016616
0.4016757
0.40168855
0.40169913
0.40170652
0.40170977
0.4017085
0.40170267
0.40169293
0.40168035
0.40166646
0.40165278
0.4016407
0.40163124
0.4016247
0.40162104
0.40161952
0.40161926
0.4016193
0.40161848
0.40161645
0.40161282
0.40160787
0.401602
0.40159592
0.40159
0.4015846
0.40158
0.40157637
0.40157387
0.40157267
0.40157282
0.40157425
0.40157685
0.4015806
0.40158552
0.40159136
0.40159777
0.40160382
0.40160877
0.40161195
0.40161297
0.40161148
0.40160787
0.4016022
0.40159476
0.40158546
0.40157467
0.40156272
0.40155026
0.4015377
0.40152553
0.40151426
0.40150416
0.4014958
0.4014896
0.4014859
0.40148494
0.40148667
0.4014908
0.40149656
0.401503
0.40150914
0.40151396
0.40151727
0.40151894
0.40151936
0.40151894
0.40151784
0.40151605
0.40151337
0.40150955
0.40150422
0.40149742
0.40148947
0.40148085
0.4014724
0.40146467
0.40145823
0.4014534
0.40145037
0.40144923
0.40145
0.4014528
0.40145764
0.40146437
0.40147284
0.40148267
0.4014934
0.40150458
0.40151575
0.4015265
0.4015367
0.40154627
0.40155515
0.40156317
0.40156984
0.40157488
0.4015781
0.4015796
0.40157998
0.40157983
0.4015799
0.40158093
0.40158367
0.40158844
0.40159535
0.40160412
0.401614
0.4016241
0.40163353
0.40164158
0.40164804
0.40165323
0.40165776
0.40166226
0.40166706
0.40167215
0.40167704
0.4016809
0.4016826
0.40168133
0.40167665
0.40166867
0.4016582
0.40164644
0.40163478
0.40162465
0.40161705
0.40161252
0.40161142
0.40161362
0.40161866
0.4016257
0.40163344
0.40164033
0.40164512
0.40164658
0.4016442
0.4016379
0.4016281
0.40161547
0.40160105
0.40158588
0.40157098
0.40155745
0.401546
0.40153724
0.4015313
0.40152833
0.40152782
0.40152934
0.40153202
0.40153491
0.40153688
0.40153682
0.40153408
0.40152818
0.40151945
0.40150854
0.40149647
0.40148446
0.40147343
0.40146405
0.4014566
0.40145105
0.4014474
0.40144512
0.40144387
0.40144333
0.40144345
0.40144378
0.40144455
0.40144554
0.40144694
0.40144882
0.4014514
0.40145507
0.40146
0.40146643
0.40147462
0.40148458
0.40149632
0.40150973
0.4015248
0.4015416
0.40155995
0.40157956
0.40160006
0.40162063
0.40164042
0.40165818
0.40167278
0.40168318
0.40168852
0.40168828
0.40168276
0.40167278
0.40165955
0.40164483
0.40163037
0.40161756
0.4016075
0.4016006
0.40159672
0.4015952
0.4015949
0.40159452
0.40159294
0.40158913
0.40158266
0.40157357
0.40156218
0.4015491
0.40153491
0.40152022
0.40150562
0.40149152
0.40147853
0.4014672
0.40145823
0.40145224
0.4014495
0.40145037
0.4014549
0.401463
0.40147454
0.40148893
0.40150562
0.40152377
0.4015422
0.40155983
0.40157583
0.40158954
0.40160036
0.4016079
0.40161175
0.4016119
0.4016086
0.40160263
0.40159485
0.40158615
0.4015772
0.40156874
0.40156105
0.4015546
0.40154982
0.401547
0.40154654
0.40154862
0.4015537
0.40156186
0.4015736
0.40158895
0.401608
0.40163028
0.40165496
0.40168092
0.40170658
0.4017303
0.4017509
0.40176725
0.40177912
0.4017867
0.40179065
0.401792
0.401792
0.4017916
0.40179166
0.40179226
0.40179297
0.40179288
0.40179065
0.40178525
0.40177593
0.40176204
0.40174365
0.40172103
0.40169507
0.40166676
0.40163693
0.40160647
0.40157625
0.4015472
0.40152013
0.40149617
0.40147588
0.40145975
0.40144774
0.40143973
0.40143526
0.40143389
0.401435
0.40143788
0.40144214
0.40144756
0.4014541
0.4014618
0.40147087
0.4014814
0.40149328
0.40150657
0.4015209
0.4015364
0.40155295
0.4015704
0.40158877
0.4016074
0.4016255
0.40164217
0.4016565
0.40166798
0.40167645
0.40168208
0.40168542
0.40168703
0.40168732
0.40168652
0.40168464
0.401682
0.4016785
0.4016744
0.40166962
0.40166408
0.40165743
0.40164918
0.40163887
0.40162644
0.40161207
0.40159646
0.40158033
0.40156448
0.4015495
0.40153578
0.40152344
0.40151247
0.401503
0.40149522
0.4014893
0.40148565
0.40148416
0.40148515
0.40148854
0.40149462
0.40150368
0.40151575
0.40153098
0.4015492
0.40157002
0.401593
0.40161762
0.40164334
0.40166947
0.40169525
0.40171972
0.40174174
0.40176028
0.40177432
0.4017832
0.4017863
0.40178338
0.4017744
0.40175974
0.40173998
0.40171623
0.40168956
0.40166143
0.4016332
0.40160617
0.40158126
0.40155923
0.40154052
0.40152526
0.40151346
0.40150493
0.40149912
0.40149537
0.40149274
0.40149048
0.40148816
0.40148553
0.40148282
0.40147996
0.40147707
0.4014742
0.40147138
0.4014688
0.40146685
0.40146554
0.40146497
0.40146497
0.40146536
0.40146598
0.40146655
0.40146685
0.40146685
0.40146658
0.4014665
0.40146682
0.4014679
0.40146983
0.4014729
0.4014771
0.40148237
0.40148845
0.40149513
0.401502
0.40150923
0.40151727
0.40152663
0.40153787
0.40155113
0.40156633
0.4015829
0.4016002
0.4016173
0.40163308
0.40164667
0.4016569
0.4016632
0.40166545
0.40166405
0.40165982
0.40165368
0.4016466
0.4016396
0.40163368
0.4016299
0.4016288
0.40163073
0.40163535
0.40164196
0.4016495
0.40165654
0.4016621
0.40166572
0.40166718
0.4016669
0.4016657
0.40166458
0.40166476
0.4016671
0.40167195
0.40167916
0.40168813
0.4016979
0.40170735
0.40171555
0.40172184
0.4017259
0.40172762
0.40172687
0.40172374
0.40171847
0.4017117
0.4017044
0.4016977
0.40169233
0.40168923
0.4016892
0.40169275
0.4017001
0.4017109
0.40172422
0.4017388
0.40175295
0.40176502
0.4017736
0.40177748
0.401776
0.4017688
0.401756
0.401738
0.4017156
0.40169004
0.40166247
0.4016344
0.40160716
0.40158197
0.4015596
0.40154067
0.4015255
0.401514
0.4015059
0.40150073
0.40149787
0.40149683
0.40149713
0.4014986
0.40150103
0.4015046
0.40150914
0.40151486
0.40152195
0.40153047
0.4015407
0.4015526
0.40156618
0.40158135
0.40159807
0.4016157
0.40163377
0.4016514
0.40166807
0.40168342
0.4016974
0.4017099
0.40172118
0.40173107
0.4017394
0.40174583
0.40174988
0.4017512
0.4017494
0.40174457
0.40173647
0.40172535
0.40171164
0.40169573
0.401678
0.401659
0.4016393
0.4016197
0.40160117
0.40158477
0.40157145
0.4015619
0.40155655
0.40155566
0.40155897
0.40156624
0.4015764
0.4015884
0.40160102
0.40161306
0.40162376
0.4016325
0.40163922
0.4016442
0.40164804
0.40165162
0.40165597
0.40166152
0.40166867
0.4016772
0.4016868
0.40169662
0.4017063
0.40171587
0.40172562
0.40173617
0.40174803
0.40176156
0.40177682
0.40179318
0.40180996
0.40182602
0.40184042
0.4018523
0.40186107
0.40186644
0.4018686
0.4018682
0.40186614
0.40186357
0.40186188
0.40186226
0.40186587
0.40187314
0.4018841
0.40189835
0.40191483
0.4019327
0.40195087
0.4019684
0.40198448
0.40199837
0.4020095
0.40201724
0.40202153
0.4020221
0.4020189
0.402012
0.40200138
0.40198714
0.4019695
0.40194878
0.4019255
0.40190053
0.40187466
0.40184882
0.40182388
0.40180048
0.4017791
0.4017598
0.40174294
0.40172872
0.4017175
0.4017096
0.40170497
0.40170348
0.40170455
0.40170708
0.40170985
0.40171155
0.40171096
0.40170708
0.40169933
0.40168735
0.40167114
0.4016515
0.40162918
0.4016054
0.4015812
0.40155762
0.40153563
0.40151635
0.40150052
0.40148863
0.401481
0.40147766
0.4014783
0.4014823
0.4014888
0.40149665
0.40150478
0.40151235
0.4015184
0.40152222
0.40152314
0.401521
0.40151605
0.40150905
0.40150085
0.40149236
0.40148452
0.401478
0.40147334
0.401471
0.40147096
0.40147328
0.401478
0.40148517
0.40149504
0.4015079
0.4015242
0.40154415
0.40156814
0.4015962
0.40162835
0.40166438
0.40170404
0.4017475
0.40179592
0.4018514
0.4019175
0.40199974
0.4021063
0.40224844
0.40244213
0.40271154
0.40308586
0.40360683
0.40433237
0.40534046
0.4067372
0.40866452
0.41134283
0.41499794
0.4199395
0.42663997
0.43574622
0.44786915
