0.4425026
0.4319739
0.42407078
0.41811442
0.41366175
0.41036758
0.40794897
0.4061656
0.40485707
0.40390557
0.4032152
0.40271848
0.40236488
0.4021168
0.40194613
0.40183184
0.40175804
0.4017129
0.40168738
0.40167475
0.4016704
0.40167102
0.4016746
0.40167996
0.40168607
0.40169212
0.4016969
0.4016992
0.40169773
0.40169165
0.40168053
0.40166456
0.4016442
0.40162036
0.4015943
0.4015677
0.40154183
0.40151772
0.40149614
0.40147752
0.4014619
0.4014491
0.40143907
0.4014318
0.40142715
0.40142518
0.40142593
0.4014295
0.4014359
0.40144524
0.4014572
0.4014714
0.4014872
0.4015039
0.40152067
0.40153667
0.4015512
0.40156376
0.4015736
0.4015801
0.40158272
0.40158135
0.40157616
0.4015677
0.4015567
0.4015438
0.4015298
0.40151563
0.4015022
0.40149018
0.4014804
0.4014733
0.4014694
0.40146872
0.40147135
0.40147728
0.40148625
0.40149802
0.40151244
0.4015295
0.40154892
0.40157086
0.40159535
0.4016224
0.40165168
0.4016824
0.4017136
0.4017438
0.40177175
0.40179613
0.40181616
0.40183115
0.40184093
0.4018455
0.40184522
0.40184063
0.40183252
0.40182194
0.40180987
0.40179726
0.40178436
0.401771
0.40175632
0.4017395
0.40171978
0.4016966
0.4016699
0.4016399
0.40160748
0.4015737
0.40153983
0.40150723
0.40147713
0.40145043
0.40142766
0.4014089
0.4013944
0.4013841
0.4013776
0.4013747
0.40137503
0.4013783
0.40138415
0.40139195
0.40140116
0.4014109
0.4014204
0.40142888
0.40143552
0.4014402
0.40144286
0.40144426
0.40144512
0.40144607
0.40144777
0.40145043
0.40145436
0.40145943
0.40146524
0.4014713
0.40147695
0.4014816
0.40148503
0.4014874
0.40148914
0.40149048
0.40149185
0.40149343
0.40149555
0.4014987
0.40150326
0.40150946
0.4015174
0.40152696
0.40153784
0.40154976
0.4015623
0.40157464
0.40158588
0.40159494
0.401601
0.40160337
0.40160218
0.40159747
0.40159008
0.40158054
0.40156972
0.4015581
0.40154627
0.40153453
0.40152347
0.4015135
0.4015052
0.40149888
0.4014952
0.4014944
0.40149707
0.4015034
0.4015134
0.40152678
0.40154323
0.40156183
0.40158138
0.40160048
0.4016178
0.40163162
0.40164074
0.4016444
0.4016426
0.40163583
0.40162525
0.40161237
0.4015988
0.401586
0.40157503
0.40156686
0.40156198
0.40156066
0.40156302
0.4015683
0.4015757
0.401584
0.40159214
0.40159932
0.40160534
0.40161046
0.40161532
0.40162045
0.40162668
0.4016342
0.40164307
0.40165323
0.40166464
0.40167713
0.40169042
0.401704
0.40171713
0.40172908
0.40173963
0.4017488
0.4017572
0.40176564
0.40177476
0.40178517
0.4017967
0.4018087
0.40182036
0.4018308
0.4018391
0.40184456
0.40184668
0.40184516
0.40184003
0.4018317
0.40182066
0.4018077
0.40179348
0.40177843
0.40176287
0.40174678
0.40172988
0.40171188
0.40169275
0.4016727
0.40165216
0.4016319
0.40161264
0.4015953
0.4015805
0.4015689
0.40156114
0.40155748
0.40155828
0.40156347
0.40157285
0.40158588
0.4016018
0.40161946
0.40163767
0.40165487
0.40166962
0.40168092
0.40168798
0.40169045
0.40168852
0.40168253
0.4016732
0.40166137
0.401648
0.4016341
0.40162045
0.4016077
0.4015967
0.40158784
0.40158173
0.401579
0.40157998
0.40158468
0.40159297
0.40160424
0.4016178
0.40163282
0.4016485
0.40166393
0.40167803
0.40168995
0.40169862
0.40170345
0.40170392
0.4017001
0.40169248
0.40168178
0.40166894
0.40165496
0.40164104
0.40162817
0.4016172
0.40160868
0.40160277
0.40159953
0.4015985
0.40159974
0.4016029
0.40160844
0.40161642
0.4016271
0.4016401
0.4016551
0.40167165
0.40168908
0.40170646
0.4017226
0.40173602
0.40174544
0.4017497
0.4017482
0.40174067
0.40172756
0.40170985
0.401689
0.40166688
0.40164527
0.40162575
0.4016095
0.40159732
0.40158913
0.4015846
0.401583
0.40158358
0.4015854
0.40158758
0.4015894
0.40159035
0.4015906
0.40159023
0.40158948
0.40158817
0.401586
0.40158245
0.40157726
0.40157035
0.4015623
0.40155396
0.4015464
0.40154067
0.40153757
0.40153736
0.40153986
0.4015444
0.40155008
0.4015556
0.40155995
0.4015623
0.4015623
0.40156025
0.40155658
0.40155205
0.40154737
0.4015428
0.4015388
0.4015355
0.40153283
0.40153062
0.4015286
0.4015266
0.4015248
0.40152347
0.40152255
0.4015221
0.4015223
0.40152344
0.40152586
0.40152985
0.40153557
0.4015429
0.40155163
0.4015611
0.40157086
0.4015802
0.40158856
0.4015949
0.4015985
0.40159917
0.40159717
0.4015933
0.40158877
0.40158486
0.40158266
0.40158305
0.40158665
0.40159366
0.40160415
0.40161774
0.40163395
0.40165204
0.40167105
0.40168983
0.4017072
0.40172166
0.40173233
0.4017384
0.4017397
0.4017365
0.4017296
0.40172023
0.40171003
0.40170026
0.401692
0.40168557
0.40168124
0.4016785
0.40167683
0.4016752
0.40167233
0.40166727
0.40165943
0.4016486
0.40163523
0.40162003
0.4016043
0.40158945
0.40157673
0.40156755
0.40156308
0.40156403
0.40157118
0.40158463
0.4016042
0.40162927
0.40165868
0.40169096
0.40172416
0.40175626
0.4017855
0.40181044
0.40183002
0.4018436
0.4018509
0.4018517
0.40184635
0.401835
0.4018182
0.4017967
0.40177146
0.40174344
0.40171424
0.40168548
0.40165913
0.40163687
0.40162003
0.4016095
0.4016057
0.40160823
0.40161645
0.40162906
0.4016448
0.40166184
0.40167874
0.4016944
0.40170804
0.40171942
0.40172854
0.4017354
0.40173966
0.40174097
0.40173876
0.40173253
0.401722
0.40170708
0.40168807
0.40166587
0.40164167
0.40161696
0.4015933
0.401572
0.40155402
0.40153992
0.40152982
0.4015235
0.40152073
0.40152103
0.40152434
0.40153039
0.401539
0.40154982
0.40156212
0.40157512
0.4015877
0.40159872
0.40160754
0.40161338
0.4016162
0.40161628
0.40161422
0.40161115
0.4016079
0.4016051
0.4016031
0.401602
0.40160167
0.40160182
0.40160248
0.4016041
0.4016069
0.40161142
0.4016179
0.40162668
0.40163782
0.4016511
0.40166605
0.40168178
0.4016972
0.40171102
0.4017223
0.40173057
0.40173566
0.401738
0.40173835
0.40173772
0.40173718
0.4017374
0.40173852
0.40174025
0.40174192
0.40174273
0.40174225
0.40174022
0.4017368
0.40173218
0.40172654
0.40172002
0.40171233
0.4017031
0.40169182
0.40167823
0.4016621
0.40164378
0.40162355
0.40160248
0.40158153
0.40156165
0.4015438
0.40152854
0.4015167
0.40150887
0.40150553
0.40150717
0.40151364
0.40152466
0.40153942
0.40155688
0.40157562
0.40159383
0.40160987
0.40162218
0.40162987
0.40163234
0.40162995
0.4016234
0.40161404
0.4016031
0.40159196
0.40158188
0.40157387
0.40156847
0.4015659
0.40156615
0.40156853
0.40157247
0.40157703
0.40158162
0.40158558
0.40158847
0.40159008
0.40159017
0.40158874
0.40158564
0.40158096
0.40157485
0.4015677
0.40155992
0.40155205
0.4015445
0.40153763
0.40153152
0.40152618
0.4015216
0.40151784
0.4015151
0.40151373
0.401514
0.40151593
0.40151966
0.40152472
0.4015307
0.401537
0.40154308
0.40154845
0.4015529
0.40155625
0.40155867
0.4015602
0.4015607
0.4015597
0.40155682
0.4015516
0.40154412
0.40153477
0.40152436
0.40151373
0.40150383
0.4014956
0.40148982
0.40148684
0.40148675
0.40148968
0.4014952
0.40150297
0.40151253
0.40152335
0.40153506
0.40154752
0.4015606
0.40157428
0.40158832
0.40160227
0.40161514
0.40162578
0.4016331
0.40163615
0.40163457
0.4016284
0.4016184
0.40160567
0.40159142
0.4015767
0.40156236
0.40154892
0.40153673
0.40152577
0.40151587
0.40150678
0.40149847
0.40149096
0.40148452
0.40147915
0.401475
0.40147176
0.40146893
0.40146634
0.40146378
0.4014615
0.40146
0.4014599
0.40146205
0.40146667
0.40147403
0.401484
0.4014962
0.40151024
0.4015253
0.40154123
0.40155786
0.40157527
0.40159327
0.40161133
0.40162873
0.40164453
0.401658
0.40166858
0.40167612
0.4016808
0.40168336
0.40168428
0.40168422
0.40168327
0.4016818
0.40168002
0.40167794
0.40167594
0.4016743
0.40167382
0.40167478
0.40167776
0.4016828
0.4016898
0.4016982
0.40170693
0.4017147
0.40172058
0.40172344
0.4017227
0.4017182
0.40171024
0.4016995
0.40168723
0.40167496
0.40166417
0.40165612
0.4016519
0.40165162
0.4016551
0.40166157
0.40166962
0.40167764
0.4016842
0.40168816
0.4016887
0.40168568
0.40167937
0.40167022
0.40165913
0.4016469
0.40163457
0.40162277
0.401612
0.40160248
0.40159395
0.4015862
0.40157908
0.40157253
0.40156662
0.40156138
0.40155667
0.4015525
0.40154892
0.401546
0.4015439
0.4015426
0.40154245
0.40154377
0.40154687
0.40155178
0.40155867
0.4015672
0.40157732
0.40158877
0.40160093
0.40161288
0.40162376
0.40163234
0.4016376
0.40163916
0.4016368
0.40163112
0.40162268
0.40161252
0.40160155
0.40159056
0.40158015
0.40157083
0.4015627
0.4015558
0.4015503
0.40154576
0.40154195
0.40153825
0.40153414
0.40152937
0.40152362
0.4015168
0.40150905
0.40150064
0.4014923
0.40148485
0.40147915
0.40147588
0.4014755
0.40147823
0.40148398
0.40149242
0.40150297
0.40151486
0.40152755
0.40154073
0.40155426
0.40156773
0.40158093
0.40159336
0.40160483
0.40161538
0.40162498
0.40163353
0.4016409
0.40164703
0.4016521
0.40165657
0.4016609
0.40166554
0.4016708
0.40167654
0.40168208
0.40168682
0.4016901
0.4016917
0.40169173
0.4016907
0.40168923
0.40168798
0.40168712
0.40168688
0.40168732
0.40168858
0.40169138
0.40169618
0.40170336
0.40171278
0.4017236
0.40173477
0.40174487
0.40175274
0.40175736
0.40175813
0.4017551
0.40174848
0.40173927
0.40172848
0.40171736
0.40170676
0.40169728
0.40168908
0.40168202
0.40167594
0.401671
0.40166724
0.40166512
0.4016648
0.4016662
0.40166932
0.4016738
0.40167928
0.4016854
0.40169153
0.40169704
0.40170106
0.40170285
0.40170184
0.40169787
0.40169114
0.4016818
0.4016704
0.40165716
0.4016426
0.40162748
0.40161255
0.4015987
0.4015867
0.40157717
0.4015707
0.40156758
0.40156847
0.4015734
0.4015823
0.40159476
0.40161005
0.4016271
0.40164486
0.40166196
0.40167698
0.401689
0.4016976
0.40170273
0.40170497
0.4017053
0.40170458
0.40170342
0.4017021
0.40170035
0.40169755
0.40169314
0.40168664
0.40167788
0.40166682
0.4016538
0.4016396
0.40162525
0.40161157
0.4015993
0.40158892
0.40158084
0.4015752
0.40157223
0.40157172
0.40157342
0.40157685
0.4015813
0.401586
0.40159014
0.40159336
0.40159565
0.40159747
0.40159962
0.4016029
0.401608
0.4016157
0.40162617
0.40163934
0.40165454
0.4016708
0.40168694
0.4017017
0.40171385
0.40172237
0.4017264
0.40172553
0.40171972
0.40170932
0.40169504
0.40167773
0.40165836
0.40163785
0.40161705
0.4015967
0.40157768
0.4015606
0.40154627
0.401535
0.40152752
0.40152448
0.4015265
0.40153435
0.4015484
0.40156886
0.40159616
0.4016306
0.40167296
0.40172434
0.40178734
0.4018663
0.4019683
0.40210426
0.4022902
0.40255043
0.40291524
0.4034277
0.4041467
0.4051515
0.4065494
0.40848276
0.41117308
0.41484442
0.41980615
0.42653084
0.4356615
0.44780844
