0.4425095
0.43198508
0.4240882
0.41814098
0.41370043
0.41042188
0.408021
0.406257
0.40496868
0.40403616
0.4033624
0.40287858
0.40253335
0.40228888
0.40211684
0.40199646
0.40191272
0.40185484
0.40181544
0.40178964
0.401774
0.40176633
0.4017651
0.40176934
0.40177807
0.40179035
0.40180472
0.40181974
0.4018339
0.40184575
0.40185395
0.40185767
0.4018562
0.4018496
0.40183797
0.40182212
0.40180308
0.40178195
0.40175974
0.40173745
0.40171546
0.40169394
0.40167302
0.4016528
0.40163386
0.40161663
0.40160158
0.40158862
0.40157738
0.4015671
0.40155697
0.40154618
0.40153447
0.4015221
0.40151003
0.40149894
0.40148976
0.40148306
0.40147904
0.40147802
0.4014798
0.40148425
0.40149093
0.40149945
0.40150934
0.40152034
0.40153244
0.40154564
0.4015601
0.40157598
0.40159333
0.40161252
0.40163368
0.40165633
0.40167984
0.40170306
0.40172473
0.40174353
0.40175855
0.4017691
0.40177518
0.40177688
0.40177476
0.4017696
0.40176237
0.4017542
0.4017461
0.4017389
0.40173292
0.40172818
0.40172434
0.4017207
0.40171683
0.40171236
0.40170723
0.40170187
0.40169674
0.40169233
0.401689
0.4016867
0.40168482
0.4016822
0.40167758
0.40166986
0.4016583
0.40164283
0.40162405
0.40160307
0.4015815
0.40156075
0.40154225
0.4015271
0.40151623
0.40150973
0.40150774
0.40151
0.40151608
0.40152553
0.40153775
0.401552
0.40156752
0.4015836
0.4015998
0.40161583
0.40163192
0.4016482
0.40166476
0.40168166
0.40169853
0.40171504
0.40173048
0.40174422
0.40175593
0.40176538
0.40177256
0.40177786
0.4017814
0.4017832
0.4017831
0.4017806
0.40177533
0.4017667
0.4017546
0.40173885
0.4017199
0.40169853
0.40167567
0.40165257
0.4016302
0.40160936
0.40159073
0.40157476
0.40156204
0.40155286
0.40154755
0.40154597
0.40154773
0.40155205
0.40155807
0.4015649
0.40157187
0.4015786
0.40158495
0.40159082
0.40159655
0.4016027
0.4016098
0.40161848
0.40162954
0.40164334
0.40165997
0.40167898
0.40169942
0.4017199
0.40173867
0.4017541
0.4017648
0.40176982
0.4017687
0.40176153
0.40174893
0.4017321
0.40171227
0.4016911
0.4016699
0.40164965
0.40163088
0.4016139
0.4015985
0.40158468
0.4015722
0.40156084
0.40155053
0.40154132
0.4015337
0.40152824
0.4015254
0.40152577
0.40152937
0.40153635
0.40154627
0.40155855
0.4015723
0.4015864
0.40159994
0.40161195
0.40162143
0.40162754
0.4016295
0.4016272
0.4016208
0.401611
0.40159902
0.40158644
0.4015746
0.40156463
0.40155712
0.40155226
0.40154982
0.40154952
0.4015509
0.40155387
0.40155816
0.40156373
0.40157053
0.40157858
0.401588
0.40159893
0.4016116
0.4016261
0.40164232
0.40166
0.4016783
0.40169618
0.40171224
0.401725
0.40173346
0.40173692
0.401735
0.40172774
0.40171567
0.4016995
0.40168032
0.40165913
0.40163702
0.40161481
0.40159348
0.4015737
0.4015561
0.4015412
0.4015297
0.40152246
0.40152022
0.40152395
0.4015347
0.40155366
0.40158272
0.40162444
0.4016824
0.40176177
0.40186968
0.4020165
0.4022179
0.40249532
0.40287834
0.40340886
0.40414476
0.40516457
0.4065749
0.4085179
0.41121465
0.41488895
0.41985005
0.42657128
0.43569526
0.44783357
