0.44255447
0.43204367
0.42415798
0.41821924
0.41378328
0.41050422
0.40809676
0.40631977
0.40501234
0.40405658
0.40335694
0.40284663
0.40247607
0.40220848
0.40201682
0.40188065
0.40178484
0.4017182
0.4016724
0.4016414
0.40162066
0.40160716
0.40159908
0.40159535
0.4015954
0.401599
0.4016055
0.40161455
0.40162557
0.40163803
0.40165162
0.40166616
0.40168163
0.40169746
0.401713
0.4017275
0.40174028
0.40175107
0.40175962
0.40176603
0.40177056
0.4017738
0.40177596
0.40177715
0.40177727
0.40177587
0.40177274
0.40176776
0.4017611
0.40175316
0.40174472
0.4017363
0.40172857
0.40172195
0.40171635
0.4017118
0.40170813
0.4017055
0.40170386
0.40170315
0.40170315
0.40170345
0.40170342
0.40170288
0.40170163
0.40169966
0.40169755
0.40169582
0.40169525
0.4016967
0.4017007
0.4017072
0.40171587
0.40172592
0.4017362
0.40174595
0.4017542
0.40176052
0.40176418
0.4017647
0.40176153
0.40175495
0.40174523
0.40173328
0.40172
0.4017062
0.40169278
0.4016803
0.40166962
0.40166116
0.40165496
0.40165076
0.4016479
0.40164554
0.40164295
0.4016397
0.4016357
0.40163112
0.401626
0.40162057
0.40161476
0.40160817
0.40160063
0.40159205
0.4015829
0.40157402
0.40156624
0.40156078
0.40155846
0.40155983
0.40156487
0.40157282
0.40158233
0.40159205
0.40160036
0.40160593
0.40160823
0.40160707
0.4016029
0.4015962
0.40158758
0.40157762
0.4015665
0.40155473
0.40154275
0.4015313
0.40152118
0.40151304
0.4015077
0.40150568
0.40150708
0.40151167
0.4015191
0.40152845
0.4015388
0.40154925
0.40155908
0.40156746
0.40157384
0.40157783
0.4015793
0.40157828
0.40157506
0.40157026
0.40156487
0.40156
0.40155658
0.40155533
0.4015568
0.4015611
0.4015682
0.40157786
0.40159008
0.40160477
0.40162224
0.40164274
0.4016662
0.4016925
0.40172058
0.40174928
0.4017771
0.4018027
0.4018252
0.4018442
0.4018603
0.40187472
0.40188977
0.40190908
0.40193775
0.40198287
0.4020539
0.40216354
0.40232867
0.40257365
0.4029293
0.40343693
0.40415406
0.405159
0.40655777
0.40849227
0.41118342
0.41485494
0.4198161
0.42653975
0.4356688
0.4478138
