0.442665
0.43218696
0.4243279
0.41841
0.41398925
0.41072088
0.40831947
0.40654603
0.4052412
0.40428746
0.40358973
0.40308067
0.40270978
0.40243924
0.40224043
0.4020924
0.40197995
0.40189213
0.40182146
0.4017629
0.4017132
0.40167022
0.40163302
0.4016007
0.40157267
0.40154865
0.40152836
0.4015117
0.40149838
0.4014884
0.40148178
0.4014784
0.4014781
0.40148053
0.40148506
0.40149096
0.40149745
0.4015034
0.4015078
0.40150982
0.4015092
0.4015061
0.401501
0.40149453
0.40148735
0.40148023
0.40147343
0.4014673
0.401462
0.40145734
0.4014533
0.40144995
0.40144745
0.401446
0.40144598
0.40144768
0.4014516
0.4014583
0.4014683
0.4014821
0.4014998
0.40152124
0.40154573
0.4015725
0.40160012
0.40162712
0.40165186
0.4016727
0.40168872
0.40169957
0.4017055
0.40170735
0.4017065
0.4017042
0.40170133
0.40169823
0.40169463
0.40168986
0.40168297
0.4016731
0.40165988
0.40164337
0.40162405
0.40160275
0.40158066
0.401559
0.40153894
0.4015216
0.40150782
0.40149826
0.40149307
0.40149242
0.401496
0.40150356
0.40151513
0.40153047
0.40154973
0.40157253
0.40159827
0.40162596
0.40165403
0.40168062
0.40170386
0.40172216
0.40173423
0.40173942
0.40173766
0.40172955
0.40171617
0.40169883
0.4016792
0.40165848
0.4016376
0.4016178
0.4015999
0.40158477
0.4015728
0.40156403
0.40155828
0.40155488
0.40155303
0.40155193
0.40155086
0.40154898
0.40154576
0.40154076
0.401534
0.4015256
0.40151605
0.40150625
0.4014969
0.4014887
0.40148205
0.4014771
0.40147403
0.401473
0.40147385
0.40147653
0.40148085
0.4014867
0.40149432
0.40150407
0.40151644
0.4015319
0.40155098
0.4015739
0.4016009
0.4016314
0.4016648
0.40169972
0.40173486
0.40176848
0.40179914
0.40182576
0.4018475
0.401864
0.40187514
0.40188107
0.40188193
0.40187797
0.40186957
0.40185735
0.40184197
0.40182412
0.401805
0.40178585
0.40176785
0.40175214
0.40173963
0.40173075
0.40172556
0.40172365
0.40172383
0.40172493
0.4017256
0.40172517
0.40172324
0.40171993
0.40171573
0.40171146
0.4017081
0.40170667
0.40170753
0.40171075
0.40171617
0.40172297
0.40173024
0.40173692
0.4017419
0.40174446
0.40174422
0.40174118
0.40173575
0.40172875
0.40172124
0.40171438
0.40170938
0.40170693
0.4017072
0.40171006
0.40171444
0.40171927
0.40172297
0.4017244
0.40172255
0.40171722
0.40170842
0.40169695
0.40168387
0.40167043
0.4016581
0.40164787
0.40164053
0.40163636
0.40163493
0.40163562
0.40163767
0.40164062
0.401644
0.4016476
0.40165105
0.40165403
0.40165627
0.40165737
0.40165687
0.40165427
0.40164924
0.4016417
0.40163207
0.40162107
0.4016093
0.40159753
0.40158638
0.4015764
0.401568
0.40156138
0.40155646
0.40155306
0.4015507
0.40154928
0.4015485
0.40154824
0.40154815
0.4015482
0.40154824
0.4015483
0.40154827
0.40154797
0.40154704
0.40154517
0.4015419
0.40153703
0.40153056
0.4015228
0.4015143
0.4015057
0.4014975
0.40149027
0.4014841
0.40147913
0.40147522
0.4014722
0.40146956
0.40146694
0.40146405
0.40146065
0.40145677
0.40145227
0.40144747
0.40144268
0.4014383
0.4014346
0.4014318
0.40143004
0.40142944
0.4014301
0.40143207
0.40143517
0.40143907
0.40144354
0.40144822
0.40145266
0.40145668
0.4014602
0.40146306
0.40146583
0.40146905
0.40147322
0.40147895
0.40148643
0.40149578
0.40150687
0.4015191
0.40153193
0.4015444
0.40155536
0.40156403
0.40156978
0.40157264
0.40157294
0.40157154
0.40156937
0.40156716
0.4015655
0.4015645
0.40156403
0.40156373
0.40156308
0.4015615
0.40155867
0.4015543
0.40154877
0.4015426
0.4015364
0.4015313
0.40152824
0.40152818
0.40153176
0.4015395
0.40155172
0.40156853
0.40158954
0.40161386
0.40164027
0.4016669
0.4016918
0.40171292
0.40172875
0.40173808
0.4017405
0.40173605
0.40172568
0.4017107
0.40169233
0.40167236
0.40165195
0.4016322
0.40161383
0.40159723
0.40158278
0.4015704
0.40155968
0.40155002
0.40154085
0.4015319
0.40152335
0.40151575
0.40150988
0.4015064
0.40150598
0.401509
0.4015158
0.40152645
0.40154055
0.40155774
0.40157732
0.4015987
0.40162072
0.40164244
0.40166247
0.40167975
0.40169355
0.4017037
0.40171048
0.40171483
0.40171808
0.4017215
0.4017259
0.40173158
0.40173802
0.4017443
0.4017488
0.40175012
0.40174705
0.40173897
0.40172577
0.40170795
0.40168667
0.40166333
0.4016395
0.40161645
0.4015954
0.4015775
0.40156344
0.4015541
0.40155
0.40155146
0.40155855
0.40157068
0.40158725
0.4016071
0.4016291
0.401652
0.40167466
0.40169603
0.40171546
0.40173212
0.40174523
0.40175432
0.4017591
0.40175948
0.40175566
0.40174803
0.4017369
0.4017227
0.40170604
0.40168726
0.4016668
0.40164506
0.40162247
0.4015999
0.40157825
0.40155837
0.4015412
0.40152732
0.40151682
0.40150955
0.40150514
0.40150294
0.40150207
0.40150183
0.40150145
0.4015003
0.40149805
0.40149474
0.40149075
0.40148667
0.40148312
0.4014809
0.40148085
0.40148365
0.40148973
0.40149966
0.4015134
0.40153083
0.40155175
0.40157562
0.40160158
0.40162873
0.40165564
0.4016812
0.40170464
0.40172523
0.40174308
0.40175882
0.40177286
0.4017859
0.40179816
0.40180913
0.4018182
0.40182427
0.40182623
0.40182346
0.4018153
0.40180162
0.4017827
0.4017594
0.4017327
0.4017041
0.4016753
0.40164793
0.40162328
0.40160233
0.401586
0.40157476
0.4015689
0.401568
0.40157154
0.40157858
0.4015877
0.4015971
0.4016054
0.40161115
0.40161374
0.40161288
0.40160877
0.40160197
0.4015932
0.40158308
0.401572
0.4015603
0.4015483
0.40153635
0.401525
0.4015149
0.40150663
0.40150073
0.4014977
0.40149772
0.4015009
0.401507
0.40151566
0.40152642
0.40153843
0.4015508
0.40156257
0.40157306
0.4015818
0.40158892
0.4015948
0.40160018
0.4016056
0.40161148
0.40161806
0.40162504
0.40163225
0.40163928
0.40164584
0.4016519
0.40165734
0.40166193
0.4016656
0.40166786
0.4016685
0.4016674
0.4016648
0.40166056
0.40165493
0.40164787
0.4016395
0.40163016
0.40162045
0.40161142
0.40160397
0.40159902
0.40159714
0.4015986
0.40160295
0.40160957
0.4016175
0.40162563
0.40163285
0.40163788
0.4016399
0.40163815
0.4016322
0.40162244
0.4016096
0.401595
0.4015801
0.40156633
0.40155485
0.4015465
0.40154192
0.40154132
0.4015444
0.40155044
0.4015585
0.40156734
0.40157568
0.4015823
0.4015865
0.4015881
0.4015876
0.4015862
0.4015852
0.40158588
0.40158936
0.40159634
0.40160713
0.40162158
0.40163904
0.40165836
0.40167817
0.401697
0.40171343
0.40172645
0.4017355
0.40174037
0.4017414
0.401739
0.40173405
0.40172726
0.40171954
0.40171224
0.40170658
0.4017039
0.4017052
0.40171093
0.40172133
0.40173584
0.40175334
0.4017723
0.40179121
0.40180862
0.40182322
0.40183416
0.40184087
0.40184307
0.40184072
0.4018337
0.4018219
0.40180546
0.40178457
0.40175974
0.40173182
0.40170228
0.40167245
0.4016438
0.4016176
0.40159458
0.40157548
0.40156034
0.4015491
0.40154156
0.40153757
0.4015372
0.40154046
0.40154737
0.40155786
0.4015716
0.40158826
0.40160695
0.40162686
0.4016467
0.40166527
0.40168166
0.40169504
0.40170532
0.40171292
0.40171874
0.40172386
0.40172943
0.4017362
0.40174413
0.40175256
0.4017601
0.40176532
0.4017668
0.4017636
0.40175503
0.40174088
0.40172157
0.40169778
0.4016708
0.40164223
0.4016137
0.401587
0.4015636
0.40154457
0.40153068
0.40152225
0.40151963
0.40152255
0.40153053
0.40154302
0.40155908
0.40157753
0.40159717
0.40161678
0.4016354
0.40165237
0.40166745
0.40168062
0.40169263
0.4017043
0.40171674
0.4017308
0.40174687
0.40176463
0.4017834
0.40180206
0.4018193
0.40183422
0.40184587
0.40185386
0.40185797
0.40185785
0.40185356
0.40184513
0.40183282
0.4018172
0.40179923
0.40178
0.40176076
0.40174225
0.40172487
0.40170854
0.40169293
0.40167734
0.40166137
0.40164495
0.40162835
0.40161225
0.40159735
0.40158454
0.40157425
0.4015672
0.4015636
0.40156338
0.40156615
0.401571
0.40157723
0.40158394
0.4015906
0.40159732
0.40160477
0.4016137
0.40162516
0.40163985
0.40165833
0.40168086
0.40170735
0.40173692
0.40176857
0.4018006
0.40183154
0.40185985
0.40188423
0.4019037
0.40191755
0.40192547
0.4019275
0.4019236
0.40191412
0.4018995
0.40188023
0.40185726
0.4018317
0.4018049
0.40177834
0.40175343
0.40173125
0.4017128
0.4016988
0.40168983
0.40168598
0.40168682
0.4016914
0.40169832
0.4017063
0.40171415
0.40172115
0.40172696
0.40173173
0.40173593
0.40174013
0.401745
0.40175086
0.40175793
0.40176556
0.40177312
0.40177953
0.40178376
0.4017851
0.40178287
0.40177703
0.4017677
0.40175512
0.40173993
0.40172273
0.40170452
0.40168616
0.40166855
0.40165222
0.40163788
0.40162587
0.4016166
0.4016105
0.40160805
0.40160948
0.4016148
0.40162364
0.40163547
0.40164974
0.40166587
0.40168306
0.40170053
0.40171707
0.40173107
0.40174124
0.4017464
0.40174595
0.40173963
0.40172774
0.40171102
0.40169036
0.40166697
0.4016418
0.4016158
0.40158996
0.4015653
0.4015427
0.40152296
0.40150657
0.40149373
0.40148434
0.40147802
0.40147433
0.4014729
0.40147346
0.40147585
0.40148008
0.40148625
0.40149423
0.40150434
0.40151665
0.401531
0.4015472
0.40156454
0.40158257
0.4016008
0.40161875
0.40163586
0.40165198
0.40166718
0.4016818
0.40169632
0.40171066
0.40172464
0.4017374
0.40174833
0.40175688
0.40176263
0.40176547
0.4017654
0.40176272
0.4017579
0.40175113
0.40174246
0.40173164
0.40171844
0.4017027
0.4016845
0.40166417
0.4016424
0.4016202
0.40159878
0.40157908
0.40156162
0.40154675
0.40153447
0.40152484
0.40151757
0.4015125
0.40150946
0.40150803
0.401508
0.4015092
0.4015115
0.40151495
0.40151963
0.40152535
0.40153182
0.40153837
0.4015442
0.40154848
0.4015504
0.4015496
0.4015461
0.40154
0.4015321
0.4015231
0.4015138
0.40150496
0.40149724
0.40149078
0.40148535
0.40148053
0.40147573
0.40147018
0.40146342
0.40145543
0.40144655
0.40143728
0.40142813
0.40141967
0.4014124
0.40140703
0.40140405
0.40140414
0.4014079
0.40141594
0.4014286
0.40144625
0.40146884
0.40149614
0.4015278
0.40156305
0.4016011
0.4016411
0.40168193
0.4017223
0.40176117
0.40179756
0.40183046
0.4018594
0.40188396
0.40190363
0.40191832
0.40192798
0.40193266
0.40193248
0.40192777
0.4019187
0.40190575
0.4018896
0.4018711
0.40185148
0.40183216
0.40181458
0.4018002
0.4017902
0.40178537
0.40178558
0.40179038
0.4017984
0.40180787
0.40181676
0.4018232
0.4018256
0.40182316
0.4018152
0.4018019
0.40178365
0.40176126
0.4017361
0.4017095
0.40168282
0.4016573
0.4016343
0.40161434
0.40159792
0.40158468
0.40157405
0.40156513
0.40155685
0.40154865
0.40154013
0.40153137
0.4015227
0.4015144
0.40150708
0.40150106
0.40149698
0.40149528
0.40149632
0.40150067
0.4015087
0.4015206
0.40153638
0.40155575
0.4015785
0.40160376
0.40163067
0.40165794
0.40168396
0.40170693
0.40172553
0.4017385
0.40174508
0.4017455
0.40174007
0.4017298
0.40171596
0.40170026
0.40168422
0.40166903
0.40165564
0.40164483
0.40163702
0.4016325
0.40163147
0.40163416
0.4016407
0.40165097
0.40166426
0.4016797
0.40169582
0.40171093
0.4017236
0.40173253
0.40173694
0.4017368
0.40173268
0.40172553
0.40171692
0.40170822
0.4017006
0.40169477
0.40169078
0.40168798
0.40168574
0.40168276
0.40167782
0.40166968
0.4016579
0.4016423
0.40162364
0.40160275
0.4015809
0.40155908
0.40153837
0.40151936
0.4015028
0.40148884
0.4014778
0.40146974
0.40146446
0.40146187
0.40146172
0.40146372
0.40146744
0.40147236
0.40147796
0.40148365
0.4014889
0.4014935
0.40149727
0.40150037
0.40150294
0.40150526
0.40150762
0.40151006
0.40151244
0.40151444
0.40151596
0.40151653
0.40151623
0.40151492
0.40151262
0.40150955
0.401506
0.40150237
0.40149873
0.4014952
0.4014915
0.40148735
0.40148252
0.40147713
0.40147138
0.4014657
0.40146077
0.401457
0.40145507
0.4014551
0.4014572
0.40146095
0.40146592
0.40147135
0.40147647
0.4014807
0.4014837
0.40148553
0.40148625
0.40148592
0.40148452
0.40148205
0.40147865
0.40147445
0.40146956
0.40146428
0.40145898
0.40145403
0.4014497
0.40144616
0.40144342
0.4014415
0.40144062
0.40144113
0.40144315
0.40144727
0.40145397
0.40146354
0.4014763
0.40149212
0.40151116
0.401533
0.40155745
0.4015839
0.40161166
0.40163976
0.40166682
0.40169153
0.4017126
0.40172896
0.40173966
0.40174416
0.40174234
0.40173423
0.4017204
0.40170166
0.40167928
0.4016546
0.40162945
0.40160543
0.40158403
0.40156642
0.4015535
0.4015455
0.40154254
0.40154445
0.4015507
0.40156046
0.4015726
0.4015858
0.4015985
0.40160918
0.40161622
0.4016184
0.40161517
0.40160668
0.40159371
0.40157765
0.4015602
0.40154302
0.40152755
0.40151462
0.4015046
0.40149745
0.40149295
0.40149075
0.40149054
0.4014923
0.40149623
0.40150243
0.401511
0.40152177
0.40153414
0.4015476
0.40156147
0.4015754
0.4015892
0.40160328
0.40161765
0.40163237
0.401647
0.401661
0.40167388
0.40168512
0.40169445
0.40170166
0.40170664
0.40170938
0.40170974
0.40170768
0.401703
0.40169552
0.4016854
0.40167275
0.4016581
0.40164196
0.40162525
0.40160885
0.40159366
0.4015806
0.40157023
0.40156287
0.40155873
0.40155762
0.40155914
0.4015626
0.40156752
0.40157327
0.40157947
0.4015858
0.40159193
0.40159774
0.40160307
0.40160817
0.4016131
0.4016179
0.4016226
0.40162736
0.4016319
0.40163597
0.40163913
0.40164077
0.40164047
0.40163845
0.40163505
0.40163106
0.4016274
0.40162456
0.40162307
0.40162298
0.40162393
0.40162548
0.40162718
0.40162873
0.40163013
0.4016313
0.4016323
0.40163314
0.40163386
0.40163437
0.40163437
0.40163344
0.40163127
0.40162745
0.40162167
0.4016137
0.40160334
0.40159062
0.4015758
0.40155956
0.40154308
0.40152726
0.40151316
0.40150154
0.4014929
0.40148732
0.40148464
0.40148443
0.40148625
0.40148956
0.40149426
0.4015004
0.4015084
0.4015185
0.40153083
0.401545
0.40156034
0.40157598
0.40159068
0.4016035
0.40161327
0.4016193
0.40162146
0.40162003
0.4016157
0.4016095
0.40160227
0.40159467
0.4015868
0.40157884
0.40157044
0.40156138
0.40155146
0.4015409
0.40153006
0.40151945
0.40150964
0.40150118
0.40149438
0.40148956
0.4014869
0.40148655
0.4014888
0.40149406
0.40150252
0.4015146
0.40152994
0.4015484
0.4015691
0.40159112
0.40161294
0.40163305
0.40165007
0.40166304
0.40167165
0.40167588
0.40167654
0.40167487
0.40167242
0.40167072
0.40167108
0.4016743
0.40168047
0.4016889
0.40169844
0.40170753
0.4017147
0.40171868
0.4017188
0.4017144
0.40170565
0.40169293
0.4016771
0.40165922
0.40164044
0.4016217
0.4016037
0.40158692
0.40157163
0.4015578
0.4015455
0.4015347
0.40152535
0.40151748
0.4015109
0.4015055
0.40150118
0.4014981
0.40149638
0.40149605
0.40149674
0.4014982
0.40149987
0.40150124
0.4015018
0.4015012
0.40149927
0.40149605
0.4014918
0.4014869
0.40148172
0.4014766
0.40147182
0.40146795
0.40146562
0.4014655
0.40146837
0.40147462
0.40148464
0.40149844
0.4015156
0.40153557
0.40155718
0.40157923
0.40160015
0.4016184
0.4016331
0.40164366
0.40165025
0.4016536
0.4016543
0.40165335
0.4016513
0.4016482
0.40164423
0.4016394
0.40163398
0.40162808
0.40162238
0.4016173
0.40161303
0.40160975
0.40160754
0.40160668
0.40160772
0.40161106
0.40161687
0.40162525
0.40163594
0.4016485
0.4016621
0.4016756
0.40168765
0.40169704
0.40170276
0.40170416
0.40170103
0.40169367
0.40168294
0.40166986
0.40165564
0.40164134
0.40162772
0.40161538
0.4016045
0.40159535
0.40158817
0.40158314
0.40158027
0.4015794
0.40158015
0.40158224
0.40158522
0.40158904
0.40159374
0.40159956
0.4016065
0.40161464
0.40162405
0.40163502
0.4016481
0.4016639
0.40168294
0.40170524
0.40172988
0.40175587
0.4017814
0.401805
0.40182525
0.401841
0.40185162
0.40185672
0.40185627
0.4018507
0.4018406
0.4018268
0.40181047
0.40179288
0.40177527
0.401759
0.40174502
0.40173396
0.401726
0.40172094
0.40171838
0.4017181
0.40171972
0.40172252
0.4017258
0.40172836
0.40172923
0.40172783
0.40172386
0.40171736
0.40170863
0.4016983
0.40168655
0.40167373
0.40165982
0.40164497
0.40162957
0.40161407
0.40159914
0.40158543
0.40157345
0.4015636
0.401556
0.40155023
0.40154603
0.40154275
0.40154037
0.40153876
0.401538
0.40153816
0.40153936
0.4015418
0.40154558
0.40155113
0.40155846
0.4015677
0.4015789
0.40159166
0.40160555
0.40161988
0.40163398
0.40164736
0.40165985
0.40167156
0.4016826
0.40169296
0.40170267
0.40171137
0.40171877
0.40172476
0.4017293
0.40173244
0.40173405
0.4017339
0.40173143
0.40172628
0.40171838
0.40170786
0.40169558
0.4016827
0.4016707
0.40166125
0.40165567
0.4016548
0.40165913
0.40166885
0.4016837
0.40170348
0.40172774
0.4017554
0.40178585
0.40181854
0.40185404
0.40189388
0.40194127
0.40200153
0.40208307
0.40219757
0.40236208
0.40260133
0.4029474
0.40344295
0.4041471
0.4051395
0.4065273
0.40845308
0.41113788
0.41480625
0.4197674
0.42649406
0.4356301
0.4477848
