0.4426839
0.4322135
0.42436302
0.4184552
0.41404554
0.41078883
0.40839794
0.40663308
0.40533382
0.4043816
0.4036809
0.40316463
0.40278307
0.40249974
0.4022878
0.40212822
0.4020071
0.40191466
0.4018436
0.40178856
0.40174535
0.4017106
0.40168202
0.40165827
0.4016388
0.40162343
0.4016122
0.401605
0.40160134
0.4016002
0.40160048
0.40160108
0.4016011
0.40160027
0.40159854
0.40159616
0.40159327
0.40159005
0.4015868
0.4015839
0.40158185
0.40158117
0.40158245
0.40158597
0.4015915
0.4015987
0.40160644
0.40161344
0.40161848
0.40162063
0.40161973
0.4016163
0.40161133
0.40160587
0.40160108
0.40159774
0.40159628
0.40159705
0.40159962
0.40160364
0.4016086
0.4016139
0.4016193
0.40162438
0.4016289
0.40163267
0.4016356
0.40163788
0.4016401
0.40164265
0.40164605
0.40165058
0.40165597
0.4016617
0.40166694
0.401671
0.4016731
0.401673
0.40167034
0.40166512
0.4016572
0.4016464
0.40163252
0.4016156
0.40159595
0.40157443
0.4015519
0.4015295
0.40150842
0.40148982
0.4014746
0.40146327
0.40145615
0.40145338
0.40145454
0.40145913
0.4014664
0.40147546
0.40148538
0.40149516
0.40150416
0.4015123
0.40151963
0.40152672
0.401534
0.40154192
0.40155068
0.4015602
0.40157023
0.40158036
0.40159014
0.40159893
0.40160617
0.4016111
0.40161318
0.4016123
0.40160877
0.4016032
0.40159655
0.40158963
0.40158314
0.40157768
0.40157324
0.40156966
0.40156645
0.4015629
0.40155837
0.40155235
0.40154442
0.40153462
0.4015232
0.40151095
0.40149862
0.4014869
0.40147644
0.40146777
0.4014612
0.40145707
0.40145555
0.4014566
0.4014602
0.40146613
0.4014745
0.4014851
0.4014977
0.401512
0.40152723
0.40154287
0.401558
0.4015722
0.40158528
0.40159732
0.40160832
0.40161824
0.40162683
0.40163344
0.40163717
0.4016375
0.4016337
0.40162584
0.40161452
0.40160084
0.40158623
0.40157223
0.40155974
0.40154976
0.4015428
0.40153882
0.40153757
0.4015384
0.4015406
0.40154368
0.40154737
0.40155175
0.40155718
0.4015636
0.40157107
0.40157923
0.40158784
0.40159664
0.40160555
0.40161446
0.4016232
0.40163165
0.40164024
0.4016494
0.4016596
0.40167165
0.40168586
0.40170205
0.40171963
0.4017377
0.4017548
0.40176964
0.40178123
0.40178886
0.40179196
0.40179038
0.40178415
0.4017735
0.40175894
0.40174118
0.40172136
0.40170085
0.4016811
0.40166348
0.40164894
0.4016381
0.40163097
0.40162742
0.4016272
0.40163016
0.40163618
0.40164515
0.401657
0.40167108
0.40168637
0.40170157
0.4017151
0.40172553
0.40173158
0.40173227
0.40172693
0.40171543
0.40169805
0.4016756
0.40164945
0.4016211
0.40159228
0.40156445
0.40153903
0.40151724
0.4014998
0.40148717
0.4014794
0.4014765
0.401478
0.40148342
0.4014923
0.40150398
0.40151802
0.40153384
0.4015512
0.40157
0.40158996
0.40161085
0.40163174
0.40165174
0.40166947
0.4016836
0.40169308
0.40169758
0.40169713
0.4016924
0.40168467
0.40167558
0.4016669
0.40166038
0.40165728
0.4016585
0.40166417
0.40167403
0.40168738
0.40170282
0.40171894
0.40173396
0.4017463
0.40175453
0.4017577
0.4017553
0.4017475
0.40173474
0.40171793
0.4016982
0.4016768
0.40165487
0.4016337
0.40161425
0.40159747
0.40158403
0.40157413
0.40156785
0.40156487
0.4015643
0.40156537
0.4015672
0.4015694
0.40157172
0.40157434
0.40157744
0.40158153
0.40158707
0.40159458
0.4016041
0.40161517
0.4016274
0.4016399
0.4016523
0.40166444
0.4016767
0.40168962
0.4017036
0.40171894
0.4017353
0.401752
0.40176803
0.40178227
0.4017939
0.40180212
0.40180656
0.40180707
0.40180412
0.4017983
0.4017905
0.40178162
0.4017722
0.40176257
0.40175283
0.40174294
0.40173277
0.4017224
0.4017122
0.40170264
0.40169448
0.4016883
0.40168455
0.4016833
0.4016838
0.40168542
0.40168712
0.40168798
0.40168715
0.40168405
0.40167838
0.4016705
0.40166086
0.4016505
0.40164036
0.4016314
0.40162423
0.40161902
0.4016156
0.40161312
0.40161133
0.4016097
0.40160826
0.40160707
0.401606
0.4016049
0.40160343
0.40160125
0.40159824
0.4015945
0.4015905
0.4015868
0.4015839
0.40158212
0.40158144
0.4015817
0.40158263
0.4015839
0.40158546
0.40158683
0.4015879
0.40158877
0.4015894
0.40159017
0.4015915
0.40159404
0.40159842
0.40160516
0.40161464
0.40162662
0.4016407
0.40165597
0.4016713
0.40168536
0.4016972
0.4017061
0.4017121
0.40171573
0.40171802
0.40172058
0.401725
0.4017326
0.40174434
0.40176052
0.40178102
0.40180525
0.40183303
0.40186405
0.40189913
0.40193987
0.40198952
0.4020532
0.40213895
0.40225807
0.40242675
0.4026689
0.40301654
0.40351188
0.4042142
0.4052031
0.40658623
0.40850636
0.41118473
0.4148468
0.41980165
0.4265217
0.43565157
0.44780022
