0.44256824
0.43205833
0.42416945
0.41822326
0.4137767
0.41048524
0.4080662
0.40628022
0.40496734
0.40400988
0.403312
0.40280616
0.40244228
0.4021831
0.4020013
0.40187636
0.40179288
0.4017391
0.40170586
0.40168604
0.40167385
0.40166494
0.40165612
0.40164554
0.40163213
0.40161583
0.40159732
0.40157756
0.4015578
0.40153894
0.40152177
0.40150672
0.40149385
0.401483
0.4014742
0.4014673
0.40146226
0.40145898
0.40145746
0.40145773
0.40146005
0.40146473
0.40147224
0.40148276
0.40149665
0.40151396
0.40153474
0.40155873
0.40158573
0.40161532
0.40164664
0.40167868
0.40170985
0.4017387
0.40176407
0.40178487
0.40180045
0.40181026
0.40181425
0.40181226
0.40180436
0.40179068
0.40177193
0.40174893
0.40172297
0.40169543
0.40166774
0.40164122
0.40161708
0.40159634
0.40157986
0.4015683
0.40156215
0.4015617
0.40156692
0.40157732
0.40159202
0.40160993
0.4016296
0.40164962
0.40166852
0.4016855
0.40169984
0.40171126
0.40171975
0.40172568
0.40172946
0.40173167
0.40173244
0.40173167
0.40172932
0.40172532
0.4017198
0.40171343
0.40170634
0.40169913
0.40169173
0.4016837
0.40167472
0.40166426
0.40165192
0.4016378
0.40162215
0.40160576
0.40158954
0.4015743
0.40156093
0.40155026
0.4015427
0.40153873
0.4015387
0.40154243
0.4015496
0.4015594
0.40157107
0.4015835
0.40159562
0.40160638
0.40161505
0.40162125
0.40162498
0.4016262
0.40162486
0.40162107
0.4016149
0.4016068
0.40159726
0.40158683
0.40157613
0.40156597
0.40155703
0.4015502
0.40154627
0.4015459
0.4015495
0.4015572
0.40156895
0.40158436
0.40160277
0.4016237
0.40164635
0.40167007
0.40169382
0.40171665
0.40173766
0.40175584
0.40177009
0.40177965
0.40178388
0.40178233
0.40177494
0.40176195
0.4017444
0.40172353
0.40170094
0.4016785
0.40165818
0.40164128
0.40162882
0.40162095
0.4016174
0.40161723
0.401619
0.40162143
0.40162322
0.4016237
0.40162274
0.40162078
0.40161818
0.4016155
0.401613
0.40161058
0.40160796
0.40160474
0.4016004
0.40159473
0.401588
0.40158075
0.40157413
0.4015694
0.4015677
0.4015701
0.40157726
0.4015892
0.40160564
0.4016258
0.40164873
0.40167302
0.4016972
0.40171966
0.40173918
0.40175498
0.4017667
0.4017746
0.40177938
0.40178183
0.4017832
0.4017842
0.40178546
0.40178674
0.40178743
0.4017867
0.40178365
0.40177733
0.40176734
0.40175387
0.4017374
0.40171906
0.4017001
0.40168226
0.40166724
0.40165636
0.40165082
0.40165132
0.401658
0.40167052
0.40168786
0.4017087
0.40173128
0.40175387
0.40177467
0.40179217
0.4018052
0.40181276
0.40181458
0.40181077
0.40180162
0.40178832
0.40177193
0.40175402
0.4017362
0.4017199
0.40170652
0.40169695
0.40169203
0.4016919
0.40169623
0.40170437
0.401715
0.40172693
0.40173873
0.40174955
0.40175873
0.4017661
0.4017719
0.40177655
0.40178013
0.4017827
0.4017838
0.40178287
0.40177923
0.4017723
0.4017619
0.40174788
0.4017307
0.4017107
0.40168867
0.40166527
0.40164125
0.40161732
0.4015939
0.40157172
0.40155149
0.40153384
0.40151936
0.4015086
0.40150186
0.4014994
0.40150088
0.40150583
0.4015135
0.40152293
0.40153337
0.40154412
0.40155524
0.40156668
0.40157914
0.4015928
0.40160784
0.40162435
0.40164238
0.4016617
0.40168166
0.40170157
0.40172046
0.40173748
0.4017519
0.40176347
0.40177226
0.40177897
0.40178415
0.40178868
0.40179303
0.40179756
0.4018018
0.40180528
0.40180734
0.40180734
0.4018049
0.4018001
0.40179333
0.40178525
0.40177658
0.40176797
0.40175945
0.40175092
0.40174174
0.40173158
0.40171987
0.40170664
0.40169206
0.40167636
0.4016595
0.40164164
0.40162274
0.40160322
0.4015834
0.40156427
0.4015471
0.40153304
0.40152285
0.40151718
0.4015161
0.40151924
0.40152586
0.40153474
0.40154466
0.4015542
0.40156215
0.40156743
0.40156963
0.40156883
0.40156564
0.40156123
0.40155658
0.40155298
0.4015512
0.4015518
0.40155476
0.40155977
0.40156615
0.4015729
0.40157914
0.4015838
0.4015862
0.40158647
0.40158474
0.4015817
0.40157783
0.4015737
0.40156946
0.40156505
0.4015602
0.40155473
0.4015485
0.4015418
0.40153506
0.40152904
0.40152445
0.40152192
0.4015222
0.40152565
0.40153253
0.4015427
0.40155566
0.40157068
0.40158707
0.4016041
0.40162078
0.40163642
0.40165064
0.4016633
0.40167493
0.4016862
0.40169778
0.40171006
0.4017226
0.4017345
0.40174446
0.40175113
0.4017535
0.40175113
0.4017439
0.40173244
0.40171757
0.4017006
0.40168256
0.4016643
0.40164632
0.40162882
0.40161163
0.40159464
0.4015775
0.40156046
0.40154362
0.40152797
0.4015142
0.40150297
0.40149483
0.4014899
0.40148842
0.40149033
0.4014955
0.40150344
0.40151393
0.40152645
0.40154046
0.40155533
0.40157053
0.40158564
0.40160078
0.40161556
0.40162975
0.4016426
0.40165347
0.40166196
0.40166798
0.4016719
0.40167418
0.4016753
0.4016755
0.4016747
0.40167278
0.4016698
0.40166575
0.40166095
0.40165564
0.40164986
0.4016438
0.40163743
0.40163115
0.40162498
0.40161934
0.40161428
0.40160993
0.4016064
0.40160364
0.40160158
0.40159988
0.40159822
0.40159643
0.40159467
0.40159297
0.40159163
0.40159062
0.40158987
0.40158907
0.40158784
0.40158606
0.40158388
0.4015815
0.40157914
0.40157717
0.40157592
0.40157545
0.40157583
0.4015773
0.40158018
0.40158463
0.40159082
0.40159848
0.40160707
0.40161574
0.40162346
0.40162933
0.40163285
0.4016334
0.40163103
0.4016261
0.40161964
0.40161312
0.4016082
0.40160662
0.4016095
0.4016179
0.40163186
0.4016513
0.40167525
0.40170267
0.4017317
0.40176067
0.40178767
0.4018109
0.40182897
0.40184072
0.40184548
0.401843
0.4018333
0.40181664
0.40179384
0.40176564
0.4017331
0.40169755
0.40166044
0.40162334
0.4015877
0.40155447
0.40152472
0.40149912
0.40147796
0.4014614
0.40144947
0.401442
0.40143874
0.4014398
0.40144488
0.40145397
0.40146685
0.4014832
0.4015027
0.40152538
0.40155098
0.40157887
0.4016085
0.40163887
0.40166873
0.4016964
0.4017207
0.40174037
0.40175495
0.4017641
0.40176785
0.40176657
0.40176046
0.40174982
0.40173534
0.40171775
0.40169832
0.40167806
0.40165836
0.40164
0.4016236
0.40160918
0.40159705
0.40158707
0.40157926
0.40157348
0.40156955
0.40156704
0.40156558
0.4015648
0.40156457
0.40156513
0.40156686
0.40157026
0.40157598
0.40158433
0.40159538
0.40160903
0.4016245
0.40164092
0.40165716
0.40167218
0.4016846
0.40169317
0.40169686
0.40169516
0.4016883
0.40167707
0.4016627
0.40164676
0.40163094
0.40161672
0.40160525
0.40159738
0.40159357
0.40159366
0.40159726
0.40160364
0.4016118
0.40162075
0.40162933
0.4016373
0.40164447
0.40165135
0.4016587
0.40166736
0.40167806
0.40169132
0.40170732
0.4017257
0.40174595
0.4017672
0.40178823
0.4018082
0.40182585
0.4018405
0.4018515
0.40185827
0.40186036
0.40185758
0.40184963
0.4018366
0.40181878
0.40179652
0.40177068
0.40174216
0.40171263
0.40168357
0.40165663
0.40163353
0.40161568
0.4016041
0.40159935
0.40160164
0.4016103
0.40162438
0.4016422
0.4016622
0.40168282
0.40170228
0.40171927
0.4017327
0.40174177
0.4017462
0.4017459
0.40174097
0.401732
0.40171954
0.4017045
0.4016878
0.40167066
0.40165415
0.4016394
0.40162742
0.401619
0.4016149
0.4016152
0.40161988
0.40162832
0.40163967
0.4016532
0.40166798
0.40168336
0.40169895
0.4017146
0.40172976
0.40174413
0.40175694
0.40176758
0.40177563
0.40178108
0.40178433
0.40178597
0.40178668
0.40178713
0.40178746
0.40178755
0.40178692
0.40178502
0.40178147
0.4017763
0.40176994
0.4017631
0.40175685
0.40175223
0.4017502
0.4017512
0.40175542
0.40176263
0.40177208
0.40178278
0.40179348
0.4018031
0.40181082
0.40181598
0.4018181
0.40181708
0.4018129
0.40180597
0.40179667
0.401786
0.40177476
0.40176418
0.40175518
0.4017484
0.40174356
0.40174028
0.40173754
0.40173432
0.40172994
0.40172416
0.40171698
0.40170887
0.40170026
0.40169168
0.40168327
0.40167496
0.4016669
0.40165913
0.40165204
0.40164572
0.40164036
0.4016355
0.4016308
0.40162534
0.40161824
0.40160903
0.40159756
0.40158418
0.40156966
0.40155497
0.401541
0.4015285
0.4015182
0.4015105
0.4015056
0.40150344
0.40150383
0.40150672
0.40151203
0.40151998
0.40153077
0.40154466
0.40156153
0.4015815
0.40160385
0.40162772
0.4016519
0.40167475
0.40169472
0.40171033
0.40172064
0.40172496
0.40172324
0.40171576
0.40170327
0.40168694
0.40166822
0.4016487
0.4016297
0.40161237
0.40159762
0.4015858
0.401577
0.4015712
0.4015683
0.40156806
0.40157038
0.4015752
0.40158245
0.40159187
0.4016029
0.40161481
0.40162644
0.4016366
0.40164393
0.40164754
0.40164652
0.40164122
0.40163186
0.4016196
0.40160576
0.40159187
0.40157923
0.40156874
0.40156066
0.40155497
0.40155098
0.40154797
0.40154523
0.40154225
0.4015391
0.40153605
0.4015334
0.40153176
0.40153128
0.40153217
0.40153468
0.4015387
0.40154454
0.40155217
0.4015612
0.40157115
0.40158108
0.4015898
0.4015965
0.40160048
0.40160167
0.4016005
0.40159765
0.40159371
0.40158957
0.40158588
0.401583
0.40158114
0.40158045
0.40158093
0.40158245
0.40158477
0.40158796
0.40159208
0.4015975
0.40160444
0.40161327
0.40162423
0.4016377
0.40165386
0.40167218
0.40169203
0.40171212
0.40173098
0.40174687
0.4017585
0.40176502
0.40176594
0.4017614
0.40175188
0.4017384
0.4017226
0.40170622
0.40169108
0.40167883
0.40167078
0.40166765
0.4016699
0.40167707
0.4016883
0.40170243
0.40171784
0.40173304
0.40174687
0.40175846
0.40176734
0.4017733
0.40177643
0.4017768
0.40177476
0.4017709
0.4017656
0.40175962
0.40175334
0.40174708
0.40174064
0.40173352
0.401725
0.401714
0.4016998
0.401682
0.40166047
0.40163568
0.4016085
0.40158033
0.40155253
0.4015266
0.40150368
0.40148446
0.40146938
0.40145844
0.40145162
0.40144888
0.40144995
0.4014546
0.40146258
0.40147352
0.40148696
0.4015022
0.40151852
0.40153524
0.40155146
0.40156645
0.40157953
0.4015904
0.4015991
0.40160587
0.40161073
0.40161416
0.4016165
0.40161866
0.4016214
0.40162548
0.4016315
0.40163952
0.40164918
0.4016599
0.40167055
0.40168056
0.4016893
0.40169668
0.40170294
0.40170854
0.40171427
0.40172067
0.40172818
0.40173668
0.4017455
0.40175366
0.40175995
0.40176353
0.40176386
0.4017608
0.40175468
0.40174595
0.40173537
0.4017233
0.40170985
0.40169507
0.4016788
0.40166116
0.40164247
0.40162334
0.40160424
0.401586
0.40156913
0.40155435
0.40154216
0.40153304
0.40152723
0.40152478
0.40152553
0.4015293
0.40153593
0.40154538
0.4015573
0.40157118
0.40158647
0.40160212
0.40161693
0.40162963
0.4016393
0.40164545
0.40164825
0.4016481
0.401646
0.40164325
0.4016412
0.40164095
0.4016434
0.40164903
0.4016575
0.4016684
0.40168065
0.40169325
0.40170497
0.4017147
0.40172124
0.40172356
0.401721
0.40171334
0.40170097
0.40168485
0.40166637
0.4016471
0.4016288
0.40161303
0.40160102
0.40159357
0.40159085
0.40159243
0.40159747
0.40160483
0.40161312
0.40162075
0.40162653
0.4016298
0.40163016
0.4016278
0.40162313
0.4016168
0.40160972
0.4016028
0.40159705
0.40159297
0.40159088
0.40159073
0.40159217
0.40159464
0.4015975
0.40160006
0.40160152
0.40160084
0.4015975
0.40159103
0.40158173
0.40157032
0.40155777
0.4015454
0.40153414
0.40152505
0.4015189
0.4015162
0.4015173
0.4015222
0.40153083
0.40154284
0.4015579
0.40157512
0.40159348
0.40161163
0.40162814
0.40164182
0.40165174
0.40165764
0.4016597
0.40165868
0.4016558
0.40165225
0.40164918
0.40164736
0.40164718
0.4016484
0.40165022
0.40165186
0.40165237
0.40165144
0.40164906
0.4016453
0.4016406
0.4016352
0.40162894
0.40162167
0.40161303
0.40160286
0.40159154
0.4015794
0.40156752
0.40155688
0.40154833
0.40154278
0.40154085
0.40154305
0.40154982
0.40156078
0.40157565
0.40159366
0.40161398
0.40163603
0.40165922
0.40168327
0.40170813
0.40173337
0.40175855
0.4017829
0.40180564
0.40182588
0.4018429
0.40185615
0.40186554
0.40187088
0.40187216
0.40186954
0.40186286
0.40185222
0.40183794
0.40182036
0.40180036
0.40177885
0.40175712
0.4017365
0.40171835
0.40170413
0.40169472
0.40169054
0.40169147
0.40169683
0.40170556
0.40171605
0.40172672
0.4017357
0.40174156
0.4017432
0.40174028
0.40173283
0.40172145
0.40170723
0.4016916
0.40167576
0.40166113
0.40164852
0.4016384
0.40163097
0.4016261
0.40162364
0.40162334
0.40162516
0.40162915
0.4016351
0.40164274
0.40165105
0.40165913
0.40166578
0.40167007
0.40167153
0.4016701
0.40166613
0.4016604
0.40165368
0.4016464
0.4016388
0.40163097
0.40162227
0.40161222
0.40160042
0.40158665
0.40157118
0.4015545
0.40153745
0.401521
0.40150577
0.40149236
0.4014814
0.4014733
0.40146878
0.40146795
0.40147096
0.40147752
0.40148702
0.40149862
0.4015115
0.40152454
0.401537
0.40154815
0.40155733
0.40156445
0.4015698
0.40157408
0.40157804
0.4015823
0.40158707
0.40159228
0.4015976
0.40160245
0.40160617
0.40160793
0.40160725
0.4016033
0.40159598
0.40158513
0.40157118
0.40155488
0.40153712
0.40151885
0.40150094
0.4014843
0.40146983
0.40145823
0.40144995
0.40144542
0.40144458
0.4014475
0.40145376
0.4014631
0.40147477
0.4014881
0.40150228
0.40151632
0.40152916
0.40154013
0.40154865
0.4015547
0.40155873
0.40156114
0.40156236
0.40156266
0.40156218
0.40156096
0.40155926
0.40155736
0.40155545
0.4015538
0.4015524
0.4015509
0.40154892
0.40154648
0.4015435
0.40154046
0.40153798
0.40153688
0.40153778
0.4015412
0.40154737
0.401556
0.40156636
0.40157744
0.4015879
0.4015965
0.40160248
0.40160534
0.40160525
0.40160254
0.40159813
0.4015928
0.4015873
0.401582
0.40157697
0.40157205
0.40156713
0.40156212
0.40155742
0.40155327
0.4015501
0.4015483
0.4015481
0.4015495
0.40155268
0.40155745
0.40156376
0.40157172
0.40158135
0.40159246
0.40160468
0.40161738
0.40162978
0.40164134
0.4016517
0.40166092
0.40166903
0.4016762
0.40168247
0.40168777
0.40169182
0.40169457
0.40169597
0.40169653
0.4016965
0.4016966
0.40169695
0.40169778
0.4016988
0.40169948
0.40169883
0.40169612
0.40169072
0.40168253
0.40167192
0.40165973
0.40164703
0.40163466
0.40162355
0.401614
0.40160632
0.40160048
0.40159622
0.4015934
0.40159196
0.40159205
0.40159374
0.40159723
0.40160272
0.40161014
0.40161917
0.40162915
0.40163898
0.40164754
0.40165353
0.40165633
0.40165552
0.4016514
0.40164453
0.40163583
0.40162635
0.40161687
0.4016081
0.4016004
0.4015942
0.4015899
0.40158802
0.40158877
0.4015925
0.40159908
0.40160796
0.40161812
0.40162832
0.40163693
0.40164274
0.40164483
0.4016429
0.40163735
0.40162894
0.401619
0.40160885
0.40159974
0.40159228
0.4015874
0.40158546
0.40158704
0.40159243
0.4016019
0.40161568
0.40163362
0.40165538
0.40168005
0.40170646
0.4017331
0.4017584
0.4017809
0.40179935
0.4018128
0.40182066
0.40182236
0.4018182
0.40180838
0.40179396
0.4017762
0.40175653
0.40173668
0.4017183
0.40170255
0.4016903
0.4016819
0.40167725
0.40167612
0.40167817
0.40168294
0.40169054
0.40170082
0.40171406
0.40173003
0.40174836
0.4017677
0.40178642
0.40180284
0.40181556
0.40182328
0.40182543
0.40182194
0.40181318
0.40180025
0.4017843
0.4017669
0.40174952
0.4017333
0.40171918
0.40170747
0.40169844
0.40169224
0.40168914
0.40168962
0.40169406
0.40170255
0.40171477
0.40172967
0.40174586
0.40176153
0.40177512
0.40178514
0.40179053
0.40179077
0.40178597
0.4017767
0.4017642
0.40175018
0.40173647
0.4017247
0.40171632
0.40171212
0.40171263
0.40171754
0.401726
0.40173677
0.40174794
0.40175802
0.40176556
0.4017696
0.40176988
0.4017667
0.40176094
0.4017537
0.4017462
0.40173966
0.40173483
0.4017327
0.4017339
0.4017389
0.40174803
0.40176085
0.4017767
0.40179443
0.40181288
0.40183082
0.40184712
0.40186086
0.40187132
0.40187797
0.40188053
0.40187895
0.40187347
0.40186477
0.4018534
0.4018405
0.40182695
0.40181318
0.4017994
0.40178552
0.4017711
0.40175557
0.4017388
0.40172085
0.40170223
0.40168363
0.40166527
0.4016473
0.40162957
0.40161183
0.40159366
0.40157562
0.40155795
0.4015416
0.4015272
0.4015153
0.40150633
0.40150037
0.4014975
0.40149748
0.40150008
0.40150493
0.40151206
0.4015216
0.40153378
0.40154904
0.4015675
0.401589
0.40161327
0.40163985
0.401668
0.40169695
0.4017254
0.40175205
0.40177557
0.40179473
0.40180886
0.40181786
0.40182152
0.4018204
0.40181485
0.40180552
0.40179318
0.4017787
0.4017633
0.40174773
0.40173277
0.4017189
0.4017064
0.40169564
0.4016868
0.40167972
0.40167415
0.40166935
0.40166476
0.4016599
0.40165493
0.40165007
0.40164614
0.40164343
0.40164223
0.40164223
0.40164283
0.40164334
0.40164334
0.4016426
0.4016416
0.40164062
0.40163988
0.40163952
0.40163922
0.4016384
0.4016365
0.40163323
0.4016284
0.40162238
0.40161607
0.40161058
0.40160707
0.40160635
0.40160888
0.40161464
0.40162313
0.40163356
0.4016448
0.40165564
0.4016651
0.4016724
0.40167686
0.4016784
0.4016771
0.4016733
0.40166736
0.40165988
0.40165144
0.40164247
0.40163335
0.40162456
0.40161642
0.4016092
0.40160245
0.401596
0.40158987
0.4015841
0.40157896
0.40157488
0.40157232
0.40157163
0.40157294
0.40157643
0.40158185
0.40158877
0.40159655
0.40160447
0.40161183
0.4016184
0.4016242
0.40162924
0.40163356
0.4016369
0.40163904
0.4016399
0.40163976
0.40163898
0.40163836
0.40163863
0.40164018
0.40164334
0.4016479
0.40165323
0.40165886
0.40166432
0.40166944
0.4016743
0.4016791
0.4016838
0.401688
0.40169096
0.4016919
0.40169042
0.40168637
0.40167987
0.40167096
0.40165955
0.40164563
0.40162933
0.4016111
0.40159145
0.40157124
0.40155125
0.4015319
0.40151393
0.4014975
0.40148297
0.40147015
0.40145913
0.40144953
0.4014413
0.4014346
0.40142977
0.40142736
0.40142792
0.40143144
0.40143806
0.4014476
0.40145966
0.40147382
0.40148956
0.40150613
0.4015231
0.40153986
0.40155587
0.40157077
0.40158415
0.40159598
0.4016065
0.40161628
0.40162534
0.40163386
0.401641
0.401646
0.40164784
0.40164572
0.40163967
0.40163
0.4016178
0.4016044
0.40159154
0.4015808
0.40157345
0.40157044
0.40157223
0.401579
0.4015906
0.40160623
0.40162522
0.40164614
0.40166748
0.40168753
0.4017048
0.40171784
0.401726
0.40172908
0.40172723
0.40172115
0.401712
0.40170112
0.40168986
0.40167916
0.40166992
0.40166265
0.40165773
0.40165523
0.4016551
0.401657
0.40166038
0.40166444
0.40166834
0.40167147
0.40167338
0.40167418
0.40167427
0.40167442
0.4016752
0.40167695
0.40167984
0.40168345
0.4016872
0.4016903
0.4016923
0.40169278
0.4016915
0.40168825
0.40168285
0.40167508
0.40166488
0.40165237
0.40163803
0.4016224
0.40160644
0.4015905
0.40157506
0.40155983
0.40154475
0.40152934
0.4015135
0.40149742
0.40148163
0.40146652
0.40145272
0.40144047
0.40142995
0.4014212
0.40141413
0.4014087
0.40140474
0.4014018
0.40139943
0.40139723
0.40139478
0.40139207
0.40138948
0.4013875
0.4013868
0.40138784
0.401391
0.4013963
0.40140364
0.40141273
0.40142322
0.4014347
0.4014466
0.40145868
0.40147048
0.40148184
0.40149274
0.4015034
0.401514
0.4015243
0.40153414
0.40154305
0.4015507
0.40155643
0.40155965
0.40155977
0.40155643
0.40154994
0.40154088
0.40153047
0.40151998
0.40151066
0.40150356
0.40149948
0.40149885
0.40150177
0.40150812
0.4015176
0.40152958
0.4015434
0.40155867
0.40157518
0.40159264
0.40161073
0.40162894
0.40164688
0.40166366
0.4016784
0.40168986
0.40169722
0.4017001
0.40169877
0.40169394
0.40168703
0.40167928
0.40167218
0.40166688
0.4016646
0.40166622
0.4016722
0.40168282
0.40169764
0.4017163
0.4017379
0.40176126
0.40178543
0.40180907
0.40183133
0.40185156
0.4018689
0.40188277
0.40189248
0.40189767
0.40189794
0.40189305
0.40188313
0.40186834
0.40184942
0.40182713
0.4018028
0.4017777
0.40175334
0.40173107
0.40171215
0.4016972
0.40168658
0.40168017
0.4016773
0.40167734
0.4016794
0.40168285
0.4016872
0.40169206
0.4016968
0.40170068
0.40170282
0.4017024
0.40169892
0.40169197
0.40168166
0.40166852
0.4016535
0.40163788
0.40162298
0.40160996
0.40159982
0.40159312
0.40159035
0.40159136
0.40159595
0.4016033
0.40161225
0.4016214
0.4016291
0.40163398
0.4016348
0.40163127
0.4016234
0.40161204
0.40159827
0.40158352
0.4015689
0.40155548
0.4015441
0.40153515
0.40152884
0.40152508
0.40152374
0.40152422
0.401526
0.40152863
0.4015315
0.4015344
0.40153745
0.40154094
0.40154517
0.40155056
0.4015573
0.4015654
0.4015746
0.40158454
0.40159425
0.40160307
0.40161023
0.40161535
0.40161854
0.40162048
0.401622
0.4016239
0.40162662
0.40163037
0.40163478
0.40163913
0.4016423
0.40164325
0.40164104
0.40163538
0.4016265
0.40161508
0.40160194
0.40158835
0.40157536
0.40156394
0.4015551
0.40154967
0.4015481
0.40155056
0.40155685
0.40156627
0.40157798
0.40159076
0.4016037
0.40161613
0.40162712
0.40163627
0.4016431
0.40164784
0.4016508
0.4016527
0.40165445
0.40165663
0.40166023
0.401666
0.40167457
0.40168634
0.4017012
0.40171847
0.40173715
0.40175563
0.4017722
0.40178514
0.4017933
0.40179563
0.4017917
0.4017814
0.40176514
0.40174374
0.4017184
0.40169048
0.40166137
0.40163222
0.40160432
0.40157834
0.40155488
0.4015343
0.40151712
0.40150368
0.4014941
0.4014886
0.401487
0.401489
0.40149412
0.4015019
0.40151176
0.40152296
0.40153468
0.40154597
0.40155596
0.40156403
0.40157
0.40157393
0.4015764
0.40157837
0.40158063
0.4015839
0.40158856
0.4015945
0.40160134
0.4016085
0.40161508
0.4016202
0.40162265
0.40162167
0.40161672
0.40160766
0.40159532
0.40158054
0.4015651
0.40155038
0.4015378
0.4015284
0.40152276
0.40152133
0.4015241
0.40153083
0.4015412
0.40155447
0.40156978
0.40158615
0.4016023
0.4016173
0.40163055
0.40164158
0.4016505
0.4016572
0.40166193
0.40166494
0.40166703
0.4016692
0.40167263
0.4016787
0.40168858
0.40170258
0.40172085
0.40174243
0.40176624
0.40179095
0.40181512
0.40183735
0.4018565
0.40187144
0.4018814
0.40188557
0.40188384
0.4018763
0.40186355
0.40184662
0.4018271
0.4018067
0.4017873
0.40177044
0.40175718
0.40174788
0.40174255
0.40174037
0.40174058
0.40174237
0.40174514
0.40174833
0.4017515
0.40175387
0.40175486
0.40175366
0.4017496
0.401742
0.4017305
0.4017151
0.40169606
0.40167415
0.40165043
0.40162644
0.4016039
0.40158468
0.40157026
0.40156183
0.40156
0.40156502
0.40157643
0.40159336
0.40161443
0.40163788
0.40166205
0.40168542
0.4017071
0.40172663
0.40174404
0.4017598
0.4017745
0.40178853
0.40180212
0.40181512
0.40182698
0.4018372
0.40184513
0.40185022
0.4018519
0.40184987
0.40184423
0.40183526
0.4018236
0.4018099
0.40179473
0.40177846
0.40176094
0.40174177
0.40172073
0.40169775
0.40167332
0.40164813
0.40162292
0.40159887
0.40157685
0.40155745
0.4015416
0.40152973
0.40152195
0.40151817
0.40151754
0.40151912
0.40152168
0.40152416
0.4015254
0.401525
0.40152255
0.40151832
0.4015129
0.40150687
0.401501
0.40149593
0.4014923
0.40148997
0.4014891
0.40148923
0.4014896
0.40148956
0.40148827
0.4014853
0.40148026
0.40147316
0.40146458
0.40145537
0.4014466
0.40143937
0.40143427
0.40143186
0.40143242
0.401436
0.40144247
0.40145183
0.401464
0.40147886
0.4014966
0.40151742
0.40154153
0.4015689
0.40159935
0.40163213
0.4016663
0.4017007
0.40173393
0.4017647
0.40179193
0.40181467
0.40183192
0.40184313
0.40184763
0.40184557
0.4018372
0.4018232
0.40180436
0.40178174
0.40175658
0.40173018
0.40170404
0.40167937
0.40165725
0.4016384
0.40162295
0.40161085
0.4016014
0.40159407
0.40158817
0.4015835
0.40158013
0.40157828
0.40157837
0.4015805
0.4015848
0.40159094
0.40159845
0.40160653
0.40161434
0.40162134
0.40162712
0.4016318
0.40163568
0.40163934
0.40164307
0.4016471
0.4016512
0.40165487
0.4016576
0.40165854
0.40165713
0.4016529
0.401646
0.40163687
0.40162638
0.40161568
0.40160578
0.40159744
0.40159124
0.40158752
0.40158594
0.40158632
0.4015878
0.40158963
0.40159097
0.401591
0.40158936
0.40158606
0.40158138
0.4015758
0.40157005
0.40156472
0.40156028
0.40155736
0.40155637
0.40155762
0.40156147
0.40156797
0.40157703
0.40158847
0.40160167
0.401616
0.40163052
0.40164402
0.40165532
0.4016628
0.40166536
0.40166253
0.4016542
0.40164137
0.4016253
0.40160787
0.40159056
0.40157503
0.40156212
0.4015526
0.40154672
0.4015444
0.4015454
0.40154952
0.4015562
0.4015651
0.40157545
0.40158632
0.40159672
0.40160602
0.40161404
0.4016208
0.40162665
0.4016319
0.40163675
0.40164143
0.40164608
0.40165076
0.4016556
0.4016604
0.401665
0.40166903
0.40167218
0.40167442
0.4016758
0.4016763
0.40167603
0.40167505
0.40167296
0.40166953
0.4016642
0.40165672
0.40164703
0.4016355
0.40162286
0.40161005
0.40159792
0.4015873
0.40157896
0.40157357
0.40157166
0.40157342
0.40157863
0.40158683
0.40159684
0.4016073
0.40161657
0.40162325
0.40162626
0.40162507
0.40161937
0.40160963
0.4015965
0.40158087
0.40156344
0.40154514
0.40152663
0.40150833
0.40149078
0.4014743
0.4014595
0.40144664
0.40143606
0.4014278
0.401422
0.40141827
0.40141645
0.40141627
0.4014173
0.40141958
0.40142328
0.4014286
0.40143582
0.40144494
0.40145606
0.40146893
0.40148342
0.4014993
0.40151656
0.4015351
0.40155515
0.40157658
0.40159887
0.40162143
0.40164298
0.4016623
0.40167832
0.4016903
0.4016978
0.40170082
0.40169993
0.40169603
0.40168995
0.40168256
0.40167415
0.40166476
0.40165418
0.40164196
0.40162814
0.40161267
0.40159634
0.40157968
0.40156344
0.40154824
0.4015344
0.40152192
0.40151066
0.40150023
0.40149048
0.40148145
0.40147296
0.40146512
0.4014581
0.40145224
0.4014478
0.40144515
0.40144455
0.40144584
0.40144902
0.4014541
0.40146104
0.40147033
0.40148222
0.40149674
0.40151408
0.40153417
0.4015567
0.40158117
0.4016071
0.40163404
0.40166125
0.40168768
0.40171206
0.40173334
0.40175065
0.4017633
0.40177083
0.40177336
0.40177107
0.4017645
0.4017543
0.40174142
0.40172693
0.4017118
0.40169662
0.40168166
0.40166706
0.4016528
0.40163904
0.40162587
0.4016132
0.40160108
0.40158954
0.40157855
0.40156794
0.4015576
0.40154737
0.40153715
0.40152702
0.40151697
0.4015073
0.40149814
0.40148997
0.4014832
0.40147844
0.40147614
0.40147677
0.40148067
0.401488
0.40149888
0.4015135
0.40153196
0.40155414
0.4015794
0.401607
0.4016355
0.40166345
0.40168938
0.40171257
0.40173244
0.40174907
0.4017631
0.40177536
0.4017865
0.40179697
0.4018066
0.40181506
0.40182173
0.40182605
0.4018273
0.40182486
0.40181804
0.40180662
0.40179038
0.40176964
0.40174484
0.40171665
0.4016862
0.4016545
0.401623
0.40159303
0.4015657
0.4015419
0.40152243
0.40150777
0.401498
0.40149307
0.40149304
0.40149757
0.4015064
0.4015189
0.40153447
0.40155223
0.40157145
0.40159133
0.40161127
0.40163112
0.40165085
0.40167052
0.40168983
0.40170804
0.40172422
0.40173748
0.40174696
0.401752
0.40175235
0.40174815
0.4017401
0.40172908
0.4017162
0.40170273
0.40168926
0.40167654
0.40166485
0.40165436
0.40164545
0.40163812
0.40163276
0.40162978
0.40162954
0.40163234
0.40163827
0.40164742
0.40165958
0.40167448
0.4016912
0.4017086
0.4017252
0.40173945
0.40175
0.4017558
0.4017561
0.40175062
0.4017398
0.40172443
0.40170595
0.40168568
0.40166518
0.40164545
0.40162736
0.40161142
0.40159792
0.40158704
0.4015787
0.40157282
0.40156907
0.40156692
0.40156624
0.40156677
0.4015687
0.40157205
0.40157673
0.40158254
0.40158913
0.40159604
0.4016026
0.4016082
0.4016121
0.4016142
0.40161476
0.4016145
0.40161452
0.40161568
0.4016185
0.4016232
0.40162927
0.40163606
0.40164283
0.40164888
0.40165427
0.40165916
0.40166408
0.40166965
0.40167627
0.4016841
0.40169322
0.40170318
0.40171292
0.40172145
0.40172747
0.40172994
0.4017285
0.40172297
0.40171385
0.40170223
0.4016891
0.4016758
0.40166304
0.40165162
0.4016418
0.40163362
0.40162712
0.40162197
0.40161803
0.40161532
0.40161416
0.4016149
0.40161824
0.40162456
0.40163374
0.40164545
0.4016588
0.4016725
0.40168533
0.401696
0.40170363
0.40170777
0.40170828
0.40170538
0.4016998
0.4016925
0.40168476
0.40167794
0.4016731
0.40167093
0.40167156
0.40167472
0.40167966
0.40168542
0.40169114
0.40169615
0.4017003
0.4017036
0.4017068
0.4017108
0.40171635
0.40172386
0.40173343
0.40174457
0.40175623
0.401767
0.4017754
0.40178
0.4017797
0.40177366
0.4017618
0.40174457
0.40172306
0.4016989
0.40167397
0.4016504
0.40163007
0.40161416
0.4016033
0.40159768
0.401597
0.40160036
0.40160698
0.40161553
0.40162468
0.40163267
0.4016378
0.40163878
0.40163475
0.40162554
0.40161166
0.40159407
0.4015742
0.40155354
0.40153337
0.401515
0.40149912
0.40148625
0.40147638
0.4014695
0.401465
0.40146247
0.40146145
0.40146145
0.4014623
0.40146387
0.40146625
0.4014694
0.40147385
0.40148
0.40148848
0.40149957
0.40151355
0.40152994
0.40154812
0.40156692
0.4015851
0.40160134
0.40161455
0.40162364
0.40162787
0.40162712
0.4016218
0.4016128
0.40160134
0.4015888
0.40157673
0.40156662
0.40155974
0.40155694
0.40155876
0.40156502
0.4015753
0.40158877
0.40160468
0.401622
0.4016399
0.40165728
0.401673
0.4016859
0.40169472
0.40169865
0.40169746
0.40169156
0.40168226
0.40167168
0.40166295
0.40165952
0.40166572
0.40168676
0.4017291
0.40180156
0.40191573
0.40208796
0.40234223
0.40270782
0.40322664
0.40395665
0.40497604
0.40639108
0.40834355
0.41105384
0.41474468
0.4197249
0.42646837
0.43561488
0.4477756
