0.4425019
0.43197355
0.42407125
0.41811663
0.41366628
0.410375
0.40795928
0.4061784
0.40487167
0.40392092
0.4032298
0.40273052
0.4023723
0.4021173
0.4019374
0.40181142
0.40172377
0.40166306
0.40162146
0.40159357
0.40157598
0.40156645
0.40156335
0.40156546
0.4015715
0.4015802
0.40159008
0.40159944
0.40160662
0.4016103
0.40160963
0.40160453
0.4015956
0.401584
0.40157142
0.40155944
0.4015498
0.4015435
0.40154153
0.40154418
0.40155134
0.4015622
0.4015755
0.40158966
0.40160277
0.40161344
0.40162063
0.4016236
0.40162265
0.40161824
0.40161148
0.4016035
0.4015952
0.40158752
0.40158078
0.4015751
0.40157044
0.40156683
0.4015642
0.40156257
0.4015616
0.40156117
0.40156093
0.40156123
0.40156206
0.40156436
0.4015689
0.4015764
0.40158725
0.40160164
0.40161926
0.40163943
0.401661
0.4016825
0.40170255
0.40171984
0.4017333
0.40174186
0.40174472
0.4017414
0.40173158
0.40171576
0.40169472
0.40166986
0.40164274
0.4016154
0.40158987
0.40156797
0.40155107
0.40154013
0.40153563
0.40153763
0.4015459
0.40155995
0.4015789
0.40160164
0.40162668
0.40165228
0.40167654
0.4016973
0.4017129
0.40172184
0.40172333
0.40171725
0.4017041
0.40168494
0.40166137
0.40163526
0.40160853
0.401583
0.4015602
0.4015412
0.40152705
0.40151808
0.40151447
0.40151593
0.40152192
0.40153137
0.4015432
0.40155616
0.40156916
0.40158093
0.40159038
0.40159664
0.40159923
0.4015981
0.4015936
0.4015862
0.40157673
0.40156588
0.40155452
0.4015438
0.4015347
0.40152833
0.40152565
0.4015275
0.4015343
0.4015462
0.40156263
0.40158257
0.40160465
0.40162694
0.4016477
0.40166512
0.4016776
0.40168405
0.40168402
0.40167764
0.40166548
0.4016487
0.4016285
0.40160668
0.40158477
0.40156442
0.401547
0.40153357
0.4015251
0.40152216
0.4015253
0.4015346
0.40154964
0.40156978
0.40159371
0.4016197
0.4016459
0.4016703
0.40169132
0.40170807
0.40171996
0.40172732
0.4017306
0.4017308
0.40172914
0.401727
0.40172538
0.40172523
0.40172663
0.4017291
0.40173173
0.40173334
0.40173277
0.40172938
0.4017228
0.4017134
0.40170178
0.40168884
0.4016757
0.40166354
0.4016532
0.40164518
0.40163964
0.40163624
0.40163445
0.40163347
0.40163273
0.40163162
0.40162972
0.40162638
0.4016215
0.40161526
0.40160817
0.40160117
0.4015952
0.401591
0.401589
0.40158936
0.4015921
0.40159705
0.4016042
0.4016136
0.40162528
0.40163943
0.40165624
0.40167534
0.40169618
0.40171754
0.401738
0.4017559
0.4017699
0.40177894
0.40178245
0.4017802
0.40177247
0.40175992
0.40174347
0.40172398
0.40170264
0.40168035
0.40165797
0.40163618
0.4016154
0.4015963
0.4015793
0.40156513
0.4015541
0.40154645
0.4015421
0.40154037
0.40154043
0.40154105
0.40154096
0.40153915
0.40153483
0.40152782
0.40151808
0.40150613
0.4014926
0.40147844
0.4014647
0.40145236
0.40144223
0.401435
0.40143102
0.4014306
0.4014337
0.4014403
0.40145025
0.40146333
0.4014794
0.40149805
0.40151888
0.4015415
0.40156513
0.40158927
0.40161285
0.4016347
0.4016534
0.40166786
0.40167713
0.4016807
0.40167865
0.4016714
0.4016594
0.40164334
0.40162396
0.40160248
0.40158018
0.40155855
0.40153894
0.4015223
0.40150928
0.40150028
0.40149528
0.40149432
0.40149707
0.40150312
0.40151197
0.40152287
0.401535
0.40154755
0.40155962
0.40157053
0.40157956
0.401586
0.4015894
0.40158954
0.40158668
0.4015813
0.40157396
0.40156528
0.40155607
0.401547
0.40153876
0.401532
0.40152726
0.40152484
0.4015252
0.40152833
0.40153423
0.40154275
0.4015535
0.40156618
0.4015798
0.4015936
0.40160647
0.40161744
0.40162545
0.4016298
0.4016301
0.40162644
0.40161955
0.40161026
0.40159962
0.40158856
0.40157774
0.40156785
0.4015594
0.40155247
0.40154728
0.4015442
0.4015437
0.40154627
0.40155244
0.4015624
0.40157622
0.4015933
0.4016128
0.40163335
0.4016534
0.40167114
0.40168533
0.40169474
0.40169898
0.40169787
0.40169188
0.40168193
0.40166876
0.40165326
0.40163597
0.40161738
0.40159756
0.40157688
0.40155578
0.40153497
0.40151522
0.40149742
0.40148208
0.40146968
0.40146014
0.40145326
0.40144855
0.40144575
0.4014444
0.4014445
0.40144575
0.40144813
0.40145162
0.40145633
0.40146226
0.40146965
0.40147853
0.4014888
0.40150017
0.40151235
0.40152505
0.4015379
0.4015512
0.4015655
0.40158176
0.40160093
0.4016235
0.40164962
0.4016788
0.4017099
0.4017413
0.4017711
0.4017974
0.40181866
0.40183362
0.40184158
0.4018423
0.40183577
0.40182263
0.40180358
0.40177992
0.40175295
0.40172443
0.40169618
0.40166995
0.40164706
0.40162846
0.40161484
0.4016061
0.40160215
0.40160245
0.40160647
0.4016137
0.4016236
0.40163562
0.40164876
0.40166223
0.4016749
0.4016862
0.4016949
0.40170035
0.4017019
0.40169942
0.40169328
0.40168437
0.4016739
0.40166315
0.4016531
0.40164453
0.40163788
0.4016333
0.4016308
0.40163037
0.40163162
0.40163445
0.40163848
0.4016436
0.40164965
0.40165594
0.40166196
0.40166682
0.4016699
0.40167084
0.4016696
0.4016665
0.40166205
0.40165657
0.40165016
0.40164286
0.4016349
0.40162662
0.4016185
0.40161118
0.40160516
0.4016008
0.4015982
0.40159705
0.40159684
0.40159675
0.40159598
0.40159407
0.40159088
0.40158698
0.40158308
0.40157992
0.4015784
0.40157887
0.4015818
0.40158725
0.40159494
0.4016042
0.40161413
0.4016238
0.401632
0.40163755
0.40163952
0.4016373
0.4016308
0.40162063
0.40160757
0.4015928
0.40157738
0.4015623
0.40154842
0.4015363
0.40152627
0.40151834
0.40151215
0.4015074
0.40150347
0.4015
0.4014964
0.40149236
0.40148747
0.40148148
0.4014745
0.40146685
0.40145943
0.40145308
0.4014485
0.40144643
0.4014473
0.40145153
0.40145928
0.40147057
0.4014851
0.40150237
0.40152168
0.4015421
0.40156204
0.4015802
0.40159526
0.40160617
0.40161237
0.40161386
0.401611
0.40160426
0.4015945
0.40158248
0.4015692
0.4015556
0.401543
0.40153277
0.40152675
0.40152663
0.4015346
0.40155295
0.4015848
0.40163434
0.4017072
0.40181133
0.40195742
0.40216205
0.40244597
0.40283832
0.40337974
0.4041267
0.40515625
0.4065739
0.40852097
0.41121876
0.4148917
0.41985032
0.42656896
0.43569148
0.44783008
