0.44258624
0.43208653
0.42421213
0.4182853
0.41386223
0.41059765
0.40820545
0.4064454
0.4051568
0.40422094
0.40354195
0.40305197
0.40270004
0.40244824
0.40226814
0.40213904
0.4020458
0.40197742
0.40192634
0.40188697
0.40185547
0.4018289
0.40180537
0.40178385
0.40176368
0.40174478
0.40172732
0.40171155
0.40169728
0.40168455
0.4016733
0.40166357
0.40165552
0.40164936
0.40164495
0.40164196
0.40164018
0.40163943
0.4016395
0.40164044
0.40164214
0.40164417
0.40164572
0.4016459
0.4016439
0.40163925
0.40163198
0.40162233
0.401611
0.4015987
0.40158603
0.40157345
0.40156138
0.40154988
0.40153927
0.40152964
0.40152133
0.40151426
0.40150815
0.4015027
0.4014975
0.40149212
0.4014861
0.40147933
0.40147182
0.40146413
0.40145665
0.40144974
0.40144372
0.40143865
0.4014347
0.40143156
0.401429
0.40142635
0.40142328
0.40141952
0.40141526
0.4014109
0.40140688
0.40140375
0.4014021
0.40140226
0.40140474
0.4014097
0.4014172
0.40142733
0.4014398
0.401454
0.40146923
0.40148446
0.40149847
0.4015103
0.40151903
0.40152448
0.40152672
0.40152627
0.40152377
0.40151995
0.40151566
0.40151146
0.401508
0.40150574
0.40150493
0.40150544
0.40150708
0.40150934
0.40151197
0.4015146
0.40151718
0.40151998
0.40152287
0.4015259
0.4015293
0.4015331
0.40153733
0.40154192
0.4015466
0.40155113
0.40155506
0.40155828
0.40156078
0.40156287
0.40156513
0.40156817
0.40157223
0.40157756
0.401584
0.40159133
0.40159908
0.40160662
0.4016132
0.40161765
0.401619
0.4016165
0.40161014
0.4016002
0.40158787
0.40157408
0.40155977
0.4015457
0.40153217
0.40151918
0.4015068
0.40149486
0.4014834
0.4014723
0.40146187
0.40145272
0.40144527
0.40144008
0.40143764
0.4014384
0.40144265
0.40145075
0.40146315
0.40148008
0.40150172
0.40152782
0.40155762
0.40158993
0.4016231
0.4016552
0.40168422
0.4017084
0.40172628
0.4017372
0.4017407
0.40173686
0.401726
0.40170902
0.40168688
0.40166083
0.40163222
0.40160254
0.40157306
0.401545
0.40151945
0.40149698
0.40147805
0.4014629
0.4014518
0.40144494
0.40144265
0.40144515
0.40145266
0.40146497
0.40148163
0.40150177
0.40152416
0.40154752
0.40157008
0.4015903
0.40160644
0.4016172
0.40162173
0.40161976
0.40161172
0.40159848
0.4015815
0.40156245
0.40154302
0.40152472
0.4015089
0.4014964
0.4014876
0.40148252
0.40148082
0.40148187
0.40148494
0.40148914
0.40149367
0.40149775
0.401501
0.40150312
0.40150356
0.4015021
0.40149873
0.40149385
0.40148798
0.40148184
0.40147623
0.40147185
0.40146935
0.40146905
0.40147114
0.40147555
0.4014819
0.40148965
0.4014979
0.40150583
0.40151235
0.4015167
0.40151876
0.40151876
0.40151772
0.40151656
0.40151617
0.40151727
0.40152
0.4015241
0.40152887
0.40153313
0.401536
0.40153626
0.40153322
0.40152663
0.40151688
0.40150478
0.40149134
0.4014778
0.40146548
0.4014553
0.4014481
0.40144423
0.40144378
0.40144676
0.401453
0.40146232
0.40147442
0.4014888
0.40150478
0.40152135
0.40153775
0.40155277
0.4015658
0.4015764
0.40158442
0.40158978
0.40159252
0.40159297
0.40159118
0.4015877
0.40158263
0.40157613
0.4015683
0.40155914
0.40154862
0.40153712
0.40152484
0.40151185
0.40149844
0.40148485
0.4014716
0.40145957
0.40144947
0.40144214
0.4014385
0.40143895
0.40144402
0.4014538
0.40146825
0.40148684
0.40150887
0.40153307
0.40155834
0.4015835
0.40160757
0.40162995
0.40165025
0.401668
0.40168226
0.40169215
0.40169686
0.40169582
0.40168908
0.40167713
0.40166086
0.40164167
0.40162107
0.40160042
0.40158096
0.40156394
0.40155038
0.40154088
0.40153596
0.4015355
0.4015391
0.4015461
0.40155566
0.40156668
0.40157834
0.4015894
0.40159923
0.40160725
0.40161303
0.4016165
0.4016179
0.40161788
0.40161717
0.4016168
0.40161747
0.4016195
0.40162307
0.40162802
0.40163395
0.40164024
0.4016459
0.40164965
0.40165052
0.4016476
0.40164053
0.40162972
0.40161598
0.40160075
0.40158573
0.40157264
0.40156305
0.4015579
0.40155777
0.40156317
0.40157372
0.40158913
0.40160832
0.4016301
0.40165275
0.40167445
0.40169343
0.40170828
0.40171802
0.40172213
0.40172055
0.4017138
0.4017027
0.40168855
0.40167278
0.40165696
0.40164247
0.40163064
0.40162238
0.4016185
0.40161934
0.4016249
0.40163457
0.40164733
0.40166172
0.4016761
0.40168858
0.40169758
0.401702
0.40170112
0.40169516
0.40168464
0.401671
0.40165567
0.4016404
0.40162635
0.4016145
0.40160543
0.40159914
0.40159535
0.4015932
0.4015916
0.4015894
0.40158585
0.40158033
0.4015731
0.40156424
0.4015543
0.40154377
0.40153357
0.40152434
0.40151665
0.40151086
0.4015069
0.40150476
0.40150407
0.4015045
0.4015058
0.40150797
0.401511
0.4015152
0.40152073
0.40152755
0.4015353
0.40154335
0.40155095
0.401557
0.40156078
0.40156177
0.4015602
0.4015566
0.40155175
0.40154627
0.40154067
0.4015353
0.40153044
0.40152618
0.4015226
0.40151978
0.40151802
0.40151757
0.40151876
0.40152195
0.40152696
0.40153378
0.40154183
0.40155038
0.40155843
0.4015651
0.40156946
0.4015709
0.40156934
0.40156496
0.4015585
0.40155107
0.40154392
0.4015383
0.40153506
0.40153477
0.4015373
0.40154228
0.40154877
0.40155575
0.40156224
0.40156758
0.4015718
0.4015753
0.4015787
0.4015827
0.40158805
0.40159538
0.4016051
0.40161705
0.40163064
0.401645
0.40165907
0.40167168
0.40168148
0.40168756
0.40168926
0.40168658
0.40167978
0.4016698
0.40165764
0.40164444
0.4016312
0.401619
0.40160874
0.4016009
0.4015956
0.4015926
0.40159145
0.40159145
0.40159214
0.40159312
0.40159437
0.40159622
0.40159932
0.40160453
0.4016125
0.40162334
0.40163687
0.40165198
0.40166736
0.4016815
0.40169287
0.4017007
0.40170467
0.40170524
0.40170336
0.40170035
0.4016974
0.40169537
0.40169477
0.4016953
0.4016964
0.40169698
0.40169588
0.401692
0.40168482
0.40167394
0.40165967
0.4016427
0.4016241
0.40160516
0.40158695
0.4015706
0.40155685
0.40154663
0.40154
0.40153742
0.40153864
0.40154335
0.4015514
0.40156212
0.4015747
0.40158802
0.40160075
0.40161175
0.4016204
0.40162644
0.40163034
0.40163276
0.40163442
0.40163568
0.40163687
0.4016378
0.40163854
0.40163943
0.40164074
0.40164262
0.40164503
0.40164724
0.4016485
0.40164813
0.40164572
0.40164143
0.40163532
0.40162754
0.40161833
0.401608
0.40159693
0.4015858
0.40157512
0.40156546
0.40155718
0.40155035
0.401545
0.40154082
0.40153778
0.40153554
0.401534
0.40153295
0.40153265
0.4015334
0.40153578
0.4015404
0.40154764
0.4015578
0.4015712
0.40158772
0.40160722
0.40162933
0.40165332
0.4016781
0.40170234
0.4017249
0.40174472
0.40176105
0.40177366
0.4017826
0.40178803
0.40179053
0.40179062
0.40178883
0.40178528
0.40177986
0.40177193
0.4017612
0.40174732
0.40173042
0.40171093
0.40168974
0.4016678
0.40164632
0.40162653
0.4016097
0.4015967
0.40158793
0.40158352
0.4015829
0.40158513
0.4015889
0.40159255
0.40159458
0.4015934
0.40158802
0.40157822
0.40156442
0.40154785
0.4015296
0.4015111
0.40149316
0.4014768
0.40146264
0.4014512
0.40144295
0.40143824
0.40143728
0.40144035
0.40144753
0.40145874
0.40147376
0.40149206
0.40151286
0.40153506
0.4015574
0.40157822
0.40159598
0.4016095
0.40161797
0.40162113
0.40161943
0.40161386
0.40160593
0.40159717
0.40158904
0.40158254
0.40157828
0.401576
0.40157512
0.4015745
0.40157294
0.40156975
0.4015647
0.40155813
0.4015508
0.40154353
0.40153685
0.40153134
0.401527
0.40152377
0.40152183
0.40152153
0.4015231
0.40152663
0.40153193
0.40153867
0.40154627
0.40155414
0.40156147
0.40156746
0.40157145
0.40157306
0.40157238
0.40157008
0.40156692
0.40156364
0.40156063
0.40155807
0.40155575
0.40155324
0.4015501
0.40154588
0.40154076
0.40153527
0.4015302
0.4015262
0.401524
0.40152386
0.40152588
0.40153024
0.40153712
0.4015467
0.40155882
0.4015732
0.40158936
0.4016067
0.4016243
0.4016415
0.40165797
0.40167353
0.40168822
0.40170234
0.40171638
0.40173048
0.40174437
0.40175748
0.4017689
0.40177757
0.4017827
0.4017839
0.4017808
0.40177357
0.40176287
0.40174958
0.40173504
0.40172088
0.40170878
0.40170023
0.401696
0.4016961
0.40169984
0.4017058
0.4017121
0.4017171
0.40171918
0.40171742
0.4017116
0.40170193
0.4016893
0.40167502
0.40166044
0.40164706
0.4016359
0.40162772
0.40162283
0.40162113
0.40162218
0.40162548
0.4016301
0.40163505
0.40163913
0.40164155
0.40164122
0.40163788
0.40163147
0.40162244
0.40161142
0.4015998
0.4015886
0.40157887
0.4015712
0.4015659
0.40156287
0.4015617
0.40156204
0.40156367
0.4015662
0.40156925
0.40157238
0.40157512
0.40157714
0.40157822
0.40157822
0.40157712
0.40157503
0.4015719
0.40156782
0.40156302
0.40155756
0.40155166
0.4015456
0.40154004
0.40153533
0.40153223
0.4015311
0.40153223
0.40153563
0.40154126
0.401549
0.40155855
0.4015698
0.40158254
0.40159646
0.401611
0.4016256
0.40163934
0.40165162
0.4016621
0.40167072
0.4016779
0.40168446
0.40169114
0.4016985
0.40170702
0.40171665
0.401727
0.4017374
0.40174696
0.4017544
0.4017586
0.4017584
0.40175328
0.401743
0.4017279
0.401709
0.40168718
0.40166408
0.40164122
0.40162012
0.40160212
0.40158796
0.40157822
0.40157315
0.40157264
0.40157658
0.4015845
0.40159568
0.40160963
0.40162525
0.40164155
0.40165752
0.40167242
0.4016858
0.4016977
0.40170845
0.40171847
0.4017282
0.40173787
0.40174744
0.40175644
0.40176427
0.4017704
0.40177444
0.4017764
0.40177667
0.4017757
0.40177414
0.4017724
0.40177086
0.40176916
0.401767
0.4017636
0.40175846
0.40175104
0.40174118
0.40172902
0.4017148
0.40169924
0.4016833
0.40166783
0.40165395
0.40164247
0.4016342
0.40162924
0.4016275
0.4016282
0.4016301
0.4016319
0.40163222
0.40163043
0.401626
0.401619
0.40161
0.40159968
0.4015887
0.4015777
0.40156722
0.40155765
0.40154946
0.4015429
0.40153837
0.4015357
0.40153494
0.4015359
0.40153834
0.40154183
0.40154627
0.40155166
0.4015583
0.4015665
0.40157625
0.40158728
0.40159908
0.40161076
0.40162125
0.40162945
0.40163445
0.40163577
0.4016335
0.40162817
0.4016206
0.40161166
0.40160236
0.40159357
0.40158597
0.4015799
0.40157548
0.40157261
0.4015712
0.4015712
0.4015723
0.40157402
0.4015758
0.4015774
0.40157878
0.40158015
0.40158215
0.40158546
0.4015905
0.40159732
0.40160534
0.40161362
0.40162095
0.4016259
0.40162772
0.40162554
0.40161937
0.4016096
0.40159705
0.4015829
0.4015683
0.4015543
0.40154183
0.4015315
0.40152395
0.4015198
0.40151936
0.4015228
0.40153012
0.40154108
0.4015555
0.40157264
0.40159178
0.4016119
0.40163174
0.40165016
0.4016658
0.40167767
0.4016851
0.4016877
0.4016858
0.40167975
0.40167016
0.40165767
0.40164304
0.40162694
0.40160978
0.40159193
0.40157378
0.4015557
0.4015382
0.40152168
0.40150672
0.40149367
0.40148282
0.4014743
0.4014683
0.40146503
0.4014647
0.40146723
0.40147266
0.40148094
0.40149173
0.4015046
0.40151906
0.4015345
0.40155038
0.40156618
0.4015818
0.40159723
0.40161225
0.40162677
0.4016408
0.40165472
0.40166888
0.4016837
0.40169942
0.40171593
0.40173253
0.40174833
0.40176222
0.40177312
0.4017803
0.401783
0.40178064
0.40177295
0.4017598
0.40174162
0.40171918
0.4016934
0.4016656
0.40163714
0.40160927
0.40158316
0.4015597
0.4015396
0.4015232
0.40151063
0.40150172
0.40149626
0.4014941
0.4014949
0.40149838
0.40150416
0.40151167
0.40152016
0.4015292
0.4015379
0.4015456
0.40155149
0.40155524
0.4015566
0.4015562
0.4015546
0.40155268
0.40155107
0.40155044
0.40155107
0.4015533
0.40155745
0.40156397
0.40157402
0.4015894
0.4016123
0.40164617
0.40169537
0.40176603
0.4018664
0.40200797
0.4022075
0.40248713
0.40287614
0.4034158
0.4041632
0.40519547
0.40661755
0.4085702
0.41127357
0.41495034
0.4199101
0.42662627
0.43574116
0.4478679
