0.44250906
0.43198523
0.4240894
0.41814366
0.41370445
0.41042674
0.40802604
0.4062613
0.40497157
0.4040378
0.40336385
0.40288123
0.4025387
0.4022976
0.4021288
0.4020104
0.40192634
0.40186512
0.4018186
0.4017814
0.4017501
0.40172264
0.40169784
0.40167484
0.40165278
0.40163064
0.4016076
0.40158308
0.40155718
0.40153006
0.40150264
0.40147603
0.40145138
0.4014296
0.40141106
0.40139607
0.40138456
0.40137637
0.40137124
0.40136856
0.40136805
0.4013693
0.401372
0.401376
0.40138167
0.4013894
0.40139967
0.40141305
0.40143
0.40145075
0.40147546
0.40150377
0.4015353
0.40156922
0.40160447
0.40163988
0.40167424
0.40170643
0.40173542
0.40176064
0.40178183
0.4017991
0.401813
0.401824
0.40183237
0.40183797
0.40184078
0.40184066
0.4018375
0.4018314
0.40182254
0.4018112
0.40179813
0.40178376
0.4017688
0.4017537
0.40173873
0.4017244
0.40171096
0.4016989
0.40168834
0.4016794
0.4016716
0.40166417
0.40165633
0.4016471
0.40163612
0.4016234
0.40160963
0.40159586
0.4015835
0.40157375
0.40156773
0.40156624
0.40156955
0.40157765
0.40158984
0.401605
0.40162155
0.40163776
0.40165204
0.40166312
0.40167022
0.40167278
0.40167075
0.4016647
0.4016557
0.40164515
0.4016347
0.40162557
0.40161887
0.40161523
0.40161484
0.4016174
0.40162218
0.40162832
0.4016346
0.4016404
0.40164518
0.40164897
0.40165162
0.401653
0.40165284
0.4016507
0.40164608
0.40163878
0.40162903
0.40161717
0.40160364
0.4015891
0.4015746
0.4015611
0.40154955
0.40154067
0.40153497
0.40153277
0.40153414
0.401539
0.401547
0.40155786
0.401571
0.40158606
0.40160248
0.40161994
0.40163806
0.4016562
0.40167382
0.40168998
0.40170357
0.4017134
0.40171868
0.40171877
0.40171346
0.4017027
0.40168694
0.40166706
0.4016442
0.40161952
0.40159416
0.40156916
0.4015455
0.40152392
0.4015051
0.40148926
0.40147647
0.40146667
0.40145943
0.40145412
0.40145028
0.40144727
0.40144488
0.40144312
0.40144196
0.40144172
0.40144286
0.4014456
0.40145037
0.40145734
0.40146667
0.4014783
0.401492
0.40150762
0.40152505
0.40154427
0.40156543
0.40158838
0.40161276
0.4016378
0.40166247
0.40168568
0.4017065
0.40172434
0.40173894
0.40175027
0.40175828
0.4017624
0.40176234
0.4017575
0.40174788
0.40173337
0.4017144
0.40169162
0.4016657
0.4016371
0.4016068
0.40157565
0.4015444
0.4015143
0.40148607
0.40146065
0.40143865
0.40142056
0.40140668
0.40139702
0.40139154
0.40139008
0.4013924
0.40139833
0.4014076
0.40141997
0.40143502
0.40145266
0.40147257
0.40149426
0.4015173
0.4015412
0.40156564
0.40159017
0.40161467
0.40163878
0.40166202
0.4016837
0.401703
0.4017196
0.40173346
0.40174478
0.40175402
0.40176153
0.40176755
0.4017721
0.401775
0.40177578
0.4017742
0.4017701
0.4017637
0.40175566
0.40174684
0.40173858
0.4017319
0.40172786
0.40172672
0.40172824
0.40173158
0.40173528
0.40173766
0.40173748
0.4017338
0.40172613
0.4017147
0.4017003
0.40168375
0.40166664
0.40165025
0.40163603
0.40162498
0.40161794
0.4016155
0.4016178
0.4016247
0.40163574
0.4016496
0.40166482
0.40167975
0.40169287
0.40170273
0.4017085
0.40170962
0.40170613
0.40169868
0.40168852
0.40167695
0.40166554
0.4016556
0.4016482
0.40164408
0.40164334
0.40164557
0.40164974
0.4016546
0.40165877
0.401661
0.4016606
0.40165725
0.4016513
0.40164328
0.40163428
0.40162534
0.40161774
0.40161225
0.4016093
0.40160882
0.4016103
0.40161288
0.4016155
0.4016172
0.4016176
0.40161648
0.4016145
0.4016121
0.40161014
0.4016091
0.40160918
0.4016104
0.401612
0.40161327
0.40161338
0.4016116
0.40160763
0.40160167
0.40159422
0.40158606
0.40157804
0.40157112
0.40156662
0.40156567
0.40156916
0.40157762
0.4015912
0.40160978
0.40163267
0.4016588
0.40168658
0.40171412
0.40173942
0.40176052
0.40177605
0.40178517
0.4017876
0.40178365
0.4017739
0.4017596
0.40174183
0.40172222
0.40170223
0.40168336
0.40166676
0.40165326
0.40164313
0.40163657
0.40163347
0.40163326
0.4016354
0.40163937
0.4016447
0.4016507
0.40165657
0.40166184
0.40166605
0.40166885
0.40167007
0.40166956
0.4016675
0.40166414
0.40165973
0.4016545
0.40164885
0.40164328
0.40163848
0.40163505
0.40163317
0.4016329
0.40163383
0.40163523
0.40163642
0.40163675
0.40163583
0.4016337
0.40163058
0.4016267
0.40162233
0.40161738
0.40161163
0.40160468
0.4015963
0.40158674
0.40157658
0.40156657
0.40155753
0.40155038
0.40154564
0.40154386
0.40154505
0.4015489
0.40155476
0.40156183
0.401569
0.40157548
0.40158084
0.40158477
0.4015875
0.4015892
0.40159023
0.40159082
0.40159085
0.4015904
0.40158954
0.40158856
0.4015878
0.40158817
0.40159026
0.40159425
0.40160024
0.40160757
0.40161517
0.40162173
0.40162584
0.4016263
0.40162235
0.40161383
0.40160105
0.40158483
0.40156633
0.4015467
0.4015271
0.40150875
0.40149245
0.40147883
0.40146846
0.40146178
0.40145883
0.40145966
0.40146407
0.40147188
0.4014829
0.40149692
0.40151373
0.40153357
0.4015567
0.40158328
0.4016132
0.4016459
0.40168002
0.4017141
0.40174606
0.40177417
0.40179697
0.40181318
0.40182206
0.40182352
0.40181768
0.4018052
0.40178704
0.4017647
0.40173966
0.40171373
0.40168846
0.40166533
0.40164512
0.40162843
0.4016155
0.4016062
0.4016001
0.40159678
0.40159562
0.40159613
0.40159795
0.40160075
0.4016039
0.4016069
0.4016092
0.40161055
0.40161127
0.40161175
0.40161276
0.40161476
0.40161827
0.4016237
0.40163094
0.40163955
0.4016486
0.40165707
0.40166363
0.40166757
0.40166834
0.40166613
0.40166178
0.4016564
0.40165138
0.40164813
0.4016476
0.40165037
0.40165657
0.401666
0.4016782
0.40169233
0.4017073
0.40172142
0.4017332
0.40174142
0.40174505
0.40174365
0.40173706
0.4017257
0.4017105
0.40169248
0.40167278
0.40165246
0.40163213
0.40161252
0.40159434
0.40157804
0.40156394
0.40155208
0.4015421
0.40153363
0.40152645
0.40152058
0.4015163
0.4015139
0.4015139
0.40151665
0.40152237
0.4015314
0.401544
0.4015602
0.40157956
0.40160125
0.40162396
0.40164602
0.40166557
0.4016809
0.4016908
0.4016943
0.4016913
0.40168244
0.4016689
0.40165266
0.40163603
0.40162125
0.4016103
0.40160474
0.40160534
0.40161252
0.40162575
0.4016441
0.401666
0.40168932
0.4017119
0.40173152
0.4017461
0.40175432
0.40175524
0.40174866
0.40173483
0.40171486
0.4016901
0.40166247
0.4016339
0.401606
0.40158027
0.40155768
0.4015387
0.40152335
0.4015114
0.40150234
0.40149546
0.40149015
0.40148625
0.40148345
0.40148172
0.40148112
0.40148178
0.40148395
0.40148768
0.4014929
0.40149948
0.40150708
0.40151516
0.40152338
0.4015315
0.4015391
0.4015461
0.4015525
0.4015583
0.4015635
0.40156785
0.40157092
0.40157205
0.4015708
0.40156692
0.40156078
0.40155295
0.40154403
0.401535
0.40152606
0.40151742
0.4015087
0.40149972
0.40149015
0.40148032
0.4014706
0.40146154
0.40145367
0.40144753
0.40144342
0.40144172
0.4014426
0.4014462
0.40145257
0.40146175
0.40147367
0.4014881
0.40150493
0.4015239
0.40154442
0.40156573
0.40158653
0.40160555
0.40162107
0.40163207
0.40163776
0.40163806
0.40163344
0.40162474
0.40161332
0.40160048
0.40158772
0.40157652
0.40156803
0.401563
0.4015617
0.40156373
0.40156826
0.4015741
0.40158007
0.40158495
0.40158775
0.40158805
0.40158597
0.40158188
0.40157658
0.40157062
0.40156454
0.40155876
0.40155372
0.40154973
0.40154678
0.4015448
0.40154356
0.40154278
0.4015422
0.4015414
0.40153995
0.40153733
0.40153325
0.40152755
0.4015205
0.40151262
0.40150473
0.4014974
0.40149114
0.4014863
0.40148294
0.40148085
0.40147978
0.40147927
0.40147915
0.40147936
0.4014802
0.4014818
0.40148464
0.40148878
0.4014942
0.40150052
0.40150732
0.4015144
0.4015215
0.40152854
0.4015353
0.4015415
0.40154704
0.40155217
0.40155715
0.40156224
0.40156767
0.4015735
0.40157974
0.40158594
0.4015917
0.40159634
0.4015994
0.4016007
0.4016002
0.401598
0.4015945
0.40158963
0.40158346
0.40157562
0.40156585
0.40155405
0.40154055
0.40152568
0.40151006
0.4014941
0.40147856
0.40146428
0.40145177
0.40144154
0.40143397
0.40142903
0.4014266
0.40142635
0.40142763
0.40143016
0.40143344
0.4014372
0.40144137
0.40144622
0.40145162
0.40145764
0.40146378
0.40146974
0.40147492
0.40147913
0.40148237
0.40148512
0.4014879
0.40149108
0.40149498
0.40149948
0.40150434
0.40150928
0.40151384
0.40151766
0.40152055
0.40152267
0.40152448
0.4015268
0.4015302
0.40153524
0.4015419
0.40154994
0.40155873
0.40156725
0.40157434
0.40157863
0.40157923
0.4015758
0.40156856
0.40155846
0.4015467
0.40153435
0.40152258
0.40151203
0.40150318
0.40149605
0.40149066
0.401487
0.40148523
0.40148547
0.40148774
0.40149185
0.4014975
0.40150437
0.40151212
0.40152055
0.4015296
0.4015395
0.40154982
0.4015601
0.4015698
0.40157822
0.40158424
0.40158775
0.40158865
0.4015874
0.40158457
0.40158075
0.40157646
0.4015721
0.40156797
0.4015642
0.4015612
0.4015595
0.40155986
0.40156275
0.40156862
0.4015774
0.40158877
0.40160215
0.40161654
0.40163115
0.40164518
0.40165836
0.40167063
0.4016825
0.4016946
0.4017075
0.40172172
0.4017368
0.40175223
0.40176666
0.40177864
0.40178692
0.4017904
0.40178853
0.40178108
0.40176845
0.40175137
0.40173104
0.4017086
0.4016851
0.40166137
0.4016377
0.4016146
0.40159222
0.40157107
0.4015514
0.40153357
0.40151784
0.40150422
0.4014929
0.40148383
0.40147725
0.40147355
0.4014731
0.40147614
0.40148273
0.40149257
0.40150502
0.40151936
0.40153453
0.40154934
0.4015625
0.40157276
0.4015791
0.40158102
0.40157878
0.40157282
0.40156427
0.40155405
0.40154317
0.40153244
0.40152246
0.40151346
0.40150556
0.4014988
0.4014929
0.4014879
0.40148357
0.4014802
0.40147778
0.40147665
0.4014769
0.40147865
0.40148202
0.40148684
0.40149325
0.40150115
0.40151042
0.401521
0.40153268
0.4015451
0.4015579
0.40157056
0.40158257
0.40159333
0.401602
0.4016079
0.40161073
0.40161064
0.4016084
0.4016051
0.4016022
0.40160093
0.40160227
0.40160722
0.40161607
0.4016289
0.4016453
0.4016644
0.4016851
0.40170598
0.4017263
0.40174532
0.40176293
0.40177956
0.4017953
0.4018104
0.40182468
0.40183768
0.40184885
0.4018577
0.40186375
0.40186656
0.40186614
0.40186253
0.40185612
0.40184745
0.4018371
0.4018257
0.40181392
0.40180266
0.4017926
0.40178427
0.40177765
0.4017723
0.4017674
0.4017618
0.40175444
0.40174463
0.40173215
0.40171725
0.40170076
0.4016839
0.40166798
0.40165478
0.40164536
0.4016406
0.40164053
0.40164497
0.40165332
0.4016645
0.40167743
0.40169045
0.40170205
0.40171066
0.40171564
0.40171656
0.40171382
0.4017085
0.40170205
0.40169585
0.4016913
0.40168935
0.4016906
0.40169546
0.40170363
0.40171453
0.401727
0.4017394
0.40175027
0.40175813
0.40176195
0.40176085
0.4017543
0.40174216
0.4017247
0.4017025
0.40167648
0.40164787
0.40161812
0.40158868
0.40156096
0.4015361
0.40151528
0.40149924
0.40148863
0.4014838
0.40148476
0.40149134
0.40150297
0.401519
0.40153834
0.40155953
0.40158108
0.40160125
0.40161848
0.4016313
0.40163875
0.40164033
0.40163618
0.40162727
0.40161476
0.40160015
0.40158513
0.40157095
0.4015586
0.40154865
0.40154123
0.40153638
0.40153387
0.40153337
0.40153474
0.40153775
0.4015421
0.4015478
0.40155458
0.40156224
0.40157017
0.40157747
0.4015833
0.40158704
0.4015883
0.40158725
0.4015846
0.40158087
0.40157685
0.40157315
0.40157023
0.40156856
0.40156877
0.40157145
0.40157717
0.40158647
0.40159962
0.40161628
0.40163592
0.40165722
0.40167868
0.40169832
0.40171438
0.40172535
0.4017302
0.4017286
0.4017207
0.40170735
0.40168977
0.40166935
0.4016476
0.40162584
0.40160516
0.40158638
0.40156963
0.40155485
0.40154168
0.4015299
0.40151912
0.40150928
0.4015004
0.4014927
0.40148643
0.40148184
0.40147927
0.40147918
0.40148205
0.40148845
0.40149876
0.40151316
0.4015313
0.40155268
0.40157625
0.40160105
0.4016258
0.40164912
0.40166953
0.4016858
0.4016972
0.40170348
0.40170524
0.40170315
0.40169907
0.40169442
0.40169096
0.40168977
0.40169132
0.40169552
0.4017016
0.40170828
0.40171418
0.40171784
0.4017182
0.40171427
0.40170586
0.40169314
0.40167674
0.40165782
0.4016378
0.4016179
0.4015993
0.4015829
0.40156904
0.40155795
0.40154973
0.40154412
0.40154073
0.40153894
0.40153804
0.4015378
0.40153798
0.40153876
0.4015402
0.40154243
0.40154564
0.40155008
0.40155557
0.4015617
0.40156803
0.4015739
0.40157908
0.40158334
0.40158725
0.40159133
0.40159667
0.40160397
0.40161362
0.40162542
0.40163875
0.40165263
0.40166605
0.4016779
0.4016871
0.4016927
0.40169445
0.40169242
0.40168718
0.40167964
0.40167075
0.40166152
0.40165275
0.40164503
0.40163872
0.40163356
0.4016291
0.40162456
0.4016196
0.4016138
0.4016073
0.40160033
0.401593
0.40158558
0.40157807
0.4015705
0.40156272
0.40155488
0.40154696
0.4015391
0.40153173
0.40152535
0.40152055
0.40151775
0.40151697
0.40151802
0.40152028
0.40152314
0.40152577
0.40152755
0.40152833
0.40152824
0.40152812
0.4015286
0.40153039
0.40153393
0.40153933
0.4015465
0.40155506
0.40156448
0.40157428
0.40158424
0.4015945
0.40160528
0.40161705
0.40163016
0.4016447
0.40166017
0.40167576
0.40169019
0.40170226
0.4017108
0.40171528
0.4017158
0.4017128
0.4017073
0.40170026
0.40169266
0.4016851
0.40167767
0.4016704
0.40166292
0.40165505
0.40164676
0.40163827
0.40163007
0.40162253
0.4016161
0.4016111
0.40160748
0.40160516
0.40160358
0.40160215
0.40160015
0.40159696
0.40159205
0.40158543
0.40157738
0.4015687
0.4015602
0.4015528
0.4015475
0.40154478
0.40154505
0.4015483
0.40155423
0.40156198
0.4015704
0.40157837
0.40158454
0.40158787
0.4015881
0.40158522
0.40157983
0.40157282
0.4015653
0.40155807
0.40155184
0.4015465
0.4015421
0.40153837
0.40153542
0.40153384
0.40153408
0.40153658
0.4015418
0.40154958
0.40155974
0.40157175
0.40158498
0.40159863
0.40161192
0.40162396
0.40163413
0.40164173
0.4016462
0.4016471
0.40164444
0.40163845
0.4016297
0.40161884
0.4016067
0.40159383
0.40158093
0.40156844
0.40155685
0.4015467
0.4015384
0.40153265
0.40152967
0.4015298
0.4015329
0.4015385
0.40154615
0.40155497
0.4015641
0.40157285
0.40158084
0.40158793
0.40159476
0.40160167
0.40160894
0.40161645
0.40162387
0.4016306
0.40163592
0.40163907
0.40164
0.4016389
0.4016365
0.4016339
0.40163225
0.40163276
0.40163627
0.40164334
0.40165478
0.40167144
0.40169472
0.4017275
0.40177387
0.4018403
0.40193585
0.40207273
0.40226814
0.40254515
0.40293276
0.40347186
0.40421876
0.40524992
0.40666986
0.4086193
0.41131812
0.4149898
0.41994393
0.42665362
0.43576238
0.44788304
