0.4426515
0.43216845
0.42430386
0.4183796
0.4139513
0.41067344
0.4082608
0.40647358
0.4051518
0.4041786
0.4034588
0.40292618
0.40253168
0.4022394
0.40202302
0.40186313
0.4017458
0.40166074
0.40160063
0.4015602
0.40153527
0.4015227
0.4015198
0.40152457
0.4015349
0.40154934
0.40156618
0.4015837
0.40160027
0.4016142
0.40162414
0.40162936
0.4016297
0.40162516
0.40161654
0.40160477
0.4015909
0.40157598
0.40156093
0.4015466
0.40153372
0.4015228
0.4015144
0.40150875
0.4015058
0.40150538
0.4015069
0.40150976
0.40151307
0.40151593
0.4015175
0.4015172
0.401515
0.40151143
0.40150726
0.40150374
0.40150177
0.40150237
0.40150622
0.40151364
0.40152454
0.40153843
0.40155435
0.40157118
0.40158743
0.40160134
0.40161145
0.40161657
0.40161595
0.40160945
0.4015975
0.40158093
0.40156105
0.40153944
0.4015178
0.4014975
0.4014798
0.40146548
0.40145493
0.40144843
0.401446
0.40144747
0.40145242
0.40146035
0.4014706
0.40148246
0.4014952
0.40150782
0.40151972
0.40153044
0.40154
0.40154883
0.4015572
0.4015656
0.40157402
0.4015824
0.40159014
0.40159664
0.4016013
0.4016037
0.40160376
0.40160137
0.40159684
0.4015904
0.40158236
0.4015732
0.4015634
0.4015536
0.40154457
0.4015373
0.40153265
0.40153137
0.40153396
0.4015406
0.4015509
0.40156388
0.40157828
0.40159267
0.40160578
0.4016166
0.40162483
0.40163055
0.4016342
0.40163645
0.40163782
0.40163848
0.4016384
0.40163746
0.4016355
0.4016327
0.40162954
0.40162686
0.4016256
0.40162644
0.40162995
0.40163627
0.40164512
0.40165624
0.40166894
0.40168282
0.4016977
0.4017135
0.40173048
0.4017486
0.4017672
0.40178546
0.40180206
0.40181544
0.40182447
0.40182832
0.40182638
0.4018187
0.40180585
0.40178868
0.40176848
0.4017467
0.40172476
0.40170372
0.4016841
0.4016661
0.4016494
0.40163362
0.40161878
0.40160516
0.40159342
0.4015839
0.40157756
0.4015747
0.40157557
0.40157998
0.40158725
0.40159646
0.4016065
0.40161642
0.40162575
0.40163413
0.4016419
0.40164948
0.40165734
0.4016658
0.40167534
0.40168625
0.4016985
0.4017118
0.40172535
0.4017379
0.40174803
0.40175432
0.40175548
0.40175083
0.40173995
0.4017234
0.40170193
0.4016769
0.4016498
0.40162206
0.40159494
0.40156955
0.40154657
0.40152657
0.40150997
0.401497
0.40148777
0.40148216
0.40148
0.40148094
0.40148494
0.40149176
0.40150112
0.40151262
0.40152565
0.40153953
0.40155354
0.40156692
0.4015793
0.4015906
0.4016007
0.40160963
0.40161705
0.40162244
0.40162522
0.401625
0.401622
0.4016166
0.40160957
0.40160152
0.40159297
0.401584
0.4015751
0.40156665
0.40155947
0.40155414
0.40155125
0.4015512
0.40155414
0.40155992
0.4015683
0.4015788
0.40159115
0.40160528
0.40162078
0.40163708
0.40165326
0.40166792
0.40168002
0.40168846
0.40169287
0.4016931
0.40168962
0.4016831
0.40167454
0.4016649
0.40165505
0.40164557
0.4016366
0.4016282
0.40162054
0.40161353
0.40160757
0.40160313
0.40160108
0.40160194
0.40160593
0.40161285
0.40162194
0.401632
0.40164143
0.40164855
0.40165195
0.40165067
0.4016446
0.40163395
0.40161976
0.4016033
0.4015861
0.4015697
0.40155557
0.401545
0.40153906
0.40153846
0.4015437
0.40155497
0.401572
0.40159416
0.40162075
0.40165037
0.40168172
0.401713
0.40174243
0.40176845
0.40178984
0.40180576
0.4018159
0.40182024
0.40181914
0.4018132
0.40180346
0.40179095
0.4017768
0.40176225
0.40174833
0.40173587
0.40172544
0.40171725
0.4017112
0.40170693
0.40170345
0.4016998
0.401695
0.4016884
0.4016797
0.40166903
0.40165696
0.40164438
0.40163222
0.40162173
0.40161353
0.40160817
0.4016055
0.40160537
0.40160707
0.4016098
0.40161264
0.40161505
0.4016164
0.4016161
0.4016137
0.4016091
0.40160257
0.40159485
0.4015869
0.40157947
0.40157327
0.40156886
0.40156645
0.40156615
0.4015678
0.401571
0.40157512
0.40157914
0.40158245
0.40158486
0.40158656
0.40158805
0.40159008
0.4015934
0.4015985
0.4016057
0.40161473
0.4016253
0.40163726
0.40164986
0.40166238
0.40167382
0.40168318
0.40168977
0.4016934
0.4016943
0.40169314
0.40169078
0.40168807
0.40168595
0.40168497
0.40168557
0.40168816
0.40169248
0.40169844
0.40170535
0.40171263
0.40171978
0.40172663
0.4017332
0.40173995
0.40174678
0.40175366
0.40176025
0.40176603
0.40177083
0.40177476
0.40177783
0.4017803
0.4017824
0.40178406
0.40178528
0.40178612
0.4017868
0.40178773
0.40178934
0.40179205
0.4017957
0.4017996
0.40180263
0.40180358
0.4018016
0.40179577
0.40178585
0.4017721
0.40175518
0.40173608
0.4017163
0.4016974
0.40168086
0.40166807
0.4016596
0.40165564
0.40165538
0.40165773
0.40166137
0.40166467
0.40166667
0.40166682
0.40166482
0.40166116
0.40165612
0.40165016
0.40164343
0.40163615
0.4016283
0.40162
0.40161166
0.4016039
0.40159735
0.4015925
0.40158975
0.40158966
0.4015922
0.4015975
0.4016049
0.40161383
0.40162328
0.40163282
0.40164232
0.40165186
0.40166128
0.40167028
0.40167817
0.4016838
0.40168628
0.40168497
0.4016799
0.40167138
0.4016603
0.40164798
0.40163592
0.4016256
0.4016183
0.40161496
0.4016161
0.40162155
0.40163076
0.40164268
0.4016559
0.40166885
0.4016803
0.40168914
0.40169472
0.4016969
0.40169576
0.4016918
0.40168586
0.40167868
0.40167108
0.40166387
0.40165716
0.40165117
0.40164575
0.40164074
0.40163586
0.4016313
0.40162724
0.40162414
0.40162244
0.4016223
0.401624
0.40162772
0.40163383
0.40164247
0.40165392
0.4016678
0.40168357
0.40170002
0.40171564
0.40172902
0.4017389
0.40174463
0.40174586
0.40174294
0.4017365
0.40172765
0.4017177
0.4017077
0.4016986
0.4016908
0.40168455
0.4016797
0.4016762
0.40167356
0.40167114
0.40166843
0.4016649
0.4016606
0.40165585
0.40165135
0.40164787
0.4016458
0.40164533
0.40164626
0.40164798
0.40164977
0.40165102
0.40165132
0.40165064
0.40164906
0.40164682
0.40164408
0.40164095
0.40163732
0.40163302
0.4016281
0.40162277
0.40161747
0.40161285
0.40160912
0.4016064
0.40160426
0.401602
0.40159896
0.40159446
0.4015883
0.40158078
0.40157256
0.40156502
0.40155917
0.40155616
0.40155673
0.40156123
0.4015695
0.4015812
0.40159565
0.40161178
0.40162808
0.4016428
0.40165418
0.40166074
0.40166184
0.40165722
0.4016475
0.40163386
0.40161765
0.40160042
0.40158337
0.4015677
0.40155396
0.4015428
0.40153453
0.40152928
0.40152723
0.40152845
0.40153295
0.40154046
0.40155053
0.40156254
0.40157577
0.40158957
0.40160316
0.40161574
0.40162635
0.4016341
0.4016382
0.40163866
0.40163556
0.40162984
0.40162283
0.4016161
0.40161157
0.4016109
0.40161628
0.40162987
0.40165448
0.40169373
0.401753
0.40183973
0.40196505
0.40214512
0.40240338
0.4027698
0.40328684
0.40401295
0.40502667
0.4064348
0.40837947
0.4110818
0.41476512
0.41973874
0.42647648
0.43561932
0.44777817
