0.44258282
0.4320811
0.42420396
0.41827425
0.4138491
0.41058475
0.4081961
0.40644324
0.4051654
0.40424234
0.4035773
0.40310127
0.40276274
0.4025234
0.40235448
0.40223482
0.40214875
0.40208486
0.40203485
0.40199286
0.4019547
0.40191773
0.40187997
0.4018407
0.40179968
0.40175754
0.40171546
0.4016749
0.40163764
0.40160525
0.40157887
0.4015594
0.40154737
0.40154284
0.40154558
0.40155488
0.40156963
0.40158832
0.40160936
0.40163118
0.40165246
0.40167218
0.40168986
0.40170562
0.40171972
0.40173253
0.40174425
0.40175438
0.40176246
0.40176785
0.40176994
0.40176842
0.40176305
0.40175402
0.40174177
0.40172693
0.40171036
0.4016931
0.401676
0.4016601
0.40164605
0.40163442
0.40162542
0.401619
0.40161484
0.401612
0.40160936
0.40160564
0.40159968
0.401591
0.40157947
0.40156573
0.4015505
0.4015348
0.40151972
0.40150613
0.40149477
0.40148625
0.4014809
0.4014792
0.40148127
0.40148693
0.40149584
0.40150735
0.40152046
0.40153414
0.4015472
0.40155828
0.40156615
0.40157
0.40156966
0.40156558
0.40155855
0.4015498
0.4015403
0.4015311
0.40152314
0.40151688
0.40151277
0.40151116
0.40151167
0.4015138
0.40151674
0.40151954
0.40152118
0.401521
0.40151876
0.40151477
0.40150958
0.40150407
0.40149906
0.40149528
0.4014934
0.40149403
0.40149736
0.40150338
0.4015118
0.40152198
0.40153307
0.40154406
0.401554
0.40156257
0.40156978
0.40157622
0.40158236
0.40158874
0.4015957
0.4016035
0.40161216
0.40162197
0.40163293
0.4016448
0.40165737
0.40167025
0.4016833
0.40169618
0.4017087
0.40172046
0.4017307
0.4017384
0.40174273
0.4017431
0.40173933
0.40173152
0.40172014
0.4017059
0.40168944
0.4016714
0.40165237
0.40163288
0.40161347
0.40159488
0.40157756
0.40156206
0.40154892
0.4015385
0.40153122
0.40152726
0.40152663
0.4015291
0.40153474
0.40154332
0.40155488
0.40156934
0.4015862
0.40160516
0.40162516
0.40164524
0.40166423
0.40168145
0.4016963
0.40170872
0.40171888
0.4017273
0.40173423
0.40173998
0.40174446
0.40174744
0.40174866
0.4017478
0.4017447
0.40173963
0.40173292
0.40172508
0.40171653
0.4017077
0.40169924
0.40169156
0.401685
0.4016796
0.40167543
0.40167233
0.40166983
0.40166742
0.40166435
0.4016601
0.40165448
0.40164766
0.40164033
0.40163353
0.40162858
0.40162668
0.40162867
0.40163505
0.40164593
0.40166143
0.401681
0.4017037
0.40172789
0.4017517
0.40177312
0.40179053
0.40180248
0.40180802
0.401807
0.4017996
0.40178636
0.40176827
0.4017465
0.40172255
0.40169755
0.40167278
0.40164918
0.40162724
0.4016073
0.4015897
0.4015748
0.40156257
0.401553
0.4015459
0.4015407
0.4015368
0.40153384
0.40153182
0.40153083
0.40153125
0.40153313
0.4015367
0.40154183
0.4015483
0.4015559
0.40156394
0.4015716
0.4015781
0.4015829
0.40158585
0.40158704
0.4015869
0.40158585
0.40158418
0.40158215
0.40157992
0.4015774
0.4015744
0.40157056
0.4015655
0.40155897
0.40155113
0.40154213
0.40153277
0.40152407
0.4015169
0.4015123
0.40151042
0.40151146
0.40151498
0.40152022
0.4015263
0.401532
0.40153626
0.40153816
0.4015372
0.40153354
0.40152773
0.4015208
0.40151376
0.40150747
0.4015026
0.4014996
0.40149856
0.4014992
0.40150127
0.40150434
0.40150785
0.40151158
0.40151528
0.40151897
0.40152267
0.40152627
0.40152988
0.40153334
0.40153643
0.40153885
0.40154013
0.40153983
0.40153775
0.40153414
0.4015299
0.40152574
0.40152234
0.4015205
0.40152088
0.40152416
0.40153104
0.40154213
0.40155745
0.40157685
0.40159956
0.40162453
0.40165025
0.40167478
0.40169612
0.4017125
0.4017226
0.40172577
0.40172204
0.4017121
0.4016971
0.40167877
0.4016588
0.40163854
0.40161923
0.40160137
0.4015852
0.4015707
0.40155765
0.4015462
0.40153652
0.40152925
0.40152517
0.4015252
0.40153012
0.4015403
0.40155563
0.40157562
0.4015991
0.40162468
0.4016505
0.4016746
0.40169522
0.4017111
0.4017213
0.40172535
0.40172353
0.4017164
0.40170532
0.40169156
0.4016764
0.40166092
0.401646
0.40163192
0.40161893
0.40160713
0.4015969
0.40158868
0.4015829
0.40157977
0.4015797
0.40158293
0.40158987
0.40160078
0.40161565
0.40163407
0.40165532
0.40167803
0.40170074
0.40172157
0.40173876
0.4017509
0.40175682
0.40175617
0.4017488
0.40173542
0.40171692
0.40169457
0.40166983
0.40164435
0.4016194
0.40159622
0.4015754
0.40155718
0.40154153
0.40152815
0.40151674
0.40150702
0.40149885
0.40149242
0.40148777
0.4014851
0.40148428
0.4014852
0.40148747
0.40149063
0.40149418
0.4014978
0.40150118
0.40150413
0.40150648
0.40150794
0.401508
0.4015066
0.40150374
0.40149966
0.40149453
0.40148896
0.40148368
0.40147966
0.40147775
0.40147913
0.40148434
0.4014939
0.40150785
0.40152568
0.4015467
0.40156966
0.40159324
0.40161592
0.4016361
0.40165246
0.40166405
0.40167046
0.40167186
0.40166876
0.40166205
0.4016528
0.4016419
0.40163007
0.40161774
0.40160528
0.40159306
0.4015816
0.40157127
0.40156242
0.40155506
0.40154925
0.40154484
0.40154168
0.4015396
0.4015384
0.4015378
0.40153778
0.40153816
0.401539
0.4015402
0.40154156
0.4015427
0.4015435
0.40154377
0.4015439
0.4015442
0.40154502
0.40154687
0.40154994
0.40155444
0.40156022
0.4015672
0.4015752
0.40158415
0.40159416
0.40160516
0.40161702
0.401629
0.40164033
0.40165007
0.40165725
0.40166137
0.40166202
0.40165973
0.40165505
0.40164873
0.40164137
0.40163362
0.40162566
0.40161774
0.40160978
0.40160173
0.40159342
0.4015846
0.40157577
0.40156746
0.40156052
0.4015555
0.40155268
0.40155205
0.40155342
0.401556
0.40155932
0.40156308
0.40156692
0.40157053
0.40157348
0.40157548
0.4015764
0.40157643
0.40157586
0.40157512
0.4015746
0.4015747
0.40157548
0.40157697
0.401579
0.4015814
0.4015837
0.4015854
0.40158582
0.40158466
0.4015817
0.4015774
0.40157214
0.4015668
0.40156204
0.40155858
0.40155688
0.4015573
0.40155968
0.40156353
0.4015682
0.40157264
0.40157598
0.40157783
0.4015781
0.40157726
0.401576
0.40157503
0.40157518
0.401577
0.40158093
0.40158677
0.40159416
0.40160254
0.40161133
0.40162003
0.40162814
0.40163526
0.40164092
0.40164486
0.40164724
0.4016484
0.4016482
0.4016466
0.40164316
0.4016376
0.4016297
0.4016196
0.40160784
0.40159494
0.4015817
0.4015688
0.40155682
0.40154645
0.4015379
0.40153113
0.40152603
0.40152216
0.4015192
0.40151668
0.40151438
0.4015123
0.40151048
0.4015094
0.40150914
0.40150976
0.4015113
0.40151367
0.40151665
0.4015203
0.40152478
0.40153047
0.4015379
0.4015475
0.40155968
0.40157482
0.40159288
0.40161327
0.401635
0.40165672
0.40167707
0.40169483
0.40170932
0.40172046
0.40172884
0.40173542
0.4017414
0.40174776
0.40175518
0.40176374
0.40177307
0.40178242
0.40179113
0.40179858
0.4018043
0.40180817
0.40181017
0.4018105
0.40180954
0.4018077
0.4018055
0.40180334
0.40180147
0.40179962
0.40179744
0.4017945
0.40179065
0.40178606
0.4017814
0.40177745
0.4017751
0.4017749
0.40177733
0.40178245
0.40179035
0.40180114
0.40181533
0.40183416
0.40185985
0.40189642
0.40194973
0.4020286
0.40214518
0.40231633
0.4025673
0.40292874
0.40344295
0.40416795
0.40518174
0.4065896
0.40853232
0.4112297
0.4149043
0.4198651
0.42658508
0.43570682
0.44784218
