0.44251436
0.43199125
0.4240952
0.41814804
0.41370657
0.41042545
0.40802032
0.40625003
0.4049532
0.4040108
0.40332636
0.4028321
0.40247774
0.40222615
0.40204978
0.4019283
0.40184674
0.40179378
0.40176067
0.4017406
0.4017281
0.40171877
0.40170965
0.40169847
0.40168396
0.40166554
0.40164334
0.4016183
0.40159172
0.40156522
0.40154073
0.40151978
0.40150362
0.40149313
0.4014887
0.40149027
0.40149742
0.40150928
0.40152454
0.40154183
0.4015594
0.40157586
0.40159023
0.40160212
0.40161166
0.40161973
0.40162736
0.4016355
0.40164486
0.40165547
0.40166694
0.40167847
0.40168893
0.40169746
0.40170333
0.4017065
0.4017071
0.4017059
0.40170377
0.4017015
0.40169972
0.40169865
0.40169778
0.4016964
0.4016936
0.40168858
0.40168074
0.40167022
0.4016575
0.40164346
0.40162894
0.40161476
0.40160134
0.40158877
0.40157714
0.40156633
0.4015561
0.40154642
0.40153745
0.4015296
0.4015232
0.40151834
0.40151477
0.40151203
0.40150964
0.40150732
0.4015051
0.40150315
0.40150166
0.40150094
0.401501
0.40150198
0.401504
0.40150702
0.40151092
0.4015157
0.4015211
0.40152717
0.40153366
0.40154028
0.40154645
0.40155149
0.40155473
0.4015555
0.40155363
0.4015492
0.4015426
0.40153468
0.40152627
0.4015183
0.40151125
0.4015057
0.4015022
0.40150118
0.40150273
0.40150672
0.40151262
0.40151954
0.40152627
0.40153185
0.40153515
0.40153578
0.40153384
0.40152997
0.40152526
0.40152076
0.4015174
0.40151593
0.40151665
0.40151963
0.40152475
0.40153158
0.40153986
0.40154952
0.40156046
0.40157315
0.40158775
0.4016045
0.40162325
0.40164363
0.40166497
0.40168628
0.4017064
0.40172398
0.40173805
0.4017476
0.40175214
0.40175134
0.40174532
0.4017345
0.40171936
0.4017011
0.4016806
0.40165913
0.4016376
0.40161732
0.4015987
0.40158254
0.4015691
0.40155852
0.40155095
0.40154624
0.4015444
0.40154508
0.4015477
0.40155134
0.40155506
0.40155774
0.4015585
0.40155682
0.40155295
0.4015473
0.40154096
0.40153483
0.40152964
0.40152603
0.40152413
0.401524
0.40152544
0.40152806
0.40153158
0.40153578
0.40154046
0.40154558
0.40155104
0.40155706
0.4015638
0.40157145
0.40158024
0.4015901
0.40160093
0.4016121
0.4016231
0.40163285
0.40164033
0.40164497
0.4016465
0.40164527
0.40164173
0.40163678
0.4016313
0.401626
0.40162146
0.40161803
0.40161586
0.40161476
0.40161476
0.4016157
0.40161738
0.4016195
0.40162173
0.40162346
0.4016242
0.4016235
0.4016214
0.4016181
0.40161413
0.40161005
0.40160626
0.40160358
0.4016026
0.40160397
0.401608
0.4016144
0.4016226
0.40163147
0.40163958
0.40164557
0.40164828
0.4016473
0.40164274
0.40163526
0.4016262
0.40161657
0.40160763
0.4015999
0.4015935
0.4015879
0.4015823
0.40157598
0.4015683
0.40155932
0.4015494
0.40153927
0.40152952
0.4015209
0.4015141
0.40150973
0.40150818
0.4015097
0.40151408
0.40152124
0.4015307
0.40154198
0.4015543
0.40156692
0.40157932
0.40159106
0.40160167
0.40161088
0.40161833
0.40162387
0.40162754
0.40162954
0.40163025
0.40162995
0.40162876
0.40162683
0.4016237
0.40161914
0.4016129
0.4016053
0.401597
0.40158898
0.40158236
0.40157804
0.40157685
0.40157908
0.40158477
0.4015939
0.4016059
0.40162027
0.4016366
0.40165433
0.40167293
0.40169132
0.4017084
0.40172243
0.40173218
0.40173653
0.40173483
0.40172693
0.40171322
0.40169445
0.40167177
0.40164658
0.40162048
0.4015949
0.40157112
0.40155008
0.40153274
0.4015195
0.40151098
0.40150723
0.401508
0.40151244
0.4015195
0.40152764
0.40153566
0.40154225
0.40154654
0.4015484
0.40154797
0.40154585
0.40154254
0.4015385
0.40153396
0.40152943
0.40152532
0.40152195
0.40151954
0.4015185
0.40151933
0.40152228
0.40152764
0.40153548
0.4015453
0.40155625
0.4015671
0.40157658
0.40158358
0.40158746
0.40158808
0.4015856
0.4015804
0.40157294
0.4015641
0.40155494
0.40154696
0.40154114
0.4015386
0.40153968
0.40154457
0.401553
0.40156433
0.40157765
0.40159166
0.4016049
0.40161592
0.40162328
0.40162632
0.40162465
0.40161866
0.40160915
0.4015975
0.40158486
0.4015726
0.40156144
0.401552
0.4015444
0.4015385
0.40153396
0.4015302
0.40152648
0.40152222
0.40151715
0.40151143
0.40150544
0.40149972
0.4014947
0.40149057
0.40148708
0.4014839
0.40148067
0.40147707
0.40147322
0.40146956
0.40146667
0.40146488
0.40146443
0.40146554
0.40146795
0.40147164
0.40147635
0.40148237
0.4014898
0.4014989
0.40150988
0.40152287
0.40153772
0.40155414
0.40157124
0.4015881
0.40160352
0.40161613
0.40162474
0.40162903
0.40162873
0.4016243
0.40161654
0.40160668
0.40159622
0.40158638
0.4015778
0.4015709
0.4015655
0.4015612
0.4015576
0.40155435
0.40155172
0.4015498
0.4015485
0.4015479
0.40154755
0.4015468
0.40154526
0.4015426
0.40153927
0.40153578
0.40153322
0.40153262
0.4015348
0.40154055
0.40155008
0.40156344
0.40157983
0.40159836
0.40161747
0.4016354
0.40165025
0.40166032
0.40166435
0.40166172
0.40165257
0.40163752
0.40161774
0.40159476
0.40157044
0.40154654
0.40152448
0.40150562
0.4014908
0.40148053
0.401475
0.4014741
0.40147737
0.40148395
0.40149322
0.4015041
0.4015155
0.40152648
0.40153593
0.4015431
0.40154743
0.4015489
0.40154794
0.40154517
0.40154138
0.4015372
0.40153304
0.40152925
0.4015259
0.4015231
0.40152094
0.40151972
0.40151936
0.40151998
0.4015214
0.40152365
0.40152693
0.4015315
0.40153742
0.4015445
0.40155205
0.40155917
0.4015649
0.40156865
0.40157026
0.40157
0.4015687
0.40156725
0.4015665
0.4015669
0.4015689
0.40157232
0.40157717
0.401583
0.4015892
0.4015951
0.40159994
0.40160307
0.40160418
0.40160307
0.40160006
0.4015955
0.40159
0.401584
0.401578
0.4015722
0.40156645
0.40156052
0.4015543
0.40154785
0.4015415
0.4015355
0.40153039
0.40152636
0.40152374
0.40152237
0.40152216
0.40152273
0.40152386
0.4015253
0.40152687
0.40152815
0.4015287
0.40152782
0.4015248
0.40151954
0.4015118
0.40150222
0.40149134
0.40148026
0.40146968
0.4014604
0.40145317
0.40144828
0.401446
0.4014465
0.40144953
0.40145496
0.40146232
0.4014711
0.40148094
0.40149158
0.40150297
0.4015152
0.40152833
0.40154222
0.4015565
0.40157053
0.4015836
0.401595
0.40160394
0.4016097
0.40161183
0.4016103
0.40160576
0.4015991
0.40159166
0.4015847
0.40157956
0.4015772
0.4015781
0.4015824
0.4015898
0.4015999
0.40161207
0.40162575
0.40164018
0.40165448
0.40166745
0.401678
0.40168542
0.40168935
0.40168995
0.40168786
0.4016843
0.40168035
0.40167686
0.40167433
0.40167278
0.40167162
0.40167007
0.40166724
0.40166256
0.401656
0.40164798
0.4016394
0.40163165
0.40162587
0.40162286
0.40162307
0.4016264
0.4016323
0.40163982
0.40164793
0.40165552
0.40166143
0.40166467
0.40166488
0.40166217
0.401657
0.40164992
0.40164152
0.40163207
0.401622
0.4016116
0.4016011
0.40159115
0.40158224
0.40157494
0.40156955
0.40156633
0.40156543
0.40156698
0.40157095
0.40157685
0.40158412
0.40159193
0.4015994
0.40160567
0.4016102
0.40161252
0.40161234
0.4016093
0.4016031
0.40159395
0.4015824
0.4015695
0.40155652
0.40154448
0.40153435
0.40152663
0.40152156
0.40151903
0.40151873
0.40152025
0.40152335
0.40152797
0.40153423
0.40154195
0.401551
0.4015611
0.40157172
0.40158254
0.40159306
0.40160272
0.40161067
0.40161592
0.40161774
0.40161592
0.4016106
0.40160254
0.40159252
0.40158173
0.40157104
0.4015611
0.4015526
0.40154564
0.40154037
0.40153667
0.40153444
0.40153357
0.40153384
0.4015349
0.40153626
0.40153766
0.40153882
0.4015399
0.40154108
0.40154272
0.401545
0.40154794
0.40155166
0.40155593
0.4015603
0.4015642
0.40156704
0.40156856
0.40156883
0.40156785
0.4015659
0.40156308
0.40155986
0.40155652
0.40155324
0.40155023
0.40154725
0.40154412
0.4015408
0.40153733
0.4015337
0.4015298
0.40152535
0.40152025
0.4015145
0.4015087
0.4015032
0.40149853
0.40149492
0.4014927
0.40149224
0.40149382
0.40149784
0.4015045
0.4015138
0.40152553
0.40153933
0.4015546
0.4015707
0.4015865
0.401601
0.40161315
0.40162218
0.40162742
0.40162897
0.4016272
0.40162292
0.401617
0.4016102
0.4016036
0.4015981
0.4015946
0.40159383
0.4015964
0.40160248
0.4016125
0.40162635
0.40164426
0.40166616
0.40169168
0.40172014
0.4017506
0.40178183
0.40181223
0.4018402
0.40186444
0.40188384
0.4018976
0.40190503
0.401906
0.40190044
0.40188873
0.40187153
0.40184978
0.4018247
0.40179816
0.40177178
0.40174714
0.4017251
0.40170652
0.4016913
0.40167922
0.40166965
0.4016618
0.4016545
0.40164658
0.40163702
0.40162534
0.4016116
0.40159622
0.4015802
0.40156472
0.40155077
0.40153953
0.40153182
0.4015281
0.40152848
0.4015327
0.40154
0.40154964
0.40156034
0.40157104
0.4015806
0.40158862
0.4015949
0.4015999
0.4016044
0.4016093
0.40161526
0.401623
0.40163255
0.40164378
0.40165582
0.4016677
0.401678
0.40168542
0.4016887
0.40168703
0.40167975
0.4016671
0.4016494
0.40162787
0.40160373
0.40157855
0.4015536
0.4015302
0.40150943
0.4014923
0.40147966
0.40147233
0.40147102
0.40147606
0.4014876
0.40150544
0.40152898
0.4015573
0.40158904
0.40162262
0.40165624
0.40168786
0.40171602
0.4017395
0.4017577
0.40177038
0.40177774
0.40178064
0.40177998
0.40177706
0.40177315
0.40176982
0.4017682
0.40176958
0.4017745
0.4017831
0.40179497
0.40180898
0.4018239
0.4018384
0.40185118
0.40186128
0.40186793
0.4018705
0.40186864
0.40186223
0.4018513
0.40183598
0.40181673
0.4017939
0.40176818
0.40174037
0.40171155
0.4016826
0.40165487
0.40162933
0.40160662
0.4015874
0.4015719
0.40156022
0.40155256
0.40154862
0.401548
0.4015498
0.40155277
0.40155575
0.40155762
0.4015573
0.40155417
0.4015484
0.4015407
0.40153223
0.40152448
0.40151894
0.40151677
0.40151888
0.40152565
0.40153712
0.40155303
0.40157282
0.4015956
0.40162048
0.4016464
0.40167236
0.40169725
0.4017198
0.4017391
0.4017539
0.40176362
0.40176752
0.40176514
0.40175644
0.40174156
0.40172133
0.40169677
0.4016693
0.40164036
0.4016114
0.40158385
0.40155882
0.40153724
0.40151986
0.40150723
0.40149954
0.40149668
0.40149805
0.40150273
0.40150973
0.40151802
0.40152648
0.4015348
0.40154287
0.40155086
0.40155932
0.40156847
0.40157846
0.40158916
0.4016001
0.40161067
0.4016203
0.4016288
0.4016364
0.4016435
0.40165073
0.40165854
0.40166706
0.40167612
0.401685
0.4016926
0.40169775
0.4016993
0.40169644
0.40168887
0.40167683
0.40166107
0.4016428
0.40162316
0.40160304
0.40158334
0.4015643
0.40154612
0.40152857
0.4015116
0.4014952
0.40147957
0.4014653
0.40145287
0.40144268
0.4014349
0.4014295
0.40142617
0.40142456
0.40142435
0.40142533
0.40142754
0.40143114
0.40143642
0.40144378
0.40145358
0.4014659
0.40148056
0.40149698
0.4015143
0.4015315
0.40154734
0.40156078
0.4015711
0.4015781
0.40158224
0.40158445
0.40158597
0.40158787
0.40159118
0.40159613
0.4016026
0.40161029
0.40161857
0.40162712
0.40163583
0.40164486
0.40165433
0.40166414
0.40167424
0.40168455
0.40169546
0.40170762
0.40172213
0.40174037
0.4017635
0.401793
0.4018305
0.4018785
0.40194082
0.40202278
0.40213206
0.40227947
0.40248033
0.4027579
0.4031407
0.40367
0.4044031
0.40541768
0.40681934
0.40874994
0.41142946
0.41508344
0.4200208
0.42671365
0.43580788
0.4479154
