0.44263205
0.43214276
0.4242727
0.41834366
0.41391158
0.41063127
0.40821812
0.40643254
0.4051147
0.40414774
0.40343678
0.4029157
0.40253532
0.40225974
0.40206212
0.40192276
0.401827
0.40176386
0.40172508
0.40170446
0.40169704
0.40169853
0.40170506
0.401713
0.4017193
0.40172163
0.40171847
0.40170908
0.40169343
0.40167212
0.4016464
0.40161797
0.40158892
0.4015611
0.4015362
0.40151545
0.4014998
0.4014897
0.40148538
0.40148675
0.40149355
0.40150478
0.4015194
0.40153587
0.40155256
0.4015677
0.40157977
0.40158775
0.40159118
0.40159023
0.4015858
0.40157896
0.40157124
0.40156403
0.4015586
0.40155584
0.40155607
0.4015594
0.40156516
0.40157285
0.4015817
0.40159082
0.40159908
0.4016057
0.40161
0.4016119
0.40161163
0.40160996
0.4016077
0.40160543
0.40160373
0.40160304
0.4016034
0.4016049
0.40160713
0.40160945
0.4016111
0.4016113
0.4016095
0.40160576
0.40160036
0.40159374
0.40158647
0.40157926
0.40157256
0.40156677
0.40156227
0.40155926
0.4015579
0.40155843
0.40156108
0.40156618
0.40157408
0.40158516
0.40159956
0.4016172
0.40163782
0.40166107
0.40168634
0.40171334
0.40174097
0.40176812
0.40179327
0.40181488
0.40183178
0.40184307
0.40184838
0.4018476
0.40184122
0.40183014
0.40181527
0.40179807
0.40178004
0.40176252
0.4017465
0.4017327
0.4017215
0.4017134
0.40170836
0.4017064
0.40170684
0.40170884
0.401711
0.4017121
0.40171093
0.40170676
0.4016994
0.40168908
0.4016764
0.40166238
0.40164828
0.40163556
0.40162542
0.40161866
0.4016155
0.40161586
0.4016191
0.40162444
0.4016307
0.40163687
0.40164214
0.4016459
0.4016477
0.40164754
0.40164572
0.40164307
0.40164047
0.40163872
0.40163824
0.4016393
0.40164155
0.40164426
0.4016464
0.40164682
0.40164477
0.40164003
0.40163276
0.40162364
0.40161353
0.40160334
0.40159366
0.40158513
0.40157792
0.40157232
0.40156817
0.40156534
0.40156364
0.40156308
0.40156376
0.40156585
0.40156934
0.40157402
0.4015793
0.40158454
0.40158856
0.40159032
0.40158916
0.40158466
0.40157682
0.40156603
0.40155303
0.40153867
0.4015238
0.40150902
0.40149477
0.40148142
0.40146923
0.40145865
0.4014501
0.40144396
0.40144062
0.40144062
0.40144396
0.40145046
0.40145984
0.40147135
0.4014842
0.40149733
0.40150964
0.40152028
0.40152892
0.40153557
0.4015406
0.40154472
0.4015483
0.40155146
0.4015543
0.40155637
0.40155748
0.4015578
0.40155753
0.40155718
0.40155736
0.40155852
0.40156105
0.40156505
0.4015705
0.40157712
0.40158454
0.40159205
0.40159917
0.4016056
0.40161103
0.40161547
0.40161884
0.4016209
0.40162122
0.40161985
0.40161702
0.4016135
0.40161
0.40160745
0.4016063
0.40160653
0.40160757
0.4016085
0.4016082
0.40160593
0.40160108
0.40159357
0.4015836
0.40157178
0.40155885
0.4015454
0.40153202
0.40151894
0.40150672
0.401496
0.40148753
0.40148205
0.40148023
0.4014823
0.40148872
0.40149945
0.40151447
0.40153372
0.40155694
0.40158364
0.40161312
0.40164453
0.4016767
0.40170845
0.40173873
0.40176672
0.4017918
0.4018137
0.4018322
0.40184736
0.4018594
0.40186834
0.4018744
0.40187746
0.40187737
0.40187407
0.40186736
0.40185738
0.40184405
0.4018276
0.4018082
0.40178585
0.40176108
0.40173423
0.40170583
0.40167674
0.40164775
0.40161955
0.40159282
0.4015682
0.40154618
0.40152735
0.40151218
0.40150097
0.40149394
0.401491
0.40149206
0.40149698
0.40150553
0.40151733
0.40153185
0.40154818
0.40156546
0.4015824
0.4015978
0.4016105
0.4016199
0.40162566
0.40162802
0.40162763
0.40162554
0.4016224
0.40161893
0.40161523
0.40161133
0.4016068
0.40160125
0.40159458
0.40158698
0.40157914
0.401572
0.40156657
0.40156376
0.4015643
0.40156838
0.40157595
0.40158632
0.4015986
0.40161145
0.4016235
0.40163347
0.40164068
0.40164497
0.40164652
0.40164623
0.4016449
0.40164334
0.4016419
0.40164077
0.40163958
0.40163764
0.40163422
0.40162864
0.4016205
0.40160996
0.4015976
0.40158427
0.4015708
0.40155804
0.40154654
0.40153697
0.4015296
0.40152454
0.40152195
0.40152192
0.40152434
0.4015292
0.40153617
0.4015449
0.4015546
0.40156448
0.4015734
0.40158027
0.40158454
0.40158573
0.4015839
0.4015797
0.40157375
0.40156677
0.40155944
0.4015522
0.40154532
0.401539
0.40153337
0.40152875
0.40152547
0.40152374
0.40152374
0.40152538
0.4015285
0.40153277
0.40153775
0.40154302
0.4015486
0.4015547
0.40156168
0.40156996
0.4015799
0.40159193
0.40160617
0.4016227
0.4016414
0.4016617
0.40168256
0.40170264
0.40172058
0.4017352
0.4017456
0.4017512
0.40175214
0.40174875
0.40174174
0.401732
0.4017204
0.40170768
0.40169454
0.4016814
0.40166888
0.4016576
0.40164828
0.40164158
0.4016378
0.40163696
0.40163866
0.4016422
0.40164676
0.40165168
0.40165678
0.40166202
0.40166774
0.40167412
0.40168124
0.401689
0.4016973
0.40170598
0.40171427
0.40172127
0.40172616
0.401728
0.40172622
0.4017204
0.40171054
0.40169713
0.40168062
0.40166202
0.4016419
0.40162092
0.40159956
0.4015781
0.40155712
0.40153697
0.40151834
0.40150204
0.40148878
0.4014791
0.40147325
0.4014713
0.401473
0.40147784
0.40148535
0.40149528
0.40150708
0.40152055
0.40153527
0.4015506
0.40156582
0.40158
0.40159208
0.40160093
0.4016059
0.401607
0.40160474
0.4016002
0.4015945
0.40158874
0.40158385
0.40158045
0.40157887
0.401579
0.4015806
0.40158325
0.40158677
0.40159103
0.40159598
0.40160117
0.4016063
0.40161067
0.4016134
0.40161407
0.40161252
0.401609
0.40160415
0.40159887
0.40159371
0.40158904
0.40158454
0.40157965
0.4015736
0.40156603
0.40155667
0.40154567
0.40153354
0.40152076
0.40150777
0.401495
0.40148306
0.40147203
0.40146232
0.4014539
0.40144694
0.40144134
0.401437
0.4014344
0.40143365
0.4014351
0.40143928
0.4014464
0.40145653
0.40146968
0.40148562
0.4015038
0.40152383
0.40154508
0.40156698
0.4015893
0.40161163
0.40163347
0.40165418
0.4016725
0.40168747
0.40169817
0.4017042
0.40170583
0.4017039
0.40169984
0.40169546
0.4016923
0.40169173
0.40169474
0.40170163
0.40171215
0.40172532
0.40173995
0.40175468
0.40176812
0.4017793
0.40178716
0.40179142
0.40179157
0.4017879
0.40178078
0.401771
0.40175956
0.4017475
0.40173534
0.40172327
0.40171143
0.40169978
0.40168813
0.4016764
0.401664
0.40165088
0.401637
0.40162212
0.40160635
0.40159005
0.40157357
0.4015577
0.40154296
0.40152976
0.4015184
0.40150917
0.4015023
0.4014979
0.40149605
0.40149653
0.40149906
0.4015032
0.40150812
0.401513
0.40151677
0.4015185
0.40151775
0.4015146
0.4015094
0.40150303
0.40149647
0.4014906
0.40148625
0.40148383
0.40148368
0.40148583
0.40149
0.40149575
0.40150237
0.40150896
0.4015147
0.40151867
0.40152022
0.40151897
0.4015146
0.40150735
0.40149784
0.40148708
0.4014761
0.40146592
0.4014572
0.4014505
0.40144607
0.40144396
0.4014441
0.4014464
0.40145046
0.401456
0.40146258
0.40146992
0.40147784
0.40148658
0.40149602
0.40150622
0.40151712
0.40152854
0.40154
0.4015513
0.40156168
0.40157065
0.40157768
0.40158236
0.40158477
0.40158525
0.40158427
0.40158248
0.4015806
0.40157914
0.4015787
0.4015794
0.40158126
0.40158397
0.40158683
0.40158895
0.4015898
0.40158877
0.40158588
0.40158144
0.40157613
0.40157086
0.4015665
0.40156376
0.401563
0.40156412
0.40156713
0.40157133
0.40157592
0.40157998
0.4015829
0.40158454
0.40158513
0.40158513
0.4015851
0.4015853
0.40158612
0.40158752
0.40158933
0.40159127
0.40159294
0.40159428
0.40159553
0.40159717
0.40159985
0.4016039
0.40160945
0.4016162
0.40162334
0.4016298
0.40163437
0.40163592
0.40163377
0.40162772
0.40161824
0.40160617
0.40159267
0.4015789
0.40156603
0.40155488
0.40154618
0.40154
0.40153652
0.4015356
0.4015374
0.40154183
0.40154856
0.40155718
0.40156704
0.40157732
0.40158755
0.4015973
0.4016062
0.401614
0.40162063
0.40162626
0.4016314
0.40163678
0.40164316
0.40165108
0.40166065
0.40167144
0.40168256
0.40169284
0.40170103
0.40170604
0.40170717
0.401704
0.4016965
0.4016851
0.40167022
0.40165305
0.40163442
0.40161526
0.40159622
0.4015775
0.40155926
0.40154123
0.40152347
0.4015064
0.40149045
0.40147617
0.4014641
0.40145472
0.40144822
0.4014447
0.4014441
0.40144625
0.4014509
0.40145797
0.4014671
0.40147784
0.40148956
0.4015015
0.40151277
0.40152246
0.40152952
0.4015333
0.40153357
0.4015308
0.4015259
0.40152022
0.4015151
0.4015117
0.4015107
0.4015126
0.4015173
0.40152466
0.4015341
0.40154487
0.40155625
0.4015674
0.4015774
0.40158588
0.40159264
0.40159798
0.40160233
0.40160614
0.4016095
0.40161252
0.40161526
0.40161777
0.40162057
0.4016243
0.40162945
0.40163624
0.40164468
0.40165415
0.40166408
0.40167356
0.40168133
0.40168607
0.40168688
0.4016833
0.40167516
0.40166333
0.40164882
0.40163276
0.40161633
0.40160036
0.4015854
0.40157196
0.40156025
0.40155062
0.40154356
0.40153936
0.40153843
0.4015411
0.40154737
0.40155667
0.40156844
0.40158138
0.40159404
0.4016052
0.4016139
0.4016196
0.40162235
0.40162283
0.40162185
0.40162045
0.40161958
0.4016199
0.40162143
0.40162396
0.40162697
0.4016297
0.40163147
0.4016318
0.40162995
0.40162554
0.40161857
0.40160918
0.40159768
0.40158454
0.40157026
0.40155593
0.40154243
0.40153083
0.401522
0.40151656
0.40151477
0.40151685
0.40152267
0.40153188
0.40154415
0.401559
0.4015757
0.40159363
0.40161183
0.40162954
0.4016459
0.40166023
0.4016719
0.40168074
0.40168688
0.40169066
0.4016925
0.40169287
0.4016919
0.40168986
0.40168658
0.40168217
0.4016768
0.40167084
0.40166435
0.40165764
0.40165076
0.4016436
0.4016364
0.40162924
0.40162262
0.4016172
0.40161362
0.40161252
0.4016144
0.40161946
0.4016279
0.4016396
0.40165433
0.40167138
0.40168968
0.40170786
0.40172425
0.40173748
0.4017464
0.4017503
0.4017488
0.40174255
0.4017322
0.40171903
0.40170443
0.40168968
0.40167555
0.40166244
0.4016502
0.4016382
0.40162605
0.40161318
0.40159962
0.40158573
0.40157205
0.40155908
0.4015471
0.40153593
0.40152526
0.4015146
0.4015038
0.40149304
0.40148282
0.4014734
0.40146556
0.40145996
0.40145704
0.40145686
0.40145954
0.40146467
0.4014716
0.40147948
0.4014876
0.4014952
0.40150177
0.40150735
0.40151218
0.40151706
0.4015227
0.4015297
0.4015385
0.40154925
0.40156183
0.40157554
0.4015896
0.4016029
0.40161458
0.40162387
0.40163076
0.4016355
0.401639
0.4016425
0.40164715
0.401654
0.40166363
0.4016762
0.40169102
0.40170714
0.40172312
0.40173754
0.40174899
0.4017563
0.40175855
0.40175518
0.40174592
0.40173104
0.401711
0.40168706
0.40166035
0.40163252
0.401605
0.40157896
0.40155548
0.40153515
0.40151817
0.4015045
0.40149406
0.4014863
0.40148094
0.40147752
0.40147597
0.4014763
0.4014788
0.40148383
0.40149185
0.4015031
0.40151766
0.40153566
0.4015565
0.40157923
0.40160248
0.40162462
0.40164375
0.4016585
0.40166745
0.4016699
0.40166542
0.40165406
0.40163654
0.40161398
0.40158787
0.4015599
0.40153158
0.4015044
0.40147948
0.4014576
0.4014395
0.4014254
0.40141565
0.40141046
0.40140986
0.40141368
0.4014218
0.4014338
0.40144935
0.4014678
0.40148878
0.4015114
0.401535
0.40155846
0.40158093
0.40160164
0.4016199
0.40163532
0.4016479
0.40165794
0.401666
0.40167293
0.40167952
0.4016862
0.4016931
0.40170017
0.40170714
0.4017137
0.40171972
0.40172526
0.4017306
0.40173608
0.4017419
0.40174803
0.4017539
0.40175873
0.40176144
0.4017609
0.40175632
0.4017472
0.40173367
0.40171638
0.4016964
0.40167522
0.40165442
0.40163592
0.40162128
0.40161192
0.4016086
0.40161142
0.40162
0.40163317
0.40164933
0.40166646
0.40168282
0.40169653
0.4017063
0.4017111
0.40171048
0.40170428
0.40169293
0.40167704
0.40165764
0.40163592
0.40161332
0.40159127
0.401571
0.4015537
0.40153986
0.4015298
0.40152326
0.4015195
0.40151757
0.40151656
0.40151548
0.40151417
0.40151277
0.40151167
0.40151158
0.40151304
0.40151653
0.40152255
0.4015312
0.40154257
0.40155682
0.4015736
0.40159225
0.401612
0.40163147
0.40164912
0.40166354
0.40167356
0.4016784
0.4016779
0.40167236
0.4016628
0.40165043
0.4016367
0.40162304
0.4016104
0.40159965
0.40159136
0.40158588
0.4015835
0.40158442
0.40158844
0.40159503
0.40160328
0.40161192
0.40161958
0.40162516
0.40162775
0.40162706
0.4016232
0.40161666
0.401608
0.40159765
0.40158615
0.4015738
0.4015609
0.40154773
0.40153474
0.40152225
0.40151116
0.4015018
0.40149486
0.40149048
0.40148878
0.4014895
0.4014924
0.40149713
0.4015034
0.40151083
0.40151894
0.4015273
0.40153524
0.40154225
0.40154797
0.4015524
0.40155563
0.4015576
0.40155822
0.4015572
0.4015542
0.40154886
0.4015415
0.40153262
0.40152302
0.40151358
0.40150523
0.40149868
0.4014943
0.40149236
0.4014929
0.4014959
0.4015011
0.40150833
0.40151748
0.4015285
0.40154147
0.40155602
0.4015719
0.40158805
0.40160346
0.40161678
0.40162674
0.40163252
0.40163362
0.40163037
0.40162334
0.40161365
0.4016027
0.40159187
0.40158272
0.4015763
0.4015736
0.4015752
0.4015812
0.4015916
0.40160596
0.40162376
0.40164396
0.40166545
0.4016868
0.40170667
0.40172398
0.40173784
0.40174744
0.4017523
0.4017525
0.4017481
0.40173963
0.40172777
0.4017135
0.40169787
0.40168205
0.40166724
0.40165466
0.4016454
0.40164033
0.40163994
0.40164408
0.40165228
0.4016633
0.4016758
0.40168798
0.4016983
0.40170538
0.40170845
0.40170702
0.40170118
0.4016914
0.40167868
0.4016644
0.40165025
0.4016378
0.4016285
0.40162364
0.4016237
0.40162918
0.40164
0.40165582
0.4016757
0.40169838
0.4017223
0.4017461
0.40176845
0.4017884
0.40180525
0.4018186
0.40182844
0.4018349
0.40183836
0.40183944
0.40183884
0.40183762
0.40183675
0.40183714
0.40183938
0.40184346
0.40184897
0.4018552
0.4018612
0.40186596
0.4018685
0.40186775
0.40186304
0.401854
0.4018407
0.40182373
0.40180412
0.40178332
0.40176293
0.40174448
0.4017291
0.40171775
0.40171078
0.4017082
0.40170997
0.40171605
0.40172672
0.40174308
0.40176743
0.40180326
0.40185648
0.40193555
0.40205267
0.40222445
0.4024759
0.4028366
0.40334868
0.40406996
0.40507877
0.40648127
0.40841955
0.41111478
0.41479096
0.41975775
0.4264889
0.43562728
0.4477832
