0.44257584
0.43207133
0.42419085
0.41825682
0.41382617
0.41055435
0.4081565
0.4063924
0.40510136
0.40416437
0.40348497
0.4029946
0.402642
0.4023889
0.40220687
0.40207514
0.40197888
0.4019076
0.40185398
0.40181315
0.40178186
0.4017578
0.40173933
0.40172502
0.4017141
0.4017058
0.4016997
0.4016952
0.40169188
0.40168914
0.4016862
0.4016827
0.40167868
0.4016747
0.40167156
0.40167013
0.40167108
0.4016748
0.40168115
0.40168947
0.40169874
0.40170762
0.40171486
0.4017195
0.401721
0.4017194
0.40171498
0.40170863
0.40170115
0.40169325
0.40168568
0.40167853
0.40167165
0.40166476
0.40165794
0.40165117
0.40164503
0.40163985
0.4016358
0.40163288
0.40163076
0.40162888
0.40162668
0.40162402
0.40162128
0.40161926
0.401619
0.4016215
0.40162727
0.4016365
0.40164873
0.40166274
0.40167707
0.40168992
0.40169957
0.4017046
0.4017042
0.40169755
0.40168476
0.40166628
0.40164325
0.40161696
0.40158918
0.4015614
0.40153515
0.4015117
0.4014918
0.40147606
0.4014647
0.40145746
0.40145403
0.4014538
0.40145612
0.4014604
0.40146625
0.40147334
0.40148115
0.4014893
0.40149724
0.4015046
0.40151086
0.40151593
0.40152028
0.40152457
0.4015296
0.4015361
0.40154442
0.40155452
0.401566
0.401578
0.40158963
0.40159988
0.40160757
0.4016121
0.40161312
0.40161088
0.40160617
0.40159994
0.4015934
0.4015876
0.40158334
0.40158084
0.40158024
0.40158093
0.40158224
0.40158334
0.40158352
0.4015821
0.40157858
0.40157288
0.40156522
0.4015562
0.4015463
0.40153593
0.4015254
0.401515
0.40150493
0.401496
0.40148863
0.40148342
0.40148053
0.4014804
0.40148333
0.4014896
0.40149918
0.40151158
0.40152618
0.40154192
0.40155762
0.401572
0.40158382
0.40159237
0.40159738
0.4015991
0.40159836
0.40159598
0.4015927
0.4015894
0.4015862
0.40158346
0.40158093
0.40157846
0.40157568
0.40157205
0.40156725
0.40156105
0.40155336
0.4015444
0.40153447
0.40152386
0.40151286
0.40150207
0.40149218
0.40148368
0.40147698
0.40147227
0.4014695
0.4014687
0.40146953
0.4014718
0.40147513
0.4014794
0.40148452
0.4014907
0.40149814
0.40150714
0.4015176
0.40152946
0.40154225
0.40155548
0.40156838
0.4015802
0.4015904
0.40159857
0.4016049
0.4016097
0.4016132
0.40161532
0.40161574
0.40161404
0.4016099
0.40160322
0.40159434
0.4015836
0.40157166
0.40155914
0.40154687
0.40153584
0.40152678
0.4015203
0.4015168
0.40151626
0.4015185
0.40152314
0.4015296
0.40153736
0.40154567
0.40155387
0.40156132
0.40156728
0.4015713
0.40157282
0.40157205
0.40156946
0.40156624
0.40156376
0.40156376
0.4015675
0.40157592
0.4015894
0.40160766
0.4016301
0.40165538
0.40168172
0.40170723
0.40173003
0.40174854
0.40176156
0.40176854
0.40176952
0.40176496
0.4017558
0.40174335
0.4017286
0.4017129
0.4016972
0.40168253
0.4016699
0.4016603
0.40165424
0.40165192
0.4016528
0.4016562
0.4016608
0.4016654
0.40166873
0.40167013
0.40166938
0.40166673
0.4016627
0.4016582
0.40165377
0.40165
0.4016471
0.40164474
0.40164256
0.40163997
0.40163642
0.4016317
0.4016259
0.40161964
0.40161353
0.40160844
0.40160495
0.40160355
0.40160438
0.4016073
0.4016122
0.40161884
0.40162686
0.40163553
0.40164375
0.40165052
0.40165478
0.40165606
0.4016542
0.40164942
0.4016419
0.4016319
0.4016198
0.40160576
0.40159035
0.40157393
0.4015571
0.40154046
0.40152454
0.40150976
0.40149632
0.40148443
0.4014743
0.4014657
0.40145838
0.401452
0.40144655
0.401442
0.4014384
0.40143582
0.4014347
0.40143538
0.40143833
0.40144378
0.40145195
0.40146253
0.40147513
0.40148902
0.40150332
0.40151697
0.40152892
0.40153816
0.4015444
0.40154755
0.4015484
0.40154764
0.40154594
0.40154377
0.40154162
0.4015394
0.40153703
0.40153435
0.40153098
0.4015269
0.40152204
0.4015167
0.4015113
0.40150654
0.40150297
0.40150145
0.40150255
0.40150672
0.40151435
0.40152544
0.4015396
0.40155634
0.4015747
0.4015934
0.40161115
0.4016268
0.40163943
0.40164885
0.40165484
0.4016574
0.4016565
0.4016521
0.40164438
0.40163362
0.40162063
0.40160626
0.4015916
0.40157747
0.4015648
0.4015543
0.4015467
0.40154245
0.40154183
0.40154442
0.4015498
0.4015568
0.40156454
0.401572
0.4015783
0.40158305
0.40158647
0.4015891
0.40159202
0.40159604
0.40160173
0.40160942
0.4016191
0.40163088
0.4016447
0.40166038
0.4016773
0.40169445
0.40171054
0.401724
0.4017332
0.40173706
0.40173492
0.40172666
0.40171272
0.40169403
0.40167195
0.4016479
0.40162322
0.4015992
0.40157667
0.40155625
0.4015382
0.4015226
0.4015094
0.40149832
0.40148923
0.401482
0.4014766
0.401473
0.4014712
0.4014711
0.40147257
0.40147546
0.40147954
0.4014846
0.40149027
0.40149632
0.40150234
0.40150782
0.4015123
0.4015156
0.40151775
0.40151906
0.40151983
0.40152028
0.4015207
0.4015208
0.40152055
0.40151966
0.4015182
0.40151632
0.4015143
0.40151268
0.40151247
0.4015145
0.40151924
0.4015269
0.40153715
0.4015492
0.40156192
0.40157416
0.40158477
0.40159297
0.40159836
0.40160108
0.40160123
0.40159875
0.4015936
0.4015858
0.40157562
0.4015635
0.40155017
0.4015361
0.40152216
0.40150905
0.4014975
0.4014881
0.40148145
0.40147796
0.40147802
0.40148163
0.40148884
0.4014993
0.40151238
0.401527
0.40154168
0.40155506
0.40156573
0.4015729
0.40157625
0.40157595
0.40157282
0.40156803
0.40156278
0.4015581
0.40155488
0.40155333
0.4015536
0.40155548
0.4015588
0.4015631
0.4015683
0.4015741
0.4015802
0.40158638
0.40159205
0.40159664
0.40159968
0.40160066
0.40159905
0.40159458
0.40158722
0.40157747
0.4015661
0.40155414
0.40154287
0.40153337
0.40152696
0.4015243
0.4015256
0.4015307
0.401539
0.4015495
0.40156123
0.4015729
0.40158346
0.40159157
0.4015961
0.4015964
0.4015925
0.40158498
0.40157503
0.40156382
0.40155292
0.40154353
0.40153643
0.40153235
0.40153134
0.4015333
0.4015377
0.4015436
0.40154994
0.40155584
0.40156063
0.40156424
0.40156692
0.4015694
0.40157223
0.401576
0.40158114
0.40158755
0.40159476
0.4016021
0.40160844
0.40161297
0.40161493
0.401614
0.40160996
0.40160295
0.40159345
0.40158224
0.40157038
0.40155885
0.40154845
0.4015397
0.40153283
0.40152767
0.40152407
0.40152192
0.40152124
0.40152186
0.40152383
0.40152702
0.40153128
0.40153667
0.40154317
0.40155116
0.40156057
0.40157127
0.4015833
0.4015963
0.4016095
0.40162215
0.40163326
0.4016417
0.4016469
0.40164876
0.40164754
0.4016439
0.40163863
0.4016322
0.40162507
0.40161747
0.40160957
0.40160125
0.4015923
0.401583
0.4015735
0.40156442
0.40155616
0.4015493
0.40154433
0.4015414
0.4015407
0.40154207
0.401545
0.40154892
0.40155303
0.40155637
0.40155837
0.401559
0.40155834
0.40155694
0.40155533
0.40155387
0.40155295
0.4015527
0.40155327
0.40155444
0.40155587
0.40155733
0.40155837
0.40155903
0.40155932
0.4015594
0.40155932
0.4015589
0.40155795
0.40155625
0.40155363
0.40155002
0.4015453
0.40153956
0.40153295
0.40152568
0.40151784
0.4015098
0.40150186
0.40149462
0.40148872
0.40148488
0.40148365
0.40148526
0.40149
0.4014977
0.40150794
0.40151998
0.4015328
0.40154514
0.40155575
0.4015635
0.40156785
0.4015687
0.40156627
0.4015609
0.4015533
0.4015442
0.4015343
0.40152422
0.40151462
0.40150568
0.4014978
0.40149102
0.40148547
0.4014814
0.4014789
0.4014783
0.40147954
0.40148285
0.40148824
0.40149593
0.40150616
0.40151894
0.40153387
0.40155026
0.4015671
0.40158305
0.40159664
0.40160638
0.40161115
0.40161055
0.40160477
0.40159464
0.40158153
0.40156722
0.40155354
0.40154195
0.40153363
0.40152916
0.4015286
0.4015314
0.4015368
0.40154353
0.40155023
0.40155548
0.40155807
0.40155745
0.40155363
0.40154737
0.40154004
0.40153307
0.40152815
0.4015265
0.4015291
0.40153638
0.40154827
0.4015643
0.40158367
0.4016049
0.40162656
0.401647
0.40166476
0.40167928
0.4016901
0.4016975
0.40170205
0.40170437
0.40170527
0.4017053
0.40170476
0.40170375
0.4017024
0.4017006
0.40169874
0.40169713
0.40169597
0.40169567
0.4016961
0.40169722
0.4016986
0.40169942
0.40169877
0.4016959
0.40169033
0.4016819
0.40167084
0.40165797
0.40164435
0.40163088
0.4016186
0.4016081
0.40159962
0.4015932
0.40158832
0.40158433
0.4015806
0.40157673
0.4015729
0.40156963
0.40156767
0.4015678
0.4015708
0.40157712
0.40158725
0.40160134
0.40161943
0.40164095
0.40166518
0.40169126
0.40171847
0.40174618
0.40177414
0.40180206
0.40182954
0.40185583
0.40188038
0.40190274
0.40192282
0.4019408
0.4019572
0.40197304
0.40198976
0.4020095
0.4020355
0.40207216
0.40212592
0.40220532
0.4023223
0.40249282
0.40274033
0.40309617
0.40360087
0.40431195
0.40530768
0.4066947
0.40861532
0.41129062
0.41494647
0.4198921
0.4265996
0.43571448
0.4478464
