0.44257337
0.4320683
0.4241873
0.41825286
0.4138213
0.41054747
0.40814602
0.4063763
0.40507743
0.40413114
0.40344185
0.4029425
0.40258324
0.402327
0.40214595
0.40201914
0.40193075
0.401869
0.40182516
0.40179276
0.40176776
0.40174738
0.4017304
0.40171608
0.40170464
0.40169618
0.40169102
0.40168908
0.40168974
0.40169203
0.4016946
0.4016959
0.40169486
0.40169054
0.40168285
0.40167233
0.40166
0.40164724
0.40163568
0.40162632
0.40162006
0.40161738
0.4016183
0.40162262
0.4016297
0.40163848
0.40164796
0.40165707
0.40166482
0.401671
0.4016755
0.4016791
0.40168232
0.40168583
0.4016897
0.40169367
0.40169728
0.40169984
0.4017008
0.40169993
0.40169746
0.40169412
0.40169093
0.40168902
0.40168926
0.4016919
0.40169665
0.40170282
0.40170923
0.40171492
0.40171903
0.40172115
0.40172127
0.40172
0.4017181
0.40171656
0.40171582
0.40171602
0.4017168
0.40171748
0.40171742
0.40171605
0.40171325
0.40170932
0.40170497
0.40170085
0.40169775
0.4016961
0.40169615
0.40169802
0.40170154
0.40170684
0.40171427
0.40172413
0.4017368
0.40175235
0.4017704
0.40179032
0.40181088
0.40183088
0.40184933
0.40186536
0.4018784
0.40188813
0.40189472
0.40189847
0.40189978
0.40189922
0.40189704
0.40189362
0.401889
0.40188318
0.40187618
0.40186775
0.4018578
0.40184617
0.4018328
0.4018174
0.4018001
0.40178105
0.4017606
0.40173966
0.40171933
0.40170103
0.4016863
0.4016764
0.40167207
0.40167361
0.40168074
0.4016924
0.40170717
0.40172336
0.4017394
0.40175408
0.4017668
0.4017774
0.4017859
0.40179288
0.40179864
0.40180358
0.40180787
0.4018112
0.401813
0.4018129
0.40181082
0.40180674
0.4018008
0.4017935
0.40178525
0.40177652
0.40176758
0.40175828
0.40174815
0.40173668
0.40172347
0.4017083
0.4016912
0.40167248
0.40165278
0.40163282
0.40161356
0.4015957
0.40158033
0.40156797
0.40155897
0.40155357
0.4015513
0.40155157
0.4015535
0.40155587
0.4015577
0.401558
0.4015562
0.40155217
0.40154618
0.40153882
0.40153098
0.4015232
0.40151632
0.4015111
0.4015081
0.40150774
0.40151006
0.40151468
0.40152106
0.40152833
0.4015355
0.4015419
0.40154728
0.401552
0.40155685
0.4015626
0.40156993
0.40157908
0.40158984
0.40160167
0.40161362
0.40162438
0.4016325
0.40163684
0.4016367
0.40163174
0.40162253
0.40160987
0.40159488
0.4015787
0.40156263
0.40154794
0.40153563
0.40152678
0.4015221
0.4015221
0.40152705
0.40153682
0.40155098
0.4015687
0.4015888
0.40160996
0.4016304
0.40164843
0.4016627
0.4016724
0.40167737
0.40167788
0.40167487
0.40166962
0.40166366
0.40165803
0.40165374
0.4016511
0.40165025
0.40165097
0.4016528
0.40165532
0.4016575
0.40165824
0.40165642
0.40165108
0.40164214
0.40162984
0.40161505
0.4015991
0.4015835
0.4015698
0.40155932
0.40155295
0.40155116
0.40155435
0.40156218
0.40157402
0.401589
0.40160596
0.40162382
0.4016415
0.40165806
0.4016725
0.4016836
0.40169013
0.40169138
0.40168697
0.40167728
0.40166312
0.40164596
0.40162736
0.40160877
0.40159175
0.40157744
0.40156686
0.40156057
0.40155888
0.40156168
0.40156844
0.40157858
0.401591
0.40160444
0.40161744
0.40162864
0.40163702
0.40164202
0.40164366
0.40164223
0.40163866
0.40163395
0.4016293
0.40162542
0.40162298
0.40162194
0.40162227
0.40162352
0.40162516
0.40162635
0.40162647
0.40162498
0.4016219
0.40161765
0.40161312
0.4016093
0.40160713
0.40160736
0.4016104
0.4016162
0.40162432
0.40163413
0.4016448
0.40165585
0.40166706
0.4016785
0.4016904
0.401703
0.40171614
0.40172943
0.40174186
0.4017523
0.40175965
0.40176305
0.40176186
0.40175608
0.401746
0.40173244
0.40171668
0.40170026
0.40168455
0.40167084
0.40165985
0.40165204
0.40164736
0.40164545
0.40164545
0.40164626
0.40164658
0.40164542
0.40164214
0.40163675
0.4016295
0.40162107
0.40161204
0.40160313
0.4015951
0.40158898
0.40158588
0.40158692
0.401593
0.40160456
0.40162158
0.4016436
0.40166968
0.40169853
0.40172845
0.40175772
0.40178478
0.4018081
0.4018269
0.40184033
0.40184796
0.40184945
0.40184465
0.4018337
0.4018169
0.40179506
0.40176904
0.40174037
0.4017105
0.40168124
0.40165433
0.4016313
0.40161318
0.40160036
0.40159276
0.4015898
0.40159076
0.40159467
0.40160072
0.40160826
0.40161675
0.40162572
0.40163478
0.4016439
0.40165314
0.40166292
0.4016733
0.40168408
0.4016949
0.401705
0.40171376
0.4017207
0.40172577
0.40172908
0.4017311
0.4017324
0.40173322
0.40173396
0.40173426
0.40173382
0.40173173
0.4017275
0.40172055
0.4017108
0.40169862
0.40168437
0.4016689
0.40165296
0.40163732
0.40162244
0.40160894
0.40159732
0.40158784
0.40158084
0.40157634
0.40157416
0.40157384
0.40157476
0.40157598
0.40157676
0.40157598
0.40157285
0.4015664
0.40155604
0.4015418
0.40152425
0.40150467
0.40148446
0.40146497
0.40144765
0.40143344
0.40142313
0.4014171
0.40141585
0.40141943
0.40142766
0.40144044
0.40145755
0.40147865
0.40150347
0.40153158
0.40156236
0.40159506
0.40162858
0.40166175
0.4016932
0.40172157
0.40174574
0.40176523
0.4017799
0.4017901
0.40179676
0.40180072
0.40180296
0.4018043
0.4018052
0.40180567
0.40180555
0.40180475
0.40180302
0.40180004
0.40179533
0.4017887
0.40178007
0.40176937
0.4017565
0.40174145
0.40172434
0.4017055
0.40168506
0.40166304
0.40163925
0.4016135
0.40158606
0.40155745
0.40152848
0.4015
0.4014727
0.40144736
0.4014244
0.4014044
0.4013875
0.40137398
0.4013639
0.40135747
0.40135467
0.4013553
0.40135917
0.40136567
0.40137425
0.4013842
0.4013947
0.40140492
0.401414
0.40142134
0.40142664
0.4014301
0.40143207
0.40143323
0.4014343
0.4014359
0.4014385
0.4014424
0.40144777
0.40145454
0.40146255
0.40147153
0.40148115
0.40149093
0.40150037
0.40150875
0.4015153
0.40151948
0.40152115
0.4015206
0.40151876
0.40151656
0.40151483
0.4015144
0.40151587
0.4015196
0.40152562
0.40153393
0.4015444
0.40155667
0.40157056
0.4015854
0.40160036
0.40161434
0.40162617
0.40163493
0.4016401
0.40164167
0.40164012
0.40163615
0.4016307
0.40162444
0.40161788
0.40161097
0.40160364
0.40159598
0.4015878
0.4015795
0.40157136
0.40156367
0.40155703
0.4015519
0.40154862
0.40154755
0.40154845
0.40155137
0.40155628
0.40156323
0.40157202
0.4015823
0.40159374
0.40160587
0.4016187
0.40163267
0.4016484
0.4016664
0.40168694
0.40170962
0.4017336
0.4017575
0.40177986
0.40179896
0.40181342
0.40182203
0.40182415
0.40181944
0.40180793
0.40179035
0.40176758
0.40174118
0.40171283
0.40168452
0.4016581
0.40163505
0.40161636
0.40160242
0.40159306
0.40158767
0.4015854
0.40158486
0.4015851
0.40158486
0.4015839
0.4015823
0.40158072
0.40158004
0.40158144
0.4015858
0.40159366
0.40160525
0.40162036
0.40163833
0.4016579
0.4016773
0.40169474
0.4017084
0.40171665
0.40171862
0.40171376
0.40170237
0.40168533
0.401664
0.40164006
0.40161523
0.4015911
0.4015689
0.40154934
0.40153307
0.4015205
0.40151158
0.4015064
0.40150476
0.40150687
0.40151274
0.40152264
0.40153652
0.40155447
0.40157598
0.40160066
0.40162775
0.40165633
0.40168518
0.4017129
0.40173796
0.40175888
0.40177467
0.40178454
0.4017881
0.40178525
0.4017763
0.40176186
0.40174285
0.40172043
0.40169618
0.4016714
0.40164742
0.40162498
0.40160465
0.40158647
0.40157035
0.40155604
0.40154323
0.401532
0.40152258
0.40151513
0.40150988
0.40150744
0.4015079
0.40151155
0.40151817
0.40152723
0.40153778
0.40154842
0.4015578
0.40156427
0.401567
0.40156534
0.4015594
0.40154994
0.40153795
0.40152493
0.40151232
0.4015015
0.40149364
0.4014896
0.40148973
0.40149418
0.4015028
0.40151486
0.4015298
0.40154654
0.401564
0.4015809
0.4015958
0.4016074
0.40161476
0.4016173
0.40161535
0.4016095
0.4016008
0.40159044
0.40157968
0.40156972
0.4015617
0.40155628
0.40155387
0.4015542
0.40155694
0.40156174
0.40156817
0.40157607
0.40158552
0.40159655
0.40160918
0.40162322
0.40163824
0.4016538
0.40166926
0.40168408
0.40169796
0.4017107
0.40172234
0.40173277
0.40174183
0.40174913
0.4017543
0.40175676
0.4017565
0.4017537
0.40174875
0.40174216
0.40173465
0.4017269
0.40171903
0.40171137
0.4017037
0.40169582
0.40168768
0.401679
0.40166968
0.40165988
0.40165
0.40164077
0.40163276
0.40162635
0.40162143
0.40161762
0.40161386
0.40160948
0.4016036
0.40159604
0.40158698
0.40157712
0.4015672
0.40155792
0.40154988
0.40154353
0.40153927
0.4015373
0.40153795
0.40154153
0.40154815
0.40155792
0.4015707
0.40158606
0.40160337
0.40162182
0.40163994
0.40165642
0.4016698
0.40167952
0.40168515
0.4016871
0.4016858
0.4016821
0.40167668
0.40167022
0.40166304
0.40165538
0.40164727
0.40163848
0.40162918
0.4016196
0.40161046
0.40160257
0.40159678
0.4015941
0.40159526
0.40160078
0.401611
0.4016259
0.40164557
0.40166935
0.40169668
0.40172637
0.4017569
0.4017869
0.40181494
0.4018397
0.40186024
0.40187594
0.40188646
0.40189156
0.40189156
0.40188664
0.4018773
0.4018642
0.4018483
0.4018305
0.40181196
0.40179345
0.4017755
0.40175804
0.40174097
0.40172365
0.40170583
0.4016873
0.40166855
0.40165013
0.401633
0.4016179
0.4016051
0.40159476
0.40158674
0.40158078
0.4015766
0.40157416
0.40157312
0.40157288
0.40157315
0.40157342
0.4015737
0.40157425
0.40157524
0.40157676
0.40157855
0.40158
0.40158042
0.40157914
0.40157592
0.40157086
0.4015647
0.40155825
0.40155235
0.40154797
0.40154558
0.40154576
0.40154856
0.40155417
0.4015625
0.40157342
0.4015865
0.4016013
0.40161708
0.40163332
0.4016497
0.40166602
0.40168205
0.40169758
0.40171206
0.40172464
0.4017344
0.40174055
0.4017425
0.40174
0.40173307
0.4017221
0.4017076
0.40169036
0.40167132
0.40165156
0.401632
0.40161353
0.40159678
0.40158203
0.40156943
0.40155882
0.40155014
0.40154326
0.40153813
0.4015345
0.4015319
0.4015296
0.40152693
0.40152317
0.40151817
0.40151203
0.40150467
0.40149644
0.40148777
0.4014792
0.40147164
0.40146548
0.40146127
0.40145925
0.40145928
0.40146112
0.40146455
0.4014692
0.40147477
0.40148124
0.4014887
0.40149724
0.401507
0.40151808
0.40153047
0.401544
0.4015585
0.40157357
0.40158856
0.40160227
0.40161344
0.40162072
0.4016231
0.40162003
0.40161163
0.40159863
0.40158215
0.4015636
0.40154427
0.40152517
0.40150696
0.40149012
0.401475
0.401462
0.4014514
0.40144363
0.4014388
0.40143713
0.4014387
0.4014435
0.40145138
0.401462
0.40147495
0.40149003
0.4015069
0.40152556
0.4015459
0.4015677
0.4015905
0.40161356
0.40163583
0.40165657
0.40167508
0.4016913
0.40170538
0.40171778
0.40172884
0.40173858
0.40174657
0.40175217
0.4017549
0.40175462
0.4017518
0.4017475
0.40174395
0.40174395
0.4017518
0.4017725
0.4018129
0.401882
0.40199175
0.4021583
0.40240622
0.4027646
0.40327534
0.40399632
0.4050062
0.40641162
0.40835467
0.4110565
0.41474053
0.41971588
0.42645627
0.43560284
0.447766
