0.44258392
0.43208316
0.4242074
0.41827884
0.41385347
0.410586
0.40819022
0.4064251
0.40512896
0.4041823
0.4034885
0.4029793
0.40260458
0.40232742
0.40212145
0.40196785
0.40185374
0.40177014
0.40171045
0.4016698
0.4016443
0.40163055
0.40162548
0.40162647
0.40163124
0.4016378
0.40164474
0.40165144
0.40165776
0.40166366
0.40166909
0.40167394
0.40167764
0.4016794
0.40167832
0.40167364
0.40166485
0.40165204
0.40163603
0.4016179
0.4015991
0.40158147
0.40156654
0.40155542
0.4015489
0.40154725
0.40155044
0.40155795
0.40156913
0.4015833
0.40160012
0.401619
0.40163937
0.40166017
0.4016802
0.40169802
0.4017122
0.4017217
0.4017258
0.4017243
0.40171742
0.40170598
0.40169102
0.40167382
0.4016558
0.4016382
0.40162215
0.40160835
0.40159732
0.40158927
0.4015843
0.40158212
0.4015823
0.401584
0.40158638
0.4015883
0.4015889
0.40158767
0.40158477
0.4015806
0.4015761
0.4015726
0.40157112
0.40157256
0.40157717
0.40158483
0.40159503
0.40160686
0.4016194
0.40163136
0.4016416
0.40164906
0.40165323
0.40165398
0.40165138
0.4016462
0.4016393
0.40163136
0.40162343
0.4016162
0.40161055
0.40160725
0.40160653
0.40160877
0.40161356
0.40162024
0.401628
0.40163568
0.40164185
0.40164536
0.4016453
0.40164113
0.40163323
0.40162244
0.40160993
0.40159747
0.40158647
0.40157822
0.40157336
0.4015723
0.40157488
0.40158072
0.40158895
0.40159863
0.40160885
0.4016187
0.4016272
0.4016334
0.40163627
0.401635
0.40162924
0.40161908
0.40160516
0.40158856
0.40157026
0.40155172
0.40153396
0.40151802
0.40150407
0.40149257
0.4014831
0.40147525
0.4014685
0.40146232
0.40145665
0.40145177
0.40144777
0.40144482
0.40144274
0.4014414
0.40144062
0.40144008
0.4014398
0.40143958
0.40143946
0.40143958
0.40144005
0.40144113
0.40144292
0.40144554
0.40144905
0.40145376
0.40145966
0.4014671
0.40147638
0.4014878
0.4015015
0.4015174
0.4015355
0.40155533
0.40157658
0.40159857
0.40162018
0.4016399
0.4016564
0.40166843
0.40167502
0.40167594
0.40167162
0.40166318
0.40165216
0.40164018
0.40162873
0.401619
0.40161183
0.40160784
0.40160713
0.4016097
0.4016148
0.40162167
0.40162924
0.40163624
0.40164188
0.40164515
0.40164575
0.40164328
0.40163752
0.40162846
0.40161628
0.4016016
0.4015852
0.40156803
0.401551
0.40153515
0.40152118
0.40150973
0.40150124
0.401496
0.40149397
0.40149486
0.40149808
0.40150294
0.4015086
0.40151423
0.4015194
0.401524
0.40152797
0.40153158
0.40153518
0.40153906
0.40154338
0.40154797
0.40155232
0.40155584
0.40155786
0.401558
0.4015562
0.40155295
0.4015492
0.40154567
0.40154332
0.4015426
0.40154392
0.40154704
0.4015517
0.401557
0.40156204
0.4015658
0.40156752
0.40156728
0.4015654
0.40156308
0.40156156
0.40156212
0.4015656
0.4015724
0.4015824
0.4015948
0.40160856
0.40162218
0.40163472
0.40164524
0.40165338
0.40165895
0.40166196
0.40166217
0.40165955
0.4016545
0.4016478
0.4016404
0.40163368
0.4016289
0.40162674
0.40162727
0.40163037
0.40163523
0.40164104
0.401647
0.4016526
0.40165764
0.4016621
0.4016661
0.40166953
0.40167218
0.40167361
0.4016733
0.4016707
0.4016655
0.40165755
0.40164706
0.40163457
0.40162063
0.40160576
0.40159056
0.40157545
0.40156102
0.40154788
0.40153626
0.40152636
0.401518
0.40151066
0.40150398
0.4014975
0.40149122
0.4014851
0.40147924
0.40147403
0.40146977
0.4014668
0.4014654
0.4014659
0.40146863
0.40147376
0.40148148
0.40149197
0.401505
0.40152055
0.4015379
0.40155607
0.40157384
0.40158957
0.40160167
0.40160903
0.40161115
0.40160817
0.40160078
0.40159035
0.40157828
0.40156573
0.40155375
0.40154323
0.4015348
0.401529
0.40152645
0.4015279
0.4015338
0.40154463
0.40156
0.4015796
0.40160227
0.40162694
0.40165222
0.4016767
0.40169913
0.40171862
0.4017345
0.40174714
0.40175655
0.40176353
0.40176848
0.40177158
0.40177265
0.4017716
0.40176836
0.40176305
0.4017557
0.40174636
0.40173498
0.4017213
0.40170494
0.40168616
0.4016651
0.40164262
0.40162
0.40159827
0.40157843
0.40156102
0.40154627
0.4015342
0.4015247
0.40151742
0.40151218
0.40150902
0.40150788
0.4015087
0.40151116
0.4015152
0.40152058
0.4015275
0.4015362
0.40154707
0.4015606
0.40157697
0.4015963
0.40161836
0.40164256
0.40166816
0.40169406
0.40171885
0.40174097
0.4017589
0.4017713
0.40177733
0.4017764
0.40176848
0.40175408
0.4017342
0.40171
0.40168327
0.40165597
0.40162984
0.4016063
0.4015866
0.40157127
0.40156057
0.4015542
0.40155166
0.4015523
0.40155536
0.40156043
0.40156716
0.40157533
0.40158418
0.40159306
0.40160108
0.40160713
0.4016106
0.4016113
0.40160936
0.4016059
0.40160188
0.40159875
0.4015978
0.4015999
0.4016056
0.40161476
0.4016271
0.40164164
0.40165707
0.4016716
0.40168336
0.4016907
0.4016926
0.40168846
0.40167844
0.40166312
0.4016436
0.4016214
0.4015981
0.4015752
0.40155402
0.4015357
0.4015212
0.4015111
0.4015057
0.40150502
0.40150887
0.4015169
0.40152875
0.40154383
0.40156132
0.40158015
0.4015992
0.40161678
0.40163147
0.40164196
0.40164757
0.40164778
0.4016432
0.4016344
0.40162274
0.40160987
0.40159723
0.40158638
0.40157828
0.40157342
0.40157154
0.401572
0.4015735
0.40157494
0.40157527
0.40157405
0.40157118
0.40156704
0.40156206
0.40155718
0.40155318
0.4015506
0.40154985
0.40155104
0.40155423
0.40155965
0.40156782
0.40157926
0.40159452
0.40161404
0.40163794
0.40166593
0.40169704
0.40172976
0.4017624
0.40179318
0.40182084
0.40184435
0.40186334
0.40187764
0.4018874
0.4018927
0.40189382
0.40189078
0.40188396
0.40187347
0.4018598
0.4018432
0.40182424
0.40180308
0.40178028
0.40175617
0.40173116
0.40170592
0.40168053
0.40165514
0.40162966
0.40160424
0.40157917
0.4015552
0.40153334
0.4015144
0.40149936
0.4014888
0.40148285
0.40148154
0.40148443
0.40149075
0.40149954
0.40150946
0.4015193
0.4015279
0.40153456
0.40153897
0.4015407
0.40153968
0.40153593
0.40152988
0.40152237
0.40151438
0.40150702
0.401501
0.40149683
0.4014944
0.40149358
0.401494
0.4014954
0.40149775
0.40150127
0.40150613
0.40151244
0.40152028
0.40152967
0.40154028
0.40155172
0.4015635
0.40157515
0.40158635
0.40159658
0.40160507
0.40161115
0.40161416
0.4016137
0.40160987
0.40160277
0.40159282
0.40158036
0.40156636
0.40155154
0.40153682
0.40152314
0.40151116
0.40150163
0.4014949
0.4014911
0.40149027
0.4014923
0.4014971
0.40150464
0.40151528
0.40152895
0.4015456
0.40156493
0.40158623
0.40160853
0.40163073
0.4016515
0.40166962
0.40168396
0.40169373
0.4016986
0.4016985
0.4016943
0.40168697
0.4016779
0.40166834
0.40165955
0.40165237
0.40164766
0.40164572
0.4016471
0.40165162
0.4016592
0.40166914
0.40168053
0.40169242
0.401704
0.40171427
0.40172225
0.40172732
0.401729
0.40172726
0.40172246
0.40171552
0.40170735
0.40169907
0.40169123
0.40168414
0.4016774
0.40167066
0.40166304
0.401654
0.40164334
0.40163112
0.40161783
0.4016043
0.40159133
0.40157998
0.40157145
0.40156683
0.40156674
0.40157148
0.40158096
0.4015946
0.40161136
0.40163037
0.40165052
0.4016709
0.40169048
0.401708
0.4017224
0.4017329
0.4017391
0.40174094
0.40173888
0.40173364
0.40172577
0.40171596
0.40170446
0.40169156
0.40167764
0.4016633
0.4016495
0.40163726
0.40162715
0.40161952
0.40161407
0.4016102
0.40160695
0.40160364
0.40159962
0.4015949
0.4015898
0.40158528
0.40158197
0.40158057
0.40158144
0.40158442
0.40158895
0.40159425
0.40159953
0.401604
0.40160722
0.40160856
0.4016077
0.40160465
0.40159962
0.40159327
0.40158638
0.40157974
0.4015739
0.40156934
0.40156615
0.4015644
0.40156436
0.4015664
0.4015706
0.40157676
0.40158477
0.40159407
0.4016041
0.40161437
0.40162456
0.4016343
0.40164274
0.40164888
0.4016517
0.40165043
0.4016447
0.40163505
0.40162244
0.40160826
0.40159437
0.40158224
0.40157297
0.40156755
0.40156624
0.40156886
0.4015747
0.4015829
0.4015922
0.4016018
0.4016112
0.4016205
0.40163016
0.40164068
0.40165254
0.40166613
0.4016815
0.40169844
0.40171662
0.40173542
0.40175402
0.40177158
0.40178725
0.40180093
0.40181258
0.40182257
0.40183124
0.40183875
0.40184554
0.40185142
0.4018566
0.40186098
0.4018643
0.4018663
0.40186656
0.40186477
0.40186062
0.40185368
0.4018438
0.40183073
0.4018145
0.40179515
0.40177304
0.40174863
0.40172288
0.40169665
0.40167117
0.4016475
0.4016268
0.40160945
0.40159583
0.40158594
0.40157956
0.40157622
0.40157554
0.40157712
0.40158033
0.40158442
0.4015885
0.40159172
0.4015933
0.40159312
0.40159136
0.4015883
0.40158424
0.40157992
0.4015757
0.40157202
0.40156925
0.4015677
0.4015674
0.40156785
0.40156847
0.4015681
0.401566
0.40156132
0.40155396
0.40154412
0.40153268
0.4015205
0.40150854
0.4014975
0.40148813
0.40148053
0.4014748
0.40147087
0.4014689
0.40146896
0.4014712
0.40147564
0.40148222
0.40149066
0.40150073
0.40151203
0.4015239
0.40153566
0.4015464
0.40155494
0.4015606
0.40156266
0.40156123
0.40155688
0.4015506
0.40154335
0.40153635
0.4015302
0.4015254
0.40152225
0.40152076
0.401521
0.40152305
0.4015272
0.40153342
0.40154198
0.40155277
0.40156573
0.4015803
0.40159583
0.40161133
0.40162542
0.40163702
0.40164483
0.40164825
0.40164682
0.40164095
0.40163156
0.4016199
0.40160728
0.40159476
0.4015829
0.4015719
0.4015616
0.40155205
0.40154356
0.40153664
0.401532
0.40153056
0.40153295
0.40153983
0.40155125
0.40156737
0.4015876
0.40161136
0.4016376
0.40166512
0.4016923
0.40171745
0.40173897
0.40175545
0.40176576
0.4017692
0.4017655
0.4017549
0.40173823
0.40171677
0.4016921
0.40166613
0.40164065
0.40161702
0.40159637
0.4015788
0.40156403
0.40155146
0.4015402
0.4015293
0.4015182
0.40150663
0.4014946
0.4014825
0.40147036
0.4014586
0.4014474
0.40143666
0.40142667
0.40141773
0.40141007
0.40140378
0.4013989
0.4013954
0.4013933
0.40139237
0.40139252
0.4013938
0.40139621
0.40139988
0.40140465
0.40141064
0.40141788
0.4014263
0.40143594
0.4014466
0.40145814
0.4014701
0.40148205
0.4014935
0.40150434
0.40151465
0.40152502
0.40153593
0.40154782
0.4015608
0.40157488
0.40158963
0.4016044
0.4016181
0.4016296
0.40163788
0.40164223
0.40164244
0.40163854
0.40163115
0.4016208
0.40160817
0.40159398
0.4015791
0.40156418
0.4015501
0.40153757
0.40152708
0.401519
0.40151343
0.4015105
0.40151057
0.40151381
0.40152073
0.4015315
0.40154618
0.40156472
0.40158638
0.40161043
0.40163592
0.4016617
0.40168655
0.40170926
0.40172863
0.4017437
0.40175378
0.40175834
0.40175718
0.4017502
0.4017377
0.40172023
0.4016985
0.40167373
0.40164736
0.40162048
0.40159416
0.4015694
0.40154687
0.4015269
0.40150955
0.40149477
0.40148246
0.40147257
0.4014651
0.40145984
0.40145692
0.4014561
0.40145728
0.40146032
0.40146503
0.40147135
0.4014789
0.40148726
0.40149584
0.40150434
0.4015125
0.40152073
0.40152955
0.40153986
0.40155235
0.4015677
0.40158597
0.40160698
0.40162995
0.40165418
0.4016785
0.4017017
0.4017224
0.40173948
0.40175182
0.40175885
0.40176025
0.40175635
0.40174788
0.40173575
0.40172115
0.4017053
0.4016895
0.40167466
0.4016615
0.40165034
0.40164155
0.40163478
0.40162978
0.40162587
0.40162247
0.40161908
0.40161505
0.40161026
0.40160504
0.40159974
0.40159467
0.40159017
0.40158612
0.40158236
0.40157872
0.4015754
0.40157232
0.4015698
0.40156803
0.40156725
0.40156803
0.4015707
0.4015755
0.40158278
0.4015925
0.4016044
0.40161797
0.40163252
0.40164694
0.40166008
0.40167132
0.4016802
0.40168703
0.40169248
0.40169778
0.40170386
0.40171143
0.4017205
0.40173078
0.4017412
0.40175053
0.4017575
0.4017612
0.4017608
0.40175608
0.40174752
0.40173575
0.40172178
0.40170684
0.401692
0.40167806
0.40166545
0.40165442
0.4016448
0.40163633
0.40162864
0.40162134
0.401614
0.4016068
0.40160018
0.40159476
0.40159115
0.40158963
0.40159005
0.40159193
0.40159476
0.4015976
0.40159988
0.40160123
0.40160152
0.40160048
0.40159786
0.40159333
0.40158683
0.40157863
0.4015695
0.40156034
0.40155217
0.40154573
0.4015416
0.4015398
0.4015398
0.40154094
0.40154222
0.40154266
0.40154165
0.401539
0.4015349
0.40152994
0.40152466
0.40151963
0.40151533
0.40151203
0.40150973
0.4015086
0.40150833
0.4015088
0.40150988
0.40151137
0.40151298
0.4015146
0.4015161
0.40151808
0.40152133
0.40152663
0.40153483
0.4015464
0.4015615
0.40157998
0.4016011
0.40162423
0.40164828
0.40167212
0.40169427
0.40171298
0.40172717
0.40173557
0.40173805
0.4017345
0.40172568
0.40171245
0.40169603
0.40167776
0.40165913
0.40164134
0.40162566
0.4016132
0.40160468
0.40160015
0.40159947
0.40160212
0.40160698
0.40161327
0.4016202
0.4016273
0.40163445
0.40164152
0.40164843
0.40165478
0.40165988
0.4016629
0.40166292
0.4016594
0.40165192
0.40164047
0.4016256
0.40160793
0.40158877
0.40156946
0.4015512
0.401535
0.40152165
0.40151176
0.40150556
0.40150315
0.40150416
0.40150845
0.40151554
0.40152505
0.40153626
0.40154892
0.40156242
0.4015763
0.40159038
0.4016042
0.4016176
0.40162984
0.40164024
0.40164796
0.40165222
0.40165257
0.40164885
0.40164137
0.4016308
0.4016179
0.40160322
0.40158725
0.40157026
0.40155226
0.40153357
0.40151468
0.40149605
0.40147823
0.40146172
0.40144697
0.4014343
0.40142387
0.40141588
0.40141046
0.40140757
0.40140703
0.40140867
0.40141243
0.40141818
0.4014261
0.4014361
0.4014483
0.4014624
0.4014781
0.40149483
0.4015122
0.40153018
0.40154883
0.40156847
0.40158913
0.40161064
0.40163252
0.40165374
0.4016732
0.40168968
0.40170214
0.40170974
0.4017121
0.4017091
0.40170133
0.40168968
0.40167537
0.40165988
0.4016446
0.4016308
0.40161976
0.4016125
0.40160963
0.4016117
0.40161878
0.4016309
0.40164763
0.401668
0.40169057
0.40171367
0.40173542
0.40175405
0.40176806
0.40177652
0.40177885
0.4017749
0.40176514
0.4017502
0.4017309
0.40170822
0.40168294
0.4016558
0.4016271
0.4015976
0.40156794
0.40153915
0.40151235
0.40148848
0.40146807
0.40145156
0.40143895
0.4014299
0.4014242
0.40142152
0.40142152
0.4014239
0.40142852
0.401435
0.40144345
0.40145373
0.40146577
0.4014792
0.40149358
0.40150818
0.40152222
0.40153462
0.40154433
0.40155044
0.4015527
0.40155125
0.40154657
0.40153933
0.4015302
0.40151998
0.40150902
0.4014981
0.40148804
0.4014794
0.4014729
0.40146917
0.40146866
0.40147167
0.40147805
0.40148762
0.4014999
0.4015141
0.40152922
0.40154412
0.40155762
0.40156844
0.40157548
0.40157804
0.40157592
0.40156943
0.40155935
0.40154666
0.40153235
0.4015177
0.4015036
0.40149114
0.40148112
0.40147385
0.40146956
0.4014679
0.40146822
0.4014697
0.40147147
0.40147257
0.40147197
0.4014688
0.40146244
0.40145284
0.40144035
0.4014261
0.4014111
0.4013963
0.40138227
0.40136963
0.40135846
0.40134877
0.40134078
0.40133435
0.40132946
0.40132618
0.4013245
0.40132466
0.40132675
0.40133095
0.40133727
0.40134573
0.40135622
0.4013687
0.40138304
0.4013992
0.40141666
0.40143502
0.40145352
0.40147117
0.40148675
0.4014993
0.40150777
0.40151173
0.40151146
0.4015077
0.40150154
0.40149435
0.4014873
0.40148136
0.4014772
0.40147522
0.40147576
0.40147904
0.4014853
0.40149453
0.40150663
0.40152103
0.40153712
0.40155396
0.40157032
0.40158525
0.40159777
0.4016074
0.40161416
0.4016184
0.40162116
0.40162334
0.40162557
0.40162817
0.4016309
0.40163323
0.40163434
0.4016337
0.4016312
0.40162712
0.40162203
0.40161678
0.40161186
0.40160784
0.4016046
0.4016019
0.40159944
0.4015969
0.40159398
0.4015905
0.40158597
0.40157992
0.40157208
0.40156275
0.40155232
0.40154138
0.4015309
0.40152147
0.4015139
0.4015086
0.40150586
0.40150553
0.40150782
0.40151277
0.40152055
0.40153107
0.4015444
0.40156034
0.40157878
0.4015992
0.40162107
0.4016435
0.40166578
0.4016871
0.40170655
0.40172315
0.40173593
0.401744
0.40174702
0.40174487
0.401738
0.40172687
0.4017126
0.40169603
0.40167817
0.40166023
0.40164334
0.40162858
0.4016166
0.40160823
0.40160373
0.40160322
0.40160644
0.40161294
0.40162256
0.40163475
0.4016489
0.4016644
0.40168044
0.4016964
0.40171215
0.4017276
0.40174302
0.40175888
0.40177524
0.401792
0.4018082
0.40182263
0.4018337
0.40184012
0.40184087
0.40183526
0.40182304
0.40180472
0.40178084
0.4017526
0.4017212
0.40168825
0.4016552
0.4016236
0.40159467
0.4015695
0.4015487
0.40153265
0.40152124
0.4015141
0.40151086
0.40151083
0.40151334
0.40151784
0.40152374
0.40153077
0.40153882
0.40154758
0.40155685
0.4015662
0.4015752
0.4015836
0.40159103
0.40159738
0.40160272
0.40160707
0.40161058
0.40161368
0.40161678
0.40162018
0.4016238
0.40162715
0.4016297
0.40163076
0.40162998
0.40162712
0.40162215
0.40161508
0.40160578
0.40159443
0.40158153
0.40156797
0.40155464
0.40154275
0.40153286
0.40152538
0.40152058
0.40151817
0.4015179
0.40151903
0.40152064
0.40152204
0.40152258
0.4015221
0.40152073
0.40151843
0.4015157
0.4015127
0.4015102
0.4015086
0.40150845
0.40151
0.40151322
0.40151802
0.40152416
0.40153193
0.40154174
0.40155396
0.4015687
0.40158564
0.40160435
0.40162364
0.4016424
0.40165952
0.40167412
0.4016859
0.40169492
0.40170178
0.40170676
0.40171006
0.40171173
0.40171164
0.4017098
0.40170622
0.40170094
0.40169382
0.40168467
0.4016733
0.40165958
0.40164393
0.40162712
0.40160993
0.4015934
0.4015784
0.40156564
0.4015555
0.4015484
0.4015442
0.40154293
0.40154433
0.40154785
0.4015531
0.4015594
0.4015664
0.40157342
0.40157968
0.40158463
0.40158784
0.4015894
0.40158966
0.4015891
0.40158835
0.40158778
0.401588
0.4015894
0.40159246
0.40159717
0.40160352
0.40161133
0.40162012
0.40162903
0.40163702
0.401643
0.40164623
0.4016464
0.40164354
0.4016382
0.40163097
0.4016226
0.40161362
0.40160456
0.40159568
0.40158734
0.40157962
0.40157276
0.40156698
0.40156287
0.40156084
0.40156138
0.4015647
0.40157092
0.40157983
0.40159115
0.40160415
0.40161797
0.40163162
0.4016439
0.401654
0.40166152
0.40166628
0.4016686
0.4016687
0.4016667
0.40166283
0.40165743
0.4016511
0.40164456
0.4016385
0.40163344
0.40162984
0.40162787
0.4016275
0.4016286
0.40163052
0.40163216
0.40163258
0.40163067
0.40162587
0.40161812
0.40160784
0.40159592
0.40158364
0.4015725
0.4015636
0.40155804
0.40155658
0.4015599
0.4015683
0.40158197
0.4016007
0.4016243
0.40165195
0.40168276
0.40171525
0.401748
0.40177926
0.40180802
0.4018331
0.40185377
0.4018697
0.40188065
0.40188652
0.40188724
0.40188313
0.4018745
0.40186206
0.40184677
0.4018299
0.40181273
0.40179643
0.40178216
0.40177074
0.40176252
0.40175772
0.40175644
0.40175864
0.4017641
0.40177193
0.4017811
0.4017904
0.40179864
0.4018048
0.40180796
0.40180773
0.40180355
0.40179542
0.40178356
0.4017686
0.40175113
0.40173212
0.401712
0.4016913
0.40167022
0.40164906
0.401628
0.4016074
0.40158752
0.40156838
0.4015505
0.4015343
0.4015208
0.40151083
0.40150505
0.401504
0.40150788
0.40151653
0.40152964
0.4015467
0.401567
0.4015898
0.40161416
0.40163854
0.40166166
0.40168172
0.40169743
0.4017078
0.40171236
0.4017112
0.40170458
0.4016931
0.40167746
0.40165886
0.4016382
0.40161675
0.40159535
0.40157488
0.4015559
0.40153876
0.40152383
0.401511
0.40150025
0.40149158
0.40148512
0.4014808
0.40147883
0.4014793
0.4014823
0.40148786
0.40149564
0.4015055
0.40151697
0.40152982
0.40154377
0.40155897
0.40157542
0.40159348
0.40161338
0.4016353
0.40165895
0.40168405
0.40170985
0.40173542
0.40175948
0.4017808
0.4017983
0.40181127
0.40181914
0.4018216
0.4018188
0.4018111
0.40179917
0.40178397
0.4017667
0.4017486
0.40173063
0.40171373
0.4016979
0.40168303
0.40166834
0.4016534
0.4016378
0.40162137
0.40160453
0.401588
0.40157232
0.4015584
0.4015467
0.4015376
0.4015315
0.40152842
0.40152827
0.40153104
0.4015362
0.40154305
0.401551
0.4015594
0.40156743
0.4015746
0.4015806
0.401585
0.40158743
0.40158752
0.40158486
0.4015793
0.40157095
0.40156034
0.40154833
0.401536
0.4015243
0.4015141
0.40150613
0.40150055
0.4014975
0.40149698
0.40149847
0.40150136
0.40150493
0.40150854
0.40151176
0.40151486
0.40151808
0.4015218
0.40152636
0.40153217
0.40153915
0.40154728
0.40155596
0.40156445
0.40157187
0.4015776
0.40158123
0.40158287
0.401583
0.40158218
0.40158093
0.4015794
0.4015774
0.40157434
0.40156978
0.40156314
0.40155435
0.40154377
0.40153244
0.40152135
0.40151155
0.40150377
0.4014988
0.40149698
0.40149835
0.4015026
0.40150928
0.40151778
0.4015275
0.40153772
0.4015483
0.40155914
0.4015703
0.40158212
0.401595
0.4016093
0.40162498
0.4016418
0.40165895
0.40167552
0.4016904
0.40170255
0.40171105
0.40171528
0.4017153
0.40171123
0.401704
0.40169477
0.40168455
0.4016744
0.401665
0.4016569
0.40165016
0.40164453
0.40163988
0.40163594
0.40163273
0.40163
0.401628
0.4016265
0.4016258
0.4016257
0.4016261
0.40162727
0.4016295
0.40163302
0.40163803
0.40164444
0.40165204
0.40166026
0.40166867
0.40167698
0.40168506
0.40169325
0.40170187
0.40171093
0.40172032
0.40172938
0.40173736
0.40174353
0.40174738
0.40174854
0.40174702
0.40174302
0.4017369
0.40172902
0.40172
0.4017105
0.4017012
0.4016925
0.4016846
0.40167725
0.40167013
0.40166292
0.40165552
0.40164798
0.40164053
0.4016339
0.40162873
0.40162575
0.4016255
0.40162846
0.40163496
0.40164503
0.40165836
0.40167424
0.40169126
0.40170795
0.40172264
0.40173405
0.4017413
0.40174416
0.40174276
0.4017378
0.4017303
0.40172148
0.40171245
0.401704
0.40169692
0.4016914
0.40168753
0.4016855
0.40168497
0.40168536
0.4016857
0.4016849
0.401682
0.40167624
0.4016675
0.4016562
0.4016432
0.40162948
0.40161628
0.40160468
0.40159526
0.40158856
0.40158477
0.40158415
0.4015868
0.40159306
0.40160295
0.40161648
0.40163344
0.40165314
0.4016745
0.40169612
0.40171626
0.4017333
0.40174606
0.4017536
0.40175587
0.40175313
0.40174636
0.40173692
0.40172628
0.40171608
0.40170792
0.4017031
0.4017025
0.40170673
0.4017156
0.40172872
0.4017449
0.40176272
0.40178087
0.40179783
0.40181214
0.40182287
0.40182933
0.40183133
0.4018291
0.40182322
0.4018146
0.40180427
0.40179306
0.4017814
0.40176964
0.4017576
0.40174532
0.40173286
0.40172017
0.40170702
0.40169308
0.4016784
0.40166298
0.40164715
0.40163147
0.40161645
0.4016023
0.40158948
0.40157798
0.40156806
0.40156028
0.4015549
0.40155232
0.4015525
0.40155488
0.4015589
0.4015636
0.40156803
0.40157136
0.40157315
0.4015734
0.4015722
0.40157005
0.4015677
0.4015659
0.40156513
0.40156576
0.40156788
0.4015713
0.40157595
0.40158185
0.40158913
0.4015976
0.40160748
0.4016187
0.40163094
0.4016439
0.40165687
0.4016688
0.4016785
0.40168464
0.40168646
0.4016832
0.401675
0.4016622
0.401646
0.40162766
0.4016086
0.4015902
0.40157372
0.40156
0.40154964
0.40154287
0.4015395
0.40153942
0.40154228
0.40154782
0.40155566
0.40156522
0.4015763
0.40158856
0.4016015
0.4016148
0.40162832
0.40164214
0.4016565
0.40167174
0.40168753
0.40170348
0.4017187
0.4017319
0.4017418
0.40174723
0.40174752
0.40174246
0.4017324
0.40171802
0.40170053
0.4016811
0.40166092
0.40164122
0.40162298
0.40160722
0.4015948
0.40158606
0.40158123
0.40157977
0.40158102
0.401584
0.40158784
0.4015919
0.40159595
0.4016005
0.40160602
0.4016132
0.4016224
0.40163386
0.40164712
0.40166166
0.40167648
0.4016902
0.40170136
0.40170848
0.40171063
0.4017071
0.40169805
0.40168387
0.4016656
0.40164462
0.40162233
0.40159994
0.40157846
0.4015588
0.40154147
0.40152696
0.4015156
0.40150762
0.40150312
0.4015021
0.4015046
0.40151033
0.40151906
0.4015304
0.4015444
0.40156052
0.4015783
0.40159705
0.40161595
0.40163413
0.40165138
0.40166822
0.4016859
0.40170658
0.40173313
0.40176937
0.40182003
0.40189126
0.40199134
0.40213174
0.40232852
0.4026047
0.40298882
0.40352216
0.40426153
0.40528417
0.40669543
0.40863648
0.41132763
0.41499317
0.41994274
0.42664936
0.4357572
0.44787866
